ch1,ch2
1562,1632
1624,1637
1620,1676
1663,1650
1655,1717
1673,1739
1678,1703
1727,1722
1749,1715
1729,1705
1721,1731
1764,1764
1761,1723
1774,1737
1791,1711
1736,1764
1760,1769
1791,1749
1769,1734
1776,1763
1746,1733
1765,1735
1735,1699
1758,1707
1697,1694
1717,1687
1675,1681
1631,1661
1689,1632
1667,1579
1647,1585
1645,1562
1594,1526
1623,1547
1562,1520
1545,1525
1517,1500
1534,1485
1503,1506
1505,1470
1512,1459
1448,1456
1478,1492
1469,1440
1452,1445
1419,1494
1415,1452
1441,1439
1401,1455
1391,1428
1407,1462
1485,1470
1454,1494
1448,1516
1475,1493
1452,1529
1502,1534
1500,1566
1547,1526
1505,1552
1532,1591
1547,1612
1575,1617
1646,1614
1600,1608
1644,1646
1635,1639
1658,1698
1692,1716
1700,1721
1713,1734
1707,1712
1745,1804
1741,1712
1743,1796
1769,1752
1744,1747
1767,1714
1787,1741
1743,1766
1738,1744
1813,1760
1766,1737
1780,1763
1746,1698
1701,1718
1737,1733
1694,1658
1732,1680
1697,1643
1701,1617
1617,1625
1644,1607
1653,1552
1569,1577
1604,1576
1557,1540
1552,1513
1543,1512
1534,1496
1548,1498
1501,1509
1485,1469
1439,1488
1423,1497
1457,1478
1417,1441
1454,1433
1433,1408
1395,1471
1433,1465
1384,1439
1448,1461
1448,1471
1410,1458
1433,1470
1448,1477
1466,1514
1512,1558
1493,1532
1482,1522
1510,1513
1564,1594
1575,1574
1608,1594
1615,1598
1589,1622
1608,1610
1645,1642
1667,1670
1680,1684
1640,1692
1735,1711
1707,1720
1714,1715
1740,1767
1728,1739
1755,1768
1746,1765
1752,1730
1783,1775
1777,1738
1784,1789
1773,1738
1756,1746
1713,1737
1784,1758
1734,1728
1732,1737
1746,1672
1747,1701
1716,1680
1708,1671
1669,1623
1665,1633
1630,1576
1610,1583
1606,1600
1577,1585
1547,1561
1553,1498
1526,1536
1528,1520
1507,1474
1506,1475
1500,1447
1467,1456
1496,1450
1435,1468
1381,1449
1456,1447
1456,1415
1449,1439
1407,1429
1451,1454
1388,1431
1389,1435
1451,1415
1432,1455
1431,1452
1462,1494
1521,1486
1459,1508
1530,1544
1509,1556
1523,1573
1559,1607
1533,1603
1564,1634
1580,1650
1606,1669
1630,1675
1646,1665
1698,1690
1682,1708
1709,1688
1728,1736
1710,1736
1762,1753
1764,1787
1798,1773
1796,1740
1759,1789
1757,1749
1772,1780
1737,1739
1753,1754
1802,1729
1761,1727
1782,1730
1752,1720
1779,1703
1745,1689
1721,1705
1692,1652
1685,1647
1680,1662
1719,1617
1637,1611
1642,1574
1580,1573
1554,1563
1559,1528
1538,1524
1533,1515
1482,1482
1486,1453
1531,1480
1466,1493
1439,1440
1419,1421
1424,1419
1374,1411
1438,1428
1415,1420
1464,1429
1403,1442
1421,1430
1389,1459
1414,1479
1466,1477
1465,1486
1448,1480
1461,1493
1477,1522
1498,1539
1526,1546
1524,1588
1527,1567
1544,1580
1568,1652
1563,1646
1630,1657
1623,1647
1651,1712
1664,1699
1721,1688
1701,1668
1715,1719
1733,1713
1725,1753
1745,1761
1735,1739
1778,1733
1759,1791
1799,1751
1812,1729
1805,1773
1780,1755
1782,1770
1778,1758
1806,1742
1728,1750
1754,1719
1740,1694
1754,1683
1741,1671
1708,1647
1704,1658
1639,1614
1640,1618
1634,1574
1614,1545
1621,1569
1525,1505
1550,1509
1537,1541
1524,1507
1524,1467
1472,1464
1484,1435
1462,1459
1454,1441
1411,1433
1435,1457
1469,1474
1417,1430
1394,1435
1477,1412
1454,1436
1463,1444
1417,1467
1421,1487
1463,1466
1474,1475
1469,1504
1501,1532
1468,1532
1484,1533
1536,1557
1507,1563
1588,1555
1563,1601
1592,1628
1618,1634
1628,1637
1671,1684
1659,1664
1659,1688
1713,1706
1739,1731
1725,1753
1721,1753
1775,1761
1790,1752
1771,1768
1762,1769
1738,1724
1751,1773
1773,1780
1850,1725
1779,1744
1782,1731
1747,1727
1767,1746
1745,1701
1765,1711
1710,1690
1728,1704
1726,1683
1679,1634
1649,1659
1646,1642
1620,1545
1581,1584
1591,1543
1592,1533
1531,1533
1525,1502
1553,1508
1507,1467
1507,1453
1472,1488
1446,1463
1424,1433
1449,1462
1406,1462
1423,1380
1400,1430
1436,1444
1430,1437
1444,1441
1407,1450
1407,1483
1445,1448
1463,1481
1423,1467
1456,1487
1471,1497
1489,1551
1460,1524
1534,1582
1549,1575
1562,1586
1561,1627
1595,1614
1552,1676
1642,1648
1665,1662
1709,1714
1668,1688
1701,1709
1735,1735
1751,1745
1781,1773
1773,1736
1777,1764
1782,1780
1732,1748
1771,1736
1839,1731
1790,1791
1813,1754
1776,1768
1793,1731
1784,1740
1759,1736
1779,1677
1736,1694
1712,1687
1735,1693
1710,1609
1677,1654
1657,1589
1639,1616
1611,1587
1611,1585
1607,1529
1561,1575
1532,1527
1574,1499
1500,1518
1513,1477
1496,1516
1487,1464
1455,1435
1418,1474
1408,1432
1414,1465
1409,1444
1448,1420
1382,1407
1434,1456
1381,1456
1393,1430
1379,1458
1426,1491
1442,1474
1479,1469
1465,1488
1443,1518
1505,1561
1512,1521
1531,1581
1527,1593
1589,1580
1583,1594
1605,1646
1607,1672
1642,1647
1637,1656
1667,1712
1704,1711
1688,1721
1743,1742
1711,1717
1784,1774
1804,1757
1788,1764
1751,1756
1750,1810
1796,1746
1781,1764
1806,1758
1781,1749
1771,1769
1736,1753
1792,1709
1763,1712
1773,1713
1734,1739
1741,1699
1724,1680
1682,1645
1689,1644
1655,1639
1653,1613
1629,1589
1560,1560
1655,1538
1611,1487
1548,1537
1515,1469
1503,1500
1486,1487
1466,1469
1473,1443
1441,1433
1439,1433
1421,1442
1376,1414
1426,1418
1420,1419
1371,1449
1418,1401
1400,1428
1449,1412
1411,1471
1415,1483
1420,1465
1487,1471
1424,1522
1428,1514
1509,1506
1499,1530
1540,1561
1551,1581
1570,1624
1564,1637
1623,1636
1586,1645
1637,1672
1636,1710
1665,1694
1687,1699
1759,1702
1744,1707
1750,1755
1745,1783
1767,1792
1773,1752
1722,1784
1782,1800
1766,1778
1751,1770
1807,1789
1818,1750
1762,1729
1786,1742
1753,1755
1746,1714
1719,1712
1696,1699
1739,1694
1719,1667
1716,1623
1694,1603
1667,1603
1611,1591
1580,1598
1568,1548
1547,1502
1568,1494
1576,1519
1496,1488
1479,1443
1488,1499
1470,1479
1447,1446
1431,1450
1430,1432
1397,1424
1415,1402
1421,1445
1395,1408
1433,1426
1393,1418
1449,1467
1427,1451
1412,1459
1425,1456
1449,1487
1491,1511
1479,1509
1477,1535
1496,1518
1500,1530
1562,1538
1554,1596
1567,1638
1633,1653
1658,1675
1615,1668
1654,1668
1659,1731
1702,1689
1695,1698
1700,1739
1747,1739
1775,1760
1748,1772
1778,1765
1775,1775
1786,1784
1772,1769
1796,1782
1803,1796
1791,1784
1771,1720
1749,1738
1805,1765
1756,1720
1764,1763
1742,1718
1729,1711
1774,1680
1638,1660
1703,1606
1676,1613
1578,1586
1633,1576
1582,1560
1614,1546
1561,1525
1548,1543
1530,1502
1517,1497
1451,1455
1464,1433
1458,1406
1434,1428
1453,1452
1421,1456
1416,1412
1419,1413
1418,1414
1402,1462
1394,1436
1464,1423
1405,1484
1390,1435
1409,1467
1429,1504
1451,1514
1448,1482
1467,1506
1480,1532
1547,1573
1562,1557
1529,1590
1579,1590
1605,1578
1603,1638
1662,1659
1651,1674
1661,1719
1679,1725
1686,1714
1720,1732
1737,1731
1749,1740
1746,1760
1770,1765
1818,1757
1764,1781
1817,1780
1821,1760
1819,1794
1808,1811
1777,1781
1800,1766
1752,1755
1812,1800
1792,1698
1734,1698
1762,1684
1704,1654
1694,1679
1658,1656
1667,1617
1615,1621
1653,1582
1609,1545
1575,1550
1568,1541
1514,1530
1509,1547
1481,1496
1514,1457
1493,1466
1466,1462
1479,1446
1442,1471
1465,1388
1401,1405
1404,1444
1422,1417
1356,1419
1413,1417
1389,1421
1413,1435
1408,1437
1403,1439
1400,1468
1447,1483
1458,1480
1431,1519
1471,1481
1488,1543
1531,1528
1537,1544
1563,1585
1599,1624
1636,1615
1583,1647
1649,1681
1666,1679
1701,1677
1662,1741
1669,1746
1699,1761
1737,1759
1760,1767
1777,1798
1759,1820
1830,1780
1762,1747
1803,1812
1806,1777
1815,1758
1797,1787
1813,1756
1795,1759
1792,1781
1768,1704
1756,1697
1761,1684
1688,1671
1742,1654
1651,1594
1689,1641
1586,1579
1629,1605
1605,1595
1615,1579
1584,1539
1551,1516
1525,1490
1502,1477
1469,1470
1466,1465
1477,1422
1448,1447
1433,1409
1419,1423
1441,1448
1374,1418
1396,1442
1441,1411
1404,1393
1405,1432
1378,1445
1418,1447
1426,1463
1378,1457
1417,1486
1428,1509
1495,1505
1514,1563
1519,1510
1513,1569
1516,1551
1594,1575
1542,1613
1602,1650
1601,1657
1635,1672
1693,1644
1648,1709
1711,1681
1682,1759
1747,1718
1744,1720
1763,1784
1788,1799
1796,1771
1770,1801
1788,1776
1784,1775
1797,1797
1802,1770
1789,1790
1771,1743
1785,1743
1777,1738
1751,1702
1787,1706
1738,1701
1731,1680
1701,1675
1691,1644
1648,1639
1636,1603
1577,1573
1609,1554
1586,1552
1570,1550
1526,1542
1512,1501
1499,1474
1498,1475
1484,1484
1473,1426
1405,1472
1465,1461
1407,1436
1427,1432
1420,1423
1428,1395
1447,1376
1400,1451
1367,1459
1395,1439
1391,1455
1440,1473
1450,1476
1470,1488
1475,1473
1437,1500
1475,1537
1543,1564
1533,1588
1541,1573
1579,1579
1551,1594
1559,1628
1656,1643
1633,1638
1659,1681
1682,1712
1711,1755
1729,1730
1740,1770
1713,1788
1753,1771
1768,1759
1781,1788
1756,1791
1795,1747
1786,1786
1822,1811
1786,1748
1801,1763
1829,1775
1773,1729
1748,1745
1795,1702
1704,1699
1741,1728
1714,1702
1721,1658
1674,1611
1671,1604
1631,1639
1610,1612
1659,1563
1610,1555
1612,1523
1548,1521
1496,1518
1526,1520
1499,1463
1475,1468
1475,1434
1445,1431
1411,1432
1437,1457
1387,1384
1374,1443
1463,1421
1403,1422
1372,1437
1411,1381
1393,1432
1430,1434
1415,1460
1382,1466
1445,1488
1473,1521
1443,1517
1469,1573
1518,1579
1501,1547
1541,1564
1574,1612
1569,1600
1644,1645
1619,1643
1660,1655
1665,1707
1647,1743
1687,1683
1744,1723
1721,1725
1722,1770
1754,1782
1765,1748
1765,1784
1827,1789
1777,1749
1831,1764
1806,1792
1798,1761
1749,1761
1802,1766
1788,1753
1797,1710
1786,1725
1719,1725
1741,1719
1683,1667
1690,1650
1650,1679
1692,1637
1633,1601
1588,1582
1620,1567
1595,1537
1565,1518
1558,1508
1519,1526
1505,1490
1465,1431
1444,1434
1415,1450
1427,1463
1430,1454
1425,1443
1360,1425
1426,1419
1390,1411
1394,1406
1396,1428
1374,1443
1403,1449
1399,1428
1433,1478
1377,1469
1447,1509
1475,1511
1506,1532
1504,1573
1543,1585
1550,1575
1533,1614
1584,1636
1587,1621
1629,1638
1677,1677
1635,1701
1696,1702
1632,1694
1750,1749
1725,1726
1740,1760
1696,1753
1762,1763
1832,1772
1772,1790
1772,1753
1820,1782
1824,1782
1767,1783
1783,1763
1836,1784
1779,1779
1764,1745
1756,1755
1780,1734
1745,1716
1752,1708
1732,1686
1718,1643
1659,1632
1656,1599
1622,1580
1624,1560
1589,1566
1573,1504
1570,1493
1571,1529
1482,1523
1496,1511
1482,1451
1480,1420
1471,1455
1427,1409
1438,1414
1406,1389
1445,1425
1432,1412
1418,1412
1399,1405
1411,1398
1409,1453
1402,1445
1409,1455
1426,1451
1394,1482
1449,1444
1477,1522
1512,1516
1533,1534
1528,1533
1492,1544
1548,1585
1563,1603
1622,1614
1607,1678
1658,1710
1638,1700
1677,1699
1716,1720
1665,1745
1738,1733
1739,1734
1738,1757
1787,1791
1722,1768
1784,1761
1835,1810
1789,1782
1771,1761
1834,1758
1790,1767
1826,1744
1770,1732
1753,1720
1783,1702
1760,1698
1730,1684
1729,1729
1692,1667
1685,1682
1687,1650
1651,1572
1615,1624
1578,1586
1602,1583
1540,1571
1548,1497
1560,1478
1484,1488
1534,1479
1469,1460
1476,1467
1453,1447
1392,1455
1463,1420
1380,1413
1412,1412
1411,1406
1364,1388
1393,1422
1380,1441
1449,1453
1371,1462
1421,1468
1438,1461
1446,1500
1489,1480
1477,1509
1543,1523
1524,1526
1503,1537
1520,1588
1547,1609
1582,1616
1598,1620
1624,1623
1637,1684
1645,1725
1676,1714
1728,1711
1733,1761
1729,1742
1749,1745
1778,1793
1761,1754
1777,1769
1777,1805
1791,1771
1833,1767
1852,1785
1840,1748
1798,1763
1811,1732
1767,1735
1776,1763
1718,1712
1758,1730
1737,1674
1735,1700
1722,1664
1687,1634
1659,1612
1664,1565
1630,1588
1651,1590
1583,1530
1555,1531
1514,1493
1524,1506
1544,1501
1500,1466
1458,1481
1459,1432
1451,1433
1445,1459
1448,1378
1422,1416
1418,1410
1434,1423
1452,1427
1413,1412
1432,1443
1434,1460
1407,1432
1434,1459
1444,1496
1459,1494
1455,1506
1499,1506
1505,1513
1497,1547
1570,1607
1558,1590
1570,1647
1544,1620
1599,1636
1654,1651
1650,1643
1676,1700
1687,1710
1663,1734
1759,1744
1750,1757
1767,1753
1786,1772
1774,1784
1828,1780
1751,1757
1778,1771
1776,1804
1773,1762
1799,1757
1821,1750
1792,1758
1751,1747
1766,1741
1732,1719
1721,1704
1730,1640
1703,1627
1687,1645
1694,1651
1604,1596
1613,1648
1627,1604
1523,1563
1599,1552
1558,1508
1513,1486
1557,1517
1516,1481
1479,1459
1460,1471
1451,1402
1427,1470
1445,1437
1461,1441
1415,1441
1407,1429
1452,1439
1404,1427
1394,1468
1415,1457
1403,1445
1376,1455
1413,1493
1419,1473
1431,1483
1476,1539
1485,1542
1483,1581
1509,1570
1565,1614
1617,1622
1545,1605
1582,1623
1614,1681
1694,1658
1660,1682
1642,1727
1740,1674
1697,1717
1747,1734
1693,1744
1781,1749
1774,1744
1752,1737
1788,1770
1718,1759
1793,1806
1809,1776
1781,1712
1811,1764
1799,1724
1761,1734
1719,1744
1794,1720
1749,1693
1694,1689
1724,1655
1709,1648
1693,1653
1715,1621
1620,1569
1629,1599
1616,1577
1578,1522
1586,1530
1566,1547
1521,1525
1522,1490
1550,1453
1495,1468
1483,1484
1453,1421
1465,1431
1413,1430
1441,1441
1421,1435
1419,1427
1427,1420
1406,1404
1398,1443
1423,1437
1421,1456
1410,1434
1416,1492
1455,1472
1479,1531
1472,1521
1497,1535
1510,1561
1521,1560
1545,1593
1571,1610
1621,1619
1598,1639
1622,1645
1643,1691
1674,1691
1681,1714
1689,1658
1678,1727
1730,1709
1699,1765
1752,1751
1769,1757
1726,1746
1770,1759
1802,1759
1816,1779
1766,1789
1787,1756
1804,1747
1793,1744
1752,1754
1788,1742
1769,1685
1765,1659
1736,1697
1708,1676
1724,1670
1659,1609
1628,1624
1652,1594
1631,1553
1625,1583
1599,1536
1534,1543
1542,1565
1522,1496
1500,1455
1521,1507
1488,1424
1475,1467
1450,1464
1436,1457
1454,1454
1431,1412
1414,1453
1400,1446
1383,1435
1423,1438
1440,1456
1411,1456
1435,1457
1430,1484
1454,1478
1469,1526
1452,1518
1503,1515
1488,1500
1507,1534
1506,1570
1556,1591
1582,1600
1577,1643
1585,1669
1645,1645
1655,1718
1645,1650
1729,1711
1683,1719
1714,1725
1739,1741
1759,1751
1730,1751
1774,1754
1789,1752
1767,1789
1784,1742
1733,1781
1764,1723
1780,1766
1757,1720
1787,1714
1762,1784
1744,1703
1757,1742
1769,1731
1682,1700
1778,1661
1625,1674
1667,1650
1639,1611
1687,1592
1613,1617
1586,1565
1580,1585
1579,1582
1508,1518
1523,1518
1515,1475
1495,1508
1457,1511
1505,1480
1470,1426
1453,1455
1382,1446
1434,1423
1453,1429
1439,1451
1437,1427
1416,1444
1451,1459
1425,1471
1461,1469
1478,1479
1441,1466
1465,1495
1442,1493
1479,1516
1533,1539
1574,1570
1535,1567
1586,1588
1555,1589
1578,1646
1604,1642
1646,1634
1619,1649
1688,1673
1655,1683
1691,1704
1715,1721
1703,1733
1735,1722
1777,1742
1798,1739
1759,1745
1810,1779
1772,1797
1789,1749
1758,1778
1807,1739
1791,1795
1756,1723
1761,1720
1780,1722
1778,1711
1719,1693
1703,1684
1707,1656
1725,1619
1627,1647
1698,1602
1651,1644
1623,1563
1579,1549
1591,1572
1537,1529
1542,1529
1577,1506
1534,1484
1478,1476
1485,1501
1447,1452
1405,1415
1419,1449
1471,1443
1441,1448
1438,1443
1413,1394
1420,1392
1407,1488
1410,1479
1430,1492
1428,1495
1447,1487
1401,1494
1465,1513
1462,1507
1522,1542
1528,1536
1533,1557
1568,1584
1580,1606
1589,1624
1576,1635
1572,1651
1626,1669
1674,1671
1677,1679
1647,1715
1675,1723
1694,1742
1734,1739
1697,1738
1741,1744
1758,1752
1805,1756
1762,1759
1725,1786
1759,1766
1781,1767
1762,1768
1752,1752
1779,1743
1774,1732
1713,1717
1741,1720
1789,1700
1697,1682
1690,1649
1668,1655
1632,1624
1676,1618
1615,1605
1624,1606
1598,1565
1563,1538
1557,1509
1542,1544
1516,1518
1495,1521
1513,1484
1511,1467
1457,1491
1466,1443
1486,1436
1469,1425
1409,1406
1441,1446
1426,1412
1423,1442
1412,1422
1395,1473
1423,1451
1461,1461
1466,1470
1449,1503
1431,1524
1456,1502
1499,1526
1511,1551
1511,1560
1525,1588
1587,1630
1604,1615
1588,1625
1616,1607
1624,1654
1631,1633
1640,1659
1686,1717
1697,1712
1711,1742
1706,1739
1699,1733
1735,1751
1771,1777
1760,1747
1787,1754
1773,1738
1781,1758
1793,1743
1813,1768
1776,1736
1786,1718
1774,1723
1764,1692
1752,1729
1728,1703
1715,1682
1688,1643
1658,1659
1650,1648
1642,1587
1669,1603
1642,1587
1596,1561
1592,1568
1525,1558
1513,1538
1536,1511
1516,1507
1506,1478
1494,1474
1454,1448
1421,1484
1457,1438
1416,1455
1447,1418
1413,1412
1431,1457
1454,1450
1455,1434
1399,1437
1441,1447
1424,1483
1417,1502
1444,1485
1479,1494
1488,1530
1474,1540
1465,1535
1517,1548
1548,1588
1557,1586
1568,1612
1592,1618
1608,1610
1632,1646
1643,1657
1655,1680
1676,1722
1685,1719
1709,1711
1716,1739
1755,1731
1697,1745
1760,1782
1768,1746
1791,1747
1763,1744
1781,1721
1782,1767
1760,1791
1774,1755
1760,1715
1746,1741
1790,1705
1724,1686
1731,1711
1683,1685
1693,1631
1684,1650
1644,1650
1683,1631
1632,1589
1633,1596
1605,1578
1595,1566
1578,1511
1568,1543
1543,1521
1541,1482
1508,1490
1502,1505
1487,1471
1433,1446
1497,1434
1407,1459
1466,1460
1401,1493
1423,1483
1427,1435
1421,1456
1460,1432
1482,1475
1460,1468
1429,1448
1470,1443
1435,1463
1511,1535
1480,1535
1530,1515
1499,1553
1525,1570
1530,1579
1590,1581
1584,1666
1555,1627
1612,1656
1645,1674
1665,1677
1683,1671
1666,1699
1679,1699
1709,1738
1731,1714
1770,1734
1728,1759
1736,1738
1791,1761
1779,1774
1764,1734
1776,1761
1776,1713
1761,1744
1755,1727
1746,1706
1742,1748
1731,1709
1728,1684
1708,1716
1689,1695
1677,1662
1704,1619
1639,1653
1636,1621
1632,1597
1614,1598
1590,1544
1592,1553
1573,1550
1541,1514
1551,1494
1498,1464
1541,1456
1495,1469
1466,1439
1473,1460
1433,1464
1492,1480
1461,1471
1443,1466
1444,1447
1493,1472
1410,1487
1444,1458
1463,1480
1477,1479
1440,1483
1481,1513
1477,1494
1494,1533
1530,1517
1559,1570
1520,1574
1506,1551
1552,1624
1584,1636
1599,1640
1601,1644
1626,1635
1654,1707
1619,1647
1670,1727
1696,1686
1724,1724
1692,1729
1657,1749
1744,1730
1737,1752
1754,1754
1754,1743
1774,1739
1764,1765
1756,1731
1762,1739
1771,1743
1744,1730
1726,1728
1735,1681
1751,1702
1728,1709
1711,1706
1685,1664
1661,1653
1697,1627
1640,1638
1650,1635
1579,1593
1607,1591
1593,1550
1589,1538
1550,1537
1547,1531
1488,1480
1531,1526
1529,1480
1513,1486
1471,1494
1479,1437
1453,1462
1486,1492
1436,1500
1439,1433
1439,1416
1427,1421
1437,1452
1445,1461
1405,1463
1418,1506
1462,1492
1483,1494
1437,1520
1525,1511
1481,1532
1522,1545
1570,1572
1548,1581
1556,1592
1583,1570
1606,1646
1631,1665
1635,1664
1626,1687
1644,1683
1637,1668
1686,1667
1698,1707
1698,1719
1703,1749
1733,1709
1726,1698
1731,1734
1748,1738
1760,1734
1775,1751
1767,1780
1782,1739
1778,1730
1766,1757
1740,1683
1727,1705
1762,1729
1727,1720
1742,1669
1671,1652
1673,1649
1685,1655
1662,1631
1617,1587
1627,1597
1606,1570
1593,1566
1566,1565
1533,1497
1546,1531
1543,1481
1526,1501
1483,1491
1437,1440
1449,1487
1487,1475
1487,1452
1460,1440
1443,1455
1453,1468
1484,1462
1485,1461
1446,1480
1403,1469
1449,1438
1458,1480
1448,1489
1491,1506
1465,1539
1518,1522
1488,1556
1525,1512
1553,1541
1569,1590
1583,1553
1596,1616
1559,1643
1590,1608
1615,1624
1614,1699
1714,1678
1705,1669
1693,1709
1708,1721
1698,1678
1726,1768
1658,1752
1775,1733
1764,1708
1771,1732
1780,1722
1762,1736
1780,1722
1753,1715
1761,1693
1750,1699
1727,1723
1742,1706
1715,1729
1750,1689
1687,1664
1678,1667
1724,1660
1697,1637
1630,1613
1650,1590
1636,1583
1592,1579
1580,1574
1570,1545
1576,1548
1539,1519
1489,1546
1551,1494
1535,1476
1495,1524
1457,1491
1450,1484
1498,1466
1479,1440
1510,1460
1432,1471
1452,1447
1428,1439
1461,1492
1458,1446
1406,1486
1493,1489
1467,1525
1448,1497
1513,1529
1494,1521
1481,1557
1497,1535
1523,1549
1550,1560
1547,1600
1601,1572
1602,1630
1583,1613
1576,1632
1614,1676
1636,1683
1691,1689
1670,1673
1707,1717
1693,1744
1745,1699
1742,1719
1722,1765
1744,1748
1714,1768
1731,1742
1732,1774
1717,1724
1697,1741
1733,1738
1779,1702
1724,1680
1737,1693
1725,1678
1740,1692
1707,1682
1706,1675
1692,1669
1676,1608
1652,1616
1662,1595
1622,1617
1596,1531
1607,1570
1619,1553
1553,1512
1584,1537
1520,1495
1488,1518
1489,1503
1510,1479
1507,1467
1487,1488
1435,1464
1486,1482
1468,1468
1431,1470
1444,1438
1441,1458
1423,1461
1452,1467
1442,1486
1471,1482
1473,1496
1491,1504
1478,1516
1482,1515
1479,1514
1518,1549
1529,1589
1524,1549
1550,1610
1577,1596
1571,1624
1620,1640
1597,1649
1624,1668
1665,1714
1658,1694
1642,1707
1726,1694
1678,1657
1702,1699
1693,1707
1731,1729
1724,1743
1743,1714
1744,1716
1751,1742
1741,1720
1769,1720
1724,1716
1748,1725
1742,1717
1730,1696
1729,1723
1724,1684
1696,1683
1705,1708
1731,1650
1692,1663
1640,1617
1622,1626
1611,1613
1618,1598
1605,1580
1613,1577
1587,1548
1570,1550
1569,1556
1538,1550
1500,1502
1497,1495
1457,1483
1451,1484
1431,1500
1507,1460
1438,1510
1466,1480
1416,1491
1442,1413
1459,1487
1446,1442
1452,1469
1490,1483
1431,1510
1451,1505
1511,1537
1513,1494
1480,1538
1506,1534
1534,1535
1556,1579
1528,1581
1548,1595
1597,1628
1584,1619
1572,1625
1663,1619
1625,1688
1622,1685
1682,1639
1617,1691
1661,1713
1689,1676
1702,1694
1686,1704
1718,1720
1746,1734
1756,1753
1720,1757
1747,1738
1777,1749
1726,1760
1741,1729
1734,1719
1751,1754
1718,1719
1740,1690
1684,1693
1706,1686
1703,1682
1704,1662
1660,1630
1692,1606
1644,1600
1642,1599
1608,1576
1616,1556
1558,1567
1583,1529
1556,1528
1559,1528
1519,1520
1502,1539
1501,1493
1493,1466
1470,1486
1513,1455
1491,1422
1495,1482
1452,1454
1499,1478
1516,1475
1399,1438
1449,1464
1469,1450
1462,1474
1455,1502
1444,1492
1454,1513
1485,1484
1513,1518
1521,1532
1493,1535
1548,1561
1526,1538
1543,1590
1610,1557
1577,1612
1589,1634
1647,1643
1605,1685
1666,1626
1655,1704
1672,1703
1621,1691
1700,1700
1736,1680
1720,1732
1716,1742
1707,1734
1734,1740
1727,1720
1762,1719
1753,1725
1749,1726
1769,1711
1749,1718
1727,1734
1715,1689
1730,1688
1742,1680
1707,1676
1708,1692
1692,1660
1716,1653
1707,1654
1646,1572
1612,1594
1634,1626
1662,1605
1620,1559
1559,1549
1567,1555
1567,1519
1528,1533
1525,1531
1532,1518
1557,1465
1512,1526
1493,1501
1461,1435
1453,1484
1448,1501
1470,1477
1447,1463
1418,1465
1438,1459
1450,1484
1447,1451
1483,1516
1456,1524
1505,1476
1506,1516
1471,1510
1519,1535
1523,1551
1503,1563
1539,1568
1528,1572
1526,1586
1589,1584
1591,1596
1621,1628
1561,1608
1635,1633
1629,1640
1663,1659
1672,1687
1683,1696
1705,1699
1706,1723
1748,1674
1733,1714
1724,1697
1735,1727
1790,1726
1702,1759
1736,1768
1740,1741
1765,1718
1748,1722
1770,1738
1702,1686
1775,1678
1697,1679
1731,1670
1692,1671
1648,1660
1680,1646
1629,1672
1654,1640
1650,1616
1629,1568
1567,1559
1584,1534
1587,1552
1582,1523
1565,1531
1541,1532
1556,1544
1539,1531
1529,1510
1494,1503
1477,1485
1405,1511
1494,1462
1460,1491
1455,1428
1485,1483
1464,1472
1460,1486
1447,1479
1434,1491
1491,1493
1459,1499
1482,1498
1483,1537
1513,1532
1524,1527
1499,1542
1508,1512
1529,1521
1508,1575
1540,1558
1545,1639
1606,1627
1614,1630
1588,1652
1625,1642
1627,1677
1660,1698
1674,1669
1671,1707
1712,1696
1716,1678
1753,1708
1756,1714
1744,1732
1748,1720
1732,1744
1733,1746
1746,1743
1717,1752
1756,1735
1769,1685
1727,1738
1710,1733
1670,1701
1723,1666
1676,1653
1699,1680
1670,1663
1668,1667
1640,1639
1634,1602
1625,1604
1641,1582
1633,1551
1588,1542
1590,1543
1570,1555
1558,1549
1512,1546
1514,1533
1503,1529
1505,1509
1491,1491
1482,1520
1448,1490
1480,1508
1483,1453
1460,1463
1481,1504
1456,1490
1475,1474
1466,1474
1474,1496
1483,1483
1454,1533
1488,1527
1440,1506
1465,1544
1504,1546
1478,1550
1526,1544
1519,1581
1552,1615
1555,1594
1571,1604
1565,1629
1599,1616
1617,1620
1641,1647
1632,1650
1673,1661
1640,1660
1681,1693
1730,1705
1684,1712
1715,1717
1739,1737
1715,1723
1725,1719
1697,1762
1700,1707
1738,1739
1762,1730
1805,1737
1773,1740
1754,1679
1737,1689
1685,1694
1697,1717
1692,1684
1698,1647
1690,1638
1677,1653
1676,1660
1675,1633
1647,1606
1681,1609
1605,1578
1624,1613
1637,1560
1602,1589
1559,1562
1553,1539
1518,1507
1549,1526
1519,1505
1509,1503
1490,1537
1447,1488
1448,1484
1468,1468
1469,1457
1457,1513
1457,1493
1422,1477
1461,1486
1469,1473
1478,1464
1490,1503
1453,1514
1517,1499
1475,1505
1482,1505
1522,1545
1538,1541
1532,1553
1563,1597
1590,1574
1605,1591
1547,1589
1592,1603
1613,1604
1582,1651
1644,1648
1647,1691
1661,1686
1658,1688
1647,1662
1688,1670
1740,1723
1733,1723
1681,1708
1713,1702
1744,1728
1766,1737
1735,1768
1746,1720
1752,1710
1759,1725
1728,1678
1732,1688
1683,1707
1685,1704
1740,1686
1704,1687
1731,1717
1697,1641
1645,1670
1666,1657
1659,1612
1625,1602
1666,1572
1590,1611
1602,1605
1581,1567
1595,1548
1588,1568
1550,1534
1545,1556
1540,1506
1543,1487
1496,1489
1462,1454
1494,1496
1513,1466
1473,1471
1474,1458
1501,1455
1461,1475
1463,1408
1470,1444
1446,1496
1462,1490
1500,1486
1481,1507
1478,1525
1530,1490
1474,1527
1495,1505
1496,1573
1557,1557
1560,1550
1551,1606
1604,1606
1541,1651
1585,1642
1606,1592
1620,1637
1653,1656
1641,1661
1649,1643
1720,1719
1689,1693
1672,1693
1722,1692
1691,1698
1744,1683
1729,1731
1746,1692
1698,1749
1759,1726
1743,1736
1747,1751
1731,1693
1684,1706
1747,1726
1737,1712
1736,1703
1747,1695
1699,1705
1706,1715
1700,1655
1691,1628
1663,1634
1654,1624
1672,1596
1630,1619
1627,1576
1573,1561
1588,1563
1584,1547
1578,1530
1530,1536
1526,1538
1526,1549
1515,1515
1552,1512
1519,1520
1490,1535
1471,1479
1491,1437
1518,1478
1457,1499
1472,1454
1470,1494
1503,1466
1458,1502
1477,1469
1430,1469
1457,1474
1522,1485
1464,1508
1516,1550
1453,1484
1484,1557
1527,1508
1530,1588
1538,1591
1551,1621
1567,1612
1608,1581
1621,1646
1592,1627
1615,1652
1616,1656
1672,1650
1650,1652
1651,1717
1692,1638
1691,1686
1689,1715
1745,1720
1730,1740
1738,1705
1658,1706
1757,1669
1718,1707
1768,1709
1737,1734
1721,1730
1751,1705
1712,1697
1741,1677
1699,1712
1702,1686
1700,1715
1687,1659
1681,1647
1672,1684
1611,1662
1647,1649
1653,1668
1569,1613
1624,1561
1616,1544
1586,1601
1590,1533
1564,1522
1528,1515
1546,1512
1508,1515
1538,1469
1440,1512
1502,1463
1495,1477
1525,1477
1473,1493
1460,1488
1477,1467
1491,1496
1478,1485
1440,1527
1438,1486
1503,1499
1454,1478
1473,1501
1472,1493
1489,1539
1479,1504
1525,1522
1494,1533
1528,1539
1589,1530
1595,1597
1551,1539
1575,1623
1613,1599
1584,1645
1637,1662
1643,1670
1649,1632
1669,1651
1701,1651
1673,1687
1728,1686
1663,1661
1679,1703
1724,1733
1702,1723
1727,1716
1724,1706
1704,1723
1726,1709
1734,1717
1706,1727
1770,1730
1755,1681
1771,1676
1764,1695
1739,1658
1742,1654
1701,1694
1699,1656
1715,1626
1688,1675
1621,1639
1661,1610
1640,1607
1656,1602
1595,1621
1637,1589
1595,1585
1569,1542
1569,1533
1530,1520
1541,1500
1552,1511
1537,1513
1477,1523
1482,1481
1455,1503
1498,1480
1459,1461
1465,1433
1444,1498
1413,1449
1458,1477
1430,1489
1455,1495
1482,1485
1471,1500
1454,1518
1494,1483
1480,1501
1464,1511
1459,1521
1467,1570
1534,1535
1518,1579
1522,1571
1558,1626
1531,1602
1544,1624
1600,1619
1612,1668
1613,1663
1626,1659
1683,1685
1668,1701
1643,1684
1689,1697
1701,1720
1730,1710
1675,1721
1698,1708
1743,1743
1732,1755
1760,1747
1725,1742
1747,1723
1736,1717
1742,1753
1751,1692
1760,1734
1739,1679
1710,1717
1705,1700
1695,1716
1659,1688
1691,1702
1725,1639
1658,1623
1663,1634
1656,1623
1645,1581
1667,1586
1607,1610
1604,1540
1608,1539
1546,1538
1565,1556
1533,1535
1494,1510
1530,1527
1499,1506
1536,1528
1476,1473
1492,1475
1470,1448
1501,1451
1451,1474
1472,1424
1433,1448
1474,1472
1470,1488
1454,1469
1473,1502
1428,1497
1471,1488
1465,1482
1476,1492
1489,1515
1517,1555
1547,1561
1517,1557
1522,1558
1556,1566
1576,1570
1564,1571
1596,1671
1585,1628
1634,1636
1640,1644
1650,1652
1592,1689
1623,1662
1670,1661
1641,1707
1693,1688
1725,1718
1688,1723
1742,1733
1694,1762
1713,1709
1717,1753
1723,1730
1740,1704
1749,1733
1737,1697
1752,1729
1744,1706
1692,1734
1735,1694
1760,1711
1713,1661
1715,1657
1680,1663
1690,1664
1662,1655
1666,1619
1642,1627
1631,1629
1605,1599
1607,1592
1589,1551
1593,1549
1570,1555
1540,1561
1521,1516
1507,1521
1538,1543
1501,1503
1447,1530
1502,1456
1464,1459
1452,1500
1474,1440
1422,1471
1468,1471
1464,1495
1485,1475
1502,1483
1470,1474
1467,1476
1510,1515
1479,1481
1466,1489
1429,1489
1506,1526
1527,1502
1500,1530
1492,1569
1513,1543
1594,1567
1566,1563
1561,1584
1593,1607
1574,1618
1630,1623
1594,1625
1616,1653
1671,1666
1700,1651
1665,1683
1714,1652
1678,1717
1703,1691
1725,1672
1692,1696
1757,1744
1704,1763
1746,1719
1753,1760
1721,1742
1763,1773
1754,1709
1737,1719
1758,1721
1731,1689
1739,1736
1747,1688
1708,1656
1716,1695
1689,1673
1706,1677
1674,1656
1693,1660
1699,1623
1627,1657
1624,1609
1583,1575
1585,1583
1609,1595
1605,1521
1558,1533
1548,1550
1567,1519
1510,1503
1516,1500
1489,1512
1491,1470
1491,1525
1488,1489
1475,1473
1464,1467
1445,1450
1444,1452
1422,1459
1403,1491
1459,1494
1444,1463
1484,1500
1481,1521
1441,1463
1451,1457
1471,1545
1514,1487
1478,1548
1519,1560
1527,1569
1547,1552
1547,1584
1553,1568
1550,1601
1599,1578
1602,1628
1615,1633
1619,1630
1630,1639
1619,1685
1708,1659
1687,1704
1657,1746
1700,1704
1748,1743
1729,1724
1775,1725
1761,1719
1731,1753
1738,1719
1750,1719
1726,1712
1772,1723
1731,1716
1738,1736
1745,1725
1759,1718
1748,1762
1732,1700
1716,1692
1689,1689
1713,1654
1726,1679
1695,1647
1665,1663
1662,1620
1660,1615
1613,1648
1597,1580
1612,1603
1621,1572
1619,1552
1559,1542
1577,1510
1521,1495
1536,1471
1508,1492
1469,1471
1467,1472
1525,1456
1467,1468
1489,1451
1448,1499
1412,1464
1429,1478
1476,1457
1461,1453
1445,1443
1461,1466
1445,1468
1416,1469
1449,1508
1460,1530
1450,1523
1496,1526
1436,1527
1476,1559
1500,1519
1523,1553
1540,1571
1539,1542
1545,1584
1601,1629
1576,1623
1581,1603
1613,1638
1627,1631
1636,1687
1633,1688
1619,1624
1669,1674
1727,1700
1742,1717
1697,1697
1723,1717
1687,1720
1738,1745
1750,1756
1747,1752
1780,1761
1809,1740
1773,1755
1739,1747
1736,1719
1752,1739
1725,1726
1754,1711
1708,1692
1686,1696
1713,1709
1689,1649
1705,1650
1663,1659
1649,1634
1634,1635
1664,1600
1657,1617
1613,1586
1621,1571
1616,1547
1593,1556
1533,1567
1554,1528
1535,1520
1508,1511
1530,1498
1487,1479
1480,1477
1460,1478
1484,1483
1488,1449
1471,1459
1449,1464
1435,1495
1460,1445
1492,1501
1446,1454
1418,1482
1447,1477
1424,1510
1492,1479
1433,1489
1483,1472
1457,1533
1485,1523
1519,1536
1524,1546
1512,1560
1529,1572
1582,1574
1562,1599
1592,1608
1632,1614
1605,1642
1652,1660
1649,1676
1669,1670
1676,1705
1681,1703
1693,1706
1703,1694
1682,1707
1677,1737
1711,1751
1757,1751
1744,1746
1753,1765
1783,1746
1749,1728
1729,1724
1727,1750
1764,1702
1762,1721
1751,1756
1776,1684
1770,1727
1713,1688
1703,1710
1719,1671
1684,1657
1691,1654
1713,1653
1637,1643
1645,1595
1619,1637
1604,1607
1635,1574
1598,1574
1581,1503
1560,1508
1547,1533
1526,1532
1578,1482
1521,1532
1522,1465
1504,1469
1463,1486
1442,1475
1471,1476
1492,1501
1470,1477
1481,1444
1441,1457
1437,1436
1394,1446
1411,1466
1492,1533
1457,1457
1432,1446
1464,1495
1476,1509
1499,1513
1479,1487
1500,1501
1496,1535
1523,1569
1550,1558
1529,1551
1557,1598
1569,1612
1571,1602
1546,1637
1599,1639
1672,1675
1601,1684
1631,1664
1635,1673
1657,1676
1690,1700
1685,1706
1703,1711
1743,1748
1736,1772
1726,1769
1713,1749
1758,1756
1797,1740
1795,1744
1781,1741
1750,1759
1726,1765
1763,1723
1718,1739
1741,1707
1753,1722
1745,1720
1730,1722
1713,1704
1689,1704
1713,1638
1673,1675
1670,1632
1635,1615
1618,1596
1628,1589
1625,1576
1557,1563
1607,1539
1578,1513
1552,1528
1541,1516
1544,1483
1537,1506
1551,1511
1487,1493
1474,1481
1512,1460
1430,1478
1449,1475
1504,1421
1487,1435
1410,1447
1458,1442
1448,1461
1430,1435
1385,1482
1449,1469
1431,1488
1499,1484
1462,1454
1437,1518
1448,1510
1493,1498
1504,1533
1512,1555
1494,1555
1538,1545
1551,1555
1530,1563
1529,1622
1561,1623
1605,1615
1621,1639
1622,1663
1656,1662
1653,1689
1673,1674
1680,1692
1699,1723
1703,1698
1732,1711
1718,1733
1754,1722
1782,1769
1766,1750
1737,1773
1791,1724
1782,1779
1786,1749
1778,1774
1787,1722
1740,1756
1786,1742
1758,1737
1722,1693
1753,1704
1741,1693
1738,1674
1731,1679
1699,1679
1659,1660
1688,1624
1624,1616
1611,1622
1649,1567
1588,1592
1624,1541
1567,1530
1607,1542
1511,1507
1529,1511
1511,1490
1532,1483
1512,1484
1445,1473
1481,1478
1432,1468
1474,1466
1459,1456
1446,1445
1443,1448
1454,1436
1402,1447
1434,1459
1447,1470
1481,1442
1400,1450
1465,1460
1468,1470
1439,1530
1462,1515
1467,1491
1461,1522
1479,1514
1542,1546
1516,1532
1535,1549
1579,1560
1540,1545
1599,1637
1595,1621
1579,1646
1615,1626
1631,1644
1656,1675
1700,1700
1683,1696
1706,1703
1721,1696
1706,1749
1755,1745
1706,1714
1726,1735
1761,1725
1756,1742
1743,1740
1792,1743
1721,1773
1795,1750
1788,1766
1776,1736
1750,1764
1733,1763
1720,1696
1759,1704
1713,1688
1745,1720
1743,1720
1744,1691
1763,1652
1739,1620
1655,1654
1679,1634
1617,1603
1600,1587
1605,1583
1599,1588
1564,1587
1590,1516
1548,1537
1547,1529
1514,1537
1537,1498
1479,1475
1460,1461
1468,1470
1457,1456
1477,1443
1439,1465
1438,1450
1407,1474
1412,1442
1416,1445
1453,1458
1426,1443
1403,1417
1412,1507
1433,1476
1434,1484
1414,1487
1450,1498
1447,1516
1445,1492
1460,1529
1469,1568
1501,1559
1533,1590
1518,1561
1523,1591
1575,1623
1583,1593
1558,1659
1605,1638
1621,1635
1594,1648
1659,1659
1651,1700
1707,1713
1712,1718
1738,1737
1740,1713
1719,1721
1776,1754
1725,1756
1771,1746
1770,1739
1762,1757
1797,1729
1765,1734
1792,1748
1771,1736
1749,1769
1748,1721
1781,1724
1793,1715
1739,1745
1773,1714
1761,1701
1731,1670
1727,1681
1684,1642
1664,1619
1692,1644
1624,1584
1581,1607
1609,1567
1576,1592
1616,1570
1569,1519
1579,1524
1537,1456
1536,1509
1511,1455
1506,1470
1494,1479
1486,1456
1470,1471
1431,1476
1451,1483
1471,1424
1460,1443
1411,1459
1410,1467
1398,1434
1460,1474
1417,1425
1457,1454
1445,1468
1426,1467
1454,1493
1431,1499
1465,1489
1481,1480
1465,1530
1488,1530
1516,1542
1536,1554
1587,1576
1576,1610
1570,1570
1589,1617
1584,1630
1581,1643
1622,1606
1628,1672
1623,1682
1693,1659
1694,1706
1681,1688
1723,1728
1690,1724
1769,1756
1749,1754
1769,1773
1777,1730
1720,1738
1777,1769
1770,1766
1757,1749
1767,1763
1768,1771
1756,1741
1761,1736
1728,1744
1749,1714
1752,1738
1753,1696
1729,1711
1715,1680
1754,1668
1653,1666
1649,1654
1705,1651
1663,1618
1638,1616
1638,1589
1590,1559
1575,1575
1609,1577
1568,1513
1575,1502
1527,1513
1537,1507
1539,1498
1490,1446
1491,1491
1502,1451
1458,1445
1463,1479
1484,1420
1421,1453
1415,1416
1452,1428
1446,1434
1419,1455
1421,1477
1392,1449
1442,1452
1398,1471
1443,1477
1433,1440
1449,1479
1459,1513
1433,1497
1490,1507
1509,1569
1520,1509
1481,1516
1514,1543
1579,1592
1568,1636
1580,1616
1617,1647
1612,1681
1606,1700
1652,1646
1679,1671
1657,1683
1686,1710
1704,1705
1680,1754
1718,1724
1742,1717
1732,1737
1707,1766
1743,1716
1762,1772
1771,1763
1767,1736
1761,1751
1780,1768
1775,1796
1787,1780
1761,1782
1751,1758
1789,1757
1702,1732
1753,1708
1735,1655
1733,1705
1689,1674
1728,1653
1721,1648
1691,1643
1644,1625
1602,1626
1659,1633
1627,1609
1618,1570
1581,1576
1578,1531
1569,1521
1581,1503
1522,1537
1496,1515
1519,1455
1466,1456
1458,1468
1451,1431
1421,1414
1445,1450
1475,1430
1412,1479
1432,1402
1407,1443
1434,1468
1409,1459
1446,1408
1404,1442
1454,1454
1394,1457
1440,1481
1439,1462
1499,1518
1440,1489
1470,1517
1481,1539
1559,1531
1514,1546
1548,1542
1540,1582
1528,1556
1581,1570
1582,1649
1587,1611
1648,1640
1587,1659
1616,1664
1651,1697
1671,1701
1676,1743
1715,1698
1730,1721
1713,1768
1743,1743
1735,1758
1761,1754
1745,1761
1779,1763
1752,1756
1812,1756
1788,1756
1811,1766
1783,1759
1797,1753
1825,1740
1778,1751
1713,1752
1773,1712
1756,1716
1753,1664
1737,1718
1684,1700
1680,1664
1686,1664
1665,1663
1628,1573
1668,1608
1608,1595
1611,1532
1592,1557
1575,1540
1608,1503
1565,1534
1515,1531
1482,1524
1494,1479
1523,1507
1481,1467
1429,1478
1468,1494
1458,1440
1452,1449
1420,1444
1424,1434
1416,1450
1394,1415
1430,1431
1383,1429
1406,1428
1426,1412
1404,1419
1439,1476
1459,1498
1452,1483
1476,1504
1462,1495
1510,1529
1532,1539
1517,1559
1492,1585
1525,1568
1533,1599
1523,1601
1566,1616
1603,1641
1590,1643
1595,1662
1632,1690
1652,1685
1646,1686
1687,1722
1662,1703
1701,1733
1728,1759
1698,1713
1765,1723
1741,1746
1752,1748
1717,1793
1761,1724
1774,1790
1836,1792
1763,1770
1807,1767
1764,1753
1808,1731
1781,1706
1789,1732
1765,1723
1755,1730
1745,1675
1736,1670
1705,1675
1726,1696
1700,1674
1687,1651
1605,1591
1703,1622
1604,1590
1595,1583
1545,1580
1624,1585
1531,1528
1545,1539
1478,1501
1568,1490
1509,1472
1466,1480
1446,1435
1445,1428
1427,1459
1442,1472
1424,1429
1401,1452
1441,1422
1426,1448
1423,1418
1408,1428
1418,1439
1416,1464
1389,1435
1411,1438
1393,1442
1424,1431
1420,1461
1449,1497
1436,1525
1469,1544
1468,1549
1493,1576
1498,1537
1524,1595
1521,1578
1584,1636
1567,1630
1580,1605
1616,1668
1595,1610
1623,1683
1660,1663
1696,1722
1715,1725
1689,1688
1705,1733
1706,1743
1750,1742
1720,1741
1737,1751
1749,1745
1799,1811
1796,1784
1816,1783
1807,1784
1776,1774
1822,1739
1781,1757
1802,1752
1749,1733
1762,1729
1771,1720
1775,1739
1775,1703
1700,1710
1702,1652
1736,1640
1730,1650
1708,1640
1666,1640
1693,1614
1622,1575
1667,1585
1577,1534
1591,1549
1575,1564
1568,1515
1508,1535
1504,1488
1496,1502
1482,1420
1489,1418
1488,1459
1490,1465
1423,1451
1451,1477
1406,1414
1400,1415
1429,1451
1389,1445
1399,1418
1359,1410
1402,1436
1423,1448
1402,1463
1435,1449
1403,1464
1425,1438
1446,1466
1437,1478
1442,1527
1465,1512
1468,1511
1506,1589
1498,1554
1522,1604
1546,1576
1554,1591
1573,1616
1590,1613
1600,1624
1682,1648
1648,1683
1675,1666
1650,1672
1723,1724
1740,1703
1716,1745
1735,1724
1711,1734
1729,1776
1774,1755
1744,1749
1777,1773
1741,1828
1795,1765
1757,1788
1738,1764
1772,1773
1802,1778
1781,1762
1783,1760
1811,1728
1773,1752
1758,1725
1738,1694
1747,1727
1776,1713
1735,1669
1712,1668
1699,1675
1698,1613
1615,1641
1659,1583
1598,1602
1582,1549
1573,1547
1545,1524
1539,1523
1530,1505
1565,1497
1465,1485
1502,1507
1483,1462
1488,1522
1447,1438
1478,1439
1414,1413
1441,1448
1440,1451
1422,1401
1420,1423
1440,1420
1392,1413
1402,1417
1430,1458
1438,1447
1403,1458
1418,1427
1421,1453
1429,1443
1462,1483
1469,1510
1429,1495
1512,1488
1495,1551
1503,1537
1553,1559
1512,1603
1592,1602
1590,1625
1593,1633
1611,1676
1661,1661
1647,1671
1670,1689
1676,1679
1740,1728
1747,1775
1718,1775
1734,1773
1769,1750
1724,1781
1750,1751
1826,1745
1762,1725
1779,1765
1805,1800
1764,1791
1807,1758
1805,1784
1756,1777
1748,1768
1754,1741
1764,1714
1749,1730
1765,1737
1762,1715
1769,1688
1700,1701
1710,1712
1696,1635
1661,1601
1676,1657
1619,1593
1630,1589
1580,1565
1549,1579
1568,1564
1513,1543
1541,1487
1560,1492
1504,1501
1519,1510
1471,1460
1477,1467
1480,1477
1464,1439
1400,1446
1446,1438
1422,1410
1391,1397
1405,1411
1427,1461
1371,1420
1399,1415
1411,1421
1399,1422
1380,1451
1409,1445
1448,1432
1440,1494
1475,1479
1470,1504
1479,1512
1508,1499
1503,1521
1516,1558
1532,1539
1518,1581
1548,1619
1564,1587
1568,1614
1640,1677
1623,1670
1651,1683
1651,1691
1692,1683
1695,1724
1704,1724
1715,1711
1735,1728
1744,1769
1765,1763
1758,1748
1818,1773
1791,1775
1791,1800
1807,1758
1784,1784
1779,1791
1783,1766
1772,1783
1774,1769
1779,1760
1785,1732
1784,1759
1773,1736
1739,1702
1748,1714
1738,1705
1702,1690
1715,1685
1701,1666
1669,1610
1646,1640
1625,1602
1611,1586
1635,1575
1578,1571
1600,1540
1562,1531
1543,1548
1501,1506
1455,1463
1481,1538
1469,1462
1461,1467
1473,1438
1411,1472
1427,1395
1452,1464
1444,1448
1394,1440
1383,1434
1383,1417
1404,1392
1364,1457
1370,1458
1399,1411
1400,1430
1412,1460
1449,1454
1431,1456
1456,1505
1463,1517
1477,1545
1479,1537
1486,1567
1534,1537
1502,1596
1541,1595
1568,1597
1574,1586
1612,1622
1589,1637
1634,1653
1621,1693
1668,1702
1681,1691
1692,1709
1726,1732
1757,1736
1762,1764
1747,1758
1769,1794
1762,1727
1799,1782
1782,1775
1760,1771
1773,1749
1791,1757
1822,1781
1791,1759
1813,1784
1771,1791
1777,1725
1768,1733
1752,1755
1738,1721
1768,1698
1734,1691
1803,1699
1702,1664
1703,1688
1634,1653
1659,1621
1644,1613
1667,1601
1632,1611
1584,1532
1599,1578
1575,1520
1538,1530
1529,1513
1485,1512
1485,1472
1487,1446
1490,1478
1483,1414
1419,1446
1413,1416
1425,1424
1415,1437
1377,1400
1418,1383
1366,1427
1433,1422
1417,1444
1381,1431
1422,1411
1395,1472
1390,1432
1436,1440
1426,1461
1451,1467
1453,1468
1436,1519
1470,1501
1465,1526
1481,1527
1521,1575
1530,1567
1540,1601
1551,1630
1603,1619
1584,1642
1615,1638
1618,1658
1648,1684
1638,1671
1715,1694
1706,1756
1721,1763
1711,1756
1754,1747
1761,1761
1762,1758
1795,1752
1818,1767
1788,1772
1807,1760
1803,1754
1786,1763
1795,1744
1817,1773
1795,1761
1804,1769
1785,1701
1777,1725
1784,1711
1772,1703
1747,1713
1732,1700
1746,1693
1717,1661
1747,1615
1653,1647
1648,1627
1616,1619
1589,1587
1622,1588
1607,1575
1580,1514
1542,1517
1510,1511
1512,1473
1466,1479
1526,1479
1505,1455
1485,1465
1485,1443
1465,1457
1403,1427
1410,1449
1383,1414
1385,1439
1384,1413
1403,1400
1425,1415
1378,1472
1385,1420
1416,1435
1462,1432
1394,1431
1416,1448
1443,1444
1418,1498
1509,1483
1469,1496
1457,1537
1474,1516
1559,1541
1539,1595
1537,1586
1604,1624
1585,1618
1614,1611
1593,1632
1606,1648
1651,1629
1679,1714
1708,1708
1724,1706
1728,1748
1755,1753
1740,1758
1761,1799
1780,1746
1768,1761
1799,1785
1798,1770
1821,1766
1788,1765
1797,1801
1783,1759
1806,1786
1799,1757
1793,1730
1780,1779
1767,1697
1804,1725
1761,1741
1720,1737
1716,1691
1707,1688
1697,1658
1715,1654
1698,1586
1660,1589
1647,1600
1649,1606
1626,1616
1582,1545
1579,1544
1535,1517
1513,1522
1478,1512
1488,1499
1440,1480
1474,1462
1452,1428
1475,1439
1446,1442
1439,1427
1393,1428
1408,1408
1381,1442
1367,1387
1436,1403
1387,1432
1421,1397
1382,1446
1347,1426
1398,1436
1436,1453
1458,1449
1435,1455
1427,1506
1447,1505
1475,1522
1479,1584
1505,1566
1504,1590
1549,1602
1540,1596
1579,1620
1608,1636
1639,1616
1608,1625
1658,1682
1618,1640
1668,1684
1692,1741
1740,1727
1719,1715
1742,1725
1710,1753
1760,1763
1771,1770
1785,1761
1777,1768
1750,1757
1823,1788
1789,1794
1785,1765
1796,1787
1781,1727
1792,1750
1856,1757
1823,1731
1790,1735
1757,1687
1717,1723
1752,1702
1730,1681
1729,1668
1734,1680
1678,1643
1667,1646
1692,1589
1680,1602
1561,1550
1647,1551
1601,1555
1552,1530
1536,1521
1537,1475
1539,1485
1491,1493
1486,1479
1447,1451
1482,1461
1425,1443
1453,1429
1391,1420
1417,1440
1402,1398
1401,1452
1352,1434
1386,1415
1442,1410
1386,1451
1355,1459
1431,1451
1484,1432
1478,1452
1389,1481
1468,1477
1449,1487
1462,1480
1471,1531
1504,1531
1506,1556
1509,1582
1515,1599
1569,1566
1571,1611
1586,1643
1612,1682
1626,1635
1612,1665
1670,1681
1682,1700
1691,1718
1690,1727
1716,1725
1755,1723
1750,1759
1761,1765
1795,1809
1791,1778
1787,1790
1808,1782
1774,1779
1786,1790
1799,1779
1820,1787
1792,1784
1785,1750
1790,1770
1780,1733
1762,1711
1767,1736
1774,1716
1745,1696
1736,1679
1690,1702
1667,1666
1701,1620
1685,1587
1638,1614
1603,1577
1568,1612
1623,1539
1545,1530
1558,1518
1547,1501
1542,1509
1541,1476
1504,1485
1493,1447
1508,1459
1465,1418
1424,1435
1413,1426
1447,1459
1406,1434
1428,1423
1370,1442
1387,1417
1437,1403
1374,1415
1358,1447
1390,1446
1433,1425
1448,1430
1441,1430
1443,1469
1448,1493
1489,1509
1498,1496
1495,1533
1524,1558
1541,1562
1567,1582
1525,1599
1560,1613
1564,1620
1566,1643
1632,1670
1664,1632
1683,1687
1688,1703
1740,1705
1699,1727
1730,1708
1687,1748
1740,1777
1744,1760
1806,1756
1745,1757
1787,1759
1780,1807
1789,1738
1816,1785
1787,1769
1815,1764
1799,1743
1814,1775
1809,1726
1785,1764
1706,1736
1740,1707
1777,1728
1748,1721
1744,1680
1709,1663
1681,1644
1661,1640
1659,1630
1663,1592
1659,1575
1618,1542
1590,1518
1613,1539
1575,1498
1495,1490
1533,1496
1564,1490
1472,1425
1518,1479
1449,1468
1461,1478
1435,1427
1407,1428
1418,1461
1418,1432
1403,1436
1425,1417
1398,1426
1408,1456
1403,1426
1432,1433
1407,1442
1440,1483
1440,1457
1409,1457
1449,1507
1445,1502
1464,1508
1470,1546
1482,1526
1543,1561
1541,1549
1510,1556
1533,1599
1601,1637
1607,1611
1629,1641
1641,1666
1646,1702
1707,1696
1677,1663
1670,1732
1700,1695
1726,1727
1760,1745
1759,1775
1730,1786
1759,1772
1738,1775
1778,1753
1794,1751
1745,1762
1770,1764
1788,1803
1819,1762
1781,1757
1785,1774
1747,1750
1743,1759
1735,1749
1785,1715
1750,1757
1718,1692
1759,1661
1730,1628
1705,1665
1701,1619
1670,1622
1652,1600
1600,1576
1589,1554
1583,1566
1576,1546
1541,1562
1560,1515
1487,1509
1504,1483
1487,1492
1506,1492
1434,1428
1486,1418
1468,1470
1421,1441
1435,1424
1372,1462
1430,1407
1368,1411
1423,1477
1449,1424
1427,1430
1403,1439
1407,1434
1400,1452
1480,1483
1478,1495
1490,1490
1472,1472
1525,1539
1511,1557
1512,1575
1515,1575
1533,1577
1536,1593
1585,1619
1596,1603
1596,1671
1641,1646
1675,1632
1626,1676
1662,1703
1653,1711
1702,1708
1716,1728
1710,1745
1735,1764
1786,1788
1749,1757
1777,1782
1817,1773
1766,1773
1793,1750
1819,1798
1808,1771
1776,1725
1804,1770
1787,1727
1784,1747
1772,1756
1778,1729
1780,1714
1754,1699
1650,1688
1686,1697
1681,1675
1666,1653
1695,1652
1625,1671
1625,1573
1656,1578
1635,1586
1621,1539
1577,1536
1549,1535
1559,1541
1565,1494
1541,1521
1488,1459
1475,1426
1487,1441
1443,1427
1450,1427
1428,1410
1394,1418
1391,1414
1393,1429
1387,1450
1426,1445
1372,1438
1406,1440
1432,1460
1436,1464
1412,1453
1436,1436
1490,1472
1452,1513
1503,1508
1487,1534
1470,1562
1465,1547
1496,1561
1537,1592
1574,1623
1584,1568
1581,1637
1624,1662
1657,1665
1637,1681
1608,1690
1692,1696
1676,1710
1710,1751
1734,1710
1726,1761
1737,1750
1793,1754
1806,1791
1755,1778
1775,1770
1802,1773
1803,1752
1804,1769
1791,1757
1797,1770
1758,1743
1792,1746
1789,1749
1739,1737
1748,1730
1716,1698
1723,1699
1729,1710
1712,1674
1671,1665
1692,1627
1662,1626
1637,1601
1648,1585
1632,1569
1632,1550
1576,1558
1533,1523
1550,1556
1528,1524
1539,1485
1479,1480
1480,1483
1456,1497
1504,1414
1432,1470
1452,1421
1442,1406
1470,1420
1410,1395
1443,1455
1426,1440
1420,1428
1455,1452
1422,1446
1410,1424
1406,1457
1443,1452
1462,1490
1471,1474
1470,1495
1470,1527
1492,1561
1514,1553
1478,1516
1497,1557
1532,1608
1594,1586
1610,1626
1565,1650
1590,1637
1652,1626
1621,1682
1628,1705
1676,1733
1674,1712
1719,1738
1712,1733
1720,1727
1768,1735
1767,1725
1757,1777
1802,1735
1801,1774
1762,1770
1798,1805
1786,1743
1769,1728
1795,1735
1771,1739
1745,1759
1738,1723
1776,1707
1734,1701
1723,1710
1684,1666
1711,1664
1695,1643
1654,1620
1672,1621
1612,1589
1616,1607
1604,1568
1599,1554
1590,1537
1600,1543
1507,1544
1501,1515
1492,1487
1518,1507
1494,1441
1437,1445
1480,1462
1493,1439
1424,1453
1442,1431
1412,1431
1393,1412
1404,1436
1421,1454
1407,1453
1456,1459
1403,1440
1421,1452
1448,1502
1415,1472
1445,1524
1459,1513
1516,1514
1477,1532
1487,1570
1517,1575
1523,1576
1525,1607
1594,1579
1585,1629
1578,1643
1638,1634
1598,1697
1630,1668
1671,1685
1659,1729
1681,1734
1721,1737
1692,1725
1730,1748
1741,1729
1773,1738
1746,1738
1795,1748
1780,1761
1787,1760
1774,1763
1770,1730
1772,1742
1770,1746
1756,1727
1758,1766
1793,1711
1771,1727
1742,1664
1749,1689
1726,1693
1712,1677
1690,1648
1690,1684
1652,1629
1689,1591
1630,1594
1614,1595
1594,1561
1567,1544
1561,1533
1535,1530
1547,1530
1525,1517
1523,1452
1498,1469
1487,1502
1478,1490
1452,1451
1448,1470
1435,1440
1454,1416
1450,1439
1427,1438
1409,1430
1402,1470
1429,1432
1436,1433
1432,1470
1427,1449
1447,1488
1438,1475
1464,1523
1477,1525
1515,1509
1531,1563
1537,1537
1539,1587
1553,1591
1546,1575
1560,1623
1599,1610
1626,1654
1595,1646
1686,1657
1662,1665
1648,1683
1694,1670
1675,1672
1704,1727
1715,1729
1710,1717
1757,1752
1724,1780
1759,1705
1796,1769
1776,1783
1790,1774
1823,1754
1790,1689
1758,1769
1809,1754
1767,1739
1714,1704
1749,1743
1700,1691
1720,1696
1735,1672
1693,1661
1699,1635
1685,1655
1679,1633
1661,1613
1602,1596
1569,1555
1582,1575
1588,1540
1545,1540
1517,1506
1569,1493
1533,1519
1511,1522
1496,1462
1432,1454
1455,1447
1497,1436
1444,1446
1434,1457
1419,1410
1446,1431
1460,1437
1425,1432
1432,1464
1420,1414
1400,1432
1467,1475
1481,1499
1446,1468
1448,1485
1488,1536
1511,1507
1428,1540
1485,1550
1520,1565
1595,1549
1535,1569
1576,1615
1611,1618
1578,1641
1587,1646
1616,1664
1654,1671
1663,1674
1670,1698
1702,1685
1705,1710
1730,1734
1717,1726
1717,1738
1769,1749
1772,1755
1775,1756
1764,1773
1731,1741
1756,1772
1821,1783
1777,1779
1777,1748
1775,1757
1768,1726
1751,1690
1685,1702
1710,1717
1699,1715
1683,1664
1676,1672
1621,1629
1657,1634
1651,1610
1637,1611
1629,1552
1614,1572
1565,1559
1543,1515
1562,1505
1540,1498
1521,1510
1480,1507
1500,1457
1458,1484
1485,1419
1472,1446
1431,1465
1418,1455
1425,1446
1452,1467
1440,1453
1434,1440
1394,1408
1444,1449
1436,1443
1495,1490
1445,1499
1426,1480
1485,1520
1481,1505
1474,1501
1501,1516
1498,1569
1547,1547
1500,1581
1586,1608
1603,1610
1577,1621
1583,1651
1612,1664
1616,1659
1663,1696
1676,1696
1696,1705
1706,1671
1704,1710
1717,1716
1757,1767
1733,1697
1817,1728
1754,1732
1747,1767
1759,1715
1787,1777
1771,1730
1764,1733
1768,1735
1773,1759
1719,1748
1735,1715
1747,1702
1729,1693
1722,1670
1717,1689
1706,1659
1657,1659
1645,1638
1697,1633
1652,1599
1583,1592
1604,1594
1603,1534
1580,1523
1565,1506
1553,1518
1525,1536
1549,1502
1482,1468
1535,1469
1458,1450
1473,1464
1502,1489
1456,1441
1413,1446
1412,1430
1398,1459
1414,1436
1414,1448
1436,1455
1443,1495
1458,1479
1398,1512
1488,1516
1447,1510
1465,1470
1503,1503
1525,1536
1507,1551
1532,1578
1515,1572
1506,1574
1557,1609
1600,1632
1654,1610
1602,1636
1641,1670
1663,1680
1662,1710
1673,1708
1699,1693
1734,1714
1738,1704
1730,1741
1758,1724
1755,1748
1738,1754
1791,1753
1769,1748
1775,1733
1752,1713
1802,1711
1736,1707
1773,1732
1729,1722
1732,1706
1721,1711
1706,1689
1737,1668
1665,1640
1694,1665
1678,1619
1629,1649
1672,1617
1634,1593
1596,1602
1569,1567
1610,1590
1579,1554
1541,1548
1513,1542
1533,1499
1526,1516
1526,1512
1470,1477
1463,1485
1467,1483
1454,1476
1493,1455
1432,1468
1437,1432
1460,1465
1405,1463
1430,1468
1413,1467
1437,1476
1461,1480
1453,1506
1487,1483
1465,1530
1473,1482
1478,1539
1533,1553
1534,1575
1558,1596
1566,1586
1553,1582
1563,1619
1597,1617
1601,1627
1644,1678
1630,1660
1632,1690
1696,1690
1689,1690
1699,1734
1720,1723
1714,1741
1710,1708
1764,1746
1724,1760
1763,1756
1740,1758
1726,1750
1758,1734
1742,1748
1753,1721
1706,1729
1732,1706
1740,1708
1743,1735
1742,1664
1685,1657
1684,1662
1700,1647
1739,1649
1647,1617
1670,1628
1661,1596
1604,1589
1588,1556
1588,1562
1556,1553
1586,1540
1508,1499
1513,1532
1500,1478
1449,1487
1468,1461
1459,1469
1433,1453
1471,1483
1450,1454
1439,1459
1481,1432
1421,1470
1452,1441
1478,1449
1467,1448
1448,1483
1430,1462
1478,1478
1452,1523
1486,1513
1527,1503
1522,1521
1547,1561
1573,1578
1532,1556
1545,1596
1557,1617
1593,1623
1609,1636
1647,1651
1613,1663
1633,1674
1661,1666
1628,1722
1692,1698
1710,1715
1721,1712
1749,1730
1762,1731
1692,1723
1760,1747
1740,1719
1749,1728
1755,1729
1728,1712
1776,1715
1752,1716
1774,1713
1762,1728
1702,1716
1769,1719
1702,1682
1706,1688
1694,1702
1708,1617
1671,1624
1656,1634
1611,1598
1619,1573
1625,1579
1572,1575
1608,1573
1593,1536
1575,1507
1540,1514
1489,1506
1497,1490
1444,1500
1501,1500
1496,1481
1464,1459
1460,1411
1442,1466
1418,1456
1440,1457
1431,1468
1449,1462
1461,1478
1405,1487
1449,1484
1439,1457
1447,1496
1486,1498
1513,1532
1527,1514
1511,1571
1547,1548
1495,1528
1504,1618
1551,1601
1591,1596
1644,1630
1640,1594
1592,1666
1653,1679
1647,1688
1657,1654
1660,1698
1713,1726
1753,1718
1711,1690
1693,1748
1716,1705
1751,1744
1733,1732
1748,1761
1767,1735
1777,1699
1733,1694
1761,1703
1740,1731
1743,1675
1707,1717
1739,1695
1717,1697
1731,1664
1648,1654
1676,1656
1660,1625
1639,1621
1668,1600
1603,1621
1587,1589
1617,1559
1549,1568
1535,1531
1548,1485
1557,1534
1527,1526
1494,1494
1525,1497
1491,1471
1471,1410
1459,1472
1413,1489
1459,1495
1401,1469
1462,1497
1448,1487
1447,1469
1416,1470
1455,1486
1432,1484
1493,1522
1490,1517
1502,1538
1467,1539
1491,1553
1515,1580
1533,1554
1585,1570
1545,1585
1567,1583
1543,1598
1614,1649
1612,1637
1666,1680
1657,1707
1691,1677
1696,1683
1652,1717
1729,1722
1702,1736
1726,1753
1743,1738
1760,1744
1717,1754
1754,1715
1769,1743
1742,1770
1751,1759
1727,1736
1789,1723
1742,1692
1737,1711
1732,1710
1703,1703
1666,1681
1704,1638
1696,1616
1658,1629
1660,1614
1632,1614
1648,1584
1637,1595
1629,1556
1578,1537
1585,1557
1528,1538
1517,1509
1532,1519
1465,1531
1528,1467
1452,1476
1519,1468
1489,1438
1486,1456
1479,1484
1407,1474
1422,1460
1462,1449
1476,1465
1462,1503
1471,1462
1459,1482
1491,1506
1478,1482
1485,1535
1554,1532
1518,1592
1506,1544
1541,1555
1556,1624
1576,1614
1591,1611
1550,1594
1588,1644
1637,1672
1671,1685
1657,1698
1689,1683
1724,1687
1670,1735
1705,1732
1680,1706
1708,1737
1695,1724
1754,1740
1753,1705
1716,1698
1760,1741
1763,1732
1763,1755
1718,1729
1758,1683
1723,1698
1726,1687
1707,1700
1680,1684
1674,1621
1673,1653
1689,1678
1671,1614
1616,1620
1642,1592
1636,1565
1592,1586
1598,1555
1575,1556
1549,1511
1514,1495
1537,1525
1502,1503
1499,1501
1508,1517
1482,1515
1462,1511
1443,1493
1469,1448
1463,1482
1475,1486
1446,1464
1468,1470
1447,1472
1472,1438
1445,1519
1468,1500
1446,1518
1442,1523
1518,1529
1507,1506
1502,1553
1536,1600
1549,1585
1537,1609
1572,1600
1593,1590
1606,1624
1634,1628
1648,1670
1652,1673
1643,1659
1643,1699
1665,1704
1717,1742
1702,1689
1716,1713
1733,1715
1774,1756
1719,1730
1739,1708
1789,1733
1752,1713
1744,1719
1740,1724
1755,1697
1737,1704
1705,1676
1691,1697
1714,1650
1698,1668
1675,1634
1624,1670
1680,1624
1572,1612
1640,1586
1633,1581
1616,1574
1593,1577
1580,1575
1527,1526
1565,1547
1521,1494
1507,1508
1514,1512
1480,1468
1483,1481
1505,1479
1465,1450
1427,1455
1459,1493
1435,1473
1435,1505
1456,1451
1448,1489
1479,1481
1466,1485
1463,1479
1472,1536
1473,1539
1484,1507
1494,1529
1539,1569
1507,1566
1520,1576
1542,1628
1565,1589
1605,1636
1616,1655
1610,1653
1645,1711
1606,1696
1636,1663
1681,1713
1743,1686
1691,1710
1745,1765
1745,1744
1723,1701
1720,1721
1768,1721
1748,1747
1752,1696
1753,1736
1696,1685
1726,1693
1714,1697
1754,1705
1716,1687
1707,1674
1700,1646
1685,1634
1647,1629
1653,1650
1687,1584
1642,1618
1619,1572
1592,1577
1615,1585
1591,1541
1550,1509
1530,1512
1517,1495
1497,1515
1504,1495
1495,1489
1508,1495
1465,1494
1460,1466
1477,1460
1468,1480
1428,1455
1461,1505
1457,1491
1486,1470
1458,1503
1467,1487
1493,1517
1485,1511
1492,1541
1494,1561
1481,1542
1549,1586
1551,1581
1575,1589
1566,1595
1580,1628
1621,1639
1648,1621
1643,1653
1617,1667
1655,1693
1659,1692
1698,1682
1683,1725
1710,1738
1720,1757
1771,1701
1690,1721
1722,1744
1737,1753
1758,1706
1720,1714
1766,1731
1741,1750
1761,1720
1670,1685
1704,1697
1708,1669
1670,1682
1698,1641
1673,1618
1656,1631
1634,1589
1660,1625
1606,1588
1630,1585
1598,1581
1583,1518
1620,1536
1564,1565
1525,1502
1579,1500
1535,1536
1520,1476
1490,1508
1500,1427
1439,1469
1481,1510
1469,1464
1439,1493
1439,1501
1486,1470
1450,1460
1464,1490
1515,1507
1478,1533
1478,1498
1517,1515
1509,1531
1489,1534
1515,1566
1524,1578
1529,1563
1570,1580
1605,1602
1587,1593
1637,1619
1619,1634
1643,1674
1627,1683
1635,1721
1707,1702
1659,1713
1700,1702
1697,1719
1699,1731
1777,1713
1726,1730
1738,1686
1748,1715
1754,1731
1756,1713
1781,1746
1724,1706
1753,1714
1713,1660
1706,1695
1749,1664
1751,1666
1648,1630
1660,1630
1630,1671
1651,1610
1621,1601
1564,1567
1559,1586
1576,1542
1604,1536
1579,1526
1517,1525
1534,1507
1508,1484
1496,1508
1465,1469
1462,1496
1441,1479
1488,1476
1422,1456
1426,1463
1454,1454
1451,1459
1470,1490
1442,1467
1473,1476
1498,1505
1445,1517
1503,1522
1506,1519
1536,1574
1551,1542
1571,1564
1536,1617
1590,1552
1601,1590
1574,1599
1636,1630
1620,1665
1619,1668
1639,1656
1691,1677
1687,1678
1688,1709
1728,1685
1722,1658
1680,1717
1733,1726
1728,1709
1762,1727
1720,1737
1750,1713
1753,1737
1712,1693
1716,1698
1714,1693
1724,1678
1702,1664
1691,1689
1686,1671
1667,1671
1700,1618
1619,1620
1632,1610
1567,1582
1634,1564
1604,1547
1587,1565
1512,1557
1552,1546
1535,1504
1537,1544
1501,1513
1469,1483
1443,1499
1458,1495
1464,1450
1486,1492
1478,1465
1458,1493
1448,1453
1421,1480
1473,1504
1469,1525
1509,1491
1464,1509
1512,1537
1473,1552
1509,1541
1539,1540
1479,1615
1492,1578
1575,1604
1591,1630
1605,1601
1603,1638
1607,1662
1638,1666
1669,1680
1637,1699
1706,1685
1725,1679
1700,1736
1693,1728
1744,1760
1749,1741
1740,1729
1730,1745
1713,1713
1759,1742
1761,1715
1712,1755
1761,1685
1719,1696
1655,1666
1709,1666
1688,1650
1704,1651
1643,1632
1648,1626
1661,1582
1584,1631
1630,1631
1626,1572
1584,1551
1577,1545
1560,1542
1507,1512
1519,1531
1450,1505
1521,1514
1479,1433
1455,1525
1411,1467
1471,1471
1445,1445
1462,1485
1439,1471
1442,1486
1452,1452
1434,1465
1472,1497
1457,1526
1427,1494
1518,1529
1517,1515
1517,1528
1478,1545
1551,1572
1569,1607
1557,1592
1629,1617
1629,1623
1644,1667
1590,1680
1690,1673
1650,1665
1699,1702
1671,1684
1740,1695
1745,1745
1757,1699
1719,1728
1704,1702
1725,1719
1729,1730
1757,1713
1722,1753
1733,1671
1716,1692
1757,1725
1668,1716
1746,1675
1712,1681
1695,1671
1675,1649
1674,1648
1674,1656
1681,1665
1612,1587
1592,1617
1618,1593
1576,1581
1567,1554
1555,1544
1504,1539
1539,1498
1490,1481
1475,1514
1462,1494
1476,1512
1449,1500
1498,1450
1459,1447
1486,1471
1427,1469
1487,1489
1467,1467
1452,1506
1460,1492
1503,1531
1441,1500
1494,1540
1496,1540
1501,1585
1526,1568
1583,1596
1542,1605
1601,1586
1580,1655
1607,1654
1600,1624
1634,1622
1618,1649
1687,1677
1679,1730
1677,1717
1698,1734
1741,1698
1723,1723
1725,1711
1713,1725
1730,1702
1745,1742
1713,1747
1736,1690
1727,1719
1756,1718
1713,1687
1732,1665
1704,1666
1686,1644
1649,1650
1713,1628
1669,1603
1661,1639
1626,1608
1592,1607
1617,1584
1571,1523
1549,1570
1505,1523
1519,1520
1507,1508
1529,1499
1504,1490
1485,1519
1445,1509
1437,1477
1488,1451
1431,1515
1452,1505
1469,1475
1444,1440
1483,1454
1493,1480
1455,1458
1454,1490
1476,1523
1498,1564
1472,1541
1487,1562
1539,1589
1572,1580
1565,1615
1608,1581
1617,1656
1622,1607
1619,1675
1621,1650
1631,1675
1660,1651
1710,1711
1748,1682
1693,1735
1695,1710
1732,1713
1769,1719
1712,1740
1737,1697
1756,1715
1782,1748
1749,1706
1728,1715
1710,1736
1669,1708
1730,1707
1708,1639
1704,1664
1646,1634
1684,1650
1665,1618
1589,1611
1586,1589
1617,1575
1522,1581
1571,1614
1570,1533
1553,1520
1512,1547
1485,1514
1507,1507
1485,1472
1491,1479
1489,1474
1480,1433
1459,1446
1440,1480
1468,1476
1462,1465
1459,1470
1430,1460
1465,1496
1491,1507
1510,1493
1445,1527
1467,1548
1497,1543
1544,1538
1551,1578
1572,1606
1560,1620
1641,1588
1606,1648
1611,1657
1662,1635
1687,1667
1662,1675
1733,1721
1752,1688
1753,1699
1696,1703
1724,1727
1703,1680
1761,1754
1739,1725
1731,1689
1706,1722
1716,1710
1696,1682
1758,1711
1683,1707
1718,1699
1703,1689
1710,1609
1662,1621
1682,1622
1661,1637
1661,1605
1572,1597
1567,1566
1608,1593
1579,1553
1562,1543
1519,1487
1526,1491
1471,1475
1489,1482
1477,1452
1491,1492
1522,1463
1497,1487
1470,1464
1474,1468
1469,1482
1459,1491
1467,1472
1447,1459
1437,1523
1449,1498
1491,1507
1483,1503
1504,1545
1543,1539
1563,1572
1534,1600
1568,1607
1610,1618
1576,1614
1618,1651
1633,1638
1654,1699
1652,1700
1668,1707
1687,1730
1701,1667
1699,1724
1735,1699
1782,1705
1700,1740
1712,1730
1737,1692
1747,1729
1770,1730
1746,1726
1728,1721
1743,1654
1766,1675
1729,1674
1727,1659
1706,1626
1708,1683
1647,1609
1636,1593
1609,1584
1610,1561
1613,1586
1560,1570
1532,1539
1518,1527
1527,1543
1504,1517
1535,1505
1482,1495
1505,1480
1466,1494
1464,1488
1486,1512
1444,1442
1443,1492
1423,1475
1486,1465
1465,1499
1447,1481
1426,1480
1486,1547
1533,1547
1543,1540
1504,1550
1526,1557
1514,1601
1527,1595
1557,1585
1576,1620
1630,1613
1635,1625
1664,1636
1613,1683
1651,1672
1681,1687
1702,1678
1712,1705
1682,1717
1701,1740
1715,1738
1773,1733
1709,1737
1733,1729
1763,1703
1783,1708
1743,1708
1697,1715
1741,1697
1698,1664
1696,1616
1674,1678
1677,1698
1631,1628
1642,1657
1665,1609
1600,1578
1579,1552
1596,1579
1524,1542
1566,1545
1490,1538
1524,1521
1522,1505
1486,1501
1469,1527
1459,1496
1456,1475
1428,1441
1431,1460
1443,1490
1477,1487
1461,1493
1500,1495
1479,1496
1442,1499
1400,1468
1471,1523
1486,1556
1536,1530
1542,1550
1552,1567
1566,1547
1592,1574
1589,1629
1601,1642
1674,1618
1665,1640
1687,1676
1665,1674
1732,1679
1704,1704
1750,1718
1691,1720
1708,1754
1742,1730
1723,1708
1687,1722
1720,1729
1773,1735
1739,1716
1766,1711
1733,1707
1709,1709
1698,1701
1716,1668
1670,1641
1696,1638
1672,1617
1675,1648
1613,1625
1567,1620
1600,1557
1588,1542
1548,1563
1545,1517
1554,1527
1506,1500
1460,1510
1467,1481
1480,1442
1499,1488
1439,1429
1451,1477
1478,1477
1480,1421
1449,1466
1470,1458
1464,1520
1426,1491
1458,1520
1475,1491
1490,1510
1492,1533
1577,1549
1510,1590
1535,1577
1545,1614
1576,1614
1548,1640
1588,1618
1654,1647
1643,1672
1665,1669
1697,1707
1680,1721
1681,1719
1673,1725
1677,1715
1728,1755
1727,1744
1769,1787
1754,1735
1752,1703
1770,1719
1741,1742
1732,1717
1753,1693
1727,1689
1711,1665
1652,1700
1686,1654
1686,1627
1637,1597
1642,1600
1673,1590
1588,1543
1607,1548
1574,1572
1546,1496
1562,1548
1522,1508
1535,1492
1509,1537
1479,1470
1469,1455
1457,1472
1464,1495
1503,1441
1450,1467
1468,1471
1453,1507
1457,1465
1468,1476
1459,1480
1458,1503
1480,1505
1506,1564
1504,1504
1506,1521
1563,1572
1569,1645
1551,1607
1569,1619
1552,1637
1655,1605
1625,1690
1656,1743
1692,1674
1709,1704
1699,1699
1693,1721
1686,1706
1745,1737
1790,1739
1721,1741
1734,1753
1733,1740
1740,1736
1743,1726
1687,1711
1737,1712
1710,1690
1724,1688
1716,1626
1673,1665
1703,1640
1627,1630
1674,1620
1612,1603
1627,1577
1581,1601
1581,1561
1577,1524
1493,1522
1525,1509
1531,1501
1484,1497
1469,1452
1465,1466
1465,1433
1462,1443
1449,1475
1434,1481
1457,1461
1425,1450
1506,1475
1441,1478
1471,1508
1498,1512
1486,1493
1530,1536
1527,1536
