ch1,ch2
1584,1646
1623,1640
1670,1662
1657,1675
1680,1686
1712,1705
1657,1746
1695,1735
1715,1732
1716,1749
1766,1785
1741,1748
1770,1744
1761,1742
1753,1740
1773,1732
1757,1749
1742,1700
1764,1659
1734,1722
1693,1670
1680,1684
1737,1609
1653,1618
1621,1624
1598,1565
1617,1552
1558,1533
1590,1524
1542,1525
1515,1456
1565,1505
1513,1507
1459,1484
1451,1471
1435,1470
1434,1464
1420,1426
1463,1446
1422,1469
1427,1411
1424,1460
1426,1443
1404,1457
1506,1463
1495,1494
1503,1519
1509,1547
1536,1543
1534,1574
1621,1601
1563,1609
1626,1588
1633,1640
1664,1653
1637,1669
1657,1702
1640,1704
1663,1768
1724,1710
1738,1741
1747,1750
1755,1700
1785,1790
1792,1751
1799,1726
1775,1763
1759,1759
1788,1745
1711,1713
1795,1724
1726,1730
1724,1685
1670,1644
1647,1691
1751,1616
1683,1624
1620,1643
1602,1596
1581,1574
1556,1566
1545,1503
1545,1544
1494,1513
1529,1514
1452,1476
1469,1411
1494,1460
1463,1446
1406,1426
1419,1454
1477,1425
1437,1467
1402,1436
1424,1429
1440,1467
1502,1466
1446,1503
1497,1519
1486,1522
1500,1512
1524,1547
1528,1556
1560,1577
1565,1646
1618,1610
1595,1594
1584,1659
1678,1644
1701,1685
1703,1697
1721,1726
1695,1720
1777,1773
1741,1773
1807,1750
1795,1767
1783,1752
1766,1715
1744,1759
1783,1767
1775,1760
1787,1735
1732,1701
1775,1733
1696,1701
1734,1630
1678,1676
1676,1622
1684,1630
1614,1624
1582,1607
1566,1530
1557,1528
1525,1512
1479,1461
1511,1487
1449,1469
1512,1486
1417,1421
1420,1437
1419,1453
1481,1434
1433,1477
1396,1409
1465,1481
1444,1487
1412,1436
1426,1476
1429,1446
1470,1498
1472,1501
1463,1503
1493,1556
1558,1575
1537,1589
1551,1585
1557,1636
1632,1640
1619,1692
1678,1650
1723,1640
1644,1724
1719,1717
1763,1748
1794,1772
1746,1715
1771,1737
1772,1772
1772,1728
1752,1720
1808,1745
1791,1818
1766,1745
1784,1717
1756,1742
1723,1684
1684,1685
1732,1670
1689,1645
1672,1619
1645,1648
1679,1568
1616,1590
1647,1539
1537,1518
1564,1530
1528,1491
1541,1463
1506,1463
1467,1457
1442,1478
1438,1433
1434,1435
1426,1417
1440,1456
1378,1434
1397,1414
1420,1432
1410,1428
1406,1466
1458,1463
1472,1504
1500,1492
1523,1550
1515,1552
1501,1580
1553,1574
1545,1605
1567,1625
1613,1629
1642,1688
1612,1665
1612,1749
1652,1688
1742,1694
1698,1734
1740,1785
1752,1726
1813,1751
1829,1734
1745,1759
1787,1749
1768,1765
1750,1729
1780,1770
1779,1763
1763,1714
1713,1717
1759,1700
1722,1661
1676,1658
1655,1651
1674,1587
1658,1610
1578,1579
1573,1532
1597,1559
1570,1548
1514,1514
1504,1492
1499,1460
1447,1430
1450,1439
1448,1430
1431,1440
1394,1435
1356,1447
1448,1465
1416,1467
1386,1459
1428,1470
1421,1459
1448,1512
1448,1467
1444,1472
1465,1525
1490,1523
1512,1582
1591,1594
1563,1617
1586,1588
1607,1663
1604,1678
1677,1661
1612,1721
1677,1701
1774,1719
1726,1764
1779,1723
1710,1729
1776,1767
1773,1752
1779,1745
1795,1767
1786,1754
1776,1748
1754,1729
1769,1778
1715,1741
1763,1712
1732,1678
1732,1643
1717,1649
1707,1628
1649,1602
1615,1575
1617,1623
1566,1567
1568,1564
1549,1485
1492,1527
1504,1475
1548,1498
1480,1475
1504,1435
1431,1426
1403,1459
1405,1441
1419,1432
1433,1445
1445,1425
1459,1413
1442,1466
1438,1466
1449,1481
1434,1507
1467,1522
1473,1536
1475,1570
1533,1562
1579,1569
1594,1594
1598,1618
1598,1663
1611,1676
1621,1598
1671,1675
1679,1741
1732,1746
1714,1733
1732,1747
1776,1773
1767,1708
1745,1790
1800,1767
1778,1802
1792,1777
1757,1778
1762,1804
1714,1735
1748,1733
1790,1711
1724,1692
1650,1709
1672,1668
1646,1674
1616,1642
1703,1584
1624,1551
1613,1565
1566,1516
1507,1503
1480,1484
1512,1503
1485,1428
1460,1479
1441,1427
1459,1446
1428,1455
1436,1394
1444,1399
1433,1435
1415,1412
1383,1457
1423,1492
1432,1511
1443,1438
1422,1466
1523,1486
1463,1543
1496,1523
1556,1556
1551,1588
1556,1590
1584,1618
1617,1640
1598,1681
1670,1669
1665,1694
1704,1729
1724,1745
1725,1736
1758,1737
1776,1748
1813,1763
1741,1766
1756,1762
1775,1792
1770,1766
1762,1765
1785,1776
1765,1747
1806,1715
1725,1703
1746,1694
1724,1637
1679,1643
1708,1617
1611,1609
1605,1571
1589,1557
1552,1572
1578,1542
1511,1508
1531,1474
1500,1466
1482,1452
1462,1468
1438,1455
1441,1407
1404,1426
1436,1428
1427,1427
1455,1453
1451,1457
1407,1452
1398,1449
1439,1456
1426,1507
1432,1502
1439,1513
1468,1499
1552,1586
1504,1606
1541,1547
1558,1608
1619,1629
1618,1673
1666,1679
1664,1677
1701,1737
1772,1733
1755,1757
1759,1753
1777,1755
1802,1764
1746,1730
1781,1737
1770,1766
1796,1786
1793,1773
1805,1734
1814,1743
1772,1733
1735,1721
1738,1725
1711,1655
1739,1639
1691,1655
1708,1606
1673,1617
1616,1596
1599,1535
1537,1547
1505,1506
1541,1521
1549,1479
1490,1450
1430,1453
1474,1448
1434,1445
1440,1436
1394,1403
1357,1394
1381,1453
1421,1415
1402,1421
1410,1469
1381,1472
1406,1463
1391,1474
1429,1532
1487,1513
1488,1539
1537,1530
1540,1567
1532,1594
1595,1653
1583,1595
1615,1655
1670,1676
1681,1715
1743,1716
1717,1786
1701,1736
1736,1748
1733,1759
1750,1754
1799,1779
1744,1773
1754,1784
1784,1754
1776,1769
1824,1742
1786,1678
1778,1686
1797,1713
1764,1700
1752,1681
1721,1632
1661,1619
1648,1608
1622,1597
1623,1598
1568,1525
1586,1549
1566,1535
1489,1454
1436,1459
1452,1436
1461,1468
1430,1449
1398,1427
1395,1404
1435,1420
1413,1441
1421,1414
1456,1399
1418,1469
1416,1423
1411,1458
1436,1453
1479,1507
1510,1495
1480,1561
1489,1557
1557,1555
1533,1602
1539,1595
1566,1589
1659,1636
1620,1657
1699,1692
1649,1692
1726,1714
1710,1761
1664,1768
1771,1769
1789,1775
1790,1799
1779,1801
1783,1740
1826,1828
1781,1773
1783,1741
1759,1733
1807,1692
1735,1728
1749,1688
1773,1706
1715,1658
1655,1635
1672,1646
1623,1599
1572,1569
1541,1552
1544,1555
1538,1514
1475,1504
1498,1483
1516,1494
1442,1438
1429,1441
1401,1448
1409,1446
1416,1436
1465,1493
1398,1433
1392,1408
1403,1458
1429,1405
1445,1462
1376,1466
1461,1510
1434,1497
1481,1547
1506,1538
1531,1587
1547,1593
1568,1612
1586,1627
1660,1658
1631,1671
1703,1676
1696,1744
1698,1703
1777,1716
1736,1757
1814,1782
1736,1760
1763,1753
1773,1787
1781,1803
1820,1791
1793,1764
1789,1751
1777,1757
1816,1712
1757,1774
1734,1685
1721,1656
1727,1699
1704,1640
1663,1633
1632,1623
1596,1543
1620,1577
1577,1528
1519,1528
1491,1529
1469,1458
1555,1501
1498,1496
1506,1452
1427,1431
1419,1437
1415,1408
1406,1426
1413,1442
1423,1436
1397,1425
1404,1438
1419,1434
1442,1470
1467,1515
1457,1484
1477,1522
1512,1536
1457,1539
1543,1570
1526,1606
1558,1598
1577,1635
1616,1656
1603,1666
1635,1720
1689,1722
1752,1767
1743,1743
1773,1789
1766,1791
1707,1789
1769,1778
1837,1776
1793,1782
1833,1754
1816,1802
1792,1788
1802,1703
1771,1725
1751,1728
1734,1690
1683,1685
1690,1650
1617,1611
1674,1622
1685,1628
1580,1559
1530,1532
1556,1525
1544,1496
1497,1502
1478,1490
1491,1441
1424,1477
1448,1479
1435,1429
1436,1433
1372,1423
1427,1408
1427,1411
1427,1396
1411,1431
1409,1436
1422,1472
1480,1477
1430,1484
1455,1524
1521,1508
1498,1568
1567,1585
1572,1613
1629,1652
1588,1661
1664,1657
1632,1709
1695,1693
1693,1715
1746,1740
1753,1755
1745,1747
1791,1790
1736,1730
1795,1776
1769,1797
1799,1821
1774,1760
1756,1733
1782,1772
1785,1781
1737,1708
1788,1728
1745,1707
1716,1641
1730,1682
1698,1661
1656,1629
1617,1581
1625,1572
1563,1564
1561,1520
1540,1498
1536,1488
1475,1426
1475,1488
1452,1436
1431,1447
1445,1431
1408,1407
1440,1460
1464,1421
1420,1414
1415,1380
1453,1414
1415,1472
1418,1430
1432,1514
1454,1496
1449,1492
1483,1524
1525,1504
1502,1542
1557,1621
1544,1644
1570,1618
1622,1656
1611,1665
1667,1724
1666,1754
1731,1713
1739,1787
1728,1767
1724,1764
1834,1793
1823,1769
1782,1790
1836,1751
1793,1782
1822,1765
1791,1723
1787,1720
1787,1745
1757,1754
1743,1698
1738,1671
1722,1654
1712,1624
1627,1651
1629,1594
1637,1577
1571,1585
1554,1530
1555,1501
1486,1490
1474,1492
1485,1481
1494,1426
1431,1435
1450,1412
1384,1424
1426,1420
1405,1415
1410,1464
1413,1460
1382,1430
1409,1481
1404,1416
1438,1477
1426,1483
1479,1539
1477,1511
1506,1532
1503,1574
1542,1558
1581,1574
1613,1643
1618,1703
1699,1641
1665,1757
1683,1715
1710,1713
1753,1749
1768,1730
1774,1750
1742,1776
1783,1777
1807,1746
1791,1759
1766,1772
1811,1744
1817,1774
1774,1730
1802,1764
1760,1738
1706,1727
1735,1683
1697,1648
1674,1677
1645,1612
1607,1615
1586,1560
1595,1556
1567,1581
1516,1523
1547,1525
1496,1481
1463,1470
1479,1432
1469,1425
1468,1470
1415,1444
1414,1404
1400,1430
1395,1444
1399,1443
1426,1415
1408,1491
1379,1458
1433,1518
1402,1535
1518,1502
1499,1550
1511,1539
1500,1557
1570,1583
1561,1585
1582,1598
1645,1688
1668,1675
1717,1677
1715,1723
1695,1697
1721,1731
1722,1752
1812,1756
1828,1767
1808,1762
1791,1784
1802,1755
1807,1729
1786,1791
1755,1788
1739,1761
1751,1750
1785,1721
1711,1698
1729,1682
1684,1647
1671,1643
1634,1583
1639,1629
1575,1535
1559,1541
1570,1523
1528,1479
1550,1487
1560,1477
1450,1483
1432,1466
1406,1449
1446,1440
1452,1406
1492,1388
1428,1421
1417,1423
1419,1412
1417,1415
1420,1413
1428,1480
1439,1506
1443,1468
1484,1547
1458,1480
1488,1545
1519,1614
1574,1613
1535,1580
1523,1639
1596,1640
1699,1677
1661,1682
1694,1700
1735,1714
1767,1755
1745,1748
1746,1755
1781,1793
1784,1768
1782,1790
1835,1761
1829,1740
1782,1784
1757,1800
1812,1732
1748,1741
1742,1681
1702,1693
1732,1718
1688,1631
1692,1628
1663,1613
1633,1571
1595,1561
1584,1538
1500,1579
1540,1491
1479,1476
1497,1427
1505,1474
1467,1458
1413,1452
1428,1444
1417,1459
1371,1394
1371,1436
1375,1413
1397,1417
1391,1475
1427,1435
1394,1468
1490,1443
1463,1479
1448,1538
1449,1561
1518,1559
1514,1562
1558,1565
1620,1604
1582,1639
1669,1680
1683,1717
1639,1727
1698,1700
1701,1734
1758,1764
1782,1726
1756,1761
1795,1775
1711,1770
1790,1777
1799,1737
1790,1772
1816,1847
1790,1763
1778,1733
1742,1737
1761,1712
1763,1687
1725,1652
1709,1643
1657,1598
1671,1612
1643,1570
1642,1570
1545,1552
1572,1533
1488,1530
1528,1496
1507,1426
1454,1461
1415,1443
1413,1485
1408,1434
1417,1433
1389,1405
1385,1436
1479,1427
1389,1488
1448,1453
1395,1463
1400,1484
1431,1502
1444,1466
1487,1509
1506,1552
1498,1519
1517,1582
1560,1593
1586,1625
1565,1647
1616,1656
1667,1680
1680,1682
1712,1743
1690,1728
1710,1729
1761,1757
1762,1756
1836,1765
1817,1751
1778,1790
1811,1797
1759,1762
1797,1758
1789,1748
1846,1742
1753,1710
1720,1699
1742,1682
1734,1685
1694,1685
1658,1688
1657,1615
1600,1585
1553,1586
1521,1546
1552,1517
1517,1502
1539,1507
1502,1452
1453,1429
1477,1462
1402,1419
1414,1379
1419,1442
1446,1421
1423,1396
1424,1460
1472,1432
1412,1452
1424,1433
1462,1479
1440,1432
1466,1463
1493,1529
1475,1535
1487,1588
1526,1533
1523,1612
1574,1625
1617,1643
1670,1665
1627,1702
1688,1737
1700,1693
1717,1727
1771,1770
1720,1783
1756,1792
1747,1805
1807,1773
1775,1782
1776,1781
1790,1797
1763,1752
1801,1773
1804,1784
1753,1722
1732,1683
1731,1690
1703,1654
1716,1682
1683,1590
1604,1613
1561,1548
1604,1561
1574,1533
1544,1502
1514,1486
1488,1485
1423,1425
1460,1455
1419,1447
1399,1436
1413,1429
1397,1445
1443,1436
1416,1475
1394,1454
1393,1461
1391,1469
1404,1509
1462,1469
1419,1488
1455,1513
1493,1535
1504,1589
1532,1505
1590,1591
1542,1618
1576,1643
1626,1648
1663,1646
1632,1680
1705,1721
1733,1772
1714,1731
1724,1788
1741,1757
1787,1779
1797,1807
1738,1780
1834,1765
1767,1793
1803,1771
1803,1762
1768,1757
1737,1719
1773,1703
1764,1679
1701,1692
1713,1652
1700,1620
1620,1629
1648,1619
1558,1606
1579,1546
1569,1565
1564,1494
1557,1497
1546,1442
1450,1479
1465,1453
1469,1444
1429,1431
1439,1442
1417,1414
1387,1431
1419,1391
1442,1469
1418,1435
1416,1453
1423,1458
1434,1411
1447,1478
1472,1526
1474,1528
1502,1574
1500,1567
1515,1560
1540,1660
1618,1602
1624,1621
1619,1671
1652,1708
1715,1740
1719,1681
1764,1716
1756,1783
1759,1765
1758,1771
1747,1784
1765,1772
1801,1749
1814,1784
1820,1738
1768,1761
1801,1776
1778,1737
1760,1681
1774,1677
1744,1667
1682,1646
1688,1656
1660,1621
1634,1575
1631,1591
1558,1550
1544,1566
1578,1547
1511,1477
1527,1514
1469,1437
1482,1470
1474,1466
1400,1429
1460,1442
1397,1425
1415,1393
1426,1409
1406,1444
1404,1439
1435,1448
1435,1467
1468,1454
1451,1511
1435,1501
1495,1568
1548,1559
1557,1585
1512,1589
1592,1627
1611,1654
1662,1589
1604,1687
1676,1652
1710,1729
1711,1718
1768,1754
1773,1737
1807,1741
1788,1781
1759,1741
1786,1792
1789,1764
1812,1806
1807,1776
1757,1707
1766,1756
1758,1737
1765,1714
1724,1686
1727,1726
1703,1658
1661,1614
1651,1588
1666,1609
1562,1531
1627,1557
1524,1516
1611,1500
1491,1516
1478,1529
1455,1474
1465,1441
1381,1426
1465,1443
1424,1434
1392,1411
1351,1438
1382,1408
1411,1459
1428,1478
1423,1443
1449,1469
1452,1510
1402,1491
1497,1513
1447,1509
1510,1574
1531,1579
1569,1630
1611,1615
1591,1590
1604,1681
1674,1696
1670,1682
1667,1735
1695,1753
1743,1751
1760,1731
1804,1763
1765,1768
1799,1764
1754,1728
1776,1784
1742,1758
1784,1732
1798,1757
1767,1729
1744,1706
1775,1723
1729,1719
1709,1656
1699,1614
1704,1657
1693,1598
1624,1643
1609,1558
1580,1522
1549,1521
1521,1546
1510,1496
1533,1445
1491,1488
1456,1503
1469,1476
1409,1408
1430,1383
1440,1394
1411,1395
1460,1415
1436,1412
1422,1434
1445,1440
1463,1480
1470,1496
1465,1519
1490,1552
1554,1579
1513,1575
1562,1602
1570,1609
1543,1603
1589,1638
1619,1689
1642,1675
1695,1686
1663,1759
1757,1732
1745,1726
1722,1723
1748,1761
1749,1761
1794,1745
1772,1768
1771,1772
1808,1728
1794,1768
1766,1757
1782,1740
1741,1728
1749,1753
1713,1668
1711,1648
1622,1659
1685,1593
1692,1599
1620,1557
1589,1583
1566,1528
1580,1560
1578,1528
1492,1530
1461,1482
1497,1469
1386,1430
1475,1485
1412,1420
1430,1445
1461,1441
1398,1463
1396,1410
1380,1423
1439,1453
1414,1501
1421,1520
1419,1490
1487,1491
1497,1523
1518,1506
1523,1577
1539,1516
1542,1590
1598,1590
1585,1634
1635,1660
1644,1676
1632,1698
1725,1690
1714,1751
1761,1748
1774,1765
1778,1786
1746,1781
1815,1714
1801,1761
1760,1739
1784,1756
1741,1747
1769,1759
1794,1736
1756,1720
1739,1677
1742,1708
1725,1633
1684,1658
1653,1614
1655,1632
1655,1552
1569,1517
1565,1533
1562,1529
1589,1524
1519,1498
1541,1465
1474,1449
1457,1459
1421,1442
1401,1469
1404,1401
1403,1409
1428,1448
1446,1444
1384,1480
1438,1449
1400,1493
1425,1465
1439,1491
1465,1485
1504,1546
1504,1505
1540,1542
1590,1610
1550,1604
1618,1596
1616,1616
1576,1646
1663,1645
1644,1670
1726,1729
1724,1682
1743,1778
1758,1719
1764,1730
1743,1755
1786,1779
1752,1772
1796,1746
1779,1743
1794,1751
1777,1719
1738,1741
1706,1699
1749,1698
1711,1673
1705,1693
1671,1646
1653,1609
1646,1600
1613,1551
1619,1549
1599,1529
1566,1523
1575,1492
1492,1491
1501,1469
1507,1442
1440,1445
1462,1478
1473,1439
1443,1452
1447,1421
1409,1472
1372,1455
1384,1474
1407,1437
1437,1511
1438,1501
1445,1484
1460,1534
1509,1505
1449,1536
1551,1571
1569,1611
1569,1596
1581,1595
1628,1645
1655,1661
1662,1631
1650,1700
1695,1698
1743,1723
1708,1720
1746,1752
1737,1748
1738,1757
1782,1741
1766,1779
1761,1787
1769,1750
1764,1734
1781,1731
1759,1735
1743,1738
1776,1723
1748,1679
1691,1670
1680,1635
1648,1630
1604,1606
1640,1597
1590,1532
1610,1571
1532,1545
1556,1528
1513,1502
1491,1487
1468,1487
1483,1486
1440,1447
1472,1472
1461,1431
1406,1418
1422,1417
1472,1400
1395,1473
1451,1475
1426,1422
1445,1515
1466,1509
1521,1487
1507,1546
1465,1511
1502,1546
1562,1569
1554,1567
1613,1574
1633,1637
1626,1676
1668,1721
1693,1668
1695,1726
1699,1685
1683,1716
1699,1767
1738,1735
1724,1756
1754,1745
1764,1786
1795,1793
1748,1708
1777,1748
1763,1717
1784,1739
1774,1742
1740,1699
1712,1685
1741,1671
1673,1669
1649,1628
1648,1587
1621,1600
1621,1562
1530,1562
1597,1512
1546,1540
1528,1486
1542,1513
1498,1462
1451,1483
1428,1456
1463,1446
1433,1398
1408,1438
1434,1427
1445,1442
1467,1455
1441,1479
1434,1469
1432,1411
1441,1498
1491,1485
1520,1514
1509,1533
1504,1539
1536,1587
1544,1586
1580,1589
1644,1647
1650,1630
1654,1672
1697,1676
1682,1727
1715,1718
1638,1729
1714,1734
1699,1740
1744,1761
1784,1774
1726,1780
1746,1776
1753,1736
1763,1780
1730,1727
1770,1746
1761,1725
1708,1713
1712,1708
1710,1651
1687,1622
1660,1641
1690,1652
1640,1551
1647,1564
1574,1549
1604,1544
1575,1524
1521,1511
1502,1458
1498,1493
1441,1478
1453,1494
1488,1427
1457,1455
1473,1455
1433,1447
1419,1452
1408,1456
1410,1447
1463,1460
1453,1494
1396,1515
1461,1477
1430,1530
1506,1568
1544,1576
1557,1543
1562,1603
1567,1601
1549,1586
1634,1673
1657,1681
1643,1644
1714,1677
1662,1735
1714,1701
1801,1716
1765,1713
1735,1767
1748,1752
1742,1768
1781,1750
1741,1748
1753,1748
1791,1722
1776,1733
1685,1696
1706,1692
1716,1689
1704,1668
1686,1611
1632,1628
1659,1652
1625,1609
1606,1593
1564,1518
1496,1558
1554,1513
1522,1506
1547,1551
1547,1479
1497,1428
1480,1457
1448,1477
1479,1432
1447,1464
1440,1490
1426,1435
1437,1446
1440,1444
1426,1467
1476,1469
1481,1473
1467,1491
1504,1560
1496,1553
1498,1525
1538,1561
1539,1590
1597,1638
1611,1606
1629,1630
1633,1626
1633,1688
1669,1686
1685,1697
1667,1706
1713,1725
1738,1739
1757,1723
1756,1710
1762,1762
1736,1782
1797,1764
1715,1720
1768,1745
1751,1731
1743,1692
1752,1732
1673,1735
1752,1652
1716,1676
1639,1624
1690,1649
1611,1657
1645,1569
1623,1584
1581,1550
1548,1555
1544,1517
1558,1492
1508,1449
1512,1468
1481,1466
1460,1511
1456,1453
1430,1468
1431,1418
1473,1455
1442,1452
1407,1471
1406,1455
1439,1495
1459,1477
1495,1494
1486,1489
1471,1525
1466,1511
1523,1549
1539,1590
1596,1613
1567,1614
1571,1605
1640,1673
1657,1623
1653,1671
1675,1757
1672,1712
1730,1709
1709,1680
1688,1756
1728,1781
1759,1739
1734,1716
1749,1724
1739,1739
1728,1724
1770,1704
1775,1737
1750,1708
1788,1721
1702,1664
1721,1675
1681,1638
1721,1617
1654,1679
1652,1604
1647,1607
1582,1536
1593,1572
1558,1506
1544,1509
1554,1504
1557,1495
1467,1483
1498,1503
1486,1481
1451,1485
1493,1442
1391,1436
1471,1451
1454,1465
1433,1449
1466,1479
1475,1490
1507,1443
1431,1521
1494,1541
1435,1505
1499,1564
1548,1544
1554,1549
1549,1618
1613,1582
1564,1651
1615,1652
1625,1668
1645,1673
1677,1698
1703,1707
1695,1715
1733,1706
1721,1750
1782,1711
1779,1738
1781,1721
1784,1734
1785,1688
1737,1712
1738,1726
1718,1735
1764,1699
1755,1665
1710,1692
1705,1647
1683,1655
1639,1620
1607,1630
1656,1570
1629,1555
1616,1561
1584,1538
1568,1517
1507,1540
1511,1496
1497,1521
1511,1482
1480,1494
1509,1438
1446,1460
1452,1496
1433,1451
1411,1490
1485,1494
1444,1450
1424,1450
1463,1506
1456,1488
1471,1506
1503,1502
1506,1472
1554,1538
1514,1548
1511,1578
1561,1588
1558,1614
1585,1678
1611,1659
1646,1694
1675,1668
1675,1675
1716,1712
1711,1709
1727,1753
1699,1727
1742,1762
1736,1751
1771,1799
1725,1760
1740,1706
1767,1723
1702,1712
1689,1745
1747,1690
1728,1700
1726,1694
1717,1629
1632,1671
1643,1651
1649,1600
1660,1612
1551,1613
1591,1561
1596,1542
1538,1533
1534,1514
1536,1521
1498,1480
1454,1459
1462,1493
1482,1439
1475,1470
1438,1428
1430,1452
1427,1506
1484,1508
1470,1472
1446,1495
1502,1498
1498,1497
1476,1507
1470,1556
1480,1532
1493,1510
1564,1566
1492,1586
1541,1606
1605,1646
1649,1586
1620,1639
1616,1649
1661,1675
1685,1721
1719,1722
1704,1711
1741,1710
1724,1708
1745,1715
1746,1732
1816,1719
1692,1770
1749,1737
1782,1757
1708,1727
1750,1726
1741,1715
1704,1697
1716,1662
1659,1657
1662,1619
1655,1640
1653,1665
1624,1626
1622,1569
1624,1568
1603,1531
1534,1523
1549,1520
1494,1518
1508,1501
1454,1471
1473,1465
1410,1467
1487,1466
1467,1465
1407,1475
1429,1517
1415,1491
1479,1452
1441,1503
1408,1476
1457,1506
1475,1517
1502,1505
1511,1546
1466,1548
1538,1529
1540,1599
1537,1560
1621,1604
1587,1602
1609,1637
1670,1666
1668,1683
1665,1653
1650,1731
1661,1699
1732,1685
1730,1724
1728,1761
1743,1719
1729,1730
1759,1746
1732,1743
1763,1684
1737,1737
1738,1702
1731,1705
1715,1673
1727,1699
1659,1666
1703,1643
1665,1656
1673,1597
1631,1620
1616,1568
1611,1578
1605,1573
1548,1570
1561,1554
1518,1532
1536,1517
1529,1473
1467,1499
1524,1418
1472,1445
1429,1480
1432,1487
1463,1435
1425,1481
1495,1502
1512,1473
1447,1497
1502,1486
1399,1485
1493,1511
1504,1517
1493,1573
1587,1563
1572,1554
1541,1568
1583,1607
1630,1628
1583,1622
1616,1649
1646,1680
1672,1696
1632,1657
1700,1742
1705,1693
1689,1684
1727,1718
1774,1736
1735,1715
1744,1714
1739,1739
1758,1701
1766,1726
1709,1720
1705,1682
1764,1697
1661,1694
1721,1695
1660,1646
1652,1665
1645,1612
1607,1610
1631,1581
1613,1607
1570,1599
1589,1522
1552,1535
1546,1491
1473,1524
1510,1515
1514,1448
1490,1477
1453,1456
1450,1469
1501,1496
1455,1465
1491,1506
1453,1480
1463,1507
1445,1487
1458,1493
1469,1479
1515,1537
1448,1509
1472,1556
1519,1573
1536,1588
1550,1584
1555,1590
1552,1665
1581,1634
1658,1658
1649,1660
1631,1658
1690,1687
1669,1704
1700,1694
1671,1702
1742,1727
1770,1725
1759,1733
1733,1699
1724,1760
1789,1735
1764,1709
1728,1706
1769,1710
1714,1695
1746,1671
1743,1638
1682,1630
1683,1659
1684,1625
1643,1633
1612,1605
1642,1633
1597,1568
1589,1570
1537,1542
1564,1518
1535,1536
1540,1491
1492,1503
1466,1489
1447,1460
1471,1453
1461,1490
1430,1494
1462,1493
1457,1494
1477,1466
1434,1499
1437,1496
1496,1473
1433,1481
1487,1516
1486,1531
1470,1548
1514,1567
1565,1559
1599,1569
1602,1609
1585,1624
1600,1605
1620,1652
1632,1641
1665,1628
1704,1641
1688,1689
1697,1718
1730,1736
1713,1724
1785,1671
1722,1740
1770,1706
1752,1744
1741,1734
1755,1753
1735,1698
1680,1687
1710,1686
1697,1714
1730,1700
1682,1666
1694,1667
1691,1657
1669,1599
1553,1619
1605,1584
1579,1595
1590,1524
1557,1546
1532,1521
1520,1538
1488,1511
1480,1497
1516,1458
1478,1489
1477,1497
1417,1452
1428,1480
1434,1475
1441,1421
1420,1464
1478,1500
1456,1424
1438,1511
1494,1527
1481,1522
1487,1515
1506,1567
1491,1550
1545,1593
1586,1605
1570,1581
1587,1606
1637,1633
1582,1644
1633,1656
1643,1698
1687,1720
1693,1704
1716,1692
1713,1720
1705,1719
1744,1742
1712,1735
1713,1734
1712,1750
1733,1735
1737,1762
1759,1720
1721,1709
1674,1699
1730,1671
1722,1685
1690,1645
1697,1630
1646,1623
1651,1613
1610,1575
1624,1565
1593,1551
1554,1566
1561,1502
1528,1542
1543,1499
1545,1512
1485,1519
1479,1502
1470,1511
1494,1477
1526,1473
1455,1472
1448,1481
1463,1493
1463,1469
1460,1490
1439,1498
1548,1463
1506,1520
1499,1534
1475,1531
1481,1585
1540,1585
1528,1573
1577,1606
1569,1600
1595,1648
1558,1646
1628,1659
1637,1653
1638,1660
1621,1687
1667,1678
1696,1704
1714,1705
1726,1720
1718,1729
1721,1725
1728,1704
1771,1691
1718,1717
1751,1737
1708,1731
1712,1727
1730,1725
1747,1708
1709,1622
1675,1616
1689,1659
1665,1640
1661,1644
1626,1595
1621,1579
1630,1570
1583,1563
1598,1524
1584,1539
1550,1534
1520,1499
1531,1490
1535,1503
1464,1520
1447,1506
1435,1490
1468,1493
1453,1466
1467,1494
1451,1485
1434,1477
1475,1500
1499,1481
1471,1496
1491,1556
1457,1535
1560,1540
1550,1588
1518,1546
1565,1596
1535,1614
1575,1632
1605,1631
1642,1611
1619,1642
1623,1653
1686,1683
1718,1708
1651,1728
1766,1729
1692,1726
1692,1723
1722,1710
1711,1746
1749,1702
1729,1696
1719,1717
1768,1678
1720,1662
1711,1709
1735,1696
1727,1675
1628,1673
1663,1657
1670,1632
1621,1645
1604,1618
1625,1613
1654,1567
1600,1560
1599,1521
1557,1500
1509,1496
1562,1502
1508,1541
1509,1501
1509,1508
1451,1458
1492,1487
1433,1480
1463,1475
1471,1495
1406,1476
1457,1498
1457,1529
1455,1443
1437,1506
1412,1495
1495,1528
1514,1531
1518,1553
1519,1578
1576,1556
1539,1633
1527,1604
1550,1655
1615,1637
1601,1624
1648,1661
1648,1684
1679,1725
1663,1675
1696,1688
1682,1719
1775,1708
1727,1708
1735,1731
1721,1744
1746,1739
1788,1748
1743,1713
1780,1723
1748,1656
1733,1671
1752,1658
1701,1680
1703,1673
1706,1607
1645,1640
1615,1598
1628,1602
1584,1563
1634,1544
1556,1583
1578,1572
1535,1488
1530,1529
1538,1489
1507,1508
1498,1476
1432,1521
1459,1528
1501,1498
1538,1493
1460,1501
1507,1468
1471,1480
1455,1486
1452,1494
1464,1472
1457,1515
1465,1539
1522,1512
1513,1550
1505,1531
1547,1620
1529,1553
1573,1632
1569,1578
1584,1639
1614,1660
1634,1645
1662,1651
1645,1676
1697,1679
1675,1696
1703,1715
1740,1705
1679,1773
1740,1704
1761,1733
1739,1764
1741,1722
1736,1751
1749,1738
1722,1697
1716,1734
1730,1700
1696,1670
1742,1691
1704,1644
1688,1638
1651,1634
1672,1655
1635,1621
1656,1593
1593,1553
1574,1535
1594,1551
1583,1526
1555,1501
1534,1510
1520,1500
1460,1485
1487,1477
1515,1498
1483,1489
1431,1457
1445,1425
1478,1475
1475,1473
1418,1442
1489,1474
1470,1489
1514,1527
1538,1488
1453,1523
1484,1536
1480,1536
1523,1591
1617,1588
1586,1572
1599,1663
1568,1587
1606,1616
1642,1685
1693,1693
1628,1671
1707,1714
1701,1683
1708,1749
1765,1685
1681,1706
1740,1759
1740,1725
1746,1745
1751,1715
1760,1722
1708,1752
1711,1714
1687,1711
1732,1678
1747,1664
1701,1658
1700,1636
1627,1658
1689,1627
1689,1615
1648,1653
1646,1581
1582,1569
1547,1517
1549,1559
1549,1543
1543,1526
1553,1526
1519,1498
1513,1500
1479,1472
1493,1522
1490,1486
1435,1493
1443,1470
1451,1513
1455,1494
1466,1488
1447,1460
1435,1501
1530,1541
1462,1526
1493,1490
1520,1594
1550,1567
1547,1553
1540,1562
1657,1581
1559,1622
1555,1602
1572,1636
1624,1635
1616,1632
1708,1707
1648,1682
1662,1684
1711,1675
1708,1669
1716,1755
1732,1702
1711,1743
1750,1722
1731,1705
1699,1708
1757,1724
1746,1708
1698,1678
1722,1730
1718,1701
1739,1686
1697,1665
1649,1653
1608,1624
1713,1606
1624,1613
1626,1578
1596,1597
1585,1523
1574,1551
1538,1566
1544,1555
1530,1491
1499,1485
1496,1474
1521,1517
1465,1449
1492,1440
1449,1471
1456,1478
1449,1495
1450,1467
1464,1467
1469,1477
1460,1454
1510,1497
1451,1508
1483,1492
1510,1528
1477,1542
1529,1536
1552,1610
1553,1609
1575,1551
1604,1563
1612,1594
1608,1666
1640,1684
1663,1679
1663,1716
1671,1704
1736,1659
1734,1706
1694,1716
1742,1693
1709,1698
1734,1728
1771,1710
1738,1735
1717,1744
1744,1714
1714,1747
1794,1679
1723,1701
1718,1704
1692,1687
1690,1654
1597,1645
1689,1648
1658,1668
1685,1636
1645,1593
1654,1604
1588,1549
1588,1568
1512,1518
1491,1482
1523,1513
1483,1460
1548,1481
1481,1482
1477,1486
1465,1449
1455,1443
1446,1446
1458,1468
1460,1420
1491,1480
1447,1458
1477,1499
1475,1476
1470,1478
1482,1512
1512,1489
1498,1512
1524,1535
1535,1588
1579,1576
1522,1604
1607,1598
1583,1615
1591,1651
1677,1691
1675,1663
1636,1687
1698,1670
1717,1722
1727,1699
1783,1743
1712,1734
1753,1697
1730,1730
1721,1766
1740,1731
1772,1752
1762,1711
1764,1726
1710,1685
1750,1679
1722,1674
1718,1686
1695,1692
1669,1650
1659,1639
1653,1647
1614,1576
1626,1610
1589,1556
1620,1567
1555,1559
1542,1520
1519,1492
1558,1498
1511,1479
1522,1507
1434,1466
1489,1480
1499,1475
1503,1444
1457,1455
1488,1520
1429,1478
1452,1490
1420,1464
1428,1463
1459,1547
1509,1534
1465,1530
1523,1530
1500,1573
1540,1564
1566,1543
1599,1573
1550,1629
1636,1650
1542,1612
1654,1641
1653,1649
1635,1662
1642,1685
1662,1705
1703,1700
1737,1726
1694,1683
1722,1714
1781,1760
1778,1734
1725,1731
1733,1740
1739,1685
1684,1727
1720,1699
1764,1671
1733,1715
1726,1722
1737,1642
1669,1635
1675,1656
1598,1661
1649,1672
1604,1571
1670,1594
1612,1553
1615,1593
1616,1506
1543,1515
1545,1530
1584,1508
1475,1537
1507,1504
1455,1488
1499,1511
1505,1479
1454,1499
1426,1474
1466,1498
1449,1433
1440,1476
1493,1519
1440,1487
1426,1514
1474,1489
1516,1533
1475,1579
1502,1540
1490,1521
1545,1575
1554,1608
1563,1581
1590,1597
1574,1584
1585,1653
1648,1639
1659,1664
1631,1662
1712,1713
1681,1726
1715,1705
1684,1721
1703,1704
1720,1723
1744,1721
1708,1728
1749,1747
1765,1724
1740,1712
1765,1705
1725,1717
1717,1682
1744,1699
1745,1686
1693,1660
1691,1722
1689,1669
1675,1649
1634,1667
1601,1578
1623,1567
1608,1592
1606,1544
1515,1524
1513,1528
1532,1459
1475,1537
1458,1482
1493,1478
1474,1492
1467,1497
1441,1458
1434,1498
1448,1486
1509,1504
1419,1502
1432,1522
1500,1458
1464,1487
1465,1521
1456,1530
1495,1501
1496,1533
1476,1553
1514,1541
1543,1574
1540,1588
1565,1607
1625,1614
1609,1654
1628,1623
1670,1633
1651,1718
1691,1682
1630,1683
1722,1690
1715,1695
1729,1684
1739,1707
1781,1711
1745,1741
1742,1704
1789,1709
1702,1712
1706,1726
1739,1736
1730,1723
1746,1694
1695,1661
1737,1706
1697,1692
1685,1648
1639,1661
1613,1665
1645,1592
1619,1591
1594,1581
1536,1559
1519,1537
1555,1535
1573,1555
1537,1520
1538,1509
1454,1481
1501,1476
1454,1454
1467,1528
1437,1493
1427,1470
1458,1440
1480,1457
1475,1494
1471,1502
1426,1482
1413,1504
1487,1479
1470,1501
1444,1506
1460,1532
1509,1503
1593,1529
1508,1580
1592,1606
1556,1617
1548,1601
1647,1645
1651,1667
1671,1661
1685,1677
1702,1701
1681,1694
1750,1727
1706,1691
1674,1744
1714,1743
1718,1774
1773,1745
1784,1733
1735,1723
1702,1718
1738,1750
1771,1710
1711,1681
1718,1705
1723,1676
1715,1687
1715,1680
1633,1676
1674,1662
1639,1621
1671,1603
1662,1619
1616,1554
1577,1530
1610,1546
1528,1523
1537,1548
1557,1523
1478,1486
1536,1510
1471,1507
1497,1494
1492,1462
1491,1477
1422,1473
1471,1503
1444,1520
1447,1478
1438,1489
1483,1499
1465,1467
1435,1485
1454,1488
1490,1540
1473,1488
1530,1556
1530,1567
1607,1596
1609,1586
1608,1584
1589,1605
1597,1575
1608,1615
1672,1685
1685,1682
1703,1687
1713,1697
1688,1727
1719,1681
1742,1743
1732,1765
1772,1754
1789,1747
1783,1757
1728,1774
1683,1697
1765,1708
1736,1711
1739,1743
1751,1708
1707,1662
1721,1696
1663,1620
1703,1675
1712,1652
1629,1607
1634,1620
1666,1587
1592,1611
1575,1578
1569,1561
1523,1525
1544,1499
1512,1504
1510,1496
1495,1530
1526,1478
1468,1483
1466,1465
1436,1429
1483,1493
1428,1472
1462,1464
1409,1454
1490,1486
1453,1491
1470,1517
1421,1501
1458,1514
1495,1502
1507,1498
1511,1549
1521,1545
1491,1546
1544,1584
1556,1560
1617,1645
1625,1630
1635,1683
1585,1677
1657,1689
1636,1699
1690,1682
1701,1751
1704,1707
1685,1668
1746,1749
1735,1758
1751,1749
1749,1751
1767,1716
1810,1764
1723,1742
1764,1737
1703,1720
1733,1708
1746,1724
1732,1737
1713,1696
1732,1658
1681,1638
1652,1631
1626,1603
1618,1576
1645,1563
1599,1562
1560,1539
1547,1545
1572,1525
1558,1519
1489,1507
1476,1493
1491,1470
1469,1473
1461,1465
1463,1467
1500,1471
1442,1461
1414,1443
1446,1476
1431,1459
1425,1482
1441,1481
1465,1470
1411,1512
1450,1491
1500,1502
1514,1551
1490,1540
1501,1581
1562,1579
1570,1618
1579,1608
1584,1595
1609,1624
1666,1630
1675,1669
1616,1707
1669,1674
1728,1708
1721,1723
1691,1711
1756,1716
1727,1796
1710,1751
1725,1746
1822,1754
1775,1738
1771,1757
1766,1736
1775,1725
1765,1745
1759,1738
1703,1697
1734,1697
1733,1678
1692,1667
1680,1643
1595,1635
1653,1632
1638,1648
1607,1542
1612,1568
1621,1528
1541,1546
1521,1512
1532,1500
1523,1456
1468,1484
1474,1430
1463,1487
1508,1445
1430,1455
1444,1472
1444,1459
1435,1441
1457,1446
1445,1393
1407,1465
1440,1455
1476,1532
1439,1507
1475,1503
1484,1518
1488,1499
1500,1564
1449,1567
1549,1549
1540,1613
1541,1633
1590,1665
1611,1614
1629,1662
1641,1647
1690,1697
1663,1701
1645,1669
1693,1707
1692,1739
1764,1740
1711,1767
1780,1685
1739,1720
1782,1723
1720,1741
1767,1792
1759,1697
1749,1707
1740,1678
1760,1704
1758,1712
1698,1672
1689,1668
1697,1630
1672,1650
1689,1638
1642,1621
1634,1602
1618,1545
1568,1550
1556,1561
1600,1530
1546,1541
1511,1551
1505,1528
1528,1460
1520,1479
1462,1471
1474,1452
1429,1470
1446,1461
1394,1406
1417,1450
1487,1472
1406,1460
1443,1452
1444,1454
1403,1491
1467,1508
1476,1524
1478,1517
1476,1518
1496,1513
1537,1581
1548,1589
1524,1572
1604,1560
1586,1573
1552,1632
1637,1622
1655,1643
1653,1660
1712,1656
1671,1674
1735,1725
1682,1728
1766,1712
1748,1736
1776,1774
1736,1741
1789,1743
1745,1769
1771,1729
1791,1743
1744,1729
1807,1739
1753,1729
1703,1667
1742,1680
1698,1648
1687,1637
1676,1650
1683,1625
1586,1598
1630,1549
1616,1573
1590,1586
1584,1586
1556,1499
1545,1481
1509,1518
1543,1486
1508,1489
1494,1472
1458,1472
1453,1490
1428,1433
1445,1434
1395,1469
1442,1438
1430,1423
1443,1414
1437,1430
1403,1478
1464,1452
1470,1494
1484,1505
1470,1582
1516,1523
1516,1581
1543,1518
1519,1541
1523,1621
1537,1587
1572,1642
1608,1648
1586,1628
1648,1695
1695,1678
1683,1705
1674,1698
1686,1724
1737,1751
1702,1697
1706,1758
1748,1738
1734,1754
1724,1730
1757,1790
1744,1759
1744,1773
1777,1727
1767,1742
1728,1752
1684,1728
1790,1728
1732,1698
1709,1646
1682,1629
1670,1632
1653,1657
1668,1612
1610,1616
1588,1523
1586,1557
1641,1562
1541,1535
1509,1521
1515,1467
1491,1491
1454,1500
1480,1451
1443,1477
1433,1462
1464,1457
1394,1464
1446,1444
1445,1427
1474,1468
1442,1404
1403,1462
1413,1497
1409,1495
1484,1475
1416,1523
1424,1510
1473,1597
1473,1575
1494,1554
1513,1564
1594,1613
1577,1651
1595,1626
1608,1639
1610,1656
1669,1674
1659,1724
1685,1727
1742,1741
1699,1698
1666,1745
1740,1765
1746,1765
1757,1738
1760,1732
1813,1723
1770,1763
1770,1740
1768,1745
1764,1728
1756,1717
1765,1714
1757,1696
1709,1681
1757,1662
1719,1651
1686,1667
1660,1649
1626,1624
1618,1556
1562,1518
1567,1574
1602,1529
1610,1547
1556,1488
1497,1518
1557,1478
1460,1538
1494,1503
1442,1461
1451,1435
1401,1494
1446,1452
1415,1461
1447,1414
1413,1463
1434,1468
1432,1472
1417,1508
1450,1467
1442,1453
1466,1480
1493,1547
1479,1512
1524,1531
1526,1535
1573,1580
1534,1632
1584,1563
1605,1686
1612,1607
1636,1670
1588,1651
1687,1678
1702,1739
1714,1687
1749,1723
1694,1755
1712,1719
1744,1786
1783,1788
1753,1760
1784,1753
1776,1781
1752,1735
1787,1710
1781,1751
1767,1726
1723,1761
1731,1685
1690,1697
1711,1651
1699,1672
1696,1653
1696,1644
1690,1621
1663,1590
1573,1577
1571,1581
1574,1537
1550,1523
1544,1503
1471,1500
1533,1509
1486,1526
1462,1443
1431,1481
1432,1473
1427,1430
1439,1442
1393,1429
1453,1467
1463,1438
1475,1399
1404,1452
1415,1455
1405,1513
1429,1465
1446,1489
1419,1477
1487,1531
1506,1535
1491,1533
1542,1559
1539,1608
1562,1633
1591,1603
1576,1611
1616,1669
1634,1689
1663,1644
1650,1696
1670,1700
1734,1734
1726,1715
1726,1751
1705,1772
1751,1777
1739,1776
1746,1764
1754,1809
1791,1740
1768,1742
1777,1733
1781,1786
1750,1721
1734,1672
1733,1729
1772,1691
1695,1643
1759,1710
1686,1660
1609,1648
1653,1624
1676,1647
1578,1544
1636,1544
1542,1538
1588,1513
1524,1526
1537,1510
1498,1507
1497,1520
1501,1409
1471,1478
1467,1436
1415,1438
1413,1433
1445,1460
1392,1438
1444,1446
1432,1414
1415,1472
1404,1450
1469,1414
1451,1519
1445,1462
1474,1465
1489,1549
1432,1514
1478,1526
1500,1548
1557,1574
1524,1621
1559,1592
1608,1601
1658,1642
1621,1640
1665,1695
1677,1716
1695,1730
1688,1754
1697,1725
1705,1743
1721,1743
1754,1765
1711,1756
1806,1805
1811,1752
1772,1752
1811,1757
1791,1765
1763,1734
1797,1741
1759,1758
1717,1674
1719,1707
1718,1672
1747,1704
1670,1623
1670,1637
1692,1609
1663,1607
1586,1613
1619,1578
1601,1526
1541,1563
1521,1544
1475,1522
1502,1473
1523,1492
1448,1480
1514,1479
1442,1429
1458,1418
1402,1429
1423,1439
1415,1420
1403,1419
1376,1454
1395,1475
1429,1468
1424,1431
1407,1474
1437,1519
1505,1480
1422,1523
1536,1502
1497,1560
1553,1591
1547,1568
1515,1568
1569,1564
1520,1632
1611,1674
1641,1686
1646,1714
1641,1739
1672,1705
1653,1715
1709,1768
1768,1733
1729,1724
1769,1758
1792,1779
1754,1784
1765,1779
1821,1820
1806,1780
1756,1756
1816,1761
1751,1737
1756,1736
1786,1729
1744,1737
1726,1649
1727,1635
1711,1653
1709,1611
1669,1608
1667,1626
1637,1540
1581,1609
1600,1541
1629,1546
1537,1559
1525,1479
1472,1484
1502,1442
1439,1461
1494,1477
1427,1434
1428,1430
1402,1445
1423,1413
1386,1410
1471,1453
1370,1455
1382,1438
1395,1449
1459,1401
1436,1462
1410,1434
1462,1497
1453,1555
1506,1518
1489,1487
1511,1520
1538,1574
1602,1596
1586,1619
1604,1602
1633,1666
1612,1669
1675,1693
1704,1681
1717,1734
1749,1706
1702,1738
1732,1762
1744,1739
1792,1720
1785,1791
1784,1786
1750,1735
1764,1766
1810,1759
1793,1774
1795,1761
1758,1761
1801,1738
1775,1714
1740,1735
1723,1662
1688,1673
1697,1658
1683,1621
1612,1618
1638,1625
1646,1622
1616,1550
1564,1522
1572,1552
1526,1507
1444,1471
1487,1472
1474,1475
1482,1468
1424,1461
1498,1434
1410,1461
1400,1387
1410,1441
1435,1409
1400,1444
1413,1437
1435,1441
1446,1401
1392,1463
1417,1478
1424,1473
1452,1484
1470,1499
1507,1561
1504,1540
1542,1561
1549,1589
1536,1603
1553,1591
1571,1648
1619,1632
1631,1642
1660,1608
1694,1640
1700,1672
1703,1738
1722,1738
1695,1798
1732,1727
1756,1708
1789,1743
1741,1762
1790,1727
1802,1761
1740,1805
1775,1787
1740,1759
1725,1741
1763,1748
1776,1743
1753,1713
1664,1698
1705,1698
1689,1645
1677,1642
1669,1627
1640,1609
1619,1592
1573,1574
1567,1575
1615,1495
1544,1475
1555,1494
1525,1484
1499,1475
1445,1476
1400,1465
1438,1434
1439,1449
1409,1461
1381,1456
1436,1434
1482,1430
1406,1453
1374,1422
1410,1411
1455,1456
1459,1484
1462,1503
1456,1468
1417,1504
1478,1528
1472,1546
1472,1555
1556,1504
1505,1580
1575,1577
1575,1635
1633,1623
1668,1651
1618,1664
1692,1669
1724,1680
1672,1689
1714,1759
1734,1761
1718,1732
1738,1758
1750,1772
1813,1745
1745,1765
1831,1811
1788,1820
1804,1764
1785,1761
1773,1766
1742,1735
1778,1729
1725,1687
1755,1722
1747,1687
1718,1653
1725,1626
1705,1669
1570,1599
1691,1569
1604,1530
1595,1561
1517,1545
1553,1542
1513,1506
1501,1504
1525,1491
1446,1466
1456,1465
1458,1445
1423,1451
1425,1430
1426,1441
1383,1417
1396,1447
1496,1425
1387,1416
1375,1460
1398,1468
1447,1434
1441,1504
1427,1489
1416,1461
1459,1524
1528,1515
1474,1532
1549,1550
1550,1615
1570,1607
1591,1637
1608,1644
1581,1654
1657,1665
1660,1663
1716,1704
1681,1728
1725,1757
1717,1745
1750,1763
1732,1734
1773,1737
1759,1768
1755,1732
1816,1783
1812,1768
1780,1796
1791,1783
1779,1746
1783,1777
1730,1743
1789,1720
1762,1721
1715,1701
1660,1700
1698,1663
1656,1672
1672,1610
1643,1585
1646,1555
1601,1564
1578,1554
1592,1573
1545,1539
1478,1538
1513,1473
1455,1485
1404,1466
1444,1437
1466,1442
1419,1409
1426,1396
1414,1451
1397,1460
1410,1486
1419,1421
1444,1407
1438,1469
1455,1467
1407,1449
1459,1443
1429,1479
1454,1465
1453,1543
1438,1544
1531,1580
1563,1584
1514,1585
1562,1600
1611,1625
1635,1705
1593,1690
1688,1707
1700,1690
1708,1660
1672,1741
1738,1727
1763,1776
1773,1757
1758,1774
1759,1788
1776,1732
1823,1764
1765,1801
1786,1748
1771,1766
1813,1743
1818,1734
1786,1718
1751,1733
1751,1721
1726,1681
1753,1708
1693,1687
1756,1628
1666,1617
1678,1631
1633,1559
1624,1560
1598,1554
1596,1509
1506,1532
1494,1517
1503,1488
1510,1496
1475,1456
1456,1459
1447,1442
1480,1443
1435,1436
1423,1422
1386,1374
1411,1461
1397,1416
1453,1407
1378,1452
1382,1420
1436,1444
1425,1481
1392,1482
1440,1538
1481,1499
1498,1520
1462,1584
1503,1540
1588,1586
1564,1589
1575,1631
1615,1644
1658,1704
1610,1684
1664,1672
1711,1721
1677,1700
1735,1739
1750,1774
1731,1736
1767,1766
1821,1752
1803,1764
1786,1796
1815,1756
1797,1795
1819,1755
1820,1789
1766,1780
1751,1727
1740,1716
1746,1746
1711,1704
1739,1662
1682,1711
1655,1659
1688,1660
1620,1609
1591,1593
1598,1561
1593,1615
1563,1549
1570,1554
1562,1534
1495,1472
1520,1457
1462,1432
1451,1471
1387,1430
1423,1428
1436,1407
1428,1461
1416,1441
1387,1437
1395,1434
1403,1448
1449,1432
1410,1446
1450,1448
1389,1455
1482,1468
1472,1508
1415,1528
1486,1504
1497,1552
1475,1561
1543,1580
1538,1583
1588,1631
1587,1634
1628,1668
1663,1666
1660,1693
1666,1712
1671,1706
1744,1754
1743,1731
1763,1768
1790,1749
1768,1818
1815,1775
1801,1749
1799,1746
1765,1782
1768,1791
1810,1756
1769,1787
1838,1717
1732,1733
1755,1733
1752,1740
1733,1676
1733,1651
1716,1692
1699,1658
1640,1575
1594,1601
1654,1604
1605,1590
1593,1546
1577,1528
1515,1492
1497,1459
1492,1510
1500,1484
1509,1449
1436,1454
1452,1467
1440,1471
1430,1403
1414,1420
1349,1428
1410,1396
1429,1427
1397,1443
1409,1454
1377,1423
1403,1487
1440,1485
1404,1478
1487,1494
1462,1507
1498,1547
1495,1544
1529,1579
1528,1618
1544,1604
1646,1645
1559,1662
1583,1667
1632,1722
1737,1742
1718,1749
1743,1680
1722,1750
1747,1785
1785,1754
1815,1763
1788,1746
1775,1781
1760,1801
1815,1749
1808,1779
1815,1784
1798,1748
1812,1732
1801,1704
1762,1739
1728,1701
1759,1698
1746,1662
1685,1711
1708,1617
1670,1608
1671,1616
1599,1589
1634,1532
1581,1538
1548,1510
1551,1538
1447,1524
1518,1491
1483,1451
1487,1454
1447,1473
1435,1413
1394,1430
1393,1443
1392,1436
1433,1415
1404,1406
1366,1434
1374,1422
1438,1398
1385,1467
1376,1471
1439,1507
1385,1460
1448,1478
1494,1527
1492,1527
1449,1554
1496,1566
1524,1595
1580,1592
1579,1629
1587,1674
1660,1671
1676,1691
1676,1676
1722,1670
1729,1731
1761,1736
1743,1779
1769,1750
1769,1771
1795,1787
1808,1761
1900,1749
1803,1777
1780,1777
1750,1765
1791,1780
1795,1735
1812,1736
1795,1722
1753,1696
1756,1700
1698,1680
1757,1657
1682,1642
1694,1634
1615,1572
1640,1580
1628,1552
1597,1517
1530,1513
1546,1532
1559,1515
1477,1487
1443,1491
1465,1493
1404,1432
1414,1455
1462,1464
1434,1405
1442,1388
1424,1418
1411,1418
1419,1441
1391,1408
1390,1450
1439,1437
1420,1433
1429,1444
1462,1454
1431,1464
1476,1518
1497,1543
1484,1549
1495,1576
1541,1583
1599,1597
1624,1656
1621,1645
1624,1645
1642,1700
1652,1729
1716,1716
1684,1724
1713,1757
1771,1677
1775,1811
1799,1754
1766,1819
1731,1759
1754,1782
1798,1782
1786,1784
1791,1730
1854,1772
1822,1758
1770,1781
1756,1730
1751,1719
1746,1680
1731,1685
1700,1696
1688,1638
1698,1623
1686,1585
1633,1596
1599,1543
1568,1577
1558,1515
1520,1510
1538,1491
1497,1479
1471,1481
1518,1421
1451,1402
1411,1433
1384,1409
1397,1418
1408,1419
1484,1437
1382,1470
1392,1414
1363,1387
1428,1431
1434,1454
1402,1460
1422,1493
1427,1502
1539,1486
1495,1555
1496,1540
1567,1563
1568,1587
1530,1583
1557,1631
1607,1626
1663,1659
1633,1727
1642,1665
1699,1678
1712,1711
1758,1717
1714,1733
1760,1771
1784,1754
1760,1766
1762,1778
1778,1794
1745,1764
1778,1809
1739,1794
1804,1804
1798,1745
1795,1753
1750,1746
1796,1679
1723,1675
1742,1726
1667,1703
1683,1632
1631,1643
1664,1623
1645,1586
1602,1592
1653,1591
1572,1572
1583,1527
1547,1552
1514,1465
1528,1480
1493,1488
1466,1453
1460,1438
1448,1459
1403,1432
1466,1387
1389,1458
1414,1444
1420,1423
1368,1454
1392,1459
1448,1427
1405,1471
1475,1457
1415,1509
1474,1465
1415,1483
1468,1561
1515,1535
1552,1581
1555,1564
1563,1578
1611,1583
1647,1626
1617,1659
1672,1673
1718,1713
1712,1691
1690,1751
1718,1727
1726,1759
1732,1785
1775,1765
1757,1768
1764,1777
1814,1805
1796,1777
1781,1790
1804,1725
1781,1765
1802,1795
1814,1747
1727,1729
1736,1694
1809,1724
1746,1677
1718,1670
1699,1622
1629,1645
1663,1643
1630,1622
1660,1570
1573,1557
1632,1542
1567,1549
1504,1527
1538,1447
1475,1493
1443,1462
1529,1443
1463,1400
1418,1449
1407,1404
1369,1399
1399,1393
1389,1453
1379,1418
1426,1423
1392,1450
1430,1390
1452,1424
1426,1471
1452,1485
1500,1528
1446,1492
1489,1552
1563,1548
1527,1623
1563,1601
1570,1546
1594,1672
1650,1657
1691,1683
1675,1719
1684,1735
1681,1721
1693,1741
1739,1732
1731,1718
1701,1779
1793,1770
1764,1784
1802,1795
1799,1789
1783,1813
1780,1794
1809,1761
1773,1757
1801,1743
1810,1753
1771,1690
1763,1713
1749,1670
1677,1699
1728,1657
1657,1638
1641,1606
1649,1609
1647,1592
1571,1604
1571,1570
1579,1506
1523,1499
1516,1504
1470,1461
1526,1491
1455,1473
1411,1432
1430,1422
1439,1449
1443,1447
1419,1430
1394,1408
1384,1419
1413,1450
1400,1451
1391,1418
1410,1450
1456,1459
1463,1476
1464,1492
1502,1497
1551,1545
1523,1537
1518,1578
1544,1581
1598,1603
1616,1601
1622,1633
1621,1646
1665,1691
1684,1690
1695,1747
1687,1759
1712,1761
1734,1728
1748,1754
1802,1788
1768,1738
1834,1731
1804,1751
1749,1748
1808,1809
1801,1760
1809,1779
1771,1767
1755,1736
1769,1716
1691,1697
1733,1671
1730,1664
1735,1688
1672,1638
1692,1624
1663,1587
1623,1590
1609,1579
1560,1545
1550,1545
1531,1510
1530,1483
1470,1456
1484,1482
1486,1465
1426,1419
1414,1441
1432,1463
1451,1414
1403,1406
1402,1397
1384,1459
1424,1432
1395,1458
1417,1397
1466,1414
1421,1488
1363,1479
1460,1489
1448,1487
1508,1492
1517,1530
1518,1600
1537,1597
1576,1659
1598,1639
1633,1659
1666,1640
1612,1700
1661,1722
1688,1713
1735,1751
1726,1724
1734,1765
1750,1728
1770,1805
1774,1723
1798,1778
1785,1777
1796,1743
1766,1730
1818,1784
1725,1774
1789,1799
1746,1735
1737,1704
1720,1691
1762,1716
1714,1622
1734,1645
1686,1634
1660,1610
1628,1598
1592,1547
1594,1534
1573,1556
1556,1546
1511,1534
1535,1467
1511,1475
1443,1474
1456,1500
1395,1480
1404,1424
1423,1446
1465,1419
1447,1417
1436,1394
1397,1446
1431,1443
1407,1428
1431,1473
1379,1478
1435,1481
1397,1525
1476,1521
1480,1530
1474,1529
1517,1524
1566,1560
1537,1612
1593,1617
1638,1616
1685,1670
1629,1700
1669,1734
1693,1729
1714,1726
1716,1751
1725,1784
1757,1780
1790,1776
1732,1768
1778,1812
1769,1771
1770,1761
1772,1792
1774,1771
1790,1707
1796,1761
1771,1731
1744,1689
1761,1699
1735,1698
1673,1670
1715,1663
1673,1613
1627,1647
1617,1619
1630,1572
1522,1552
1602,1553
1521,1496
1508,1473
1502,1494
1518,1485
1459,1485
1463,1452
1439,1451
1468,1433
1448,1443
1410,1433
1414,1418
1417,1449
1367,1462
1418,1408
1386,1453
1419,1423
1434,1471
1452,1477
1474,1415
1435,1490
1485,1529
1448,1562
1500,1520
1556,1571
1534,1586
1568,1618
1609,1629
1594,1662
1666,1648
1645,1698
1706,1687
1681,1725
1645,1746
1740,1764
1708,1733
1774,1772
1779,1784
1815,1802
1755,1768
1795,1777
1726,1769
1734,1743
1780,1742
1735,1732
1771,1730
1769,1712
1762,1726
1700,1690
1722,1715
1689,1654
1656,1652
1676,1589
1670,1618
1666,1642
1635,1542
1599,1568
1554,1511
1546,1519
1598,1521
1497,1507
1460,1484
1433,1499
1448,1449
1450,1453
1435,1466
1448,1464
1421,1419
1429,1383
1423,1417
1434,1444
1422,1418
1452,1444
1473,1446
1469,1474
1498,1474
1445,1482
1464,1507
1484,1498
1474,1536
1545,1552
1598,1629
1526,1624
1569,1651
1630,1649
1639,1664
1662,1662
1705,1677
1695,1707
1676,1681
1717,1756
1746,1749
1718,1742
1779,1781
1775,1796
1780,1821
1804,1734
1780,1768
1770,1733
1755,1770
1787,1722
1728,1743
1723,1648
1726,1709
1747,1676
1686,1644
1698,1650
1696,1662
1661,1602
1663,1552
1601,1609
1590,1536
1521,1557
1564,1546
1547,1515
1542,1491
1495,1490
1496,1468
1454,1483
1528,1417
1392,1414
1419,1392
1395,1443
1437,1373
1393,1454
1405,1440
1403,1453
1448,1421
1436,1459
1406,1482
1451,1468
1478,1518
1492,1494
1509,1526
1528,1554
1516,1573
1497,1573
1598,1610
1543,1640
1564,1633
1610,1657
1701,1677
1660,1661
1675,1736
1699,1737
1711,1757
1726,1735
1725,1780
1772,1732
1790,1740
1809,1784
1780,1765
1777,1767
1779,1787
1792,1781
1758,1749
1763,1716
1753,1749
1724,1707
1757,1707
1709,1728
1731,1688
1717,1661
1686,1593
1649,1578
1693,1589
1644,1536
1588,1565
1582,1547
1549,1526
1524,1526
1528,1520
1457,1457
1484,1481
1448,1468
1446,1409
1457,1430
1417,1426
1413,1416
1436,1439
1413,1437
1447,1502
1457,1459
1480,1443
1444,1457
1435,1446
1461,1516
1470,1517
1510,1515
1544,1563
1501,1534
1554,1553
1526,1597
1579,1598
1634,1619
1616,1630
1626,1682
1620,1686
1701,1722
1679,1764
1725,1699
1732,1679
1708,1731
1771,1773
1768,1765
1768,1749
1749,1802
1741,1717
1785,1799
1798,1749
1763,1751
1833,1742
1778,1720
1792,1708
1730,1698
1698,1660
1721,1661
1653,1679
1703,1616
1668,1645
1607,1569
1640,1620
1585,1532
1581,1553
1523,1532
1550,1507
1542,1498
1442,1517
1454,1478
1507,1469
1422,1453
1468,1459
1418,1402
1392,1457
1356,1487
1409,1440
1444,1432
1406,1488
1433,1463
1474,1466
1407,1491
1438,1525
1477,1494
1475,1527
1512,1522
1513,1541
1538,1536
1520,1571
1578,1605
1573,1589
1587,1648
1647,1657
1643,1644
1678,1692
1699,1663
1733,1698
1744,1748
1716,1749
1742,1733
1732,1742
1748,1744
1786,1784
1751,1768
1772,1771
1763,1766
1796,1725
1761,1722
1748,1732
1728,1739
1721,1718
1701,1668
1710,1665
1690,1649
1644,1623
1686,1623
1643,1584
1611,1579
1620,1580
1566,1545
1559,1532
1589,1532
1509,1515
1505,1491
1518,1443
1470,1496
1477,1442
1507,1459
1457,1453
1382,1457
1476,1475
1412,1456
1466,1451
1437,1436
1431,1477
1448,1468
1443,1540
1392,1472
1459,1472
1477,1532
1498,1602
1526,1570
1515,1539
1596,1574
1521,1634
1658,1640
1560,1659
1634,1677
1660,1692
1678,1728
1657,1703
1729,1696
1739,1698
1798,1760
1725,1746
1715,1746
1775,1744
1745,1766
1789,1782
1745,1729
1741,1712
1738,1743
1735,1725
1748,1672
1748,1714
1732,1673
1707,1672
1696,1673
1719,1639
1668,1620
1633,1614
1679,1635
1646,1553
1607,1550
1559,1547
1561,1534
1556,1495
1501,1528
1508,1459
1464,1511
1466,1467
1489,1476
1453,1459
1426,1430
1437,1423
1459,1409
1485,1472
1436,1444
1483,1444
1427,1447
1432,1462
1451,1501
1449,1539
1424,1541
1519,1543
1474,1546
1516,1543
1563,1576
1552,1592
1630,1676
1615,1629
1683,1650
1659,1688
1668,1701
1690,1680
1734,1676
1720,1727
1712,1731
1767,1744
1724,1738
1751,1782
1745,1754
1763,1764
1735,1728
1760,1774
1726,1719
1742,1758
1761,1690
1807,1724
1725,1692
1683,1655
1688,1683
1714,1647
1694,1650
1644,1598
1604,1578
1617,1550
1542,1563
1534,1549
1620,1532
1561,1519
1537,1486
1523,1507
1490,1464
1459,1480
1390,1486
1451,1452
1400,1480
1430,1459
1449,1492
1443,1474
1410,1454
1414,1412
1385,1488
1413,1486
1484,1491
1483,1469
1469,1548
1511,1565
1495,1528
1522,1575
1573,1594
1575,1606
1597,1657
1622,1657
1636,1654
1637,1673
1704,1679
1734,1732
1676,1710
1741,1704
1743,1718
1707,1752
1757,1730
1710,1759
1800,1768
1772,1760
1753,1733
1777,1722
1786,1743
1756,1701
1697,1726
1749,1735
1738,1702
1713,1650
1686,1692
1670,1602
1685,1652
1626,1613
1607,1577
1620,1631
1576,1562
1585,1513
1545,1539
1528,1529
1519,1494
1500,1487
1491,1456
1485,1461
1456,1489
1479,1392
1453,1492
1419,1475
1459,1464
1396,1424
1442,1441
1434,1442
1452,1494
1495,1467
1457,1497
1507,1528
1471,1521
1529,1562
1552,1534
1590,1588
1545,1584
1571,1634
1590,1643
1649,1621
1679,1676
1650,1671
1618,1706
1664,1692
1671,1720
1702,1756
1727,1768
1755,1798
1746,1746
1776,1747
1772,1731
1769,1767
1767,1744
1741,1729
1745,1681
1743,1704
1738,1738
1717,1637
1682,1716
1676,1639
1675,1619
1661,1639
1668,1612
1622,1615
1598,1568
1650,1517
1576,1507
1546,1530
1524,1538
1514,1527
1496,1481
1477,1520
1444,1480
1435,1489
1471,1468
1424,1414
1451,1463
1423,1457
1519,1451
1459,1451
1419,1462
1490,1458
1448,1495
1504,1498
1483,1488
1477,1508
1509,1577
1542,1556
1513,1594
1546,1585
1565,1606
1609,1648
1605,1605
1637,1668
1660,1666
1655,1687
1698,1689
1707,1754
1733,1721
1720,1757
1694,1738
1735,1725
1762,1738
1740,1743
1786,1730
1725,1766
1757,1800
1739,1736
1731,1708
1749,1697
1738,1678
1707,1678
1724,1679
1649,1639
1654,1650
1628,1596
1585,1595
1574,1573
1573,1568
1603,1531
1563,1520
1507,1581
1558,1529
1485,1475
1523,1474
1442,1466
1480,1506
1468,1396
1416,1446
1458,1441
1393,1418
1481,1471
1482,1457
1444,1464
1465,1487
1443,1486
1472,1518
1520,1540
1537,1528
1518,1565
1542,1545
1540,1587
1506,1577
1572,1607
1588,1645
1618,1625
1634,1713
1649,1651
1673,1722
1695,1694
1705,1714
1728,1727
1703,1745
1758,1706
1744,1725
1752,1695
1791,1721
1729,1742
1782,1730
1721,1706
1742,1744
1825,1722
1740,1641
1731,1724
1737,1703
1695,1660
1662,1652
1652,1665
1694,1580
1573,1589
1627,1561
1553,1543
1552,1521
1543,1541
1517,1527
1508,1467
1501,1494
1453,1509
1470,1470
1468,1458
1424,1472
1427,1450
1418,1456
1461,1459
1461,1485
1492,1476
1482,1492
1450,1484
1460,1490
1505,1489
1476,1517
1546,1539
1497,1568
1498,1568
1563,1554
1556,1580
1601,1571
1642,1668
1651,1619
1679,1674
1663,1667
1680,1728
1672,1748
1667,1713
1725,1697
1724,1714
1730,1742
1744,1710
1728,1752
1753,1727
1715,1689
1771,1728
1809,1700
1753,1725
1730,1678
1735,1707
1721,1679
1690,1680
1689,1641
1653,1607
1662,1643
1638,1588
1576,1572
1570,1568
1554,1552
1583,1532
1562,1507
1503,1522
1491,1523
1468,1516
1465,1477
1448,1451
1455,1437
1426,1432
1394,1440
1488,1456
1419,1501
1409,1510
1469,1509
1436,1494
1478,1475
1494,1485
1495,1464
1502,1526
1530,1556
1514,1555
1574,1569
1566,1639
1563,1579
1650,1648
1619,1635
1650,1679
1645,1679
1680,1720
1678,1700
1688,1721
1734,1694
1736,1734
1746,1753
1715,1778
1782,1775
1743,1773
1784,1722
1761,1741
1756,1711
1708,1681
1750,1681
1696,1714
1698,1686
1666,1703
1717,1619
1686,1604
1663,1648
1576,1599
1626,1562
1636,1566
1576,1546
1540,1511
1598,1528
1478,1517
1466,1472
1474,1477
1459,1467
1430,1444
1500,1502
1392,1452
1490,1469
1465,1495
1476,1460
1427,1470
1458,1459
1440,1493
1493,1505
1450,1549
1518,1502
1503,1497
1523,1535
1550,1561
1564,1600
1581,1618
1599,1638
1589,1649
1645,1645
1641,1704
1601,1684
1668,1697
1694,1693
1676,1694
1713,1727
1705,1719
1715,1711
1688,1747
1722,1729
1696,1735
1765,1738
1744,1731
1776,1698
1734,1712
1685,1669
1726,1702
1694,1699
1678,1660
1666,1635
1653,1636
1646,1620
1632,1597
1604,1588
1541,1573
1552,1545
1556,1513
1548,1501
1486,1504
1446,1488
1498,1467
1489,1482
1492,1430
1432,1487
1483,1475
1464,1485
1419,1480
1443,1505
1482,1506
1435,1467
1482,1508
1523,1530
1482,1480
1566,1535
1509,1525
1566,1534
1592,1559
1544,1598
1587,1639
1646,1650
1605,1659
1645,1628
1676,1618
1696,1697
1699,1658
1707,1680
1713,1779
1769,1732
1723,1717
1759,1764
1751,1745
1793,1790
1722,1709
1744,1680
1716,1719
1660,1695
1725,1643
1669,1714
1666,1693
1695,1671
1635,1670
1632,1588
1605,1631
1588,1616
1612,1600
1550,1499
1548,1572
1520,1530
1559,1526
1486,1508
1511,1521
1498,1534
1485,1486
1469,1495
1414,1484
1461,1457
1436,1462
1425,1465
1450,1523
1470,1478
1434,1468
1485,1478
1458,1502
1496,1544
1491,1520
1527,1539
1508,1592
1570,1605
1566,1609
1568,1624
1619,1627
1630,1669
1679,1656
1659,1655
1683,1707
1746,1693
1766,1694
1718,1761
1706,1693
1808,1732
1734,1760
1758,1757
1776,1710
1788,1748
1707,1701
1754,1689
1788,1722
1706,1686
1735,1686
1634,1650
1677,1656
1641,1628
1656,1606
1617,1588
1610,1609
1590,1548
1591,1539
1538,1560
1562,1490
1547,1545
1502,1505
1513,1462
1499,1505
1503,1484
1459,1473
1482,1442
1473,1463
1409,1499
1467,1474
1460,1470
1437,1497
1431,1511
1464,1472
1459,1503
1474,1528
1537,1541
1524,1545
1574,1588
1598,1606
1625,1613
1576,1643
1631,1616
1681,1643
1631,1655
1692,1717
1741,1702
1661,1740
1701,1738
1684,1699
1758,1750
1736,1750
1724,1709
1717,1725
1708,1723
1792,1732
1727,1717
1752,1712
1729,1697
1665,1667
1700,1664
1744,1638
1686,1637
1648,1639
1665,1600
1689,1588
1603,1593
1532,1567
1540,1564
1512,1534
1510,1541
1484,1517
1488,1492
1481,1476
1439,1461
1490,1466
1473,1480
1512,1484
1467,1514
1501,1463
1425,1469
1464,1496
1477,1469
1471,1491
1506,1506
1536,1511
1522,1558
1554,1573
1550,1600
1532,1580
1601,1628
1618,1609
1578,1653
1637,1683
1633,1649
1662,1672
1673,1699
1724,1729
1726,1726
1697,1712
1739,1735
1733,1719
1742,1701
1712,1700
1795,1768
1736,1717
1763,1700
1711,1679
1756,1727
1688,1677
1669,1694
1666,1683
1709,1625
1623,1638
1612,1620
1577,1619
1611,1604
1555,1567
1544,1575
1590,1526
1548,1558
1507,1528
1534,1465
1498,1510
1445,1460
1467,1459
1445,1523
1443,1481
1417,1507
1473,1474
1418,1485
1490,1482
1484,1491
1501,1507
1482,1482
1528,1539
1534,1546
1535,1571
1561,1585
1579,1617
1559,1608
1607,1573
1629,1657
1646,1660
1614,1653
1663,1683
1668,1747
1665,1709
1722,1688
1714,1718
1779,1749
1736,1770
1741,1728
1763,1718
1770,1754
1727,1714
1757,1693
1737,1709
1722,1699
1761,1707
1714,1686
1709,1637
1628,1638
1648,1586
1619,1622
1615,1585
1575,1590
1542,1529
1559,1572
1553,1552
1518,1494
1542,1516
1513,1507
1518,1489
1460,1486
1480,1461
1438,1472
1509,1467
1412,1459
1460,1480
1503,1483
1480,1482
1446,1546
1478,1518
1483,1544
1460,1530
1511,1494
1578,1581
1540,1589
1579,1556
1597,1626
1594,1647
1613,1658
1656,1676
1682,1679
1692,1670
1679,1700
1668,1733
1715,1714
1683,1705
1782,1716
1766,1733
1754,1756
1755,1720
1757,1720
1730,1713
1735,1725
1684,1650
1707,1675
1753,1694
1646,1671
1706,1633
1693,1630
1678,1578
1634,1591
1572,1607
1596,1548
1555,1575
1522,1530
1528,1501
1515,1491
1526,1495
1475,1489
1448,1478
1511,1485
1462,1477
1439,1473
1434,1469
1487,1468
1476,1489
1483,1484
1465,1528
1479,1528
1492,1510
1526,1513
1529,1537
1547,1534
1616,1573
1557,1597
1571,1634
1620,1610
1622,1655
1639,1662
1701,1682
1689,1682
1697,1683
1715,1725
1701,1703
1695,1749
1767,1699
1702,1743
1768,1734
1748,1726
1770,1741
1709,1720
1759,1719
1743,1698
1731,1632
1723,1669
1692,1671
1713,1659
1659,1647
1640,1616
1603,1578
1626,1584
1627,1551
1593,1576
1571,1527
1560,1538
1490,1502
1486,1491
1507,1490
1455,1464
1438,1480
1448,1467
1467,1500
1485,1486
1457,1536
1463,1476
1449,1495
1506,1527
1480,1498
1525,1529
1468,1493
1524,1573
1537,1593
1553,1560
1560,1601
1608,1619
1582,1643
1593,1644
1635,1698
1681,1672
1674,1676
1680,1714
1700,1709
1754,1706
1717,1735
1673,1702
1767,1699
1788,1698
1764,1697
1738,1717
1752,1717
1709,1713
1719,1720
1717,1725
1664,1694
1653,1653
1647,1671
1645,1631
1626,1620
1631,1606
1635,1635
1597,1553
1577,1554
1561,1510
1576,1533
1493,1489
1490,1466
1450,1495
1521,1490
1490,1470
1493,1429
1477,1470
1473,1464
1512,1476
1432,1505
1427,1483
1518,1511
1505,1518
1462,1544
1533,1521
1533,1574
1602,1570
1512,1584
1563,1606
1586,1624
1618,1646
1669,1630
1637,1660
1651,1689
1631,1689
1712,1669
1756,1686
1735,1723
1756,1706
1722,1707
1743,1709
1754,1723
1751,1740
1740,1703
1762,1681
1744,1705
1724,1706
1738,1662
1680,1633
1703,1655
1657,1584
1628,1632
1652,1586
1582,1545
1540,1557
1578,1539
1523,1538
1534,1494
1491,1530
1477,1545
1500,1461
1478,1471
1483,1466
1472,1495
1460,1488
1403,1464
1482,1489
1506,1454
1447,1472
1491,1512
1486,1524
1473,1550
1531,1541
1492,1506
1566,1603
1572,1635
1576,1598
1570,1580
1643,1610
1632,1639
1583,1706
1672,1681
1707,1695
1716,1650
1731,1680
1694,1727
1710,1694
1751,1732
1748,1725
1707,1721
1725,1744
1733,1705
1741,1711
1748,1703
1709,1705
1662,1665
1685,1654
1671,1657
1616,1664
1671,1586
1578,1607
1550,1573
1557,1552
1613,1563
1517,1516
1534,1510
1512,1475
1465,1476
1516,1519
1498,1499
1445,1476
1446,1487
1425,1459
1501,1493
1443,1472
1462,1499
1535,1461
1471,1497
1502,1499
1504,1521
1548,1529
1510,1542
1551,1576
1561,1631
1586,1604
1607,1610
1572,1615
1602,1665
1651,1651
1714,1678
1681,1650
1676,1715
1714,1720
1676,1728
1733,1695
1743,1716
1745,1728
1751,1697
1726,1714
1753,1721
1735,1718
1725,1720
1694,1698
1692,1694
1669,1657
1636,1690
1660,1653
1641,1611
1613,1594
1618,1583
1597,1609
1544,1521
1544,1568
1557,1511
1512,1527
1481,1500
1465,1443
1525,1488
1507,1472
1485,1441
1458,1489
1477,1480
1456,1455
1473,1485
1466,1478
1448,1539
1534,1493
1525,1531
1513,1541
1547,1584
1576,1566
1612,1637
1598,1609
1573,1622
1625,1659
1627,1678
1644,1662
1669,1660
1634,1746
1665,1702
1706,1741
1772,1750
1751,1742
1707,1730
1692,1729
1750,1755
1737,1741
1706,1691
1696,1700
1734,1719
1694,1695
1713,1669
1708,1619
1659,1608
1629,1619
1678,1594
1631,1562
1565,1586
1563,1527
1569,1534
1533,1539
1557,1511
1518,1537
1521,1482
1474,1470
1466,1487
1496,1474
1435,1446
1499,1498
1446,1489
1432,1471
1439,1481
1480,1532
1507,1491
1504,1520
1455,1543
1580,1550
1569,1571
1569,1569
1569,1596
1611,1615
1589,1655
1619,1645
1652,1661
1690,1660
1696,1675
1706,1714
1702,1705
1760,1735
1723,1721
1721,1768
1715,1732
1751,1725
1726,1714
1733,1702
1687,1711
1715,1662
1760,1666
1675,1699
1640,1655
1693,1651
1635,1630
1656,1593
1631,1601
1614,1577
1587,1612
1572,1565
1554,1546
1524,1531
1532,1483
1478,1492
1493,1492
1522,1496
1453,1444
1448,1461
1443,1481
1439,1477
1459,1483
1481,1494
1438,1516
1483,1462
1491,1556
1508,1511
1502,1523
1529,1548
1520,1588
1549,1628
1569,1596
1586,1629
1662,1621
1637,1696
1705,1610
1672,1679
1715,1701
1755,1706
1719,1762
1776,1739
1746,1688
1756,1697
1730,1718
1780,1716
1715,1745
1730,1704
1722,1744
1725,1701
1682,1647
1740,1683
1659,1656
1655,1677
1627,1670
1630,1592
1613,1560
1608,1511
1615,1534
1563,1546
1512,1503
1502,1488
1501,1488
1513,1499
1481,1479
1428,1478
1494,1462
1444,1478
1477,1435
1418,1471
1446,1468
1465,1519
1427,1479
1490,1531
1501,1523
1503,1557
1515,1528
1600,1598
1572,1598
1602,1618
1614,1623
1646,1669
1651,1615
1655,1676
1644,1678
1739,1671
1709,1710
1743,1732
1721,1721
1737,1688
1674,1737
1731,1750
1752,1736
1741,1716
1740,1684
1717,1704
1681,1696
1734,1718
1674,1681
1680,1637
1671,1618
1639,1622
1636,1593
1665,1608
1607,1527
1598,1538
1570,1537
1508,1509
1526,1526
1514,1514
1487,1431
1501,1482
1515,1462
1491,1503
1427,1508
1423,1492
1493,1458
1452,1445
1512,1469
1439,1527
1461,1554
1461,1514
1510,1554
1499,1575
1526,1603
1556,1586
1628,1616
1638,1604
1624,1697
1688,1674
1691,1676
1710,1711
1662,1730
1711,1710
1746,1760
1721,1791
1742,1709
1735,1778
1740,1720
1751,1754
1765,1706
1709,1713
1699,1708
1729,1715
1718,1665
1705,1654
1647,1644
1628,1613
1623,1602
1589,1550
1580,1581
1591,1557
1507,1523
1599,1515
1530,1495
1468,1471
1511,1467
1472,1487
1425,1466
1504,1414
1455,1471
1450,1466
1440,1479
1480,1522
1447,1495
1476,1496
1456,1483
1507,1494
1506,1486
1532,1542
1513,1560
1560,1623
1618,1624
1599,1636
1574,1663
1633,1657
1675,1679
1647,1704
1654,1645
1720,1689
1719,1700
1693,1722
1771,1720
1749,1720
1781,1779
1717,1737
1742,1752
1759,1702
1704,1738
1712,1686
1710,1682
1714,1696
1681,1654
1674,1635
1615,1621
1602,1603
1593,1562
1577,1589
1540,1539
1557,1529
1517,1521
1441,1564
1494,1485
1477,1495
1482,1518
1466,1466
1417,1465
1466,1450
1471,1471
1453,1475
1464,1458
1465,1509
1471,1480
1519,1515
1530,1524
1518,1520
1541,1560
1554,1605
1576,1627
1610,1617
1594,1604
1617,1671
1661,1640
1647,1674
1679,1683
1716,1741
1712,1709
1730,1743
1757,1762
1776,1755
1733,1777
1746,1700
1762,1710
1731,1746
1745,1727
1791,1733
1685,1691
1744,1711
1651,1657
1657,1628
1665,1599
1625,1611
1662,1577
1545,1562
1559,1587
1550,1553
1542,1504
1514,1474
1533,1508
1505,1490
1435,1483
1465,1451
1513,1423
1488,1447
1494,1487
1398,1469
1423,1501
1458,1472
1465,1494
1504,1555
1502,1530
1526,1508
1547,1543
1627,1610
1530,1588
1641,1622
1576,1651
1614,1694
