ch1,ch2
1613,1627
1622,1650
1602,1628
1649,1689
1628,1651
1651,1672
1687,1672
1659,1715
1699,1686
1658,1702
1722,1716
1723,1737
1761,1723
1781,1765
1727,1784
1751,1740
1782,1703
1756,1727
1764,1728
1731,1752
1717,1749
1766,1755
1789,1738
1769,1725
1734,1709
1740,1750
1739,1732
1718,1700
1715,1677
1730,1704
1712,1693
1723,1688
1710,1660
1691,1631
1681,1673
1654,1621
1654,1588
1666,1649
1578,1592
1617,1580
1594,1604
1574,1595
1565,1550
1579,1537
1578,1536
1588,1537
1558,1541
1546,1510
1516,1530
1511,1486
1481,1477
1471,1494
1431,1419
1474,1481
1440,1490
1490,1438
1431,1460
1456,1425
1466,1467
1413,1442
1474,1452
1427,1441
1447,1460
1452,1449
1422,1457
1436,1455
1477,1476
1446,1493
1489,1508
1486,1514
1457,1546
1456,1517
1529,1506
1521,1525
1467,1535
1551,1553
1514,1567
1512,1576
1577,1613
1546,1595
1605,1629
1595,1636
1615,1654
1619,1649
1687,1644
1625,1614
1661,1706
1682,1711
1673,1700
1705,1687
1643,1733
1727,1706
1705,1713
1742,1736
1737,1743
1726,1736
1746,1724
1725,1752
1800,1745
1766,1751
1796,1767
1782,1746
1750,1759
1777,1765
1799,1754
1747,1760
1791,1726
1737,1701
1711,1746
1720,1705
1741,1707
1743,1689
1688,1671
1674,1691
1671,1643
1658,1657
1686,1632
1653,1672
1685,1624
1642,1612
1644,1590
1602,1588
1604,1575
1562,1567
1603,1570
1513,1509
1504,1524
1491,1542
1520,1477
1488,1533
1486,1480
1515,1476
1491,1470
1464,1461
1491,1423
1456,1443
1445,1478
1459,1444
1473,1384
1421,1456
1463,1441
1440,1442
1371,1456
1457,1477
1456,1474
1396,1496
1431,1499
1446,1496
1473,1477
1490,1490
1473,1525
1441,1519
1463,1474
1466,1536
1506,1558
1476,1509
1527,1576
1577,1585
1567,1598
1531,1595
1568,1589
1599,1631
1608,1626
1574,1623
1660,1671
1662,1708
1654,1645
1656,1721
1676,1680
1703,1704
1698,1705
1729,1707
1740,1710
1725,1692
1711,1751
1773,1736
1715,1796
1762,1742
1785,1715
1750,1741
1747,1751
1805,1740
1787,1723
1772,1720
1752,1721
1742,1746
1745,1763
1738,1718
1707,1721
1730,1730
1727,1705
1723,1691
1721,1671
1730,1699
1717,1696
1734,1673
1674,1666
1630,1659
1678,1611
1674,1616
1642,1547
1606,1594
1623,1515
1618,1577
1566,1567
1601,1524
1515,1552
1530,1503
1515,1497
1586,1493
1474,1495
1551,1438
1505,1469
1460,1444
1459,1473
1433,1437
1423,1440
1445,1426
1436,1432
1425,1438
1429,1424
1380,1467
1414,1417
1457,1446
1415,1495
1404,1447
1416,1454
1425,1419
1443,1457
1452,1510
1437,1483
1448,1515
1525,1524
1507,1540
1470,1521
1549,1502
1551,1550
1564,1575
1536,1553
1579,1590
1544,1569
1558,1603
1623,1636
1576,1628
1639,1680
1650,1666
1657,1674
1649,1669
1712,1686
1691,1740
1743,1723
1721,1689
1715,1726
1736,1752
1725,1788
1728,1777
1740,1745
1716,1762
1732,1768
1775,1782
1789,1768
1755,1740
1765,1725
1781,1756
1772,1722
1736,1767
1753,1734
1819,1714
1763,1729
1712,1714
1741,1713
1726,1727
1677,1650
1732,1647
1731,1646
1648,1687
1677,1659
1711,1639
1671,1622
1675,1618
1589,1589
1587,1554
1601,1559
1569,1539
1547,1534
1578,1551
1545,1486
1518,1534
1538,1493
1492,1517
1500,1475
1489,1466
1471,1495
1490,1469
1462,1447
1421,1481
1434,1461
1441,1443
1467,1469
1405,1481
1410,1446
1427,1441
1408,1466
1428,1399
1389,1439
1438,1425
1426,1449
1437,1471
1433,1462
1482,1485
1448,1527
1474,1510
1456,1503
1500,1522
1546,1532
1541,1573
1544,1548
1559,1605
1573,1611
1595,1563
1595,1567
1571,1611
1619,1689
1647,1647
1664,1628
1688,1651
1686,1670
1670,1688
1667,1714
1699,1715
1714,1700
1733,1733
1782,1761
1764,1797
1724,1746
1798,1767
1725,1728
1766,1736
1782,1750
1755,1766
1802,1755
1793,1765
1751,1766
1783,1803
1791,1744
1759,1736
1791,1765
1768,1762
1769,1703
1709,1674
1763,1727
1724,1706
1742,1691
1713,1703
1695,1673
1668,1645
1689,1621
1644,1623
1630,1592
1611,1577
1646,1602
1590,1527
1589,1595
1570,1529
1569,1538
1560,1539
1554,1556
1507,1518
1517,1499
1503,1469
1478,1468
1516,1486
1485,1453
1495,1426
1500,1451
1448,1442
1450,1438
1473,1497
1456,1448
1416,1446
1446,1438
1451,1449
1412,1420
1421,1455
1415,1434
1418,1462
1414,1477
1431,1486
1443,1477
1430,1508
1508,1456
1427,1505
1460,1509
1468,1552
1521,1539
1547,1577
1573,1575
1540,1606
1563,1593
1612,1616
1607,1614
1619,1655
1605,1662
1605,1660
1650,1678
1644,1675
1639,1708
1662,1726
1701,1694
1735,1698
1734,1726
1711,1728
1747,1746
1778,1745
1749,1734
1751,1774
1789,1798
1766,1804
1836,1767
1785,1740
1784,1752
1802,1770
1733,1732
1814,1775
1792,1747
1781,1740
1767,1761
1703,1705
1713,1730
1724,1682
1700,1666
1744,1702
1677,1662
1648,1621
1669,1649
1673,1657
1680,1626
1641,1614
1618,1613
1622,1572
1582,1585
1597,1553
1603,1501
1582,1543
1547,1513
1528,1500
1515,1521
1500,1496
1492,1495
1482,1464
1460,1477
1434,1445
1468,1440
1443,1432
1437,1418
1433,1426
1426,1469
1398,1426
1416,1457
1422,1439
1421,1483
1407,1427
1401,1471
1434,1446
1427,1441
1421,1471
1448,1476
1461,1517
1393,1468
1480,1485
1498,1520
1494,1515
1511,1518
1526,1557
1502,1577
1544,1586
1542,1570
1584,1574
1564,1629
1563,1605
1607,1663
1637,1671
1687,1693
1638,1655
1640,1691
1681,1659
1685,1655
1663,1719
1726,1716
1719,1733
1721,1738
1716,1756
1777,1781
1747,1766
1770,1772
1752,1766
1802,1761
1763,1763
1764,1782
1742,1774
1760,1738
1811,1733
1788,1779
1769,1736
1752,1727
1791,1752
1705,1727
1762,1756
1718,1715
1707,1684
1756,1716
1708,1702
1750,1667
1659,1665
1672,1635
1704,1583
1627,1581
1612,1596
1584,1588
1589,1612
1575,1562
1582,1545
1570,1514
1534,1509
1545,1492
1524,1499
1444,1461
1453,1491
1458,1426
1465,1467
1510,1425
1490,1455
1412,1441
1424,1443
1444,1404
1406,1442
1397,1452
1432,1439
1374,1407
1427,1442
1377,1438
1417,1448
1452,1443
1416,1457
1427,1460
1467,1480
1435,1459
1440,1513
1473,1474
1451,1494
1457,1568
1470,1536
1523,1560
1535,1515
1547,1534
1538,1590
1591,1648
1571,1630
1611,1603
1611,1658
1598,1633
1657,1680
1657,1685
1681,1684
1695,1693
1678,1697
1714,1729
1695,1757
1720,1771
1762,1758
1715,1782
1765,1776
1797,1760
1793,1750
1763,1747
1773,1755
1772,1761
1834,1766
1778,1778
1755,1791
1793,1714
1788,1733
1792,1750
1761,1770
1729,1771
1768,1723
1749,1746
1759,1711
1698,1683
1691,1642
1688,1675
1652,1623
1703,1627
1634,1609
1653,1632
1649,1610
1618,1592
1591,1550
1582,1544
1547,1548
1580,1570
1544,1514
1547,1494
1492,1499
1533,1496
1530,1479
1497,1474
1472,1459
1462,1457
1423,1460
1428,1414
1427,1407
1409,1413
1392,1451
1409,1449
1410,1420
1395,1460
1393,1422
1411,1398
1434,1424
1409,1434
1405,1467
1444,1477
1451,1446
1426,1444
1477,1513
1483,1467
1496,1533
1492,1531
1489,1529
1442,1528
1517,1577
1541,1550
1529,1621
1557,1592
1588,1612
1572,1609
1652,1632
1629,1667
1617,1705
1681,1699
1685,1697
1691,1723
1706,1728
1697,1723
1745,1762
1741,1754
1760,1759
1774,1810
1763,1780
1798,1755
1763,1770
1802,1787
1761,1748
1756,1773
1807,1739
1796,1748
1752,1750
1820,1727
1762,1738
1775,1758
1798,1748
1761,1762
1763,1701
1679,1674
1690,1698
1733,1672
1752,1698
1725,1679
1732,1677
1648,1616
1716,1605
1634,1587
1594,1607
1663,1581
1646,1559
1582,1534
1557,1544
1545,1496
1568,1521
1551,1487
1532,1494
1513,1494
1486,1485
1444,1452
1465,1437
1459,1454
1437,1455
1400,1448
1430,1469
1437,1424
1433,1393
1442,1453
1447,1433
1387,1395
1414,1423
1420,1449
1456,1448
1395,1433
1459,1461
1430,1471
1425,1455
1452,1500
1414,1458
1463,1526
1491,1509
1528,1531
1504,1541
1541,1541
1538,1550
1517,1561
1577,1606
1557,1622
1596,1618
1596,1655
1612,1645
1654,1639
1647,1685
1644,1668
1671,1677
1710,1686
1702,1726
1700,1725
1716,1727
1736,1744
1721,1715
1740,1736
1778,1726
1785,1755
1814,1772
1785,1771
1737,1774
1789,1770
1763,1740
1809,1749
1751,1763
1811,1750
1811,1745
1783,1744
1742,1739
1795,1697
1798,1726
1722,1708
1744,1702
1722,1642
1704,1706
1688,1647
1661,1664
1693,1622
1636,1588
1652,1586
1615,1588
1619,1573
1593,1566
1619,1582
1573,1534
1585,1524
1519,1492
1569,1519
1536,1489
1515,1508
1487,1472
1481,1469
1444,1461
1453,1441
1434,1437
1432,1485
1418,1411
1408,1443
1417,1418
1367,1457
1423,1397
1462,1466
1444,1465
1419,1443
1423,1465
1422,1454
1442,1428
1433,1458
1413,1484
1414,1503
1494,1507
1484,1522
1475,1515
1497,1539
1520,1544
1540,1549
1536,1588
1505,1583
1605,1595
1578,1607
1569,1643
1597,1647
1647,1653
1615,1673
1622,1674
1684,1676
1662,1696
1712,1719
1721,1753
1737,1707
1699,1723
1747,1769
1775,1739
1764,1716
1776,1767
1774,1750
1825,1759
1810,1743
1770,1730
1799,1778
1809,1772
1794,1771
1794,1720
1775,1743
1781,1731
1800,1744
1783,1749
1768,1734
1794,1694
1703,1716
1718,1668
1738,1679
1715,1640
1681,1637
1714,1641
1643,1617
1623,1598
1628,1626
1614,1572
1621,1555
1606,1547
1556,1556
1582,1554
1522,1479
1537,1514
1502,1516
1493,1491
1495,1473
1497,1428
1471,1454
1473,1471
1486,1474
1432,1399
1394,1387
1400,1427
1402,1460
1395,1433
1392,1419
1425,1444
1462,1398
1429,1435
1398,1474
1436,1436
1420,1438
1433,1470
1447,1469
1444,1485
1446,1507
1456,1484
1469,1563
1475,1555
1484,1530
1513,1565
1543,1562
1583,1600
1581,1603
1578,1625
1562,1625
1597,1621
1615,1644
1644,1662
1633,1671
1650,1720
1693,1711
1703,1718
1740,1722
1708,1705
1730,1707
1742,1729
1728,1778
1771,1736
1780,1749
1732,1798
1778,1765
1756,1760
1801,1787
1777,1799
1848,1720
1757,1744
1749,1716
1781,1766
1825,1727
1777,1735
1764,1734
1754,1704
1780,1707
1746,1669
1720,1689
1731,1651
1727,1674
1708,1664
1645,1682
1684,1613
1617,1622
1639,1622
1666,1601
1588,1555
1586,1576
1600,1569
1513,1547
1551,1530
1546,1506
1509,1483
1478,1502
1500,1450
1460,1442
1459,1431
1443,1463
1487,1457
1376,1430
1432,1422
1396,1439
1415,1414
1424,1436
1398,1444
1429,1388
1442,1457
1453,1445
1406,1429
1440,1449
1415,1486
1386,1466
1430,1456
1477,1510
1441,1469
1498,1479
1442,1520
1503,1552
1493,1554
1484,1556
1549,1569
1547,1554
1541,1639
1537,1555
1579,1594
1595,1612
1608,1672
1657,1673
1638,1678
1652,1702
1644,1686
1686,1712
1738,1731
1686,1720
1760,1754
1742,1707
1760,1768
1751,1758
1785,1731
1771,1788
1778,1777
1773,1724
1792,1769
1747,1781
1766,1729
1826,1750
1790,1777
1796,1725
1796,1728
1717,1746
1767,1728
1755,1759
1763,1741
1754,1739
1694,1711
1714,1708
1682,1676
1666,1622
1638,1626
1675,1637
1621,1601
1671,1616
1634,1603
1615,1563
1634,1567
1633,1542
1578,1545
1554,1526
1548,1525
1511,1464
1510,1484
1454,1491
1427,1452
1469,1452
1503,1475
1439,1425
1441,1431
1449,1444
1381,1448
1392,1418
1421,1470
1434,1430
1410,1451
1409,1432
1374,1440
1430,1464
1384,1480
1431,1434
1465,1466
1435,1480
1410,1506
1440,1449
1448,1485
1444,1495
1502,1489
1477,1515
1486,1535
1494,1544
1579,1548
1535,1593
1557,1594
1587,1619
1626,1613
1637,1635
1625,1659
1661,1640
1604,1685
1652,1709
1706,1697
1670,1733
1711,1683
1746,1739
1693,1728
1734,1728
1769,1737
1768,1754
1781,1781
1774,1791
1758,1747
1770,1811
1755,1772
1770,1790
1825,1789
1804,1757
1818,1739
1767,1733
1784,1741
1740,1764
1796,1728
1813,1696
1747,1684
1722,1710
1716,1667
1700,1682
1701,1657
1709,1658
1676,1636
1621,1620
1636,1583
1598,1612
1627,1575
1540,1580
1532,1542
1567,1578
1588,1535
1516,1502
1529,1502
1496,1449
1487,1464
1494,1499
1472,1470
1478,1479
1454,1466
1413,1417
1424,1413
1447,1440
1432,1454
1407,1434
1413,1438
1433,1427
1414,1414
1403,1421
1360,1413
1427,1453
1409,1458
1418,1475
1472,1484
1439,1466
1451,1495
1464,1471
1475,1501
1481,1518
1514,1523
1491,1544
1538,1551
1487,1564
1518,1592
1602,1618
1569,1604
1625,1644
1638,1610
1598,1651
1643,1681
1656,1665
1682,1715
1737,1673
1694,1708
1697,1745
1735,1752
1742,1737
1733,1700
1757,1750
1771,1737
1798,1760
1782,1796
1835,1746
1758,1766
1791,1780
1791,1758
1823,1758
1803,1754
1776,1749
1762,1736
1799,1759
1729,1730
1784,1701
1707,1704
1778,1708
1739,1743
1737,1694
1697,1649
1685,1667
1694,1643
1674,1619
1674,1608
1700,1598
1639,1584
1607,1570
1613,1533
1608,1543
1616,1562
1549,1510
1576,1481
1558,1514
1525,1531
1508,1479
1447,1475
1465,1451
1468,1476
1456,1432
1474,1429
1444,1429
1419,1471
1409,1415
1465,1466
1403,1450
1453,1419
1423,1467
1443,1416
1451,1463
1458,1460
1369,1428
1408,1486
1438,1491
1404,1471
1472,1486
1435,1472
1480,1488
1476,1482
1510,1515
1524,1534
1508,1567
1544,1583
1548,1644
1585,1600
1589,1624
1599,1643
1585,1662
1621,1658
1640,1686
1641,1712
1678,1680
1648,1710
1650,1686
1701,1709
1691,1676
1740,1734
1729,1735
1722,1766
1718,1765
1787,1767
1752,1790
1739,1747
1775,1763
1737,1792
1833,1760
1750,1768
1779,1754
1759,1771
1799,1756
1749,1698
1767,1736
1717,1742
1748,1718
1767,1679
1718,1713
1745,1658
1737,1675
1679,1676
1658,1642
1675,1602
1673,1626
1615,1594
1648,1604
1669,1592
1607,1615
1580,1538
1522,1526
1508,1549
1526,1517
1503,1515
1531,1514
1498,1479
1498,1467
1470,1453
1455,1471
1436,1437
1418,1437
1428,1415
1434,1443
1498,1457
1382,1396
1414,1405
1435,1453
1432,1431
1448,1438
1385,1432
1444,1429
1373,1469
1441,1415
1413,1501
1459,1476
1473,1500
1443,1481
1487,1519
1492,1539
1535,1567
1459,1581
1499,1585
1545,1545
1580,1611
1572,1591
1620,1588
1586,1598
1623,1660
1633,1679
1647,1679
1644,1668
1632,1702
1689,1658
1671,1730
1683,1697
1744,1724
1722,1742
1769,1764
1733,1787
1726,1789
1758,1715
1707,1739
1812,1742
1755,1755
1729,1800
1789,1773
1761,1742
1784,1785
1779,1729
1775,1734
1741,1714
1784,1758
1755,1732
1741,1727
1801,1700
1719,1711
1754,1694
1708,1678
1718,1662
1668,1650
1657,1622
1681,1624
1645,1609
1609,1565
1598,1567
1636,1598
1592,1601
1607,1539
1587,1559
1505,1508
1495,1546
1521,1531
1493,1489
1499,1494
1462,1489
1457,1445
1440,1453
1459,1497
1493,1444
1429,1464
1449,1456
1424,1433
1435,1510
1421,1471
1404,1447
1432,1435
1409,1444
1423,1464
1425,1477
1430,1439
1472,1487
1425,1492
1463,1514
1461,1470
1434,1505
1475,1496
1482,1565
1498,1543
1509,1544
1530,1542
1534,1543
1555,1583
1564,1604
1568,1604
1592,1600
1629,1635
1628,1643
1681,1693
1640,1703
1664,1681
1689,1693
1717,1668
1704,1713
1735,1732
1795,1751
1741,1779
1730,1761
1751,1776
1768,1792
1766,1744
1774,1747
1777,1755
1790,1766
1773,1767
1759,1779
1729,1725
1807,1710
1737,1705
1773,1755
1740,1696
1749,1695
1750,1700
1692,1712
1716,1693
1722,1670
1704,1669
1706,1671
1662,1675
1662,1634
1610,1571
1649,1581
1605,1603
1619,1596
1620,1545
1558,1545
1563,1504
1516,1550
1511,1529
1537,1515
1517,1521
1479,1480
1498,1481
1455,1469
1394,1433
1477,1501
1446,1431
1438,1442
1458,1456
1429,1465
1425,1447
1407,1442
1419,1439
1470,1435
1432,1457
1426,1453
1440,1444
1387,1466
1435,1475
1460,1514
1436,1485
1476,1502
1472,1493
1481,1472
1493,1506
1491,1527
1511,1570
1514,1549
1575,1563
1579,1591
1550,1591
1611,1598
1612,1644
1636,1657
1619,1642
1583,1665
1667,1708
1656,1673
1700,1658
1730,1703
1731,1715
1683,1729
1709,1707
1724,1705
1735,1735
1737,1740
1763,1754
1754,1730
1748,1751
1720,1760
1710,1767
1750,1739
1763,1751
1795,1730
1789,1727
1767,1708
1797,1705
1733,1729
1756,1708
1738,1684
1747,1685
1762,1711
1728,1654
1709,1692
1719,1674
1712,1630
1716,1652
1608,1637
1682,1593
1604,1583
1586,1569
1631,1580
1555,1561
1606,1577
1551,1533
1573,1521
1551,1530
1468,1531
1535,1512
1470,1485
1504,1497
1488,1466
1489,1444
1454,1429
1419,1437
1473,1463
1426,1456
1500,1437
1411,1451
1444,1478
1417,1449
1472,1465
1453,1435
1401,1466
1418,1453
1438,1471
1421,1462
1446,1487
1442,1498
1461,1440
1474,1542
1532,1538
1483,1497
1487,1529
1492,1530
1572,1556
1557,1584
1543,1581
1585,1602
1591,1610
1610,1594
1632,1646
1658,1690
1612,1647
1650,1632
1684,1679
1629,1707
1677,1707
1749,1731
1702,1720
1702,1738
1720,1736
1739,1682
1761,1768
1751,1749
1675,1760
1744,1749
1758,1759
1806,1711
1764,1767
1747,1763
1796,1750
1729,1766
1739,1753
1778,1693
1757,1706
1773,1691
1775,1746
1721,1690
1682,1660
1725,1644
1667,1678
1731,1642
1684,1629
1693,1610
1642,1604
1671,1613
1578,1620
1623,1583
1633,1604
1595,1597
1638,1547
1590,1557
1543,1563
1545,1562
1484,1530
1511,1511
1489,1514
1492,1473
1476,1495
1441,1485
1441,1452
1477,1480
1489,1428
1439,1486
1438,1439
1488,1449
1438,1443
1459,1461
1446,1480
1478,1466
1404,1464
1423,1464
1470,1471
1466,1515
1452,1486
1501,1522
1433,1518
1447,1525
1567,1556
1515,1543
1510,1561
1554,1534
1570,1561
1527,1598
1584,1598
1595,1582
1614,1675
1546,1654
1660,1662
1641,1722
1634,1674
1639,1651
1664,1662
1680,1703
1671,1696
1689,1708
1690,1727
1744,1731
1745,1744
1705,1739
1730,1743
1774,1705
1756,1776
1769,1743
1747,1750
1716,1752
1774,1776
1776,1731
1712,1711
1734,1759
1747,1719
1790,1708
1768,1687
1728,1716
1732,1695
1757,1680
1733,1705
1728,1683
1703,1666
1690,1673
1665,1665
1703,1633
1630,1622
1636,1602
1606,1602
1633,1549
1670,1577
1538,1582
1562,1574
1617,1562
1524,1535
1532,1515
1557,1497
1530,1455
1565,1524
1503,1474
1525,1484
1499,1502
1431,1472
1427,1497
1468,1458
1450,1515
1450,1463
1444,1440
1408,1487
1424,1445
1423,1492
1430,1449
1449,1475
1429,1476
1437,1504
1468,1475
1500,1495
1455,1500
1475,1513
1507,1531
1528,1525
1497,1523
1455,1529
1579,1542
1531,1547
1551,1551
1551,1612
1568,1592
1609,1608
1573,1610
1622,1654
1628,1628
1615,1653
1659,1677
1654,1688
1635,1704
1639,1668
1704,1709
1720,1714
1726,1692
1717,1739
1719,1683
1711,1762
1728,1724
1751,1716
1746,1718
1763,1708
1826,1744
1743,1740
1731,1767
1727,1714
1753,1758
1768,1751
1744,1736
1720,1706
1725,1727
1730,1726
1712,1707
1767,1686
1715,1672
1735,1664
1667,1665
1735,1626
1704,1574
1650,1628
1664,1585
1661,1635
1636,1600
1603,1573
1583,1557
1568,1561
1537,1534
1547,1515
1571,1524
1493,1506
1502,1494
1565,1517
1529,1496
1441,1485
1445,1512
1508,1481
1465,1489
1426,1469
1463,1437
1481,1486
1472,1495
1436,1473
1433,1479
1446,1460
1417,1463
1458,1467
1456,1474
1418,1488
1451,1477
1523,1529
1473,1528
1446,1474
1467,1510
1471,1535
1518,1523
1523,1525
1515,1565
1518,1590
1548,1580
1571,1560
1521,1597
1597,1588
1575,1586
1597,1622
1623,1619
1607,1685
1695,1645
1651,1665
1650,1660
1653,1673
1656,1647
1676,1709
1708,1705
1722,1733
1692,1719
1751,1696
1729,1739
1754,1729
1703,1750
1701,1716
1775,1712
1728,1751
1727,1742
1739,1712
1767,1738
1718,1748
1702,1733
1726,1700
1725,1683
1726,1685
1719,1681
1724,1668
1721,1707
1715,1643
1727,1671
1685,1623
1720,1650
1679,1642
1613,1637
1603,1587
1645,1596
1670,1635
1609,1624
1599,1569
1616,1570
1556,1540
1586,1543
1523,1548
1579,1550
1542,1538
1523,1501
1512,1544
1511,1521
1502,1515
1486,1463
1506,1483
1490,1465
1515,1488
1472,1440
1459,1455
1445,1508
1486,1494
1458,1505
1445,1486
1434,1461
1443,1457
1429,1475
1440,1497
1429,1503
1444,1466
1504,1477
1469,1481
1492,1535
1510,1552
1495,1509
1499,1520
1560,1527
1504,1567
1595,1590
1538,1592
1606,1614
1582,1624
1577,1611
1623,1626
1629,1612
1649,1680
1660,1649
1614,1643
1646,1670
1675,1687
1667,1703
1699,1700
1687,1713
1702,1716
1714,1747
1686,1739
1717,1689
1751,1739
1767,1766
1702,1744
1752,1780
1753,1740
1736,1746
1679,1723
1734,1687
1740,1732
1728,1719
1729,1729
1729,1664
1721,1696
1730,1700
1722,1696
1697,1646
1676,1687
1680,1620
1690,1619
1701,1645
1652,1631
1652,1620
1599,1571
1661,1554
1652,1580
1626,1577
1607,1559
1568,1530
1535,1580
1581,1550
1549,1540
1541,1540
1509,1537
1513,1494
1471,1499
1502,1482
1545,1497
1486,1498
1459,1467
1430,1453
1490,1502
1461,1466
1462,1483
1444,1480
1451,1496
1450,1475
1475,1494
1431,1486
1432,1492
1442,1465
1469,1492
1460,1483
1496,1461
1498,1505
1485,1530
1481,1498
1499,1516
1538,1519
1492,1563
1553,1588
1561,1564
1539,1593
1506,1595
1577,1614
1560,1657
1546,1614
1620,1613
1610,1666
1624,1659
1657,1654
1646,1680
1631,1693
1641,1698
1653,1651
1672,1691
1699,1725
1710,1718
1732,1724
1708,1715
1724,1741
1728,1703
1723,1739
1718,1703
1738,1741
1726,1750
1749,1731
1717,1753
1751,1727
1716,1788
1746,1718
1755,1691
1694,1735
1749,1722
1721,1694
1709,1698
1718,1682
1697,1686
1665,1634
1687,1608
1691,1622
1681,1625
1666,1634
1605,1598
1650,1601
1617,1581
1595,1570
1629,1552
1562,1604
1589,1598
1564,1524
1533,1538
1534,1562
1524,1541
1517,1501
1497,1457
1539,1486
1512,1474
1521,1479
1443,1478
1494,1485
1493,1460
1461,1517
1471,1456
1489,1502
1463,1486
1465,1461
1496,1519
1483,1475
1479,1479
1442,1514
1400,1485
1476,1501
1502,1492
1474,1504
1533,1507
1490,1513
1507,1536
1516,1512
1507,1531
1534,1536
1517,1568
1564,1590
1570,1579
1544,1569
1553,1604
1602,1623
1577,1587
1575,1630
1614,1644
1630,1635
1622,1660
1612,1693
1652,1687
1647,1656
1664,1666
1648,1696
1731,1725
1738,1742
1760,1704
1713,1741
1736,1772
1787,1742
1702,1689
1751,1755
1764,1683
1719,1744
1698,1719
1755,1700
1749,1689
1755,1716
1759,1691
1743,1730
1747,1715
1736,1696
1722,1689
1687,1692
1743,1678
1669,1690
1679,1664
1663,1656
1680,1614
1646,1629
1654,1645
1638,1635
1622,1561
1635,1599
1627,1615
1601,1583
1614,1588
1575,1541
1578,1525
1569,1537
1545,1530
1537,1536
1550,1492
1520,1514
1518,1532
1508,1500
1511,1546
1489,1512
1420,1481
1472,1457
1453,1453
1469,1461
1508,1526
1459,1480
1430,1496
1405,1424
1497,1429
1480,1480
1471,1486
1485,1518
1448,1486
1467,1513
1501,1573
1516,1528
1442,1526
1457,1564
1547,1537
1493,1533
1521,1578
1521,1540
1562,1562
1523,1596
1562,1590
1581,1570
1588,1626
1588,1608
1587,1625
1600,1625
1627,1643
1611,1639
1679,1658
1694,1668
1639,1667
1596,1678
1684,1659
1684,1711
1700,1735
1688,1742
1719,1689
1714,1727
1784,1714
1745,1697
1696,1715
1739,1736
1725,1713
1726,1722
1735,1726
1727,1690
1714,1718
1726,1696
1719,1708
1720,1711
1709,1697
1723,1688
1718,1693
1715,1656
1710,1697
1718,1636
1708,1641
1697,1656
1673,1631
1645,1643
1611,1645
1661,1569
1654,1608
1623,1597
1609,1607
1589,1564
1555,1572
1644,1550
1587,1557
1569,1510
1556,1526
1526,1551
1520,1526
1510,1478
1496,1476
1485,1482
1460,1507
1537,1479
1480,1463
1489,1506
1478,1473
1471,1449
1446,1488
1474,1474
1443,1502
1509,1480
1468,1480
1488,1470
1482,1491
1470,1494
1510,1490
1462,1513
1492,1470
1480,1557
1557,1513
1499,1521
1472,1550
1542,1533
1542,1565
1532,1536
1573,1585
1578,1581
1539,1562
1582,1630
1617,1667
1577,1647
1605,1625
1604,1617
1610,1655
1625,1685
1663,1642
1706,1700
1685,1695
1591,1692
1673,1686
1682,1671
1700,1718
1678,1711
1700,1736
1719,1756
1707,1713
1762,1725
1745,1737
1708,1756
1727,1737
1741,1699
1704,1753
1729,1727
1678,1679
1753,1693
1682,1726
1685,1691
1708,1705
1729,1667
1730,1691
1672,1654
1763,1690
1678,1711
1613,1668
1662,1655
1655,1626
1659,1608
1650,1608
1604,1628
1597,1568
1615,1606
1616,1566
1602,1585
1595,1556
1564,1550
1529,1547
1554,1541
1563,1551
1516,1519
1531,1533
1525,1523
1497,1514
1513,1487
1470,1511
1489,1534
1542,1491
1470,1465
1465,1527
1469,1476
1477,1502
1474,1518
1501,1467
1504,1457
1483,1503
1493,1505
1428,1533
1467,1490
1481,1523
1454,1486
1483,1489
1450,1492
1468,1520
1473,1525
1529,1552
1497,1540
1534,1573
1567,1587
1542,1566
1538,1557
1564,1607
1596,1559
1578,1607
1585,1636
1574,1632
1585,1638
1600,1657
1639,1641
1628,1693
1627,1664
1663,1662
1674,1695
1649,1639
1694,1683
1698,1689
1674,1682
1669,1701
1700,1746
1687,1725
1732,1734
1739,1711
1769,1709
1750,1722
1756,1710
1718,1728
1692,1709
1728,1689
1747,1695
1718,1688
1731,1706
1763,1677
1719,1733
1732,1712
1652,1671
1695,1681
1734,1687
1682,1662
1702,1651
1682,1611
1686,1643
1665,1588
1664,1639
1636,1636
1583,1591
1583,1581
1604,1571
1573,1595
1583,1565
1553,1537
1555,1533
1552,1548
1552,1561
1519,1537
1538,1526
1488,1537
1532,1496
1530,1513
1521,1495
1503,1461
1466,1489
1481,1466
1471,1478
1468,1502
1457,1453
1474,1453
1465,1496
1491,1508
1470,1463
1485,1445
1443,1489
1474,1511
1445,1521
1467,1497
1467,1498
1456,1499
1492,1500
1511,1493
1505,1559
1507,1546
1533,1543
1505,1535
1517,1603
1515,1585
1531,1580
1557,1570
1563,1559
1538,1598
1580,1644
1567,1647
1655,1650
1599,1684
1595,1632
1622,1634
1666,1668
1657,1651
1639,1663
1683,1743
1701,1654
1698,1701
1710,1714
1734,1730
1643,1712
1717,1701
1694,1705
1747,1746
1740,1717
1715,1705
1744,1757
1735,1725
1726,1683
1745,1686
1732,1721
1712,1704
1759,1706
1722,1668
1701,1700
1745,1702
1739,1650
1679,1654
1709,1648
1692,1668
1682,1657
1728,1627
1697,1614
1660,1637
1633,1631
1617,1631
1609,1620
1604,1563
1597,1568
1589,1565
1590,1561
1588,1574
1584,1564
1576,1569
1556,1520
1554,1548
1548,1541
1480,1516
1550,1512
1513,1544
1490,1505
1533,1481
1508,1504
1456,1508
1468,1493
1471,1460
1487,1512
1463,1510
1454,1465
1455,1489
1471,1498
1440,1489
1457,1521
1474,1500
1496,1481
1445,1476
1428,1528
1491,1468
1501,1515
1499,1507
1499,1513
1482,1505
1499,1513
1532,1533
1544,1609
1559,1554
1523,1555
1551,1603
1535,1561
1585,1581
1577,1626
1579,1601
1580,1616
1615,1637
1596,1628
1660,1615
1607,1655
1637,1717
1673,1663
1691,1662
1685,1687
1640,1673
1678,1671
1714,1709
1675,1724
1679,1738
1680,1698
1723,1704
1685,1750
1726,1748
1730,1701
1730,1678
1720,1675
1687,1674
1710,1721
1734,1693
1694,1707
1724,1685
1737,1687
1725,1708
1659,1679
1712,1669
1700,1685
1714,1658
1643,1655
1657,1671
1665,1684
1619,1641
1709,1589
1669,1625
1639,1611
1615,1628
1674,1644
1616,1585
1600,1563
1613,1561
1578,1592
1561,1546
1584,1516
1535,1563
1554,1504
1538,1501
1504,1526
1508,1512
1494,1492
1502,1496
1514,1508
1495,1521
1481,1470
1484,1487
1528,1469
1487,1480
1466,1460
1471,1501
1503,1496
1411,1513
1486,1452
1497,1463
1464,1466
1467,1499
1468,1490
1475,1498
1470,1496
1468,1498
1443,1526
1505,1524
1501,1541
1484,1537
1508,1518
1510,1580
1505,1531
1530,1620
1505,1572
1567,1596
1548,1575
1610,1583
1575,1611
1575,1617
1617,1647
1595,1620
1668,1654
1679,1682
1718,1673
1671,1718
1688,1652
1652,1656
1687,1660
1729,1711
1676,1703
1701,1691
1710,1689
1661,1699
1757,1708
1696,1679
1702,1691
1721,1703
1701,1747
1721,1733
1754,1680
1755,1715
1709,1705
1731,1719
1754,1695
1705,1722
1715,1686
1710,1690
1737,1699
1693,1686
1650,1704
1676,1638
1645,1645
1704,1667
1623,1628
1703,1579
1671,1643
1638,1641
1593,1643
1638,1545
1615,1596
1574,1638
1613,1594
1583,1574
1596,1569
1588,1558
1555,1509
1519,1576
1577,1538
1524,1565
1496,1543
1517,1510
1515,1520
1534,1500
1463,1473
1512,1457
1473,1511
1459,1512
1479,1487
1480,1462
1506,1476
1453,1475
1442,1481
1474,1473
1457,1489
1510,1471
1431,1523
1463,1493
1473,1499
1457,1498
1490,1513
1495,1515
1519,1527
1485,1502
1478,1540
1545,1558
1542,1561
1513,1564
1521,1563
1555,1565
1566,1609
1541,1608
1595,1598
1617,1591
1606,1563
1601,1629
1610,1662
1625,1595
1669,1655
1677,1655
1642,1668
1641,1665
1661,1693
1677,1670
1643,1701
1662,1673
1664,1701
1711,1708
1737,1662
1714,1706
1696,1692
1681,1774
1778,1735
1729,1768
1728,1720
1745,1729
1726,1720
1759,1723
1715,1717
1711,1725
1719,1732
1759,1737
1739,1722
1683,1693
1711,1713
1693,1667
1698,1666
1672,1659
1691,1653
1742,1652
1683,1648
1719,1624
1690,1644
1725,1617
1686,1643
1662,1614
1628,1598
1563,1604
1628,1608
1587,1545
1571,1546
1593,1585
1575,1575
1515,1521
1564,1541
1512,1532
1521,1509
1519,1521
1502,1503
1512,1468
1493,1473
1505,1496
1500,1483
1476,1486
1500,1455
1543,1460
1425,1503
1474,1434
1441,1507
1457,1469
1431,1478
1466,1480
1485,1482
1484,1526
1478,1499
1461,1555
1516,1473
1529,1502
1503,1522
1472,1503
1452,1517
1533,1542
1519,1551
1504,1560
1497,1535
1501,1571
1527,1575
1554,1575
1514,1565
1621,1600
1554,1615
1625,1607
1607,1606
1618,1649
1685,1650
1608,1627
1641,1670
1634,1695
1639,1679
1703,1676
1689,1700
1629,1673
1721,1659
1697,1695
1703,1722
1681,1727
1715,1690
1700,1727
1698,1714
1736,1708
1738,1722
1726,1706
1732,1719
1704,1711
1743,1719
1739,1769
1710,1711
1688,1717
1736,1708
1728,1684
1680,1700
1722,1689
1728,1684
1717,1719
1700,1694
1730,1686
1691,1690
1663,1673
1652,1664
1651,1636
1677,1632
1679,1664
1643,1579
1657,1606
1642,1616
1611,1636
1646,1605
1606,1585
1587,1551
1604,1587
1563,1580
1587,1553
1568,1547
1532,1539
1550,1502
1558,1507
1531,1527
1501,1451
1515,1504
1481,1521
1471,1478
1484,1485
1457,1486
1471,1448
1480,1421
1507,1453
1453,1423
1493,1458
1462,1457
1470,1463
1461,1487
1487,1483
1452,1491
1457,1514
1506,1463
1495,1465
1487,1518
1513,1531
1511,1504
1455,1508
1506,1571
1511,1525
1531,1529
1485,1576
1515,1552
1509,1575
1553,1581
1540,1584
1613,1594
1569,1647
1608,1614
1577,1608
1650,1611
1665,1622
1590,1688
1633,1667
1652,1662
1664,1624
1628,1633
1694,1666
1685,1691
1684,1718
1690,1686
1731,1697
1713,1724
1675,1712
1745,1742
1728,1732
1772,1715
1704,1730
1736,1709
1735,1735
1759,1725
1754,1686
1737,1743
1755,1697
1699,1731
1747,1740
1719,1757
1723,1702
1779,1696
1721,1705
1736,1694
1747,1733
1687,1655
1739,1677
1647,1665
1670,1642
1681,1668
1660,1620
1664,1632
1621,1640
1651,1628
1614,1585
1619,1595
1594,1584
1615,1577
1647,1556
1562,1569
1539,1547
1544,1551
1541,1507
1535,1534
1528,1480
1527,1514
1511,1502
1535,1517
1480,1530
1484,1478
1461,1471
1503,1480
1505,1503
1515,1465
1458,1475
1451,1497
1443,1485
1452,1450
1465,1480
1448,1502
1497,1471
1465,1458
1441,1472
1486,1487
1502,1464
1458,1531
1471,1489
1472,1527
1490,1500
1484,1516
1521,1514
1494,1539
1537,1517
1499,1558
1522,1538
1530,1530
1558,1580
1578,1577
1547,1581
1569,1599
1580,1662
1543,1586
1595,1633
1619,1609
1635,1643
1622,1640
1615,1654
1600,1634
1635,1670
1662,1683
1666,1695
1718,1722
1712,1693
1686,1701
1726,1667
1714,1727
1739,1740
1739,1715
1720,1723
1706,1717
1753,1712
1746,1761
1774,1715
1750,1731
1723,1721
1765,1778
1755,1721
1749,1706
1720,1700
1682,1730
1728,1701
1743,1717
1711,1694
1711,1728
1737,1689
1682,1719
1706,1677
1719,1624
1661,1619
1692,1639
1675,1655
1645,1609
1621,1625
1660,1605
1650,1570
1638,1604
1595,1591
1555,1563
1609,1542
1593,1572
1556,1524
1571,1538
1552,1534
1536,1514
1573,1534
1464,1507
1520,1504
1505,1482
1444,1493
1465,1486
1490,1503
1496,1466
1518,1457
1465,1437
1476,1462
1448,1458
1463,1474
1460,1454
1471,1477
1458,1480
1467,1506
1431,1493
1435,1484
1438,1522
1488,1489
1470,1506
1470,1498
1462,1512
1493,1475
1454,1532
1513,1516
1526,1541
1542,1518
1533,1563
1504,1543
1503,1598
1545,1575
1527,1574
1524,1605
1554,1619
1606,1595
1583,1607
1609,1586
1636,1644
1606,1646
1610,1686
1615,1661
1627,1652
1656,1664
1680,1669
1693,1713
1648,1705
1697,1740
1671,1705
1669,1702
1690,1694
1745,1741
1717,1672
1731,1707
1705,1725
1782,1733
1738,1781
1730,1767
1762,1723
1776,1731
1717,1716
1761,1727
1745,1729
1735,1689
1760,1682
1719,1689
1751,1716
1722,1679
1702,1696
1720,1651
1730,1697
1706,1643
1719,1694
1652,1638
1689,1617
1641,1653
1637,1611
1650,1626
1663,1630
1643,1616
1608,1622
1657,1602
1608,1602
1628,1555
1619,1554
1571,1566
1576,1554
1578,1574
1539,1540
1528,1536
1488,1487
1493,1491
1516,1491
1506,1526
1484,1463
1487,1462
1477,1499
1506,1475
1481,1499
1485,1430
1476,1466
1481,1460
1456,1474
1451,1429
1463,1444
1463,1493
1426,1458
1488,1442
1431,1462
1470,1470
1453,1479
1483,1489
1440,1496
1466,1547
1478,1488
1482,1538
1515,1506
1518,1564
1543,1564
1516,1465
1503,1526
1510,1546
1554,1537
1537,1577
1575,1533
1604,1590
1520,1577
1583,1596
1587,1640
1591,1631
1631,1629
1679,1656
1585,1672
1639,1650
1642,1661
1647,1667
1681,1670
1674,1663
1681,1702
1687,1740
1727,1702
1720,1726
1709,1695
1716,1719
1727,1725
1777,1708
1712,1748
1749,1735
1732,1726
1731,1764
1760,1730
1786,1773
1735,1754
1749,1721
1763,1701
1728,1724
1726,1715
1752,1700
1685,1702
1727,1685
1748,1690
1742,1656
1694,1680
1735,1667
1691,1682
1676,1646
1703,1647
1692,1639
1633,1646
1665,1637
1603,1622
1667,1621
1599,1596
1585,1611
1644,1587
1588,1610
1568,1592
1552,1533
1569,1537
1566,1536
1569,1513
1561,1533
1518,1518
1472,1508
1500,1505
1520,1541
1518,1455
1518,1486
1490,1483
1450,1450
1505,1498
1470,1465
1502,1467
1457,1490
1449,1472
1402,1448
1467,1452
1462,1459
1419,1476
1472,1437
1464,1493
1423,1460
1482,1512
1482,1451
1466,1472
1418,1461
1455,1493
1486,1470
1464,1534
1482,1532
1544,1529
1506,1505
1476,1521
1494,1534
1531,1570
1538,1574
1536,1603
1591,1614
1544,1600
1550,1596
1573,1616
1594,1622
1590,1621
1629,1642
1655,1649
1645,1673
1639,1675
1665,1672
1667,1694
1675,1688
1701,1716
1665,1688
1704,1707
1683,1692
1724,1741
1708,1688
1697,1743
1744,1745
1732,1787
1750,1752
1810,1752
1739,1765
1725,1752
1751,1689
1741,1699
1765,1754
1757,1803
1690,1760
1761,1732
1727,1746
1763,1727
1744,1708
1712,1746
1721,1672
1719,1712
1710,1687
1689,1666
1722,1646
1695,1649
1708,1673
1691,1633
1695,1699
1632,1628
1654,1641
1662,1598
1579,1587
1636,1609
1613,1589
1594,1586
1595,1592
1571,1538
1613,1545
1551,1575
1554,1521
1535,1508
1502,1507
1529,1531
1515,1469
1453,1490
1505,1492
1504,1497
1450,1505
1473,1458
1455,1449
1467,1451
1455,1457
1434,1460
1436,1450
1504,1461
1455,1484
1436,1464
1406,1474
1468,1484
1422,1417
1414,1468
1417,1505
1408,1499
1448,1454
1477,1498
1450,1466
1474,1480
1461,1510
1521,1525
1517,1506
1520,1527
1498,1539
1511,1582
1523,1520
1534,1556
1567,1561
1549,1526
1557,1633
1528,1570
1589,1629
1583,1642
1587,1652
1611,1665
1617,1632
1691,1658
1634,1655
1652,1647
1656,1721
1675,1687
1653,1706
1720,1741
1693,1698
1694,1726
1759,1722
1739,1731
1720,1711
1759,1709
1723,1738
1726,1726
1734,1737
1784,1740
1786,1717
1732,1795
1773,1755
1785,1753
1792,1740
1758,1726
1812,1733
1744,1742
1782,1746
1769,1737
1739,1703
1709,1721
1765,1717
1748,1695
1738,1693
1748,1684
1696,1682
1716,1687
1665,1681
1672,1640
1665,1601
1654,1656
1671,1634
1633,1586
1602,1577
1658,1610
1605,1588
1625,1574
1573,1553
1594,1536
1551,1514
1598,1535
1524,1547
1524,1490
1510,1505
1520,1501
1526,1468
1455,1465
1488,1456
1488,1485
1421,1469
1454,1456
1499,1468
1457,1444
1446,1426
1421,1454
1424,1498
1408,1434
1448,1472
1395,1449
1422,1481
1471,1452
1417,1491
1370,1455
1410,1482
1462,1490
1472,1445
1443,1480
1434,1473
1476,1499
1463,1457
1490,1503
1475,1547
1487,1541
1517,1494
1529,1565
1506,1514
1527,1545
1556,1568
1572,1594
1568,1603
1585,1601
1597,1605
1625,1632
1582,1601
1618,1650
1603,1646
1622,1640
1628,1670
1643,1677
1671,1672
1664,1630
1707,1698
1696,1672
1758,1716
1746,1713
1673,1710
1727,1696
1729,1796
1746,1758
1750,1750
1710,1749
1776,1739
1784,1681
1752,1758
1800,1712
1773,1782
1740,1771
1755,1732
1819,1743
1798,1718
1752,1741
1783,1724
1759,1717
1753,1745
1771,1699
1714,1714
1782,1679
1707,1678
1736,1695
1733,1689
1670,1668
1744,1662
1636,1663
1701,1644
1690,1615
1665,1621
1652,1600
1669,1630
1585,1588
1635,1592
1628,1553
1596,1565
1582,1541
1578,1529
1542,1533
1535,1544
1511,1496
1489,1564
1509,1518
1472,1478
1540,1491
1544,1470
1487,1459
1491,1433
1439,1448
1438,1421
1440,1459
1446,1488
1454,1453
1440,1440
1387,1447
1435,1471
1447,1440
1432,1415
1465,1465
1397,1454
1421,1448
1441,1437
1403,1480
1441,1474
1434,1491
1457,1539
1475,1471
1440,1504
1467,1478
1502,1517
1456,1502
1506,1511
1507,1544
1487,1572
1523,1512
1531,1552
1550,1573
1573,1567
1588,1643
1558,1619
1586,1619
1608,1625
1601,1641
1582,1663
1597,1667
1672,1627
1657,1679
1652,1728
1657,1686
1656,1674
1698,1723
1712,1771
1699,1730
1709,1688
1754,1716
1753,1767
1733,1750
1809,1741
1760,1764
1768,1745
1778,1773
1756,1750
1763,1778
1750,1762
1762,1737
1759,1788
1692,1795
1801,1728
1743,1736
1753,1730
1768,1758
1741,1731
1767,1717
1747,1712
1763,1693
1764,1700
1750,1669
1745,1697
1718,1640
1679,1712
1694,1627
1668,1681
1714,1656
1637,1642
1670,1614
1672,1588
1642,1619
1641,1603
1620,1554
1614,1556
1606,1558
1553,1533
1592,1532
1548,1533
1528,1514
1530,1522
1536,1525
1491,1471
1476,1449
1475,1482
1489,1469
1486,1486
1485,1473
1444,1431
1443,1440
1438,1420
1417,1452
1451,1447
1404,1460
1435,1416
1411,1446
1445,1417
1473,1463
1425,1410
1452,1451
1418,1476
1426,1452
1468,1504
1487,1430
1468,1456
1470,1497
1441,1436
1455,1476
1466,1490
1457,1485
1441,1511
1482,1539
1459,1556
1509,1528
1484,1560
1504,1518
1532,1583
1542,1592
1575,1560
1537,1612
1541,1586
1595,1635
1616,1635
1587,1642
1660,1691
1620,1623
1646,1695
1662,1695
1616,1666
1696,1664
1708,1717
1712,1738
1707,1719
1683,1731
1739,1694
1757,1707
1752,1735
1760,1803
1735,1776
1747,1767
1784,1745
1782,1759
1789,1773
1821,1773
1820,1751
1767,1775
1758,1734
1770,1740
1798,1747
1751,1768
1766,1746
1777,1707
1791,1773
1750,1727
1742,1699
1751,1697
1723,1689
1718,1672
1705,1680
1719,1694
1741,1670
1679,1641
1680,1635
1690,1618
1661,1650
1630,1626
1642,1601
1668,1609
1581,1556
1590,1561
1544,1527
1571,1557
1579,1507
1587,1558
1530,1544
1496,1509
1510,1474
1530,1492
1491,1488
1482,1465
1480,1491
1477,1482
1408,1452
1486,1422
1440,1457
1443,1463
1436,1446
1456,1444
1423,1473
1417,1447
1430,1433
1407,1405
1455,1436
1434,1452
1445,1445
1422,1462
1431,1464
1460,1425
1473,1436
1430,1444
1446,1505
1431,1450
1455,1472
1477,1498
1472,1472
1437,1502
1477,1561
1476,1542
1475,1510
1488,1522
1488,1535
1532,1545
1564,1554
1546,1591
1573,1584
1569,1634
1567,1601
1559,1617
1612,1627
1625,1650
1622,1655
1665,1688
1709,1691
1641,1703
1698,1701
1699,1687
1737,1722
1720,1698
1716,1754
1741,1749
1720,1716
1719,1766
1753,1763
1762,1759
1782,1745
1720,1742
1785,1762
1775,1735
1776,1767
1735,1753
1777,1773
1785,1781
1752,1731
1803,1751
1747,1666
1749,1740
1753,1782
1733,1723
1761,1708
1766,1731
1788,1731
1776,1728
1797,1695
1746,1695
1729,1683
1703,1677
1683,1653
1706,1642
1715,1645
1673,1622
1668,1651
1647,1622
1611,1615
1611,1613
1626,1537
1594,1558
1575,1566
1595,1524
1554,1531
1565,1538
1572,1499
1540,1513
1495,1509
1507,1465
1504,1466
1485,1462
1442,1483
1447,1456
1518,1473
1452,1476
1441,1412
1429,1469
1458,1420
1430,1432
1428,1446
1403,1407
1396,1426
1418,1423
1475,1470
1399,1463
1415,1427
1404,1460
1360,1462
1418,1441
1415,1444
1445,1454
1426,1455
1465,1473
1437,1488
1444,1483
1474,1488
1477,1516
1478,1504
1505,1513
1501,1535
1490,1555
1529,1575
1491,1573
1510,1521
1543,1590
1606,1598
1577,1618
1581,1616
1580,1643
1583,1609
1626,1656
1638,1659
1702,1648
1721,1695
1709,1681
1682,1716
1666,1698
1709,1711
1763,1725
1729,1710
1727,1756
1733,1717
1724,1737
1758,1785
1765,1732
1749,1737
1750,1753
1776,1789
1820,1753
1816,1766
1789,1762
1778,1781
1781,1732
1786,1769
1762,1706
1794,1757
1746,1748
1777,1728
1769,1741
1774,1737
1795,1713
1765,1755
1785,1768
1729,1699
1744,1716
1737,1684
1746,1678
1694,1650
1653,1641
1693,1638
1687,1617
1658,1636
1655,1615
1598,1588
1621,1597
1606,1575
1615,1552
1611,1545
1603,1563
1536,1498
1558,1502
1546,1466
1491,1514
1542,1474
1527,1488
1545,1466
1456,1453
1426,1452
1439,1472
1461,1434
1466,1452
1448,1437
1450,1459
1414,1443
1430,1438
1432,1437
1416,1435
1434,1409
1407,1451
1410,1417
1429,1424
1414,1440
1390,1432
1399,1462
1467,1440
1477,1431
1390,1469
1420,1488
1451,1451
1429,1468
1442,1480
1447,1481
1465,1516
1465,1508
1470,1545
1508,1570
1474,1551
1520,1522
1508,1542
1566,1607
1532,1600
1592,1623
1544,1643
1604,1593
1630,1623
1608,1611
1651,1643
1657,1702
1677,1660
1694,1662
1635,1702
1678,1695
1739,1704
1735,1755
1661,1737
1666,1713
1757,1737
1736,1700
1711,1723
1719,1786
1765,1791
1807,1720
1746,1741
1799,1763
1794,1763
1777,1744
1774,1778
1782,1750
1791,1751
1827,1774
1763,1773
1755,1801
1771,1778
1797,1710
1804,1722
1784,1755
1789,1730
1780,1735
1751,1707
1715,1746
1689,1649
1743,1678
1685,1665
1708,1651
1681,1640
1669,1649
1685,1625
1622,1597
1650,1621
1655,1578
1626,1566
1586,1605
1573,1591
1573,1561
1545,1539
1565,1509
1525,1474
1537,1506
1502,1522
1551,1488
1466,1524
1507,1495
1488,1482
1488,1458
1445,1440
1473,1467
1476,1458
1465,1408
1405,1449
1377,1434
1446,1436
1427,1435
1424,1459
1424,1470
1439,1426
1401,1403
1446,1449
1410,1445
1391,1425
1420,1444
1436,1434
1425,1470
1427,1450
1456,1448
1432,1466
1443,1486
1452,1502
1468,1487
1469,1543
1496,1531
1486,1562
1477,1558
1515,1570
1529,1598
1549,1578
1554,1608
1573,1602
1606,1583
1590,1622
1587,1625
1593,1608
1614,1676
1646,1646
1590,1681
1633,1696
1721,1699
1651,1696
1663,1697
1721,1748
1705,1716
1731,1719
1733,1765
1773,1733
1776,1767
1752,1799
1769,1769
1759,1782
1731,1767
1780,1783
1740,1777
1809,1765
1746,1806
1816,1765
1760,1736
1775,1789
1745,1792
1725,1768
1754,1718
1774,1710
1752,1742
1799,1762
1712,1707
1717,1717
1765,1698
1720,1686
1739,1707
1728,1676
1695,1712
1723,1661
1714,1682
1690,1602
1644,1595
1680,1606
1641,1610
1612,1589
1611,1608
1641,1593
1603,1531
1619,1557
1553,1578
1556,1524
1547,1484
1507,1513
1497,1487
1543,1502
1498,1489
1459,1468
1512,1479
1511,1500
1434,1440
1462,1441
1429,1436
1447,1451
1401,1415
1419,1425
1434,1422
1394,1431
1410,1433
1381,1425
1380,1412
1426,1391
1394,1430
1416,1463
1422,1472
1439,1459
1425,1456
1420,1444
1427,1434
1388,1479
1451,1473
1421,1488
1451,1483
1427,1500
1503,1536
1459,1542
1496,1491
1496,1497
1524,1548
1515,1536
1503,1561
1582,1607
1565,1571
1524,1585
1575,1626
1579,1648
1590,1665
1620,1679
1604,1658
1638,1644
1662,1665
1672,1674
1666,1697
1672,1694
1671,1728
1728,1722
1721,1742
1746,1701
1756,1751
1715,1752
1766,1727
1758,1760
1789,1775
1783,1776
1749,1806
1739,1727
1773,1812
1771,1814
1767,1750
1768,1770
1803,1762
1809,1715
1737,1741
1818,1730
1763,1712
1816,1712
1761,1714
1794,1741
1738,1740
1752,1736
1765,1716
1736,1687
1696,1746
1741,1685
1693,1700
1682,1702
1711,1644
1604,1648
1666,1583
1619,1603
1702,1556
1613,1575
1604,1572
1571,1596
1629,1591
1557,1562
1568,1509
1583,1509
1512,1482
1509,1505
1470,1498
1490,1503
1502,1486
1493,1487
1461,1456
1427,1502
1490,1429
1445,1444
1480,1410
1412,1392
1432,1455
1447,1400
1442,1504
1402,1446
1424,1423
1408,1403
1397,1423
1418,1470
1424,1438
1358,1465
1425,1468
1441,1466
1428,1414
1411,1471
1438,1464
1454,1471
1466,1484
1449,1482
1458,1509
1454,1480
1467,1506
1506,1558
1529,1559
1525,1564
1559,1549
1558,1544
1580,1588
1579,1575
1560,1623
1578,1624
1608,1649
1572,1670
1670,1667
1652,1654
1692,1677
1662,1715
1694,1707
1656,1708
1696,1737
1665,1703
1733,1740
1721,1707
1743,1751
1688,1744
1755,1739
1759,1769
1764,1769
1773,1743
1814,1757
1799,1786
1769,1772
1765,1771
1792,1744
1774,1763
1796,1770
1816,1744
1813,1806
1746,1752
1789,1764
1751,1722
1754,1734
1760,1715
1741,1703
1767,1702
1777,1666
1738,1682
1693,1642
1751,1668
1726,1681
1669,1654
1691,1614
1634,1619
1626,1619
1638,1609
1667,1605
1591,1591
1624,1558
1604,1600
1561,1562
1602,1542
1542,1518
1575,1507
1544,1500
1533,1466
1528,1511
1528,1484
1533,1445
1477,1468
1464,1452
1422,1426
1414,1453
1423,1493
1476,1417
1453,1445
1435,1416
1430,1438
1414,1452
1444,1445
1411,1409
1397,1418
1372,1438
1428,1421
1447,1403
1394,1485
1384,1416
1405,1426
1484,1475
1407,1467
1401,1450
1438,1475
1477,1472
1452,1489
1466,1517
1475,1507
1460,1508
1515,1555
1516,1528
1550,1569
1526,1547
1526,1596
1526,1587
1554,1597
1576,1609
1565,1673
1639,1659
1608,1665
1660,1667
1646,1672
1698,1670
1671,1712
1684,1705
1692,1710
1663,1667
1712,1723
1698,1753
1692,1745
1768,1779
1750,1779
1778,1769
1756,1758
1751,1741
1770,1783
1774,1797
1737,1773
1764,1751
1795,1784
1761,1768
1810,1806
1771,1766
1767,1779
1755,1757
1751,1766
1736,1702
1770,1758
1790,1712
1738,1740
1760,1750
1708,1727
1707,1734
1719,1683
1733,1701
1723,1651
1750,1651
1679,1648
1712,1588
1684,1638
1686,1587
1643,1603
1635,1622
1624,1608
1632,1557
1616,1563
1602,1554
1579,1507
1529,1521
1518,1481
1480,1481
1504,1496
1507,1528
1550,1487
1500,1504
1447,1470
1472,1464
1467,1480
1491,1444
1421,1418
1424,1458
1414,1436
1416,1420
1425,1462
1474,1445
1395,1433
1451,1402
1390,1438
1421,1378
1449,1421
1446,1421
1396,1445
1419,1446
1436,1454
1408,1462
1439,1498
1464,1520
1445,1501
1487,1532
1512,1535
1483,1524
1492,1537
1511,1543
1499,1556
1522,1548
1536,1543
1553,1596
1587,1634
1581,1625
1568,1614
1600,1632
1616,1639
1637,1674
1623,1663
1681,1651
1665,1651
1669,1667
1666,1699
1693,1718
1733,1744
1689,1732
1750,1674
1726,1788
1750,1746
1788,1751
1710,1777
1748,1741
1739,1771
1783,1763
1744,1733
1818,1778
1791,1769
1798,1729
1742,1759
1778,1758
1765,1757
1751,1763
1752,1750
1783,1743
1778,1736
1792,1729
1814,1736
1745,1707
1746,1695
1775,1698
1761,1679
1703,1717
1680,1685
1711,1653
1690,1645
1648,1643
1659,1600
1698,1615
1640,1630
1646,1603
1623,1572
1572,1542
1585,1550
1576,1525
1520,1528
1567,1487
1520,1530
1518,1539
1538,1514
1512,1510
1490,1491
1488,1471
1461,1483
1482,1487
1468,1475
1467,1446
1464,1456
1462,1433
1437,1419
1406,1422
1424,1430
1431,1425
1428,1417
1408,1407
1382,1448
1382,1428
1406,1412
1401,1440
1434,1445
1462,1421
1429,1457
1461,1450
1439,1492
1448,1445
1429,1501
1462,1540
1515,1498
1473,1520
1470,1554
1504,1569
1487,1546
1513,1545
1549,1548
1559,1592
1566,1586
1602,1632
1567,1650
1584,1609
1611,1624
1642,1677
1657,1617
1616,1680
1667,1653
1677,1717
1711,1706
1735,1690
1722,1719
1694,1682
1701,1745
1752,1753
1750,1727
1773,1760
1771,1758
1758,1740
1701,1759
1737,1722
1756,1768
1783,1704
1771,1754
1783,1727
1829,1758
1742,1765
1800,1743
1736,1770
1777,1721
1743,1725
1710,1693
1777,1721
1748,1723
1782,1706
1742,1665
1702,1672
1714,1673
1710,1671
1690,1675
1679,1653
1685,1592
1655,1625
1662,1593
1662,1612
1637,1570
1617,1549
1573,1581
1601,1599
1526,1504
1592,1518
1564,1493
1531,1518
1493,1509
1520,1484
1517,1490
1458,1478
1469,1466
1501,1452
1440,1476
1473,1481
1429,1446
1415,1433
1429,1460
1444,1433
1440,1436
1447,1458
1428,1464
1423,1433
1409,1438
1438,1453
1447,1452
1402,1435
1427,1458
1417,1443
1406,1458
1390,1457
1453,1490
1444,1471
1482,1519
1490,1510
1419,1509
1495,1518
1476,1497
1517,1505
1474,1550
1503,1579
1522,1576
1555,1557
1565,1564
1568,1620
1588,1619
1597,1579
1583,1668
1635,1633
1633,1651
1667,1666
1654,1687
1633,1663
1678,1734
1704,1696
1704,1749
1700,1701
1758,1721
1702,1720
1743,1769
1777,1747
1769,1742
1793,1791
1758,1767
1765,1750
1746,1749
1767,1748
1791,1770
1824,1767
1778,1770
1810,1742
1792,1752
1788,1708
1752,1750
1787,1731
1739,1712
1756,1720
1751,1693
1718,1684
1740,1690
1732,1684
1770,1714
1679,1696
1710,1653
1726,1645
1669,1657
1661,1659
1647,1628
1636,1593
1622,1613
1587,1604
1612,1552
1578,1561
1595,1527
1533,1519
1531,1532
1575,1507
1569,1517
1529,1496
1489,1468
1471,1434
1501,1506
1495,1466
1470,1464
1473,1466
1491,1415
1446,1419
1462,1456
1426,1412
1445,1479
1432,1436
1421,1465
1435,1454
1410,1471
1432,1446
1443,1458
1443,1448
1436,1463
1455,1460
1422,1523
1407,1476
1429,1483
1462,1493
1483,1480
1467,1507
1475,1495
1490,1532
1490,1548
1518,1534
1527,1543
1538,1571
1489,1600
1561,1574
1551,1612
1606,1631
1581,1610
1577,1602
1581,1645
1597,1624
1660,1690
1632,1721
1668,1729
1650,1692
1685,1709
1744,1740
1706,1697
1701,1740
1684,1732
1725,1722
1729,1738
1763,1741
1754,1751
1739,1748
1760,1744
1760,1748
1763,1761
1802,1715
1750,1766
1788,1721
1792,1742
1788,1742
1757,1753
1758,1750
1774,1745
1731,1735
1713,1698
1753,1708
1725,1696
1699,1681
1684,1683
1709,1671
1676,1678
1700,1653
1667,1638
1679,1635
1654,1610
1576,1633
1610,1621
1612,1550
1649,1574
1603,1579
1614,1541
1575,1545
1565,1537
1518,1546
1490,1522
1490,1517
1533,1532
1493,1489
1454,1504
1488,1515
1460,1498
1423,1466
1481,1455
1432,1469
1434,1450
1457,1403
1406,1406
1389,1433
1392,1508
1413,1486
1442,1465
1460,1478
1434,1480
1456,1452
1390,1462
1440,1505
1420,1504
1497,1479
1441,1487
1419,1488
1466,1495
1487,1512
1520,1513
1522,1504
1537,1562
1485,1562
1545,1589
1511,1579
1565,1562
1549,1625
1536,1610
1601,1639
1603,1638
1618,1642
1617,1645
1645,1664
1653,1667
1689,1706
1686,1697
1695,1710
1707,1649
1689,1687
1719,1709
1771,1738
1691,1714
1712,1738
1729,1747
1716,1706
1732,1771
1759,1763
1751,1742
1798,1738
1761,1723
1754,1769
1778,1732
1771,1750
1789,1706
1795,1736
1759,1733
1754,1727
1772,1693
1726,1713
1755,1712
1714,1698
1725,1645
1723,1717
1700,1662
1681,1612
1715,1659
1658,1607
1676,1634
1650,1634
1638,1577
1610,1604
1638,1581
1609,1599
1569,1587
1565,1571
1557,1501
1548,1554
1555,1502
1572,1514
1518,1522
1551,1495
1450,1500
1515,1472
1463,1467
1491,1491
1481,1460
1447,1478
1443,1456
1464,1398
1423,1458
1473,1455
1497,1451
1452,1453
1437,1506
1462,1458
1478,1478
1441,1453
1424,1444
1444,1510
1441,1460
1478,1469
1431,1459
1449,1494
1442,1512
1505,1512
1448,1520
1507,1534
1460,1520
1534,1540
1503,1520
1509,1612
1554,1579
1556,1598
1578,1598
1609,1604
1642,1607
1621,1632
1592,1686
1587,1639
1632,1663
1643,1674
1644,1696
1653,1708
1666,1719
1700,1717
1705,1732
1727,1731
1728,1709
1769,1694
1690,1728
1772,1763
1724,1751
1823,1752
1763,1731
1721,1757
1772,1755
1805,1743
1757,1752
1756,1708
1756,1760
1737,1751
1738,1716
1733,1697
1788,1668
1727,1719
1728,1727
1752,1675
1718,1657
1695,1674
1656,1659
1654,1671
1629,1629
1624,1632
1727,1611
1664,1615
1623,1613
1648,1613
1648,1593
1591,1578
1582,1556
1614,1575
1589,1546
1539,1494
1523,1553
1531,1527
1497,1509
1516,1514
1495,1498
1432,1472
1509,1471
1478,1523
1429,1466
1467,1469
1446,1463
1428,1428
1439,1471
1431,1460
1459,1491
1411,1471
1434,1465
1433,1447
1449,1457
1413,1451
1470,1474
1427,1452
1513,1507
1454,1499
1464,1527
1466,1457
1524,1525
1511,1499
1475,1552
1485,1561
1494,1550
1556,1530
1521,1579
1559,1631
1517,1585
1578,1598
1576,1618
1614,1646
1615,1626
1615,1647
1641,1651
1618,1628
1676,1672
1679,1678
1663,1694
1686,1686
1727,1709
1667,1689
1671,1687
1785,1709
1741,1698
1725,1718
1777,1730
1781,1721
1758,1710
1762,1756
1786,1745
1762,1748
1762,1729
1765,1738
1771,1782
1738,1739
1786,1743
1757,1711
1738,1672
1749,1757
1717,1716
1663,1716
1691,1690
1702,1688
1763,1676
1683,1649
1692,1629
1679,1639
1614,1638
1660,1625
1660,1601
1603,1575
1595,1578
1627,1572
1584,1542
1599,1561
1573,1532
1546,1548
1591,1515
1550,1482
1537,1543
1511,1476
1512,1505
1513,1502
1471,1485
1472,1467
1398,1499
1463,1475
1469,1485
1438,1460
1453,1453
1412,1475
1442,1444
1423,1493
1438,1483
1485,1471
1449,1450
1467,1514
1458,1442
1416,1475
1498,1505
1469,1518
1475,1492
1466,1498
1492,1504
1494,1515
1508,1558
1481,1560
1524,1546
1526,1598
1559,1568
1597,1580
1567,1608
1583,1601
1630,1587
1585,1604
1631,1612
1598,1618
1646,1669
1643,1685
1690,1698
1677,1704
1712,1677
1677,1678
1694,1728
1734,1691
1706,1722
1721,1725
1727,1730
1686,1713
1744,1759
1754,1700
1751,1712
1776,1744
1763,1759
1772,1711
1706,1724
1733,1738
1782,1704
1749,1690
1738,1734
1741,1721
1723,1719
1724,1687
1674,1716
1700,1674
1661,1659
1682,1655
1684,1661
1696,1656
1671,1638
1630,1633
1639,1613
1648,1592
1638,1621
1656,1563
1577,1575
1618,1563
1556,1546
1579,1517
1548,1549
1578,1474
1554,1514
1531,1488
1495,1505
1494,1503
1502,1489
1476,1501
1455,1478
1454,1497
1464,1469
1502,1477
1428,1518
1446,1500
1460,1479
1458,1465
1422,1487
1455,1498
1460,1462
1463,1481
1494,1467
1491,1464
1507,1498
1436,1519
1526,1521
1450,1525
1464,1497
1502,1513
1495,1564
1528,1540
1519,1570
1566,1568
1603,1577
1499,1587
1569,1583
1590,1631
1615,1584
1634,1642
1565,1627
1589,1666
1636,1677
1639,1622
1694,1704
1656,1699
1675,1701
1670,1688
1671,1729
1710,1696
1718,1667
1719,1697
1722,1713
1709,1767
1753,1750
1748,1718
1777,1741
1710,1738
1726,1750
1776,1725
1717,1704
1753,1741
1725,1707
1748,1705
1726,1718
1730,1728
1703,1720
1727,1671
1693,1680
1695,1675
1684,1668
1702,1657
1698,1653
1659,1623
1701,1588
1636,1590
1629,1638
1680,1648
1587,1568
1618,1553
1585,1548
1599,1560
1564,1534
1576,1581
1537,1508
1512,1535
1572,1486
1523,1519
1497,1514
1482,1489
1481,1530
1518,1481
1445,1486
1475,1463
1459,1504
1454,1438
1443,1507
1459,1435
1495,1505
1479,1469
1463,1461
1493,1481
1465,1517
1452,1471
1459,1527
1473,1489
1459,1502
1456,1510
1488,1515
1500,1518
1478,1539
1571,1555
1542,1536
1553,1532
1514,1611
1510,1582
1559,1623
1565,1611
1601,1623
1579,1635
1613,1635
1612,1683
1631,1621
1620,1647
1636,1669
1633,1705
1700,1667
1685,1673
1696,1697
1677,1692
1692,1697
1704,1730
1702,1726
1714,1740
1726,1750
1732,1778
1759,1751
1758,1740
1764,1714
1682,1714
1748,1728
1738,1745
1719,1711
1737,1739
1746,1700
1742,1674
1723,1724
1717,1650
1693,1678
1696,1704
1708,1666
1730,1677
1658,1674
1663,1656
1603,1667
1624,1603
1623,1599
1644,1590
1614,1578
1634,1599
1587,1562
1591,1537
1565,1555
1588,1559
1556,1533
1536,1554
1510,1508
1514,1542
1487,1495
1477,1531
1480,1510
1460,1480
1432,1490
1455,1482
1495,1465
1487,1468
1441,1463
1459,1463
1463,1472
1457,1437
1475,1436
1463,1504
1480,1505
1485,1486
1489,1486
1518,1494
1477,1505
1536,1511
1506,1503
1493,1537
1511,1542
1490,1560
1519,1530
1564,1552
1545,1565
1579,1567
1591,1562
1607,1602
1597,1587
1617,1624
1589,1643
1614,1646
1650,1666
1616,1636
1694,1683
1712,1694
1649,1705
1671,1677
1679,1703
1693,1706
1710,1701
1719,1699
1730,1750
1760,1703
1745,1718
1762,1718
1732,1740
1720,1725
1756,1692
1732,1731
1752,1733
1734,1733
1746,1718
1728,1701
1703,1715
1760,1709
1707,1685
1671,1661
1720,1722
1663,1667
1678,1629
1620,1646
1646,1611
1687,1601
1661,1602
1616,1589
1589,1602
1611,1572
1613,1560
1633,1575
1590,1579
1581,1541
1520,1552
1559,1507
1519,1533
1533,1516
1556,1490
1507,1457
1502,1504
1471,1489
1491,1463
1482,1478
1511,1497
1472,1476
1485,1464
1462,1503
1445,1481
1457,1455
1494,1474
1407,1501
1477,1496
1445,1486
1473,1495
1523,1536
1464,1506
1480,1547
1470,1519
1510,1556
1490,1573
1514,1544
1498,1554
1573,1602
1539,1568
1553,1575
1570,1607
1622,1617
1565,1607
1570,1645
1662,1608
1596,1659
1651,1647
1659,1668
1684,1688
1633,1686
1699,1693
1640,1717
1701,1670
1686,1718
1699,1703
1681,1712
1730,1742
1717,1753
1737,1689
1720,1751
1731,1719
1720,1727
1743,1720
1681,1740
1761,1727
1743,1696
1710,1711
1717,1726
1727,1689
1679,1664
1756,1665
1678,1648
1730,1684
1662,1652
1696,1668
1708,1623
1662,1625
1659,1617
1634,1631
1665,1596
1600,1547
1623,1581
1594,1546
1602,1555
1580,1529
1558,1544
1516,1535
1497,1505
1567,1496
1492,1513
1516,1493
1493,1481
1459,1504
1483,1507
1482,1491
1493,1466
1498,1469
1470,1465
1465,1468
1489,1450
1447,1468
1451,1483
1497,1495
1445,1494
1468,1513
1460,1494
1460,1491
1456,1527
1524,1525
1512,1544
1499,1497
1480,1510
1537,1543
1537,1539
1527,1567
1522,1539
1544,1602
1576,1555
1562,1621
1605,1631
1573,1635
1621,1681
1615,1693
1604,1656
1629,1663
1638,1622
1695,1705
1689,1697
1695,1695
1696,1694
1719,1693
1688,1712
1724,1698
1730,1735
1723,1724
1726,1712
1742,1719
1763,1716
1717,1752
1729,1706
1719,1718
1757,1680
1730,1681
1688,1704
1733,1702
1675,1688
1725,1657
1711,1667
1742,1652
1692,1652
1723,1612
1643,1622
1641,1614
1645,1641
1632,1596
1620,1598
1645,1598
1615,1588
1594,1567
1611,1611
1576,1587
1564,1561
1563,1544
1537,1547
1514,1502
1495,1475
1512,1509
1506,1476
1469,1502
1485,1503
1507,1469
1495,1456
1462,1475
1423,1499
1501,1470
1409,1486
1504,1475
1485,1456
1448,1493
1484,1469
1478,1521
1428,1487
1514,1518
1460,1513
1484,1533
1531,1535
1526,1565
1561,1538
1563,1529
1543,1585
1559,1578
1551,1639
1531,1601
1566,1588
1593,1605
1623,1641
1629,1649
1602,1631
1656,1618
1641,1686
1655,1697
1678,1670
1677,1692
1717,1722
1666,1682
1717,1738
1722,1727
1743,1718
1726,1725
1694,1709
1760,1720
1690,1718
1712,1696
1739,1697
1732,1728
1717,1694
1688,1740
1756,1705
1730,1727
1728,1700
1700,1699
1640,1659
1688,1659
1709,1690
1660,1633
1669,1655
1638,1665
1644,1618
1594,1628
1653,1587
1631,1582
1589,1617
1601,1568
1621,1574
1582,1557
1532,1569
1582,1537
1572,1543
1568,1530
1505,1500
1485,1496
1551,1519
1493,1515
1444,1462
1481,1508
1522,1491
1512,1496
1448,1509
1470,1453
1494,1485
1458,1477
1452,1496
1422,1473
1467,1485
1453,1490
1500,1467
1505,1510
1483,1502
1495,1546
1477,1558
1528,1563
1544,1524
1551,1510
1541,1554
1562,1565
1540,1592
1521,1603
1614,1585
1605,1625
1618,1608
1628,1666
1645,1623
1637,1657
1648,1682
1625,1686
1683,1701
1687,1692
1690,1724
1688,1709
1705,1740
1696,1724
1728,1726
1756,1735
1728,1717
1707,1722
1730,1726
1744,1711
1715,1703
1748,1659
1752,1699
1702,1739
1726,1689
1741,1723
1697,1674
1709,1738
1694,1677
1689,1619
1672,1663
1691,1646
1690,1627
1691,1648
1637,1601
1657,1630
1635,1626
1632,1606
1641,1609
1622,1555
1584,1590
1539,1549
1575,1582
1552,1533
1528,1554
1519,1534
1519,1537
1554,1551
1488,1480
1489,1485
1523,1511
1475,1474
1532,1487
1512,1483
1525,1517
1446,1457
1514,1509
1482,1447
1452,1454
1522,1515
1496,1493
1430,1508
1480,1535
1509,1539
1500,1524
1488,1501
1520,1520
1468,1552
1494,1597
1546,1566
1540,1553
1528,1560
1570,1604
1553,1565
1547,1632
1601,1625
1608,1649
1607,1636
1639,1664
1623,1638
1663,1652
1677,1672
1669,1682
1687,1718
1716,1665
1684,1698
1699,1693
1724,1708
1687,1714
1686,1732
1717,1728
1718,1749
1724,1712
1727,1719
1703,1747
1711,1690
1741,1747
1723,1711
1704,1721
1722,1714
1715,1723
1702,1678
1661,1660
1674,1661
1647,1682
1674,1665
1690,1640
1624,1639
1647,1627
1605,1612
1602,1585
1623,1563
1594,1573
1532,1578
1609,1575
1586,1581
1545,1530
1549,1513
1555,1493
1500,1495
1514,1495
1500,1505
1442,1497
1506,1487
1505,1496
1511,1484
1419,1492
1434,1507
1506,1485
1424,1482
1484,1483
1427,1487
1438,1480
1460,1499
1476,1476
1452,1501
1483,1542
1509,1569
1500,1497
1522,1541
1500,1545
1561,1546
1531,1561
1537,1568
1575,1598
1544,1617
1555,1584
1567,1654
1614,1651
1588,1630
1632,1645
1646,1632
1660,1670
1657,1651
1683,1708
1676,1695
1659,1693
1712,1694
1700,1703
1702,1678
1704,1695
1740,1682
1715,1739
1760,1675
1777,1710
1732,1728
1738,1701
1665,1711
1705,1715
1760,1717
1725,1696
1733,1695
1732,1665
1698,1663
1661,1691
1710,1641
1674,1641
1640,1636
1649,1649
1666,1605
1618,1593
1610,1650
1656,1592
1623,1602
1553,1598
1627,1539
1557,1537
1620,1511
1543,1540
1545,1554
1517,1539
1544,1514
1512,1521
1515,1500
1513,1514
1477,1522
1491,1512
1498,1480
1500,1472
1484,1475
1502,1489
1457,1514
1431,1488
1498,1503
1487,1511
1487,1475
1439,1483
1448,1457
1492,1524
1489,1564
1524,1496
1521,1542
1499,1558
1513,1573
1536,1579
1543,1594
1559,1601
1555,1590
1619,1605
1626,1626
1622,1644
1627,1620
1682,1678
1683,1664
1671,1672
1612,1641
1661,1682
1676,1677
1763,1675
1705,1713
1750,1713
1686,1711
1732,1707
1743,1783
1721,1713
1728,1720
1724,1727
1732,1728
1745,1684
1752,1735
1679,1700
1738,1704
1733,1712
1694,1700
1669,1656
1719,1645
1750,1685
1682,1617
1679,1623
1630,1655
1683,1644
1652,1627
1577,1620
1638,1574
1585,1598
1587,1565
1581,1546
1531,1532
1583,1554
1543,1551
1552,1522
1496,1479
1485,1490
1493,1503
1466,1542
1465,1472
1525,1481
1471,1497
1492,1442
1497,1466
1485,1457
1475,1494
1456,1487
1474,1486
1470,1473
1497,1529
1522,1497
1467,1494
1528,1516
1479,1509
1519,1535
1523,1557
1508,1569
1502,1597
1548,1515
1547,1604
1577,1625
1591,1597
1610,1622
1593,1616
1615,1645
1612,1650
1666,1644
1640,1693
1632,1692
1666,1674
1679,1654
1644,1702
1708,1666
1714,1712
1724,1749
1732,1740
1699,1726
1721,1678
1766,1681
1742,1710
1735,1742
1772,1705
1761,1710
1712,1688
1692,1677
1737,1696
1715,1715
1701,1690
1683,1676
1634,1672
1706,1631
1673,1612
1676,1616
1621,1667
1682,1625
1651,1604
1613,1574
1568,1567
1650,1577
1560,1573
1571,1530
1595,1522
1557,1523
1511,1512
1507,1523
1546,1503
1508,1524
1583,1485
1476,1523
1491,1510
1472,1480
1487,1490
1497,1483
1472,1462
1454,1484
1487,1471
1448,1473
1472,1481
1499,1485
1501,1469
1447,1509
1505,1492
1456,1528
1562,1533
1516,1532
1514,1602
1507,1571
1530,1552
1561,1580
1554,1593
1510,1583
1573,1611
1597,1635
1633,1614
1588,1646
1642,1674
1638,1654
1666,1640
1687,1667
1690,1652
1656,1708
1725,1715
1661,1738
1713,1766
1710,1720
1752,1714
1742,1718
1694,1685
1723,1723
1754,1722
1716,1709
1768,1689
1734,1676
1778,1700
1759,1692
1733,1673
1659,1684
1686,1693
1698,1694
1717,1659
1695,1688
1672,1638
1661,1608
1675,1625
1653,1603
1607,1575
1566,1621
1577,1540
1574,1581
1587,1531
1577,1545
1554,1518
1547,1516
1491,1535
1547,1510
1531,1518
1458,1487
1520,1517
1487,1496
1523,1474
1460,1473
1455,1462
1458,1453
1515,1462
1435,1473
1445,1478
1453,1495
1490,1470
1517,1491
1488,1534
1505,1514
1489,1483
1456,1497
1531,1546
1546,1519
1545,1578
1580,1583
1566,1585
1509,1618
1563,1589
1546,1635
1610,1589
1579,1655
1605,1645
1638,1643
1650,1668
1669,1640
1660,1636
1652,1697
1705,1714
1741,1674
1737,1741
1702,1713
1677,1709
1688,1723
1704,1726
1746,1716
1694,1714
1721,1760
1697,1741
1701,1690
1708,1734
1695,1722
1695,1720
1738,1661
1692,1665
1684,1674
1685,1651
1699,1644
1672,1646
1678,1656
1602,1667
1639,1611
1612,1604
1606,1621
1606,1552
1606,1597
1529,1560
1565,1549
1574,1529
1545,1505
1526,1502
1488,1512
1490,1498
1463,1520
1508,1511
1479,1485
1499,1466
1456,1449
1470,1495
1501,1484
1462,1457
1505,1474
1478,1480
1447,1472
1487,1477
1478,1470
1481,1498
1480,1501
1477,1468
1452,1575
1503,1517
1489,1566
1527,1565
1549,1549
1542,1533
1539,1564
1601,1621
1551,1606
1579,1615
1641,1632
1621,1674
1598,1678
1626,1686
1653,1685
1666,1693
1702,1708
1727,1693
1744,1717
1697,1718
1742,1723
1750,1732
1718,1719
1764,1762
1743,1704
1721,1713
1681,1747
1779,1718
1761,1745
1700,1743
1721,1750
1730,1694
1740,1682
1730,1695
1718,1652
1680,1648
1692,1657
1693,1633
1667,1632
1630,1616
1662,1621
1622,1588
1641,1575
1570,1539
1557,1567
1591,1589
1535,1579
1491,1516
1542,1516
1514,1547
1506,1469
1500,1506
1497,1481
1485,1494
1477,1469
1524,1491
1480,1486
1446,1447
1438,1484
1495,1459
1446,1489
1485,1498
1437,1500
1427,1493
1457,1477
1522,1483
1457,1523
1479,1487
1537,1578
1523,1542
1518,1548
1551,1558
1561,1579
1514,1573
1595,1561
1584,1564
1598,1597
1632,1601
1616,1631
1629,1620
1699,1689
1627,1658
1653,1692
1664,1697
1670,1682
1713,1718
1726,1738
1737,1703
1693,1730
1727,1710
1763,1698
1728,1763
1738,1736
1758,1705
1756,1729
1747,1732
1729,1699
1731,1702
1715,1679
1701,1743
1710,1696
1693,1667
1650,1675
1692,1627
1691,1631
1651,1604
1631,1611
1618,1639
1688,1551
1619,1590
1550,1533
1550,1545
1563,1550
1566,1538
1547,1549
1535,1575
1473,1505
1492,1512
1525,1498
1504,1492
1440,1509
1429,1465
1468,1513
1482,1462
1424,1485
1504,1502
1446,1486
1469,1477
1461,1484
1473,1455
1497,1485
1483,1465
