ch1,ch2
1449,1459
1468,1482
1463,1471
1455,1475
1465,1508
1481,1461
1484,1500
1479,1474
1489,1462
1468,1517
1493,1484
1480,1503
1466,1509
1470,1512
1483,1507
1491,1487
1469,1518
1518,1495
1476,1484
1477,1541
1511,1498
1514,1509
1502,1504
1499,1507
1529,1518
1501,1518
1521,1516
1517,1541
1526,1520
1511,1529
1520,1510
1527,1545
1531,1517
1533,1540
1543,1545
1565,1542
1563,1546
1541,1542
1518,1549
1496,1506
1575,1525
1537,1541
1514,1522
1560,1537
1557,1558
1557,1562
1527,1540
1526,1543
1556,1528
1567,1555
1554,1556
1574,1529
1579,1556
1584,1535
1560,1550
1559,1531
1569,1563
1578,1563
1551,1570
1578,1559
1555,1546
1552,1538
1544,1548
1553,1546
1552,1553
1536,1540
1548,1547
1558,1562
1567,1553
1551,1548
1556,1557
1545,1528
1541,1539
1566,1507
1566,1544
1556,1516
1530,1532
1540,1520
1541,1520
1537,1528
1523,1531
1537,1543
1562,1527
1533,1519
1533,1515
1542,1528
1521,1520
1552,1508
1530,1500
1541,1478
1532,1497
1536,1506
1530,1488
1495,1504
1500,1490
1517,1461
1516,1488
1501,1494
1488,1487
1527,1488
1484,1486
1492,1462
1492,1470
1482,1484
1459,1436
1488,1456
1493,1445
1484,1464
1492,1459
1501,1435
1483,1466
1484,1435
1460,1452
1446,1441
1435,1478
1484,1441
1468,1456
1436,1449
1434,1422
1447,1402
1433,1425
1450,1425
1477,1417
1420,1430
1420,1410
1431,1431
1447,1378
1425,1400
1453,1421
1432,1413
1423,1375
1441,1392
1389,1394
1439,1374
1432,1386
1414,1384
1394,1394
1382,1384
1434,1383
1381,1380
1388,1375
1379,1377
1358,1365
1394,1391
1375,1368
1366,1365
1411,1367
1380,1337
1351,1382
1356,1358
1373,1365
1356,1377
1331,1376
1369,1375
1344,1348
1343,1341
1388,1348
1348,1364
1342,1347
1361,1367
1336,1340
1350,1346
1348,1343
1319,1363
1365,1345
1346,1342
1331,1337
1333,1345
1363,1370
1357,1343
1338,1358
1341,1336
1339,1364
1341,1336
1312,1324
1335,1350
1327,1345
1349,1343
1334,1357
1343,1345
1342,1347
1320,1356
1358,1356
1353,1368
1324,1369
1324,1363
1365,1366
1334,1361
1365,1349
1338,1365
1342,1382
1319,1390
1341,1354
1345,1355
1334,1376
1364,1389
1365,1383
1342,1366
1336,1351
1375,1385
1343,1373
1384,1350
1386,1375
1352,1379
1334,1384
1360,1406
1358,1370
1368,1384
1374,1380
1392,1409
1385,1382
1352,1407
1409,1427
1386,1381
1353,1418
1380,1397
1373,1416
1409,1440
1421,1418
1399,1417
1382,1432
1380,1426
1432,1439
1389,1435
1419,1409
1416,1447
1411,1429
1405,1463
1408,1435
1428,1442
1425,1449
1430,1439
1424,1455
1414,1457
1445,1462
1435,1467
1448,1481
1479,1480
1435,1469
1468,1461
1459,1475
1464,1492
1436,1501
1465,1499
1493,1494
1490,1498
1473,1488
1449,1484
1470,1493
1501,1486
1475,1525
1471,1480
1482,1503
1488,1512
1501,1513
1480,1527
1508,1518
1492,1508
1473,1504
1475,1520
1526,1535
1513,1512
1517,1503
1526,1536
1510,1545
1535,1521
1550,1539
1532,1540
1547,1546
1531,1529
1529,1548
1557,1560
1522,1541
1536,1545
1533,1546
1560,1532
1564,1527
1574,1547
1555,1535
1539,1530
1563,1524
1569,1542
1554,1553
1550,1546
1548,1553
1572,1564
1555,1573
1540,1556
1567,1568
1537,1557
1545,1550
1604,1533
1586,1555
1560,1556
1525,1548
1561,1537
1547,1543
1581,1545
1569,1565
1587,1533
1547,1545
1573,1521
1551,1544
1583,1557
1552,1521
1566,1518
1546,1537
1538,1548
1566,1547
1532,1500
1557,1534
1533,1541
1552,1533
1533,1532
1562,1527
1560,1516
1542,1504
1570,1523
1548,1512
1582,1506
1551,1536
1493,1483
1510,1493
1550,1529
1557,1497
1542,1515
1511,1477
1526,1519
1507,1499
1526,1487
1518,1471
1493,1488
1557,1479
1490,1475
1492,1491
1515,1489
1511,1501
1509,1479
1504,1475
1485,1472
1480,1473
1498,1472
1522,1452
1449,1447
1479,1458
1488,1449
1474,1444
1486,1468
1447,1437
1472,1431
1461,1424
1453,1435
1490,1428
1487,1449
1442,1436
1448,1396
1443,1433
1455,1411
1462,1431
1432,1415
1436,1429
1417,1407
1426,1410
1454,1383
1417,1398
1434,1396
1407,1400
1414,1390
1426,1406
1400,1407
1423,1382
1413,1376
1413,1398
1392,1380
1382,1373
1379,1389
1385,1387
1408,1389
1400,1366
1407,1399
1413,1356
1399,1354
1374,1351
1355,1355
1381,1363
1347,1366
1360,1385
1374,1340
1382,1405
1357,1376
1376,1377
1366,1358
1337,1371
1353,1350
1334,1348
1368,1347
1349,1371
1358,1338
1342,1357
1349,1355
1330,1361
1359,1364
1325,1353
1349,1350
1347,1316
1338,1356
1342,1358
1323,1347
1330,1349
1373,1363
1313,1367
1310,1340
1345,1353
1324,1347
1363,1362
1350,1356
1353,1359
1335,1375
1335,1352
1336,1352
1323,1358
1349,1346
1343,1345
1300,1350
1389,1360
1327,1362
1353,1367
1340,1359
1337,1336
1363,1369
1337,1364
1341,1383
1329,1353
1341,1380
1344,1383
1371,1400
1354,1378
1371,1367
1370,1374
1379,1372
1358,1380
1354,1388
1378,1389
1369,1394
1387,1406
1399,1381
1353,1405
1362,1388
1369,1402
1372,1385
1380,1360
1406,1422
1358,1410
1354,1390
1405,1458
1417,1440
1389,1439
1387,1423
1393,1424
1438,1445
1411,1444
1421,1440
1424,1454
1412,1446
1435,1440
1433,1450
1420,1438
1413,1454
1413,1420
1440,1474
1429,1478
1437,1443
1439,1474
1447,1461
1451,1485
1462,1469
1477,1491
1460,1485
1439,1467
1484,1475
1441,1497
1467,1490
1476,1458
1458,1498
1466,1479
1484,1536
1466,1484
1499,1497
1524,1522
1492,1511
1482,1529
1493,1496
1487,1493
1498,1505
1488,1521
1497,1493
1526,1517
1531,1537
1501,1515
1530,1536
1535,1541
1517,1532
1478,1514
1520,1557
1540,1519
1540,1523
1521,1532
1514,1541
1516,1547
1527,1521
1547,1528
1533,1519
1577,1563
1539,1550
1544,1537
1512,1534
1543,1564
1543,1524
1517,1534
1546,1550
1535,1532
1562,1557
1581,1557
1558,1526
1519,1566
1569,1558
1559,1529
1602,1559
1572,1546
1562,1564
1547,1562
1558,1566
1586,1561
1575,1566
1582,1537
1552,1514
1554,1562
1546,1548
1579,1566
1556,1533
1556,1519
1555,1563
1553,1544
1546,1539
1573,1551
1591,1542
1539,1550
1584,1529
1541,1532
1569,1536
1552,1544
1531,1528
1562,1536
1552,1531
1545,1546
1558,1499
1548,1524
1552,1520
1539,1526
1522,1505
1524,1511
1506,1486
1547,1504
1519,1495
1514,1473
1510,1496
1544,1494
1510,1503
1498,1522
1514,1511
1515,1482
1500,1473
1508,1509
1478,1470
1502,1478
1505,1487
1511,1485
1471,1451
1518,1456
1501,1473
1482,1484
1472,1469
1475,1466
1479,1466
1465,1463
1464,1442
1472,1441
1468,1442
1473,1420
1433,1450
1458,1418
1442,1432
1455,1421
1457,1417
1428,1400
1438,1436
1438,1413
1446,1391
1404,1417
1414,1426
1437,1417
1416,1412
1424,1381
1423,1389
1408,1383
1414,1420
1413,1389
1416,1384
1419,1385
1420,1395
1405,1382
1401,1397
1388,1370
1371,1372
1378,1372
1386,1388
1393,1387
1362,1387
1343,1357
1382,1382
1368,1357
1349,1368
1347,1362
1370,1338
1367,1312
1342,1346
1384,1317
1342,1365
1373,1345
1339,1361
1354,1350
1358,1382
1369,1327
1334,1352
1306,1350
1324,1363
1333,1359
1326,1335
1341,1364
1355,1365
1314,1349
1354,1342
1368,1338
1338,1334
1360,1345
1320,1344
1338,1344
1338,1348
1326,1373
1352,1321
1339,1345
1352,1337
1353,1346
1327,1360
1339,1339
1341,1340
1317,1339
1348,1351
1349,1343
1341,1360
1318,1352
1351,1350
1336,1360
1312,1345
1329,1355
1327,1374
1349,1368
1362,1372
1357,1363
1365,1354
1341,1365
1350,1365
1347,1375
1357,1378
1334,1366
1355,1368
1347,1379
1336,1381
1361,1385
1376,1384
1387,1394
1371,1368
1351,1401
1397,1403
1354,1384
1399,1391
1412,1433
1361,1412
1376,1381
1404,1410
1359,1424
1394,1401
1409,1424
1374,1411
1402,1424
1406,1431
1391,1421
1431,1442
1438,1425
1384,1435
1425,1427
1412,1460
1434,1485
1425,1431
1407,1451
1439,1471
1405,1461
1449,1472
1430,1471
1440,1475
1441,1489
1445,1461
1469,1463
1460,1498
1461,1490
1443,1488
1474,1465
1448,1474
1477,1481
1493,1488
1467,1495
1479,1505
1491,1485
1503,1500
1492,1486
1467,1516
1494,1509
1496,1537
1525,1512
1507,1529
1462,1518
1509,1514
1511,1549
1510,1512
1484,1529
1516,1521
1498,1525
1533,1516
1534,1550
1520,1557
1537,1542
1538,1541
1538,1528
1539,1547
1539,1525
1505,1530
1539,1531
1541,1549
1540,1560
1539,1565
1566,1542
1525,1533
1550,1554
1534,1530
1540,1559
1571,1527
1564,1568
1552,1524
1547,1560
1554,1554
1575,1526
1565,1550
1549,1550
1568,1560
1580,1563
1577,1560
1525,1536
1577,1538
1567,1546
1569,1553
1559,1536
1577,1563
1562,1574
1565,1549
1569,1532
1542,1571
1560,1559
1574,1546
1566,1554
1537,1555
1560,1530
1533,1554
1561,1537
1570,1537
1543,1517
1555,1538
1531,1578
1561,1508
1548,1544
1556,1505
1535,1539
1562,1535
1548,1528
1563,1509
1551,1513
1530,1509
1570,1537
1565,1502
1531,1517
1534,1510
1523,1488
1509,1513
1523,1531
1503,1493
1503,1507
1536,1483
1558,1510
1545,1511
1492,1505
1514,1493
1490,1477
1505,1482
1489,1466
1475,1456
1492,1484
1489,1473
1494,1475
1516,1453
1481,1484
1499,1455
1452,1474
1515,1442
1480,1459
1467,1433
1449,1467
1483,1455
1448,1437
1474,1452
1449,1435
1466,1444
1419,1430
1437,1426
1421,1450
1418,1433
1442,1406
1430,1399
1444,1391
1443,1431
1429,1402
1431,1423
1435,1432
1414,1397
1422,1409
1410,1397
1411,1423
1401,1409
1388,1370
1415,1376
1389,1376
1422,1365
1418,1369
1377,1374
1366,1371
1354,1381
1370,1379
1389,1348
1398,1362
1350,1356
1397,1382
1364,1367
1383,1365
1386,1361
1366,1345
1379,1375
1364,1353
1354,1334
1366,1346
1366,1370
1359,1355
1367,1360
1344,1356
1342,1349
1320,1339
1357,1351
1346,1348
1318,1329
1334,1377
1359,1359
1338,1357
1354,1335
1352,1352
1350,1344
1308,1365
1338,1355
1331,1339
1343,1353
1357,1340
1327,1338
1328,1344
1321,1349
1312,1345
1334,1332
1350,1336
1361,1335
1335,1379
1332,1315
1337,1351
1326,1379
1335,1383
1335,1334
1340,1343
1326,1361
1353,1385
1331,1366
1370,1358
1352,1367
1347,1349
1358,1365
1341,1349
1324,1370
1323,1358
1346,1378
1360,1359
1312,1401
1380,1390
1355,1375
1360,1381
1389,1389
1372,1375
1358,1400
1353,1396
1358,1380
1411,1410
1407,1413
1383,1405
1374,1378
1388,1407
1384,1382
1406,1429
1384,1417
1402,1435
1365,1440
1399,1439
1412,1443
1426,1440
1388,1450
1409,1442
1419,1437
1426,1410
1413,1451
1439,1424
1406,1462
1427,1456
1429,1489
1434,1475
1434,1440
1437,1483
1466,1474
1460,1469
1451,1489
1457,1482
1485,1503
1479,1483
1428,1461
1503,1471
1459,1505
1474,1499
1480,1504
1486,1494
1488,1498
1476,1520
1490,1497
1489,1521
1496,1497
1508,1531
1492,1492
1487,1516
1493,1522
1517,1534
1523,1508
1523,1536
1515,1524
1506,1553
1520,1506
1565,1527
1523,1553
1538,1523
1536,1520
1548,1545
1536,1552
1513,1527
1524,1529
1546,1537
1543,1534
1556,1558
1560,1527
1537,1528
1567,1543
1546,1546
1567,1560
1583,1549
1598,1535
1505,1547
1557,1546
1548,1551
1571,1551
1547,1574
1555,1571
1567,1545
1552,1552
1548,1556
1564,1536
1559,1548
1582,1557
1600,1554
1549,1539
1561,1571
1561,1552
1555,1563
1575,1548
1534,1549
1575,1547
1569,1573
1552,1524
1579,1502
1558,1526
1543,1553
1573,1552
1568,1519
1562,1548
1553,1536
1560,1544
1553,1524
1559,1511
1564,1544
1558,1519
1551,1539
1544,1518
1539,1533
1553,1520
1542,1509
1559,1550
1558,1510
1542,1511
1537,1519
1542,1532
1540,1503
1507,1495
1524,1503
1518,1494
1514,1468
1517,1497
1525,1495
1515,1484
1521,1491
1527,1492
1499,1479
1494,1510
1492,1466
1505,1464
1495,1469
1491,1464
1498,1486
1496,1493
1507,1481
1468,1464
1456,1450
1473,1445
1456,1459
1499,1425
1450,1432
1462,1479
1458,1435
1459,1413
1457,1449
1443,1448
1475,1449
1460,1432
1437,1408
1432,1418
1442,1402
1443,1442
1444,1415
1418,1402
1438,1404
1398,1385
1409,1401
1389,1398
1412,1402
1405,1383
1402,1389
1404,1406
1415,1379
1392,1377
1386,1371
1376,1411
1391,1389
1399,1358
1401,1361
1417,1386
1371,1365
1353,1363
1364,1375
1373,1362
1382,1364
1384,1367
1383,1360
1355,1389
1340,1350
1383,1383
1361,1344
1361,1357
1361,1357
1392,1374
1353,1341
1350,1332
1367,1353
1362,1340
1347,1349
1366,1350
1329,1349
1322,1357
1342,1342
1333,1350
1328,1311
1345,1342
1325,1347
1331,1321
1352,1341
1324,1349
1306,1343
1329,1340
1329,1377
1331,1340
1333,1347
1342,1385
1314,1339
1352,1379
1295,1332
1316,1356
1294,1373
1343,1333
1327,1342
1318,1368
1303,1351
1321,1357
1337,1376
1332,1359
1360,1361
1350,1361
1340,1358
1361,1373
1344,1361
1334,1361
1340,1409
1353,1364
1337,1358
1348,1368
1323,1367
1335,1349
1366,1378
1342,1392
1380,1364
1351,1404
1355,1384
1371,1377
1346,1378
1341,1386
1393,1404
1339,1405
1370,1400
1376,1400
1396,1410
1378,1396
1395,1407
1392,1415
1425,1424
1408,1443
1365,1428
1395,1408
1403,1434
1422,1425
1426,1449
1383,1439
1436,1434
1422,1447
1407,1451
1432,1453
1459,1460
1444,1444
1459,1447
1426,1470
1417,1472
1443,1464
1431,1456
1422,1469
1454,1479
1458,1475
1444,1471
1458,1479
1468,1500
1438,1491
1442,1487
1452,1495
1473,1519
1450,1504
1493,1489
1476,1491
1484,1518
1502,1515
1460,1489
1496,1527
1477,1509
1469,1522
1494,1512
1490,1533
1534,1520
1518,1513
1523,1524
1501,1526
1532,1510
1532,1541
1533,1525
1503,1566
1522,1534
1540,1530
1560,1512
1527,1532
1534,1542
1565,1550
1521,1556
1561,1516
1539,1560
1543,1560
1587,1524
1561,1559
1538,1539
1541,1569
1554,1532
1569,1545
1561,1536
1545,1588
1568,1551
1547,1559
1557,1547
1579,1543
1533,1529
1554,1535
1566,1574
1574,1550
1551,1578
1585,1565
1591,1537
1584,1547
1540,1551
1561,1561
1575,1542
1590,1554
1576,1543
1575,1558
1555,1555
1546,1576
1568,1556
1618,1545
1558,1541
1535,1573
1567,1544
1557,1527
1584,1525
1563,1557
1532,1572
1581,1512
1523,1531
1561,1533
1532,1492
1563,1538
1533,1531
1555,1518
1527,1499
1562,1520
1540,1528
1531,1527
1528,1504
1542,1534
1542,1484
1526,1513
1526,1508
1523,1488
1529,1503
1502,1511
1524,1513
1527,1483
1505,1497
1505,1496
1518,1498
1508,1504
1494,1470
1510,1470
1478,1491
1476,1480
1512,1482
1505,1447
1478,1474
1488,1446
1473,1482
1488,1434
1451,1449
1472,1475
1471,1441
1442,1440
1453,1448
1445,1445
1456,1421
1454,1426
1440,1419
1417,1425
1451,1413
1439,1425
1420,1409
1475,1412
1444,1403
1447,1410
1429,1423
1413,1416
1450,1413
1406,1394
1400,1388
1395,1378
1392,1404
1380,1384
1381,1394
1392,1376
1395,1402
1378,1375
1402,1387
1375,1364
1363,1366
1387,1366
1381,1374
1344,1362
1372,1376
1381,1378
1339,1354
1389,1350
1378,1363
1385,1383
1352,1362
1345,1370
1336,1365
1371,1343
1348,1332
1328,1381
1395,1331
1313,1335
1332,1368
1314,1351
1347,1361
1328,1347
1338,1326
1347,1346
1326,1339
1355,1338
1314,1356
1325,1350
1338,1321
1305,1370
1331,1336
1341,1337
1322,1341
1342,1334
1354,1350
1307,1345
1337,1339
1346,1351
1305,1339
1320,1331
1328,1330
1301,1348
1328,1366
1364,1341
1322,1364
1306,1372
1322,1342
1346,1338
1320,1361
1332,1365
1329,1369
1329,1375
1338,1358
1378,1348
1335,1379
1348,1354
1347,1362
1334,1359
1344,1378
1348,1383
1373,1353
1373,1391
1347,1417
1349,1385
1333,1378
1373,1378
1359,1388
1359,1413
1356,1396
1370,1385
1368,1398
1373,1432
1373,1392
1391,1393
1374,1389
1389,1412
1382,1393
1379,1402
1392,1409
1388,1443
1404,1403
1407,1410
1382,1427
1397,1413
1392,1436
1416,1420
1416,1447
1447,1434
1435,1429
1423,1440
1450,1469
1430,1438
1431,1451
1451,1472
1423,1469
1441,1456
1471,1471
1444,1489
1473,1480
1472,1451
1463,1486
1441,1482
1459,1464
1463,1480
1479,1501
1466,1485
1485,1490
1486,1511
1477,1485
1473,1505
1484,1515
1510,1506
1492,1511
1500,1499
1506,1527
1520,1521
1502,1520
1518,1540
1520,1532
1516,1553
1499,1523
1511,1518
1517,1552
1537,1557
1515,1531
1520,1567
1521,1546
1547,1545
1523,1546
1531,1567
1570,1533
1533,1543
1524,1555
1543,1561
1537,1537
1551,1561
1534,1556
1557,1547
1572,1565
1546,1546
1540,1540
1569,1567
1567,1555
1544,1579
1561,1553
1589,1552
1564,1549
1595,1574
1569,1546
1552,1549
1575,1547
1562,1547
1549,1535
1581,1582
1576,1551
1520,1541
1563,1555
1570,1520
1585,1556
1589,1560
1578,1541
1575,1533
1578,1546
1594,1538
1596,1576
1553,1545
1545,1574
1568,1531
1557,1529
1558,1525
1548,1563
1556,1551
1576,1530
1547,1536
1565,1558
1544,1505
1533,1518
1548,1499
1556,1516
1536,1512
1554,1527
1553,1504
1511,1519
1540,1518
1550,1511
1550,1495
1560,1469
1535,1517
1540,1513
1547,1501
1482,1484
1545,1508
1520,1522
1555,1487
1502,1490
1491,1489
1511,1481
1474,1462
1506,1488
1480,1496
1470,1482
1521,1468
1466,1473
1482,1454
1450,1440
1455,1458
1468,1450
1477,1447
1429,1443
1465,1435
1472,1430
1424,1440
1445,1421
1458,1428
1429,1408
1475,1448
1508,1407
1443,1434
1443,1438
1481,1391
1411,1426
1423,1432
1427,1424
1431,1419
1437,1393
1404,1393
1422,1408
1408,1406
1416,1376
1406,1410
1359,1408
1405,1385
1405,1390
1394,1354
1406,1393
1381,1400
1363,1380
1354,1374
1399,1381
1377,1359
1389,1363
1384,1352
1360,1366
1353,1367
1395,1355
1368,1362
1371,1358
1355,1364
1341,1327
1350,1331
1366,1360
1358,1328
1354,1335
1371,1349
1351,1344
1364,1328
1353,1335
1336,1354
1321,1334
1321,1330
1341,1343
1329,1340
1337,1336
1336,1343
1353,1345
1328,1343
1303,1331
1311,1364
1371,1349
1341,1376
1345,1352
1337,1353
1316,1352
1345,1347
1335,1346
1308,1362
1308,1344
1349,1361
1334,1349
1317,1398
1347,1343
1330,1331
1316,1365
1337,1336
1324,1332
1339,1349
1334,1354
1329,1371
1360,1365
1344,1334
1334,1342
1345,1365
1351,1359
1349,1363
1343,1368
1336,1378
1367,1387
1354,1360
1356,1371
1346,1363
1375,1363
1375,1384
1328,1403
1373,1366
1380,1382
1378,1393
1375,1426
1359,1422
1371,1385
1375,1403
1386,1413
1378,1413
1406,1395
1385,1415
1391,1420
1366,1413
1385,1403
1419,1413
1363,1442
1414,1455
1405,1443
1409,1440
1422,1438
1436,1436
1419,1430
1433,1447
1417,1421
1421,1460
1448,1452
1424,1454
1429,1449
1429,1447
1441,1467
1450,1458
1468,1453
1457,1496
1467,1473
1447,1475
1443,1460
1466,1480
1478,1472
1448,1513
1475,1509
1451,1497
1501,1500
1464,1522
1489,1495
1466,1501
1484,1484
1502,1524
1530,1500
1491,1500
1510,1524
1501,1545
1531,1517
1502,1532
1541,1522
1524,1499
1533,1526
1535,1557
1555,1527
1556,1546
1535,1549
1499,1524
1538,1557
1550,1506
1545,1537
1552,1546
1559,1533
1519,1536
1567,1530
1531,1553
1537,1565
1527,1549
1540,1562
1572,1583
1568,1553
1585,1550
1551,1569
1552,1584
1569,1555
1555,1559
1599,1535
1564,1554
1567,1537
1596,1538
1587,1523
1581,1564
1555,1554
1566,1547
1578,1550
1553,1537
1579,1549
1562,1528
1576,1570
1577,1553
1542,1580
1594,1547
1576,1566
1562,1548
1531,1559
1549,1566
1593,1544
1547,1537
1545,1533
1561,1520
1577,1543
1568,1560
1607,1514
1552,1525
1559,1533
1561,1523
1534,1518
1571,1542
1540,1545
1546,1513
1525,1514
1550,1538
1534,1522
1525,1504
1514,1525
1553,1516
1550,1508
1535,1520
1526,1500
1513,1503
1525,1513
1500,1498
1532,1499
1523,1498
1548,1504
1518,1498
1510,1490
1514,1497
1473,1488
1483,1481
1506,1474
1522,1447
1505,1473
1488,1464
1473,1458
1459,1449
1472,1450
1483,1455
1480,1466
1445,1437
1440,1455
1440,1455
1456,1432
1492,1438
1442,1448
1438,1423
1462,1432
1444,1419
1439,1417
1453,1412
1416,1413
1432,1410
1426,1400
1429,1428
1457,1409
1407,1423
1427,1418
1392,1404
1415,1397
1414,1388
1368,1408
1403,1380
1394,1397
1372,1398
1373,1396
1415,1392
1383,1351
1378,1382
1356,1361
1381,1357
1364,1370
1381,1346
1363,1342
1378,1369
1387,1348
1384,1366
1363,1362
1363,1370
1348,1356
1348,1343
1352,1391
1366,1363
1304,1344
1361,1341
1349,1325
1347,1346
1360,1361
1351,1362
1358,1353
1364,1338
1326,1340
1339,1354
1340,1336
1321,1324
1324,1346
1342,1352
1340,1367
1340,1340
1340,1338
1340,1347
1335,1340
1324,1358
1339,1363
1317,1320
1325,1337
1351,1331
1317,1331
1308,1345
1343,1341
1340,1358
1331,1376
1332,1332
1311,1366
1335,1363
1348,1367
1329,1340
1351,1339
1313,1364
1318,1341
1323,1351
1331,1348
1351,1383
1379,1348
1334,1340
1332,1356
1325,1369
1350,1391
1345,1386
1352,1384
1346,1374
1347,1364
1387,1364
1378,1379
1366,1387
1361,1389
1352,1392
1332,1398
1372,1407
1361,1390
1370,1412
1371,1404
1370,1436
1366,1405
1382,1395
1373,1408
1367,1422
1386,1444
1385,1420
1395,1414
1389,1458
1388,1414
1426,1416
1403,1432
1419,1428
1443,1431
1418,1438
1430,1460
1435,1448
1409,1460
1403,1442
1471,1485
1430,1468
1440,1461
1465,1465
1434,1459
1442,1475
1457,1492
1473,1463
1477,1488
1452,1488
1457,1466
1454,1482
1484,1488
1466,1481
1479,1490
1474,1513
1501,1504
1462,1504
1470,1512
1509,1509
1498,1528
1499,1508
1467,1504
1511,1519
1522,1535
1473,1538
1540,1540
1504,1535
1544,1520
1516,1530
1495,1555
1546,1521
1546,1527
1547,1567
1518,1535
1516,1520
1523,1543
1543,1541
1566,1565
1548,1573
1532,1555
1558,1562
1591,1552
1542,1518
1550,1572
1572,1543
1524,1582
1566,1577
1569,1584
1544,1585
1586,1579
1533,1580
1578,1562
1571,1573
1551,1576
1556,1548
1561,1553
1574,1547
1580,1544
1559,1571
1569,1556
1595,1546
1583,1560
1577,1555
1552,1537
1564,1562
1544,1531
1571,1536
1599,1556
1592,1573
1557,1552
1537,1561
1560,1540
1573,1533
1592,1570
1549,1544
1598,1532
1565,1546
1591,1522
1523,1546
1599,1541
1562,1523
1575,1552
1513,1539
1532,1524
1580,1537
1565,1517
1547,1537
1543,1509
1553,1495
1553,1510
1541,1514
1550,1528
1522,1533
1522,1538
1547,1508
1508,1504
1523,1524
1538,1496
1517,1475
1522,1503
1515,1479
1523,1486
1508,1480
1518,1473
1503,1477
1477,1487
1496,1466
1476,1472
1517,1470
1485,1452
1503,1474
1491,1465
1458,1471
1454,1427
1476,1443
1460,1437
1453,1462
1447,1459
1484,1468
1431,1425
1468,1420
1422,1444
1456,1463
1452,1415
1442,1423
1463,1406
1430,1441
1449,1417
1428,1420
1423,1423
1433,1405
1437,1395
1401,1420
1450,1414
1444,1408
1354,1407
1407,1374
1411,1369
1376,1393
1358,1390
1387,1363
1422,1375
1409,1384
1407,1389
1397,1364
1373,1354
1344,1376
1372,1370
1374,1354
1385,1377
1371,1356
1379,1363
1358,1342
1373,1349
1382,1337
1346,1369
1356,1371
1342,1335
1367,1354
1357,1330
1380,1339
1360,1346
1344,1349
1356,1369
1329,1340
1358,1327
1324,1349
1346,1330
1318,1331
1336,1319
1314,1359
1336,1333
1338,1341
1325,1338
1311,1326
1355,1366
1323,1340
1353,1349
1332,1358
1323,1340
1347,1338
1347,1353
1316,1353
1335,1336
1343,1341
1342,1367
1287,1362
1359,1362
1324,1316
1310,1334
1333,1353
1306,1356
1330,1365
1331,1350
1329,1362
1339,1352
1336,1370
1333,1354
1343,1353
1330,1366
1336,1383
1365,1365
1353,1353
1322,1352
1328,1355
1364,1370
1354,1353
1355,1382
1341,1379
1378,1375
1362,1383
1377,1397
1363,1390
1382,1392
1371,1425
1368,1386
1362,1397
1351,1407
1375,1440
1369,1414
1371,1397
1417,1422
1373,1430
1396,1418
1355,1424
1420,1398
1393,1412
1413,1440
1407,1440
1413,1449
1419,1418
1422,1461
1399,1451
1429,1453
1445,1431
1438,1459
1430,1438
1422,1449
1441,1471
1459,1426
1441,1466
1426,1468
1490,1498
1441,1486
1475,1489
1462,1479
1466,1486
1473,1475
1446,1507
1501,1500
1492,1483
1490,1494
1505,1490
1479,1500
1515,1502
1483,1506
1498,1504
1534,1496
1503,1510
1490,1515
1499,1496
1490,1509
1509,1521
1549,1514
1507,1561
1536,1530
1509,1532
1505,1558
1510,1554
1505,1529
1547,1535
1532,1561
1554,1544
1532,1534
1547,1565
1553,1553
1558,1529
1540,1561
1543,1530
1529,1561
1576,1538
1555,1533
1527,1537
1567,1534
1535,1557
1566,1556
1566,1541
1576,1540
1570,1561
1554,1577
1559,1551
1544,1542
1581,1574
1533,1565
1590,1558
1563,1553
1536,1554
1565,1558
1572,1563
1572,1555
1574,1588
1584,1534
1576,1549
1550,1562
1560,1580
1539,1573
1571,1555
1575,1549
1539,1548
1554,1565
1568,1553
1543,1539
1567,1551
1571,1525
1546,1559
1563,1547
1553,1561
1556,1534
1548,1527
1532,1518
1532,1515
1586,1530
1563,1535
1567,1546
1555,1531
1558,1523
1536,1520
1541,1525
1563,1522
1545,1487
1556,1502
1519,1503
1525,1503
1513,1496
1527,1504
1517,1493
1510,1514
1489,1486
1537,1500
1508,1490
1508,1481
1521,1491
1514,1482
1528,1489
1517,1448
1487,1482
1475,1453
1488,1474
1478,1422
1510,1443
1497,1456
1468,1482
1460,1447
1461,1429
1471,1438
1473,1432
1465,1424
1448,1423
1444,1437
1463,1452
1474,1433
1436,1433
1415,1437
1426,1417
1465,1426
1418,1410
1427,1397
1437,1402
1423,1404
1421,1408
1425,1395
1418,1417
1413,1409
1421,1408
1443,1387
1388,1356
1410,1373
1407,1409
1397,1365
1385,1387
1387,1397
1390,1361
1373,1386
1370,1381
1366,1384
1364,1363
1384,1351
1341,1376
1366,1338
1368,1348
1381,1350
1381,1352
1350,1353
1339,1347
1375,1339
1391,1357
1331,1370
1350,1359
1353,1341
1357,1364
1370,1350
1338,1354
1334,1355
1338,1364
1352,1355
1362,1350
1349,1376
1309,1343
1327,1327
1347,1320
1288,1348
1320,1336
1325,1333
1328,1317
1346,1347
1305,1361
1303,1343
1331,1369
1351,1367
1331,1363
1330,1315
1318,1344
1333,1339
1331,1344
1314,1333
1333,1338
1333,1347
1354,1369
1325,1359
1334,1335
1298,1375
1322,1362
1333,1382
1334,1378
1341,1362
1303,1359
1334,1377
1372,1389
1331,1330
1334,1363
1336,1393
1372,1377
1348,1382
1365,1390
1369,1363
1337,1383
1367,1386
1358,1374
1350,1398
1361,1394
1349,1411
1385,1400
1378,1431
1380,1423
1387,1393
1367,1404
1366,1422
1384,1404
1403,1425
1398,1422
1391,1403
1369,1421
1410,1408
1397,1437
1403,1415
1400,1449
1420,1415
1409,1478
1439,1434
1406,1468
1423,1460
1423,1466
1457,1454
1406,1475
1441,1470
1429,1470
1455,1452
1419,1473
1445,1488
1471,1486
1448,1474
1449,1469
1462,1478
1465,1483
1489,1480
1454,1488
1482,1481
1473,1509
1453,1499
1486,1492
1499,1497
1488,1514
1479,1497
1482,1509
1474,1525
1506,1497
1500,1522
1484,1514
1527,1520
1497,1513
1505,1534
1520,1543
1518,1547
1536,1524
1535,1523
1539,1525
1514,1517
1541,1531
1543,1533
1559,1537
1538,1539
1522,1543
1549,1547
1549,1545
1549,1556
1555,1544
1571,1552
1545,1549
1575,1555
1545,1510
1575,1559
1550,1529
1524,1563
1543,1573
1544,1548
1550,1565
1582,1593
1559,1568
1536,1560
1577,1591
1606,1574
1568,1564
1576,1542
1566,1548
1575,1568
1561,1592
1571,1553
1538,1526
1561,1549
1554,1551
1563,1573
1540,1540
1594,1556
1575,1539
1553,1557
1564,1571
1584,1561
1565,1543
1580,1535
1580,1545
1541,1541
1566,1551
1537,1536
1579,1559
1548,1516
1567,1532
1560,1516
1574,1516
1537,1528
1581,1549
1539,1521
1556,1522
1514,1526
1561,1504
1538,1510
1571,1532
1543,1499
1550,1508
1523,1532
1516,1504
1516,1491
1487,1503
1564,1489
1528,1476
1511,1473
1513,1473
1510,1502
1515,1448
1512,1489
1493,1485
1515,1476
1491,1464
1495,1474
1465,1451
1503,1481
1454,1453
1449,1435
1485,1470
1488,1462
1478,1459
1469,1411
1473,1478
1455,1432
1467,1431
1440,1450
1451,1439
1456,1441
1448,1430
1456,1429
1438,1387
1456,1429
1451,1413
1439,1422
1456,1397
1433,1400
1433,1434
1416,1395
1398,1416
1415,1384
1412,1370
1425,1400
1406,1394
1396,1389
1383,1367
1416,1381
1384,1372
1354,1363
1388,1372
1400,1385
1384,1398
1341,1356
1388,1365
1379,1372
1380,1374
1347,1381
1376,1364
1356,1356
1340,1334
1352,1343
1368,1359
1350,1368
1379,1358
1349,1358
1375,1362
1354,1364
1336,1338
1353,1352
1371,1349
1339,1356
1340,1329
1327,1338
1321,1370
1321,1349
1331,1356
1359,1322
1335,1343
1332,1343
1310,1326
1343,1335
1377,1340
1327,1331
1338,1340
1315,1364
1325,1340
1360,1347
1322,1327
1306,1314
1346,1341
1367,1329
1358,1335
1308,1353
1343,1360
1336,1341
1314,1341
1330,1343
1332,1359
1350,1359
1350,1376
1330,1366
1352,1370
1309,1348
1319,1380
1344,1344
1336,1347
1344,1362
1338,1370
1324,1385
1370,1384
1350,1361
1318,1350
1377,1377
1338,1382
1360,1378
1366,1366
1361,1394
1367,1365
1353,1412
1360,1404
1382,1372
1364,1382
1389,1402
1382,1428
1377,1408
1369,1421
1408,1411
1398,1416
1387,1426
1411,1426
1402,1438
1400,1425
1393,1430
1392,1429
1413,1404
1406,1441
1434,1439
1433,1452
1419,1454
1433,1468
1441,1434
1408,1445
1401,1451
1424,1456
1436,1480
1422,1471
1452,1463
1440,1463
1491,1478
1459,1490
1457,1469
1460,1461
1447,1487
1496,1447
1468,1504
1463,1491
1503,1510
1480,1484
1499,1492
1489,1481
1502,1494
1491,1483
1509,1511
1507,1527
1471,1519
1508,1528
1505,1522
1525,1530
1508,1528
1500,1526
1516,1557
1535,1542
1507,1533
1531,1524
1530,1524
1491,1532
1559,1531
1539,1520
1534,1513
1559,1541
1524,1557
1537,1545
1563,1563
1557,1548
1578,1536
1531,1538
1535,1562
1548,1547
1545,1553
1557,1550
1538,1573
1551,1566
1559,1574
1592,1545
1540,1569
1579,1537
1560,1557
1558,1547
1560,1557
1595,1549
1561,1552
1552,1550
1574,1550
1566,1564
1560,1564
1576,1566
1557,1532
1567,1559
1537,1547
1545,1553
1563,1559
1570,1529
1564,1539
1579,1559
1572,1557
1541,1548
1533,1537
1561,1535
1576,1550
1544,1552
1553,1553
1595,1569
1565,1526
1549,1534
1533,1548
1560,1553
1547,1556
1518,1523
1550,1536
1549,1530
1536,1537
1544,1478
1528,1518
1535,1522
1498,1505
1555,1501
1528,1512
1522,1502
1510,1518
1489,1486
1488,1482
1517,1504
1514,1499
1513,1488
1511,1496
1499,1466
1526,1459
1499,1480
1496,1458
1508,1472
1507,1466
1484,1484
1494,1484
1470,1453
1485,1492
1457,1461
1459,1463
1476,1446
1474,1441
1471,1452
1463,1438
1448,1423
1456,1451
1462,1430
1438,1423
1439,1418
1448,1451
1456,1421
1470,1422
1454,1448
1465,1413
1437,1409
1458,1413
1419,1410
1411,1387
1415,1397
1424,1403
1415,1390
1423,1381
1423,1401
1410,1389
1409,1382
1413,1379
1385,1377
1380,1373
1399,1370
1384,1371
1369,1363
1391,1371
1394,1360
1363,1360
1363,1348
1408,1350
1383,1372
1354,1370
1353,1370
1369,1379
1335,1381
1349,1353
1343,1339
1384,1338
1362,1365
1357,1355
1366,1361
1330,1375
1342,1347
1333,1377
1328,1362
1353,1337
1359,1347
1320,1349
1345,1334
1362,1329
1316,1342
1311,1362
1366,1328
1319,1334
1320,1356
1325,1342
1344,1349
1322,1347
1347,1337
1330,1340
1362,1323
1317,1341
1345,1337
1306,1347
1326,1359
1321,1357
1335,1351
1322,1341
1343,1365
1315,1365
1333,1352
1341,1375
1339,1356
1350,1360
1325,1360
1338,1351
1345,1347
1361,1350
1323,1344
1359,1354
1377,1398
1374,1378
1354,1351
1336,1388
1365,1397
1367,1370
1390,1368
1353,1397
1371,1407
1379,1366
1365,1412
1369,1388
1358,1404
1368,1375
1370,1372
1360,1410
1380,1396
1411,1415
1395,1395
1373,1403
1380,1408
1370,1413
1385,1392
1393,1424
1391,1405
1393,1414
1422,1420
1407,1435
1429,1408
1429,1428
1443,1442
1425,1425
1422,1461
1427,1438
1449,1466
1401,1458
1431,1449
1418,1461
1457,1469
1437,1442
1454,1486
1461,1466
1439,1478
1475,1508
1464,1477
1486,1472
1457,1485
1473,1515
1473,1511
1507,1492
1493,1496
1508,1484
1480,1505
1479,1521
1519,1490
1491,1519
1504,1500
1490,1505
1491,1521
1505,1501
1476,1510
1514,1513
1516,1511
1515,1508
1512,1538
1512,1516
1528,1537
1536,1531
1554,1520
1501,1560
1514,1548
1552,1561
1525,1542
1574,1552
1551,1534
1538,1563
1561,1528
1525,1558
1530,1513
1531,1547
1553,1551
1542,1566
1561,1577
1540,1559
1543,1537
1580,1544
1546,1543
1533,1572
1548,1559
1572,1565
1577,1565
1540,1575
1587,1545
1561,1542
1573,1571
1565,1557
1569,1558
1606,1550
1573,1557
1568,1562
1558,1535
1592,1548
1575,1549
1564,1554
1591,1555
1572,1526
1521,1571
1546,1589
1586,1559
1587,1534
1571,1561
1563,1553
1566,1539
1587,1551
1571,1538
1556,1560
1542,1534
1553,1543
1557,1541
1567,1551
1537,1516
1560,1520
1579,1517
1534,1537
1535,1523
1537,1505
1521,1512
1529,1499
1538,1501
1489,1517
1525,1532
1531,1511
1539,1528
1515,1511
1501,1492
1516,1476
1515,1473
1524,1496
1494,1495
1525,1484
1478,1473
1531,1494
1499,1465
1457,1475
1481,1489
1490,1473
1494,1484
1507,1454
1494,1469
1475,1465
1477,1466
1466,1429
1462,1446
1491,1443
1471,1451
1462,1467
1464,1451
1451,1450
1453,1453
1467,1430
1452,1412
1420,1410
1466,1440
1460,1423
1417,1413
1447,1422
1412,1419
1431,1408
1420,1412
1400,1404
1411,1415
1443,1403
1433,1421
1423,1403
1419,1390
1407,1415
1401,1403
1394,1391
1400,1362
1406,1380
1408,1353
1384,1357
1387,1372
1380,1401
1371,1400
1358,1377
1393,1385
1387,1372
1389,1374
1365,1372
1392,1335
1355,1368
1347,1345
1348,1367
1362,1349
1377,1329
1330,1351
1355,1364
1355,1363
1357,1356
1368,1362
1343,1336
1354,1357
1338,1342
1346,1345
1337,1325
1348,1346
1349,1347
1369,1335
1325,1354
1305,1350
1346,1361
1323,1353
1307,1326
1308,1338
1324,1326
1309,1345
1302,1375
1355,1346
1335,1361
1323,1336
1316,1344
1307,1348
1352,1368
1335,1341
1317,1350
1349,1369
1340,1374
1351,1334
1340,1348
1340,1344
1322,1366
1348,1330
1351,1363
1355,1348
1359,1344
1317,1371
1345,1368
1334,1397
1354,1352
1336,1372
1350,1383
1344,1385
1356,1374
1374,1385
1354,1390
1349,1414
1378,1377
1383,1389
1383,1389
1426,1391
1367,1401
1390,1388
1369,1414
1394,1413
1399,1417
1370,1416
1373,1409
1403,1398
1377,1415
1369,1414
1392,1400
1409,1423
1371,1416
1404,1444
1412,1455
1388,1428
1409,1439
1448,1459
1424,1493
1428,1449
1410,1474
1431,1442
1451,1437
1422,1465
1389,1451
1443,1457
1445,1471
1472,1482
1439,1472
1469,1454
1472,1490
1462,1498
1465,1485
1479,1500
1457,1489
1456,1495
1469,1479
1469,1483
1459,1520
1505,1526
1468,1484
1468,1494
1504,1488
1486,1501
1485,1508
1493,1504
1502,1515
1513,1531
1554,1495
1518,1530
1514,1548
1525,1534
1503,1539
1502,1548
1574,1523
1504,1507
1525,1529
1566,1518
1564,1530
1533,1536
1551,1530
1539,1576
1554,1538
1554,1538
1544,1547
1531,1549
1513,1553
1569,1562
1575,1531
1558,1564
1546,1549
1592,1558
1571,1558
1572,1555
1543,1590
1535,1567
1589,1559
1535,1576
1554,1543
1558,1571
1573,1555
1578,1552
1574,1547
1554,1576
1554,1540
1562,1548
1562,1561
1590,1569
1588,1554
1575,1533
1546,1552
1597,1543
1577,1536
1593,1569
1595,1539
1565,1542
1549,1576
1575,1523
1558,1549
1544,1557
1574,1550
1543,1527
1540,1535
1544,1512
1546,1527
1556,1550
1567,1546
1539,1539
1544,1521
1552,1524
1540,1515
1534,1535
1532,1541
1526,1516
1524,1494
1506,1482
1521,1483
1532,1488
1506,1522
1516,1500
1524,1483
1495,1508
1539,1507
1515,1481
1522,1497
1492,1486
1515,1492
1532,1488
1498,1502
1493,1476
1498,1491
1488,1455
1465,1462
1491,1477
1483,1476
1475,1473
1470,1467
1491,1461
1493,1463
1481,1431
1477,1452
1461,1442
1458,1442
1470,1439
1449,1434
1430,1447
1430,1436
1443,1434
1433,1425
1438,1422
1461,1440
1431,1421
1435,1421
1437,1418
1444,1411
1441,1383
1432,1399
1436,1414
1409,1414
1380,1395
1411,1386
1387,1384
1400,1389
1427,1384
1405,1393
1388,1387
1391,1377
1403,1396
1403,1339
1392,1370
1379,1371
1390,1364
1400,1392
1365,1355
1362,1353
1372,1364
1353,1366
1368,1368
1347,1384
1369,1370
1346,1349
1332,1348
1358,1350
1358,1329
1330,1354
1355,1353
1371,1371
1341,1349
1326,1361
1336,1330
1383,1354
1346,1366
1351,1331
1349,1350
1294,1391
1329,1348
1356,1349
1327,1348
1350,1351
1314,1350
1330,1333
1335,1356
1324,1352
1336,1350
1330,1339
1329,1335
1347,1368
1312,1339
1362,1383
1355,1349
1334,1338
1335,1366
1321,1341
1352,1370
1367,1352
1355,1360
1341,1374
1308,1358
1321,1348
1327,1360
1362,1369
1324,1343
1336,1359
1352,1368
1327,1355
1339,1410
1358,1380
1340,1369
1366,1359
1365,1329
1331,1378
1365,1365
1341,1379
1375,1401
1373,1398
1361,1411
1374,1416
1350,1393
1358,1416
1381,1399
1397,1397
1376,1416
1395,1385
1351,1423
1407,1405
1381,1410
1419,1430
1412,1428
1403,1414
1379,1445
1430,1436
1408,1405
1416,1433
1439,1447
1400,1453
1415,1446
1425,1461
1453,1446
1431,1464
1394,1460
1451,1480
1425,1454
1445,1454
1485,1463
1434,1459
1463,1486
1456,1480
1471,1492
1475,1504
1479,1489
1478,1472
1471,1475
1490,1505
1480,1482
1464,1502
1477,1493
1489,1489
1501,1501
1474,1495
1473,1502
1488,1516
1503,1511
1500,1494
1486,1520
1531,1505
1510,1491
1486,1537
1495,1526
1518,1508
1518,1524
1519,1541
1518,1525
1536,1520
1517,1524
1552,1559
1542,1505
1523,1549
1563,1525
1521,1564
1526,1528
1529,1533
1550,1538
1562,1562
1566,1544
1535,1545
1561,1567
1566,1568
1520,1559
1545,1568
1581,1548
1546,1547
1565,1567
1574,1576
1570,1562
1563,1545
1560,1578
1569,1536
1581,1533
1560,1544
1555,1531
1577,1550
1564,1578
1531,1549
1563,1556
1563,1527
1574,1534
1545,1546
1568,1565
1572,1544
1567,1551
1568,1547
1570,1529
1592,1558
1557,1526
1554,1556
1561,1557
1572,1497
1552,1528
1561,1530
1564,1540
1552,1549
1537,1529
1545,1526
1559,1532
1549,1522
1536,1549
1540,1524
1557,1509
1547,1511
1532,1523
1527,1488
1538,1522
1556,1503
1519,1515
1550,1477
1533,1503
1523,1506
1516,1471
1524,1500
1517,1475
1514,1465
1496,1504
1519,1470
1463,1489
1535,1469
1468,1482
1521,1462
1469,1446
1500,1464
1489,1473
1477,1470
1516,1440
1488,1464
1473,1435
1484,1440
1485,1453
1477,1456
1464,1441
1451,1444
1458,1440
1492,1458
1467,1450
1437,1440
1477,1430
1427,1411
1465,1399
1437,1414
1422,1419
1429,1436
1432,1403
1418,1419
1434,1406
1414,1400
1421,1389
1383,1410
1428,1398
1404,1386
1406,1399
1400,1395
1408,1403
1360,1362
1389,1402
1402,1366
1388,1372
1392,1392
1357,1364
1385,1391
1388,1370
1373,1375
1357,1372
1365,1398
1379,1390
1375,1366
1362,1362
1354,1367
1363,1359
1371,1330
1353,1345
1376,1360
1360,1365
1363,1342
1353,1354
1363,1347
1361,1356
1371,1343
1336,1340
1377,1367
1356,1351
1351,1353
1365,1353
1358,1328
1296,1340
1352,1336
1337,1338
1317,1343
1344,1346
1334,1340
1323,1344
1347,1347
1322,1359
1332,1342
1329,1324
1333,1350
1348,1332
1313,1357
1331,1362
1340,1345
1320,1349
1358,1368
1358,1357
1333,1330
1344,1364
1319,1355
1358,1331
1327,1368
1342,1355
1372,1370
1358,1366
1396,1360
1381,1384
1371,1360
1355,1398
1340,1354
1359,1378
1350,1358
1353,1380
1343,1379
1393,1384
1359,1380
1371,1403
1376,1394
1354,1363
1388,1397
1366,1402
1400,1390
1399,1391
1359,1401
1381,1395
1358,1391
1394,1390
1398,1411
1397,1410
1412,1427
1410,1395
1414,1429
1399,1421
1387,1421
1436,1402
1412,1436
1405,1435
1426,1442
1416,1447
1411,1432
1456,1457
1445,1478
1430,1474
1442,1447
1441,1465
1457,1468
1448,1455
1448,1449
1427,1478
1456,1469
1448,1486
1457,1477
1443,1470
1458,1479
1437,1490
1449,1479
1471,1500
1473,1491
1444,1502
1473,1499
1500,1493
1482,1522
1495,1505
1473,1490
1482,1497
1503,1523
1484,1504
1486,1531
1521,1506
1511,1512
1505,1505
1527,1527
1537,1534
1511,1536
1507,1526
1534,1520
1536,1527
1546,1525
1540,1553
1545,1553
1522,1543
1524,1580
1526,1562
1548,1561
1540,1560
1536,1527
1558,1551
1570,1556
1559,1566
1554,1550
1577,1541
1599,1555
1557,1527
1541,1537
1570,1570
1553,1548
1542,1560
1542,1548
1579,1548
1531,1574
1561,1544
1576,1547
1542,1589
1585,1588
1565,1564
1570,1532
1574,1561
1556,1547
1558,1543
1517,1567
1572,1556
1549,1572
1535,1545
1536,1539
1563,1543
1553,1545
1531,1540
1565,1536
1578,1547
1557,1540
1570,1550
1566,1525
1583,1536
1537,1526
1533,1510
1540,1547
1547,1538
1556,1520
1524,1516
1542,1522
1551,1525
1535,1501
1546,1495
1563,1533
1555,1493
1524,1500
1520,1530
1522,1506
1505,1503
1528,1518
1530,1508
1531,1499
1525,1494
1525,1496
1537,1493
1517,1466
1533,1475
1544,1462
1516,1497
1492,1479
1506,1485
1522,1488
1505,1458
1492,1454
1491,1455
1499,1472
1497,1453
1483,1459
1495,1458
1481,1433
1495,1429
1483,1459
1441,1474
1472,1428
1458,1438
1467,1424
1460,1435
1442,1421
1428,1433
1443,1390
1433,1406
1431,1417
1442,1409
1420,1425
1398,1407
1448,1412
1445,1391
1426,1441
1426,1413
1393,1382
1397,1412
1397,1366
1405,1380
1393,1397
1358,1367
1393,1381
1400,1396
1425,1370
1386,1380
1409,1365
1392,1371
1386,1373
1377,1356
1399,1375
1347,1359
1372,1386
1375,1343
1397,1349
1362,1339
1360,1359
1359,1386
1383,1362
1366,1339
1350,1367
1365,1321
1348,1370
1344,1353
1358,1372
1358,1353
1366,1347
1351,1345
1361,1345
1362,1362
1354,1347
1347,1329
1332,1366
1326,1350
1361,1356
1344,1358
1320,1360
1347,1341
1324,1375
1332,1348
1333,1358
1346,1338
1352,1337
1352,1327
1317,1352
1341,1347
1376,1365
1353,1351
1329,1351
1344,1335
1327,1365
1334,1350
1339,1383
1324,1366
1337,1356
1336,1342
1376,1348
1312,1352
1320,1359
1331,1371
1329,1364
1336,1368
1356,1383
1357,1380
1352,1393
1324,1393
1344,1376
1368,1364
1359,1387
1357,1393
1370,1386
1358,1381
1362,1388
1379,1388
1392,1401
1349,1374
1383,1407
1360,1393
1386,1408
1387,1396
1393,1425
1391,1399
1402,1422
1395,1420
1408,1423
1425,1417
1388,1426
1379,1431
1394,1440
1434,1414
1421,1427
1396,1423
1440,1448
1440,1452
1421,1450
1439,1438
1430,1430
1462,1481
1448,1476
1438,1461
1416,1451
1448,1463
1446,1465
1468,1466
1456,1480
1469,1461
1466,1496
1437,1491
1471,1484
1467,1486
1493,1487
1514,1497
1485,1477
1513,1497
1483,1498
1499,1499
1490,1524
1514,1493
1483,1522
1504,1502
1520,1508
1514,1511
1505,1531
1521,1519
1527,1508
1499,1530
1514,1506
1516,1531
1530,1544
1517,1527
1524,1531
1510,1536
1545,1518
1535,1530
1523,1535
1525,1544
1514,1567
1534,1553
1546,1576
1564,1549
1560,1536
1564,1545
1561,1542
1529,1547
1586,1548
1559,1558
1591,1531
1558,1583
1568,1565
1561,1528
1540,1530
1576,1558
1562,1536
1572,1526
1563,1562
1547,1536
1582,1548
1568,1541
1546,1564
1547,1597
1586,1579
1578,1551
1520,1555
1548,1566
1530,1521
1538,1527
1587,1565
1570,1541
1564,1560
1554,1533
1543,1533
1579,1560
1563,1531
1545,1528
1559,1529
1550,1551
1562,1516
1528,1510
1568,1535
1540,1536
1537,1523
1521,1499
1543,1521
1542,1523
1543,1547
1550,1505
1576,1525
1545,1525
1544,1521
1526,1524
1510,1500
1544,1509
1521,1507
1526,1515
1512,1496
1518,1521
1517,1477
1505,1492
1523,1495
1524,1490
1495,1497
1530,1479
1495,1471
1500,1488
1512,1444
1501,1459
1495,1487
1474,1464
1513,1466
1495,1458
1476,1461
1447,1446
1461,1449
1477,1465
1500,1454
1473,1455
1456,1412
1451,1436
1475,1476
1455,1446
1442,1438
1436,1417
1426,1414
1452,1432
1434,1425
1445,1412
1439,1413
1444,1409
1437,1402
1422,1403
1420,1399
1428,1396
1417,1422
1424,1403
1364,1405
1423,1372
1413,1393
1426,1379
1405,1393
1398,1408
1397,1372
1388,1381
1390,1401
1376,1383
1422,1386
1390,1389
1358,1390
1378,1363
1367,1375
1374,1387
1372,1335
1387,1355
1380,1381
1381,1355
1354,1340
1333,1381
1337,1363
1374,1372
1362,1323
1360,1376
1352,1327
1345,1363
1356,1347
1342,1370
1341,1369
1385,1369
1350,1371
1327,1352
1335,1349
1354,1364
1368,1339
1326,1347
1346,1362
1340,1343
1319,1333
1332,1344
1332,1349
1317,1354
1333,1356
1333,1354
1358,1350
1365,1336
1356,1386
1318,1354
1350,1364
1350,1358
1359,1360
1322,1350
1332,1373
1336,1356
1350,1356
1338,1354
1350,1362
1327,1388
1368,1346
1351,1379
1324,1375
1341,1381
1342,1378
1337,1377
1359,1403
1347,1383
1333,1362
1380,1369
1336,1388
1390,1383
1364,1378
1355,1389
1359,1382
1331,1408
1374,1395
1353,1403
1324,1397
1397,1399
1412,1402
1401,1417
1395,1422
1352,1418
1361,1440
1378,1422
1376,1403
1402,1400
1403,1432
1408,1406
1414,1405
1410,1437
1418,1422
1413,1462
1448,1425
1407,1446
1442,1447
1405,1460
1437,1439
1440,1464
1435,1482
1440,1432
1432,1472
1463,1450
1458,1460
1441,1452
1443,1443
1463,1476
1453,1476
1470,1442
1485,1500
1470,1506
1481,1466
1500,1487
1512,1486
1451,1518
1503,1485
1476,1478
1488,1500
1518,1495
1469,1521
1485,1503
1499,1519
1501,1493
1529,1489
1477,1511
1482,1509
1512,1506
1516,1487
1523,1537
1506,1527
1530,1506
1535,1506
1536,1526
1551,1564
1528,1530
1569,1516
1530,1531
1550,1538
1519,1540
1549,1529
1514,1562
1553,1538
1549,1523
1519,1540
1535,1526
1560,1563
1544,1535
1534,1532
1560,1535
1580,1536
1582,1551
1535,1540
1561,1553
1537,1544
1569,1539
1575,1556
1572,1549
1597,1566
1553,1559
1563,1553
1553,1562
1513,1505
1542,1539
1567,1519
1547,1570
1542,1532
1592,1567
1556,1526
1559,1535
1555,1557
1556,1517
1567,1556
1550,1542
1559,1540
1538,1531
1567,1513
1586,1541
1549,1495
1556,1549
1544,1523
1507,1519
1573,1568
1546,1510
1551,1540
1546,1515
1546,1541
1528,1536
1548,1511
1541,1504
1561,1502
1534,1510
1534,1512
1546,1510
1530,1528
1552,1502
1505,1501
1499,1495
1500,1478
1539,1496
1520,1502
1507,1521
1510,1486
1517,1467
1487,1461
1518,1465
1514,1485
1510,1482
1506,1498
1499,1445
1517,1467
1485,1474
1484,1478
1496,1444
1478,1434
1514,1440
1456,1453
1468,1448
1452,1446
1484,1436
1463,1458
1470,1468
1479,1442
1460,1431
1469,1446
1426,1423
1450,1395
1453,1443
1440,1407
1427,1395
1472,1418
1428,1419
1431,1421
1393,1415
1409,1401
1403,1414
1425,1422
1421,1399
1401,1400
1395,1348
1404,1409
1409,1357
1393,1374
1394,1368
1421,1397
1377,1382
1387,1396
1396,1359
1375,1369
1380,1365
1387,1365
1335,1365
1365,1396
1412,1358
1359,1379
1372,1379
1379,1388
1374,1392
1338,1374
1364,1371
1378,1344
1348,1358
1364,1371
1362,1337
1344,1338
1354,1355
1345,1352
1355,1347
1365,1335
1358,1375
1343,1379
1337,1357
1336,1354
1345,1345
1328,1335
1349,1349
1343,1348
1329,1364
1341,1345
1346,1364
1329,1368
1330,1358
1310,1350
1337,1347
1329,1341
1359,1367
1345,1339
1327,1356
1379,1346
1335,1343
1360,1355
1352,1345
1335,1350
1342,1365
1328,1367
1328,1353
1320,1368
1343,1351
1352,1350
1342,1384
1351,1336
1357,1373
1375,1399
1365,1390
1342,1378
1364,1372
1368,1379
1342,1372
1363,1347
1361,1368
1382,1370
1358,1400
1363,1406
1365,1398
1371,1407
1374,1375
1386,1382
1372,1396
1374,1392
1387,1416
1390,1412
1414,1395
1380,1418
1379,1412
1391,1433
1383,1426
1426,1409
1399,1436
1402,1412
1441,1419
1412,1455
1402,1430
1389,1439
1423,1442
1428,1448
1434,1433
1448,1461
1412,1487
1451,1477
1433,1467
1439,1445
1449,1491
1468,1470
1449,1483
1443,1467
1456,1479
1414,1454
1472,1487
1464,1489
1477,1510
1460,1491
1477,1502
1485,1520
1458,1499
1504,1507
1479,1502
1498,1492
1476,1508
1522,1521
1515,1504
1503,1490
1482,1492
1471,1516
1473,1517
1525,1530
1521,1514
1493,1523
1529,1531
1526,1528
1525,1531
1514,1525
1534,1550
1524,1529
1498,1526
1516,1513
1507,1542
1517,1547
1543,1550
1544,1520
1570,1534
1535,1536
1550,1554
1550,1543
1563,1541
1540,1515
1525,1550
1558,1534
1574,1546
1564,1544
1570,1578
1548,1550
1558,1538
1571,1539
1569,1542
1547,1550
1555,1543
1570,1548
1532,1544
1557,1540
1592,1539
1565,1535
1555,1543
1522,1566
1558,1578
1596,1537
1582,1561
1554,1562
1558,1526
1560,1535
1542,1540
1527,1545
1565,1528
1577,1536
1529,1546
1573,1529
1555,1509
1534,1548
1539,1535
1551,1531
1566,1515
1536,1529
1573,1514
1537,1538
1560,1539
1528,1511
1532,1541
1524,1509
1551,1480
1503,1475
1531,1516
1526,1528
1529,1503
1529,1497
1531,1495
1523,1494
1541,1466
1518,1497
1530,1490
1486,1474
1510,1471
1499,1504
1515,1459
1467,1467
1502,1469
1493,1484
1477,1477
1515,1488
1487,1495
1459,1445
1478,1455
1483,1470
1471,1430
1485,1442
1451,1445
1464,1447
1475,1438
1462,1436
1456,1439
1416,1457
1441,1431
1431,1436
1451,1443
1436,1423
1462,1460
1415,1397
1437,1420
1428,1421
1417,1426
1409,1399
1407,1396
1444,1422
1451,1442
1425,1405
1419,1401
1401,1394
1412,1396
1386,1362
1362,1382
1381,1388
1419,1398
1390,1373
1382,1376
1410,1398
1389,1411
1378,1389
1365,1368
1388,1367
1386,1383
1374,1359
1369,1392
1370,1359
1360,1354
1360,1366
1340,1354
1353,1356
1325,1340
1359,1351
1369,1354
1354,1386
1337,1359
1369,1372
1362,1324
1360,1359
1354,1348
1344,1357
1347,1333
1353,1348
1312,1351
1343,1358
1364,1370
1336,1336
1314,1366
1361,1335
1350,1344
1336,1350
1349,1346
1328,1351
1323,1348
1325,1377
1338,1357
1349,1351
1361,1357
1351,1343
1330,1347
1356,1351
1340,1342
1351,1388
1322,1349
1307,1350
1344,1350
1333,1358
1354,1344
1341,1353
1358,1375
1369,1355
1355,1386
1326,1355
1372,1373
1346,1381
1349,1381
1351,1391
1384,1386
1327,1373
1392,1403
1384,1377
1389,1388
1336,1392
1356,1403
1385,1377
1381,1402
1404,1416
1399,1396
1377,1403
1391,1410
1373,1405
1383,1415
1400,1388
1363,1423
1370,1391
1389,1420
1405,1415
1381,1433
1407,1432
1413,1421
1403,1448
1433,1440
1412,1467
1429,1441
1420,1424
1413,1421
1437,1447
1422,1457
1456,1443
1417,1434
1422,1435
1440,1459
1422,1449
1431,1468
1416,1458
1463,1447
1465,1452
1431,1485
1475,1452
1451,1484
1467,1466
1450,1485
1470,1470
1477,1493
1483,1475
1476,1467
1472,1491
1480,1493
1472,1501
1491,1495
1534,1491
1510,1512
1484,1515
1481,1472
1521,1502
1480,1506
1510,1506
1530,1539
1526,1526
1507,1506
1518,1516
1541,1501
1519,1535
1508,1503
1556,1517
1517,1521
1530,1552
1550,1527
1522,1535
1541,1541
1552,1525
1544,1538
1531,1527
1533,1540
1526,1572
1538,1542
1501,1529
1535,1525
1531,1544
1541,1553
1560,1540
1580,1531
1524,1571
1546,1550
1547,1555
1561,1547
1535,1569
1529,1527
1564,1547
1558,1552
1568,1559
1551,1536
1553,1539
1562,1552
1573,1542
1525,1541
1562,1548
1545,1537
1544,1532
1568,1554
1588,1533
1544,1523
1570,1544
1547,1556
1558,1537
1571,1532
1540,1513
1543,1573
1547,1533
1560,1542
1558,1530
1534,1535
1541,1519
1555,1506
1553,1527
1540,1521
1536,1510
1529,1514
1546,1512
1529,1504
1553,1527
1503,1519
1534,1521
1547,1506
1525,1498
1520,1508
1535,1499
1526,1491
1553,1490
1520,1522
1506,1503
1528,1471
1509,1486
1518,1487
1495,1471
1504,1490
1485,1512
1487,1504
1514,1468
1470,1490
1507,1480
1489,1462
1489,1446
1444,1463
1442,1437
1462,1458
1491,1466
1473,1449
1460,1445
1475,1459
1436,1461
1469,1429
1465,1420
1466,1466
1450,1414
1440,1428
1438,1421
1437,1428
1439,1410
1414,1428
1418,1411
1437,1396
1400,1439
1452,1413
1408,1405
1442,1419
1415,1388
1401,1397
1436,1406
1408,1405
1438,1416
1409,1400
1365,1400
1392,1373
1407,1361
1391,1392
1394,1395
1395,1385
1371,1377
1389,1378
1420,1392
1369,1394
1378,1364
1380,1380
1382,1354
1376,1340
1363,1356
1363,1350
1377,1364
1340,1351
1352,1352
1330,1361
1332,1364
1381,1389
1350,1357
1378,1351
1385,1340
1349,1363
1344,1357
1380,1342
1358,1340
1359,1373
1318,1362
1358,1351
1359,1366
1360,1358
1356,1347
1338,1369
1357,1358
1339,1351
1354,1346
1373,1365
1343,1346
1367,1352
1321,1378
1396,1353
1359,1357
1343,1354
1339,1369
1349,1366
1353,1332
1357,1382
1354,1356
1326,1372
1356,1361
1366,1351
1327,1352
1358,1394
1346,1390
1324,1389
1366,1378
1388,1371
1336,1351
1374,1366
1375,1401
1340,1346
1357,1412
1361,1387
1360,1374
1373,1408
1361,1406
1362,1387
1386,1391
1364,1388
1376,1412
1396,1423
1367,1404
1366,1388
1408,1409
1386,1425
1396,1421
1371,1413
1382,1411
1373,1422
1412,1432
1396,1403
1433,1428
1375,1417
1413,1443
1411,1436
1397,1424
1414,1442
1420,1434
1428,1467
1412,1439
1450,1459
1437,1451
1427,1457
1417,1445
1424,1480
1468,1444
1429,1436
1447,1476
1456,1482
1453,1476
1453,1454
1464,1465
1439,1456
1502,1479
1478,1498
1443,1491
1485,1501
1494,1503
1486,1504
1474,1504
1492,1478
1482,1498
1511,1466
1501,1496
1505,1509
1524,1488
1497,1501
1490,1529
1506,1493
1489,1505
1496,1527
1532,1493
1519,1537
1511,1538
1508,1532
1509,1516
1530,1527
1526,1528
1544,1530
1513,1522
1501,1538
1563,1554
1530,1532
1523,1538
1552,1538
1525,1536
1542,1533
1513,1543
1564,1551
1534,1536
1546,1536
1528,1547
1559,1533
1539,1561
1569,1549
1545,1558
1553,1554
1578,1542
1578,1583
1562,1541
1561,1561
1565,1529
1552,1527
1540,1551
1550,1547
1494,1571
1546,1525
1574,1539
1559,1543
1563,1539
1545,1526
1537,1542
1551,1538
1526,1526
1551,1546
1578,1544
1555,1547
1547,1581
1573,1520
1572,1539
1537,1550
1556,1532
1580,1522
1552,1539
1544,1533
1514,1552
1539,1543
1521,1532
1534,1539
1547,1534
1547,1525
1527,1522
1526,1493
1509,1501
1518,1526
1536,1512
1536,1498
1524,1499
1540,1509
1517,1496
1486,1489
1497,1506
1494,1478
1504,1489
1512,1494
1477,1482
1462,1458
1475,1487
1507,1460
1509,1473
1506,1466
1506,1487
1513,1445
1500,1458
1492,1471
1495,1461
1496,1432
1463,1454
1481,1436
1480,1445
1471,1465
1482,1439
1456,1439
1466,1474
1479,1435
1450,1431
1436,1438
1456,1434
1419,1416
1472,1414
1432,1410
1401,1430
1436,1426
1431,1405
1429,1405
1444,1405
1436,1395
1424,1367
1401,1410
1413,1408
1454,1421
1398,1387
1390,1365
1389,1368
1413,1369
1418,1379
1398,1367
1377,1369
1380,1377
1403,1381
1408,1394
1371,1347
1389,1373
1378,1391
1381,1380
1396,1386
1376,1357
1391,1395
1344,1384
1377,1378
1357,1352
1382,1338
1379,1351
1363,1373
1363,1373
1361,1367
1378,1342
1337,1374
1358,1372
1345,1367
1380,1346
1353,1382
1349,1384
1358,1343
1329,1360
1338,1325
1337,1366
1342,1353
1317,1378
1344,1343
1351,1344
1342,1364
1330,1352
1369,1372
1314,1353
1351,1386
1352,1364
1350,1364
1357,1371
1345,1369
1350,1354
1336,1353
1351,1377
1337,1367
1339,1354
1334,1374
1337,1365
1353,1359
1335,1387
1335,1348
1355,1386
1325,1369
1366,1385
1361,1391
1376,1375
1350,1380
1350,1378
1372,1393
1371,1372
1356,1384
1393,1396
1370,1381
1366,1417
1382,1377
1366,1393
1372,1412
1369,1401
1341,1407
1393,1372
1402,1391
1370,1441
1378,1413
1381,1404
1388,1428
1393,1419
1387,1414
1369,1420
1421,1405
1394,1426
1402,1436
1397,1433
1415,1458
1435,1453
1440,1417
1443,1451
1417,1459
1436,1441
1410,1459
1446,1439
1420,1443
1448,1449
1409,1468
1450,1457
1443,1478
1425,1481
1454,1472
1456,1473
1441,1492
1469,1480
1451,1499
1475,1478
1472,1458
1448,1489
1515,1500
1465,1500
1482,1497
1473,1501
1518,1484
1501,1490
1478,1530
1500,1511
1472,1483
1516,1529
1496,1504
1480,1495
1490,1506
1493,1523
1512,1512
1493,1495
1512,1512
1495,1508
1496,1535
1525,1509
1509,1502
1528,1531
1504,1538
1517,1553
1542,1530
1550,1516
1520,1527
1508,1534
1526,1536
1525,1544
1516,1557
1524,1545
1547,1548
1558,1549
1540,1525
1535,1547
1533,1539
1578,1541
1544,1551
1568,1537
1529,1574
1545,1543
1528,1538
1524,1518
1559,1553
1560,1540
1531,1539
1544,1521
1567,1542
1548,1546
1570,1548
1561,1542
1557,1545
1535,1536
1550,1531
1549,1548
1543,1521
1511,1552
1543,1517
1535,1524
1550,1548
1547,1521
1562,1532
1554,1518
1529,1520
1552,1526
1540,1521
1552,1526
1524,1540
1569,1518
1528,1506
1549,1520
1538,1524
1513,1510
1564,1516
1550,1506
1531,1497
1515,1515
1553,1483
1526,1518
1509,1524
1536,1503
1515,1509
1521,1513
1510,1466
1501,1472
1513,1517
1464,1491
1482,1491
1516,1497
1497,1486
1526,1484
1480,1463
1448,1467
1516,1474
1469,1471
1470,1443
1506,1448
1477,1451
1465,1448
1468,1448
1447,1471
1482,1459
1473,1430
1446,1442
1467,1439
1453,1456
1478,1455
1468,1443
1432,1430
1440,1421
1476,1487
1433,1458
1431,1414
1465,1423
1442,1425
1441,1422
1418,1413
1423,1429
1434,1397
1417,1401
1436,1402
1403,1399
1433,1384
1406,1371
1426,1406
1406,1390
1415,1386
1413,1401
1383,1375
1380,1386
1421,1394
1368,1394
1407,1375
1366,1352
1425,1387
1367,1384
1385,1359
1406,1373
1378,1369
1368,1357
1371,1391
1403,1364
1384,1390
1375,1379
1364,1361
1361,1369
1364,1343
1387,1350
1336,1372
1352,1359
1340,1354
1394,1338
1346,1368
1350,1347
1369,1350
1346,1381
1358,1354
1330,1356
1308,1357
1343,1362
1336,1373
1362,1351
1334,1347
1325,1331
1346,1379
1351,1328
1386,1369
1339,1365
1376,1370
1353,1369
1314,1337
1362,1379
1375,1363
1354,1371
1391,1357
1366,1353
1364,1355
1341,1357
1352,1367
1325,1389
1380,1347
1357,1393
1365,1401
1347,1352
1373,1365
1352,1374
1361,1341
1381,1372
1353,1372
1377,1383
1360,1387
1359,1379
1405,1395
1380,1379
1370,1382
1367,1426
1399,1390
1379,1405
1364,1388
1358,1389
1350,1422
1391,1420
1357,1391
1411,1396
1384,1400
1386,1399
1405,1384
1410,1413
1391,1405
1417,1398
1409,1415
1410,1439
1397,1445
1399,1427
1426,1444
1415,1443
1433,1453
1430,1440
1448,1426
1419,1451
1437,1434
1420,1440
1444,1440
1445,1440
1438,1462
1426,1461
1448,1454
1457,1480
1460,1473
1433,1453
1444,1482
1465,1490
1472,1455
1454,1487
1471,1465
1457,1482
1473,1498
1482,1505
1475,1485
1513,1494
1477,1499
1513,1505
1482,1498
1466,1487
1493,1512
1498,1512
1498,1503
1499,1514
1509,1514
1495,1530
1532,1537
1481,1516
1516,1520
1502,1544
1494,1518
1533,1535
1550,1518
1546,1546
1551,1486
1542,1539
1536,1547
1533,1524
1544,1522
1542,1539
1540,1537
1545,1524
1531,1535
1519,1542
1510,1545
1532,1554
1546,1551
1546,1525
1565,1519
1527,1543
1544,1503
1529,1539
1515,1555
1576,1554
1536,1534
1550,1546
1541,1559
1567,1551
1581,1529
1545,1526
1543,1550
1551,1532
1531,1519
1566,1556
1547,1544
1581,1538
1554,1536
1530,1572
1526,1535
1546,1539
1575,1544
1547,1556
1548,1516
1560,1517
1557,1526
1560,1537
1554,1531
1538,1550
1536,1526
1541,1515
1563,1516
1526,1529
1512,1516
1531,1549
1512,1513
1534,1505
1544,1514
1550,1511
1529,1505
1525,1494
1534,1536
1536,1527
1531,1511
1527,1486
1548,1487
1511,1484
1517,1491
1518,1490
1503,1515
1514,1486
1501,1513
1521,1476
1515,1492
1487,1509
1469,1468
1483,1475
1480,1463
1478,1480
1483,1471
1494,1442
1458,1442
1476,1441
1484,1452
1458,1456
1488,1449
1446,1464
1459,1423
1507,1435
1469,1420
1449,1413
1441,1444
1468,1437
1454,1417
1453,1420
1453,1419
1441,1437
1432,1409
1449,1416
1410,1421
1459,1405
1420,1411
1432,1444
1398,1401
1438,1396
1427,1384
1397,1413
1417,1415
1421,1401
1407,1401
1396,1376
1415,1380
1417,1416
1405,1395
1419,1402
1374,1388
1408,1383
1402,1385
1383,1379
1423,1371
1390,1371
1385,1397
1388,1381
1393,1354
1387,1364
1386,1383
1351,1342
1385,1373
1390,1355
1393,1378
1343,1375
1325,1357
1385,1343
1360,1369
1369,1364
1334,1344
1376,1361
1384,1345
1353,1392
1321,1331
1356,1339
1333,1366
1350,1371
1402,1365
1371,1336
1356,1363
1361,1343
1341,1361
1363,1348
1345,1343
1347,1345
1340,1385
1341,1360
1332,1364
1321,1372
1381,1368
1370,1376
1366,1359
1360,1362
1331,1364
1328,1390
1357,1371
1377,1370
1349,1375
1362,1375
1344,1378
1348,1358
1324,1348
1369,1390
1355,1375
1362,1379
1354,1357
1375,1365
1367,1380
1369,1390
1358,1364
1379,1368
1346,1366
1386,1416
1367,1400
1386,1379
1384,1391
1358,1397
1375,1405
1359,1415
1384,1409
1389,1397
1382,1406
1423,1392
1396,1418
1387,1420
1402,1404
1404,1420
1436,1412
1365,1419
1409,1436
1421,1435
1407,1433
1402,1440
1394,1445
1440,1421
1428,1459
1434,1426
1420,1467
1424,1443
1391,1473
1430,1471
1428,1445
1431,1469
1431,1453
1442,1454
1450,1463
1469,1452
1458,1497
1445,1503
1433,1508
1477,1494
1425,1504
1465,1509
1458,1503
1428,1472
1464,1503
1493,1486
1503,1481
1498,1509
1511,1491
1503,1506
1495,1510
1491,1505
1518,1526
1510,1470
1506,1507
1499,1492
1504,1515
1506,1511
1489,1503
1499,1500
1524,1534
1532,1543
1504,1515
1539,1506
1532,1517
1552,1527
1538,1511
1551,1529
1511,1535
1550,1534
1532,1507
1526,1539
1541,1522
1556,1520
1564,1550
1550,1548
1549,1530
1540,1539
1532,1533
1586,1542
1553,1559
1541,1538
1535,1526
1557,1535
1546,1532
1549,1525
1549,1518
1536,1519
1537,1558
1543,1545
1557,1550
1525,1528
1571,1543
1562,1528
1536,1525
1548,1539
1546,1539
1557,1545
1564,1541
1573,1522
1560,1545
1541,1509
1563,1546
1546,1537
1542,1523
1529,1546
1537,1521
1538,1539
1538,1502
1558,1532
1567,1516
1562,1519
1547,1518
1519,1536
1524,1503
1545,1524
1545,1512
1537,1527
1528,1519
1533,1503
1560,1501
1540,1542
1535,1511
1511,1513
1542,1505
1495,1507
1553,1491
1515,1495
1507,1487
1499,1481
1519,1496
1521,1492
1504,1483
1530,1475
1527,1491
1495,1445
1480,1486
1482,1476
1493,1465
1469,1442
1499,1471
1496,1463
1486,1442
1490,1460
1466,1441
1478,1469
1461,1460
1479,1463
1457,1447
1510,1431
1452,1435
1453,1453
1458,1456
1461,1432
1468,1421
1457,1439
1426,1415
1445,1434
1444,1423
1431,1411
1434,1433
1413,1394
1437,1419
1413,1407
1384,1415
1409,1428
1408,1398
1395,1392
1442,1403
1407,1403
1424,1396
1385,1401
1436,1383
1376,1400
1399,1389
1384,1372
1374,1380
1401,1399
1384,1385
1401,1385
1379,1381
1395,1373
1381,1358
1378,1383
1402,1372
1382,1351
1369,1351
1344,1357
1375,1376
1362,1355
1386,1348
1344,1375
1362,1374
1365,1365
1372,1347
1355,1376
1349,1355
1327,1374
1344,1379
1344,1357
1339,1366
1394,1350
1353,1373
1351,1358
1319,1359
1341,1363
1350,1357
1330,1377
1355,1350
1327,1358
1346,1351
1348,1378
1365,1387
1347,1372
1375,1369
1351,1353
1341,1342
1350,1380
1328,1365
1338,1367
1320,1359
1356,1396
1363,1360
1348,1363
1345,1371
1394,1376
1350,1356
1331,1359
1364,1363
1344,1357
1350,1383
1380,1381
1361,1364
1346,1366
1339,1391
1381,1395
1363,1401
1372,1362
1354,1394
1383,1383
1361,1387
1407,1383
1350,1404
1397,1402
1377,1414
1390,1415
1361,1399
1385,1413
1411,1396
1357,1400
1379,1406
1370,1392
1401,1420
1375,1416
1428,1427
1388,1455
1393,1432
1417,1430
1410,1434
1388,1463
1389,1437
1399,1454
1409,1420
1443,1431
1420,1473
1423,1457
1446,1449
1445,1472
1451,1443
1446,1471
1440,1437
1463,1461
1479,1462
1440,1455
1434,1466
1451,1454
1476,1469
1439,1470
1443,1489
1479,1504
1465,1507
1489,1466
1498,1486
1486,1472
1491,1482
1482,1483
1513,1491
1525,1497
1499,1495
1488,1494
1487,1507
1501,1519
1506,1503
1493,1508
1479,1522
1508,1512
1521,1506
1502,1521
1515,1511
1528,1534
1489,1529
1547,1504
1527,1518
1523,1540
1567,1541
1526,1535
1524,1514
1524,1510
1536,1539
1557,1548
1500,1524
1523,1537
1514,1543
1546,1527
1511,1489
1539,1544
1562,1532
1564,1530
1512,1556
1541,1550
1563,1544
1569,1537
1539,1558
1551,1556
1559,1516
1528,1517
1533,1548
1554,1557
1535,1550
1542,1538
1572,1539
1539,1546
1527,1522
1521,1537
1549,1540
1536,1547
1551,1531
1520,1527
1527,1522
1532,1519
1564,1552
1543,1535
1521,1532
1554,1531
1518,1523
1568,1530
1552,1557
1541,1504
1550,1512
1532,1530
1527,1518
1550,1530
1530,1487
1551,1520
1526,1510
1547,1526
1540,1503
1541,1499
1526,1501
1539,1500
1529,1500
1531,1503
1513,1482
1529,1505
1531,1490
1541,1500
1496,1483
1483,1474
1511,1487
1482,1475
1496,1487
1482,1472
1508,1459
1498,1488
1492,1480
1503,1458
1483,1458
1482,1459
1491,1472
1478,1458
1471,1435
1462,1472
1451,1464
1450,1456
1451,1452
1470,1461
1473,1454
1463,1453
1474,1428
1407,1461
1470,1444
1454,1456
1461,1425
1469,1425
1444,1414
1387,1426
1426,1444
1436,1423
1432,1420
1410,1404
1444,1411
1389,1409
1419,1401
1407,1416
1432,1420
1405,1393
1402,1396
1403,1407
1406,1401
1399,1412
1426,1387
1369,1385
1383,1379
1392,1376
1406,1384
1402,1380
1391,1374
1379,1349
1388,1388
1353,1382
1366,1398
1391,1361
1385,1363
1392,1383
1384,1364
1374,1388
1365,1369
1357,1361
1357,1368
1350,1386
1373,1344
1367,1349
1379,1383
1370,1355
1355,1363
1347,1371
1330,1361
1343,1353
1371,1353
1364,1365
1362,1324
1345,1359
1363,1382
1356,1347
1319,1373
1339,1361
1345,1373
1352,1341
1348,1365
1373,1400
1347,1354
1314,1347
1367,1368
1338,1345
1353,1349
1333,1377
1353,1354
1361,1345
1374,1378
1388,1389
1373,1383
1348,1389
1347,1362
1361,1358
1328,1385
1345,1374
1354,1389
1367,1385
1363,1365
1339,1412
1370,1385
1350,1394
1361,1387
1367,1380
1353,1391
1388,1375
1368,1403
1382,1382
1409,1387
1367,1408
1384,1394
1373,1407
1398,1394
1404,1392
1366,1426
1399,1430
1402,1427
1383,1414
1382,1441
1411,1405
1378,1409
1394,1425
1400,1426
1392,1415
1434,1438
1416,1420
1399,1436
1425,1442
1426,1459
1446,1429
1425,1436
1413,1439
1420,1452
1437,1430
1458,1464
1436,1471
1426,1492
1438,1458
1448,1463
1431,1451
1454,1476
1452,1477
1437,1498
1446,1465
1482,1455
1461,1483
1460,1486
1482,1480
1476,1477
1492,1507
1484,1463
1461,1497
1455,1500
1501,1513
1459,1504
1480,1502
1500,1509
1506,1535
1505,1473
1507,1512
1486,1486
1485,1526
1508,1516
1495,1501
1514,1543
1505,1526
1530,1515
1542,1521
1511,1499
1486,1533
1501,1511
1516,1513
1547,1529
1526,1521
1540,1515
1537,1559
1515,1525
1549,1556
1564,1517
1521,1531
1508,1543
1532,1543
1553,1543
1581,1548
1532,1540
1554,1526
1538,1558
1543,1544
1567,1508
1531,1555
1542,1563
1557,1530
1542,1532
1567,1557
1555,1525
1542,1531
1557,1541
1556,1549
1562,1572
1528,1535
1577,1532
1573,1533
1546,1529
1555,1542
1533,1542
1557,1527
1564,1533
1547,1543
1545,1537
1528,1521
1539,1521
1516,1541
