ch1,ch2
1589,1667
1641,1676
1621,1666
1667,1729
1720,1739
1755,1749
1739,1745
1739,1798
1773,1775
1803,1765
1797,1797
1841,1831
1801,1751
1799,1791
1829,1815
1796,1792
1793,1814
1810,1779
1798,1716
1787,1697
1781,1735
1725,1742
1724,1691
1728,1667
1711,1656
1644,1672
1650,1556
1673,1563
1593,1570
1599,1532
1545,1511
1490,1495
1471,1483
1510,1430
1442,1376
1494,1424
1426,1429
1402,1387
1381,1410
1395,1384
1350,1392
1377,1384
1367,1363
1353,1396
1357,1406
1400,1417
1416,1434
1418,1417
1407,1456
1456,1511
1465,1533
1471,1534
1516,1542
1550,1604
1569,1619
1565,1640
1620,1676
1631,1696
1652,1681
1707,1723
1735,1757
1734,1742
1738,1767
1814,1792
1808,1792
1806,1852
1804,1835
1833,1824
1825,1830
1859,1798
1812,1790
1847,1827
1836,1805
1804,1764
1794,1773
1781,1757
1755,1731
1734,1701
1726,1689
1740,1669
1689,1651
1656,1602
1660,1602
1586,1576
1588,1547
1530,1501
1543,1502
1497,1477
1467,1452
1483,1435
1444,1429
1401,1394
1419,1398
1357,1402
1374,1379
1397,1397
1399,1391
1339,1389
1323,1382
1353,1398
1392,1418
1363,1452
1395,1452
1449,1468
1410,1479
1451,1484
1485,1514
1487,1556
1547,1571
1547,1576
1571,1634
1621,1696
1637,1682
1664,1714
1628,1697
1744,1719
1701,1724
1722,1790
1760,1761
1814,1819
1795,1799
1813,1814
1836,1808
1833,1788
1813,1786
1853,1817
1837,1828
1862,1766
1807,1803
1814,1758
1788,1741
1772,1751
1776,1711
1735,1717
1708,1659
1681,1644
1642,1589
1644,1593
1631,1596
1615,1536
1523,1530
1541,1519
1540,1490
1494,1475
1451,1419
1421,1413
1426,1434
1408,1393
1375,1400
1426,1405
1365,1389
1404,1417
1388,1392
1369,1399
1338,1416
1414,1428
1383,1441
1439,1442
1420,1455
1428,1488
1471,1505
1500,1525
1503,1541
1506,1545
1521,1590
1591,1614
1661,1609
1611,1646
1621,1680
1665,1727
1729,1717
1695,1732
1745,1765
1801,1812
1810,1798
1798,1802
1807,1800
1814,1821
1817,1826
1842,1801
1833,1843
1843,1815
1827,1810
1815,1786
1823,1740
1756,1775
1762,1752
1756,1712
1724,1686
1701,1664
1700,1643
1666,1624
1647,1581
1640,1556
1621,1567
1588,1554
1512,1491
1507,1470
1484,1463
1472,1451
1459,1456
1397,1383
1408,1408
1386,1349
1347,1405
1338,1395
1373,1359
1379,1399
1338,1421
1342,1409
1377,1409
1378,1430
1374,1444
1402,1437
1432,1457
1476,1505
1458,1538
1490,1533
1466,1563
1519,1558
1582,1611
1616,1643
1599,1633
1643,1704
1664,1750
1736,1747
1738,1741
1763,1757
1758,1813
1788,1803
1804,1801
1858,1828
1808,1784
1846,1825
1858,1811
1832,1828
1819,1808
1819,1805
1823,1794
1822,1778
1804,1771
1809,1709
1761,1713
1752,1697
1723,1646
1699,1646
1653,1622
1667,1572
1622,1574
1567,1558
1563,1520
1511,1462
1482,1484
1506,1493
1455,1455
1416,1439
1422,1413
1401,1402
1352,1381
1364,1355
1362,1340
1338,1359
1357,1410
1350,1375
1408,1397
1345,1422
1394,1437
1379,1434
1429,1434
1414,1475
1437,1493
1438,1521
1484,1555
1523,1564
1528,1574
1611,1602
1599,1625
1642,1649
1662,1705
1703,1698
1751,1731
1713,1732
1738,1796
1770,1786
1787,1807
1795,1796
1845,1815
1852,1819
1787,1817
1833,1838
1871,1807
1840,1808
1846,1796
1839,1809
1810,1775
1825,1726
1807,1752
1767,1728
1691,1681
1697,1658
1675,1651
1679,1593
1649,1579
1669,1570
1562,1556
1528,1508
1544,1474
1507,1442
1494,1471
1441,1464
1421,1432
1384,1417
1384,1354
1397,1380
1373,1397
1359,1375
1373,1354
1356,1355
1373,1412
1337,1422
1363,1438
1347,1447
1399,1433
1406,1458
1418,1470
1487,1507
1445,1503
1519,1550
1531,1579
1592,1602
1553,1625
1612,1663
1660,1680
1659,1679
1669,1716
1733,1752
1755,1778
1744,1780
1789,1781
1792,1789
1832,1811
1824,1798
1844,1832
1833,1833
1836,1836
1823,1837
1823,1782
1832,1816
1832,1766
1816,1776
1772,1756
1780,1760
1741,1714
1741,1685
1717,1620
1665,1624
1675,1631
1621,1564
1576,1562
1571,1551
1511,1494
1545,1469
1483,1439
1448,1429
1410,1431
1400,1418
1412,1379
1402,1365
1399,1373
1380,1350
1366,1367
1334,1382
1337,1373
1375,1407
1369,1373
1376,1431
1391,1425
1432,1460
1385,1421
1446,1503
1475,1513
1477,1567
1484,1555
1559,1589
1525,1601
1606,1622
1607,1697
1599,1667
1658,1711
1678,1723
1706,1755
1760,1793
1802,1762
1789,1786
1843,1823
1863,1795
1870,1821
1822,1797
1846,1837
1868,1811
1852,1837
1820,1823
1840,1793
1856,1782
1807,1795
1770,1729
1752,1753
1713,1716
1741,1680
1692,1637
1668,1628
1648,1586
1564,1597
1584,1496
1558,1526
1524,1520
1513,1451
1461,1434
1448,1402
1404,1423
1387,1356
1406,1408
1378,1333
1369,1380
1329,1359
1343,1341
1349,1324
1354,1386
1330,1392
1370,1401
1386,1424
1380,1413
1406,1462
1407,1475
1402,1512
1475,1525
1448,1549
1519,1578
1526,1633
1570,1646
1631,1642
1636,1656
1649,1685
1682,1724
1737,1727
1726,1770
1763,1773
1824,1805
1800,1822
1794,1806
1782,1814
1878,1805
1825,1788
1861,1846
1826,1804
1854,1791
1869,1808
1843,1773
1821,1744
1801,1775
1755,1710
1750,1705
1709,1712
1705,1669
1648,1672
1676,1615
1612,1558
1628,1561
1599,1521
1546,1483
1495,1474
1483,1437
1449,1418
1437,1449
1390,1398
1397,1412
1352,1390
1358,1367
1369,1357
1353,1386
1335,1355
1339,1374
1342,1408
1349,1402
1304,1437
1365,1418
1415,1474
1392,1487
1428,1490
1454,1528
1468,1542
1512,1547
1576,1599
1533,1619
1587,1654
1662,1663
1666,1680
1675,1709
1690,1754
1743,1742
1755,1783
1801,1818
1824,1805
1832,1802
1813,1808
1817,1800
1846,1835
1862,1862
1879,1821
1848,1812
1884,1783
1839,1789
1809,1780
1824,1738
1787,1751
1777,1713
1751,1679
1714,1676
1686,1632
1661,1595
1638,1597
1585,1586
1543,1526
1550,1463
1550,1514
1480,1445
1432,1457
1484,1418
1456,1418
1367,1388
1393,1418
1354,1395
1392,1400
1344,1370
1337,1388
1335,1369
1368,1355
1361,1420
1376,1412
1372,1429
1375,1443
1404,1450
1447,1502
1461,1546
1484,1543
1492,1587
1493,1586
1550,1606
1577,1649
1645,1645
1653,1662
1670,1706
1746,1765
1771,1767
1767,1807
1821,1767
1799,1789
1847,1800
1830,1824
1862,1818
1824,1840
1870,1845
1863,1817
1865,1846
1811,1837
1833,1787
1833,1784
1831,1733
1777,1729
1768,1697
1747,1710
1701,1701
1684,1652
1692,1623
1670,1575
1569,1609
1614,1551
1520,1477
1493,1467
1499,1445
1478,1437
1416,1438
1431,1414
1395,1317
1371,1358
1325,1392
1343,1366
1383,1366
1312,1374
1334,1365
1389,1364
1341,1375
1350,1384
1353,1415
1374,1443
1423,1474
1423,1474
1451,1492
1485,1576
1518,1555
1517,1588
1546,1605
1573,1651
1617,1676
1686,1678
1660,1720
1693,1755
1758,1800
1753,1769
1802,1790
1792,1800
1842,1809
1856,1796
1815,1821
1869,1845
1858,1893
1889,1815
1837,1827
1815,1823
1873,1808
1807,1772
1814,1748
1788,1699
1797,1727
1763,1716
1739,1635
1733,1667
1660,1624
1640,1556
1621,1589
1606,1530
1524,1483
1564,1522
1504,1455
1426,1419
1433,1425
1423,1390
1357,1399
1366,1406
1358,1405
1343,1355
1343,1345
1323,1385
1338,1386
1332,1369
1374,1376
1359,1416
1357,1461
1383,1444
1365,1422
1376,1517
1487,1509
1441,1505
1502,1544
1546,1569
1571,1631
1606,1630
1592,1650
1641,1727
1659,1716
1733,1760
1717,1744
1756,1785
1779,1809
1820,1793
1839,1818
1848,1835
1869,1802
1852,1806
1880,1817
1865,1829
1856,1801
1837,1802
1831,1814
1812,1739
1839,1761
1742,1731
1793,1716
1733,1696
1688,1688
1679,1641
1647,1587
1593,1583
1581,1580
1545,1517
1553,1488
1515,1494
1483,1430
1466,1413
1398,1406
1376,1406
1420,1393
1381,1357
1357,1368
1347,1369
1328,1373
1369,1350
1366,1393
1354,1364
1354,1398
1338,1394
1417,1428
1371,1434
1410,1486
1427,1488
1510,1515
1480,1527
1513,1570
1569,1571
1572,1621
1583,1640
1604,1621
1682,1703
1706,1734
1709,1763
1742,1734
1785,1784
1765,1811
1781,1791
1817,1842
1821,1827
1823,1821
1860,1853
1889,1832
1814,1812
1883,1805
1828,1794
1831,1784
1831,1781
1753,1750
1789,1740
1758,1709
1747,1681
1705,1668
1653,1666
1647,1600
1601,1597
1598,1568
1555,1567
1531,1510
1502,1461
1475,1467
1484,1427
1428,1430
1384,1417
1392,1394
1389,1384
1342,1342
1358,1374
1366,1345
1333,1370
1362,1369
1337,1381
1365,1377
1372,1405
1397,1407
1388,1463
1373,1461
1470,1473
1465,1523
1490,1549
1498,1552
1571,1596
1552,1640
1594,1631
1642,1679
1664,1711
1697,1696
1725,1722
1752,1783
1784,1775
1826,1814
1801,1791
1833,1845
1842,1822
1841,1845
1809,1843
1850,1829
1868,1831
1828,1783
1859,1835
1846,1785
1833,1770
1780,1749
1750,1719
1751,1713
1719,1725
1727,1635
1671,1620
1678,1609
1601,1556
1598,1555
1560,1533
1507,1472
1520,1472
1466,1451
1458,1427
1418,1403
1403,1384
1402,1375
1380,1355
1383,1349
1374,1372
1316,1378
1350,1379
1331,1382
1339,1402
1367,1401
1358,1413
1332,1403
1429,1472
1421,1437
1429,1521
1478,1517
1469,1561
1537,1542
1549,1554
1572,1620
1579,1663
1634,1679
1690,1684
1693,1751
1652,1727
1734,1749
1826,1780
1792,1799
1817,1805
1845,1809
1847,1856
1822,1810
1867,1887
1854,1834
1864,1806
1847,1806
1818,1770
1846,1769
1831,1760
1785,1724
1823,1709
1760,1667
1739,1685
1689,1622
1691,1652
1638,1597
1617,1566
1586,1522
1557,1493
1561,1463
1460,1458
1515,1432
1465,1433
1435,1354
1392,1387
1347,1400
1346,1337
1347,1368
1356,1385
1363,1394
1351,1381
1342,1379
1346,1386
1345,1400
1380,1421
1406,1457
1419,1476
1401,1486
1476,1475
1524,1513
1493,1548
1507,1583
1561,1591
1571,1627
1631,1661
1676,1704
1690,1710
1726,1719
1715,1762
1786,1770
1784,1786
1792,1802
1799,1820
1838,1812
1852,1867
1873,1855
1882,1836
1850,1816
1824,1811
1852,1830
1827,1808
1799,1796
1836,1740
1800,1717
1751,1731
1708,1664
1718,1674
1691,1661
1663,1619
1640,1585
1577,1541
1583,1538
1532,1544
1523,1453
1459,1434
1450,1427
1454,1395
1388,1431
1417,1386
1377,1382
1361,1331
1327,1358
1345,1360
1368,1391
1348,1339
1310,1394
1342,1415
1379,1401
1401,1423
1333,1446
1429,1458
1438,1489
1469,1514
1442,1530
1514,1581
1547,1602
1593,1645
1573,1629
1621,1696
1711,1699
1735,1733
1694,1772
1744,1767
1775,1778
1829,1760
1823,1791
1790,1803
1856,1823
1839,1826
1828,1818
1867,1844
1868,1865
1829,1824
1845,1812
1825,1768
1811,1764
1798,1770
1800,1737
1777,1702
1744,1647
1694,1672
1685,1597
1692,1638
1629,1557
1595,1552
1559,1528
1534,1467
1497,1502
1510,1437
1432,1428
1427,1440
1429,1392
1387,1429
1368,1371
1381,1361
1337,1373
1320,1407
1349,1367
1338,1386
1355,1382
1395,1407
1366,1389
1357,1455
1404,1467
1404,1480
1435,1503
1470,1517
1509,1550
1511,1559
1538,1592
1582,1651
1603,1665
1667,1687
1640,1722
1728,1712
1751,1748
1759,1764
1799,1769
1787,1795
1807,1813
1815,1826
1867,1818
1881,1831
1845,1828
1831,1813
1882,1810
1821,1832
1834,1798
1841,1779
1814,1762
1782,1729
1769,1727
1731,1700
1743,1682
1697,1654
1640,1611
1644,1601
1627,1578
1586,1530
1562,1491
1526,1479
1482,1472
1455,1481
1408,1399
1392,1429
1378,1417
1360,1409
1371,1392
1364,1338
1332,1384
1316,1335
1356,1372
1366,1397
1413,1364
1362,1411
1375,1400
1444,1463
1417,1429
1422,1485
1459,1494
1486,1551
1547,1593
1547,1576
1593,1588
1589,1626
1644,1639
1671,1695
1684,1742
1718,1748
1732,1753
1754,1761
1807,1787
1818,1814
1852,1806
1804,1832
1834,1836
1863,1846
1870,1828
1859,1800
1843,1800
1846,1796
1817,1780
1823,1773
1803,1730
1813,1732
1766,1735
1760,1669
1713,1667
1716,1613
1639,1592
1599,1546
1613,1562
1556,1523
1549,1494
1503,1460
1502,1473
1424,1404
1397,1387
1399,1401
1402,1360
1355,1366
1328,1363
1359,1387
1351,1365
1339,1360
1379,1387
1369,1388
1352,1394
1358,1403
1373,1410
1416,1445
1430,1483
1423,1494
1453,1520
1484,1576
1526,1573
1561,1579
1586,1635
1633,1656
1689,1684
1696,1681
1703,1747
1743,1739
1717,1782
1804,1756
1774,1796
1817,1856
1842,1835
1841,1801
1876,1834
1855,1799
1865,1829
1819,1814
1817,1806
1857,1758
1821,1754
1789,1754
1786,1729
1770,1712
1733,1688
1727,1680
1689,1639
1674,1616
1627,1578
1638,1572
1576,1513
1559,1513
1520,1477
1456,1476
1435,1468
1445,1433
1435,1407
1433,1379
1394,1398
1408,1393
1335,1405
1355,1376
1330,1398
1333,1364
1348,1370
1324,1363
1358,1403
1421,1450
1412,1472
1402,1439
1407,1514
1437,1487
1487,1526
1499,1589
1518,1614
1594,1651
1568,1663
1640,1693
1678,1703
1678,1708
1708,1728
1758,1743
1794,1746
1747,1789
1779,1835
1801,1845
1858,1803
1838,1882
1796,1839
1884,1821
1822,1834
1846,1807
1813,1788
1863,1798
1811,1767
1811,1722
1738,1717
1754,1737
1741,1679
1730,1629
1715,1629
1620,1554
1646,1554
1584,1545
1567,1498
1515,1514
1509,1524
1484,1463
1454,1425
1471,1442
1393,1406
1372,1403
1373,1381
1399,1399
1359,1379
1340,1367
1366,1392
1363,1395
1371,1378
1359,1382
1383,1399
1371,1455
1375,1432
1385,1467
1443,1529
1440,1535
1468,1544
1538,1564
1564,1582
1596,1620
1629,1650
1640,1671
1643,1720
1672,1730
1718,1745
1751,1780
1744,1766
1755,1804
1809,1772
1822,1809
1863,1798
1831,1797
1811,1812
1855,1806
1845,1800
1808,1783
1786,1792
1797,1793
1806,1744
1822,1732
1804,1691
1750,1687
1721,1667
1666,1640
1669,1660
1626,1598
1645,1549
1591,1514
1550,1519
1568,1492
1465,1459
1458,1445
1430,1454
1422,1386
1374,1402
1436,1372
1398,1389
1341,1385
1370,1372
1324,1396
1348,1386
1354,1390
1371,1367
1366,1430
1392,1422
1400,1465
1446,1460
1432,1459
1452,1470
1482,1526
1491,1544
1518,1577
1556,1622
1607,1653
1631,1643
1658,1691
1651,1697
1695,1724
1704,1789
1758,1765
1818,1771
1788,1792
1846,1834
1799,1808
1846,1813
1878,1830
1879,1795
1820,1802
1821,1789
1857,1821
1826,1777
1812,1758
1805,1757
1773,1696
1737,1717
1747,1679
1728,1629
1666,1638
1671,1613
1634,1577
1594,1551
1594,1521
1536,1534
1563,1507
1488,1479
1485,1400
1471,1430
1412,1395
1431,1391
1385,1395
1383,1370
1356,1364
1366,1399
1382,1361
1365,1414
1358,1388
1357,1415
1373,1405
1355,1442
1394,1426
1412,1465
1430,1455
1465,1498
1488,1561
1519,1558
1555,1585
1561,1622
1574,1645
1610,1688
1681,1650
1667,1742
1690,1769
1727,1752
1772,1778
1783,1828
1804,1804
1799,1773
1815,1793
1817,1830
1853,1801
1862,1806
1875,1792
1822,1783
1826,1788
1827,1805
1812,1757
1780,1704
1743,1694
1711,1696
1755,1667
1687,1673
1726,1609
1641,1595
1641,1580
1587,1543
1571,1497
1542,1494
1482,1493
1481,1455
1466,1447
1411,1400
1428,1422
1392,1398
1398,1394
1350,1396
1368,1450
1355,1413
1358,1384
1394,1380
1359,1416
1389,1424
1389,1448
1396,1405
1381,1455
1447,1484
1435,1513
1491,1525
1478,1539
1551,1581
1548,1607
1568,1615
1603,1691
1607,1674
1698,1720
1699,1705
1705,1783
1776,1764
1770,1798
1790,1847
1818,1793
1846,1812
1846,1802
1815,1812
1813,1811
1853,1820
1816,1848
1826,1832
1799,1793
1854,1775
1788,1741
1773,1729
1751,1740
1719,1726
1708,1690
1683,1655
1676,1642
1621,1626
1591,1579
1607,1559
1517,1544
1537,1521
1478,1463
1484,1443
1467,1443
1411,1395
1430,1416
1397,1426
1390,1392
1408,1394
1395,1403
1414,1375
1326,1384
1346,1389
1372,1398
1402,1431
1387,1453
1439,1456
1397,1448
1454,1465
1466,1524
1478,1514
1509,1578
1507,1609
1535,1588
1592,1622
1624,1690
1648,1698
1702,1714
1699,1729
1709,1726
1725,1748
1772,1765
1811,1813
1816,1841
1817,1808
1853,1794
1818,1837
1853,1795
1830,1796
1825,1809
1816,1820
1804,1755
1810,1765
1809,1745
1778,1715
1765,1677
1739,1697
1720,1644
1725,1646
1680,1633
1633,1578
1635,1583
1612,1563
1543,1487
1551,1484
1494,1476
1457,1435
1485,1454
1453,1446
1406,1396
1433,1417
1398,1387
1380,1402
1380,1393
1370,1393
1377,1403
1368,1418
1358,1372
1390,1420
1397,1462
1392,1452
1396,1456
1419,1514
1502,1509
1483,1563
1509,1571
1546,1581
1579,1627
1566,1623
1624,1693
1658,1666
1681,1695
1717,1729
1682,1742
1749,1759
1753,1791
1822,1775
1803,1766
1815,1821
1791,1802
1838,1809
1844,1785
1834,1853
1848,1792
1841,1805
1780,1769
1798,1754
1795,1752
1779,1745
1729,1688
1728,1689
1719,1652
1685,1636
1658,1609
1630,1583
1611,1555
1585,1554
1573,1522
1515,1485
1521,1457
1473,1463
1453,1423
1421,1416
1396,1351
1428,1374
1384,1381
1340,1375
1384,1377
1387,1402
1349,1401
1408,1432
1357,1416
1380,1424
1404,1430
1453,1447
1419,1476
1458,1509
1464,1548
1477,1521
1480,1546
1545,1581
1583,1608
1595,1642
1611,1678
1626,1688
1647,1679
1695,1746
1726,1736
1723,1745
1756,1758
1815,1792
1813,1795
1795,1820
1859,1784
1819,1805
1792,1806
1827,1797
1814,1811
1822,1791
1772,1760
1797,1733
1779,1721
1765,1748
1748,1707
1739,1717
1736,1651
1677,1649
1691,1613
1649,1567
1596,1581
1597,1550
1542,1483
1517,1514
1542,1459
1446,1463
1454,1467
1391,1419
1419,1416
1415,1430
1398,1426
1364,1389
1391,1378
1392,1394
1386,1447
1380,1410
1387,1446
1431,1476
1424,1469
1385,1454
1424,1482
1472,1475
1446,1536
1498,1526
1516,1526
1524,1566
1571,1625
1614,1665
1642,1664
1659,1706
1658,1681
1738,1709
1730,1740
1765,1740
1764,1801
1744,1735
1785,1803
1801,1789
1773,1813
1835,1789
1845,1828
1802,1793
1851,1790
1831,1793
1806,1785
1838,1761
1767,1710
1755,1709
1759,1733
1717,1679
1702,1699
1680,1602
1651,1588
1672,1596
1626,1575
1602,1543
1569,1507
1497,1514
1508,1491
1497,1427
1517,1421
1427,1457
1412,1428
1390,1398
1394,1413
1376,1406
1364,1392
1396,1361
1358,1361
1342,1414
1398,1421
1402,1422
1407,1442
1435,1459
1399,1475
1459,1503
1440,1478
1514,1525
1513,1581
1537,1593
1568,1581
1581,1660
1642,1658
1624,1665
1669,1698
1692,1715
1736,1733
1706,1742
1751,1779
1784,1788
1727,1792
1812,1828
1787,1812
1803,1808
1860,1830
1830,1800
1823,1830
1806,1777
1781,1780
1791,1758
1783,1747
1775,1722
1731,1722
1696,1711
1750,1672
1696,1623
1667,1615
1647,1588
1626,1571
1581,1527
1566,1555
1554,1500
1536,1486
1531,1436
1457,1475
1412,1422
1397,1397
1416,1404
1405,1396
1401,1401
1396,1396
1419,1417
1372,1427
1373,1431
1377,1419
1365,1402
1380,1425
1411,1422
1425,1453
1450,1492
1439,1510
1484,1534
1530,1574
1561,1579
1521,1621
1596,1578
1599,1599
1646,1683
1639,1696
1657,1712
1679,1722
1732,1769
1753,1720
1744,1813
1762,1785
1778,1795
1837,1815
1845,1795
1811,1780
1815,1827
1821,1771
1800,1767
1854,1763
1817,1774
1798,1699
1790,1709
1754,1677
1787,1692
1702,1714
1689,1618
1707,1640
1649,1615
1628,1605
1628,1556
1592,1512
1524,1511
1523,1513
1493,1470
1455,1449
1459,1422
1410,1467
1431,1428
1447,1391
1397,1415
1355,1435
1372,1397
1425,1400
1364,1389
1349,1415
1401,1436
1383,1453
1419,1443
1393,1475
1420,1480
1426,1501
1495,1537
1478,1545
1472,1590
1571,1619
1596,1570
1592,1655
1617,1649
1680,1700
1650,1707
1682,1734
1711,1731
1747,1726
1763,1790
1760,1744
1817,1794
1812,1797
1786,1817
1834,1819
1842,1768
1819,1782
1814,1803
1837,1754
1775,1756
1789,1786
1791,1763
1775,1711
1731,1706
1705,1665
1716,1637
1677,1648
1648,1628
1625,1585
1594,1602
1554,1541
1574,1525
1533,1521
1519,1518
1497,1439
1475,1472
1489,1447
1421,1431
1407,1415
1393,1380
1379,1403
1411,1411
1413,1373
1379,1414
1380,1440
1375,1437
1427,1454
1373,1455
1374,1432
1455,1473
1425,1469
1436,1552
1467,1535
1507,1543
1541,1614
1561,1615
1572,1601
1600,1655
1633,1640
1659,1685
1719,1693
1684,1740
1702,1720
1748,1758
1774,1755
1770,1776
1825,1755
1813,1798
1795,1821
1800,1803
1799,1770
1830,1804
1809,1780
1790,1757
1775,1742
1793,1751
1769,1744
1745,1723
1726,1703
1729,1674
1722,1680
1656,1688
1674,1624
1651,1615
1570,1556
1565,1510
1541,1533
1527,1482
1514,1431
1477,1459
1451,1456
1449,1378
1465,1410
1405,1422
1383,1439
1386,1392
1425,1423
1375,1414
1365,1434
1382,1405
1398,1414
1404,1439
1384,1460
1396,1479
1423,1459
1453,1507
1470,1547
1484,1566
1529,1562
1574,1582
1531,1616
1564,1617
1592,1657
1639,1672
1653,1699
1692,1715
1703,1737
1711,1711
1716,1744
1765,1755
1779,1804
1761,1796
1782,1761
1834,1784
1823,1807
1806,1793
1843,1779
1838,1759
1780,1761
1783,1739
1756,1714
1704,1713
1777,1739
1738,1720
1743,1700
1704,1652
1673,1644
1648,1614
1638,1595
1590,1543
1598,1523
1583,1503
1504,1547
1492,1484
1456,1448
1438,1449
1406,1443
1444,1448
1409,1412
1462,1391
1399,1411
1367,1410
1376,1377
1398,1390
1420,1414
1400,1418
1390,1429
1386,1454
1420,1447
1415,1469
1476,1502
1502,1491
1486,1534
1532,1553
1518,1580
1547,1602
1567,1615
1625,1642
1629,1640
1640,1703
1672,1741
1651,1703
1702,1747
1707,1734
1768,1768
1757,1774
1820,1774
1796,1783
1782,1803
1801,1828
1808,1798
1818,1762
1787,1782
1840,1770
1814,1780
1749,1750
1772,1732
1783,1712
1755,1707
1727,1645
1690,1655
1681,1640
1661,1627
1652,1605
1591,1554
1594,1533
1536,1490
1498,1516
1526,1473
1490,1482
1437,1466
1434,1434
1447,1443
1417,1430
1401,1372
1384,1430
1398,1422
1412,1411
1383,1425
1407,1401
1433,1412
1410,1415
1392,1439
1438,1464
1425,1469
1419,1484
1489,1513
1466,1536
1543,1547
1534,1589
1538,1597
1583,1628
1586,1627
1599,1680
1631,1692
1689,1687
1679,1712
1690,1736
1727,1724
1737,1749
1775,1810
1805,1791
1814,1786
1761,1790
1781,1800
1824,1784
1772,1775
1798,1781
1780,1775
1769,1743
1778,1750
1745,1716
1726,1735
1774,1719
1721,1673
1681,1658
1688,1656
1661,1625
1686,1602
1633,1556
1617,1558
1585,1524
1545,1530
1490,1508
1528,1465
1465,1475
1461,1433
1440,1445
1418,1428
1423,1461
1383,1416
1383,1425
1409,1423
1392,1381
1386,1406
1386,1433
1443,1435
1431,1442
1446,1463
1437,1427
1437,1491
1455,1509
1468,1521
1484,1533
1489,1557
1569,1603
1555,1632
1597,1584
1598,1649
1631,1679
1702,1701
1678,1721
1727,1735
1721,1733
1754,1743
1733,1784
1799,1779
1794,1766
1800,1767
1777,1796
1827,1785
1785,1750
1737,1764
1848,1770
1804,1783
1754,1735
1788,1734
1833,1704
1720,1682
1762,1678
1725,1652
1692,1632
1669,1620
1621,1571
1596,1560
1551,1577
1549,1553
1532,1533
1531,1500
1489,1505
1485,1483
1515,1468
1469,1455
1420,1424
1420,1428
1406,1451
1364,1407
1391,1415
1405,1395
1382,1437
1364,1416
1373,1419
1406,1434
1450,1444
1448,1466
1426,1512
1433,1499
1482,1542
1492,1554
1499,1549
1490,1589
1530,1600
1599,1626
1574,1634
1625,1675
1628,1680
1698,1699
1694,1687
1692,1686
1703,1753
1720,1771
1782,1757
1814,1751
1801,1783
1833,1775
1814,1802
1812,1770
1778,1789
1784,1761
1859,1769
1788,1750
1752,1717
1777,1722
1730,1692
1766,1714
1722,1672
1694,1691
1703,1645
1671,1608
1620,1604
1644,1599
1559,1567
1562,1522
1539,1537
1511,1495
1475,1464
1480,1461
1483,1456
1440,1420
1490,1440
1422,1421
1445,1429
1408,1426
1413,1404
1389,1412
1377,1421
1405,1418
1380,1433
1408,1455
1410,1480
1405,1477
1453,1533
1499,1522
1468,1502
1476,1558
1533,1556
1553,1600
1565,1566
1596,1637
1584,1658
1629,1666
1642,1665
1666,1713
1735,1704
1712,1732
1740,1732
1726,1738
1756,1731
1808,1784
1767,1791
1830,1794
1799,1781
1837,1804
1782,1799
1810,1788
1808,1782
1815,1757
1770,1729
1772,1725
1749,1738
1727,1662
1719,1690
1703,1676
1705,1652
1651,1636
1681,1601
1605,1546
1575,1542
1616,1543
1564,1505
1521,1529
1503,1495
1510,1501
1488,1460
1453,1444
1438,1415
1419,1400
1389,1415
1395,1428
1448,1397
1418,1399
1422,1457
1402,1421
1415,1426
1390,1438
1437,1460
1418,1485
1402,1493
1455,1490
1466,1539
1510,1552
1509,1570
1566,1568
1576,1598
1564,1596
1607,1610
1616,1684
1641,1662
1670,1696
1684,1750
1700,1709
1744,1735
1719,1779
1772,1752
1776,1765
1780,1765
1819,1798
1775,1804
1818,1782
1765,1792
1763,1757
1793,1772
1799,1764
1803,1735
1769,1742
1771,1715
1766,1695
1723,1658
1692,1654
1691,1668
1669,1625
1639,1604
1647,1599
1585,1612
1573,1558
1600,1537
1507,1501
1523,1498
1512,1456
1521,1473
1457,1436
1468,1427
1426,1425
1380,1440
1403,1419
1430,1420
1392,1435
1343,1412
1443,1418
1404,1414
1429,1470
1392,1434
1415,1437
1437,1486
1453,1504
1497,1513
1483,1531
1509,1534
1503,1560
1546,1584
1567,1608
1628,1656
1605,1645
1607,1666
1685,1670
1708,1705
1711,1724
1704,1729
1772,1729
1804,1799
1775,1757
1776,1769
1805,1771
1806,1803
1757,1787
1784,1780
1784,1782
1794,1752
1762,1737
1794,1736
1725,1768
1767,1741
1723,1722
1712,1671
1730,1686
1678,1604
1672,1626
1665,1598
1649,1585
1622,1583
1561,1589
1574,1512
1548,1527
1513,1477
1495,1513
1484,1455
1493,1446
1452,1410
1409,1455
1437,1424
1390,1409
1425,1426
1449,1391
1384,1434
1378,1436
1354,1413
1375,1441
1392,1429
1440,1483
1436,1507
1482,1470
1461,1515
1485,1544
1501,1543
1520,1569
1534,1587
1568,1619
1603,1601
1614,1640
1666,1637
1647,1642
1680,1693
1672,1710
1721,1679
1750,1715
1734,1759
1756,1763
1752,1779
1789,1756
1733,1769
1797,1762
1759,1769
1800,1786
1800,1773
1798,1744
1834,1746
1761,1773
1771,1726
1771,1742
1757,1711
1705,1676
1721,1685
1700,1674
1682,1596
1693,1620
1627,1597
1638,1566
1623,1541
1560,1546
1562,1525
1506,1483
1520,1480
1502,1471
1461,1453
1484,1477
1408,1436
1436,1428
1412,1414
1388,1404
1362,1411
1402,1415
1398,1427
1404,1422
1412,1416
1438,1429
1360,1494
1446,1469
1445,1472
1437,1532
1487,1499
1522,1544
1514,1562
1546,1604
1580,1606
1566,1602
1589,1661
1652,1678
1628,1691
1647,1688
1664,1711
1701,1688
1775,1727
1731,1779
1718,1765
1769,1763
1788,1765
1805,1787
1788,1798
1794,1774
1819,1766
1785,1780
1803,1778
1769,1746
1787,1733
1745,1709
1758,1735
1693,1726
1750,1662
1692,1680
1699,1635
1651,1631
1643,1547
1643,1604
1647,1557
1601,1531
1571,1538
1545,1479
1509,1491
1501,1496
1493,1460
1485,1423
1505,1408
1450,1450
1436,1430
1407,1396
1397,1416
1451,1454
1405,1424
1373,1454
1410,1449
1404,1446
1393,1460
1421,1427
1445,1475
1469,1482
1450,1466
1486,1518
1486,1545
1506,1552
1527,1587
1540,1591
1598,1631
1622,1641
1620,1656
1641,1622
1687,1688
1684,1710
1691,1738
1748,1711
1690,1743
1754,1754
1718,1765
1730,1773
1766,1766
1818,1760
1791,1753
1783,1782
1796,1749
1799,1764
1812,1743
1806,1738
1748,1746
1706,1739
1749,1735
1700,1705
1730,1691
1667,1655
1676,1626
1647,1603
1626,1599
1634,1597
1585,1569
1594,1534
1545,1515
1489,1536
1523,1475
1519,1454
1528,1456
1472,1440
1461,1428
1433,1452
1404,1382
1414,1419
1427,1443
1410,1417
1353,1454
1399,1409
1428,1422
1446,1466
1408,1447
1429,1474
1423,1501
1480,1530
1480,1509
1476,1556
1490,1558
1482,1538
1557,1573
1565,1563
1592,1649
1618,1634
1635,1685
1678,1649
1719,1688
1700,1699
1713,1756
1746,1759
1799,1797
1792,1777
1766,1750
1773,1775
1779,1781
1796,1804
1843,1757
1796,1786
1817,1800
1834,1774
1778,1771
1774,1740
1782,1730
1760,1705
1739,1697
1747,1707
1716,1690
1686,1669
1663,1628
1630,1597
1633,1605
1622,1577
1582,1570
1578,1528
1530,1521
1526,1536
1470,1506
1504,1465
1458,1482
1451,1446
1401,1451
1451,1446
1399,1414
1412,1434
1412,1433
1430,1392
1393,1395
1388,1454
1430,1427
1415,1430
1435,1429
1431,1471
1465,1466
1461,1489
1491,1492
1456,1514
1519,1558
1500,1579
1545,1579
1578,1610
1588,1627
1629,1645
1599,1692
1671,1668
1637,1669
1697,1697
1736,1747
1761,1784
1732,1760
1755,1750
1787,1794
1754,1757
1800,1757
1779,1818
1795,1797
1817,1783
1797,1766
1759,1783
1794,1754
1762,1755
1746,1771
1772,1725
1736,1714
1731,1709
1711,1703
1718,1630
1665,1623
1687,1603
1598,1582
1583,1578
1586,1572
1534,1556
1571,1479
1514,1488
1461,1485
1531,1454
1467,1459
1454,1445
1414,1464
1428,1436
1417,1423
1376,1407
1446,1414
1416,1415
1426,1414
1407,1428
1416,1448
1420,1446
1426,1486
1453,1461
1429,1503
1480,1489
1471,1521
1506,1501
1531,1542
1501,1544
1571,1585
1532,1582
1595,1633
1580,1625
1652,1677
1648,1667
1667,1695
1708,1689
1703,1719
1741,1726
1721,1737
1766,1768
1797,1738
1775,1780
1769,1771
1774,1775
1791,1755
1824,1755
1843,1784
1798,1727
1790,1775
1779,1788
1780,1735
1747,1739
1746,1666
1721,1730
1683,1655
1703,1696
1713,1609
1673,1613
1631,1606
1638,1596
1572,1579
1597,1539
1544,1506
1530,1513
1531,1516
1499,1487
1462,1443
1501,1463
1411,1441
1412,1436
1404,1416
1416,1398
1397,1411
1397,1414
1400,1427
1397,1401
1405,1436
1378,1429
1429,1433
1404,1449
1426,1451
1424,1472
1461,1470
1481,1507
1511,1533
1511,1587
1544,1576
1559,1603
1570,1613
1659,1651
1598,1621
1628,1685
1681,1667
1688,1687
1703,1715
1742,1706
1731,1735
1766,1746
1760,1769
1767,1741
1790,1776
1789,1804
1790,1753
1792,1785
1790,1759
1793,1770
1785,1731
1782,1754
1782,1742
1768,1695
1758,1699
1764,1714
1718,1688
1697,1640
1689,1666
1667,1620
1634,1597
1627,1593
1634,1580
1581,1558
1542,1557
1532,1510
1483,1490
1498,1515
1492,1437
1472,1457
1455,1446
1450,1447
1432,1416
1409,1450
1428,1405
1383,1383
1356,1408
1390,1428
1413,1422
1369,1399
1393,1441
1382,1469
1434,1457
1424,1463
1411,1476
1418,1507
1471,1513
1499,1545
1534,1557
1537,1580
1552,1602
1559,1597
1624,1638
1599,1639
1647,1657
1673,1688
1683,1719
1726,1740
1714,1745
1771,1780
1771,1798
1780,1791
1749,1792
1792,1776
1815,1780
1790,1802
1809,1817
1797,1793
1799,1778
1796,1767
1794,1777
1826,1749
1771,1745
1745,1723
1708,1671
1741,1642
1706,1663
1676,1652
1628,1667
1625,1610
1624,1603
1581,1600
1552,1525
1548,1483
1514,1524
1529,1490
1480,1488
1470,1447
1477,1428
1466,1440
1436,1406
1434,1432
1402,1396
1388,1409
1380,1390
1381,1392
1378,1411
1388,1412
1412,1423
1415,1408
1401,1424
1423,1461
1457,1492
1448,1492
1436,1514
1485,1555
1490,1539
1518,1589
1517,1544
1564,1607
1573,1646
1616,1662
1601,1694
1633,1686
1692,1686
1709,1694
1675,1719
1693,1730
1773,1747
1754,1762
1800,1743
1784,1803
1844,1804
1785,1781
1797,1769
1778,1805
1794,1740
1824,1752
1785,1774
1800,1809
1790,1737
1738,1743
1784,1711
1740,1698
1732,1668
1694,1651
1671,1633
1689,1610
1641,1609
1614,1608
1642,1548
1607,1560
1574,1547
1558,1515
1503,1517
1495,1497
1467,1462
1451,1436
1396,1435
1421,1441
1445,1410
1396,1413
1399,1433
1416,1410
1377,1386
1398,1424
1420,1430
1367,1426
1383,1429
1427,1448
1443,1431
1447,1490
1421,1487
1437,1496
1474,1509
1502,1525
1513,1595
1509,1573
1557,1608
1570,1610
1595,1637
1588,1626
1655,1714
1659,1688
1660,1721
1728,1724
1729,1779
1736,1752
1733,1773
1755,1766
1789,1767
1799,1807
1802,1806
1826,1803
1806,1801
1809,1784
1882,1800
1783,1731
1797,1786
1783,1736
1778,1747
1761,1743
1735,1727
1767,1704
1708,1659
1720,1669
1707,1643
1665,1605
1607,1592
1638,1568
1617,1596
1573,1571
1570,1527
1569,1482
1535,1479
1477,1464
1470,1453
1468,1482
1413,1452
1427,1404
1447,1393
1366,1413
1413,1423
1385,1431
1382,1400
1393,1391
1382,1430
1363,1406
1426,1447
1420,1435
1414,1420
1458,1476
1465,1484
1496,1512
1478,1503
1482,1556
1540,1585
1553,1584
1562,1577
1578,1625
1598,1610
1600,1672
1664,1686
1666,1680
1668,1747
1719,1716
1785,1779
1726,1715
1735,1752
1771,1809
1799,1785
1793,1798
1837,1804
1788,1802
1867,1801
1807,1787
1825,1766
1851,1790
1825,1765
1769,1749
1792,1763
1797,1673
1736,1716
1727,1677
1644,1651
1701,1662
1687,1661
1657,1602
1590,1591
1610,1585
1605,1552
1554,1550
1538,1492
1538,1516
1499,1478
1474,1460
1453,1449
1401,1442
1369,1432
1431,1404
1412,1443
1377,1398
1378,1408
1372,1443
1409,1398
1364,1421
1424,1429
1390,1418
1386,1423
1389,1441
1398,1439
1471,1470
1432,1492
1427,1516
1498,1506
1509,1577
1516,1546
1561,1592
1560,1608
1581,1630
1606,1611
1606,1650
1646,1646
1648,1693
1681,1710
1719,1736
1742,1774
1752,1767
1718,1784
1816,1780
1796,1803
1782,1779
1802,1797
1834,1801
1836,1823
1791,1775
1798,1825
1819,1788
1788,1768
1785,1782
1785,1708
1787,1751
1744,1706
1723,1682
1728,1662
1697,1688
1690,1683
1682,1627
1644,1605
1638,1558
1587,1584
1540,1541
1529,1471
1506,1506
1485,1497
1510,1455
1443,1476
1464,1458
1438,1436
1384,1414
1403,1412
1397,1385
1377,1393
1376,1383
1386,1411
1355,1382
1409,1402
1357,1423
1388,1428
1414,1434
1364,1455
1469,1473
1454,1497
1448,1503
1476,1511
1472,1531
1541,1565
1551,1552
1556,1582
1571,1635
1590,1648
1611,1672
1679,1698
1713,1680
1674,1714
1714,1723
1743,1711
1754,1754
1753,1757
1762,1802
1811,1774
1818,1826
1779,1813
1860,1776
1801,1788
1839,1818
1857,1809
1796,1801
1807,1761
1806,1761
1798,1754
1751,1729
1789,1712
1715,1676
1739,1696
1748,1649
1726,1649
1690,1607
1620,1576
1654,1598
1613,1538
1538,1531
1551,1513
1533,1497
1501,1486
1515,1478
1481,1458
1445,1435
1412,1416
1402,1422
1404,1431
1386,1395
1391,1423
1346,1422
1405,1407
1397,1407
1395,1397
1358,1423
1397,1422
1417,1414
1415,1436
1426,1426
1412,1491
1429,1503
1478,1515
1477,1499
1515,1521
1530,1550
1531,1600
1567,1610
1588,1613
1647,1647
1638,1648
1654,1668
1681,1703
1725,1755
1682,1723
1732,1764
1721,1766
1749,1745
1806,1795
1806,1811
1813,1805
1799,1817
1795,1811
1769,1829
1823,1815
1882,1785
1809,1758
1790,1751
1834,1767
1790,1768
1783,1719
1783,1697
1763,1695
1698,1706
1706,1644
1696,1652
1694,1590
1675,1596
1597,1556
1613,1513
1598,1529
1538,1480
1520,1464
1504,1481
1469,1471
1458,1431
1392,1440
1425,1439
1442,1406
1418,1395
1387,1407
1398,1392
1363,1368
1374,1386
1390,1392
1390,1399
1349,1434
1381,1424
1410,1462
1400,1420
1394,1446
1416,1462
1454,1513
1460,1484
1496,1512
1499,1555
1534,1578
1547,1600
1553,1585
1614,1657
1627,1660
1654,1693
1709,1681
1702,1695
1740,1723
1763,1740
1789,1746
1808,1775
1793,1798
1822,1783
1822,1791
1814,1795
1814,1790
1834,1802
1848,1784
1838,1806
1838,1810
1804,1779
1823,1784
1814,1764
1775,1753
1751,1716
1773,1717
1712,1703
1722,1675
1691,1652
1679,1651
1667,1614
1614,1584
1628,1562
1589,1562
1580,1516
1549,1526
1525,1510
1511,1463
1489,1454
1471,1452
1465,1456
1438,1422
1431,1417
1388,1400
1370,1387
1369,1410
1372,1398
1344,1416
1355,1413
1399,1396
1370,1412
1395,1407
1400,1426
1397,1417
1419,1450
1436,1471
1445,1510
1499,1518
1474,1504
1530,1560
1537,1589
1536,1589
1569,1591
1589,1651
1650,1658
1633,1661
1690,1700
1698,1715
1723,1712
1742,1724
1728,1763
1781,1803
1768,1780
1807,1778
1800,1807
1801,1803
1797,1835
1830,1790
1817,1803
1820,1810
1792,1787
1832,1790
1838,1758
1835,1742
1794,1740
1783,1741
1750,1707
1757,1681
1720,1701
1693,1665
1656,1621
1675,1585
1706,1587
1610,1583
1603,1536
1560,1536
1532,1493
1526,1504
1467,1478
1497,1466
1451,1428
1423,1408
1404,1444
1415,1397
1386,1371
1406,1351
1385,1410
1389,1374
1374,1382
1352,1398
1398,1405
1371,1386
1376,1436
1421,1437
1400,1423
1403,1454
1427,1454
1403,1516
1406,1535
1517,1558
1513,1565
1531,1577
1561,1606
1557,1610
1567,1616
1613,1665
1661,1646
1632,1699
1719,1699
1698,1713
1728,1730
1751,1767
1782,1759
1804,1782
1822,1807
1794,1843
1890,1823
1862,1815
1847,1827
1841,1826
1848,1829
1823,1834
1836,1778
1855,1794
1807,1778
1794,1749
1785,1760
1733,1723
1737,1681
1705,1684
1708,1662
1690,1653
1697,1665
1625,1579
1648,1584
1599,1521
1589,1528
1551,1461
1552,1465
1515,1484
1477,1467
1445,1401
1392,1433
1422,1407
1391,1398
1404,1351
1356,1386
1397,1374
1375,1399
1373,1387
1332,1420
1383,1390
1375,1430
1320,1394
1389,1421
1407,1472
1420,1482
1433,1463
1393,1497
1430,1522
1473,1562
1513,1524
1535,1610
1586,1566
1525,1605
1620,1643
1580,1654
1639,1670
1649,1696
1662,1670
1754,1705
1720,1760
1777,1754
1752,1785
1776,1779
1728,1795
1809,1802
1828,1817
1859,1849
1834,1827
1808,1787
1848,1790
1833,1786
1832,1793
1818,1756
1820,1798
1810,1777
1736,1717
1794,1690
1757,1692
1733,1656
1700,1673
1705,1622
1660,1614
1655,1601
1648,1555
1585,1552
1602,1526
1549,1538
1516,1506
1497,1468
1501,1482
1435,1477
1456,1442
1408,1418
1424,1403
1388,1399
1377,1400
1368,1398
1359,1407
1364,1374
1313,1379
1395,1361
1381,1399
1385,1418
1352,1396
1395,1443
1408,1409
1419,1449
1467,1466
1409,1498
1435,1500
1471,1517
1464,1545
1575,1579
1561,1603
1546,1653
1616,1670
1600,1650
1650,1677
1675,1705
1714,1742
1719,1761
1758,1775
1761,1768
1784,1743
1802,1790
1775,1795
1846,1788
1822,1842
1829,1839
1841,1821
1859,1823
1840,1808
1843,1788
1838,1763
1840,1805
1853,1716
1783,1788
1797,1775
1793,1700
1758,1718
1726,1697
1724,1670
1685,1664
1677,1637
1610,1604
1604,1559
1599,1540
1574,1538
1544,1502
1529,1530
1513,1482
1453,1466
1453,1471
1482,1422
1419,1419
1368,1407
1429,1409
1394,1396
1374,1415
1355,1432
1355,1392
1332,1401
1337,1392
1380,1413
1364,1389
1404,1396
1369,1447
1426,1439
1384,1478
1428,1478
1443,1484
1452,1515
1514,1539
1515,1541
1534,1592
1561,1615
1544,1651
1616,1681
1620,1688
1638,1695
1684,1686
1726,1748
1734,1759
1747,1765
1766,1788
1759,1786
1808,1801
1843,1798
1849,1842
1834,1817
1841,1832
1823,1855
1878,1810
1818,1807
1844,1791
1846,1828
1849,1769
1806,1762
1810,1745
1779,1721
1764,1732
1760,1733
1766,1691
1681,1680
1657,1643
1671,1603
1645,1612
1638,1575
1605,1529
1571,1516
1555,1495
1524,1461
1520,1489
1479,1437
1439,1409
1422,1433
1404,1380
1373,1383
1397,1342
1370,1389
1336,1363
1393,1352
1378,1373
1350,1405
1368,1400
1390,1378
1381,1397
1352,1419
1375,1424
1390,1419
1411,1468
1409,1477
1472,1512
1466,1471
1501,1532
1512,1564
1508,1584
1540,1622
1576,1617
1608,1622
1655,1710
1680,1702
1681,1729
1698,1746
1700,1782
1753,1752
1739,1772
1815,1802
1811,1799
1854,1831
1875,1823
1831,1797
1813,1828
1869,1815
1864,1778
1853,1779
1837,1779
1849,1797
1819,1765
1826,1730
1790,1728
1831,1735
1791,1692
1760,1685
1724,1658
1728,1697
1673,1626
1655,1596
1648,1591
1576,1555
1573,1557
1577,1549
1537,1494
1488,1436
1472,1454
1452,1440
1420,1419
1468,1416
1422,1404
1397,1380
1406,1371
1386,1365
1353,1385
1383,1346
1355,1377
1342,1373
1371,1375
1337,1412
1358,1411
1372,1441
1373,1416
1412,1464
1407,1437
1454,1481
1454,1513
1493,1521
1500,1553
1537,1572
1583,1581
1546,1628
1600,1641
1644,1667
1654,1676
1656,1713
1685,1724
1719,1735
1725,1803
1764,1783
1758,1737
1804,1786
1821,1803
1856,1820
1805,1790
1812,1822
1848,1810
1873,1826
1849,1852
1862,1830
1851,1832
1850,1797
1803,1785
1823,1752
1783,1752
1772,1719
1760,1712
1771,1683
1737,1662
1692,1623
1663,1604
1640,1600
1661,1579
1554,1582
1574,1498
1532,1532
1549,1477
1521,1497
1459,1452
1407,1441
1441,1468
1402,1420
1383,1413
1359,1377
1368,1364
1327,1350
1369,1397
1342,1353
1346,1375
1358,1362
1350,1388
1385,1363
1367,1419
1392,1436
1365,1434
1410,1464
1415,1483
1446,1481
1419,1497
1446,1542
1487,1539
1515,1553
1507,1580
1597,1615
1608,1622
1603,1635
1628,1698
1668,1687
1718,1744
1730,1739
1759,1763
1780,1775
1793,1800
1786,1786
1816,1818
1785,1814
1848,1861
1852,1799
1815,1832
1845,1801
1848,1830
1831,1792
1866,1775
1827,1779
1853,1752
1791,1789
1808,1764
1824,1744
1819,1762
1736,1694
1744,1700
1710,1665
1707,1636
1681,1573
1634,1600
1590,1564
1616,1518
1561,1525
1566,1521
1490,1487
1448,1454
1438,1429
1465,1416
1406,1415
1355,1418
1362,1403
1340,1381
1364,1405
1352,1403
1347,1348
1319,1361
1361,1339
1347,1394
1383,1388
1310,1383
1357,1443
1389,1415
1427,1439
1415,1461
1424,1475
1444,1506
1483,1528
1507,1536
1518,1574
1541,1590
1544,1630
1602,1610
1626,1618
1661,1677
1641,1687
1689,1716
1712,1764
1738,1774
1750,1792
1806,1759
1788,1788
1819,1804
1823,1809
1831,1829
1855,1836
1864,1817
1855,1829
1840,1832
1851,1793
1860,1792
1826,1812
1848,1808
1848,1759
1835,1755
1778,1733
1793,1740
1726,1720
1716,1682
1702,1655
1704,1629
1673,1581
1630,1597
1625,1568
1581,1534
1498,1512
1514,1462
1525,1475
1475,1437
1480,1419
1394,1445
1430,1420
1393,1414
1406,1406
1381,1399
1378,1388
1368,1375
1370,1363
1360,1351
1357,1399
1345,1405
1359,1405
1359,1380
1407,1404
1380,1406
1396,1466
1367,1458
1430,1456
1456,1497
1459,1540
1509,1530
1523,1560
1561,1600
1554,1613
1560,1627
1648,1684
1645,1684
1674,1714
1690,1727
1695,1755
1720,1780
1776,1788
1774,1781
1795,1789
1806,1819
1819,1812
1835,1801
1841,1850
1863,1819
1863,1843
1823,1823
1835,1811
1804,1800
1831,1806
1817,1804
1836,1747
1809,1753
1767,1736
1788,1726
1763,1706
1750,1678
1707,1646
1663,1605
1638,1618
1636,1595
1566,1525
1608,1548
1553,1487
1534,1485
1469,1455
1438,1437
1463,1453
1455,1423
1406,1389
1381,1366
1368,1400
1373,1355
1362,1357
1375,1382
1371,1401
1350,1350
1340,1406
1340,1336
1356,1386
1360,1407
1343,1431
1422,1408
1449,1445
1433,1457
1437,1479
1417,1543
1457,1559
1532,1569
1511,1549
1512,1630
1578,1629
1619,1673
1657,1669
1629,1712
1655,1723
1701,1761
1730,1734
1732,1759
1783,1797
1788,1793
1826,1823
1824,1795
1855,1811
1822,1830
1836,1823
1872,1834
1847,1870
1861,1818
1855,1821
1843,1784
1836,1792
1811,1742
1855,1799
1795,1771
1770,1678
1774,1701
1793,1700
1713,1681
1728,1639
1696,1638
1593,1586
1642,1552
1595,1567
1607,1534
1527,1520
1545,1477
1499,1466
1476,1444
1428,1446
1425,1441
1459,1383
1388,1384
1380,1391
1315,1382
1348,1362
1330,1357
1372,1362
1328,1345
1306,1353
1341,1377
1335,1410
1348,1387
1367,1390
1356,1453
1384,1434
1451,1459
1397,1507
1436,1512
1476,1514
1512,1547
1515,1560
1548,1593
1570,1633
1588,1632
1640,1690
1675,1700
1666,1717
1710,1761
1769,1734
1784,1768
1742,1779
1822,1798
1797,1819
1824,1841
1840,1806
1879,1820
1841,1824
1837,1819
1881,1853
1864,1816
1869,1847
1840,1805
1838,1746
1843,1783
1799,1727
1798,1750
1796,1728
1756,1700
1778,1679
1699,1638
1677,1665
1685,1625
1666,1615
1595,1578
1563,1525
1553,1504
1519,1470
1489,1494
1464,1441
1481,1424
1459,1426
1449,1432
1413,1373
1388,1371
1369,1388
1357,1351
1364,1332
1330,1347
1351,1343
1344,1386
1350,1360
1338,1372
1393,1391
1347,1410
1366,1401
1394,1447
1370,1470
1413,1469
1442,1495
1489,1499
1509,1518
1495,1566
1603,1618
1553,1610
1562,1626
1590,1652
1661,1698
1682,1681
1690,1746
1717,1717
1702,1757
1750,1817
1793,1791
1818,1785
1826,1808
1823,1815
1810,1825
1856,1848
1877,1845
1890,1803
1864,1845
1896,1812
1843,1816
1802,1803
1788,1774
1846,1782
1817,1772
1748,1698
1753,1748
1741,1696
1758,1666
1713,1653
1689,1624
1627,1632
1646,1568
1623,1569
1591,1531
1568,1500
1507,1508
1548,1471
1475,1446
1479,1412
1412,1452
1398,1410
1427,1392
1374,1387
1342,1370
1398,1373
1354,1361
1344,1372
1360,1364
1359,1356
1351,1365
1350,1402
1360,1415
1383,1409
1370,1422
1405,1413
1407,1455
1415,1483
1439,1505
1484,1489
1512,1531
1488,1562
1588,1583
1568,1633
1585,1647
1583,1674
1648,1680
1688,1733
1689,1723
1732,1765
1719,1810
1780,1779
1782,1812
1816,1796
1843,1828
1803,1820
1821,1843
1827,1812
1845,1825
1863,1856
1860,1826
1862,1844
1841,1809
1838,1785
1802,1769
1843,1765
1789,1743
1807,1699
1791,1713
1761,1700
1760,1704
1663,1662
1637,1641
1654,1600
1663,1564
1607,1556
1569,1523
1548,1503
1484,1479
1459,1460
1460,1420
1422,1439
1478,1393
1417,1385
1389,1388
1389,1402
1352,1401
1376,1346
1355,1364
1343,1338
1357,1358
1359,1383
1362,1386
1356,1421
1358,1416
1362,1394
1403,1434
1410,1434
1416,1463
1421,1487
1483,1518
1486,1533
1546,1576
1563,1602
1536,1622
1601,1602
1596,1658
1636,1693
1679,1694
1670,1716
1714,1746
1732,1759
1753,1785
1793,1796
1789,1787
1804,1807
1830,1834
1852,1828
1852,1847
1837,1815
1876,1859
1850,1843
1850,1814
1851,1790
1852,1798
1849,1750
1816,1774
1827,1762
1787,1703
1783,1754
1738,1702
1741,1696
1692,1654
1688,1625
1647,1589
1673,1601
1586,1518
1567,1522
1551,1487
1488,1487
1493,1475
1478,1477
1479,1445
1407,1410
1432,1406
1444,1369
1380,1349
1352,1418
1365,1380
1353,1394
1369,1373
1345,1379
1352,1366
1341,1361
1336,1366
1370,1413
1339,1438
1377,1432
1378,1491
1435,1470
1443,1492
1476,1518
1498,1563
1503,1580
1520,1574
1552,1649
1560,1664
1604,1634
1676,1663
1641,1699
1676,1740
1746,1741
1707,1787
1795,1808
1813,1803
1764,1777
1795,1818
1824,1822
1861,1833
1816,1818
1830,1811
1851,1816
1860,1802
1870,1799
1855,1799
1840,1783
1836,1770
1816,1758
1806,1727
1791,1744
1763,1711
1734,1687
1741,1653
1711,1641
1659,1612
1652,1602
1623,1572
1604,1587
1557,1504
1516,1516
1498,1471
1493,1476
1482,1448
1463,1455
1438,1397
1451,1406
1437,1393
1374,1404
1347,1403
1366,1356
1366,1360
1334,1386
1331,1373
1336,1361
1360,1420
1332,1370
1372,1399
1380,1401
1369,1458
1404,1469
1405,1479
1428,1491
1479,1502
1510,1533
1501,1554
1502,1596
1599,1599
1612,1671
1590,1664
1625,1673
1674,1706
1733,1712
1702,1748
1733,1758
1775,1737
1743,1763
1803,1820
1800,1815
1860,1854
1828,1835
1842,1828
1867,1846
1837,1816
1844,1814
1838,1808
1812,1830
1845,1774
1807,1751
1816,1782
1770,1735
1793,1717
1792,1719
1734,1686
1722,1678
1670,1647
1645,1613
1682,1568
1611,1586
1590,1573
1570,1522
1552,1505
1554,1472
1481,1412
1467,1423
1440,1413
1439,1406
1420,1368
1373,1378
1393,1349
1348,1379
1391,1360
1363,1357
1352,1362
1380,1364
1342,1369
1370,1394
1398,1380
1323,1452
1383,1453
1395,1431
1418,1451
1437,1497
1443,1507
1484,1516
1498,1540
1526,1573
1530,1589
1577,1613
1584,1653
1636,1657
1678,1680
1677,1714
1694,1718
1711,1739
1762,1768
1712,1795
1788,1805
1782,1828
1836,1824
1813,1827
1842,1848
1833,1818
1851,1831
1822,1832
1836,1861
1811,1825
1854,1798
1841,1791
1830,1763
1783,1790
1743,1725
1786,1723
1780,1678
1718,1680
1732,1660
1672,1630
1681,1626
1619,1557
1639,1540
1551,1512
1543,1527
1508,1476
1506,1453
1474,1459
1435,1432
1421,1442
1408,1391
1404,1401
1372,1364
1368,1400
1376,1364
1358,1336
1349,1355
1362,1391
1317,1393
1368,1400
1338,1430
1377,1432
1352,1411
1399,1421
1416,1447
1432,1469
1457,1513
1488,1503
1513,1532
1552,1562
1585,1581
1585,1606
1578,1655
1636,1691
1676,1681
1667,1745
1678,1731
1703,1765
1740,1749
1744,1760
1780,1809
1784,1798
1824,1829
1837,1818
1855,1821
1866,1864
1835,1815
1839,1828
1842,1790
1840,1828
1842,1802
1832,1789
1817,1761
1766,1747
1837,1723
1780,1741
1769,1692
1765,1655
1681,1665
1687,1621
1658,1603
1633,1582
1609,1557
1535,1525
1578,1486
1515,1474
1485,1463
1455,1453
1475,1433
1454,1423
1458,1383
1411,1381
1396,1389
1391,1378
1377,1394
1305,1346
1380,1390
1322,1418
1334,1368
1346,1408
1357,1389
1367,1401
1379,1455
1392,1435
1436,1434
1401,1457
1421,1523
1463,1509
1447,1539
1507,1555
1540,1625
1577,1612
1575,1619
1589,1649
1662,1699
1650,1727
1709,1688
1741,1730
1765,1739
1744,1763
1793,1785
1805,1828
1808,1823
1785,1805
1817,1832
1853,1835
1846,1788
1871,1829
1904,1843
1865,1819
1808,1803
1822,1783
1776,1779
1823,1728
1769,1737
1772,1708
1744,1726
1694,1665
1709,1650
1695,1632
1661,1600
1659,1577
1623,1557
1561,1525
1507,1495
1528,1484
1533,1509
1449,1461
1438,1452
1448,1434
1429,1395
1414,1426
1396,1375
1408,1378
1327,1399
1347,1370
1368,1355
1367,1382
1348,1383
1358,1417
1368,1402
1363,1426
1365,1434
1403,1451
1447,1464
1437,1494
1464,1510
1484,1549
1511,1545
1519,1580
1545,1577
1544,1604
1575,1678
1632,1661
1627,1725
1682,1713
1703,1732
1696,1738
1756,1778
1776,1814
1775,1806
1794,1828
1786,1840
1821,1812
1818,1810
1852,1820
1884,1804
1883,1804
1852,1844
1832,1791
1823,1793
1788,1817
1806,1789
1799,1724
1805,1741
1722,1698
1750,1720
1680,1665
1670,1612
1667,1621
1631,1598
1616,1586
1576,1515
1518,1527
1534,1506
1487,1453
1473,1482
1450,1434
1418,1448
1434,1395
1412,1402
1395,1392
1341,1371
1391,1368
1372,1408
1336,1371
1339,1423
1362,1396
1362,1417
1385,1414
1362,1414
1420,1447
1388,1462
1427,1489
1415,1516
1436,1504
1479,1529
1477,1560
1515,1568
1609,1604
1595,1630
1617,1658
1596,1666
1678,1686
1693,1698
1702,1687
1712,1723
1764,1739
1776,1799
1795,1814
1791,1807
1832,1792
1857,1813
1838,1796
1860,1835
1798,1811
1858,1789
1829,1843
1831,1777
1842,1768
1833,1751
1828,1762
1790,1747
1820,1735
1789,1692
1720,1675
1712,1623
1660,1590
1667,1649
1635,1571
1612,1579
1604,1566
1540,1519
1524,1497
1513,1490
1491,1451
1478,1440
1461,1434
1398,1454
1399,1414
1375,1400
1390,1389
1381,1369
1372,1393
1374,1372
1377,1402
1378,1352
1341,1425
1392,1405
1368,1398
1398,1458
1387,1430
1415,1462
1446,1470
1445,1489
1474,1502
1516,1527
1503,1573
1557,1558
1566,1608
1620,1632
1631,1667
1629,1674
1634,1683
1719,1738
1697,1761
1713,1768
1797,1766
1778,1821
1779,1809
1805,1784
1809,1804
1856,1823
1863,1802
1835,1867
1829,1793
1842,1782
1875,1826
1859,1748
1791,1766
1800,1719
1754,1751
1739,1725
1719,1719
1724,1653
1685,1623
1663,1661
1641,1607
1647,1549
1623,1553
1565,1553
1544,1486
1528,1515
1486,1491
1486,1451
1501,1444
1463,1423
1398,1399
1399,1447
1406,1375
1377,1382
1388,1408
1345,1393
1359,1406
1338,1358
1392,1373
1384,1415
1384,1393
1399,1430
1423,1440
1394,1445
1431,1479
1433,1495
1476,1532
1466,1541
1528,1586
1551,1616
1553,1605
1576,1611
1588,1651
1624,1682
1682,1668
1706,1727
1709,1719
1769,1734
1726,1750
1754,1788
1762,1820
1769,1782
1834,1793
1850,1821
1856,1792
1792,1770
1850,1800
1838,1777
1818,1788
1807,1803
1800,1792
1788,1777
1786,1748
1769,1741
1739,1734
1764,1674
1689,1673
1725,1645
1651,1610
1640,1586
1606,1586
1574,1528
1579,1516
1528,1491
1492,1509
1488,1451
1464,1444
1435,1457
1407,1439
1421,1435
1372,1399
1409,1413
1378,1408
1373,1353
1378,1368
1364,1402
1363,1381
1359,1393
1345,1402
1403,1388
1418,1432
1431,1497
1440,1497
1452,1488
1452,1557
1493,1538
1522,1562
1522,1575
1550,1598
1597,1645
1663,1643
1635,1665
1640,1734
1670,1715
1715,1753
1704,1767
1747,1776
1742,1786
1758,1822
1793,1799
1801,1776
1835,1821
1810,1799
1845,1814
1826,1789
1870,1774
1849,1766
1803,1768
1789,1758
1762,1733
1778,1727
1765,1694
1758,1694
1720,1701
1733,1655
1663,1656
1640,1630
1618,1583
1621,1548
1588,1540
1554,1545
1551,1477
1484,1493
1491,1460
1442,1449
1469,1440
1451,1434
1372,1434
1379,1397
1379,1398
1396,1386
1368,1393
1361,1414
1321,1423
1343,1396
1374,1430
1384,1373
1383,1433
1359,1444
1387,1455
1413,1512
1465,1511
1516,1501
1494,1546
1547,1586
1559,1621
1598,1645
1622,1657
1634,1703
1685,1675
1679,1667
1706,1722
1750,1772
1742,1777
1766,1775
1782,1785
1801,1799
1783,1774
1817,1793
1844,1808
1842,1794
1812,1809
1825,1813
1847,1799
1769,1782
1818,1766
1841,1789
1808,1706
1764,1735
1700,1704
1770,1666
1687,1675
1667,1636
1666,1630
1661,1559
1636,1568
1579,1567
1590,1525
1549,1492
1513,1476
1495,1487
1446,1465
1454,1485
1456,1451
1400,1375
1398,1416
1398,1391
1369,1408
1346,1396
1350,1392
1366,1408
1410,1398
1377,1373
1409,1439
1360,1441
1397,1443
1446,1480
1440,1476
1449,1497
1447,1528
1509,1517
1531,1591
1572,1597
1602,1633
1584,1649
1621,1659
1637,1660
1699,1738
1715,1695
1697,1733
1719,1756
1759,1776
1773,1796
1784,1776
1830,1803
1816,1799
1813,1800
1822,1795
1838,1812
1759,1799
1816,1779
1836,1742
1775,1788
1786,1755
1810,1750
1757,1719
1782,1724
1703,1674
1710,1629
1709,1644
1656,1609
1625,1561
1644,1577
1602,1556
1552,1520
1534,1503
1557,1494
1478,1457
1439,1471
1458,1419
1422,1403
1376,1423
1411,1434
1375,1392
1367,1407
1392,1388
1378,1375
1374,1396
1370,1445
1363,1432
1403,1441
1360,1437
1386,1451
1402,1474
1435,1469
1478,1488
1460,1542
1493,1580
1521,1592
1570,1573
1549,1639
1643,1662
1615,1659
1648,1707
1668,1663
1690,1761
1670,1714
1721,1731
1728,1786
1802,1797
1782,1791
1753,1810
1814,1779
1835,1795
1804,1794
1810,1794
1811,1788
1809,1761
1813,1769
1766,1765
1760,1736
1785,1730
1748,1742
1784,1692
1713,1684
1679,1645
1675,1619
1633,1580
1621,1613
1621,1540
1602,1554
1547,1515
1533,1528
1489,1494
1452,1477
1461,1460
1465,1422
1382,1407
1397,1412
1392,1378
1402,1403
1391,1398
1398,1392
1342,1416
1377,1408
1390,1478
1416,1452
1391,1424
1415,1481
1412,1453
1455,1492
1452,1519
1466,1521
1510,1541
1514,1579
1547,1584
1571,1592
1596,1614
1610,1673
1635,1649
1648,1694
1725,1727
1706,1720
1724,1741
1764,1780
1733,1823
1787,1769
1799,1783
1848,1821
1833,1798
1806,1809
1783,1788
1824,1790
1788,1750
1834,1784
1772,1775
1800,1735
1764,1708
1752,1729
1744,1678
1710,1690
1672,1684
1638,1639
1645,1594
1651,1600
1577,1551
1536,1572
1572,1487
1523,1501
1486,1451
1509,1491
1463,1472
1446,1440
1427,1425
1399,1450
1418,1405
1395,1412
1401,1396
1368,1394
1376,1418
1395,1363
1390,1419
1396,1430
1380,1466
1417,1444
1425,1489
1436,1508
1468,1541
1511,1527
1522,1526
1551,1546
1572,1542
1574,1641
1604,1662
1595,1695
1635,1710
1673,1714
1662,1734
1724,1734
1734,1765
1737,1749
1785,1722
1755,1795
1793,1822
1824,1791
1832,1821
1818,1772
1806,1761
1824,1796
1817,1746
1795,1782
1822,1766
1784,1749
1782,1718
1732,1690
1746,1677
1747,1635
1680,1623
1699,1586
1615,1553
1616,1562
1596,1538
1546,1508
1536,1508
1525,1516
1493,1482
1480,1422
1455,1445
1463,1436
1432,1446
1408,1415
1385,1402
1437,1383
1382,1417
1412,1402
1421,1440
1343,1428
1359,1416
1344,1440
1408,1458
1403,1439
1423,1436
1470,1498
1483,1518
1497,1556
1512,1564
1523,1604
1547,1631
1590,1665
1607,1653
1623,1636
1656,1674
1694,1684
1712,1725
1698,1740
1716,1744
1780,1730
1791,1775
1799,1772
1821,1784
1824,1777
1853,1784
1816,1798
1801,1790
1803,1776
1788,1764
1802,1756
1760,1770
1767,1704
1735,1695
1718,1687
1730,1676
1678,1625
1682,1646
1620,1576
1609,1584
1622,1527
1571,1540
1543,1489
1540,1506
1504,1479
1504,1481
1385,1463
1455,1417
1463,1405
1426,1397
1406,1437
1415,1377
1362,1432
1404,1421
1355,1407
1358,1430
1367,1439
1428,1455
1418,1474
1418,1444
1433,1450
1484,1527
1464,1526
1471,1528
1517,1588
1565,1583
1575,1633
1617,1629
1644,1671
1626,1676
1687,1702
1709,1710
1736,1724
1728,1751
1746,1762
1738,1778
1771,1768
1783,1801
1778,1792
1774,1770
1821,1756
1821,1784
1830,1781
1793,1759
1803,1777
1803,1756
1769,1719
1763,1733
1715,1680
1726,1717
1722,1664
1682,1664
1664,1630
1610,1615
1619,1539
1563,1560
1563,1527
1509,1512
1462,1509
1486,1446
1475,1427
1442,1438
1432,1446
1418,1435
1385,1445
1426,1444
1396,1396
1420,1430
1370,1439
1399,1419
1404,1441
1399,1430
1400,1443
1444,1479
1463,1458
1459,1461
1463,1512
1465,1586
1489,1563
1537,1590
1551,1623
1574,1607
1617,1643
1676,1668
1639,1694
1691,1715
1697,1716
1743,1754
1731,1766
1755,1789
1768,1791
1797,1773
1806,1803
1821,1786
1819,1762
1818,1834
1806,1760
1781,1779
1762,1791
1803,1740
1789,1747
1790,1739
1777,1669
1671,1689
1733,1660
1700,1664
1658,1640
1638,1591
1644,1553
1593,1567
1559,1550
1519,1530
1550,1507
1508,1519
1497,1458
1434,1430
1475,1444
1443,1462
1411,1444
1435,1401
1406,1402
1390,1389
1382,1400
1419,1396
1370,1463
1406,1444
1411,1445
1427,1427
1441,1508
1451,1541
1474,1495
1557,1484
1489,1563
1577,1601
1576,1587
1552,1637
1588,1645
1597,1661
1650,1688
1673,1715
1714,1732
1704,1755
1705,1763
1757,1781
1761,1782
1769,1799
1784,1757
1804,1785
1780,1775
1796,1781
1812,1759
1790,1787
1797,1750
1779,1758
1770,1754
1774,1695
1733,1712
1718,1680
1719,1646
1670,1622
1646,1599
1634,1586
1624,1553
1554,1569
1560,1556
1517,1505
1495,1503
1492,1475
1478,1438
1453,1446
1425,1420
1411,1402
1403,1412
1412,1469
1403,1409
1400,1396
1396,1417
1376,1421
1427,1434
1351,1459
1427,1432
1447,1468
1425,1478
1470,1504
1491,1536
1501,1526
1507,1604
1544,1579
1582,1620
1576,1633
1627,1672
1662,1682
1692,1682
1744,1717
1681,1746
1729,1710
1759,1779
1780,1769
1773,1800
1799,1801
1784,1808
1800,1809
1782,1773
1778,1776
1793,1760
1803,1774
1777,1723
1795,1763
1754,1685
1748,1708
1727,1685
1724,1652
1687,1623
1668,1622
1647,1615
1641,1598
1605,1547
1582,1530
1552,1502
1538,1489
1495,1487
1470,1485
1443,1450
1442,1454
1413,1383
1414,1408
1430,1431
1431,1394
1411,1378
1360,1372
1391,1448
1377,1409
1406,1444
1416,1447
1418,1464
1416,1464
1445,1506
1468,1545
1499,1513
1542,1584
1568,1564
1575,1632
1546,1615
1645,1627
1658,1667
1639,1667
1691,1727
1723,1724
1710,1773
1755,1762
1755,1744
1776,1785
1779,1785
1799,1804
1789,1762
1780,1755
1800,1786
1819,1767
1775,1767
1787,1735
1754,1739
1769,1720
1725,1704
1729,1717
1717,1658
1682,1628
1648,1616
1656,1577
1622,1606
1571,1552
1595,1539
1566,1527
1497,1512
1515,1493
1502,1457
1491,1449
1463,1426
1443,1420
1408,1416
1421,1374
1403,1421
1413,1390
1367,1424
1379,1423
1411,1448
1383,1439
1418,1451
1393,1469
1463,1479
1493,1497
1494,1522
1486,1543
1556,1556
1533,1592
1542,1575
1587,1641
1656,1660
1623,1664
1690,1712
1683,1713
1730,1698
1734,1733
1682,1751
1780,1775
1804,1770
1804,1776
1778,1806
1816,1768
1774,1766
1788,1785
1789,1746
1777,1756
1777,1765
1748,1738
1741,1740
1701,1715
1719,1654
1700,1638
1681,1629
1648,1640
1560,1605
1635,1614
1596,1548
1523,1527
1541,1501
1505,1503
1480,1435
1436,1495
1448,1416
1448,1433
1449,1420
1368,1419
1403,1435
1426,1425
1395,1392
1399,1386
1389,1437
1405,1416
1460,1438
1403,1464
1468,1471
1462,1510
1444,1526
1483,1572
1488,1618
1507,1570
1547,1600
1592,1625
1591,1621
1623,1673
1664,1701
1684,1697
1676,1697
1666,1744
1736,1751
1776,1745
1781,1741
1785,1785
1817,1759
1814,1773
1817,1772
1819,1773
1782,1779
1788,1771
1792,1706
1805,1721
1731,1750
1772,1685
1719,1665
1692,1639
1675,1672
1616,1631
1653,1562
1626,1547
1583,1539
1560,1551
1566,1501
1531,1467
1487,1500
1519,1432
1485,1445
1450,1456
1427,1436
1425,1415
1367,1429
1427,1396
1360,1417
1407,1384
1398,1413
1422,1427
1433,1431
1399,1476
1453,1501
1463,1508
1456,1509
1506,1526
1527,1558
1535,1561
1581,1584
1582,1589
1607,1610
1638,1680
1654,1718
1687,1689
1707,1721
1743,1747
1740,1749
1790,1740
1759,1769
1758,1796
1796,1739
1799,1800
1769,1763
1809,1788
1790,1790
1800,1733
1794,1782
1746,1752
1778,1735
1749,1704
1725,1679
1747,1681
1681,1637
1672,1602
1591,1589
1566,1547
1581,1565
1575,1522
1560,1503
1510,1532
1517,1482
1494,1468
1399,1458
1437,1440
1419,1426
1416,1439
1416,1382
1364,1437
1427,1411
1407,1448
1396,1421
1405,1429
1420,1462
1439,1499
1471,1475
1514,1497
1489,1514
1518,1550
1487,1565
1565,1557
1555,1612
1607,1594
1617,1619
1633,1641
1642,1696
1678,1704
1679,1738
1703,1753
1788,1734
1763,1788
1760,1743
1748,1778
1776,1764
1837,1786
1773,1757
1771,1750
1818,1752
1793,1760
1775,1735
1812,1704
1752,1713
1744,1683
1736,1688
1687,1620
1662,1668
1606,1608
1634,1597
1607,1543
1540,1534
1539,1533
1521,1483
1480,1470
1474,1442
1446,1465
1440,1434
1430,1405
1402,1419
1423,1421
1380,1425
1430,1405
1403,1418
1409,1424
1443,1430
1437,1443
1407,1508
1475,1500
1484,1507
1503,1531
1459,1524
1518,1573
1558,1596
1570,1596
1608,1634
1589,1628
1627,1678
1699,1665
1699,1708
1717,1726
1774,1722
1710,1773
1765,1797
1726,1754
1822,1760
1796,1801
1790,1778
1799,1802
1793,1756
1740,1758
1794,1770
1801,1730
1773,1734
1736,1716
1739,1687
1700,1649
1703,1655
1656,1632
1613,1630
1627,1570
1581,1562
1593,1532
1573,1525
1532,1510
1504,1494
1459,1488
1486,1444
1426,1424
1418,1432
1398,1411
1403,1407
1389,1417
1413,1469
1413,1406
1440,1419
1407,1467
1459,1440
1429,1486
1437,1462
1437,1516
1495,1504
1487,1544
1498,1572
1499,1581
1590,1586
1573,1624
1621,1668
1643,1627
1663,1687
1662,1719
1726,1726
1730,1744
1721,1750
1746,1788
1782,1781
1783,1796
1793,1774
1813,1812
1843,1797
1754,1764
1815,1770
1753,1740
1768,1765
1763,1694
1769,1685
1730,1672
1670,1670
1682,1648
1637,1646
1598,1606
1610,1566
1587,1532
1518,1534
1558,1536
1501,1498
1487,1497
1464,1460
1459,1455
1437,1415
1445,1458
1420,1413
1420,1402
1372,1386
1370,1434
1415,1410
1413,1426
1412,1454
1438,1484
1442,1484
1465,1470
1475,1518
1482,1524
1490,1556
1528,1568
1558,1592
1572,1628
1570,1653
1602,1663
1661,1682
1661,1683
1670,1727
1717,1704
1767,1729
1736,1720
1789,1772
1824,1793
1792,1752
1808,1746
1836,1777
1799,1764
1810,1766
1758,1767
1762,1757
1767,1746
1746,1734
1729,1716
1714,1677
1710,1592
1678,1613
1628,1620
1601,1569
1587,1576
1532,1541
1577,1542
1537,1502
1521,1522
1508,1478
1477,1446
1451,1406
1437,1424
1418,1426
1405,1425
1388,1415
1394,1432
1373,1407
1421,1431
1421,1415
1382,1422
1399,1489
1447,1503
1457,1498
1473,1534
1511,1532
1508,1584
1580,1583
1589,1617
1581,1648
1617,1654
1630,1650
1647,1695
1693,1718
1746,1765
1770,1744
1785,1747
1736,1765
1795,1755
1769,1777
1805,1767
1835,1815
1834,1740
1785,1787
1769,1742
1776,1760
1747,1758
1734,1730
1763,1672
1705,1732
1729,1669
1689,1646
1631,1603
1653,1625
1613,1551
1596,1554
1544,1494
1518,1494
1498,1479
1512,1433
1456,1458
1474,1432
1449,1397
1384,1426
1394,1415
1383,1411
1364,1399
1403,1407
1412,1367
1423,1479
1417,1442
1403,1460
1407,1453
1466,1480
1467,1477
1509,1554
1485,1583
1523,1624
1569,1599
1594,1616
1639,1654
1652,1670
1686,1712
1694,1710
1711,1745
1743,1790
1753,1739
1779,1787
1786,1767
1769,1814
1763,1792
1810,1814
1831,1789
1800,1742
1787,1782
1776,1745
1772,1729
1739,1717
1769,1692
1732,1693
1681,1686
1663,1610
1646,1590
1584,1585
1622,1557
1582,1561
1517,1523
1477,1510
1530,1500
1470,1465
1455,1431
1423,1412
1418,1428
1375,1444
1412,1430
1395,1436
1401,1437
1385,1426
1402,1445
1416,1427
1406,1455
1420,1437
1483,1493
1465,1511
1490,1519
1531,1557
1536,1569
1528,1591
1564,1600
1605,1606
1651,1656
1657,1702
1689,1706
1712,1720
1735,1730
1738,1735
1779,1746
1781,1741
1795,1798
1815,1777
1775,1755
1826,1782
1796,1758
1815,1764
1751,1762
1788,1729
1738,1732
1762,1716
1750,1652
1688,1661
1671,1624
1664,1621
1609,1607
1579,1574
1586,1534
1559,1506
1521,1476
1524,1494
1516,1466
1459,1452
1450,1426
1423,1455
1389,1418
1395,1413
1427,1437
1403,1429
1399,1447
1430,1377
1413,1471
1416,1415
1429,1474
1440,1512
1456,1471
1462,1543
1500,1533
1512,1589
1528,1600
1563,1588
1616,1635
1650,1657
1652,1716
1666,1716
1706,1714
1717,1728
1731,1728
1783,1773
1767,1745
1796,1781
1781,1758
1803,1793
1761,1775
1779,1791
1768,1732
1753,1786
1789,1723
1750,1741
1775,1718
1714,1671
1711,1638
1713,1684
1682,1633
1648,1602
1631,1571
1585,1548
1559,1529
1562,1513
1524,1495
1509,1479
1483,1453
1437,1425
1444,1435
1412,1419
1426,1416
1381,1433
1405,1416
1390,1398
1362,1446
1411,1433
1432,1438
1436,1499
1406,1502
1433,1516
1479,1516
1472,1551
1517,1563
1533,1581
1557,1615
1598,1617
1594,1664
1662,1674
1685,1676
1699,1715
1686,1734
1719,1752
1749,1768
1767,1807
1774,1789
1805,1769
1814,1780
1801,1815
1801,1759
1761,1766
1791,1760
1788,1726
1765,1765
1769,1688
1711,1667
1727,1657
1674,1658
1655,1629
1604,1563
1613,1581
1599,1591
1573,1524
1523,1501
1523,1480
1498,1479
1465,1474
1418,1436
1412,1419
1437,1390
1379,1433
1398,1396
1397,1410
1367,1426
1404,1436
1432,1422
1442,1442
1436,1453
1443,1505
1458,1514
1485,1528
1491,1521
1531,1627
1570,1568
1542,1639
1573,1640
1645,1665
1641,1663
1664,1696
1717,1744
1747,1778
1736,1759
1788,1764
1774,1791
1753,1799
1801,1783
1801,1801
1780,1804
1832,1790
1797,1752
1767,1760
1760,1730
1749,1748
1711,1724
1752,1662
1691,1659
1672,1644
1687,1610
1619,1558
1562,1556
1576,1562
1526,1520
1514,1474
1487,1530
1512,1450
1458,1449
1451,1426
1421,1413
1403,1419
1409,1400
1398,1445
1369,1402
1428,1411
1420,1401
1415,1414
1395,1439
1449,1455
1453,1479
1441,1481
1516,1532
1506,1539
1557,1618
1557,1566
1592,1629
1645,1669
1688,1637
1662,1674
1709,1717
1728,1722
1757,1752
1782,1758
1795,1777
1821,1763
1787,1807
1829,1805
1834,1767
1828,1793
1831,1750
1780,1767
1777,1749
1793,1752
1760,1765
1767,1708
1705,1678
1657,1641
1670,1624
1640,1581
1629,1556
1615,1511
1590,1518
1542,1513
1514,1517
1470,1439
1480,1422
1444,1444
1443,1430
1430,1435
1389,1422
1394,1409
1368,1390
1402,1436
1417,1413
1396,1435
1418,1423
1441,1452
1439,1489
1449,1493
1503,1551
1503,1536
1519,1560
1556,1610
1542,1620
1608,1634
1628,1682
