ch1,ch2
1608,1639
1626,1663
1649,1709
1704,1722
1716,1705
1698,1742
1755,1783
1758,1772
1773,1798
1794,1796
1838,1808
1825,1798
1809,1800
1819,1797
1844,1787
1799,1786
1795,1764
1803,1756
1785,1759
1791,1744
1766,1740
1744,1672
1770,1669
1694,1676
1694,1598
1650,1579
1626,1588
1584,1555
1518,1508
1492,1501
1485,1461
1483,1461
1472,1447
1470,1431
1442,1397
1412,1401
1390,1404
1369,1387
1389,1409
1380,1350
1317,1423
1398,1412
1395,1420
1382,1400
1393,1463
1406,1437
1433,1514
1469,1461
1440,1521
1499,1542
1509,1544
1548,1588
1599,1599
1592,1633
1612,1653
1659,1690
1692,1724
1688,1738
1746,1740
1788,1811
1774,1793
1764,1776
1791,1811
1810,1810
1823,1802
1825,1803
1833,1827
1839,1824
1824,1786
1831,1772
1806,1774
1793,1767
1798,1768
1724,1712
1752,1692
1734,1663
1688,1602
1624,1631
1629,1604
1643,1539
1597,1550
1572,1513
1500,1480
1480,1462
1467,1458
1447,1455
1461,1438
1407,1406
1390,1403
1366,1390
1352,1369
1360,1383
1373,1389
1359,1391
1354,1390
1372,1413
1394,1459
1401,1455
1441,1444
1420,1478
1435,1498
1468,1532
1478,1525
1553,1553
1561,1607
1564,1636
1604,1627
1627,1676
1660,1705
1699,1734
1714,1735
1741,1760
1760,1753
1785,1783
1809,1798
1800,1791
1859,1797
1866,1821
1844,1827
1826,1804
1843,1817
1860,1777
1826,1771
1802,1762
1805,1730
1765,1731
1743,1719
1744,1682
1707,1649
1696,1634
1679,1626
1626,1596
1603,1549
1595,1506
1541,1517
1504,1483
1515,1453
1480,1458
1452,1427
1442,1393
1397,1414
1403,1413
1390,1397
1368,1387
1367,1401
1341,1376
1368,1369
1351,1401
1374,1431
1358,1439
1411,1442
1394,1492
1438,1505
1452,1514
1480,1530
1499,1562
1532,1578
1595,1621
1574,1658
1652,1665
1684,1661
1691,1724
1716,1704
1706,1749
1747,1741
1755,1790
1799,1779
1777,1778
1807,1825
1867,1817
1809,1819
1839,1781
1830,1790
1801,1785
1811,1774
1814,1784
1806,1795
1823,1731
1772,1723
1740,1691
1724,1663
1673,1645
1675,1636
1637,1601
1609,1584
1622,1536
1556,1509
1510,1501
1527,1480
1464,1440
1449,1478
1433,1423
1393,1413
1395,1400
1401,1390
1373,1368
1354,1390
1382,1368
1346,1382
1385,1414
1369,1410
1375,1399
1405,1433
1447,1460
1427,1484
1452,1490
1466,1535
1466,1537
1539,1569
1562,1606
1562,1600
1608,1643
1647,1643
1646,1673
1684,1719
1747,1742
1729,1788
1750,1757
1787,1791
1812,1799
1808,1823
1813,1824
1839,1796
1841,1825
1856,1817
1831,1811
1829,1798
1816,1768
1818,1765
1794,1744
1758,1732
1784,1687
1726,1707
1721,1654
1678,1642
1694,1621
1643,1593
1598,1588
1596,1514
1554,1493
1498,1486
1500,1473
1487,1450
1443,1435
1414,1400
1419,1383
1382,1386
1332,1374
1347,1375
1364,1389
1371,1389
1332,1389
1387,1373
1367,1397
1389,1445
1419,1421
1397,1456
1457,1468
1475,1513
1468,1540
1517,1538
1519,1588
1562,1609
1598,1647
1607,1663
1658,1683
1668,1705
1703,1742
1737,1740
1787,1776
1786,1788
1799,1814
1821,1818
1838,1814
1813,1780
1836,1831
1846,1800
1851,1827
1828,1787
1853,1785
1785,1796
1816,1725
1780,1745
1762,1734
1763,1698
1727,1656
1711,1617
1630,1602
1643,1608
1589,1550
1588,1519
1545,1514
1506,1527
1485,1467
1455,1451
1449,1443
1428,1427
1396,1402
1339,1405
1364,1399
1389,1374
1380,1409
1355,1349
1354,1383
1364,1401
1357,1386
1406,1417
1401,1452
1399,1461
1429,1499
1465,1515
1493,1514
1506,1563
1530,1575
1554,1604
1585,1624
1610,1686
1660,1687
1698,1717
1711,1715
1705,1765
1759,1765
1807,1776
1805,1792
1796,1825
1831,1838
1876,1816
1822,1804
1817,1832
1875,1808
1819,1812
1828,1809
1821,1767
1800,1766
1810,1751
1811,1746
1757,1685
1710,1640
1729,1644
1678,1637
1610,1585
1598,1550
1619,1533
1537,1545
1514,1506
1526,1461
1472,1417
1417,1424
1428,1407
1410,1389
1406,1374
1353,1415
1369,1373
1363,1381
1356,1374
1368,1387
1359,1403
1379,1396
1371,1413
1399,1445
1402,1424
1452,1458
1473,1483
1496,1543
1483,1563
1511,1569
1574,1626
1597,1653
1624,1642
1664,1683
1677,1700
1702,1727
1734,1741
1712,1769
1779,1783
1794,1806
1825,1815
1804,1798
1842,1843
1827,1829
1873,1854
1863,1796
1883,1790
1883,1829
1832,1783
1819,1748
1810,1743
1791,1711
1749,1697
1744,1677
1740,1650
1672,1599
1635,1583
1591,1588
1535,1546
1517,1514
1510,1489
1524,1451
1454,1443
1419,1424
1436,1407
1418,1389
1395,1398
1376,1378
1356,1387
1353,1356
1343,1360
1342,1381
1356,1382
1354,1392
1361,1393
1363,1446
1429,1452
1409,1485
1468,1510
1472,1530
1487,1559
1523,1581
1582,1596
1589,1647
1606,1639
1659,1716
1650,1713
1731,1730
1712,1750
1762,1779
1816,1776
1773,1809
1832,1810
1852,1826
1854,1794
1867,1839
1855,1824
1859,1794
1836,1828
1855,1796
1829,1766
1782,1783
1847,1741
1758,1738
1758,1687
1758,1679
1667,1680
1677,1648
1644,1592
1601,1550
1560,1529
1537,1518
1486,1489
1504,1479
1451,1424
1442,1404
1415,1410
1409,1394
1387,1386
1391,1400
1339,1362
1368,1356
1369,1386
1334,1369
1356,1386
1367,1398
1362,1400
1390,1416
1413,1436
1431,1482
1454,1518
1469,1543
1511,1559
1518,1575
1574,1618
1577,1641
1621,1670
1618,1686
1719,1701
1719,1708
1738,1769
1774,1786
1781,1753
1782,1801
1830,1840
1871,1825
1870,1829
1857,1815
1844,1855
1867,1815
1851,1792
1864,1808
1832,1789
1795,1788
1820,1744
1784,1704
1730,1672
1744,1647
1710,1639
1643,1638
1637,1589
1583,1568
1578,1521
1547,1464
1522,1484
1512,1460
1438,1415
1456,1428
1421,1376
1395,1389
1373,1365
1387,1415
1346,1375
1343,1384
1347,1390
1311,1385
1352,1406
1381,1415
1379,1446
1394,1417
1371,1465
1430,1497
1448,1507
1466,1554
1498,1565
1550,1558
1595,1602
1580,1645
1606,1687
1685,1683
1669,1734
1708,1733
1753,1757
1748,1795
1790,1816
1793,1805
1786,1805
1860,1846
1836,1830
1863,1828
1871,1842
1854,1816
1848,1826
1841,1802
1868,1797
1781,1764
1788,1722
1768,1689
1717,1673
1707,1665
1676,1668
1679,1590
1608,1583
1597,1547
1573,1532
1549,1526
1490,1466
1452,1443
1450,1435
1447,1383
1412,1423
1348,1374
1391,1353
1349,1360
1369,1383
1360,1346
1379,1373
1320,1382
1342,1374
1395,1421
1372,1419
1391,1456
1415,1466
1414,1478
1463,1497
1511,1547
1536,1541
1543,1593
1583,1624
1621,1640
1670,1658
1654,1702
1706,1737
1708,1787
1754,1764
1772,1795
1814,1793
1831,1802
1856,1839
1848,1837
1867,1828
1842,1840
1873,1799
1832,1819
1836,1795
1814,1801
1834,1752
1822,1768
1811,1717
1776,1720
1714,1708
1693,1646
1680,1641
1672,1602
1625,1552
1584,1547
1544,1520
1504,1502
1522,1455
1511,1429
1436,1409
1421,1388
1392,1412
1364,1379
1353,1375
1381,1358
1357,1359
1339,1378
1345,1361
1359,1380
1330,1396
1390,1436
1396,1446
1433,1450
1403,1488
1438,1488
1442,1516
1498,1558
1531,1590
1538,1597
1614,1649
1638,1665
1654,1682
1671,1733
1694,1738
1754,1754
1755,1792
1784,1796
1816,1805
1822,1835
1848,1821
1863,1845
1850,1851
1872,1819
1835,1814
1870,1823
1841,1802
1832,1793
1829,1746
1796,1727
1768,1754
1790,1709
1738,1664
1681,1641
1641,1613
1651,1581
1578,1555
1543,1516
1507,1516
1485,1480
1494,1456
1430,1445
1405,1413
1405,1387
1362,1389
1364,1355
1364,1339
1388,1365
1353,1361
1354,1383
1379,1365
1328,1391
1364,1400
1367,1428
1393,1443
1422,1467
1397,1506
1464,1523
1485,1595
1512,1606
1569,1598
1581,1612
1596,1683
1645,1700
1678,1716
1691,1751
1690,1748
1751,1770
1764,1769
1815,1781
1801,1818
1830,1872
1825,1833
1862,1822
1875,1840
1885,1834
1856,1809
1869,1819
1848,1805
1830,1755
1838,1742
1782,1738
1764,1725
1768,1666
1683,1638
1681,1654
1656,1598
1620,1579
1570,1515
1561,1487
1542,1490
1486,1451
1482,1452
1448,1428
1421,1416
1376,1381
1361,1405
1368,1358
1368,1352
1357,1382
1320,1359
1337,1386
1324,1358
1353,1391
1344,1384
1371,1436
1406,1458
1430,1477
1476,1512
1480,1529
1535,1556
1514,1620
1551,1591
1592,1667
1637,1670
1637,1722
1710,1713
1709,1748
1769,1786
1784,1779
1803,1775
1810,1816
1848,1829
1856,1800
1873,1829
1882,1828
1874,1842
1847,1825
1875,1797
1844,1780
1805,1768
1805,1742
1794,1749
1783,1704
1756,1642
1707,1675
1708,1626
1654,1588
1637,1589
1577,1535
1569,1511
1538,1524
1500,1472
1476,1434
1444,1447
1439,1391
1430,1369
1381,1380
1368,1343
1360,1379
1352,1357
1329,1388
1360,1395
1294,1394
1372,1382
1369,1404
1365,1465
1352,1447
1392,1461
1446,1494
1467,1531
1510,1552
1535,1589
1551,1596
1623,1607
1611,1657
1662,1687
1674,1733
1698,1747
1728,1746
1750,1782
1777,1768
1818,1820
1850,1822
1848,1801
1854,1850
1826,1826
1866,1828
1882,1828
1851,1819
1872,1803
1794,1801
1828,1727
1794,1761
1797,1733
1737,1712
1714,1675
1659,1652
1689,1624
1643,1568
1601,1535
1561,1510
1522,1532
1505,1491
1454,1466
1496,1427
1432,1411
1413,1399
1420,1402
1360,1399
1354,1369
1352,1343
1342,1380
1346,1405
1318,1368
1352,1392
1327,1391
1368,1435
1410,1449
1408,1482
1403,1504
1487,1532
1480,1538
1522,1579
1528,1594
1567,1637
1627,1658
1629,1682
1669,1720
1666,1708
1733,1779
1737,1760
1788,1789
1771,1800
1817,1817
1822,1820
1863,1812
1872,1852
1845,1816
1868,1810
1826,1793
1845,1812
1853,1797
1787,1802
1797,1767
1810,1742
1765,1723
1710,1685
1696,1624
1700,1621
1618,1590
1598,1549
1536,1534
1545,1507
1502,1477
1484,1476
1461,1413
1452,1409
1437,1399
1404,1376
1364,1374
1357,1362
1362,1417
1381,1362
1343,1391
1304,1359
1336,1421
1366,1425
1385,1441
1387,1444
1417,1429
1422,1499
1464,1506
1469,1544
1519,1558
1550,1571
1534,1628
1640,1651
1637,1664
1647,1694
1667,1721
1736,1762
1744,1774
1788,1801
1776,1804
1813,1821
1812,1826
1849,1854
1876,1843
1877,1845
1844,1817
1880,1822
1831,1825
1847,1792
1855,1766
1799,1769
1786,1745
1754,1718
1744,1655
1714,1659
1703,1628
1670,1568
1607,1592
1581,1548
1565,1517
1493,1470
1478,1467
1455,1432
1430,1420
1425,1412
1377,1420
1375,1380
1354,1371
1368,1377
1342,1386
1304,1373
1359,1352
1358,1399
1396,1394
1379,1388
1371,1456
1372,1473
1395,1454
1411,1504
1507,1508
1530,1576
1529,1598
1574,1633
1589,1634
1635,1664
1667,1677
1692,1721
1728,1763
1755,1792
1770,1793
1779,1801
1807,1798
1827,1822
1836,1844
1856,1867
1867,1815
1872,1836
1886,1815
1847,1788
1828,1789
1854,1763
1811,1754
1807,1733
1756,1728
1778,1673
1728,1664
1682,1625
1657,1604
1624,1568
1611,1524
1572,1493
1525,1488
1490,1475
1464,1443
1422,1416
1420,1438
1379,1391
1385,1366
1384,1363
1362,1397
1325,1374
1335,1364
1311,1388
1361,1391
1364,1393
1343,1434
1363,1445
1405,1464
1407,1460
1424,1497
1493,1551
1523,1525
1538,1583
1539,1637
1586,1661
1627,1649
1687,1697
1688,1707
1725,1737
1733,1787
1755,1764
1788,1819
1797,1797
1815,1846
1803,1841
1834,1834
1868,1826
1869,1835
1850,1848
1856,1838
1795,1801
1814,1755
1808,1758
1789,1747
1758,1684
1763,1662
1716,1665
1666,1629
1682,1594
1619,1558
1574,1534
1572,1518
1512,1492
1480,1438
1462,1413
1442,1415
1425,1404
1429,1391
1401,1386
1342,1398
1349,1363
1363,1394
1347,1379
1373,1402
1338,1393
1341,1415
1344,1426
1376,1418
1388,1459
1405,1459
1451,1470
1462,1555
1507,1527
1522,1571
1570,1590
1606,1669
1612,1680
1639,1698
1740,1736
1737,1740
1738,1753
1770,1773
1792,1780
1805,1800
1825,1839
1847,1828
1850,1831
1847,1858
1904,1843
1857,1831
1856,1803
1833,1820
1835,1794
1789,1752
1803,1709
1735,1713
1727,1685
1711,1642
1714,1632
1635,1617
1622,1585
1608,1577
1572,1531
1516,1505
1514,1473
1470,1468
1441,1435
1441,1398
1403,1388
1394,1387
1364,1384
1321,1376
1383,1366
1358,1391
1313,1357
1339,1401
1362,1452
1356,1429
1363,1436
1371,1445
1413,1474
1467,1508
1473,1544
1496,1550
1535,1586
1542,1604
1562,1635
1632,1658
1674,1678
1683,1708
1714,1718
1782,1759
1722,1782
1802,1806
1819,1784
1838,1813
1840,1828
1853,1821
1831,1833
1843,1825
1831,1845
1827,1827
1847,1776
1841,1756
1826,1729
1791,1729
1767,1725
1740,1696
1716,1653
1696,1627
1638,1612
1632,1575
1615,1570
1572,1546
1522,1505
1486,1486
1485,1434
1443,1446
1438,1426
1417,1429
1367,1379
1392,1390
1337,1379
1309,1367
1331,1378
1371,1394
1358,1385
1385,1386
1354,1395
1385,1445
1407,1437
1393,1484
1414,1477
1480,1549
1509,1550
1528,1581
1553,1604
1576,1627
1612,1647
1660,1684
1658,1711
1694,1732
1734,1761
1759,1770
1769,1784
1818,1797
1829,1812
1816,1828
1852,1848
1851,1841
1849,1850
1825,1826
1900,1791
1852,1817
1792,1753
1836,1769
1797,1760
1785,1715
1745,1693
1729,1655
1712,1609
1665,1631
1607,1590
1621,1555
1551,1551
1521,1492
1508,1501
1452,1471
1473,1435
1432,1441
1400,1399
1365,1395
1360,1354
1378,1395
1322,1378
1345,1357
1376,1393
1323,1379
1343,1415
1392,1401
1401,1441
1368,1444
1404,1442
1431,1490
1452,1492
1502,1573
1548,1580
1535,1615
1603,1619
1598,1666
1646,1688
1667,1715
1696,1729
1750,1725
1738,1752
1759,1778
1790,1789
1822,1787
1851,1818
1852,1816
1862,1833
1854,1814
1853,1826
1871,1797
1837,1810
1818,1753
1779,1753
1791,1766
1772,1725
1746,1686
1726,1653
1707,1637
1679,1611
1622,1562
1613,1532
1558,1530
1551,1522
1548,1510
1491,1446
1462,1459
1418,1446
1435,1395
1376,1382
1362,1376
1386,1372
1336,1383
1354,1410
1339,1382
1339,1376
1329,1412
1334,1424
1398,1413
1436,1441
1409,1475
1434,1482
1455,1532
1465,1532
1495,1567
1536,1608
1608,1634
1599,1647
1639,1671
1683,1658
1683,1719
1707,1736
1746,1769
1787,1778
1791,1795
1809,1803
1819,1833
1842,1826
1875,1827
1879,1822
1829,1823
1831,1787
1870,1771
1846,1788
1824,1777
1828,1755
1782,1694
1746,1690
1724,1657
1693,1652
1649,1630
1676,1584
1610,1573
1579,1514
1564,1544
1545,1473
1492,1456
1451,1432
1464,1417
1417,1409
1396,1401
1370,1361
1367,1358
1373,1379
1351,1378
1329,1402
1363,1384
1360,1394
1373,1402
1380,1429
1443,1455
1411,1456
1438,1483
1436,1504
1492,1545
1503,1556
1539,1603
1559,1617
1571,1672
1648,1684
1658,1676
1679,1731
1731,1733
1759,1763
1772,1781
1776,1826
1803,1829
1786,1809
1830,1862
1837,1839
1852,1822
1878,1812
1879,1798
1835,1802
1826,1793
1828,1790
1770,1723
1802,1739
1763,1716
1713,1666
1690,1624
1673,1664
1634,1598
1634,1566
1592,1542
1551,1511
1504,1478
1484,1452
1479,1463
1438,1411
1408,1416
1412,1382
1376,1386
1390,1368
1374,1367
1332,1379
1322,1394
1382,1394
1342,1381
1376,1404
1378,1460
1406,1418
1371,1476
1434,1479
1443,1497
1503,1540
1497,1543
1548,1587
1554,1617
1606,1614
1596,1648
1660,1678
1706,1708
1690,1761
1743,1727
1765,1775
1759,1786
1821,1799
1818,1816
1823,1816
1831,1835
1840,1815
1821,1809
1818,1800
1849,1799
1838,1782
1829,1772
1788,1726
1768,1715
1758,1703
1729,1698
1720,1659
1723,1630
1654,1607
1629,1581
1606,1554
1592,1512
1528,1481
1511,1477
1488,1487
1430,1447
1440,1420
1415,1411
1421,1426
1395,1388
1389,1365
1344,1371
1352,1407
1356,1380
1374,1377
1371,1430
1408,1384
1371,1409
1414,1458
1403,1478
1448,1501
1505,1526
1503,1572
1522,1592
1560,1613
1578,1632
1609,1702
1663,1700
1673,1728
1682,1742
1714,1743
1757,1767
1768,1782
1804,1797
1792,1783
1800,1788
1837,1802
1857,1852
1830,1811
1846,1810
1835,1780
1840,1781
1804,1770
1773,1753
1777,1708
1803,1704
1756,1687
1695,1640
1668,1624
1644,1638
1640,1603
1576,1576
1571,1538
1513,1502
1522,1459
1491,1450
1475,1413
1424,1419
1443,1379
1438,1423
1430,1379
1383,1399
1368,1369
1356,1371
1342,1380
1384,1439
1344,1405
1406,1470
1398,1435
1420,1450
1429,1482
1457,1510
1479,1519
1487,1547
1488,1566
1522,1627
1607,1625
1604,1630
1633,1682
1692,1702
1700,1701
1706,1742
1756,1749
1761,1765
1805,1789
1813,1792
1824,1808
1841,1802
1828,1839
1848,1798
1840,1836
1825,1792
1844,1780
1799,1776
1816,1756
1790,1731
1763,1702
1722,1691
1738,1686
1703,1662
1678,1622
1653,1570
1641,1574
1584,1559
1574,1498
1500,1503
1491,1451
1485,1446
1448,1435
1406,1417
1424,1400
1371,1385
1379,1376
1383,1384
1367,1387
1376,1360
1375,1391
1383,1403
1387,1438
1395,1425
1405,1471
1414,1450
1440,1473
1441,1513
1496,1516
1471,1544
1529,1619
1565,1584
1572,1653
1651,1664
1635,1715
1681,1710
1713,1705
1719,1751
1748,1775
1771,1786
1776,1818
1818,1823
1797,1806
1790,1793
1831,1811
1807,1805
1814,1819
1830,1769
1804,1796
1839,1780
1770,1738
1796,1727
1774,1710
1731,1672
1700,1654
1681,1645
1686,1601
1632,1603
1586,1537
1594,1519
1557,1537
1502,1511
1484,1458
1496,1449
1493,1425
1413,1408
1374,1398
1407,1395
1370,1380
1360,1385
1370,1395
1336,1411
1369,1420
1378,1405
1374,1405
1374,1434
1401,1476
1430,1479
1446,1499
1453,1527
1485,1533
1522,1573
1541,1592
1591,1629
1609,1665
1632,1682
1652,1697
1684,1732
1716,1736
1726,1761
1735,1759
1774,1785
1771,1755
1789,1789
1795,1794
1840,1782
1808,1778
1862,1783
1831,1794
1826,1780
1793,1782
1805,1759
1796,1749
1773,1725
1756,1693
1721,1685
1683,1629
1678,1626
1640,1605
1627,1590
1589,1548
1554,1500
1521,1505
1497,1480
1497,1468
1473,1444
1464,1433
1406,1403
1405,1388
1357,1430
1396,1389
1381,1407
1371,1398
1326,1417
1356,1418
1392,1430
1392,1450
1414,1439
1436,1496
1456,1494
1425,1507
1453,1519
1552,1549
1518,1564
1565,1615
1594,1628
1610,1640
1631,1674
1660,1707
1701,1706
1719,1728
1710,1747
1766,1763
1769,1773
1801,1784
1772,1789
1814,1793
1832,1809
1828,1806
1816,1783
1800,1779
1804,1787
1782,1748
1790,1758
1803,1731
1730,1691
1725,1679
1722,1637
1691,1645
1655,1630
1633,1620
1612,1566
1616,1545
1565,1528
1505,1497
1493,1499
1481,1478
1470,1432
1422,1442
1441,1423
1425,1432
1397,1392
1382,1391
1400,1405
1355,1387
1361,1390
1361,1411
1349,1439
1382,1450
1416,1468
1440,1487
1462,1486
1458,1480
1474,1539
1516,1563
1542,1578
1552,1583
1589,1642
1622,1672
1619,1697
1681,1692
1687,1708
1699,1739
1732,1751
1782,1792
1749,1792
1806,1796
1774,1796
1811,1801
1799,1781
1856,1799
1823,1791
1816,1761
1834,1792
1813,1748
1778,1728
1774,1720
1782,1669
1730,1705
1689,1673
1682,1609
1684,1618
1644,1573
1612,1581
1609,1516
1562,1527
1533,1496
1545,1495
1480,1472
1425,1415
1425,1425
1405,1412
1382,1422
1402,1389
1401,1383
1405,1393
1383,1425
1389,1404
1371,1410
1367,1425
1375,1441
1415,1456
1420,1462
1448,1487
1481,1556
1498,1503
1494,1560
1555,1580
1580,1610
1593,1648
1604,1659
1656,1692
1683,1739
1718,1717
1741,1759
1754,1727
1791,1773
1786,1777
1777,1816
1812,1803
1818,1811
1829,1811
1847,1801
1829,1787
1816,1796
1824,1757
1773,1754
1779,1730
1746,1747
1740,1707
1702,1683
1691,1640
1677,1653
1654,1606
1647,1578
1613,1565
1575,1540
1549,1501
1523,1504
1524,1477
1481,1451
1451,1456
1415,1406
1394,1431
1437,1393
1382,1406
1371,1392
1391,1414
1417,1404
1393,1404
1411,1411
1367,1393
1381,1455
1444,1508
1415,1461
1461,1495
1458,1526
1505,1545
1534,1584
1535,1575
1562,1610
1606,1648
1623,1656
1672,1701
1650,1675
1704,1740
1708,1753
1735,1737
1727,1756
1788,1806
1804,1789
1816,1784
1792,1807
1808,1798
1796,1754
1821,1771
1788,1810
1810,1775
1830,1750
1795,1700
1754,1745
1771,1702
1745,1669
1685,1648
1641,1636
1632,1602
1665,1552
1617,1596
1595,1551
1538,1555
1509,1507
1522,1464
1502,1443
1447,1436
1444,1413
1398,1433
1430,1432
1394,1422
1352,1409
1382,1407
1392,1411
1407,1429
1364,1424
1390,1419
1400,1427
1413,1421
1422,1490
1458,1485
1476,1513
1491,1523
1518,1578
1530,1594
1560,1604
1593,1604
1617,1646
1640,1707
1649,1698
1697,1746
1724,1719
1734,1765
1784,1759
1791,1763
1818,1767
1807,1803
1819,1774
1827,1787
1800,1792
1822,1803
1827,1755
1768,1783
1795,1759
1771,1735
1806,1717
1732,1721
1694,1676
1709,1661
1691,1629
1648,1625
1641,1585
1593,1569
1594,1532
1580,1536
1501,1483
1498,1503
1512,1454
1456,1463
1473,1453
1441,1416
1406,1428
1401,1417
1398,1436
1429,1396
1424,1417
1393,1427
1368,1420
1385,1434
1371,1459
1419,1485
1441,1494
1424,1484
1457,1535
1463,1512
1524,1558
1529,1577
1537,1615
1626,1627
1620,1634
1615,1692
1662,1673
1714,1706
1727,1718
1700,1753
1766,1737
1761,1772
1773,1780
1793,1758
1810,1784
1780,1762
1790,1815
1821,1793
1822,1783
1810,1747
1801,1751
1793,1760
1774,1738
1765,1702
1731,1693
1736,1679
1704,1625
1678,1646
1629,1597
1598,1571
1569,1566
1560,1522
1530,1506
1526,1495
1508,1485
1467,1453
1484,1430
1405,1455
1421,1409
1379,1430
1406,1405
1402,1406
1353,1380
1424,1413
1384,1402
1419,1426
1419,1475
1427,1463
1398,1449
1453,1495
1452,1520
1514,1506
1498,1539
1510,1537
1558,1576
1567,1648
1589,1646
1614,1684
1663,1685
1713,1695
1685,1709
1717,1745
1739,1751
1801,1742
1762,1763
1765,1777
1806,1764
1797,1756
1833,1788
1818,1797
1789,1798
1817,1754
1836,1767
1794,1739
1790,1742
1773,1724
1727,1683
1732,1661
1662,1635
1681,1644
1678,1628
1618,1592
1639,1545
1582,1568
1549,1538
1520,1500
1503,1464
1495,1455
1496,1482
1453,1421
1411,1438
1415,1381
1434,1401
1409,1410
1410,1405
1404,1375
1387,1416
1381,1403
1391,1420
1427,1433
1431,1443
1416,1493
1460,1497
1421,1560
1497,1533
1521,1559
1527,1602
1537,1591
1599,1631
1619,1660
1622,1643
1668,1663
1643,1692
1713,1715
1735,1766
1726,1736
1744,1789
1774,1763
1795,1761
1808,1773
1815,1789
1826,1790
1820,1754
1785,1771
1822,1777
1810,1770
1790,1753
1791,1730
1765,1721
1721,1713
1718,1675
1704,1641
1674,1635
1664,1638
1631,1582
1598,1559
1553,1550
1540,1538
1519,1504
1531,1499
1475,1450
1481,1420
1417,1435
1429,1417
1423,1429
1442,1407
1430,1408
1394,1423
1408,1405
1379,1407
1427,1449
1392,1443
1406,1457
1443,1461
1456,1471
1455,1499
1478,1499
1531,1515
1516,1553
1533,1576
1541,1603
1568,1616
1607,1641
1655,1680
1696,1696
1677,1689
1711,1738
1722,1736
1719,1718
1732,1760
1777,1767
1790,1780
1766,1771
1796,1791
1828,1797
1767,1811
1790,1757
1820,1785
1764,1771
1749,1731
1776,1737
1743,1710
1743,1688
1729,1688
1701,1658
1689,1625
1639,1620
1670,1606
1600,1563
1586,1567
1532,1506
1550,1489
1511,1482
1486,1453
1507,1455
1488,1460
1451,1428
1425,1450
1418,1431
1416,1389
1395,1406
1409,1413
1424,1422
1399,1431
1397,1433
1413,1447
1436,1479
1406,1476
1456,1483
1487,1519
1495,1572
1512,1533
1517,1584
1583,1623
1580,1602
1621,1653
1608,1689
1649,1696
1672,1690
1696,1699
1681,1715
1733,1752
1736,1734
1766,1796
1781,1775
1807,1769
1798,1788
1804,1787
1822,1757
1820,1751
1787,1752
1806,1763
1774,1730
1769,1735
1779,1734
1737,1684
1724,1679
1677,1664
1678,1647
1647,1600
1629,1607
1612,1574
1605,1556
1547,1520
1554,1528
1525,1488
1517,1478
1479,1460
1452,1442
1437,1406
1391,1465
1371,1406
1431,1418
1392,1409
1362,1419
1377,1407
1405,1410
1411,1422
1389,1454
1410,1470
1433,1465
1472,1486
1463,1504
1502,1537
1514,1547
1523,1553
1581,1585
1591,1615
1612,1661
1640,1624
1670,1667
1667,1691
1667,1707
1700,1750
1726,1748
1720,1734
1767,1763
1746,1768
1762,1804
1787,1786
1783,1773
1819,1758
1779,1802
1798,1744
1795,1774
1789,1732
1799,1703
1747,1724
1790,1692
1743,1703
1708,1682
1695,1641
1675,1626
1626,1596
1601,1574
1606,1550
1562,1549
1512,1503
1518,1487
1495,1484
1489,1462
1458,1456
1464,1408
1430,1421
1382,1381
1397,1434
1386,1427
1394,1388
1396,1419
1436,1412
1380,1432
1418,1467
1426,1454
1448,1472
1467,1482
1466,1519
1447,1534
1504,1571
1540,1564
1539,1571
1568,1607
1605,1636
1599,1659
1624,1657
1666,1703
1681,1704
1711,1733
1730,1721
1704,1752
1752,1754
1768,1766
1785,1755
1797,1771
1793,1757
1819,1789
1824,1763
1810,1765
1803,1768
1802,1752
1757,1752
1746,1732
1743,1700
1739,1691
1714,1679
1701,1649
1681,1662
1670,1616
1609,1605
1551,1583
1599,1543
1545,1526
1503,1499
1520,1494
1511,1469
1458,1450
1494,1469
1438,1447
1448,1422
1427,1425
1397,1425
1392,1431
1409,1443
1392,1408
1370,1439
1414,1440
1436,1473
1422,1503
1423,1463
1428,1490
1454,1526
1484,1506
1486,1545
1527,1580
1534,1608
1574,1631
1581,1623
1612,1640
1664,1668
1671,1688
1669,1684
1684,1705
1694,1767
1761,1755
1759,1774
1759,1777
1817,1770
1793,1773
1793,1799
1847,1771
1793,1802
1813,1759
1771,1759
1783,1757
1799,1740
1774,1705
1759,1710
1737,1709
1734,1675
1721,1647
1679,1646
1645,1590
1655,1599
1602,1560
1564,1543
1587,1534
1541,1508
1525,1506
1506,1492
1451,1456
1467,1448
1470,1442
1461,1460
1409,1438
1371,1408
1437,1439
1400,1424
1412,1403
1402,1438
1423,1435
1411,1460
1459,1453
1444,1476
1391,1470
1441,1499
1508,1499
1513,1571
1511,1575
1542,1596
1558,1605
1622,1638
1635,1666
1648,1651
1645,1667
1647,1729
1711,1717
1739,1757
1777,1756
1770,1779
1768,1750
1793,1779
1794,1769
1817,1759
1812,1809
1796,1776
1755,1765
1771,1765
1776,1763
1757,1741
1768,1718
1744,1703
1714,1676
1750,1680
1700,1663
1696,1638
1662,1604
1624,1590
1605,1585
1583,1561
1578,1509
1517,1516
1516,1506
1521,1471
1476,1455
1462,1446
1420,1445
1437,1424
1409,1444
1412,1417
1402,1408
1418,1436
1410,1394
1402,1454
1391,1457
1412,1440
1421,1485
1421,1465
1442,1496
1458,1503
1456,1525
1514,1552
1522,1574
1563,1570
1595,1600
1595,1630
1606,1660
1641,1670
1685,1672
1674,1733
1689,1720
1727,1737
1730,1732
1752,1770
1787,1769
1796,1765
1805,1818
1802,1793
1807,1793
1771,1783
1837,1792
1834,1754
1788,1734
1768,1728
1789,1716
1749,1702
1742,1679
1729,1702
1715,1669
1687,1640
1641,1617
1656,1611
1611,1590
1594,1559
1563,1491
1524,1519
1494,1486
1494,1484
1491,1467
1465,1451
1433,1432
1409,1441
1448,1432
1433,1426
1419,1401
1385,1438
1421,1417
1400,1406
1392,1439
1427,1438
1403,1449
1449,1469
1446,1478
1468,1510
1507,1509
1489,1548
1501,1568
1564,1595
1571,1618
1568,1626
1624,1615
1623,1669
1690,1686
1689,1707
1704,1688
1726,1710
1752,1756
1739,1754
1768,1760
1800,1754
1766,1763
1794,1782
1803,1758
1825,1772
1811,1760
1780,1771
1784,1769
1775,1731
1766,1723
1735,1715
1725,1670
1722,1670
1710,1623
1703,1639
1651,1626
1643,1605
1643,1573
1593,1550
1538,1546
1528,1553
1516,1479
1556,1517
1516,1485
1472,1432
1446,1472
1438,1436
1448,1422
1397,1410
1396,1416
1377,1409
1372,1416
1370,1443
1382,1417
1412,1409
1412,1434
1417,1468
1431,1479
1440,1488
1452,1509
1473,1536
1532,1563
1521,1545
1560,1573
1562,1597
1607,1609
1628,1680
1654,1674
1665,1674
1680,1705
1702,1723
1714,1736
1745,1741
1741,1779
1776,1755
1796,1783
1792,1782
1801,1771
1819,1783
1824,1787
1813,1760
1790,1764
1800,1768
1807,1725
1761,1728
1742,1706
1756,1690
1718,1705
1701,1655
1697,1624
1681,1627
1663,1599
1605,1566
1615,1567
1584,1533
1535,1523
1529,1503
1511,1481
1473,1480
1462,1448
1491,1467
1424,1449
1402,1446
1425,1425
1392,1418
1409,1401
1379,1423
1389,1407
1397,1427
1380,1433
1435,1452
1409,1441
1448,1457
1465,1487
1483,1502
1474,1538
1507,1539
1513,1601
1546,1569
1587,1605
1597,1636
1637,1652
1635,1678
1679,1696
1663,1723
1721,1736
1715,1725
1741,1741
1755,1756
1765,1783
1757,1783
1814,1801
1798,1789
1775,1779
1817,1770
1806,1775
1802,1772
1778,1766
1767,1755
1757,1740
1785,1719
1711,1693
1694,1682
1712,1641
1686,1666
1641,1616
1633,1606
1627,1589
1602,1531
1551,1519
1585,1523
1540,1513
1499,1470
1451,1479
1486,1466
1423,1448
1451,1422
1442,1436
1413,1434
1381,1432
1421,1416
1397,1428
1399,1439
1384,1417
1422,1436
1403,1441
1460,1449
1415,1477
1442,1482
1449,1493
1500,1557
1489,1545
1504,1572
1559,1559
1530,1622
1601,1634
1583,1633
1621,1657
1664,1687
1677,1696
1711,1710
1699,1744
1721,1703
1781,1760
1762,1749
1800,1777
1784,1798
1796,1802
1755,1768
1800,1790
1795,1781
1811,1751
1802,1761
1790,1762
1781,1746
1761,1742
1734,1727
1728,1699
1706,1676
1678,1626
1670,1616
1639,1620
1640,1586
1618,1573
1543,1532
1561,1538
1515,1495
1511,1529
1491,1474
1476,1460
1474,1429
1423,1434
1449,1418
1421,1431
1444,1417
1408,1422
1395,1439
1403,1388
1378,1425
1401,1437
1383,1453
1443,1440
1417,1454
1426,1514
1456,1487
1447,1497
1482,1516
1502,1563
1528,1557
1566,1568
1545,1618
1611,1607
1635,1653
1641,1644
1658,1696
1666,1714
1711,1702
1737,1762
1752,1773
1746,1779
1786,1755
1769,1760
1792,1778
1766,1783
1799,1787
1820,1804
1834,1763
1815,1776
1808,1721
1782,1749
1761,1731
1763,1717
1756,1707
1743,1662
1672,1629
1688,1680
1623,1603
1638,1605
1628,1574
1601,1560
1581,1537
1521,1534
1530,1474
1507,1481
1499,1440
1473,1459
1420,1409
1448,1439
1419,1411
1397,1432
1400,1405
1405,1417
1384,1440
1378,1401
1415,1411
1402,1425
1409,1444
1421,1455
1435,1464
1438,1489
1458,1491
1460,1504
1486,1555
1498,1571
1504,1578
1570,1586
1598,1616
1624,1641
1628,1660
1650,1662
1666,1677
1690,1737
1722,1726
1700,1722
1760,1730
1757,1749
1767,1758
1804,1756
1805,1775
1783,1791
1828,1781
1777,1775
1840,1761
1795,1755
1791,1725
1785,1747
1762,1723
1743,1687
1749,1668
1725,1661
1699,1653
1653,1634
1672,1582
1663,1588
1624,1572
1601,1536
1532,1553
1544,1499
1523,1499
1500,1508
1500,1486
1479,1447
1464,1431
1445,1418
1448,1432
1417,1402
1413,1406
1405,1391
1391,1422
1400,1409
1360,1423
1415,1417
1392,1449
1401,1463
1427,1468
1426,1515
1447,1488
1484,1534
1490,1543
1495,1570
1528,1570
1563,1597
1572,1634
1635,1642
1641,1689
1663,1653
1656,1735
1714,1704
1690,1722
1737,1748
1753,1772
1779,1762
1781,1775
1773,1783
1803,1778
1781,1773
1817,1777
1806,1787
1852,1758
1796,1760
1771,1780
1852,1741
1764,1758
1793,1714
1766,1699
1718,1665
1737,1640
1699,1637
1624,1593
1652,1624
1606,1539
1585,1559
1555,1528
1542,1494
1538,1501
1511,1463
1452,1469
1466,1439
1440,1449
1453,1431
1395,1407
1423,1414
1385,1407
1381,1399
1404,1426
1407,1403
1374,1403
1379,1431
1394,1415
1387,1450
1421,1454
1445,1466
1453,1504
1494,1506
1467,1568
1537,1567
1534,1618
1615,1596
1556,1648
1584,1625
1633,1661
1650,1653
1666,1693
1668,1729
1707,1734
1746,1757
1739,1784
1775,1776
1814,1769
1775,1757
1779,1782
1798,1785
1799,1787
1828,1802
1817,1748
1804,1764
1823,1766
1787,1774
1812,1756
1757,1703
1753,1679
1736,1686
1688,1658
1709,1662
1693,1619
1635,1624
1632,1576
1594,1561
1567,1513
1583,1506
1541,1513
1542,1484
1519,1464
1499,1427
1442,1436
1456,1435
1431,1442
1392,1437
1411,1409
1372,1410
1410,1389
1392,1408
1384,1410
1399,1409
1391,1446
1406,1466
1420,1470
1407,1438
1458,1510
1465,1505
1487,1498
1509,1530
1494,1559
1540,1581
1562,1600
1583,1632
1562,1657
1635,1675
1676,1669
1680,1688
1708,1719
1714,1720
1731,1734
1740,1754
1767,1771
1785,1798
1768,1792
1833,1814
1817,1823
1850,1802
1774,1792
1850,1759
1819,1764
1801,1786
1810,1752
1777,1742
1766,1714
1743,1718
1743,1658
1681,1650
1681,1641
1661,1637
1651,1596
1594,1592
1580,1545
1597,1535
1574,1496
1517,1501
1482,1485
1503,1492
1477,1464
1430,1438
1430,1412
1419,1445
1414,1404
1413,1374
1375,1409
1389,1428
1392,1415
1382,1427
1417,1424
1382,1398
1413,1472
1411,1483
1405,1501
1440,1484
1433,1502
1496,1543
1518,1547
1535,1569
1548,1600
1592,1621
1617,1645
1609,1675
1616,1684
1695,1702
1683,1700
1737,1753
1732,1762
1734,1727
1745,1764
1769,1779
1813,1807
1817,1783
1798,1803
1764,1791
1801,1797
1796,1803
1809,1776
1824,1807
1804,1758
1792,1766
1777,1720
1752,1730
1780,1690
1734,1691
1664,1662
1688,1627
1660,1635
1649,1591
1604,1560
1565,1549
1543,1512
1539,1530
1510,1515
1488,1462
1462,1456
1461,1463
1444,1455
1437,1417
1419,1430
1399,1396
1432,1443
1420,1398
1376,1390
1376,1400
1403,1408
1370,1397
1391,1428
1386,1432
1423,1457
1428,1479
1430,1485
1482,1517
1506,1539
1477,1550
1553,1554
1558,1588
1560,1617
1576,1619
1633,1640
1645,1658
1675,1689
1714,1728
1711,1748
1714,1761
1741,1752
1780,1762
1770,1800
1816,1792
1755,1782
1831,1806
1827,1804
1817,1833
1780,1791
1803,1773
1821,1790
1805,1765
1775,1763
1763,1732
1746,1767
1767,1696
1731,1684
1711,1682
1677,1653
1646,1616
1659,1599
1626,1572
1574,1558
1562,1531
1570,1517
1515,1488
1514,1487
1481,1453
1450,1436
1456,1435
1398,1413
1409,1431
1392,1401
1367,1407
1405,1405
1364,1401
1350,1383
1367,1383
1405,1413
1444,1443
1367,1448
1426,1478
1413,1463
1452,1488
1467,1520
1486,1506
1511,1550
1541,1589
1553,1579
1584,1598
1599,1627
1604,1663
1643,1645
1698,1673
1671,1715
1715,1726
1719,1740
1751,1772
1761,1761
1772,1760
1806,1812
1810,1802
1799,1769
1810,1797
1802,1822
1812,1796
1822,1812
1809,1761
1803,1775
1789,1736
1784,1736
1781,1741
1731,1720
1758,1698
1717,1690
1692,1636
1670,1636
1681,1630
1624,1554
1555,1576
1595,1526
1540,1520
1546,1499
1500,1482
1465,1428
1471,1444
1452,1455
1448,1463
1424,1422
1393,1420
1408,1427
1367,1399
1395,1390
1377,1378
1374,1362
1357,1396
1380,1448
1404,1423
1404,1438
1417,1453
1409,1475
1438,1468
1495,1527
1495,1540
1512,1541
1534,1600
1582,1595
1568,1644
1610,1644
1674,1658
1649,1711
1688,1712
1685,1726
1739,1734
1722,1761
1766,1787
1773,1745
1773,1780
1778,1786
1806,1811
1803,1811
1830,1813
1816,1785
1861,1796
1818,1770
1853,1766
1813,1737
1817,1747
1753,1758
1756,1751
1736,1698
1706,1684
1693,1665
1727,1632
1654,1617
1644,1562
1631,1577
1626,1528
1574,1518
1520,1503
1501,1480
1511,1489
1455,1472
1450,1420
1416,1422
1432,1433
1421,1412
1401,1401
1389,1388
1369,1399
1359,1389
1356,1375
1357,1389
1347,1400
1386,1430
1383,1431
1392,1441
1431,1457
1450,1496
1461,1515
1498,1507
1505,1519
1511,1575
1515,1568
1556,1610
1609,1666
1610,1636
1639,1668
1667,1668
1689,1711
1725,1737
1715,1763
1732,1746
1761,1771
1738,1767
1849,1808
1811,1816
1835,1787
1819,1819
1829,1799
1812,1809
1828,1792
1818,1776
1826,1763
1791,1780
1810,1775
1776,1753
1772,1728
1732,1688
1719,1672
1654,1676
1659,1609
1656,1608
1606,1591
1605,1584
1607,1528
1530,1518
1528,1471
1514,1478
1493,1476
1460,1459
1474,1431
1436,1425
1405,1401
1366,1385
1368,1402
1398,1380
1390,1401
1393,1380
1370,1395
1366,1426
1398,1416
1354,1394
1404,1427
1413,1461
1431,1452
1457,1491
1480,1485
1474,1537
1489,1546
1549,1549
1556,1584
1573,1605
1584,1624
1595,1630
1634,1654
1647,1693
1714,1688
1680,1711
1755,1738
1723,1765
1771,1791
1776,1766
1788,1783
1804,1825
1843,1807
1850,1810
1849,1782
1803,1844
1831,1793
1812,1799
1792,1773
1816,1762
1822,1773
1781,1720
1772,1719
1747,1650
1728,1684
1720,1627
1647,1626
1700,1624
1638,1593
1595,1542
1614,1532
1535,1517
1507,1483
1518,1484
1465,1464
1504,1460
1435,1454
1443,1424
1374,1407
1424,1407
1404,1422
1393,1401
1390,1416
1381,1386
1358,1397
1355,1409
1381,1400
1398,1406
1402,1453
1411,1433
1416,1454
1461,1513
1482,1521
1469,1513
1487,1523
1528,1574
1553,1597
1573,1606
1584,1659
1608,1649
1615,1667
1691,1711
1686,1731
1731,1724
1719,1765
1744,1759
1790,1788
1812,1755
1825,1803
1808,1801
1813,1810
1808,1806
1834,1807
1840,1814
1825,1788
1831,1793
1812,1779
1815,1732
1780,1745
1787,1735
1751,1710
1751,1728
1727,1659
1710,1680
1668,1639
1609,1632
1611,1580
1592,1589
1599,1546
1574,1495
1560,1511
1498,1480
1492,1451
1482,1469
1432,1407
1418,1406
1397,1422
1363,1386
1361,1395
1388,1394
1342,1380
1380,1386
1375,1386
1343,1385
1395,1375
1375,1421
1381,1434
1415,1431
1406,1449
1426,1461
1435,1472
1467,1515
1499,1519
1524,1579
1540,1567
1560,1622
1614,1643
1614,1655
1640,1675
1669,1710
1692,1733
1713,1729
1742,1747
1751,1738
1782,1790
1776,1790
1835,1813
1811,1809
1820,1790
1822,1809
1846,1841
1839,1824
1857,1806
1890,1824
1857,1786
1831,1796
1756,1762
1804,1736
1796,1723
1763,1723
1730,1665
1717,1687
1651,1647
1663,1619
1630,1589
1596,1547
1570,1560
1570,1540
1565,1488
1514,1489
1460,1468
1469,1421
1460,1424
1434,1425
1401,1406
1377,1406
1406,1395
1378,1389
1324,1400
1364,1388
1360,1360
1357,1412
1376,1396
1376,1424
1366,1421
1395,1432
1394,1433
1392,1424
1415,1487
1490,1501
1469,1543
1526,1564
1516,1546
1545,1594
1565,1632
1624,1659
1635,1657
1643,1693
1690,1725
1714,1730
1704,1768
1772,1789
1774,1772
1770,1791
1802,1798
1817,1805
1811,1832
1838,1842
1854,1804
1873,1841
1851,1816
1857,1827
1836,1784
1834,1778
1799,1785
1818,1783
1762,1734
1762,1740
1713,1707
1724,1664
1701,1654
1684,1608
1634,1604
1617,1580
1600,1576
1565,1536
1565,1518
1544,1493
1505,1472
1495,1444
1434,1438
1434,1402
1427,1436
1412,1393
1375,1404
1334,1406
1380,1383
1405,1412
1353,1381
1354,1418
1386,1380
1357,1389
1421,1394
1373,1416
1398,1460
1425,1449
1448,1466
1446,1495
1468,1519
1461,1520
1530,1572
1542,1594
1550,1616
1568,1626
1631,1661
1650,1700
1657,1678
1689,1720
1714,1741
1767,1762
1751,1767
1776,1813
1780,1822
1823,1820
1848,1811
1828,1841
1819,1843
1823,1841
1838,1803
1825,1813
1877,1808
1794,1804
1817,1777
1801,1767
1802,1739
1774,1731
1755,1714
1737,1684
1692,1667
1699,1627
1669,1611
1648,1613
1576,1563
1594,1561
1559,1492
1473,1511
1507,1473
1502,1486
1475,1443
1410,1415
1424,1413
1401,1419
1389,1396
1357,1382
1388,1381
1357,1400
1358,1365
1383,1374
1348,1396
1373,1387
1380,1411
1378,1425
1391,1460
1406,1465
1437,1474
1464,1469
1446,1506
1470,1526
1490,1536
1500,1567
1589,1578
1584,1639
1576,1659
1623,1693
1684,1690
1669,1704
1682,1720
1751,1767
1750,1757
1772,1789
1802,1778
1826,1826
1835,1818
1805,1817
1837,1836
1829,1819
1866,1831
1858,1834
1826,1822
1839,1820
1831,1791
1815,1786
1819,1772
1797,1761
1776,1719
1723,1684
1709,1682
1741,1655
1690,1659
1653,1608
1651,1570
1622,1568
1558,1527
1542,1527
1522,1498
1550,1476
1458,1465
1421,1459
1431,1417
1414,1400
1385,1392
1374,1426
1382,1378
1340,1377
1328,1357
1329,1371
1327,1375
1365,1395
1340,1383
1387,1414
1360,1413
1396,1427
1395,1424
1421,1463
1434,1486
1474,1499
1474,1541
1503,1552
1530,1575
1581,1621
1575,1606
1624,1666
1644,1679
1681,1679
1703,1716
1734,1716
1772,1732
1783,1801
1785,1831
1820,1809
1813,1831
1829,1810
1843,1784
1851,1826
1865,1826
1859,1828
1833,1813
1836,1809
1818,1811
1824,1774
1824,1796
1791,1744
1793,1749
1755,1731
1755,1680
1694,1658
1713,1637
1697,1601
1647,1582
1597,1574
1569,1537
1597,1536
1544,1533
1467,1495
1497,1484
1475,1446
1489,1432
1444,1392
1397,1411
1410,1398
1383,1381
1362,1379
1346,1369
1329,1383
1329,1388
1347,1381
1352,1375
1348,1414
1363,1405
1385,1393
1389,1460
1419,1449
1418,1486
1443,1495
1471,1515
1503,1538
1514,1562
1543,1588
1568,1596
1597,1621
1590,1651
1642,1697
1691,1694
1719,1738
1727,1743
1727,1751
1784,1808
1777,1780
1827,1858
1844,1789
1825,1826
1850,1826
1851,1832
1858,1828
1859,1831
1871,1821
1840,1797
1842,1803
1828,1789
1828,1777
1820,1768
1773,1745
1768,1688
1779,1691
1696,1670
1697,1635
1719,1637
1644,1593
1594,1581
1584,1530
1582,1520
1526,1524
1501,1474
1475,1467
1470,1448
1466,1407
1419,1412
1422,1382
1386,1389
1370,1391
1361,1363
1340,1388
1357,1366
1325,1364
1333,1386
1367,1391
1362,1393
1363,1458
1373,1408
1371,1449
1400,1471
1442,1508
1432,1525
1468,1547
1467,1548
1527,1539
1552,1612
1575,1615
1596,1638
1620,1685
1659,1707
1687,1723
1687,1734
1742,1757
1780,1755
1766,1821
1801,1803
1819,1777
1847,1806
1862,1839
1852,1856
1857,1831
1836,1837
1837,1806
1834,1843
1827,1818
1836,1813
1810,1792
1804,1760
1781,1740
1771,1719
1766,1696
1757,1692
1716,1659
1669,1632
1659,1586
1620,1591
1606,1575
1572,1560
1544,1505
1506,1482
1503,1467
1484,1427
1464,1424
1418,1415
1404,1408
1382,1387
1375,1380
1375,1344
1330,1367
1377,1345
1346,1368
1330,1370
1341,1398
1334,1397
1384,1422
1366,1403
1392,1459
1424,1458
1438,1465
1429,1509
1451,1540
1493,1537
1507,1547
1555,1576
1591,1608
1604,1617
1621,1665
1666,1651
1666,1684
1669,1723
1703,1748
1719,1796
1759,1771
1776,1784
1807,1811
1819,1814
1850,1844
1824,1822
1821,1822
1838,1838
1885,1829
1862,1800
1837,1833
1849,1806
1850,1791
1826,1795
1826,1776
1762,1727
1770,1714
1741,1677
1721,1680
1713,1649
1668,1607
1660,1602
1658,1608
1617,1550
1593,1532
1536,1529
1513,1510
1495,1460
1474,1454
1448,1417
1434,1395
1403,1409
1397,1398
1367,1386
1389,1352
1345,1392
1354,1384
1344,1356
1372,1371
1338,1399
1338,1386
1385,1395
1371,1410
1365,1454
1412,1450
1446,1479
1422,1507
1446,1519
1482,1535
1511,1561
1528,1565
1581,1609
1608,1644
1637,1656
1624,1681
1688,1728
1734,1699
1722,1754
1713,1764
1761,1772
1769,1791
1773,1796
1808,1826
1822,1836
1853,1827
1820,1837
1836,1803
1856,1820
1847,1815
1842,1822
1803,1816
1797,1743
1811,1775
1791,1728
1770,1755
1749,1703
1722,1688
1744,1682
1699,1646
1653,1603
1647,1600
1620,1570
1628,1526
1591,1524
1534,1500
1485,1478
1481,1457
1501,1445
1426,1416
1428,1380
1458,1395
1362,1380
1377,1370
1362,1336
1343,1346
1353,1374
1351,1394
1332,1376
1330,1383
1349,1429
1374,1387
1388,1415
1399,1433
1388,1499
1453,1463
1417,1519
1464,1524
1502,1511
1520,1575
1550,1601
1573,1628
1618,1630
1630,1656
1650,1711
1680,1749
1705,1717
1726,1754
1750,1789
1746,1778
1800,1803
1804,1828
1810,1803
1833,1807
1855,1842
1849,1832
1901,1850
1883,1811
1860,1854
1851,1816
1832,1824
1826,1773
1811,1776
1804,1757
1785,1713
1714,1701
1768,1683
1698,1632
1684,1645
1678,1600
1639,1613
1581,1568
1558,1527
1532,1521
1509,1472
1482,1459
1472,1472
1457,1415
1422,1402
1388,1403
1398,1365
1371,1386
1359,1364
1370,1387
1369,1373
1332,1354
1343,1374
1385,1350
1363,1388
1370,1405
1368,1408
1386,1429
1402,1438
1392,1468
1451,1497
1468,1525
1447,1519
1507,1527
1543,1571
1557,1612
1603,1616
1572,1665
1689,1690
1646,1723
1685,1715
1691,1738
1742,1756
1779,1777
1767,1804
1798,1857
1827,1800
1847,1820
1879,1823
1855,1840
1860,1855
1848,1836
1833,1816
1851,1777
1812,1790
1846,1785
1837,1776
1823,1769
1785,1737
1785,1720
1727,1692
1726,1676
1656,1661
1674,1627
1626,1601
1592,1574
1571,1531
1535,1507
1517,1502
1545,1454
1513,1452
1448,1430
1452,1425
1422,1423
1410,1371
1375,1353
1371,1376
1374,1382
1340,1346
1355,1378
1321,1371
1364,1355
1329,1379
1337,1401
1342,1396
1369,1406
1390,1446
1403,1475
1437,1480
1484,1501
1424,1522
1465,1578
1533,1560
1521,1591
1541,1638
1616,1644
1636,1651
1675,1680
1660,1742
1710,1755
1736,1749
1760,1777
1779,1806
1791,1817
1820,1804
1851,1837
1843,1844
1855,1832
1852,1823
1835,1841
1882,1835
1846,1827
1840,1806
1795,1782
1856,1771
1835,1752
1809,1758
1781,1743
1729,1718
1732,1691
1721,1662
1678,1634
1624,1645
1627,1592
1609,1553
1570,1501
1545,1504
1480,1507
1481,1484
1458,1479
1434,1405
1443,1391
1409,1362
1413,1372
1369,1375
1325,1398
1353,1353
1351,1368
1335,1366
1317,1373
1317,1358
1352,1378
1326,1403
1359,1387
1365,1449
1390,1454
1401,1480
1455,1499
1462,1503
1492,1531
1470,1551
1525,1619
1573,1613
1615,1632
1622,1630
1664,1674
1671,1711
1677,1734
1736,1760
1777,1741
1780,1790
1772,1812
1811,1825
1825,1799
1826,1851
1842,1838
1856,1841
1845,1838
1903,1828
1830,1815
1864,1825
1837,1780
1826,1778
1806,1735
1800,1730
1755,1709
1737,1710
1750,1698
1720,1661
1690,1603
1666,1607
1619,1571
1610,1553
1617,1519
1543,1506
1539,1503
1513,1470
1461,1452
1450,1431
1417,1434
1397,1399
1419,1389
1384,1373
1363,1397
1364,1372
1311,1389
1309,1401
1351,1378
1379,1396
1311,1401
1372,1392
1353,1428
1364,1425
1406,1466
1454,1491
1423,1479
1468,1521
1471,1526
1495,1550
1529,1590
1568,1605
1562,1611
1632,1675
1637,1693
1662,1723
1712,1730
1704,1760
1736,1761
1750,1787
1799,1813
1838,1811
1835,1840
1851,1818
1837,1828
1840,1837
1843,1846
1836,1845
1849,1842
1883,1803
1830,1796
1886,1789
1831,1768
1806,1748
1779,1724
1768,1715
1708,1676
1712,1655
1669,1631
1629,1593
1665,1535
1603,1561
1604,1534
1558,1536
1522,1474
1489,1501
1486,1446
1461,1414
1439,1416
1389,1411
1387,1382
1391,1386
1371,1367
1343,1392
1344,1348
1356,1355
1364,1351
1362,1391
1380,1396
1346,1409
1351,1435
1401,1428
1393,1475
1394,1472
1468,1500
1477,1504
1514,1542
1505,1568
1570,1595
1571,1627
1610,1681
1617,1656
1635,1656
1710,1694
1681,1736
1734,1726
1719,1768
1737,1793
1782,1804
1811,1832
1834,1834
1852,1832
1825,1846
1823,1847
1859,1836
1862,1840
1855,1826
1853,1817
1852,1791
1798,1766
1831,1751
1792,1764
1756,1745
1741,1717
1743,1652
1727,1661
1712,1636
1655,1609
1636,1565
1600,1577
1590,1528
1562,1497
1529,1497
1504,1461
1458,1431
1441,1418
1431,1440
1412,1380
1412,1376
1392,1365
1370,1375
1352,1347
1351,1367
1336,1367
1347,1369
1330,1392
1365,1374
1364,1407
1376,1419
1390,1460
1360,1420
1450,1482
1428,1494
1454,1540
1486,1555
1529,1583
1541,1584
1548,1625
1626,1659
1631,1669
1672,1675
1701,1735
1709,1731
1732,1759
1759,1813
1783,1797
1806,1793
1799,1820
1822,1821
1840,1846
1846,1835
1853,1849
1851,1828
1837,1825
1880,1809
1856,1791
1814,1812
1795,1766
1788,1743
1806,1712
1762,1728
1746,1677
1703,1666
1695,1636
1699,1625
1642,1603
1636,1594
1583,1517
1561,1516
1557,1490
1521,1489
1487,1449
1467,1457
1421,1437
1395,1404
1417,1404
1351,1405
1370,1390
1373,1382
1333,1349
1348,1367
1361,1371
1358,1384
1343,1378
1351,1399
1365,1414
1382,1415
1405,1444
1401,1479
1404,1490
1477,1543
1462,1529
1519,1572
1526,1591
1576,1613
1593,1661
1616,1641
1631,1695
1658,1722
1710,1726
1745,1718
1754,1756
1790,1781
1790,1814
1801,1798
1844,1792
1822,1820
1831,1850
1873,1807
1840,1837
1851,1833
1864,1805
1855,1816
1834,1798
1802,1775
1819,1728
1760,1746
1786,1686
1727,1677
1767,1645
1740,1650
1663,1636
1650,1600
1622,1563
1570,1558
1582,1529
1554,1529
1519,1465
1478,1467
1474,1434
1408,1450
1432,1405
1376,1411
1405,1387
1377,1373
1379,1386
1360,1398
1348,1379
1340,1365
1363,1417
1335,1433
1363,1383
1369,1414
1366,1416
1381,1446
1405,1444
1437,1524
1447,1505
1466,1565
1490,1535
1518,1570
1562,1585
1598,1661
1611,1638
1662,1652
1686,1692
1718,1726
1711,1752
1742,1743
1753,1760
1788,1804
1845,1806
1813,1815
1849,1839
1858,1798
1841,1806
1862,1814
1848,1825
1871,1812
1859,1822
1824,1788
1805,1783
1820,1755
1806,1772
1744,1704
1769,1702
1728,1657
1725,1677
1662,1631
1649,1599
1618,1581
1574,1527
1568,1526
1547,1542
1505,1493
1500,1474
1491,1432
1449,1447
1421,1437
1436,1392
1381,1422
1387,1383
1356,1390
1367,1386
1363,1421
1362,1382
1369,1394
1360,1414
1388,1409
1409,1396
1393,1435
1376,1454
1402,1465
1422,1474
1441,1508
1491,1536
1515,1559
1558,1595
1562,1617
1614,1636
1619,1664
1627,1651
1704,1721
1719,1718
1730,1758
1750,1772
1760,1774
1810,1783
1829,1782
1834,1835
1826,1835
1841,1827
1847,1827
1842,1825
1821,1807
1861,1791
1843,1809
1834,1793
1824,1813
1809,1755
1817,1735
1774,1714
1716,1686
1690,1651
1681,1649
1659,1612
1613,1599
1625,1568
1591,1530
1590,1506
1544,1481
1504,1474
1487,1460
1430,1452
1420,1430
1433,1450
1404,1431
1373,1403
1386,1370
1357,1365
1345,1404
1363,1355
1330,1363
1382,1430
1356,1392
1362,1384
1394,1412
1378,1460
1429,1477
1427,1467
1445,1496
1478,1531
1503,1565
1522,1558
1577,1628
1599,1622
1577,1653
1647,1665
1668,1738
1691,1707
1720,1754
1753,1756
1792,1796
1769,1780
1810,1794
1841,1794
1802,1794
1830,1823
1816,1803
1836,1861
1840,1825
1860,1807
1843,1806
1817,1765
1844,1765
1816,1733
1786,1746
1769,1709
1748,1718
1726,1674
1684,1641
1694,1628
1643,1624
1631,1572
1570,1561
1581,1538
1541,1509
1521,1469
1518,1474
1470,1464
1440,1433
1429,1418
1430,1387
1401,1392
1346,1389
1366,1391
1372,1378
1351,1405
1340,1379
1343,1379
1333,1422
1408,1389
1376,1420
1385,1423
1411,1459
1409,1495
1433,1501
1500,1501
1497,1558
1521,1555
1528,1563
1591,1610
1590,1658
1619,1650
1632,1695
1675,1707
1700,1708
1716,1767
1758,1744
1751,1791
1822,1790
1797,1799
1832,1811
1833,1807
1861,1818
1822,1816
1852,1804
1838,1794
1849,1814
1836,1779
1806,1797
1804,1759
1800,1775
1785,1736
1740,1688
1735,1680
1688,1638
1702,1644
1659,1603
1583,1575
1571,1555
1558,1538
1528,1518
1518,1497
1473,1464
1505,1473
1461,1429
1415,1408
1410,1414
1387,1384
1387,1408
1331,1362
1357,1357
1364,1372
1360,1374
1374,1410
1361,1394
1348,1406
1401,1439
1369,1436
1442,1468
1437,1494
1448,1524
1462,1528
1473,1548
1504,1528
1555,1597
1606,1599
1613,1631
1659,1638
1660,1690
1692,1712
1743,1721
1714,1756
1773,1756
1741,1757
1801,1778
1806,1806
1881,1821
1857,1824
1815,1816
1833,1802
1855,1801
1862,1777
1849,1814
1829,1784
1803,1757
1786,1769
1806,1700
1782,1681
1772,1698
1709,1655
1698,1670
1663,1639
1636,1614
1610,1574
1578,1565
1580,1518
1530,1522
1519,1465
1441,1483
1466,1443
1479,1436
1420,1416
1428,1418
1422,1395
1360,1386
1357,1381
1392,1380
1371,1389
1372,1385
1338,1411
1375,1401
1412,1422
1414,1438
1444,1442
1441,1449
1453,1495
1462,1505
1478,1525
1520,1567
1550,1564
1543,1583
1582,1615
1641,1629
1619,1647
1685,1691
1674,1686
1704,1740
1729,1762
1730,1764
1795,1780
1825,1818
1800,1818
1816,1800
1807,1809
1857,1805
1827,1815
1814,1801
1850,1804
1837,1810
1809,1790
1779,1776
1793,1723
1792,1740
1738,1687
1683,1695
1700,1652
1703,1663
1671,1623
1615,1588
1595,1557
1553,1528
1551,1512
1545,1524
1465,1454
1473,1460
1448,1430
1428,1405
1415,1419
1395,1400
1388,1390
1363,1388
1376,1387
1372,1397
1347,1410
1330,1398
1365,1377
1363,1428
1395,1449
1365,1432
1413,1445
1450,1513
1450,1498
1487,1531
1517,1570
1520,1578
1531,1602
1589,1601
1605,1618
1617,1688
1680,1709
1691,1700
1687,1718
1770,1771
1750,1772
1754,1759
1804,1775
1789,1793
1813,1810
1823,1841
1830,1826
1852,1816
1866,1777
1839,1804
1818,1787
1828,1778
1836,1779
1772,1736
1756,1720
1767,1730
1731,1671
1726,1673
1702,1646
1655,1616
1608,1581
1606,1558
1590,1519
1537,1536
1545,1482
1512,1473
1486,1458
1441,1442
1442,1430
1378,1405
1424,1386
1366,1406
1403,1413
1390,1389
1382,1383
1360,1393
1374,1428
1396,1410
1381,1423
1414,1418
1424,1458
1440,1464
1407,1483
1470,1492
1459,1545
1485,1541
1541,1587
1539,1593
1581,1627
1589,1655
1623,1667
1680,1707
1691,1724
1725,1723
1720,1759
1736,1781
1789,1777
1799,1789
1803,1777
1812,1818
1818,1774
1853,1793
1820,1795
1852,1793
1826,1784
1832,1779
1817,1774
1791,1768
1763,1741
1754,1725
1791,1693
1753,1668
1683,1644
1700,1636
1674,1610
1637,1583
1609,1549
1558,1514
1560,1525
1532,1454
1495,1448
1463,1432
1478,1438
1422,1427
1410,1398
1406,1407
1355,1395
1350,1374
1356,1425
1356,1372
1344,1385
1383,1405
1395,1414
1391,1427
1431,1453
1411,1469
1443,1496
1464,1515
1470,1510
1470,1550
1493,1561
1543,1567
1575,1628
1586,1620
1608,1668
1632,1683
1666,1710
1690,1744
1712,1724
1740,1743
1769,1742
1778,1768
1796,1783
1796,1785
1828,1793
1834,1825
1825,1796
1831,1792
1845,1785
1793,1805
1797,1750
1825,1747
1805,1750
1755,1742
1736,1712
1752,1697
1697,1673
1679,1626
1653,1611
1654,1591
1607,1557
1579,1526
1532,1519
1558,1482
1484,1491
1450,1445
1466,1422
1421,1424
1381,1408
1402,1395
1431,1397
1388,1400
1369,1418
1391,1399
1382,1388
1375,1421
1358,1421
1370,1431
1401,1448
1424,1440
1435,1479
1471,1495
1474,1510
1465,1539
1482,1588
1557,1584
1581,1594
1606,1660
1598,1670
1637,1668
1702,1712
1698,1702
1749,1741
1753,1762
1776,1765
1782,1776
1813,1779
1815,1796
1812,1832
1790,1826
1821,1845
1808,1805
1849,1746
1850,1777
1806,1786
1769,1761
1793,1734
1756,1721
1719,1724
1719,1663
1695,1638
1693,1610
1651,1601
1601,1580
1612,1539
1558,1514
1554,1519
1535,1503
1459,1437
1482,1423
1435,1422
1450,1431
1432,1379
1432,1417
1387,1425
1393,1391
1345,1391
1364,1400
1376,1415
1397,1391
1369,1423
1389,1431
1370,1454
1391,1457
1418,1485
1443,1498
1534,1515
1479,1552
1522,1549
1556,1579
1573,1608
1610,1616
1629,1656
1647,1689
1692,1729
1694,1746
1753,1729
1726,1764
1827,1771
1789,1763
1776,1785
1786,1755
1840,1806
1849,1825
1839,1824
1842,1773
1802,1796
1828,1790
1812,1753
1806,1726
1796,1736
1780,1726
1733,1686
1718,1684
1698,1647
1668,1643
1650,1578
1630,1600
1559,1552
1574,1531
1528,1507
1521,1461
1477,1452
1478,1494
1445,1464
1430,1430
1423,1409
1373,1405
1388,1406
1378,1396
1365,1414
1355,1396
1364,1427
1366,1417
1388,1439
1417,1447
1403,1443
1433,1482
1426,1475
1461,1513
1474,1568
1513,1567
1553,1589
1562,1627
1599,1638
1607,1636
1650,1703
1678,1690
1723,1736
1759,1735
1751,1743
1751,1782
1753,1791
1799,1791
1800,1792
1821,1792
1837,1795
1808,1783
1826,1800
1810,1783
1766,1778
1772,1755
1803,1731
1781,1732
1771,1726
1744,1685
1715,1677
1688,1627
1700,1625
1628,1596
1644,1586
1574,1534
1569,1536
1544,1532
1537,1502
1495,1479
1475,1477
1463,1432
1437,1429
1412,1401
1423,1430
1430,1403
1389,1407
1402,1393
1390,1399
1403,1420
1353,1440
1374,1415
1400,1473
1428,1431
1428,1464
1462,1497
1463,1540
1468,1567
1541,1566
1547,1602
1567,1596
1626,1626
1639,1656
1668,1680
1689,1695
1671,1737
1720,1784
1725,1763
1758,1750
1774,1773
1756,1787
1796,1775
1791,1811
1798,1801
1822,1797
1809,1787
1853,1776
1803,1751
1781,1739
1808,1697
1791,1720
1736,1706
1737,1663
1722,1668
1656,1645
1641,1606
1658,1599
1636,1582
1578,1520
1560,1498
1535,1498
1504,1515
1474,1443
1468,1442
1450,1434
1449,1409
1424,1413
1426,1397
1396,1390
1405,1431
1405,1393
1394,1431
1404,1392
1380,1414
1392,1433
1406,1468
1446,1488
1424,1505
1470,1504
1454,1546
1526,1555
1519,1596
1581,1607
1587,1607
1610,1652
1622,1684
1669,1711
1670,1693
1714,1739
1706,1751
1766,1759
1783,1779
1747,1757
1801,1803
1762,1813
1798,1778
1837,1811
1779,1788
1820,1741
1837,1799
1773,1761
1809,1746
1767,1708
1728,1722
1725,1667
1675,1657
1679,1624
1678,1612
1612,1590
1612,1574
1619,1568
1578,1517
1528,1488
1502,1493
1477,1466
1476,1479
1465,1455
1438,1399
1408,1416
1418,1415
1379,1404
1404,1396
1401,1431
1378,1414
1399,1422
1377,1458
1406,1461
1372,1447
1446,1461
1445,1476
1436,1506
1492,1529
1513,1560
1534,1554
1533,1593
1555,1626
1620,1644
1622,1689
1657,1676
1686,1703
1701,1698
1695,1768
1764,1746
1768,1763
1761,1771
1763,1774
1788,1806
1805,1792
1815,1798
1789,1780
1799,1749
1823,1762
1772,1739
1777,1737
1822,1710
1765,1677
1727,1720
1711,1683
1679,1629
1663,1620
1628,1591
1610,1591
1574,1555
1583,1525
1531,1514
1492,1503
1506,1466
1491,1439
1453,1467
1459,1425
1414,1427
1399,1419
1399,1402
1376,1406
1389,1425
1379,1418
1397,1421
1411,1428
1419,1445
1404,1486
1447,1451
1434,1510
1494,1528
1528,1555
1498,1568
1548,1603
1538,1573
1564,1644
1667,1673
1617,1674
1692,1664
1671,1705
1700,1723
1728,1752
1734,1757
1743,1761
1811,1785
1798,1775
1802,1778
1798,1775
1826,1781
1813,1794
1795,1770
1783,1766
1781,1742
1746,1740
1753,1718
1761,1704
1754,1675
1708,1652
1668,1658
1630,1606
1613,1578
1601,1567
1580,1569
1570,1540
1520,1493
1508,1495
1498,1464
1453,1465
1470,1448
1425,1432
1398,1409
1416,1417
1403,1439
1401,1429
1370,1424
1391,1429
1401,1407
1423,1448
1417,1458
1449,1457
1451,1491
1449,1507
1473,1526
1507,1549
1537,1563
1543,1594
1606,1604
1598,1618
1642,1642
1655,1652
1642,1717
1712,1698
1707,1731
1715,1746
1734,1745
1778,1740
1797,1785
1798,1794
1794,1780
1809,1769
1825,1808
1804,1801
1815,1775
1779,1767
1784,1730
1756,1736
1745,1708
1698,1669
1692,1655
1708,1668
1635,1604
1626,1605
1630,1557
1587,1531
1523,1558
1531,1504
1523,1491
1497,1498
1482,1464
1436,1454
1409,1439
1423,1424
1411,1434
1387,1421
1374,1398
1399,1413
1400,1409
1411,1435
1401,1447
1364,1449
1441,1483
1470,1490
1445,1493
1478,1504
1507,1545
1553,1579
1557,1571
1571,1611
1589,1636
1637,1673
1670,1673
1654,1715
1717,1737
1728,1719
1710,1781
1796,1740
1797,1768
1757,1784
1829,1771
1798,1784
1782,1794
1832,1771
1787,1763
1798,1776
1818,1760
1787,1730
1788,1722
1757,1716
1746,1671
1710,1646
1709,1631
1645,1641
1658,1579
1607,1567
1599,1528
1532,1515
1557,1506
1508,1478
1473,1454
1460,1445
1449,1446
1415,1437
1448,1416
1395,1425
1435,1429
1419,1392
1387,1409
1404,1421
1408,1451
1416,1457
1416,1474
1469,1507
1453,1485
1462,1503
1462,1519
1529,1542
1556,1598
1556,1598
1564,1651
1583,1663
1626,1685
1641,1646
1700,1699
1702,1730
1752,1739
1770,1735
1781,1774
1764,1786
1799,1798
1777,1797
1793,1790
1801,1782
1795,1772
1791,1770
1797,1738
1789,1732
1781,1715
1747,1730
1729,1690
1735,1676
1666,1634
1690,1629
1639,1628
1568,1580
1576,1528
1572,1561
1542,1527
1548,1501
1520,1480
1497,1472
1446,1440
1465,1435
1385,1443
1456,1400
1413,1431
1437,1418
1399,1397
1415,1399
1413,1424
1396,1430
1415,1462
1420,1454
1446,1499
1486,1495
1507,1539
1494,1544
1515,1561
1573,1630
1594,1616
1629,1628
1651,1657
1648,1674
1689,1705
1699,1704
1731,1760
1754,1740
1733,1769
1775,1793
1789,1766
1799,1785
1790,1763
1808,1785
1816,1778
1776,1756
1805,1750
1774,1728
1758,1709
1745,1689
1743,1701
1729,1638
1699,1661
1686,1615
1665,1617
1622,1599
1610,1584
1580,1526
1571,1520
1535,1524
1524,1453
1486,1443
1461,1465
1416,1415
1415,1432
1383,1410
1432,1428
1399,1407
1368,1405
1369,1416
1381,1453
1415,1464
1413,1433
1428,1461
1456,1515
1485,1506
1467,1520
1489,1549
1514,1577
1595,1582
1587,1627
1653,1645
1629,1650
1673,1673
1646,1703
1745,1719
1703,1762
1713,1755
1730,1776
1775,1794
1793,1764
1764,1772
1811,1790
1788,1769
1789,1784
1813,1742
1773,1738
1803,1731
1782,1730
1741,1729
1731,1669
1710,1672
1700,1657
1644,1621
1635,1591
1610,1594
1574,1558
1579,1529
1532,1529
1497,1498
1512,1480
1447,1453
1458,1422
1433,1426
1421,1419
1407,1418
1370,1419
1394,1446
1407,1442
1391,1457
1417,1428
1409,1473
1396,1460
1459,1470
1456,1501
1453,1513
1493,1556
1502,1535
1534,1566
1570,1609
1584,1635
1656,1627
1636,1664
1671,1686
1692,1709
1721,1741
1736,1757
1763,1756
1779,1761
1761,1782
1772,1802
1811,1796
1805,1780
1787,1794
1797,1743
1783,1785
1795,1750
1806,1748
1736,1713
1720,1688
1713,1678
1699,1646
1682,1633
1658,1585
1607,1584
1634,1579
1590,1505
1522,1538
1519,1498
1512,1455
1484,1496
1485,1469
1429,1440
1424,1434
1411,1404
1414,1420
1400,1411
1405,1416
1399,1448
1405,1415
1385,1446
1450,1469
1450,1493
1436,1512
1458,1513
1461,1516
1500,1556
1527,1571
1579,1586
1608,1619
1591,1644
1636,1700
1660,1674
1683,1689
1675,1718
1715,1755
1759,1748
1764,1761
1783,1766
1785,1804
1794,1781
1800,1767
1804,1776
1784,1810
1803,1780
1763,1748
1775,1774
1744,1727
1736,1699
1714,1671
1714,1654
1676,1631
1704,1630
1626,1582
1624,1562
1602,1532
1556,1517
1493,1490
1511,1487
1507,1482
1485,1475
1446,1467
1430,1441
1423,1413
1399,1441
1415,1431
1419,1447
1422,1441
1393,1417
1420,1465
1424,1429
1431,1489
1438,1482
1447,1505
1459,1537
1511,1550
1540,1542
1542,1607
1582,1613
1597,1635
1616,1648
1660,1673
1650,1729
1691,1727
1708,1727
1728,1765
1752,1783
1803,1777
1753,1771
1792,1808
1821,1773
1783,1795
1775,1773
1754,1733
1806,1773
1779,1716
1734,1715
1739,1695
1711,1682
1724,1650
1669,1652
1643,1601
1632,1591
1629,1582
1589,1554
1534,1505
1531,1510
1510,1480
1457,1486
1468,1463
1437,1434
1464,1414
1407,1463
1392,1424
1403,1435
1400,1417
1393,1441
1414,1442
1402,1455
1431,1453
1463,1477
1453,1478
1475,1521
1496,1536
1534,1550
1532,1590
1571,1598
1602,1628
1619,1645
1645,1669
1680,1694
1707,1692
1715,1722
1746,1736
1750,1750
1764,1761
1772,1780
1818,1791
1822,1767
1793,1789
1784,1769
1766,1789
1790,1751
1753,1723
1800,1716
1748,1683
1725,1679
1716,1678
1642,1660
1678,1644
1632,1597
1604,1578
1634,1544
1533,1511
1517,1509
1506,1473
1494,1463
1474,1429
1443,1431
1453,1437
1412,1435
1458,1395
1432,1421
1390,1377
1379,1440
1415,1426
1418,1444
1411,1468
1415,1523
1456,1515
1450,1509
1460,1525
1497,1532
1526,1559
1552,1592
1583,1612
1647,1617
1628,1669
1665,1678
1669,1697
1710,1725
1714,1731
1745,1777
1777,1777
1804,1780
1779,1784
1782,1780
1792,1763
1807,1755
1778,1762
1794,1739
1794,1738
1751,1716
1733,1685
1730,1717
1696,1678
1694,1658
1687,1634
1611,1613
1630,1571
1582,1553
1568,1530
1548,1492
1522,1496
1479,1464
1470,1460
1476,1431
1438,1447
1417,1421
1425,1428
1406,1420
1360,1409
1423,1432
1377,1424
1389,1413
1406,1488
1403,1477
1455,1466
1478,1486
1495,1537
1507,1536
1510,1558
1525,1596
1566,1619
1611,1622
1635,1641
1646,1669
1692,1736
1715,1707
1761,1771
1752,1740
1737,1776
1750,1786
1796,1780
1800,1791
1825,1805
1788,1789
1787,1769
1813,1753
1775,1754
1755,1729
1756,1719
1740,1711
1697,1692
1666,1660
1673,1623
1646,1617
1618,1576
1591,1554
1555,1529
1533,1506
1522,1507
1494,1486
1473,1487
1439,1423
1420,1442
1455,1428
1437,1436
1367,1444
1382,1427
1391,1444
1418,1428
1443,1437
1375,1456
1443,1450
1456,1451
1456,1535
1513,1521
1503,1553
1545,1567
1559,1614
1572,1618
1613,1647
1649,1677
1675,1662
1706,1691
1709,1719
1730,1772
1760,1748
1758,1775
1772,1771
1793,1771
1806,1791
1810,1806
1803,1781
1778,1739
1756,1750
1778,1714
1761,1749
1771,1711
1717,1671
1700,1690
1705,1620
1646,1602
1617,1608
1624,1581
1574,1524
1525,1529
1542,1501
1502,1485
1464,1470
1500,1457
1466,1457
1391,1446
1390,1418
1410,1450
1391,1435
1403,1432
1377,1461
1405,1425
1436,1434
1430,1491
1441,1488
1459,1528
1495,1489
1502,1569
1515,1564
1539,1576
1572,1605
1609,1636
1613,1656
1671,1664
1665,1687
1699,1723
1731,1707
1775,1760
1754,1786
1754,1792
1790,1801
1775,1770
1787,1790
1782,1803
1809,1760
1785,1777
1798,1784
1759,1768
1759,1724
1729,1706
1707,1673
1678,1633
1671,1612
1642,1608
1618,1591
1590,1573
1579,1520
1540,1514
1507,1504
1478,1431
1457,1464
1455,1450
1431,1441
1441,1401
1416,1429
1380,1434
1384,1389
1361,1402
1394,1425
1406,1463
1428,1447
1442,1488
1436,1492
1428,1525
1509,1533
1543,1536
1526,1568
1571,1589
1621,1650
1615,1665
1661,1687
1667,1669
1673,1713
1689,1724
1741,1737
1744,1753
1760,1778
1782,1779
1785,1778
1811,1770
1817,1772
1809,1770
1769,1754
1781,1758
1750,1696
1766,1718
1753,1688
1735,1658
1662,1657
1702,1643
1675,1619
1624,1614
1588,1559
1588,1538
1523,1512
1488,1483
1516,1478
1446,1437
1452,1429
1423,1396
1427,1439
1381,1393
1390,1413
1374,1425
1387,1412
1404,1407
1406,1456
1414,1469
1442,1441
1435,1475
1488,1486
1503,1529
1523,1550
1513,1578
1550,1597
1623,1631
1597,1646
1618,1650
1692,1693
1703,1700
1700,1746
1726,1765
1746,1742
1783,1781
1808,1801
1772,1771
1816,1782
1784,1756
1816,1764
1823,1798
1789,1774
1790,1730
1775,1705
1755,1703
1750,1708
1662,1632
1676,1639
1644,1599
1589,1579
1616,1566
1549,1537
1556,1533
1513,1479
1521,1473
1473,1431
1478,1418
1450,1434
1416,1409
1390,1404
1405,1429
1398,1420
1361,1411
1430,1425
1393,1433
1405,1457
1441,1472
1423,1478
1471,1511
1501,1525
1513,1556
1565,1586
1570,1598
1603,1625
1635,1650
1647,1698
1672,1699
1678,1739
1741,1742
1756,1740
1759,1784
1773,1796
1770,1783
1778,1767
1804,1794
1830,1785
1788,1759
1770,1777
1780,1727
1790,1736
1735,1743
1730,1695
1712,1664
1678,1641
1666,1628
1639,1611
1615,1584
1593,1571
1539,1528
1538,1484
1497,1476
1467,1457
1454,1462
1431,1422
1447,1438
1379,1416
1428,1390
1427,1400
1405,1447
1398,1437
1416,1406
1406,1445
1408,1412
1445,1463
1452,1536
1486,1511
1502,1526
1533,1561
1565,1572
1559,1635
1591,1629
1622,1681
1643,1659
1663,1706
1708,1739
1737,1732
1755,1785
1733,1788
1804,1791
1804,1770
1821,1809
1818,1748
1810,1776
1811,1772
1795,1734
1780,1730
1791,1715
1769,1697
1717,1682
1713,1674
1684,1630
1670,1591
1672,1575
1602,1592
1560,1545
1573,1508
1496,1479
1523,1489
1464,1468
1442,1448
1443,1410
1417,1412
1394,1394
1383,1385
1405,1435
1407,1415
1351,1426
1383,1424
1394,1466
1394,1444
1408,1481
1461,1507
1484,1495
1507,1536
1512,1591
1564,1595
1582,1622
1627,1631
1646,1687
1671,1705
1694,1727
1699,1752
1751,1756
1770,1784
1780,1769
1788,1794
1829,1806
1813,1815
1822,1797
1826,1769
1805,1741
1792,1758
1790,1730
1795,1701
