ch1,ch2
1598,1665
1663,1694
1642,1688
1644,1744
1704,1725
1730,1756
1765,1791
1798,1754
1826,1766
1844,1799
1827,1787
1845,1815
1810,1800
1846,1774
1859,1797
1834,1791
1807,1723
1797,1736
1734,1707
1717,1686
1712,1632
1635,1604
1645,1591
1584,1553
1588,1548
1526,1502
1517,1500
1494,1456
1455,1434
1424,1415
1443,1405
1392,1392
1382,1417
1387,1383
1362,1389
1327,1372
1391,1412
1377,1430
1377,1411
1398,1470
1463,1504
1388,1477
1487,1536
1446,1554
1508,1538
1540,1605
1597,1642
1629,1695
1663,1673
1663,1671
1686,1744
1725,1747
1744,1770
1776,1770
1796,1779
1819,1792
1812,1816
1846,1824
1799,1779
1819,1783
1799,1777
1797,1747
1793,1766
1790,1750
1741,1701
1718,1694
1706,1657
1690,1631
1587,1587
1593,1577
1575,1571
1548,1549
1493,1515
1494,1455
1487,1472
1448,1401
1439,1418
1391,1409
1399,1365
1316,1411
1388,1417
1344,1392
1356,1427
1409,1422
1338,1429
1368,1447
1422,1443
1437,1506
1461,1496
1504,1546
1500,1565
1564,1588
1622,1657
1611,1653
1637,1702
1645,1697
1718,1725
1712,1718
1763,1760
1760,1781
1791,1788
1806,1822
1838,1819
1840,1841
1823,1830
1827,1789
1845,1810
1802,1780
1831,1770
1770,1733
1773,1735
1752,1712
1730,1664
1734,1637
1651,1581
1600,1603
1603,1539
1547,1534
1552,1539
1481,1485
1452,1440
1427,1419
1407,1418
1410,1383
1418,1401
1386,1402
1387,1380
1356,1410
1363,1389
1327,1391
1369,1429
1397,1417
1438,1481
1422,1516
1429,1501
1494,1541
1526,1559
1539,1594
1559,1631
1611,1636
1654,1680
1658,1706
1728,1701
1751,1741
1732,1749
1764,1800
1825,1771
1817,1824
1842,1838
1825,1796
1799,1822
1831,1808
1821,1806
1833,1799
1810,1764
1767,1721
1788,1690
1755,1701
1731,1647
1710,1668
1641,1616
1646,1579
1636,1544
1566,1507
1541,1522
1486,1482
1419,1458
1460,1430
1420,1435
1353,1412
1360,1381
1406,1407
1381,1369
1378,1381
1377,1372
1360,1411
1390,1407
1385,1441
1402,1464
1405,1461
1464,1542
1484,1537
1500,1587
1522,1603
1550,1574
1629,1642
1623,1670
1665,1703
1751,1723
1729,1748
1709,1749
1770,1805
1774,1801
1840,1832
1839,1814
1841,1816
1883,1776
1853,1814
1836,1790
1855,1796
1773,1751
1769,1778
1744,1728
1714,1708
1709,1672
1683,1632
1642,1627
1627,1588
1605,1554
1538,1516
1554,1491
1440,1448
1465,1463
1414,1398
1429,1371
1403,1410
1395,1377
1354,1404
1366,1365
1340,1391
1363,1389
1345,1428
1380,1404
1362,1438
1414,1443
1417,1491
1430,1493
1470,1501
1492,1587
1548,1577
1589,1623
1627,1651
1667,1675
1676,1714
1695,1740
1727,1748
1772,1818
1822,1778
1780,1810
1851,1808
1828,1829
1838,1829
1835,1860
1838,1824
1844,1780
1837,1806
1830,1781
1790,1741
1781,1735
1784,1643
1721,1693
1693,1644
1659,1600
1618,1568
1603,1538
1563,1538
1556,1493
1528,1470
1482,1432
1400,1395
1406,1413
1407,1375
1382,1370
1376,1369
1371,1355
1388,1407
1349,1378
1361,1398
1367,1422
1398,1441
1419,1452
1413,1478
1443,1520
1452,1521
1467,1557
1541,1599
1586,1600
1649,1652
1694,1715
1680,1701
1743,1718
1757,1754
1730,1776
1775,1756
1823,1785
1778,1861
1848,1838
1831,1824
1892,1812
1810,1803
1847,1803
1831,1744
1838,1771
1770,1758
1742,1742
1758,1681
1714,1686
1682,1670
1644,1630
1621,1567
1565,1561
1529,1535
1527,1494
1486,1441
1478,1482
1469,1415
1441,1417
1390,1379
1355,1369
1381,1338
1365,1362
1332,1388
1315,1390
1322,1369
1350,1413
1396,1445
1407,1474
1435,1487
1451,1536
1464,1542
1541,1591
1541,1622
1574,1621
1612,1659
1699,1672
1693,1730
1716,1741
1730,1755
1743,1797
1799,1799
1791,1828
1805,1802
1834,1801
1838,1821
1867,1802
1796,1839
1827,1781
1826,1805
1806,1764
1745,1744
1784,1716
1750,1669
1714,1649
1713,1615
1611,1611
1592,1582
1594,1529
1534,1493
1500,1457
1459,1493
1475,1414
1429,1392
1432,1388
1393,1402
1351,1362
1335,1430
1375,1355
1307,1391
1315,1382
1353,1372
1412,1413
1346,1447
1393,1479
1413,1497
1453,1493
1507,1545
1531,1595
1545,1585
1570,1648
1617,1669
1653,1699
1687,1705
1740,1784
1783,1771
1733,1818
1797,1795
1872,1807
1850,1849
1822,1799
1833,1862
1881,1820
1829,1804
1834,1803
1799,1777
1809,1730
1771,1756
1759,1715
1760,1680
1706,1663
1703,1609
1612,1558
1615,1565
1541,1535
1521,1479
1476,1483
1460,1446
1450,1436
1458,1422
1408,1360
1424,1409
1389,1358
1354,1390
1354,1396
1332,1373
1378,1429
1362,1407
1376,1432
1398,1455
1429,1440
1434,1469
1509,1523
1496,1567
1580,1591
1573,1616
1608,1651
1648,1668
1675,1720
1702,1736
1715,1742
1783,1777
1850,1806
1823,1837
1866,1804
1804,1826
1854,1808
1860,1836
1871,1808
1814,1802
1812,1801
1790,1760
1823,1733
1783,1689
1802,1685
1730,1673
1674,1609
1657,1619
1620,1566
1571,1534
1582,1548
1535,1509
1496,1459
1446,1479
1456,1435
1432,1389
1384,1385
1352,1395
1343,1351
1337,1391
1344,1384
1346,1366
1369,1387
1393,1389
1381,1416
1405,1450
1431,1482
1488,1536
1486,1545
1517,1571
1583,1590
1567,1630
1673,1677
1672,1707
1698,1712
1722,1762
1752,1760
1770,1798
1815,1823
1812,1808
1843,1813
1834,1854
1844,1821
1859,1805
1865,1845
1875,1788
1800,1786
1802,1770
1795,1723
1770,1696
1757,1684
1729,1643
1675,1634
1629,1573
1611,1542
1549,1531
1533,1480
1493,1484
1443,1488
1425,1424
1410,1420
1405,1414
1385,1338
1354,1387
1341,1384
1337,1359
1362,1408
1355,1418
1377,1407
1436,1400
1389,1443
1429,1479
1466,1487
1449,1521
1484,1553
1568,1566
1558,1623
1601,1670
1616,1685
1650,1738
1725,1712
1734,1784
1779,1758
1778,1805
1824,1823
1845,1787
1845,1840
1856,1800
1809,1831
1869,1805
1839,1831
1867,1783
1812,1771
1803,1754
1738,1728
1788,1679
1740,1657
1686,1616
1619,1603
1641,1582
1552,1548
1532,1502
1544,1475
1514,1442
1472,1426
1425,1442
1388,1390
1347,1394
1339,1367
1365,1385
1343,1395
1377,1367
1386,1383
1418,1396
1414,1397
1374,1437
1364,1436
1437,1491
1502,1523
1500,1553
1535,1583
1583,1620
1591,1638
1629,1668
1682,1734
1675,1694
1750,1770
1746,1756
1817,1811
1766,1862
1799,1860
1838,1807
1878,1815
1824,1835
1862,1813
1828,1818
1849,1788
1843,1756
1838,1725
1794,1775
1786,1739
1750,1669
1685,1657
1670,1611
1636,1559
1590,1545
1550,1496
1562,1489
1511,1446
1445,1461
1415,1449
1394,1402
1392,1357
1367,1328
1360,1354
1321,1359
1347,1368
1332,1377
1354,1422
1379,1393
1351,1410
1392,1465
1407,1504
1468,1479
1482,1539
1545,1548
1550,1624
1544,1604
1632,1635
1614,1678
1711,1708
1712,1736
1754,1802
1803,1789
1820,1816
1855,1793
1831,1845
1890,1821
1823,1815
1859,1840
1862,1801
1852,1807
1875,1807
1815,1740
1768,1720
1752,1709
1730,1660
1709,1651
1625,1638
1643,1594
1607,1579
1538,1533
1504,1500
1480,1467
1439,1450
1435,1411
1415,1426
1367,1385
1372,1375
1366,1359
1352,1368
1329,1378
1334,1379
1351,1377
1344,1372
1368,1428
1337,1473
1439,1495
1463,1497
1477,1547
1504,1557
1542,1608
1561,1583
1636,1626
1599,1682
1697,1684
1727,1757
1733,1732
1760,1771
1812,1796
1803,1838
1861,1841
1808,1857
1874,1831
1807,1815
1873,1850
1908,1808
1827,1819
1829,1754
1827,1769
1793,1725
1721,1695
1756,1668
1660,1627
1633,1579
1609,1561
1576,1580
1492,1447
1521,1495
1494,1459
1431,1417
1442,1409
1433,1376
1397,1382
1332,1366
1339,1358
1344,1391
1318,1375
1325,1385
1386,1382
1378,1409
1381,1423
1407,1447
1449,1447
1446,1512
1475,1564
1542,1571
1554,1631
1600,1667
1628,1684
1684,1686
1713,1740
1740,1740
1764,1782
1813,1801
1794,1822
1825,1803
1878,1833
1825,1823
1829,1803
1843,1800
1850,1837
1882,1797
1818,1793
1806,1770
1749,1734
1765,1690
1752,1651
1695,1654
1657,1633
1617,1582
1537,1522
1554,1518
1537,1478
1454,1439
1449,1423
1424,1377
1444,1389
1362,1401
1373,1339
1379,1363
1333,1345
1332,1370
1324,1364
1372,1383
1333,1400
1403,1417
1398,1454
1462,1441
1470,1511
1472,1535
1514,1560
1548,1575
1587,1649
1641,1693
1641,1701
1678,1725
1750,1768
1752,1761
1772,1824
1830,1823
1800,1801
1861,1820
1871,1859
1851,1836
1861,1876
1864,1797
1833,1788
1791,1784
1804,1749
1779,1722
1751,1684
1711,1684
1700,1633
1634,1617
1647,1578
1572,1552
1572,1520
1513,1462
1464,1461
1409,1423
1430,1409
1412,1377
1385,1397
1320,1370
1359,1373
1332,1372
1361,1359
1343,1393
1342,1379
1361,1388
1359,1430
1386,1458
1389,1466
1469,1482
1490,1545
1523,1574
1576,1609
1592,1625
1657,1702
1648,1677
1729,1738
1726,1752
1774,1778
1818,1784
1844,1817
1829,1801
1863,1852
1830,1807
1870,1816
1856,1842
1884,1800
1832,1764
1866,1780
1830,1746
1807,1727
1746,1727
1743,1675
1716,1643
1638,1620
1630,1568
1585,1569
1523,1510
1506,1499
1481,1439
1455,1453
1386,1387
1422,1398
1398,1408
1321,1378
1314,1356
1342,1378
1327,1386
1338,1354
1335,1410
1380,1406
1372,1444
1398,1453
1413,1484
1426,1514
1481,1513
1550,1547
1571,1632
1590,1632
1612,1667
1640,1694
1708,1705
1708,1749
1758,1782
1787,1778
1817,1798
1853,1823
1855,1822
1812,1834
1836,1860
1855,1812
1856,1855
1842,1818
1837,1764
1792,1726
1811,1742
1771,1709
1771,1660
1723,1651
1695,1619
1639,1583
1604,1571
1555,1530
1544,1492
1477,1444
1462,1411
1426,1427
1408,1385
1378,1380
1393,1361
1338,1351
1327,1346
1364,1392
1341,1395
1363,1407
1390,1405
1333,1447
1421,1426
1406,1502
1465,1482
1463,1556
1467,1563
1537,1617
1585,1614
1641,1652
1632,1720
1661,1740
1715,1745
1754,1748
1786,1783
1791,1816
1812,1828
1814,1864
1841,1862
1826,1814
1843,1835
1830,1827
1846,1778
1850,1777
1818,1758
1770,1713
1759,1693
1704,1642
1712,1630
1669,1640
1659,1569
1596,1532
1581,1507
1532,1511
1463,1484
1421,1429
1418,1403
1387,1362
1384,1412
1370,1348
1376,1385
1361,1372
1336,1407
1368,1391
1355,1384
1342,1396
1360,1455
1389,1458
1424,1470
1433,1519
1490,1547
1509,1574
1553,1625
1606,1625
1632,1680
1648,1704
1724,1721
1740,1772
1763,1801
1789,1801
1796,1788
1822,1812
1855,1857
1867,1833
1816,1855
1852,1842
1856,1796
1837,1813
1864,1793
1821,1763
1806,1729
1765,1715
1751,1690
1689,1645
1646,1619
1587,1612
1604,1568
1583,1512
1536,1477
1480,1472
1411,1401
1409,1423
1397,1396
1374,1379
1338,1382
1328,1365
1344,1345
1345,1355
1339,1376
1351,1386
1365,1386
1369,1449
1439,1431
1414,1459
1409,1481
1477,1549
1512,1584
1527,1620
1558,1629
1615,1669
1688,1661
1681,1737
1736,1700
1807,1815
1755,1765
1791,1805
1844,1834
1867,1822
1847,1814
1840,1830
1855,1848
1819,1812
1833,1799
1867,1759
1753,1746
1779,1723
1731,1694
1703,1691
1721,1620
1688,1618
1678,1576
1637,1572
1555,1504
1518,1481
1495,1484
1438,1427
1406,1418
1404,1401
1397,1373
1384,1320
1332,1360
1349,1353
1354,1386
1358,1381
1326,1415
1352,1379
1393,1382
1402,1465
1411,1456
1468,1506
1491,1539
1515,1583
1548,1608
1549,1643
1615,1655
1645,1708
1640,1733
1702,1777
1762,1788
1795,1799
1792,1807
1822,1813
1864,1807
1841,1827
1820,1782
1852,1798
1847,1790
1874,1814
1831,1771
1812,1777
1757,1774
1761,1706
1697,1688
1664,1654
1689,1594
1627,1590
1556,1561
1541,1545
1544,1500
1511,1478
1454,1437
1431,1455
1436,1372
1347,1412
1400,1358
1312,1384
1344,1392
1309,1370
1369,1374
1326,1391
1358,1401
1374,1470
1405,1434
1408,1508
1436,1516
1496,1529
1530,1556
1573,1620
1566,1627
1640,1676
1644,1708
1725,1756
1744,1724
1771,1764
1827,1799
1784,1821
1828,1816
1838,1828
1820,1831
1859,1813
1869,1800
1854,1818
1839,1789
1813,1811
1823,1777
1784,1726
1765,1668
1750,1688
1716,1653
1671,1601
1639,1572
1605,1540
1530,1516
1534,1468
1508,1459
1413,1426
1390,1428
1354,1439
1376,1364
1368,1401
1397,1377
1377,1380
1364,1396
1366,1401
1375,1366
1386,1423
1390,1441
1370,1448
1434,1495
1439,1534
1472,1530
1550,1569
1547,1613
1603,1639
1628,1660
1648,1676
1711,1706
1712,1761
1766,1777
1769,1792
1805,1789
1839,1851
1844,1809
1866,1816
1857,1829
1852,1815
1809,1824
1815,1799
1855,1786
1801,1760
1794,1717
1778,1685
1755,1685
1704,1677
1649,1572
1641,1571
1593,1571
1553,1526
1533,1464
1508,1464
1439,1453
1453,1389
1384,1392
1371,1373
1358,1396
1330,1364
1313,1370
1327,1356
1331,1382
1353,1381
1396,1446
1411,1456
1437,1477
1393,1473
1478,1513
1499,1539
1526,1570
1563,1578
1606,1618
1632,1648
1644,1686
1679,1736
1744,1749
1716,1791
1801,1783
1784,1818
1828,1801
1830,1836
1853,1829
1831,1801
1910,1833
1849,1808
1840,1769
1820,1785
1798,1754
1759,1707
1720,1684
1683,1641
1672,1639
1643,1592
1635,1579
1578,1538
1551,1527
1544,1498
1488,1462
1457,1426
1387,1366
1411,1431
1342,1371
1396,1365
1364,1378
1379,1375
1350,1379
1380,1382
1392,1395
1413,1408
1382,1385
1428,1458
1403,1456
1423,1471
1537,1531
1500,1600
1538,1594
1602,1660
1640,1660
1733,1691
1694,1721
1723,1719
1752,1779
1810,1800
1768,1773
1832,1809
1819,1844
1854,1845
1819,1802
1846,1811
1839,1835
1838,1778
1819,1818
1801,1752
1794,1723
1735,1690
1732,1659
1735,1629
1637,1599
1649,1550
1626,1555
1559,1499
1523,1485
1493,1482
1480,1442
1407,1403
1422,1410
1424,1363
1357,1365
1333,1372
1319,1365
1347,1348
1355,1388
1357,1430
1345,1415
1375,1466
1432,1465
1434,1444
1460,1518
1464,1541
1522,1581
1568,1615
1613,1648
1647,1679
1631,1701
1690,1768
1716,1715
1759,1801
1750,1804
1801,1803
1823,1830
1858,1786
1839,1811
1828,1795
1831,1795
1819,1776
1818,1792
1833,1748
1826,1742
1809,1734
1739,1669
1700,1671
1698,1644
1664,1627
1620,1559
1572,1541
1535,1495
1491,1474
1475,1452
1448,1451
1397,1426
1386,1415
1382,1415
1361,1396
1335,1384
1341,1394
1332,1369
1353,1370
1355,1404
1369,1437
1391,1439
1379,1432
1421,1475
1430,1501
1481,1529
1555,1590
1587,1599
1602,1647
1658,1648
1661,1686
1695,1723
1687,1755
1710,1783
1755,1817
1758,1798
1803,1816
1868,1789
1855,1834
1865,1851
1834,1803
1855,1817
1824,1782
1828,1766
1775,1761
1761,1680
1789,1687
1709,1673
1682,1632
1680,1610
1589,1564
1612,1513
1575,1501
1500,1534
1489,1472
1441,1429
1446,1404
1385,1426
1428,1402
1358,1375
1369,1392
1319,1389
1378,1400
1411,1394
1335,1399
1341,1407
1388,1429
1385,1470
1438,1490
1507,1524
1494,1541
1514,1567
1553,1582
1614,1612
1606,1687
1671,1703
1703,1698
1735,1757
1734,1782
1777,1772
1789,1801
1806,1806
1819,1809
1873,1816
1833,1805
1824,1810
1838,1783
1822,1790
1823,1769
1797,1735
1757,1702
1734,1713
1756,1708
1675,1638
1655,1602
1628,1581
1601,1533
1550,1502
1518,1508
1495,1485
1425,1458
1440,1440
1390,1383
1383,1426
1404,1381
1355,1373
1329,1395
1322,1389
1358,1397
1358,1397
1360,1430
1371,1446
1423,1448
1455,1464
1428,1528
1496,1541
1520,1557
1568,1563
1587,1633
1586,1672
1648,1703
1704,1712
1759,1731
1733,1764
1815,1778
1808,1810
1800,1821
1801,1804
1854,1835
1834,1857
1854,1800
1850,1795
1802,1784
1789,1768
1817,1727
1796,1739
1752,1726
1714,1675
1738,1622
1662,1618
1640,1572
1621,1541
1597,1570
1487,1491
1445,1451
1445,1454
1478,1409
1406,1409
1399,1423
1399,1439
1376,1376
1360,1409
1349,1413
1360,1372
1395,1376
1408,1404
1384,1437
1410,1473
1413,1470
1462,1499
1505,1534
1504,1593
1564,1589
1605,1655
1613,1684
1639,1704
1716,1738
1708,1745
1770,1740
1782,1766
1822,1807
1786,1815
1822,1828
1863,1801
1817,1805
1865,1797
1840,1801
1809,1797
1796,1796
1785,1744
1786,1701
1776,1687
1712,1676
1682,1668
1664,1607
1566,1555
1583,1543
1584,1534
1561,1503
1503,1450
1462,1453
1445,1393
1404,1413
1376,1413
1384,1401
1353,1394
1348,1383
1381,1417
1351,1392
1363,1397
1398,1398
1389,1441
1381,1459
1420,1453
1412,1486
1469,1532
1505,1554
1565,1626
1592,1611
1602,1664
1656,1660
1657,1707
1711,1744
1732,1752
1758,1760
1819,1820
1791,1809
1830,1804
1841,1838
1816,1804
1847,1804
1825,1799
1827,1818
1790,1819
1785,1719
1764,1737
1759,1704
1737,1707
1731,1694
1676,1617
1678,1620
1593,1574
1575,1522
1550,1510
1499,1499
1497,1437
1479,1436
1430,1420
1353,1411
1366,1384
1398,1399
1378,1380
1339,1391
1359,1409
1365,1415
1402,1397
1405,1479
1390,1446
1441,1497
1416,1497
1497,1532
1532,1572
1540,1566
1542,1626
1601,1656
1659,1687
1696,1710
1701,1704
1738,1741
1766,1773
1760,1758
1789,1783
1829,1847
1841,1834
1819,1809
1870,1833
1865,1799
1821,1810
1832,1775
1777,1772
1781,1709
1749,1729
1723,1644
1702,1647
1671,1599
1671,1603
1611,1568
1581,1520
1539,1510
1526,1471
1475,1437
1477,1442
1464,1401
1376,1407
1401,1406
1402,1410
1381,1373
1337,1412
1350,1403
1396,1431
1377,1410
1399,1446
1405,1460
1428,1491
1447,1531
1489,1508
1542,1543
1535,1567
1541,1595
1585,1625
1631,1662
1671,1688
1719,1718
1721,1733
1755,1739
1791,1799
1784,1798
1837,1805
1842,1815
1854,1790
1846,1823
1824,1816
1819,1768
1844,1777
1820,1774
1787,1739
1767,1748
1729,1675
1715,1669
1692,1628
1667,1582
1595,1581
1610,1549
1564,1521
1526,1513
1471,1484
1470,1456
1428,1408
1406,1420
1380,1396
1429,1413
1398,1423
1386,1366
1352,1423
1379,1412
1387,1437
1387,1417
1369,1433
1417,1455
1454,1480
1428,1511
1530,1535
1558,1561
1554,1578
1613,1655
1613,1646
1684,1716
1691,1668
1699,1718
1719,1739
1772,1749
1747,1767
1766,1785
1795,1787
1838,1785
1818,1782
1819,1802
1785,1802
1840,1780
1831,1763
1794,1723
1810,1748
1698,1720
1704,1646
1683,1655
1659,1586
1645,1573
1580,1549
1616,1550
1560,1503
1501,1445
1489,1479
1475,1465
1455,1412
1407,1414
1364,1401
1377,1391
1368,1423
1362,1392
1344,1418
1363,1390
1419,1427
1375,1432
1418,1455
1420,1508
1427,1526
1483,1536
1528,1549
1541,1613
1566,1625
1579,1635
1611,1683
1654,1710
1688,1711
1750,1737
1708,1768
1780,1749
1806,1761
1802,1807
1839,1813
1851,1782
1839,1804
1879,1793
1748,1757
1837,1776
1781,1738
1713,1737
1781,1724
1740,1670
1708,1619
1672,1646
1653,1563
1614,1577
1607,1528
1555,1515
1498,1502
1488,1498
1528,1451
1429,1432
1421,1417
1448,1407
1413,1409
1398,1420
1370,1389
1430,1386
1352,1423
1390,1442
1407,1410
1408,1433
1407,1482
1439,1487
1455,1517
1513,1560
1540,1585
1560,1596
1588,1630
1607,1676
1600,1680
1685,1734
1719,1738
1677,1759
1761,1760
1777,1793
1819,1764
1812,1786
1812,1804
1822,1817
1826,1789
1811,1791
1832,1766
1822,1778
1795,1760
1789,1700
1719,1660
1729,1667
1646,1653
1674,1600
1649,1619
1584,1548
1592,1524
1554,1491
1523,1481
1488,1453
1491,1446
1445,1427
1455,1422
1377,1415
1387,1433
1383,1411
1414,1411
1373,1400
1344,1418
1427,1455
1407,1435
1359,1464
1432,1474
1476,1478
1498,1526
1535,1554
1539,1583
1574,1635
1588,1647
1636,1670
1681,1661
1691,1711
1702,1781
1741,1724
1782,1767
1778,1776
1792,1823
1851,1818
1807,1801
1801,1780
1848,1828
1847,1768
1798,1777
1804,1735
1782,1729
1744,1738
1733,1708
1669,1673
1668,1644
1616,1629
1591,1586
1596,1580
1543,1507
1523,1498
1535,1496
1519,1455
1430,1417
1434,1419
1386,1430
1369,1407
1375,1408
1383,1385
1356,1407
1390,1438
1382,1429
1394,1418
1397,1482
1423,1446
1502,1494
1472,1500
1517,1539
1516,1597
1566,1577
1608,1611
1581,1661
1620,1649
1642,1699
1724,1736
1712,1691
1760,1747
1763,1793
1794,1775
1766,1793
1803,1777
1826,1791
1852,1779
1766,1778
1837,1802
1808,1759
1765,1773
1753,1716
1746,1689
1696,1679
1703,1710
1643,1621
1674,1567
1616,1586
1574,1550
1566,1511
1530,1507
1521,1464
1444,1463
1443,1460
1451,1419
1395,1458
1388,1407
1384,1377
1402,1384
1392,1440
1396,1394
1384,1470
1402,1454
1429,1466
1407,1479
1469,1514
1509,1515
1508,1529
1509,1569
1545,1594
1609,1620
1589,1648
1644,1657
1676,1688
1698,1714
1724,1714
1773,1771
1743,1782
1790,1799
1817,1777
1810,1829
1804,1779
1844,1785
1796,1805
1767,1759
1814,1746
1757,1786
1788,1720
1731,1691
1704,1672
1690,1679
1710,1593
1632,1586
1612,1562
1576,1527
1540,1540
1516,1499
1522,1454
1493,1435
1412,1436
1441,1463
1399,1457
1380,1425
1365,1435
1383,1396
1394,1417
1416,1426
1410,1423
1388,1452
1409,1488
1393,1491
1458,1491
1452,1568
1506,1503
1534,1582
1599,1638
1620,1632
1629,1676
1655,1688
1629,1731
1702,1690
1739,1706
1769,1771
1792,1771
1770,1775
1802,1764
1789,1802
1809,1825
1806,1786
1805,1742
1817,1751
1780,1754
1795,1726
1772,1724
1757,1697
1685,1705
1692,1655
1699,1628
1627,1595
1597,1557
1579,1527
1569,1506
1522,1479
1488,1503
1497,1465
1452,1445
1445,1429
1432,1431
1356,1402
1375,1397
1360,1429
1381,1416
1417,1416
1398,1431
1419,1441
1405,1486
1452,1485
1437,1468
1512,1534
1493,1561
1525,1529
1575,1613
1608,1614
1622,1626
1638,1648
1694,1717
1710,1702
1679,1726
1740,1730
1805,1775
1774,1772
1808,1779
1816,1816
1817,1799
1774,1785
1783,1763
1817,1726
1766,1770
1765,1763
1746,1709
1732,1706
1714,1681
1657,1649
1689,1607
1604,1605
1668,1600
1634,1510
1549,1508
1529,1471
1495,1498
1459,1437
1439,1447
1428,1397
1420,1426
1422,1411
1422,1410
1381,1394
1424,1424
1376,1426
1373,1437
1387,1440
1409,1467
1411,1501
1454,1499
1476,1529
1499,1556
1525,1567
1576,1600
1553,1589
1607,1659
1629,1659
1724,1686
1682,1715
1730,1740
1735,1772
1757,1762
1766,1782
1786,1782
1788,1765
1804,1814
1807,1799
1803,1760
1795,1772
1803,1756
1776,1754
1771,1734
1754,1719
1713,1688
1705,1654
1697,1598
1637,1622
1620,1575
1583,1565
1524,1523
1496,1497
1510,1469
1453,1500
1475,1454
1429,1456
1439,1433
1397,1414
1421,1390
1389,1408
1394,1403
1389,1405
1408,1441
1402,1463
1417,1478
1404,1503
1456,1503
1472,1529
1463,1555
1533,1557
1583,1607
1618,1611
1620,1623
1635,1681
1673,1673
1711,1714
1701,1750
1721,1730
1742,1756
1766,1728
1824,1773
1833,1815
1842,1784
1778,1796
1805,1772
1821,1753
1785,1754
1780,1758
1787,1733
1738,1680
1743,1648
1734,1619
1700,1606
1633,1597
1634,1610
1590,1591
1538,1552
1539,1515
1503,1502
1458,1479
1468,1449
1464,1467
1457,1449
1407,1395
1414,1417
1391,1425
1411,1409
1386,1436
1388,1427
1406,1422
1406,1450
1416,1454
1410,1477
1442,1492
1469,1531
1523,1524
1525,1581
1573,1601
1603,1648
1604,1642
1660,1684
1688,1690
1700,1708
1711,1742
1747,1762
1781,1802
1767,1792
1790,1771
1815,1801
1846,1797
1777,1802
1805,1747
1775,1788
1748,1715
1801,1724
1774,1707
1762,1643
1665,1643
1681,1634
1666,1577
1622,1594
1582,1563
1557,1531
1601,1542
1521,1493
1496,1471
1496,1468
1452,1433
1425,1434
1411,1418
1417,1409
1372,1427
1349,1450
1357,1436
1393,1420
1424,1436
1445,1461
1440,1473
1452,1509
1484,1500
1530,1550
1503,1541
1529,1612
1551,1593
1551,1609
1600,1630
1646,1643
1660,1678
1718,1705
1698,1721
1709,1743
1770,1759
1773,1806
1785,1759
1789,1779
1811,1779
1829,1793
1830,1779
1815,1781
1798,1751
1785,1743
1758,1740
1781,1704
1743,1693
1709,1685
1647,1632
1667,1604
1675,1567
1604,1546
1579,1563
1540,1501
1523,1458
1489,1493
1464,1443
1436,1460
1465,1437
1418,1435
1432,1429
1408,1447
1387,1381
1402,1424
1386,1402
1397,1397
1389,1425
1438,1456
1424,1476
1435,1487
1511,1540
1506,1548
1540,1571
1595,1588
1572,1624
1611,1659
1650,1696
1633,1654
1693,1699
1683,1765
1784,1735
1752,1780
1795,1778
1762,1752
1794,1754
1810,1754
1822,1793
1787,1735
1791,1768
1804,1741
1765,1730
1738,1763
1738,1704
1729,1642
1679,1643
1722,1604
1656,1568
1625,1608
1560,1547
1577,1536
1537,1487
1489,1511
1533,1483
1500,1470
1466,1415
1418,1414
1457,1409
1396,1397
1386,1405
1402,1414
1432,1431
1394,1423
1449,1457
1409,1450
1463,1494
1462,1502
1497,1522
1479,1511
1505,1552
1547,1574
1517,1612
1627,1613
1625,1668
1633,1693
1677,1733
1703,1737
1730,1730
1746,1752
1741,1767
1754,1784
1768,1757
1820,1767
1795,1763
1822,1777
1810,1806
1797,1792
1796,1747
1746,1713
1745,1722
1759,1692
1721,1685
1708,1646
1618,1611
1658,1582
1627,1552
1587,1529
1558,1530
1546,1514
1517,1489
1476,1494
1483,1455
1449,1461
1438,1441
1443,1401
1379,1441
1422,1433
1402,1421
1422,1430
1349,1436
1400,1408
1432,1446
1451,1469
1411,1532
1468,1514
1511,1533
1504,1560
1525,1560
1541,1616
1599,1617
1615,1663
1640,1653
1687,1707
1712,1696
1761,1735
1718,1748
1735,1758
1722,1766
1784,1792
1754,1849
1783,1744
1825,1811
1743,1825
1822,1721
1784,1788
1758,1753
1752,1701
1746,1706
1710,1666
1684,1625
1671,1640
1649,1603
1641,1582
1634,1543
1550,1540
1539,1481
1489,1485
1523,1462
1445,1483
1458,1422
1411,1441
1400,1418
1431,1443
1408,1442
1399,1432
1394,1428
1417,1465
1420,1458
1410,1461
1418,1475
1470,1511
1459,1517
1480,1521
1538,1560
1508,1569
1566,1607
1586,1657
1603,1642
1663,1702
1701,1679
1716,1706
1702,1722
1750,1762
1768,1765
1752,1756
1798,1772
1804,1735
1799,1777
1831,1779
1771,1753
1798,1730
1771,1730
1744,1753
1793,1709
1712,1698
1669,1675
1725,1653
1659,1624
1653,1598
1605,1583
1576,1582
1568,1538
1557,1526
1541,1493
1503,1487
1480,1477
1396,1397
1447,1421
1440,1406
1404,1422
1426,1414
1424,1426
1381,1417
1433,1467
1439,1408
1438,1475
1444,1460
1437,1492
1451,1477
1489,1532
1489,1557
1564,1570
1586,1612
1581,1650
1598,1657
1618,1686
1688,1701
1701,1705
1687,1713
1699,1731
1795,1773
1772,1751
1802,1775
1810,1789
1797,1806
1799,1781
1808,1752
1766,1736
1817,1764
1778,1737
1774,1730
1754,1692
1747,1672
1701,1648
1662,1632
1651,1615
1643,1593
1553,1604
1538,1568
1579,1557
1550,1496
1490,1492
1504,1453
1444,1436
1420,1457
1437,1422
1419,1390
1415,1440
1382,1419
1417,1479
1401,1413
1420,1428
1371,1449
1412,1407
1439,1443
1442,1497
1474,1510
1494,1556
1538,1545
1571,1621
1589,1618
1608,1649
1654,1667
1633,1693
1682,1689
1721,1730
1691,1729
1727,1740
1767,1753
1757,1778
1748,1766
1804,1760
1768,1802
1794,1797
1791,1729
1798,1753
1762,1726
1759,1751
1741,1723
1753,1701
1693,1654
1710,1652
1650,1637
1607,1590
1645,1552
1601,1520
1581,1557
1550,1507
1487,1487
1504,1468
1452,1470
1453,1439
1422,1420
1418,1402
1410,1420
1390,1422
1386,1406
1413,1415
1396,1442
1413,1452
1402,1441
1407,1475
1466,1471
1472,1508
1469,1549
1518,1592
1547,1567
1573,1600
1574,1629
1624,1629
1636,1643
1663,1660
1696,1725
1718,1718
1700,1774
1750,1749
1743,1757
1743,1761
1803,1786
1789,1761
1823,1752
1804,1768
1790,1761
1783,1749
1777,1744
1765,1721
1714,1724
1708,1660
1722,1664
1700,1655
1685,1645
1613,1605
1629,1602
1553,1567
1577,1545
1543,1490
1492,1499
1470,1495
1415,1467
1458,1442
1435,1460
1404,1381
1392,1422
1416,1419
1401,1402
1368,1428
1410,1458
1427,1418
1397,1464
1418,1477
1523,1465
1460,1486
1476,1523
1510,1574
1538,1584
1529,1587
1576,1675
1636,1656
1620,1658
1670,1680
1694,1725
1679,1740
1719,1718
1726,1767
1772,1760
1778,1788
1779,1787
1786,1793
1801,1776
1766,1789
1763,1765
1791,1739
1773,1736
1757,1715
1752,1671
1708,1693
1726,1666
1697,1637
1672,1606
1657,1581
1641,1579
1585,1544
1567,1536
1528,1506
1486,1456
1506,1479
1477,1500
1457,1433
1442,1402
1465,1425
1391,1427
1429,1400
1423,1401
1406,1430
1410,1425
1373,1454
1441,1446
1428,1516
1506,1496
1502,1524
1474,1523
1496,1527
1493,1577
1555,1649
1578,1644
1637,1690
1627,1674
1672,1663
1680,1742
1714,1743
1745,1771
1770,1736
1810,1753
1789,1744
1789,1752
1758,1807
1780,1791
1825,1781
1759,1775
1794,1743
1770,1722
1763,1719
1745,1693
1712,1673
1711,1664
1697,1629
1623,1608
1666,1587
1616,1576
1602,1541
1570,1517
1517,1524
1530,1496
1508,1463
1492,1466
1466,1444
1440,1424
1378,1440
1418,1417
1404,1403
1374,1403
1388,1459
1389,1421
1413,1446
1431,1425
1485,1462
1453,1505
1463,1495
1474,1549
1500,1534
1547,1564
1606,1603
1569,1634
1637,1634
1646,1666
1659,1708
1716,1692
1712,1748
1733,1763
1742,1761
1786,1779
1793,1768
1827,1800
1808,1794
1819,1784
1793,1766
1788,1736
1768,1727
1757,1749
1784,1698
1738,1716
1722,1663
1701,1642
1712,1615
1690,1648
1657,1629
1607,1580
1581,1536
1518,1506
1533,1523
1553,1491
1495,1472
1457,1474
1432,1446
1435,1422
1424,1420
1371,1369
1405,1404
1414,1411
1427,1407
1411,1434
1440,1441
1400,1448
1416,1520
1472,1469
1463,1494
1479,1527
1524,1526
1541,1594
1566,1581
1607,1623
1599,1612
1633,1687
1642,1681
1673,1685
1691,1755
1667,1749
1744,1751
1761,1777
1781,1747
1787,1776
1798,1763
1795,1755
1805,1784
1824,1768
1785,1786
1792,1784
1785,1738
1795,1718
1747,1707
1739,1691
1671,1642
1699,1642
1639,1555
1589,1599
1617,1545
1594,1497
1508,1511
1505,1493
1466,1459
1473,1443
1446,1453
1459,1427
1403,1428
1414,1417
1405,1437
1398,1427
1393,1403
1407,1443
1392,1434
1390,1431
1429,1476
1437,1472
1445,1500
1492,1543
1501,1554
1520,1568
1568,1650
1554,1607
1607,1647
1620,1673
1661,1668
1702,1699
1682,1682
1731,1731
1727,1774
1787,1780
1769,1773
1796,1763
1800,1784
1779,1769
1799,1781
1831,1773
1837,1762
1817,1768
1798,1739
1775,1736
1759,1684
1747,1710
1736,1706
1696,1638
1652,1640
1643,1599
1587,1586
1558,1512
1560,1511
1523,1511
1506,1472
1473,1496
1448,1466
1435,1460
1430,1426
1431,1410
1382,1419
1361,1417
1407,1420
1379,1428
1393,1421
1411,1455
1412,1452
1440,1462
1426,1503
1486,1497
1493,1526
1483,1510
1542,1538
1513,1605
1601,1614
1605,1644
1607,1661
1673,1678
1702,1676
1684,1720
1716,1738
1762,1766
1735,1756
1775,1768
1790,1771
1801,1784
1805,1768
1794,1790
1775,1756
1813,1724
1835,1747
1768,1714
1749,1736
1726,1701
1696,1703
1724,1655
1663,1632
1658,1618
1607,1579
1628,1584
1594,1530
1526,1518
1500,1507
1504,1474
1450,1422
1507,1448
1444,1433
1417,1435
1393,1422
1398,1412
1372,1424
1428,1402
1386,1399
1402,1406
1426,1437
1415,1427
1420,1461
1454,1485
1470,1525
1485,1500
1496,1553
1538,1602
1559,1595
1605,1649
1627,1643
1602,1689
1681,1680
1702,1705
1696,1725
1689,1743
1746,1747
1762,1780
1801,1762
1812,1777
1812,1805
1778,1800
1777,1781
1810,1776
1822,1750
1771,1750
1786,1705
1723,1738
1774,1701
1759,1695
1699,1665
1682,1656
1643,1618
1623,1572
1592,1560
1544,1517
1572,1510
1526,1488
1490,1480
1458,1453
1473,1464
1433,1422
1452,1436
1424,1400
1367,1413
1413,1385
1377,1427
1383,1435
1412,1436
1409,1432
1417,1460
1421,1449
1448,1504
1460,1501
1483,1546
1529,1528
1529,1566
1553,1604
1555,1664
1634,1624
1635,1690
1663,1664
1681,1707
1738,1733
1730,1738
1739,1751
1804,1780
1806,1815
1781,1786
1823,1778
1802,1803
1787,1775
1833,1793
1822,1767
1803,1793
1760,1737
1729,1759
1758,1705
1738,1691
1711,1657
1704,1642
1663,1615
1638,1567
1620,1551
1562,1563
1535,1545
1538,1481
1492,1498
1447,1457
1414,1443
1423,1420
1430,1415
1396,1431
1368,1413
1394,1422
1377,1402
1375,1400
1408,1420
1373,1434
1436,1436
1380,1484
1411,1456
1420,1508
1467,1538
1492,1531
1515,1592
1543,1605
1587,1660
1603,1658
1605,1666
1673,1682
1679,1724
1712,1728
1755,1741
1751,1739
1754,1800
1806,1788
1795,1784
1783,1822
1786,1797
1796,1786
1826,1784
1805,1754
1770,1735
1804,1749
1758,1705
1752,1711
1731,1701
1705,1647
1705,1663
1652,1635
1633,1562
1648,1579
1535,1535
1551,1501
1492,1490
1516,1498
1470,1461
1439,1461
1439,1464
1440,1412
1404,1418
1427,1427
1362,1430
1391,1408
1416,1439
1357,1415
1378,1406
1382,1427
1411,1480
1411,1474
1445,1490
1484,1504
1506,1523
1510,1562
1561,1587
1567,1638
1613,1630
1639,1632
1652,1693
1702,1736
1719,1722
1735,1733
1754,1752
1758,1748
1775,1764
1779,1807
1763,1814
1804,1792
1824,1790
1794,1801
1790,1796
1790,1781
1786,1768
1760,1717
1771,1739
1696,1724
1734,1704
1739,1666
1710,1634
1646,1600
1610,1589
1583,1547
1583,1562
1523,1516
1511,1499
1478,1453
1478,1486
1429,1467
1426,1411
1364,1411
1385,1380
1412,1380
1385,1446
1414,1405
1391,1406
1337,1393
1396,1448
1428,1436
1416,1457
1442,1491
1462,1510
1499,1541
1523,1551
1516,1571
1531,1572
1609,1637
1625,1650
1676,1684
1617,1673
1684,1721
1707,1708
1720,1744
1749,1753
1780,1769
1765,1792
1819,1786
1783,1805
1821,1795
1784,1784
1802,1790
1809,1772
1821,1775
1802,1754
1781,1757
1766,1708
1755,1701
1720,1672
1670,1640
1632,1600
1598,1589
1607,1564
1582,1542
1559,1542
1531,1497
1529,1483
1499,1437
1434,1447
1420,1442
1397,1388
1391,1407
1377,1365
1382,1432
1371,1403
1388,1403
1423,1392
1369,1419
1408,1457
1397,1423
1375,1470
1417,1488
1459,1517
1491,1549
1542,1559
1536,1577
1576,1576
1594,1627
1602,1671
1660,1694
1659,1733
1698,1744
1747,1736
1755,1746
1771,1777
1796,1770
1816,1783
1801,1757
1839,1801
1795,1791
1829,1785
1832,1784
1841,1798
1799,1780
1795,1760
1747,1711
1731,1711
1748,1673
1695,1631
1688,1627
1664,1632
1624,1575
1596,1564
1580,1517
1531,1515
1510,1503
1480,1452
1480,1458
1440,1421
1420,1403
1389,1384
1387,1376
1421,1429
1380,1439
1373,1446
1356,1397
1386,1453
1402,1410
1432,1426
1417,1498
1446,1475
1435,1503
1424,1552
1495,1566
1530,1578
1530,1585
1539,1628
1612,1632
1643,1648
1615,1696
1721,1695
1714,1735
1724,1727
1748,1756
1808,1758
1822,1804
1820,1786
1830,1842
1830,1799
1836,1785
1826,1793
1840,1789
1825,1764
1834,1769
1791,1739
1790,1724
1731,1682
1693,1705
1749,1637
1674,1632
1665,1580
1632,1578
1598,1533
1546,1535
1535,1489
1522,1446
1471,1476
1472,1456
1475,1434
1449,1445
1407,1431
1415,1369
1401,1393
1392,1390
1361,1417
1390,1428
1378,1422
1380,1415
1387,1419
1416,1483
1397,1491
1433,1499
1493,1549
1502,1522
1540,1534
1541,1598
1607,1613
1606,1661
1650,1651
1657,1685
1659,1735
1730,1737
1759,1740
1764,1806
1776,1792
1795,1781
1788,1760
1794,1820
1855,1830
1853,1813
1800,1784
1805,1794
1800,1756
1813,1765
1786,1725
1760,1740
1731,1695
1732,1693
1692,1672
1665,1617
1637,1636
1629,1550
1605,1556
1585,1517
1543,1539
1548,1500
1489,1468
1461,1450
1444,1436
1427,1446
1378,1405
1410,1381
1375,1381
1383,1410
1374,1385
1386,1400
1373,1384
1403,1438
1394,1439
1423,1465
1417,1478
1458,1466
1493,1504
1468,1531
1521,1587
1548,1589
1564,1648
1580,1645
1673,1687
1645,1688
1724,1722
1701,1732
1707,1756
1786,1793
1765,1778
1820,1778
1848,1800
1829,1813
1822,1807
1809,1798
1793,1819
1794,1793
1814,1770
1828,1785
1803,1755
1794,1722
1737,1675
1733,1721
1695,1649
1675,1608
1647,1592
1634,1588
1606,1565
1588,1559
1562,1466
1475,1475
1492,1474
1461,1428
1439,1395
1426,1388
1409,1384
1411,1384
1387,1398
1352,1391
1388,1389
1373,1397
1375,1407
1359,1433
1351,1438
1413,1456
1433,1463
1449,1485
1481,1542
1492,1512
1503,1567
1529,1603
1556,1613
1590,1620
1637,1654
1645,1713
1636,1710
1718,1734
1752,1747
1738,1782
1764,1792
1756,1775
1818,1811
1840,1814
1843,1832
1831,1800
1831,1819
1831,1824
1796,1782
1806,1780
1797,1775
1788,1752
1735,1702
1748,1674
1724,1642
1682,1663
1662,1608
1625,1592
1598,1545
1533,1511
1552,1501
1524,1511
1498,1476
1442,1434
1453,1421
1413,1398
1354,1401
1424,1393
1363,1364
1347,1397
1335,1399
1366,1401
1342,1406
1365,1415
1402,1435
1420,1434
1436,1450
1472,1506
1456,1494
1457,1510
1479,1524
1536,1592
1581,1583
1617,1644
1625,1690
1669,1694
1699,1725
1710,1727
1741,1761
1764,1754
1810,1791
1808,1808
1815,1795
1814,1805
1819,1819
1832,1798
1850,1824
1802,1796
1841,1800
1826,1768
1781,1766
1793,1726
1756,1717
1753,1665
1735,1675
1686,1651
1642,1640
1656,1600
1613,1604
1582,1524
1596,1543
1530,1459
1464,1467
1472,1447
1439,1442
1421,1418
1419,1407
1418,1393
1367,1427
1373,1368
1335,1373
1363,1392
1371,1413
1371,1396
1357,1412
1369,1413
1415,1441
1418,1490
1407,1514
1457,1516
1519,1521
1540,1596
1523,1612
1569,1639
1639,1639
1633,1669
1710,1694
1743,1719
1715,1745
1749,1774
1775,1800
1799,1830
1849,1799
1822,1838
1865,1803
1854,1829
1872,1819
1846,1807
1815,1819
1828,1775
1804,1752
1787,1764
1767,1776
1730,1686
1738,1704
1683,1661
1696,1606
1663,1593
1582,1587
1608,1549
1549,1531
1536,1515
1528,1487
1520,1469
1447,1442
1430,1391
1427,1401
1413,1403
1380,1353
1363,1407
1328,1368
1361,1366
1357,1378
1337,1405
1370,1468
1381,1445
1394,1468
1395,1423
1473,1452
1407,1504
1479,1550
1507,1556
1537,1569
1600,1624
1637,1642
1651,1660
1683,1694
1705,1700
1716,1748
1738,1715
1774,1788
1770,1807
1782,1797
1845,1808
1811,1832
1823,1826
1840,1810
1820,1839
1865,1812
1821,1795
1872,1796
1802,1755
1768,1736
1791,1724
1755,1664
1701,1640
1678,1663
1681,1607
1649,1581
1589,1581
1594,1549
1561,1490
1480,1472
1511,1452
1486,1459
1400,1485
1452,1455
1412,1370
1371,1385
1362,1373
1362,1375
1352,1372
1331,1370
1351,1366
1337,1400
1383,1395
1385,1428
1428,1450
1454,1458
1466,1497
1484,1471
1492,1527
1492,1589
1531,1586
1548,1640
1627,1662
1629,1714
1706,1717
1723,1755
1722,1777
1744,1778
1813,1799
1789,1797
1784,1814
1824,1822
1824,1802
1866,1821
1842,1818
1854,1851
1821,1814
1840,1744
1813,1756
1788,1736
1768,1773
1754,1714
1719,1669
1733,1643
1697,1639
1642,1607
1634,1563
1608,1571
1557,1559
1560,1512
1517,1480
1472,1444
1433,1485
1411,1441
1426,1380
1373,1358
1354,1400
1353,1382
1335,1393
1363,1376
1358,1385
1352,1379
1382,1385
1368,1421
1347,1426
1388,1477
1432,1481
1470,1501
1474,1543
1540,1576
1530,1581
1559,1656
1559,1639
1655,1670
1668,1727
1665,1726
1766,1710
1766,1745
1787,1805
1764,1783
1802,1836
1813,1847
1830,1832
1800,1798
1866,1799
1867,1804
1846,1845
1808,1790
1798,1793
1795,1780
1800,1747
1797,1698
1741,1697
1733,1685
1682,1654
1662,1622
1656,1592
1601,1567
1602,1519
1602,1513
1525,1451
1494,1470
1546,1452
1438,1401
1362,1390
1402,1397
1392,1401
1370,1377
1344,1392
1364,1378
1330,1358
1376,1396
1377,1389
1358,1390
1354,1431
1403,1410
1443,1473
1450,1494
1442,1531
1521,1577
1521,1598
1584,1573
1595,1633
1602,1643
1640,1707
1707,1714
1694,1686
1729,1762
1749,1747
1791,1768
1772,1807
1820,1838
1823,1830
1841,1813
1873,1860
1837,1833
1876,1840
1863,1812
1811,1831
1834,1789
1808,1733
1779,1747
1794,1701
1750,1707
1703,1690
1714,1635
1685,1639
1631,1558
1576,1590
1562,1542
1526,1493
1489,1481
1497,1453
1478,1424
1440,1421
1453,1400
1378,1396
1382,1367
1366,1389
1363,1385
1369,1354
1324,1380
1382,1372
1335,1353
1363,1413
1383,1464
1402,1451
1432,1475
1466,1480
1457,1524
1483,1549
1496,1563
1503,1601
1563,1640
1594,1670
1652,1697
1676,1705
1694,1752
1742,1761
1807,1762
1756,1776
1820,1795
1864,1806
1830,1850
1854,1838
1865,1787
1880,1822
1865,1797
1849,1810
1841,1801
1826,1799
1831,1750
1750,1758
1748,1716
1740,1662
1706,1672
1700,1640
1662,1625
1600,1565
1623,1556
1553,1533
1516,1511
1511,1488
1472,1467
1481,1424
1427,1404
1418,1389
1344,1376
1355,1385
1333,1352
1362,1370
1377,1356
1332,1389
1366,1412
1391,1421
1349,1403
1396,1414
1448,1449
1413,1466
1399,1465
1463,1529
1496,1590
1504,1558
1558,1629
1600,1661
1632,1663
1626,1688
1676,1718
1750,1755
1734,1758
1752,1781
1775,1766
1812,1792
1860,1797
1859,1835
1850,1836
1878,1824
1863,1844
1847,1817
1850,1804
1863,1778
1824,1750
1791,1744
1802,1707
1760,1692
1736,1682
1742,1681
1674,1653
1664,1600
1598,1601
1609,1549
1560,1481
1504,1467
1514,1459
1489,1447
1473,1413
1438,1423
1411,1409
1368,1389
1350,1379
1384,1410
1309,1352
1367,1377
1361,1384
1348,1387
1401,1401
1330,1393
1381,1456
1394,1459
1452,1470
1439,1491
1490,1513
1487,1561
1523,1578
1584,1584
1626,1645
1626,1722
1640,1716
1669,1695
1695,1785
1756,1777
1780,1785
1817,1810
1823,1787
1816,1824
1838,1850
1831,1815
1859,1820
1805,1813
1870,1803
1847,1796
1818,1783
1816,1768
1797,1738
1787,1718
1749,1709
1758,1673
1720,1647
1636,1631
1660,1576
1597,1553
1571,1528
1567,1486
1513,1482
1482,1468
1415,1461
1444,1414
1423,1357
1383,1416
1326,1378
1375,1328
1370,1359
1383,1345
1298,1376
1335,1369
1336,1422
1355,1409
1386,1417
1368,1432
1404,1474
1438,1480
1449,1547
1480,1529
1490,1572
1523,1621
1551,1616
1608,1643
1640,1675
1685,1746
1728,1729
1742,1741
1768,1740
1799,1763
1790,1816
1825,1785
1864,1856
1847,1853
1862,1825
1870,1834
1867,1851
1880,1803
1811,1820
1828,1801
1822,1767
1807,1736
1775,1746
1697,1686
1719,1695
1738,1662
1695,1603
1631,1557
1608,1540
1543,1536
1511,1490
1485,1455
1481,1467
1448,1441
1423,1431
1384,1411
1345,1388
1372,1377
1353,1360
1343,1361
1336,1401
1341,1365
1374,1377
1324,1414
1388,1419
1404,1374
1379,1456
1405,1479
1453,1487
1449,1493
1450,1535
1481,1563
1515,1580
1546,1633
1610,1675
1637,1686
1719,1719
1723,1725
1741,1762
1716,1757
1775,1820
1781,1793
1828,1833
1847,1853
1845,1854
1846,1833
1792,1834
1840,1813
1852,1807
1809,1774
1839,1800
1820,1762
1775,1725
1760,1722
1737,1714
1700,1684
1684,1684
1673,1605
1605,1561
1510,1554
1524,1500
1508,1507
1496,1502
1451,1429
1431,1435
1424,1395
1419,1379
1379,1385
1378,1343
1368,1394
1334,1368
1339,1373
1313,1394
1364,1343
1371,1409
1341,1421
1361,1403
1412,1429
1439,1455
1462,1485
1458,1562
1507,1555
1514,1572
1575,1607
1571,1647
1602,1692
1645,1703
1689,1706
1742,1745
1751,1746
1795,1812
1802,1777
1789,1800
1837,1861
1817,1858
1878,1805
1843,1826
1831,1813
1828,1826
1825,1794
1905,1765
1778,1780
1837,1748
1813,1768
1736,1696
1775,1712
1678,1660
1664,1665
1609,1605
1630,1553
1563,1540
1550,1496
1531,1504
1473,1469
1493,1443
1412,1430
1429,1391
1370,1387
1386,1376
1327,1353
1355,1375
1321,1354
1310,1395
1350,1402
1343,1348
1360,1404
1342,1393
1348,1441
1394,1466
1424,1468
1450,1505
1496,1530
1502,1532
1505,1598
1554,1606
1636,1646
1657,1648
1643,1712
1689,1746
1768,1734
1753,1785
1802,1799
1820,1808
1824,1813
1831,1821
1878,1826
1875,1846
1870,1820
1820,1846
1851,1805
1855,1782
1811,1825
1841,1764
1784,1710
1786,1728
1769,1707
1735,1663
1707,1635
1625,1637
1585,1588
1583,1545
1541,1518
1542,1516
1481,1510
1457,1450
1472,1431
1458,1412
1385,1410
1391,1385
1363,1357
1351,1373
1319,1357
1322,1386
1342,1390
1325,1378
1342,1394
1362,1420
1382,1421
1386,1461
1409,1485
1434,1489
1486,1478
1489,1560
1539,1577
1550,1581
1603,1597
1630,1673
1675,1703
1691,1696
1716,1756
1750,1750
1762,1810
1771,1824
1794,1820
1852,1802
1832,1852
1865,1835
1865,1796
1857,1851
1875,1810
1852,1823
1837,1773
1794,1779
1833,1739
1767,1711
1729,1698
1735,1674
1704,1625
1692,1609
1635,1593
1630,1560
1593,1554
1542,1524
1524,1504
1458,1445
1456,1457
1423,1404
1397,1415
1359,1399
1410,1400
1343,1367
1349,1362
1329,1361
1321,1381
1362,1326
1325,1369
1320,1414
1350,1404
1369,1428
1417,1472
1385,1518
1435,1499
1457,1539
1510,1575
1533,1594
1572,1641
1597,1649
1606,1694
1671,1686
1733,1726
1712,1759
1772,1778
1806,1760
1782,1788
1825,1821
1852,1827
1853,1832
1873,1854
1863,1854
1854,1847
1843,1827
1850,1831
1830,1795
1807,1781
1765,1754
1782,1726
1782,1685
1723,1712
1689,1657
1674,1647
1624,1577
1625,1553
1582,1496
1542,1490
1507,1475
1471,1446
1465,1435
1413,1394
1396,1399
1365,1341
1340,1349
1359,1376
1374,1386
1379,1371
1365,1364
1346,1383
1359,1397
1372,1415
1391,1418
1401,1456
1404,1467
1410,1512
1474,1515
1534,1583
1496,1580
1548,1618
1576,1655
1636,1661
1633,1696
1669,1751
1758,1767
1746,1789
1751,1791
1831,1787
1821,1828
1845,1828
1807,1835
1855,1810
1858,1842
1873,1837
1856,1822
1827,1816
1838,1795
1822,1781
1747,1761
1770,1735
1771,1689
1756,1672
1691,1672
1670,1606
1658,1577
1610,1582
1551,1533
1536,1509
1505,1509
1509,1459
1461,1416
1419,1426
1398,1391
1421,1364
1352,1391
1350,1398
1340,1345
1386,1377
1353,1360
1395,1381
1332,1409
1415,1409
1384,1431
1407,1465
1461,1465
1459,1505
1461,1537
1502,1548
1542,1582
1545,1631
1626,1634
1583,1651
1681,1671
1670,1738
1686,1765
1717,1757
1757,1779
1809,1812
1826,1820
1845,1823
1857,1840
1839,1843
1840,1826
1834,1830
1852,1827
1863,1847
1826,1763
1841,1781
1796,1772
1805,1721
1762,1714
1732,1696
1696,1641
1704,1592
1658,1561
1592,1574
1603,1562
1564,1528
1499,1449
1505,1456
1488,1426
1409,1445
1368,1410
1394,1446
1405,1382
1368,1388
1389,1377
1392,1392
1319,1351
1363,1359
1332,1366
1361,1394
1367,1422
1399,1450
1370,1473
1459,1506
1478,1543
1470,1575
1513,1549
1540,1605
1576,1634
1588,1646
1675,1689
1693,1671
1717,1741
1751,1741
1749,1759
1801,1796
1796,1828
1807,1799
1798,1814
1859,1846
1872,1835
1882,1835
1893,1819
1860,1802
1844,1819
1818,1792
1859,1764
1773,1717
1759,1718
1738,1689
1712,1692
1658,1613
1655,1605
1551,1571
1602,1567
1526,1517
1486,1488
1488,1476
1415,1437
1438,1432
1398,1402
1414,1374
1385,1398
1364,1378
1373,1342
1312,1360
1348,1354
1363,1378
1335,1354
1376,1431
1386,1435
1395,1460
1380,1471
1421,1485
1496,1498
1485,1542
1503,1605
1556,1598
1546,1664
1598,1647
1660,1635
1682,1721
1733,1772
1737,1778
1763,1789
1780,1775
1816,1803
1811,1822
1861,1834
1829,1854
1858,1815
1867,1808
1850,1801
1845,1785
1850,1785
1831,1768
1774,1776
1761,1720
1749,1682
1723,1618
1678,1677
1692,1598
1637,1589
1639,1575
1590,1529
1529,1524
1542,1482
1503,1466
1467,1430
1446,1415
1409,1411
1382,1426
1381,1346
1344,1362
1345,1369
1367,1381
1352,1396
1366,1376
1319,1392
1348,1441
1424,1450
1390,1447
1400,1496
1453,1519
1459,1525
1530,1542
1540,1572
1612,1625
1559,1616
1631,1645
1644,1697
1632,1730
1709,1725
1714,1758
1791,1779
1803,1809
1790,1834
1812,1818
1815,1822
1849,1830
1868,1824
1893,1835
1828,1834
1861,1841
1809,1785
1804,1747
1737,1739
1796,1719
1772,1708
1723,1704
1700,1652
1676,1617
1651,1569
1630,1558
1548,1527
1530,1511
1484,1448
1490,1447
1452,1405
1427,1436
1415,1431
1403,1373
1392,1403
1372,1379
1345,1374
1345,1399
1329,1388
1316,1419
1331,1384
1341,1390
1413,1419
1413,1456
1423,1508
1435,1519
1444,1540
1514,1561
1542,1585
1555,1596
1574,1658
1641,1667
1657,1731
1659,1731
1716,1727
1767,1746
1775,1828
1807,1788
1775,1820
1824,1823
1808,1814
1853,1830
1861,1805
1849,1808
1852,1834
1864,1777
1813,1756
1801,1769
1774,1772
1774,1714
1718,1723
1717,1657
1685,1663
1633,1588
1612,1601
1593,1558
1559,1544
1528,1518
1508,1492
1471,1437
1474,1450
1429,1427
1405,1378
1389,1378
1320,1363
1365,1366
1361,1364
1351,1385
1358,1377
1359,1382
1337,1400
1379,1447
1401,1429
1425,1464
1446,1487
1463,1528
1465,1527
1496,1568
1604,1630
1648,1607
1622,1648
1673,1683
1690,1708
1733,1727
1735,1789
1746,1763
1771,1780
1871,1791
1831,1805
1855,1813
1830,1836
1835,1820
1831,1818
1836,1817
1848,1786
1826,1781
1796,1801
1812,1723
1785,1729
1765,1689
1746,1672
1673,1665
1673,1632
1662,1599
1574,1583
1591,1513
1524,1497
1496,1511
1451,1449
1458,1439
1406,1431
1400,1387
1383,1408
1422,1389
1390,1373
1324,1368
1348,1397
1328,1386
1376,1371
1359,1447
1392,1412
1452,1415
1398,1479
1417,1517
1501,1478
1483,1549
1536,1559
1520,1582
1570,1621
1597,1675
1638,1682
1658,1688
1678,1721
1727,1762
1716,1777
1803,1770
1786,1827
1800,1815
1859,1840
1842,1802
1822,1816
1834,1815
1823,1805
1872,1768
1843,1781
1812,1750
1801,1758
1778,1742
1730,1710
1685,1700
1686,1662
1662,1616
1631,1595
1630,1554
1554,1540
1545,1526
1537,1489
1470,1463
1433,1437
1431,1427
1437,1401
1363,1427
1342,1425
1350,1369
1353,1364
1353,1371
1354,1373
1332,1372
1382,1398
1331,1440
1374,1449
1369,1459
1420,1498
1506,1519
1491,1585
1574,1549
1520,1573
1576,1610
1569,1642
1635,1697
1652,1695
1724,1707
1714,1762
1750,1756
1785,1814
1810,1793
1786,1800
1881,1840
1872,1808
1856,1839
1806,1795
1835,1794
1834,1806
1821,1783
1811,1781
1798,1760
1788,1727
1764,1705
1733,1699
1702,1622
1676,1651
1640,1619
1583,1559
1537,1545
1516,1491
1487,1444
1491,1494
1444,1411
1410,1405
1427,1377
1391,1389
1392,1411
1383,1363
1345,1379
1341,1371
1321,1355
1373,1407
1365,1396
1339,1443
1437,1406
1390,1477
1425,1500
1457,1533
1500,1522
1482,1562
1527,1620
1552,1662
1616,1666
1646,1681
1682,1723
1677,1703
1746,1767
1734,1775
1774,1781
1838,1825
1824,1813
1815,1790
1854,1803
1841,1793
1857,1823
1832,1817
1827,1806
1774,1786
1807,1755
1796,1704
1767,1736
1756,1728
1714,1646
1665,1639
1651,1625
1635,1555
1573,1561
1579,1518
1555,1496
1479,1479
1500,1469
1433,1490
1456,1414
1396,1382
1364,1374
1375,1375
1376,1386
1364,1375
1376,1403
1360,1410
1379,1402
1378,1387
1368,1420
1424,1436
1422,1490
1470,1504
1448,1500
1467,1528
1579,1579
1537,1607
1601,1642
1577,1669
1638,1654
1686,1698
1717,1727
1721,1758
1757,1769
1778,1804
1800,1822
1812,1844
1828,1803
1821,1842
1849,1830
1824,1790
1847,1806
1845,1788
1821,1758
1841,1744
1788,1739
1752,1679
1751,1673
1753,1654
1676,1587
1649,1609
1648,1572
1580,1534
1563,1527
1535,1523
1530,1459
1494,1447
1467,1434
1410,1432
1419,1399
1364,1370
1372,1374
1359,1394
1370,1377
1396,1394
1355,1369
1375,1423
1388,1393
1425,1450
1408,1455
1454,1459
1443,1513
1483,1528
1519,1583
1550,1583
1603,1626
1610,1653
1625,1692
1685,1738
1689,1720
1724,1741
1737,1775
1753,1766
1771,1815
1825,1828
1794,1777
1833,1815
1841,1838
1824,1826
1805,1798
1832,1817
1805,1776
1810,1733
1796,1735
1758,1719
1757,1706
1750,1683
1677,1628
1666,1632
1647,1572
1558,1564
1551,1519
1544,1520
1512,1497
1514,1426
1452,1432
1414,1420
1426,1395
1384,1393
1382,1377
1363,1353
1376,1387
1323,1412
1378,1420
1383,1418
1402,1400
1404,1405
1411,1480
1418,1468
1450,1509
1492,1511
1529,1522
1541,1589
1562,1623
1617,1639
1597,1678
1656,1664
1708,1722
1731,1748
1738,1752
1791,1757
1768,1789
1789,1792
1804,1821
1837,1801
1842,1783
1846,1779
1860,1825
1813,1764
1809,1762
1814,1731
1758,1742
1777,1724
1733,1674
1723,1669
1700,1642
1665,1589
1586,1574
1607,1571
1576,1532
1555,1525
1528,1474
1454,1450
1444,1442
1440,1428
1407,1423
1399,1351
1344,1363
1397,1418
1358,1373
1389,1405
1365,1386
1393,1423
1356,1439
1414,1416
1403,1462
1459,1459
1462,1511
1510,1510
1522,1550
1557,1591
1591,1605
1614,1684
1612,1698
1629,1736
1656,1743
1721,1723
1773,1698
1797,1760
1800,1823
1783,1794
1834,1797
1826,1802
1829,1786
1848,1789
1861,1805
1820,1762
1808,1769
1754,1749
1802,1719
1721,1720
1733,1684
1695,1660
1719,1597
1624,1598
1617,1602
1554,1551
1557,1507
1553,1509
1521,1477
1472,1452
1462,1435
1449,1398
1390,1399
1400,1410
1377,1405
1361,1395
1374,1394
1396,1403
1408,1412
1368,1415
1387,1444
1368,1466
1445,1454
1454,1507
1459,1492
1507,1553
1529,1582
1604,1617
1608,1633
1619,1650
1624,1676
1678,1645
1646,1756
1753,1758
1769,1794
1822,1769
1797,1779
1792,1820
1800,1809
1837,1774
1837,1818
1811,1785
1852,1824
1826,1750
1807,1762
1756,1715
1775,1714
1730,1696
1720,1644
1682,1652
1632,1605
1599,1595
1602,1548
1554,1545
1525,1509
1513,1491
1451,1461
1452,1458
1414,1415
1411,1370
1387,1428
1367,1410
1402,1392
1364,1412
1385,1409
1409,1400
1380,1423
1373,1416
1390,1444
1440,1467
1472,1480
1457,1475
1440,1531
1553,1537
1535,1613
1628,1601
1598,1626
1640,1663
1653,1687
1676,1748
1725,1745
1786,1776
1747,1753
1783,1781
1781,1808
1808,1806
1810,1812
1839,1812
1828,1793
1792,1754
1826,1770
1850,1775
1802,1738
1752,1719
1763,1692
1717,1642
1715,1657
1688,1638
1624,1639
1636,1587
1620,1543
1548,1543
1529,1487
1537,1483
1463,1458
1505,1430
1399,1410
1427,1391
1411,1385
1408,1392
1361,1376
1381,1406
1392,1400
1401,1385
1401,1421
1409,1461
1441,1492
1441,1466
1483,1500
1468,1521
1509,1552
1522,1610
1566,1600
1581,1648
1612,1686
1664,1709
1706,1718
1694,1760
1752,1729
1730,1757
1744,1781
1795,1824
1796,1815
1834,1797
1841,1774
1819,1810
1812,1775
1787,1759
1784,1768
1813,1718
1782,1719
1750,1734
1717,1697
1674,1672
1654,1658
1679,1631
1618,1580
1557,1554
1583,1519
1562,1468
1470,1479
1468,1410
1406,1429
1429,1411
1427,1468
1412,1395
1375,1391
1430,1381
1368,1391
1354,1409
1407,1409
1395,1403
1399,1445
1429,1458
1453,1473
1489,1498
1490,1540
1507,1583
1532,1577
1567,1629
1606,1649
1614,1704
1668,1697
1694,1703
1697,1710
1788,1777
1790,1773
1794,1771
1767,1792
1786,1796
1790,1820
1786,1803
1809,1755
1802,1781
1824,1790
1793,1727
1802,1738
1803,1692
1787,1707
1789,1704
1684,1651
1656,1592
1624,1596
1610,1547
1538,1545
1570,1518
1499,1510
1493,1455
1452,1443
1443,1421
1401,1424
1437,1413
1381,1412
1383,1418
1372,1418
1359,1377
1382,1414
1393,1423
1391,1416
1404,1451
1446,1473
1425,1491
1460,1540
1507,1547
1514,1532
1580,1624
1604,1597
1570,1629
1631,1658
1688,1690
1682,1719
1708,1729
1753,1749
1784,1755
1780,1806
1833,1810
1794,1779
1803,1779
1778,1825
1841,1804
1791,1751
1778,1770
1805,1753
1784,1752
1770,1700
1761,1692
1701,1661
1707,1615
1660,1625
1602,1578
1563,1541
1557,1527
1553,1477
1527,1482
1480,1434
1440,1456
1399,1448
1400,1400
1389,1418
1373,1412
1383,1407
1346,1419
1382,1407
1378,1408
1394,1420
1452,1444
1424,1493
1446,1469
1507,1510
1433,1525
1506,1514
1530,1633
1612,1602
1578,1632
1617,1689
1678,1686
1705,1727
1729,1743
1707,1728
1777,1770
1784,1766
1784,1774
1801,1806
1788,1811
1822,1799
1859,1778
1784,1812
1804,1738
1790,1735
1773,1728
1746,1729
1727,1686
1741,1682
1714,1630
1673,1622
1638,1593
1604,1542
1554,1540
1552,1521
1490,1505
1473,1462
1446,1432
1405,1434
1443,1459
1401,1416
1404,1386
1361,1418
1387,1405
1369,1380
1378,1433
1360,1424
1394,1480
1449,1482
1403,1487
1439,1464
1492,1511
1514,1556
1517,1594
1598,1635
1593,1646
1647,1639
1604,1699
1708,1700
1732,1741
1747,1762
1757,1752
1796,1756
1756,1806
1786,1773
1801,1773
1776,1794
1812,1792
1830,1744
1770,1783
1789,1733
1731,1762
1771,1718
1700,1653
1699,1643
1688,1648
1675,1609
1628,1570
1615,1582
1592,1527
1538,1516
1560,1495
1480,1451
1454,1468
1427,1424
1418,1441
1420,1394
1377,1390
1361,1395
1368,1446
1359,1396
1422,1415
1370,1444
1435,1409
1426,1488
1456,1509
1490,1505
1532,1539
1534,1540
1532,1557
1600,1612
1545,1632
1627,1663
1668,1678
1689,1707
1745,1735
1736,1762
1728,1747
1796,1775
1781,1782
1822,1781
1761,1779
1792,1803
1816,1779
1801,1791
1781,1747
1790,1745
1739,1737
1772,1721
1763,1703
1716,1647
1687,1666
1663,1642
1626,1573
1609,1555
1547,1523
1560,1499
1508,1477
1482,1473
1476,1443
1424,1439
1431,1397
1415,1428
1408,1424
1388,1412
1385,1419
1403,1433
1398,1442
1419,1437
1386,1454
1456,1485
1424,1487
1464,1521
1506,1526
1521,1521
1574,1632
1565,1617
1630,1663
1642,1680
1690,1659
1702,1718
1725,1719
1754,1745
1781,1759
1793,1763
1799,1798
1801,1796
1786,1780
1805,1773
1775,1763
1825,1778
1809,1749
1761,1745
1736,1700
1741,1693
1708,1674
1644,1676
1700,1620
1611,1595
1612,1544
1556,1557
1579,1520
1547,1498
1504,1497
1489,1454
1439,1452
1446,1403
1376,1384
1430,1414
1414,1404
1390,1412
1365,1411
1410,1408
1402,1439
1380,1471
1460,1483
1423,1488
1467,1473
1498,1543
1497,1561
1567,1573
1571,1631
1635,1657
1657,1646
1656,1677
1665,1726
1712,1704
1755,1780
1769,1769
1755,1771
1772,1779
1827,1768
1766,1796
1805,1808
1807,1797
1796,1762
1784,1753
1774,1769
1757,1712
1711,1682
1738,1678
1676,1680
1663,1646
1658,1625
1593,1573
1557,1561
1544,1502
1560,1554
1498,1501
1460,1469
1415,1461
1451,1426
1409,1435
1439,1440
1433,1428
1385,1420
1410,1407
1385,1431
1390,1428
1427,1423
1414,1490
1453,1490
1473,1525
1511,1543
1527,1571
1542,1593
1556,1572
1578,1613
1626,1673
1646,1673
1692,1723
1694,1726
1747,1733
1746,1780
1776,1742
1768,1783
1780,1760
1804,1766
1779,1777
1831,1790
1814,1737
1766,1726
1757,1747
1793,1722
1743,1707
1745,1667
1686,1684
1645,1627
1659,1619
1614,1555
1607,1566
1559,1535
1563,1530
1519,1496
1462,1481
1445,1443
1445,1430
1404,1418
1411,1434
1396,1429
1418,1404
1364,1420
1404,1422
1400,1454
1434,1439
1437,1483
1433,1496
1482,1522
1489,1549
1504,1547
1531,1583
1561,1605
1603,1645
1641,1673
1698,1676
1678,1707
1673,1776
1796,1780
1781,1776
1797,1775
1779,1788
1758,1782
1785,1804
1773,1758
1835,1785
1785,1771
1756,1750
1765,1722
1739,1694
1730,1669
1723,1691
1689,1651
1648,1624
1618,1575
1632,1585
1603,1547
1526,1515
1505,1520
1490,1463
1496,1475
1452,1465
1447,1446
1431,1451
1423,1371
1436,1436
1406,1438
1386,1405
1435,1425
1401,1435
1417,1470
1410,1492
1491,1523
1459,1524
1514,1550
1470,1578
1558,1646
1642,1648
1598,1652
1646,1658
1676,1705
1709,1691
1707,1743
1740,1731
1781,1760
1758,1748
1831,1760
1796,1757
1823,1795
1813,1789
1776,1769
1805,1770
1803,1730
1782,1758
1742,1692
1712,1699
1717,1685
1697,1633
1633,1598
1632,1611
1590,1577
1572,1516
1549,1498
1555,1454
1471,1456
1475,1447
1452,1433
1404,1429
1370,1430
1420,1405
1358,1426
1394,1438
1426,1432
1442,1430
1370,1441
1443,1447
1409,1481
1483,1497
1487,1522
1520,1527
1582,1600
1524,1636
1622,1637
1662,1644
1665,1644
1723,1703
1686,1732
1681,1761
1770,1742
1788,1765
1808,1768
1800,1750
1788,1761
1823,1763
1820,1795
1826,1767
1784,1752
1766,1744
1758,1715
1714,1697
1697,1652
1676,1635
1665,1590
1650,1603
1618,1572
1570,1524
1518,1516
1522,1508
1490,1462
1448,1468
1464,1444
1370,1458
1437,1418
1456,1421
1423,1425
1368,1404
1376,1433
1430,1418
1439,1453
1419,1483
1474,1502
1476,1513
1468,1551
1527,1541
1566,1616
1574,1594
1583,1668
1622,1657
1682,1675
1684,1705
1740,1754
1711,1750
1749,1748
1756,1774
1811,1771
1812,1786
1766,1750
1796,1778
1822,1733
1759,1776
1845,1746
1764,1751
1773,1692
1773,1711
1706,1676
1674,1646
1634,1621
1611,1610
1573,1573
1572,1529
1512,1531
1510,1494
1497,1510
1501,1441
1469,1446
1422,1449
1438,1433
1423,1423
1398,1424
1435,1419
1394,1444
1429,1455
1415,1445
1431,1481
1470,1496
1502,1510
1479,1540
1533,1580
1504,1620
1575,1633
1633,1615
1654,1665
1633,1687
1674,1709
1733,1728
1732,1768
1733,1710
1781,1766
1781,1787
1784,1771
1823,1763
1793,1769
1837,1795
1788,1735
1737,1743
1758,1735
1745,1686
1763,1681
1722,1674
1723,1612
1617,1592
1622,1587
1541,1541
1578,1519
1527,1520
1510,1491
1495,1480
1455,1413
1466,1442
1452,1419
1412,1431
1425,1440
1405,1430
1419,1436
1370,1435
1422,1462
1370,1458
1438,1466
1462,1503
1457,1546
1532,1549
1552,1564
1535,1603
1595,1611
1594,1669
1605,1677
1700,1672
1724,1714
1720,1762
1717,1762
1794,1762
1760,1734
1777,1774
1783,1755
1783,1793
1814,1763
1787,1766
1803,1733
1755,1783
1733,1734
1751,1688
1690,1678
1707,1655
1681,1624
1641,1584
1600,1555
1588,1510
1510,1510
1518,1548
1501,1482
1440,1464
1452,1454
1428,1445
1404,1411
1435,1436
1424,1423
1427,1449
1403,1445
1403,1443
1425,1466
1446,1469
1453,1501
1466,1486
1485,1563
1536,1537
1516,1553
1572,1602
1591,1626
1649,1683
1621,1646
1656,1674
1707,1758
1750,1790
1762,1786
1713,1771
1776,1786
1810,1767
1846,1740
1796,1742
1800,1743
1787,1757
1823,1731
1756,1716
1743,1689
1734,1697
1706,1680
1659,1625
1644,1606
1630,1571
1593,1534
1541,1523
1544,1508
1519,1450
1505,1454
1451,1445
1427,1432
1446,1409
1414,1425
1416,1391
1395,1416
1362,1435
1466,1453
1400,1423
1398,1467
1437,1478
1450,1504
1495,1542
1502,1566
1571,1578
1547,1602
1618,1634
1611,1637
1655,1673
1703,1670
1731,1734
1718,1754
1712,1753
1765,1745
1772,1770
1800,1741
1808,1775
1795,1759
1784,1766
1780,1779
1766,1730
1735,1708
1726,1675
1716,1700
1680,1664
1634,1674
1665,1619
1631,1572
1602,1530
1555,1551
1544,1512
1520,1522
1508,1453
1470,1450
1440,1458
1428,1405
1413,1443
1393,1401
1396,1433
1396,1431
1395,1467
1419,1424
1451,1457
1441,1504
1443,1488
1514,1563
1519,1551
1523,1577
1591,1580
1614,1638
1657,1668
1665,1659
1702,1689
1701,1726
1721,1735
1720,1783
1744,1813
1809,1745
1791,1810
1806,1758
1797,1757
1809,1759
1836,1741
1784,1732
1800,1744
1735,1689
1703,1684
1681,1651
1686,1619
1636,1603
1632,1567
1636,1523
1556,1534
1576,1513
1494,1474
1481,1461
1447,1467
1431,1440
1405,1411
1396,1445
1421,1431
1382,1391
1358,1452
1403,1434
1421,1477
1442,1434
1436,1450
1477,1554
1466,1522
1517,1549
1564,1568
1614,1607
1580,1616
1619,1658
1683,1683
1699,1695
1702,1733
1761,1718
1748,1759
1730,1758
1744,1783
1792,1779
1784,1787
1785,1773
1811,1769
1786,1774
1759,1722
1740,1716
1714,1700
1743,1667
1678,1622
1716,1648
1599,1587
1574,1570
1585,1554
1587,1527
1525,1520
1492,1484
1457,1455
1436,1449
1397,1435
1412,1394
1381,1421
1411,1423
1398,1413
1433,1424
1414,1426
1423,1452
1424,1472
1484,1470
1447,1524
1516,1523
1495,1574
1543,1642
1589,1632
1613,1666
1620,1645
1687,1724
1688,1709
1738,1752
1731,1727
1750,1771
1761,1788
1780,1752
1768,1763
1786,1801
1799,1770
1800,1744
1741,1758
1736,1744
1785,1724
1730,1678
1735,1696
1651,1658
1679,1606
1649,1581
1627,1616
1583,1504
1507,1506
1514,1476
1497,1463
1428,1449
1475,1442
1399,1403
1388,1406
1424,1407
1406,1440
1386,1425
1398,1429
1408,1446
1438,1462
1439,1490
1460,1520
1462,1545
1517,1577
1538,1567
1541,1585
1567,1635
1674,1662
1676,1723
1654,1726
1698,1738
1716,1746
1782,1746
1816,1779
1785,1777
1790,1730
1789,1767
1783,1779
1806,1755
1798,1775
1768,1736
1778,1728
1779,1721
1745,1681
1693,1647
1679,1623
1696,1615
1595,1578
1566,1558
1559,1571
1506,1469
1515,1472
1493,1461
1461,1465
1440,1444
1401,1422
1378,1397
1382,1412
1370,1425
1410,1434
1392,1418
1417,1458
1443,1449
1427,1521
1466,1526
1485,1572
1531,1586
1570,1620
1607,1659
1606,1621
1664,1674
1700,1696
1717,1716
1671,1747
1740,1777
1767,1775
1768,1752
1792,1820
1792,1798
1760,1799
1778,1779
1805,1741
1748,1750
1778,1741
1758,1701
1741,1654
1728,1680
1704,1613
1645,1600
1622,1568
1557,1559
1576,1519
1506,1506
1477,1501
1459,1455
1448,1411
1417,1372
1451,1414
1342,1423
1415,1433
1425,1383
1363,1396
1408,1433
1429,1447
1461,1477
1456,1490
1452,1508
1504,1554
1522,1565
1554,1616
1598,1635
1578,1690
1627,1649
1695,1685
1711,1752
1732,1747
1737,1748
1768,1784
1780,1806
1820,1784
1776,1760
1774,1767
1834,1788
1778,1756
1783,1766
1796,1729
1757,1703
1719,1665
1655,1662
1631,1632
1659,1604
1638,1567
1595,1564
1551,1530
1509,1527
1512,1467
1474,1458
1480,1426
1433,1431
1429,1385
1409,1382
1384,1416
1425,1422
1389,1403
1409,1430
1452,1434
1421,1495
1453,1491
1496,1518
1508,1559
1563,1587
1582,1618
1592,1637
1652,1638
1678,1671
1687,1734
1746,1711
1749,1751
1802,1765
1769,1760
1768,1802
1811,1792
1799,1758
1804,1735
1773,1750
1821,1720
1774,1749
1796,1748
1726,1699
1731,1674
1705,1664
1661,1601
1662,1615
1628,1554
1564,1534
1537,1492
1490,1509
1504,1464
1437,1467
1436,1417
1458,1425
1374,1415
1372,1405
1367,1394
1406,1422
1355,1401
1422,1443
1417,1465
1449,1480
1447,1508
1460,1545
1524,1578
1544,1587
1580,1622
1609,1650
1662,1679
1629,1709
1709,1713
1741,1712
1750,1756
1745,1770
1765,1759
1805,1827
1805,1793
1840,1781
1814,1783
1815,1763
1758,1774
1763,1728
1761,1719
1748,1704
1702,1669
1705,1631
1645,1598
1648,1595
1556,1537
1540,1531
1532,1494
1501,1453
1471,1444
1465,1458
1416,1425
1378,1416
1370,1407
1414,1406
1403,1387
1357,1427
1425,1452
1410,1427
1384,1460
1423,1503
1482,1486
1498,1538
1535,1569
1554,1595
1549,1630
1588,1652
1645,1683
1680,1684
1701,1730
1719,1768
1754,1724
1754,1787
1792,1772
1826,1810
1812,1796
1807,1784
1741,1751
1790,1775
1828,1714
1790,1731
1757,1687
1740,1630
1710,1649
1654,1645
1639,1582
1641,1565
1572,1530
1578,1502
1530,1493
1480,1460
1436,1441
1429,1436
1441,1441
1419,1400
1399,1426
1385,1419
1385,1408
1407,1400
1400,1432
1450,1447
1442,1456
1454,1473
1518,1520
1497,1585
1535,1558
1567,1644
1647,1627
1657,1628
1649,1707
1721,1703
1679,1717
1768,1755
1742,1763
1762,1794
1815,1787
1783,1763
1810,1801
1770,1785
1818,1755
1816,1758
1778,1715
1732,1713
1756,1708
1733,1658
1687,1648
1635,1609
1630,1569
1545,1549
1599,1548
1564,1488
1490,1474
1481,1471
1435,1444
1401,1431
1377,1410
1394,1393
1377,1398
1439,1417
1358,1432
1397,1411
1428,1423
1422,1493
1438,1482
1491,1513
1492,1564
1531,1561
1565,1584
1573,1634
1617,1644
1666,1672
1690,1704
1752,1751
1729,1737
1795,1814
1793,1768
1788,1844
1810,1783
1807,1780
1789,1801
1810,1789
1752,1757
1781,1696
1747,1725
1731,1698
1711,1687
1658,1625
