ch1,ch2
1437,1399
1401,1419
1393,1407
1405,1404
1410,1423
1394,1428
1416,1410
1426,1419
1421,1436
1418,1440
1408,1429
1419,1439
1433,1437
1433,1438
1423,1442
1430,1448
1463,1440
1407,1442
1413,1423
1414,1435
1473,1450
1437,1445
1451,1444
1434,1458
1461,1466
1480,1444
1447,1458
1451,1445
1485,1465
1458,1459
1469,1461
1467,1474
1461,1460
1461,1470
1469,1455
1426,1425
1458,1459
1480,1466
1460,1456
1455,1455
1443,1464
1472,1459
1461,1432
1446,1483
1444,1453
1477,1460
1472,1444
1456,1472
1472,1466
1483,1461
1490,1463
1464,1459
1485,1449
1447,1450
1470,1451
1471,1451
1467,1473
1475,1461
1459,1453
1449,1441
1474,1442
1445,1452
1482,1473
1473,1452
1464,1448
1449,1453
1463,1420
1455,1439
1436,1456
1438,1433
1446,1439
1472,1450
1451,1429
1439,1431
1473,1419
1454,1445
1448,1430
1422,1444
1459,1451
1440,1429
1454,1439
1460,1431
1430,1419
1448,1421
1467,1421
1424,1408
1471,1401
1410,1402
1448,1419
1416,1429
1402,1424
1430,1418
1413,1393
1414,1418
1416,1420
1423,1416
1420,1402
1442,1392
1399,1415
1393,1397
1415,1406
1395,1380
1410,1366
1418,1389
1403,1397
1411,1392
1397,1385
1410,1376
1396,1367
1393,1369
1395,1364
1383,1365
1407,1372
1380,1365
1390,1373
1358,1337
1364,1370
1386,1359
1374,1365
1377,1370
1364,1366
1349,1368
1355,1369
1334,1351
1360,1368
1359,1359
1366,1353
1341,1357
1363,1376
1344,1357
1330,1338
1345,1330
1352,1341
1344,1340
1343,1352
1328,1349
1347,1354
1343,1341
1336,1343
1339,1335
1339,1343
1327,1327
1322,1347
1336,1341
1335,1352
1346,1328
1347,1334
1318,1326
1329,1347
1347,1334
1336,1338
1327,1351
1323,1351
1340,1355
1340,1352
1326,1348
1328,1330
1336,1339
1328,1345
1306,1347
1341,1333
1339,1351
1321,1346
1301,1362
1318,1352
1316,1336
1346,1345
1347,1363
1336,1339
1349,1360
1324,1360
1338,1349
1345,1350
1334,1351
1334,1359
1347,1367
1348,1349
1343,1351
1347,1349
1351,1364
1348,1368
1351,1360
1355,1363
1365,1376
1345,1373
1348,1383
1367,1362
1376,1385
1359,1379
1353,1372
1349,1390
1367,1382
1340,1396
1356,1393
1372,1379
1362,1404
1376,1401
1356,1406
1390,1401
1388,1397
1402,1419
1381,1397
1388,1387
1393,1420
1383,1404
1386,1401
1398,1416
1392,1408
1404,1398
1410,1426
1400,1405
1407,1433
1423,1418
1411,1423
1430,1419
1410,1423
1428,1443
1427,1436
1418,1424
1401,1440
1431,1436
1440,1447
1439,1438
1419,1448
1436,1418
1440,1434
1438,1464
1438,1450
1428,1454
1416,1449
1437,1453
1458,1455
1425,1443
1442,1462
1442,1443
1453,1441
1447,1459
1447,1448
1445,1443
1452,1478
1461,1475
1451,1458
1469,1457
1462,1453
1449,1473
1464,1455
1477,1476
1444,1458
1450,1467
1481,1445
1448,1464
1483,1453
1449,1470
1492,1474
1459,1454
1478,1457
1467,1463
1462,1457
1484,1440
1481,1472
1454,1466
1469,1463
1457,1450
1465,1457
1461,1455
1476,1467
1465,1481
1501,1458
1474,1455
1466,1449
1487,1456
1447,1460
1486,1460
1456,1453
1474,1456
1473,1444
1494,1423
1460,1442
1479,1434
1468,1442
1465,1449
1466,1431
1465,1424
1435,1448
1437,1451
1446,1424
1458,1425
1457,1430
1473,1446
1433,1432
1438,1411
1438,1425
1431,1453
1437,1415
1430,1420
1444,1402
1462,1408
1425,1392
1428,1409
1443,1411
1420,1409
1399,1416
1416,1385
1414,1402
1415,1408
1407,1370
1413,1396
1405,1378
1445,1403
1418,1390
1376,1385
1382,1392
1370,1382
1392,1379
1419,1376
1405,1377
1394,1378
1376,1352
1397,1365
1376,1355
1369,1373
1366,1347
1368,1352
1350,1370
1367,1380
1353,1354
1355,1341
1370,1372
1363,1361
1369,1358
1363,1361
1335,1343
1345,1345
1351,1337
1370,1338
1363,1359
1330,1350
1356,1348
1337,1340
1334,1339
1337,1340
1331,1351
1350,1337
1331,1341
1328,1364
1322,1326
1355,1351
1337,1362
1315,1336
1328,1335
1356,1351
1323,1329
1323,1329
1330,1324
1335,1330
1308,1329
1325,1337
1324,1327
1310,1332
1332,1319
1313,1336
1336,1358
1302,1330
1337,1336
1316,1338
1321,1360
1342,1343
1328,1365
1334,1347
1325,1339
1331,1369
1325,1334
1340,1357
1338,1373
1327,1369
1316,1345
1337,1361
1332,1353
1339,1354
1333,1363
1337,1360
1329,1376
1345,1359
1341,1350
1355,1363
1332,1374
1353,1364
1345,1372
1367,1370
1360,1361
1319,1355
1358,1406
1352,1389
1364,1388
1362,1379
1376,1396
1358,1403
1363,1398
1381,1385
1372,1387
1371,1401
1385,1391
1361,1393
1378,1388
1398,1401
1382,1402
1366,1411
1392,1392
1390,1399
1397,1398
1383,1418
1406,1399
1410,1419
1397,1415
1385,1437
1408,1434
1411,1419
1428,1422
1424,1439
1420,1424
1423,1415
1430,1435
1419,1421
1418,1430
1440,1443
1437,1449
1404,1441
1429,1437
1425,1446
1442,1455
1430,1435
1416,1452
1439,1446
1461,1446
1449,1461
1459,1470
1475,1457
1449,1453
1456,1461
1437,1460
1437,1468
1467,1441
1451,1447
1470,1441
1458,1477
1463,1461
1486,1465
1469,1459
1451,1470
1475,1452
1464,1469
1488,1489
1470,1464
1485,1472
1477,1462
1471,1458
1444,1461
1473,1461
1463,1472
1485,1474
1460,1470
1464,1463
1493,1445
1473,1470
1471,1472
1490,1464
1474,1457
1490,1470
1483,1432
1452,1462
1484,1449
1473,1465
1482,1476
1438,1456
1476,1464
1481,1447
1473,1485
1483,1454
1486,1448
1472,1446
1480,1447
1472,1436
1457,1441
1449,1423
1460,1429
1429,1447
1456,1442
1458,1418
1451,1435
1459,1441
1472,1426
1431,1428
1454,1425
1447,1410
1452,1425
1456,1428
1457,1414
1443,1406
1436,1401
1442,1405
1435,1421
1427,1418
1419,1422
1442,1408
1418,1397
1421,1430
1409,1402
1406,1392
1406,1382
1404,1402
1388,1389
1395,1418
1411,1382
1405,1380
1394,1387
1414,1374
1404,1374
1378,1388
1393,1370
1387,1368
1372,1362
1385,1374
1367,1374
1368,1364
1379,1365
1374,1367
1365,1355
1359,1364
1362,1350
1376,1356
1367,1349
1370,1356
1367,1369
1361,1347
1351,1349
1352,1356
1358,1369
1358,1355
1345,1338
1353,1343
1353,1355
1341,1355
1336,1323
1325,1343
1325,1349
1320,1342
1320,1352
1345,1332
1305,1329
1332,1314
1352,1323
1335,1338
1338,1321
1317,1331
1307,1332
1336,1350
1335,1349
1324,1333
1335,1343
1325,1345
1308,1340
1305,1318
1329,1350
1322,1330
1321,1362
1336,1327
1326,1335
1329,1353
1311,1350
1332,1328
1324,1339
1321,1351
1318,1335
1331,1339
1326,1362
1338,1355
1312,1335
1330,1335
1316,1351
1328,1345
1324,1364
1357,1342
1327,1336
1344,1369
1311,1353
1353,1358
1353,1346
1327,1364
1342,1357
1333,1370
1343,1351
1350,1361
1322,1366
1329,1344
1367,1346
1342,1378
1369,1374
1342,1382
1362,1371
1345,1367
1355,1375
1397,1382
1377,1374
1389,1397
1365,1397
1387,1400
1376,1424
1382,1398
1385,1385
1372,1420
1385,1403
1385,1405
1388,1406
1401,1423
1398,1413
1390,1424
1402,1417
1394,1410
1415,1424
1415,1425
1396,1406
1412,1423
1407,1427
1431,1424
1437,1424
1438,1442
1430,1455
1428,1435
1423,1443
1434,1442
1421,1443
1441,1445
1418,1446
1443,1456
1441,1456
1452,1436
1468,1455
1459,1446
1441,1464
1465,1443
1446,1448
1460,1456
1461,1452
1443,1448
1473,1450
1451,1469
1474,1459
1458,1461
1481,1449
1489,1473
1465,1481
1467,1450
1490,1489
1479,1472
1472,1468
1492,1472
1477,1477
1491,1459
1474,1470
1480,1460
1479,1454
1479,1459
1470,1452
1486,1485
1495,1481
1484,1459
1484,1456
1502,1480
1481,1444
1466,1459
1466,1445
1486,1460
1489,1448
1476,1461
1491,1467
1472,1469
1505,1472
1447,1457
1488,1461
1486,1460
1467,1470
1474,1448
1483,1440
1453,1434
1485,1431
1453,1434
1459,1433
1471,1426
1452,1437
1440,1436
1454,1440
1484,1428
1451,1426
1441,1455
1452,1442
1441,1436
1431,1425
1449,1429
1453,1433
1418,1411
1432,1428
1439,1416
1425,1431
1427,1414
1415,1392
1440,1394
1415,1378
1429,1405
1404,1389
1414,1413
1414,1400
1388,1381
1398,1379
1419,1395
1398,1394
1398,1388
1391,1378
1388,1372
1381,1380
1399,1357
1366,1374
1394,1364
1367,1356
1369,1377
1374,1356
1390,1360
1383,1353
1353,1346
1370,1358
1367,1342
1352,1353
1374,1360
1348,1352
1374,1361
1361,1322
1373,1342
1336,1344
1341,1352
1355,1351
1339,1344
1339,1343
1346,1343
1344,1340
1349,1339
1314,1333
1334,1331
1343,1341
1331,1324
1334,1335
1322,1336
1306,1333
1342,1340
1318,1338
1333,1325
1327,1345
1297,1329
1325,1346
1342,1335
1335,1346
1336,1321
1327,1333
1324,1333
1316,1334
1317,1334
1313,1333
1335,1338
1329,1326
1299,1349
1334,1320
1318,1353
1335,1345
1338,1343
1309,1333
1301,1339
1319,1342
1342,1363
1335,1330
1350,1345
1340,1336
1344,1335
1326,1347
1331,1340
1342,1343
1334,1351
1320,1341
1323,1359
1332,1359
1361,1341
1336,1367
1320,1363
1361,1379
1361,1371
1335,1374
1361,1371
1340,1381
1329,1375
1350,1374
1359,1373
1367,1365
1360,1380
1354,1388
1367,1383
1372,1393
1357,1404
1360,1381
1381,1382
1370,1377
1366,1391
1383,1417
1388,1388
1366,1401
1370,1394
1381,1418
1400,1407
1400,1406
1394,1430
1378,1422
1387,1415
1426,1415
1416,1435
1412,1422
1419,1434
1419,1439
1428,1436
1413,1426
1427,1407
1427,1435
1432,1424
1424,1438
1438,1434
1430,1431
1427,1446
1459,1445
1441,1452
1440,1461
1449,1452
1465,1454
1450,1463
1433,1477
1448,1462
1456,1444
1475,1445
1444,1445
1464,1446
1439,1487
1449,1459
1448,1465
1468,1465
1477,1487
1462,1473
1463,1468
1480,1474
1462,1474
1476,1479
1452,1473
1478,1462
1476,1480
1481,1466
1458,1479
1473,1477
1461,1464
1480,1445
1492,1471
1493,1467
1456,1485
1493,1465
1455,1473
1489,1478
1477,1468
1481,1464
1446,1479
1489,1469
1470,1487
1480,1451
1480,1473
1482,1449
1475,1455
1468,1466
1464,1459
1464,1453
1486,1454
1462,1462
1489,1466
1493,1441
1485,1459
1467,1455
1470,1433
1446,1439
1472,1428
1451,1429
1443,1445
1475,1441
1442,1438
1453,1436
1434,1439
1458,1428
1465,1414
1441,1430
1450,1410
1440,1435
1413,1407
1446,1422
1425,1420
1445,1412
1428,1428
1436,1400
1418,1411
1442,1395
1410,1394
1412,1385
1426,1387
1412,1406
1397,1378
1395,1374
1398,1385
1386,1371
1415,1393
1382,1387
1409,1380
1418,1378
1369,1376
1381,1374
1373,1360
1375,1371
1370,1367
1377,1363
1367,1368
1370,1352
1346,1344
1378,1362
1369,1347
1346,1352
1337,1357
1358,1353
1342,1349
1359,1340
1364,1336
1355,1341
1345,1359
1329,1332
1320,1332
1345,1341
1334,1345
1319,1340
1319,1339
1318,1348
1345,1323
1324,1325
1335,1343
1317,1329
1335,1333
1351,1338
1337,1317
1342,1325
1320,1327
1313,1327
1340,1338
1322,1322
1317,1313
1328,1345
1328,1335
1330,1345
1314,1347
1314,1328
1308,1314
1314,1332
1307,1338
1316,1332
1297,1346
1322,1348
1323,1327
1312,1327
1341,1341
1322,1335
1313,1345
1329,1350
1334,1347
1344,1340
1321,1335
1338,1357
1322,1323
1343,1361
1335,1339
1324,1353
1349,1358
1318,1353
1361,1365
1346,1346
1334,1350
1344,1368
1344,1361
1348,1380
1358,1357
1346,1369
1352,1382
1341,1364
1355,1367
1364,1370
1335,1371
1337,1389
1372,1377
1352,1387
1355,1385
1363,1377
1383,1380
1370,1414
1358,1400
1353,1412
1395,1373
1364,1411
1371,1422
1395,1409
1399,1412
1393,1394
1392,1423
1413,1431
1424,1414
1393,1421
1408,1416
1398,1433
1420,1426
1421,1432
1426,1430
1386,1443
1430,1432
1427,1433
1437,1423
1438,1446
1436,1419
1459,1431
1417,1447
1425,1451
1457,1463
1447,1448
1450,1456
1436,1450
1451,1459
1449,1446
1452,1448
1459,1464
1455,1455
1464,1480
1489,1451
1465,1454
1469,1458
1466,1474
1468,1457
1480,1468
1461,1464
1468,1478
1475,1462
1488,1455
1472,1469
1470,1480
1458,1477
1479,1479
1496,1462
1460,1461
1468,1471
1468,1455
1483,1468
1496,1467
1467,1478
1473,1471
1502,1465
1474,1475
1478,1452
1475,1482
1475,1444
1471,1452
1494,1460
1478,1461
1487,1477
1488,1454
1480,1455
1473,1450
1473,1471
1467,1454
1482,1419
1444,1425
1483,1454
1509,1446
1481,1437
1493,1455
1467,1429
1455,1455
1452,1436
1479,1435
1440,1434
1472,1429
1433,1448
1437,1439
1441,1428
1428,1452
1427,1420
1483,1428
1443,1413
1447,1408
1442,1415
1458,1425
1462,1413
1437,1419
1409,1423
1417,1395
1427,1417
1425,1409
1418,1410
1421,1407
1420,1394
1417,1384
1401,1401
1410,1393
1416,1409
1413,1383
1398,1379
1401,1375
1398,1393
1378,1390
1398,1386
1399,1398
1388,1361
1398,1363
1353,1341
1366,1378
1379,1373
1374,1357
1354,1357
1361,1343
1349,1362
1356,1367
1347,1360
1371,1352
1369,1346
1353,1327
1355,1366
1366,1353
1365,1345
1360,1329
1335,1343
1357,1350
1349,1332
1339,1342
1339,1344
1331,1338
1329,1340
1345,1342
1358,1317
1337,1322
1342,1329
1345,1326
1330,1318
1330,1330
1311,1338
1335,1339
1334,1323
1327,1325
1340,1323
1316,1333
1341,1329
1329,1326
1314,1328
1317,1323
1336,1322
1307,1343
1283,1338
1343,1325
1299,1346
1327,1348
1307,1349
1310,1333
1315,1333
1328,1335
1319,1353
1315,1349
1303,1336
1335,1314
1316,1346
1330,1326
1329,1357
1346,1345
1318,1345
1365,1340
1319,1356
1344,1345
1324,1350
1330,1344
1339,1350
1332,1355
1349,1363
1322,1342
1347,1362
1342,1358
1353,1379
1348,1378
1383,1372
1369,1378
1378,1369
1374,1372
1403,1388
1362,1405
1371,1382
1350,1376
1345,1389
1371,1388
1383,1400
1378,1407
1403,1419
1407,1399
1373,1408
1382,1378
1395,1416
1412,1409
1386,1432
1394,1428
1390,1407
1399,1406
1414,1405
1436,1424
1399,1419
1434,1429
1419,1434
1412,1430
1430,1440
1412,1443
1452,1431
1424,1442
1462,1461
1430,1452
1418,1442
1444,1443
1454,1455
1466,1456
1465,1444
1426,1445
1417,1429
1444,1461
1467,1468
1460,1466
1459,1480
1417,1461
1473,1456
1463,1467
1495,1454
1473,1461
1465,1470
1452,1487
1466,1477
1479,1466
1471,1478
1479,1473
1473,1494
1478,1468
1490,1456
1468,1458
1476,1469
1473,1461
1493,1467
1471,1458
1469,1482
1485,1460
1508,1471
1458,1482
1490,1476
1486,1466
1462,1490
1486,1467
1491,1454
1500,1475
1486,1455
1481,1473
1450,1466
1495,1466
1495,1444
1485,1457
1470,1442
1489,1469
1488,1458
1472,1470
1468,1453
1473,1470
1493,1455
1456,1443
1459,1455
1463,1441
1469,1445
1449,1450
1452,1435
1467,1444
1456,1433
1471,1438
1446,1446
1445,1440
1475,1412
1437,1450
1453,1416
1450,1420
1440,1412
1462,1421
1432,1408
1418,1411
1447,1415
1438,1407
1430,1411
1444,1407
1420,1416
1426,1403
1417,1388
1415,1375
1399,1388
1391,1398
1391,1392
1374,1390
1396,1371
1404,1379
1392,1372
1400,1373
1401,1367
1374,1386
1384,1374
1402,1339
1382,1365
1370,1361
1352,1366
1384,1343
1391,1369
1368,1371
1378,1335
1370,1360
1359,1348
1342,1351
1338,1336
1351,1350
1333,1350
1348,1359
1340,1358
1341,1361
1347,1328
1332,1326
1298,1346
1326,1350
1329,1313
1334,1351
1344,1326
1349,1356
1326,1338
1326,1348
1345,1335
1331,1330
1307,1331
1301,1311
1329,1304
1308,1322
1326,1322
1306,1332
1327,1328
1341,1329
1336,1316
1312,1317
1319,1331
1283,1318
1276,1343
1297,1317
1315,1332
1314,1345
1332,1335
1326,1337
1329,1339
1303,1321
1305,1334
1333,1326
1337,1351
1335,1339
1322,1351
1317,1348
1336,1363
1323,1364
1335,1344
1320,1343
1333,1337
1329,1365
1349,1351
1354,1366
1317,1389
1335,1348
1343,1357
1337,1342
1330,1364
1345,1347
1338,1358
1346,1361
1352,1366
1364,1389
1350,1376
1387,1392
1388,1398
1375,1378
1358,1385
1385,1379
1363,1401
1356,1384
1362,1392
1367,1393
1398,1406
1390,1394
1382,1417
1373,1412
1395,1416
1362,1407
1387,1425
1401,1411
1412,1411
1402,1416
1424,1405
1428,1442
1416,1429
1410,1437
1413,1423
1411,1428
1411,1425
1445,1441
1427,1447
1430,1427
1411,1433
1463,1449
1440,1467
1403,1465
1412,1456
1436,1442
1454,1446
1455,1446
1423,1454
1481,1427
1468,1454
1460,1459
1471,1459
1449,1463
1472,1469
1466,1460
1440,1471
1466,1474
1455,1471
1467,1472
1469,1468
1472,1456
1473,1461
1481,1477
1491,1467
1467,1461
1473,1458
1495,1463
1446,1463
1495,1478
1500,1453
1498,1461
1472,1465
1497,1472
1494,1461
1518,1462
1469,1460
1490,1462
1467,1460
1488,1446
1478,1475
1492,1462
1493,1449
1493,1451
1476,1472
1475,1454
1455,1483
1483,1476
1472,1469
1501,1475
1479,1451
1488,1463
1481,1443
1476,1440
1483,1473
1459,1459
1458,1436
1451,1466
1471,1445
1454,1427
1441,1439
1475,1424
1466,1427
1460,1435
1421,1437
1424,1445
1445,1411
1440,1432
1436,1435
1435,1404
1422,1429
1430,1429
1443,1415
1406,1418
1456,1403
1428,1414
1406,1405
1415,1392
1425,1409
1440,1397
1418,1380
1405,1399
1408,1395
1391,1388
1453,1395
1394,1386
1395,1394
1411,1379
1397,1370
1381,1372
1383,1376
1367,1388
1363,1375
1404,1363
1387,1362
1377,1380
1377,1338
1336,1380
1380,1360
1363,1350
1371,1346
1364,1355
1348,1365
1364,1355
1346,1353
1345,1348
1365,1344
1352,1328
1355,1340
1340,1340
1331,1335
1352,1322
1334,1340
1352,1329
1320,1349
1324,1332
1318,1308
1356,1332
1309,1322
1332,1326
1347,1347
1322,1340
1313,1313
1311,1313
1323,1327
1328,1317
1338,1321
1332,1337
1324,1331
1305,1361
1303,1335
1325,1320
1318,1339
1323,1316
1326,1321
1310,1353
1323,1338
1296,1333
1325,1342
1307,1353
1339,1340
1324,1349
1325,1331
1319,1326
1314,1337
1317,1334
1340,1340
1332,1332
1335,1359
1323,1349
1329,1345
1308,1362
1316,1353
1342,1373
1321,1353
1343,1365
1308,1374
1343,1371
1352,1368
1348,1370
1342,1366
1355,1376
1341,1346
1353,1385
1343,1380
1365,1365
1355,1371
1333,1382
1363,1391
1367,1392
1377,1399
1344,1399
1385,1393
1354,1403
1381,1411
1355,1405
1378,1402
1388,1414
1371,1413
1398,1399
1385,1415
1408,1416
1367,1407
1420,1409
1402,1418
1418,1413
1413,1423
1415,1411
1413,1451
1406,1441
1432,1432
1412,1457
1429,1433
1442,1430
1437,1442
1433,1444
1426,1437
1440,1450
1443,1451
1428,1436
1451,1449
1445,1442
1459,1453
1462,1442
1450,1460
1433,1445
1456,1459
1478,1445
1466,1455
1468,1476
1454,1456
1459,1467
1445,1464
1450,1482
1481,1451
1468,1492
1465,1474
1472,1475
1471,1462
1480,1476
1481,1462
1473,1462
1471,1451
1492,1465
1469,1479
1466,1460
1478,1466
1493,1474
1470,1479
1486,1470
1496,1485
1507,1474
1488,1490
1479,1473
1499,1479
1520,1464
1471,1468
1480,1466
1485,1458
1486,1473
1480,1470
1477,1478
1493,1468
1479,1444
1483,1463
1462,1458
1475,1457
1450,1439
1455,1455
1444,1468
1462,1443
1444,1438
1471,1451
1456,1432
1479,1471
1465,1437
1435,1423
1444,1419
1442,1440
1461,1421
1460,1443
1473,1430
1431,1417
1427,1430
1469,1429
1428,1422
1420,1423
1445,1416
1444,1420
1427,1422
1438,1405
1432,1389
1420,1418
1428,1397
1422,1393
1407,1387
1416,1379
1387,1402
1396,1397
1415,1372
1420,1386
1394,1376
1422,1392
1400,1377
1386,1373
1405,1365
1376,1375
1392,1359
1394,1372
1377,1361
1375,1369
1371,1371
1375,1368
1373,1364
1359,1352
1351,1359
1372,1359
1354,1342
1341,1350
1340,1363
1354,1351
1366,1354
1349,1338
1343,1332
1351,1333
1310,1331
1344,1336
1327,1345
1324,1331
1331,1314
1335,1326
1335,1337
1336,1325
1342,1329
1327,1356
1299,1323
1331,1338
1314,1343
1318,1329
1303,1304
1329,1310
1319,1344
1307,1339
1318,1307
1323,1318
1331,1317
1309,1344
1307,1347
1339,1322
1293,1304
1298,1324
1339,1335
1312,1336
1316,1336
1311,1329
1328,1333
1308,1348
1305,1334
1325,1339
1307,1346
1304,1332
1331,1353
1295,1354
1361,1340
1334,1362
1316,1348
1317,1344
1315,1336
1320,1366
1332,1377
1346,1367
1323,1362
1338,1351
1343,1353
1323,1373
1363,1351
1354,1364
1348,1348
1351,1383
1366,1374
1341,1383
1373,1346
1353,1364
1378,1391
1366,1383
1382,1398
1367,1379
1365,1384
1375,1393
1366,1384
1373,1399
1390,1412
1376,1398
1399,1407
1400,1400
1406,1415
1375,1398
1404,1413
1371,1400
1418,1410
1396,1430
1407,1420
1402,1420
1398,1440
1412,1420
1417,1450
1421,1431
1447,1424
1441,1445
1429,1420
1410,1457
1410,1452
1426,1427
1442,1440
1458,1451
1446,1458
1425,1442
1458,1458
1440,1445
1441,1447
1463,1464
1449,1444
1438,1470
1456,1440
1460,1438
1479,1469
1448,1462
1467,1464
1459,1462
1476,1446
1479,1460
1482,1465
1463,1463
1478,1460
1470,1457
1485,1475
1488,1475
1481,1456
1465,1464
1471,1460
1466,1461
1471,1481
1497,1472
1503,1468
1491,1467
1470,1475
1503,1485
1474,1448
1457,1483
1479,1459
1471,1480
1500,1455
1475,1467
1498,1449
1463,1458
1474,1458
1455,1460
1466,1452
1467,1460
1476,1441
1462,1458
1487,1451
1462,1448
1493,1467
1451,1463
1487,1446
1483,1438
1482,1446
1443,1428
1463,1447
1461,1431
1458,1438
1463,1442
1467,1433
1444,1453
1455,1435
1450,1432
1448,1421
1446,1425
1444,1452
1431,1445
1424,1410
1412,1414
1445,1403
1422,1425
1407,1408
1416,1401
1420,1399
1402,1398
1401,1387
1433,1402
1385,1379
1402,1391
1389,1398
1402,1379
1401,1380
1394,1381
1401,1377
1397,1377
1391,1374
1412,1374
1385,1374
1399,1378
1369,1350
1368,1373
1373,1385
1369,1380
1376,1345
1378,1363
1375,1344
1356,1352
1375,1342
1368,1358
1353,1371
1379,1368
1344,1363
1356,1326
1339,1349
1345,1350
1355,1324
1369,1340
1335,1340
1326,1337
1349,1332
1334,1337
1344,1335
1339,1339
1358,1337
1330,1333
1331,1330
1319,1344
1331,1339
1327,1334
1341,1331
1333,1328
1304,1331
1307,1341
1324,1314
1330,1324
1338,1314
1303,1338
1321,1327
1334,1338
1328,1340
1311,1330
1317,1331
1324,1309
1301,1333
1328,1319
1323,1328
1307,1337
1300,1349
1285,1334
1325,1324
1326,1328
1301,1336
1320,1341
1336,1332
1328,1340
1310,1351
1316,1343
1352,1363
1351,1355
1307,1349
1321,1353
1344,1350
1331,1377
1318,1364
1337,1362
1347,1360
1336,1369
1328,1378
1364,1357
1347,1363
1343,1382
1347,1373
1355,1370
1363,1386
1347,1379
1368,1383
1403,1389
1340,1378
1388,1388
1382,1391
1369,1374
1346,1422
1375,1406
1385,1406
1395,1410
1376,1424
1418,1402
1405,1412
1413,1420
1371,1407
1423,1406
1382,1416
1418,1402
1405,1430
1416,1432
1417,1436
1400,1421
1425,1432
1402,1438
1429,1422
1413,1452
1419,1445
1440,1431
1427,1445
1432,1442
1452,1438
1434,1453
1436,1448
1427,1435
1435,1457
1442,1445
1447,1454
1454,1452
1441,1442
1466,1462
1460,1458
1432,1456
1433,1449
1479,1450
1450,1461
1458,1457
1483,1478
1461,1452
1480,1462
1474,1464
1475,1469
1482,1467
1482,1474
1473,1461
1487,1459
1472,1478
1492,1491
1481,1462
1464,1473
1492,1444
1473,1471
1475,1471
1484,1462
1492,1460
1476,1463
1484,1483
1474,1486
1491,1479
1467,1469
1483,1453
1467,1465
1457,1462
1473,1485
1481,1457
1466,1457
1462,1459
1466,1456
1468,1464
1482,1463
1445,1446
1492,1448
1482,1426
1469,1437
1467,1465
1472,1449
1457,1445
1474,1447
1454,1422
1451,1431
1447,1425
1467,1440
1461,1429
1467,1408
1454,1417
1427,1423
1426,1425
1433,1424
1446,1410
1453,1415
1412,1424
1433,1421
1424,1394
1413,1396
1399,1400
1427,1412
1401,1394
1403,1386
1410,1394
1409,1388
1405,1400
1398,1385
1356,1391
1386,1367
1373,1376
1403,1375
1387,1379
1397,1384
1366,1376
1373,1365
1367,1361
1369,1379
1358,1368
1370,1362
1379,1362
1365,1345
1343,1364
1354,1337
1329,1357
1353,1349
1352,1345
1342,1348
1352,1343
1332,1352
1348,1345
1334,1357
1363,1342
1358,1337
1353,1357
1340,1316
1320,1338
1329,1334
1334,1358
1333,1310
1357,1321
1339,1335
1312,1342
1306,1338
1317,1335
1313,1334
1309,1339
1311,1329
1336,1331
1301,1331
1308,1358
1307,1325
1302,1333
1320,1338
1319,1336
1325,1330
1304,1339
1305,1345
1329,1330
1295,1340
1307,1335
1317,1343
1312,1327
1324,1347
1313,1334
1341,1337
1315,1339
1317,1351
1333,1341
1328,1343
1334,1345
1306,1367
1348,1340
1329,1363
1306,1361
1319,1366
1336,1366
1342,1354
1356,1366
1325,1361
1336,1346
1336,1373
1343,1370
1349,1391
1353,1378
1330,1372
1355,1389
1382,1363
1354,1358
1380,1372
1363,1397
1376,1393
1365,1386
1371,1403
1359,1415
1384,1401
1366,1396
1381,1423
1365,1397
1402,1404
1394,1417
1380,1398
1408,1405
1382,1398
1391,1421
1402,1419
1389,1436
1409,1415
1411,1423
1413,1435
1417,1431
1409,1419
1424,1423
1414,1416
1434,1428
1435,1439
1446,1439
1433,1426
1463,1465
1431,1458
1462,1449
1424,1445
1434,1436
1445,1444
1440,1458
1454,1456
1461,1443
1474,1458
1464,1469
1459,1452
1452,1452
1456,1474
1469,1459
1473,1482
1468,1459
1463,1458
1458,1442
1464,1462
1464,1470
1466,1455
1475,1473
1458,1478
1470,1470
1461,1472
1468,1482
1476,1450
1476,1468
1487,1493
1481,1448
1458,1468
1477,1467
1499,1466
1488,1471
1487,1473
1458,1459
1499,1494
1461,1482
1472,1471
1485,1451
1489,1470
1489,1465
1470,1457
1495,1457
1482,1459
1463,1458
1473,1435
1455,1450
1469,1444
1454,1438
1455,1462
1463,1449
1468,1442
1461,1450
1456,1445
1469,1423
1477,1441
1477,1438
1460,1445
1469,1439
1459,1438
1436,1428
1457,1435
1443,1427
1441,1444
1456,1415
1459,1406
1453,1423
1425,1421
1423,1421
1433,1428
1441,1398
1434,1411
1425,1392
1428,1408
1411,1402
1425,1399
1425,1406
1424,1410
1412,1395
1404,1380
1415,1366
1393,1393
1408,1392
1382,1380
1412,1376
1374,1379
1388,1380
1402,1370
1396,1364
1387,1365
1387,1380
1392,1370
1370,1365
1383,1356
1374,1367
1362,1382
1398,1363
1372,1340
1362,1371
1377,1357
1348,1343
1341,1342
1342,1349
1335,1343
1344,1343
1346,1345
1352,1330
1335,1349
1346,1342
1339,1326
1344,1342
1343,1340
1340,1336
1337,1334
1347,1331
1328,1337
1330,1313
1320,1347
1327,1331
1339,1335
1333,1325
1354,1318
1308,1328
1310,1344
1340,1319
1324,1349
1338,1335
1312,1336
1305,1307
1311,1340
1328,1323
1313,1362
1324,1336
1309,1325
1304,1342
1320,1332
1300,1345
1320,1362
1333,1340
1326,1339
1337,1355
1323,1341
1315,1334
1320,1338
1310,1356
1351,1341
1350,1351
1302,1353
1345,1355
1333,1361
1346,1367
1341,1352
1343,1351
1353,1340
1342,1357
1352,1360
1323,1367
1334,1382
1350,1355
1380,1391
1382,1359
1362,1375
1370,1386
1372,1373
1379,1376
1361,1367
1357,1368
1358,1383
1393,1375
1387,1402
1360,1400
1370,1384
1376,1393
1412,1405
1389,1376
1403,1424
1414,1414
1383,1409
1404,1424
1383,1415
1384,1407
1420,1409
1419,1437
1412,1409
1416,1417
1418,1447
1412,1428
1434,1409
1411,1441
1414,1430
1415,1428
1411,1427
1425,1440
1430,1435
1462,1449
1445,1446
1432,1452
1459,1440
1444,1441
1434,1447
1445,1458
1449,1445
1457,1459
1467,1466
1447,1468
1477,1447
1463,1471
1473,1459
1473,1467
1477,1456
1467,1455
1467,1454
1459,1451
1467,1461
1458,1466
1467,1473
1472,1468
1478,1450
1492,1458
1487,1474
1473,1450
1487,1489
1460,1470
1488,1471
1490,1475
1505,1455
1480,1474
1471,1452
1478,1442
1507,1453
1463,1460
1481,1460
1449,1451
1478,1448
1474,1467
1479,1467
1487,1461
1470,1432
1463,1445
1488,1465
1465,1440
1481,1461
1474,1445
1462,1481
1477,1447
1482,1455
1471,1453
1471,1444
1472,1444
1479,1431
1439,1422
1475,1439
1486,1420
1472,1441
1462,1439
1455,1419
1468,1423
1428,1413
1441,1411
1437,1431
1457,1428
1423,1402
1425,1407
1429,1421
1441,1412
1439,1404
1432,1406
1424,1420
1441,1410
1443,1408
1421,1412
1432,1397
1414,1377
1428,1408
1378,1381
1426,1384
1391,1391
1414,1380
1382,1365
1389,1383
1380,1357
1378,1371
1383,1372
1368,1370
1379,1382
1387,1349
1384,1377
1363,1386
1370,1355
1369,1339
1367,1361
1353,1368
1352,1351
1372,1358
1355,1345
1354,1348
1364,1358
1355,1351
1372,1361
1333,1351
1371,1354
1343,1347
1369,1343
1361,1336
1329,1323
1373,1328
1338,1330
1333,1335
1356,1330
1329,1338
1340,1330
1314,1352
1338,1331
1331,1329
1320,1342
1316,1345
1316,1335
1333,1345
1318,1325
1307,1319
1329,1323
1331,1342
1292,1328
1320,1333
1331,1321
1320,1349
1331,1347
1330,1343
1323,1328
1306,1348
1321,1337
1322,1339
1318,1329
1310,1351
1320,1335
1347,1360
1322,1321
1314,1350
1325,1341
1309,1350
1306,1338
1343,1350
1330,1353
1358,1343
1336,1344
1359,1352
1347,1366
1344,1372
1333,1363
1343,1357
1344,1362
1327,1370
1348,1365
1360,1388
1347,1366
1342,1377
1372,1375
1355,1377
1368,1394
1375,1378
1368,1378
1376,1410
1367,1396
1378,1383
1373,1394
1374,1386
1381,1403
1363,1393
1398,1391
1412,1411
1385,1412
1370,1404
1401,1398
1401,1421
1419,1399
1407,1406
1394,1411
1394,1435
1409,1414
1392,1429
1425,1431
1415,1425
1428,1421
1424,1438
1429,1412
1422,1429
1441,1428
1444,1449
1409,1454
1412,1456
1443,1442
1450,1458
1466,1466
1436,1453
1441,1441
1435,1451
1446,1457
1443,1454
1470,1450
1447,1459
1467,1461
1453,1445
1466,1448
1445,1468
1470,1460
1483,1455
1462,1450
1464,1477
1447,1477
1454,1467
1464,1470
1475,1471
1477,1483
1491,1440
1491,1453
1458,1453
1479,1453
1470,1471
1506,1465
1466,1445
1466,1475
1473,1463
1481,1455
1484,1457
1459,1463
1477,1452
1471,1459
1455,1471
1467,1453
1482,1451
1484,1466
1465,1434
1461,1451
1482,1459
1439,1449
1439,1457
1473,1436
1465,1452
1471,1444
1451,1449
1464,1434
1496,1452
1453,1423
1461,1451
1440,1451
1453,1404
1452,1442
1432,1419
1437,1419
1458,1420
1445,1431
1430,1427
1446,1412
1462,1421
1444,1417
1431,1414
1476,1410
1448,1420
1432,1401
1426,1412
1423,1419
1450,1402
1407,1382
1430,1395
1398,1394
1413,1391
1410,1392
1411,1405
1397,1389
1407,1399
1392,1393
1411,1392
1383,1389
1401,1380
1365,1376
1380,1370
1391,1385
1394,1384
1382,1357
1343,1390
1389,1368
1371,1372
1364,1380
1374,1361
1380,1377
1402,1351
1359,1331
1370,1339
1350,1359
1350,1339
1359,1344
1351,1341
1349,1351
1356,1339
1371,1350
1363,1346
1335,1349
1350,1360
1353,1336
1355,1356
1332,1330
1353,1352
1320,1343
1340,1326
1331,1334
1342,1354
1344,1348
1310,1352
1305,1344
1341,1330
1319,1348
1341,1326
1339,1339
1324,1320
1323,1349
1342,1329
1344,1328
1331,1330
1329,1323
1336,1318
1341,1345
1316,1331
1313,1359
1319,1329
1334,1335
1316,1344
1308,1342
1342,1347
1334,1338
1326,1349
1327,1338
1328,1348
1335,1349
1322,1348
1337,1350
1341,1360
1334,1368
1341,1358
1335,1377
1346,1370
1332,1376
1316,1343
1359,1364
1370,1358
1336,1365
1335,1376
1360,1365
1364,1381
1339,1368
1368,1391
1366,1377
1353,1387
1359,1370
1351,1370
1340,1381
1338,1401
1356,1377
1392,1380
1399,1392
1364,1382
1356,1398
1361,1404
1394,1401
1396,1403
1382,1395
1371,1410
1383,1402
1389,1422
1402,1410
1391,1394
1394,1406
1405,1415
1428,1429
1420,1422
1403,1398
1408,1412
1432,1422
1425,1426
1406,1443
1412,1438
1422,1424
1432,1441
1439,1409
1436,1434
1431,1455
1431,1452
1436,1437
1438,1425
1457,1415
1411,1460
1442,1431
1461,1464
1431,1447
1471,1460
1452,1449
1457,1465
1460,1446
1481,1476
1474,1468
1469,1476
1439,1454
1480,1458
1482,1469
1445,1471
1466,1445
1470,1444
1480,1472
1485,1474
1486,1447
1481,1456
1477,1440
1475,1456
1468,1474
1498,1457
1470,1465
1452,1468
1490,1446
1491,1467
1489,1449
1469,1452
1442,1453
1466,1451
1475,1450
1499,1461
1487,1461
1473,1450
1468,1451
1469,1447
1509,1451
1472,1443
1477,1433
1457,1448
1459,1448
1472,1431
1483,1457
1457,1449
1455,1454
1476,1434
1466,1436
1459,1444
1461,1435
1465,1448
1464,1426
1441,1440
1440,1439
1445,1428
1449,1431
1450,1430
1433,1428
1450,1402
1405,1430
1451,1421
1461,1421
1445,1417
1449,1415
1436,1413
1434,1409
1419,1382
1426,1385
1412,1379
1407,1408
1424,1403
1425,1381
1411,1393
1424,1388
1387,1385
1414,1384
1405,1383
1412,1384
1367,1380
1401,1380
1374,1376
1382,1377
1389,1382
1374,1371
1386,1361
1397,1359
1380,1368
1375,1362
1368,1369
1364,1349
1368,1383
1352,1353
1363,1345
1335,1317
1382,1358
1364,1374
1339,1349
1358,1365
1354,1329
1367,1345
1365,1352
1361,1337
1335,1343
1331,1365
1331,1345
1339,1323
1344,1340
1326,1345
1333,1350
1311,1347
1333,1333
1307,1344
1312,1337
1361,1340
1319,1345
1349,1328
1322,1337
1353,1335
1337,1337
1329,1345
1328,1335
1328,1348
1318,1327
1333,1340
1332,1344
1315,1346
1307,1334
1333,1347
1324,1357
1322,1347
1322,1332
1317,1314
1326,1353
1311,1359
1324,1369
1331,1334
1330,1350
1333,1359
1333,1351
1336,1355
1355,1347
1327,1359
1321,1346
1335,1353
1351,1372
1329,1362
1329,1349
1341,1358
1370,1378
1355,1356
1349,1366
1333,1364
1380,1387
1373,1372
1369,1384
1351,1362
1329,1394
1347,1367
1362,1397
1336,1380
1354,1381
1358,1376
1367,1380
1369,1391
1377,1401
1370,1384
1370,1397
1378,1407
1366,1408
1386,1405
1378,1412
1407,1420
1392,1416
1408,1424
1435,1427
1397,1402
1420,1413
1419,1425
1399,1441
1413,1421
1428,1409
1435,1453
1420,1445
1423,1433
1415,1435
1414,1445
1435,1432
1395,1443
1442,1438
1442,1451
1429,1439
1428,1447
1460,1452
1430,1443
1416,1456
1436,1454
1442,1457
1434,1460
1427,1451
1449,1471
1438,1462
1472,1446
1444,1461
1446,1460
1486,1449
1479,1443
1442,1457
1446,1465
1480,1459
1432,1465
1453,1443
1456,1468
1451,1482
1449,1463
1447,1459
1462,1448
1459,1469
1479,1449
1470,1466
1453,1450
1471,1472
1443,1438
1480,1457
1474,1453
1478,1448
1472,1446
1452,1467
1468,1462
1489,1463
1437,1435
1463,1451
1459,1434
1459,1451
1462,1439
1474,1444
1500,1449
1473,1457
1456,1465
1459,1453
1462,1449
1448,1438
1459,1435
1463,1437
1459,1458
1449,1459
1446,1432
1441,1420
1463,1436
1455,1436
1443,1436
1456,1430
1461,1416
1440,1440
1446,1416
1431,1433
1440,1425
1449,1427
1410,1423
1430,1406
1437,1409
1431,1393
1423,1406
1436,1418
1413,1383
1419,1415
1421,1380
1419,1405
1424,1414
1422,1408
1391,1389
1409,1412
1405,1380
1395,1385
1383,1383
1384,1380
1376,1368
1392,1389
1374,1383
1369,1384
1385,1367
1386,1385
1393,1366
1397,1375
1379,1348
1374,1361
1377,1360
1365,1369
1348,1346
1336,1364
1361,1355
1371,1375
1353,1369
1353,1377
1355,1331
1346,1347
1359,1353
1368,1342
1357,1343
1341,1332
1359,1348
1327,1360
1337,1347
1317,1338
1361,1354
1336,1332
1345,1344
1327,1352
1310,1343
1342,1346
1323,1330
1351,1359
1323,1350
1328,1336
1309,1346
1328,1327
1363,1328
1318,1360
1301,1339
1339,1343
1340,1338
1338,1350
1328,1319
1336,1338
1339,1350
1320,1355
1308,1342
1328,1325
1337,1355
1363,1348
1333,1343
1321,1354
1349,1323
1311,1352
1333,1363
1340,1352
1350,1368
1322,1342
1334,1354
1317,1337
1342,1358
1327,1367
1346,1374
1345,1363
1328,1362
1367,1361
1334,1365
1375,1370
1352,1371
1367,1379
1345,1368
1350,1378
1361,1391
1348,1380
1362,1387
1357,1378
1341,1394
1360,1397
1369,1371
1366,1378
1398,1387
1368,1394
1401,1398
1387,1398
1382,1414
1367,1409
1383,1415
1409,1387
1388,1406
1406,1405
1397,1413
1399,1400
1377,1403
1400,1397
1413,1398
1390,1404
1416,1430
1427,1412
1396,1438
1413,1435
1437,1438
1429,1424
1392,1432
1401,1450
1406,1458
1408,1453
1411,1445
1429,1425
1436,1444
1443,1442
1433,1433
1439,1430
1422,1447
1444,1437
1434,1417
1454,1456
1442,1440
1430,1438
1452,1465
1439,1435
1450,1448
1454,1427
1435,1444
1448,1437
1451,1456
1447,1449
1474,1447
1460,1454
1443,1446
1458,1473
1446,1478
1465,1444
1451,1452
1487,1433
1448,1450
1460,1462
1456,1452
1466,1449
1477,1451
1492,1458
1479,1469
1476,1453
1449,1472
1462,1439
1492,1481
1466,1457
1485,1450
1478,1448
1479,1465
1465,1462
1473,1458
1456,1467
1460,1444
1466,1450
1470,1438
1472,1427
1451,1455
1442,1461
1459,1457
1431,1451
1469,1445
1450,1427
1454,1437
1452,1427
1459,1443
1450,1444
1457,1424
1453,1433
1433,1431
1462,1448
1460,1430
1440,1438
1465,1419
1429,1428
1421,1414
1440,1413
1429,1405
1426,1416
1439,1390
1442,1409
1428,1400
1430,1399
1440,1390
1407,1402
1409,1395
1412,1405
1408,1401
1415,1416
1406,1398
1400,1396
1402,1389
1393,1401
1398,1409
1382,1380
1421,1379
1375,1378
1355,1371
1394,1377
1398,1395
1399,1371
1399,1381
1364,1374
1371,1388
1387,1383
1385,1367
1366,1353
1364,1377
1385,1352
1368,1350
1371,1369
1367,1367
1371,1357
1366,1360
1347,1351
1352,1372
1332,1366
1360,1352
1378,1349
1369,1340
1341,1372
1350,1360
1345,1357
1337,1344
1343,1342
1354,1348
1332,1352
1345,1360
1334,1358
1336,1342
1358,1346
1342,1326
1311,1352
1328,1338
1314,1342
1327,1357
1331,1341
1340,1353
1327,1351
1342,1355
1340,1359
1339,1343
1330,1332
1348,1328
1354,1351
1355,1366
1325,1345
1340,1349
1322,1369
1330,1340
1330,1333
1337,1352
1316,1332
1340,1343
1343,1344
1337,1358
1343,1353
1350,1351
1326,1350
1349,1352
1343,1354
1335,1362
1358,1374
1334,1358
1379,1387
1355,1364
1354,1362
1357,1365
1364,1363
1365,1357
1357,1375
1358,1379
1360,1376
1371,1372
1360,1361
1356,1399
1367,1379
1364,1379
1366,1382
1387,1401
1346,1389
1387,1386
1388,1378
1376,1394
1361,1414
1385,1411
1391,1396
1375,1392
1403,1408
1399,1416
1386,1415
1398,1409
1401,1415
1392,1413
1382,1423
1420,1414
1425,1400
1394,1437
1419,1411
1421,1435
1381,1429
1433,1418
1432,1410
1436,1435
1429,1413
1414,1414
1430,1437
1432,1420
1439,1434
1425,1442
1459,1434
1427,1455
1437,1450
1437,1423
1445,1429
1438,1441
1454,1439
1437,1444
1462,1441
1441,1444
1455,1453
1467,1441
1452,1439
1471,1454
1436,1443
1446,1453
1451,1448
1443,1447
1475,1457
1444,1452
1461,1447
1471,1468
1479,1455
1467,1444
1468,1431
1446,1450
1481,1453
1453,1451
1479,1468
1474,1456
1466,1435
1463,1440
1474,1450
1465,1483
1453,1446
1478,1457
1465,1462
1494,1455
1440,1438
1459,1446
1469,1441
1449,1447
1478,1455
1459,1453
1476,1439
1442,1452
1457,1434
1462,1447
1463,1452
1431,1447
1457,1423
1449,1462
1438,1440
1457,1454
1443,1449
1463,1423
1470,1416
1423,1427
1443,1434
1460,1410
1449,1438
1452,1430
1449,1439
1439,1412
1421,1416
1451,1417
1418,1421
1445,1395
1435,1426
1392,1400
1414,1413
1430,1414
1415,1432
1445,1386
1436,1415
1410,1399
1407,1385
1391,1403
1407,1372
1412,1390
1414,1376
1426,1377
1394,1402
1394,1384
1386,1401
1365,1374
1371,1391
1384,1384
1405,1374
1391,1379
1367,1392
1394,1378
1362,1359
1368,1365
1365,1379
1352,1368
1366,1374
1373,1370
1368,1370
1350,1372
1368,1362
1389,1369
1353,1357
1370,1358
1370,1346
1369,1367
1363,1343
1348,1351
1362,1351
1377,1342
1341,1364
1340,1362
1342,1348
1330,1349
1357,1353
1370,1359
1342,1351
1357,1343
1354,1354
1321,1336
1339,1376
1326,1350
1341,1356
1349,1354
1341,1360
1342,1359
1319,1342
1331,1345
1347,1374
1341,1342
1339,1343
1331,1319
1374,1352
1348,1323
1342,1354
1321,1357
1342,1346
1347,1340
1317,1327
1342,1340
1353,1348
1349,1357
1320,1340
1340,1352
1335,1354
1360,1366
1321,1384
1351,1371
1355,1374
1336,1367
1355,1364
1354,1370
1351,1371
1342,1343
1350,1371
1345,1373
1344,1367
1346,1376
1349,1375
1360,1361
1350,1400
1357,1361
1359,1393
1391,1364
1370,1386
1365,1366
1369,1378
1366,1372
1355,1390
1389,1401
1364,1388
1372,1385
1376,1399
1377,1377
1355,1403
1413,1400
1375,1408
1352,1408
1371,1406
1399,1414
1410,1411
1400,1406
1405,1411
1387,1417
1419,1401
1389,1405
1424,1416
1411,1428
1384,1410
1393,1405
1424,1412
1401,1415
1424,1429
1422,1440
1424,1424
1435,1426
1426,1407
1462,1439
1430,1426
1429,1452
1427,1437
1413,1435
1426,1426
1457,1456
1438,1414
1420,1432
1449,1449
1444,1440
1469,1456
1416,1455
1442,1460
1459,1463
1433,1435
1441,1449
1446,1458
1449,1460
1445,1450
1449,1437
1459,1479
1447,1464
1460,1439
1471,1447
1462,1449
1470,1446
1445,1457
1464,1462
1453,1450
1467,1447
1469,1426
1451,1467
1457,1477
1469,1457
1466,1451
1459,1430
1470,1447
1478,1455
1484,1460
1457,1465
1454,1461
1466,1449
1461,1449
1458,1455
1468,1454
1459,1445
1442,1453
1469,1455
1445,1447
1453,1440
1452,1422
1473,1443
1459,1431
1460,1442
1453,1436
1456,1423
1452,1462
1468,1457
1442,1429
1452,1433
1467,1448
1454,1447
1428,1422
1444,1421
1436,1419
1424,1426
1440,1427
1446,1422
1445,1412
1449,1430
1431,1418
1427,1415
1441,1419
1432,1401
1409,1408
1438,1396
1406,1406
1419,1408
1411,1410
1422,1397
1429,1398
1412,1378
1396,1408
1418,1398
1400,1404
1392,1404
1403,1394
1390,1396
1384,1378
1390,1396
1382,1375
1418,1376
1380,1369
1393,1375
1393,1382
1382,1379
1360,1394
1376,1371
1378,1367
1387,1389
1366,1356
1405,1364
1372,1375
1373,1375
1353,1367
1398,1361
1374,1357
1363,1366
1364,1352
1360,1357
1362,1359
1371,1345
1369,1358
1356,1367
1336,1359
1357,1341
1356,1355
1358,1350
1339,1349
1335,1361
1356,1372
1360,1348
1357,1323
1362,1347
1352,1338
1369,1352
1351,1340
1330,1345
1342,1338
1351,1340
1338,1342
1320,1329
1350,1358
1338,1366
1320,1352
1336,1364
1328,1336
1349,1337
1338,1354
1326,1330
1338,1348
1332,1352
1355,1352
1340,1346
1342,1345
1329,1343
1325,1348
1370,1335
1337,1359
1343,1349
1317,1351
1336,1355
1358,1378
1353,1362
1332,1351
1343,1360
1348,1367
1340,1356
1328,1346
1369,1365
1345,1383
1369,1383
1361,1382
1355,1344
1335,1377
1378,1358
1343,1381
1367,1387
1383,1381
1370,1374
1358,1367
1373,1394
1371,1398
1367,1395
1379,1406
1372,1388
1388,1379
1375,1392
1369,1405
1370,1408
1399,1395
1375,1403
1392,1407
1387,1392
1400,1398
1376,1419
1398,1400
1407,1401
1392,1419
1358,1425
1400,1417
1408,1416
1398,1408
1412,1424
1411,1420
1405,1427
1412,1434
1423,1415
1412,1428
1401,1415
1432,1412
1435,1434
1453,1422
1418,1431
1431,1430
1416,1442
1440,1437
1401,1439
1443,1438
1431,1440
1450,1431
1429,1451
1422,1439
1422,1434
1449,1448
1447,1443
1459,1450
1465,1455
1436,1440
1442,1438
1430,1440
1460,1447
1449,1434
1447,1434
1433,1451
1439,1456
1451,1438
1459,1464
1462,1450
1461,1453
1444,1432
1460,1456
1464,1444
1448,1437
1482,1456
1457,1458
1460,1458
1439,1455
1447,1465
1471,1435
1467,1453
1451,1427
1452,1453
1442,1444
1469,1445
1428,1457
1448,1438
1440,1454
1441,1441
1458,1456
1462,1437
1452,1447
1446,1461
1457,1446
1468,1450
1437,1437
1454,1441
1460,1441
1486,1446
1458,1428
1435,1432
1472,1409
1457,1419
1454,1443
1453,1437
1432,1432
1435,1417
1448,1429
1436,1410
1445,1411
1437,1410
1439,1414
1443,1412
1418,1410
1422,1419
1446,1388
1417,1398
1421,1393
1403,1400
1417,1430
1396,1392
1414,1397
1431,1417
1421,1403
1372,1406
1402,1386
1403,1400
1404,1393
1407,1372
1426,1384
1388,1383
1407,1375
1398,1372
1396,1374
1389,1380
1409,1373
1406,1389
1394,1366
1406,1393
1398,1363
1412,1364
1371,1387
1379,1388
1398,1370
1355,1359
1380,1375
1380,1365
1361,1374
1364,1369
1363,1361
1384,1344
1359,1376
1365,1363
1357,1364
1378,1349
1355,1357
1378,1347
1358,1335
1367,1359
1365,1366
1354,1357
1358,1358
1388,1363
1339,1347
1348,1354
1343,1366
1333,1351
1348,1351
1338,1352
1352,1362
1329,1363
1344,1351
1366,1356
1332,1375
1340,1330
1366,1355
1337,1358
1353,1359
1359,1359
1336,1353
1335,1353
1317,1330
1341,1347
1345,1344
1357,1346
1337,1335
1374,1341
1338,1354
1334,1345
1344,1365
1343,1379
1346,1372
1363,1360
1366,1357
1328,1343
1322,1351
1346,1354
1333,1349
1347,1352
1357,1356
1350,1373
1354,1350
1339,1373
1363,1358
1359,1374
1372,1377
1334,1382
1382,1376
1337,1399
1365,1386
1371,1381
1365,1374
1374,1405
1378,1384
1359,1376
1369,1390
1388,1397
1371,1409
1380,1379
1379,1376
1385,1365
1394,1394
1375,1408
1361,1378
1388,1419
1398,1384
1405,1400
1390,1408
1394,1408
1373,1398
1383,1412
1388,1405
1378,1417
1397,1401
1393,1428
1390,1414
1399,1421
1418,1408
1409,1417
1387,1414
1403,1437
1413,1425
1418,1424
1414,1429
1434,1437
1405,1410
1429,1423
1412,1404
1440,1426
1410,1436
1422,1443
1433,1413
1417,1424
1432,1426
1445,1442
1431,1444
1409,1435
1439,1457
1422,1448
1451,1443
1451,1435
1442,1451
1439,1435
1445,1439
1447,1433
1426,1459
1430,1436
1465,1439
1455,1425
1427,1450
1461,1458
1454,1453
1452,1449
1454,1442
1455,1444
1441,1458
1458,1458
1443,1424
1442,1456
1455,1443
1463,1444
1466,1447
1447,1454
1466,1453
1454,1448
1453,1437
1466,1415
1470,1441
1468,1448
1445,1447
1454,1444
1468,1469
1441,1434
1439,1449
1463,1432
1454,1430
1449,1418
1488,1455
1450,1432
1449,1431
1438,1435
1483,1441
1436,1451
1470,1435
1440,1437
1446,1423
1442,1432
1447,1415
1461,1429
1449,1440
1453,1422
1449,1435
1448,1446
1447,1419
1425,1413
1465,1428
1439,1428
1433,1409
1441,1417
1416,1434
1456,1413
1455,1416
1441,1406
1432,1423
1424,1398
1408,1415
1435,1412
1421,1410
1422,1398
1444,1413
1420,1389
1417,1390
1415,1395
1404,1405
1401,1388
1414,1394
1400,1398
1383,1395
1401,1382
1396,1382
1390,1395
1374,1375
1407,1386
1388,1385
1380,1372
1394,1384
1383,1386
1385,1366
1395,1395
1371,1381
1388,1368
1377,1349
1376,1346
1389,1361
1397,1372
1389,1370
1390,1380
1368,1363
1362,1371
1373,1374
1379,1369
1364,1346
1363,1352
1377,1368
1367,1354
1379,1369
1370,1360
1359,1349
1355,1338
1347,1362
1336,1358
1358,1351
1364,1374
1351,1362
1350,1350
1336,1374
1348,1343
1356,1338
1358,1361
1335,1334
1331,1359
1343,1355
1337,1345
1334,1349
1337,1346
1322,1337
1329,1351
1328,1356
1350,1362
1346,1351
1333,1365
1361,1345
1328,1348
1342,1352
1356,1353
1359,1343
1312,1367
1336,1357
1358,1361
1356,1341
1338,1355
1339,1355
1347,1373
1354,1359
1361,1360
1370,1373
1364,1355
1351,1390
1357,1359
1337,1372
1360,1357
1353,1363
1333,1379
1351,1374
1368,1396
1328,1363
1378,1368
1352,1367
1360,1369
1349,1385
1371,1377
1372,1402
1371,1382
1368,1379
1391,1361
1385,1389
1372,1391
1373,1383
1353,1387
1372,1377
1363,1389
1376,1401
1368,1384
1375,1396
1395,1413
1390,1405
1381,1408
1393,1395
1388,1422
1397,1415
1377,1398
1370,1423
1385,1416
1394,1415
1403,1401
1395,1424
1406,1392
1410,1400
1401,1410
1417,1400
1418,1424
1402,1433
1414,1433
1410,1434
1422,1413
1436,1431
1407,1410
1399,1441
1417,1433
1420,1430
1430,1423
1447,1423
1433,1431
1435,1430
1423,1430
1443,1438
1435,1434
1419,1445
1437,1443
1436,1422
1411,1439
1457,1436
1454,1461
1463,1458
1446,1439
1437,1464
1468,1430
1453,1437
1479,1444
1453,1437
1452,1457
1436,1452
1452,1450
1468,1444
1451,1445
1437,1454
1427,1434
1444,1456
1435,1450
1495,1441
1444,1444
1491,1429
1477,1442
1454,1473
1461,1443
1455,1452
1479,1443
1452,1428
1454,1454
1455,1435
1435,1437
1464,1433
1444,1419
1447,1433
1450,1429
1476,1428
1466,1432
1469,1449
1441,1414
1443,1433
1474,1439
1472,1431
1449,1442
1451,1420
1430,1438
1447,1431
1416,1430
1428,1430
1430,1426
1441,1425
1434,1419
1430,1424
1440,1428
1440,1429
1442,1412
1439,1427
1441,1419
1442,1420
1410,1424
1427,1416
1427,1401
1426,1406
1452,1438
1429,1406
1418,1414
1418,1406
1420,1402
1419,1383
1397,1405
1407,1415
1413,1393
1391,1386
1433,1390
1449,1393
1412,1371
1410,1404
1398,1382
1399,1400
1391,1384
1415,1382
1396,1385
1433,1389
1381,1391
1387,1370
1417,1409
1381,1404
1386,1387
1393,1388
1391,1399
1393,1361
1386,1360
1386,1383
1377,1376
1373,1374
1375,1346
1374,1357
1373,1365
1350,1366
1387,1346
1386,1357
1373,1368
1369,1372
1368,1365
1351,1369
1377,1343
1352,1359
1356,1348
1345,1367
1350,1347
1371,1347
1387,1349
1334,1366
1348,1342
1355,1344
1349,1348
1370,1365
1351,1361
1339,1346
1344,1367
1327,1356
1371,1347
1358,1343
1354,1369
1342,1331
1350,1347
1370,1351
1339,1368
1376,1362
1352,1352
1350,1366
1343,1347
1333,1362
1312,1370
1332,1348
1350,1350
1336,1347
1335,1349
1321,1339
1339,1349
1347,1377
1336,1359
1376,1352
1354,1349
1354,1352
1358,1370
1338,1358
1335,1359
1344,1369
1353,1376
1348,1375
1351,1369
1326,1365
1341,1364
1336,1367
1355,1377
1354,1362
1352,1378
1358,1356
1374,1372
1366,1384
1363,1361
1370,1364
1369,1382
1369,1355
1372,1393
1381,1382
1393,1375
1376,1392
1399,1361
1369,1378
1371,1392
1388,1398
1371,1420
1368,1399
1358,1387
1405,1415
1374,1392
1398,1376
1390,1409
1407,1412
1384,1397
1396,1387
1383,1379
1408,1406
1396,1414
1399,1411
1411,1415
1405,1431
1407,1399
1412,1429
1394,1426
1412,1415
1420,1419
1419,1430
1414,1438
1411,1435
1410,1433
1425,1432
1419,1419
1410,1427
1432,1427
1439,1437
1442,1424
1433,1446
1443,1433
1433,1426
1435,1444
1409,1446
1427,1426
1429,1441
1420,1438
1448,1429
1426,1445
1433,1447
1449,1448
1447,1451
1428,1441
1443,1451
1435,1449
1433,1442
1454,1436
1444,1449
1447,1464
1444,1457
1423,1452
1447,1459
1453,1445
1465,1443
1448,1458
1436,1430
1465,1453
1457,1441
1452,1434
1447,1421
1439,1440
1458,1432
1459,1445
1435,1451
1433,1434
1469,1455
1449,1440
1460,1450
1455,1445
1462,1432
1474,1455
1463,1433
1467,1445
1458,1450
1470,1416
1458,1437
1441,1435
1447,1420
1428,1428
1441,1444
1445,1434
1451,1437
1447,1429
1444,1416
1436,1425
1434,1419
1434,1437
1453,1422
1435,1427
1430,1426
1451,1440
1428,1446
1448,1412
1422,1400
1415,1411
1446,1405
1419,1423
1402,1416
1443,1429
1453,1400
1429,1396
1444,1417
1426,1414
1403,1387
1423,1382
1410,1403
1411,1374
1424,1410
1417,1395
1409,1417
1398,1370
1392,1394
1423,1368
1419,1383
1370,1372
1400,1406
1426,1385
1423,1390
1396,1390
1404,1391
1417,1378
1399,1375
1401,1373
1391,1394
1391,1385
1392,1378
1404,1386
1368,1375
1375,1373
1378,1370
1372,1389
1385,1384
1366,1387
1368,1377
1373,1371
1394,1367
1377,1384
1375,1343
1359,1374
1384,1357
1388,1382
1354,1370
1382,1363
1363,1376
1359,1375
1362,1331
1366,1362
1348,1355
1340,1374
1353,1369
1361,1369
1370,1360
1367,1355
1360,1347
1357,1343
1347,1341
1356,1367
1354,1368
1345,1354
1339,1359
1365,1361
1333,1363
1342,1368
1349,1356
1337,1369
1330,1368
1346,1358
1346,1357
1335,1339
1361,1336
1335,1346
1347,1376
1333,1349
1350,1365
1355,1337
1337,1359
1349,1371
1356,1344
1329,1356
1336,1372
1338,1355
1339,1365
1356,1351
1349,1365
1352,1371
1342,1372
1366,1370
1355,1348
1358,1352
1331,1382
1371,1358
1362,1364
1348,1360
1359,1353
1361,1389
1355,1389
1351,1377
1340,1390
1362,1362
1358,1400
1374,1382
1378,1383
1363,1381
1364,1388
1387,1363
1372,1365
1362,1390
1385,1404
1376,1389
1378,1392
1361,1391
1357,1380
1384,1388
1381,1377
1385,1399
1391,1402
1406,1397
1377,1406
1394,1398
1391,1410
1397,1408
1401,1411
1403,1414
1399,1421
1399,1414
1393,1394
1398,1407
1398,1400
1383,1409
1385,1401
1434,1420
1394,1411
1414,1412
1391,1426
1414,1444
1420,1426
1415,1428
1411,1421
1414,1426
1410,1429
1433,1438
1402,1443
1412,1443
1431,1434
1409,1438
1432,1436
1438,1422
1443,1425
1436,1435
1428,1429
1434,1434
1433,1444
1451,1431
1428,1441
1442,1433
1413,1439
1453,1450
1426,1442
1450,1419
1444,1431
1428,1449
1449,1459
1442,1449
1424,1453
1455,1424
1459,1464
1446,1432
1447,1454
1419,1439
1449,1444
1449,1439
1457,1464
1446,1447
1446,1433
1439,1430
1424,1433
1460,1444
1456,1431
1428,1428
1478,1435
1466,1449
1464,1447
1468,1453
1459,1441
1466,1465
1459,1451
1465,1437
1465,1435
1472,1416
1451,1452
1480,1419
1446,1434
1460,1454
1431,1429
1469,1439
1442,1441
1456,1459
1464,1417
1429,1433
1441,1444
1442,1439
1457,1420
1426,1419
1431,1427
1421,1421
1453,1444
1471,1428
1428,1421
1420,1418
1426,1420
1417,1417
1453,1407
1433,1419
1431,1401
1426,1411
1419,1424
1414,1416
1428,1401
1423,1409
1423,1404
1401,1414
1407,1399
1468,1388
1415,1396
1428,1405
1422,1418
1411,1395
1386,1385
1401,1402
1406,1385
1406,1410
1414,1397
1410,1378
1401,1367
1399,1381
1387,1401
1423,1390
1408,1386
1397,1383
1394,1387
1403,1381
1367,1394
1382,1380
1400,1390
1407,1367
1418,1366
1399,1377
1377,1365
1356,1372
1401,1373
1409,1366
1396,1364
1374,1374
1370,1359
1360,1390
1384,1366
1320,1375
1386,1364
1340,1360
1370,1369
1376,1348
1359,1347
1368,1352
1365,1346
1379,1358
1339,1380
1370,1342
1378,1371
1362,1353
1367,1361
1344,1373
1354,1356
1351,1361
1378,1363
1349,1366
1355,1353
1375,1355
1350,1361
1352,1363
1348,1351
1342,1368
1350,1347
1350,1363
1335,1366
1360,1358
1309,1348
1323,1355
1358,1356
1348,1378
1365,1368
1347,1387
1357,1351
1345,1349
1342,1348
1356,1355
1335,1357
1374,1374
1344,1361
1347,1357
1352,1380
1348,1357
1316,1365
1327,1362
1348,1365
1354,1357
1358,1375
1353,1364
1348,1378
1341,1361
1360,1364
1364,1368
1339,1367
1362,1384
1377,1373
1378,1380
1364,1369
1360,1371
1356,1370
1357,1368
1361,1374
1346,1381
1366,1383
1362,1396
1375,1383
1369,1373
1382,1393
1353,1389
1383,1370
1379,1386
1400,1399
1383,1387
1384,1401
1382,1395
1377,1375
1380,1402
1372,1393
1384,1376
1385,1389
1364,1404
1372,1391
1379,1422
1406,1418
1397,1431
1361,1396
1408,1412
1409,1418
1372,1412
1406,1420
1415,1415
1427,1419
1425,1398
1404,1408
1411,1414
1409,1429
1416,1419
1382,1414
1408,1429
1430,1420
1441,1414
1405,1425
1418,1416
1424,1425
1417,1436
1446,1423
1444,1445
1431,1443
1418,1432
1459,1440
1417,1461
1443,1423
1429,1432
1449,1442
1452,1443
1442,1451
1451,1437
1436,1444
1438,1430
1440,1434
1449,1450
1418,1473
1421,1460
1461,1450
1445,1426
1443,1443
1450,1440
1458,1443
1450,1450
1442,1459
1434,1452
1439,1462
1456,1438
1447,1442
1461,1445
1455,1455
1466,1444
1466,1450
1462,1446
1432,1448
1454,1442
1473,1444
1473,1458
1443,1433
1454,1458
1457,1442
1430,1434
1457,1423
1451,1440
1469,1457
1449,1436
1433,1423
1432,1431
1473,1438
1443,1440
1474,1448
1464,1461
1455,1437
1448,1425
1440,1438
1445,1454
1440,1431
1448,1435
1457,1440
1456,1440
1435,1423
1431,1440
1423,1435
1445,1421
1439,1428
1479,1436
1439,1423
1434,1416
1452,1428
1437,1402
1425,1414
1417,1424
1425,1398
1420,1443
1433,1405
1422,1417
1417,1413
1423,1410
1437,1425
1385,1409
1400,1406
1428,1400
1419,1416
1409,1398
1413,1397
1421,1396
1400,1394
1405,1395
1426,1390
1403,1401
1417,1380
1375,1383
1400,1396
1413,1371
1400,1411
1398,1377
1392,1372
1420,1400
1409,1390
1386,1378
1412,1371
1384,1378
1404,1361
1378,1371
1394,1373
1379,1358
1385,1384
1375,1372
1390,1376
1365,1368
1372,1368
1401,1375
1363,1368
1377,1345
1395,1367
1357,1375
1376,1357
1371,1356
1363,1359
1366,1355
1367,1368
1367,1362
1362,1365
1334,1357
1360,1372
1361,1360
1358,1349
1369,1350
1349,1374
1369,1377
1348,1325
1346,1376
1354,1344
1369,1359
1367,1348
1351,1365
1313,1342
1354,1362
1357,1350
1336,1358
1357,1351
1336,1356
1353,1329
1344,1356
1326,1350
1344,1340
1354,1340
1337,1358
1342,1359
1352,1356
1346,1354
1341,1374
1341,1344
1342,1338
1324,1335
1348,1366
1345,1348
1342,1355
1354,1357
1341,1347
1345,1325
1345,1356
1360,1372
1355,1353
1347,1365
1330,1365
1360,1361
1347,1353
1358,1360
1352,1373
1350,1357
1339,1366
1361,1356
1330,1374
1353,1363
1354,1378
1336,1376
1370,1385
1348,1377
1356,1371
1372,1382
1349,1405
1356,1359
1394,1383
1344,1399
1387,1406
1379,1394
1378,1386
1379,1389
1369,1379
1384,1396
1383,1377
1376,1378
1388,1405
1402,1401
1396,1379
1370,1393
1378,1392
1385,1390
1379,1419
1405,1407
1410,1413
1390,1406
1405,1416
1402,1420
1406,1418
1416,1405
1420,1409
1408,1412
1413,1407
1390,1443
1398,1413
1393,1411
1410,1421
1420,1415
1404,1422
1419,1431
1398,1415
1414,1414
1423,1437
1428,1426
1427,1429
1433,1429
1404,1448
1439,1424
1421,1428
1448,1444
1423,1425
1460,1428
1442,1440
1439,1433
1458,1434
1437,1427
1421,1445
1453,1443
1448,1446
1465,1442
1446,1453
1453,1442
1455,1431
1423,1445
1436,1425
1443,1446
1450,1443
1446,1442
1465,1456
1426,1447
1434,1457
1465,1445
1439,1464
1462,1431
1451,1457
1451,1459
1465,1444
1459,1422
1467,1442
1432,1458
1428,1436
1467,1450
1449,1449
1447,1440
1467,1462
1453,1440
1456,1443
1458,1437
1425,1451
1471,1443
1455,1438
1438,1427
1440,1445
1461,1460
1456,1455
1447,1457
1428,1447
1446,1441
1442,1445
1464,1443
1442,1429
1454,1435
1432,1434
1445,1438
1445,1435
1434,1448
1449,1448
1441,1454
1441,1445
1452,1404
1441,1430
1460,1438
1449,1423
1421,1422
1432,1436
1425,1435
1442,1388
1449,1434
1447,1420
1424,1425
1445,1415
1436,1399
1435,1413
1427,1426
1428,1413
1409,1408
1416,1402
1425,1416
1415,1401
1421,1397
1442,1403
1422,1398
1407,1382
1414,1394
1429,1400
1422,1396
1421,1385
1412,1382
1418,1377
1414,1385
1405,1400
1382,1378
1400,1372
1399,1395
1392,1393
1404,1381
1403,1387
1376,1384
1400,1372
1418,1382
1376,1366
1385,1376
1386,1366
1378,1365
1371,1373
1375,1396
1374,1370
1391,1375
1401,1375
1397,1383
1375,1364
1405,1372
1367,1383
1397,1386
1352,1355
1372,1358
1351,1364
1380,1357
1358,1369
1351,1357
1367,1358
1361,1373
1348,1348
1359,1364
1355,1377
1366,1354
1348,1343
1334,1342
1369,1355
1334,1357
1343,1353
1359,1350
1365,1352
1351,1338
1327,1347
1340,1339
1354,1350
1357,1354
1349,1359
1356,1328
1338,1340
1320,1351
1353,1337
1351,1350
1352,1330
1334,1352
1368,1334
1329,1356
1327,1339
1335,1364
1341,1347
1335,1340
1356,1361
1357,1354
1343,1373
1336,1344
1339,1352
1363,1344
1308,1360
1372,1360
1338,1351
1320,1359
1352,1380
1341,1364
1359,1366
1355,1356
1336,1381
1367,1352
1361,1375
1351,1371
1356,1369
1358,1378
1336,1367
1344,1359
1358,1363
1365,1361
1366,1361
1359,1366
1344,1365
1335,1398
1355,1383
1361,1390
1369,1387
1350,1407
1371,1372
1364,1385
1360,1381
1385,1374
1386,1397
1362,1378
1388,1412
1348,1385
1372,1401
1379,1381
1374,1381
1375,1401
1388,1383
1360,1399
1383,1392
1383,1421
1386,1397
1409,1409
1387,1405
1389,1402
1406,1419
1418,1404
1390,1415
1405,1391
1380,1424
1385,1412
1407,1406
1390,1417
1391,1416
1377,1423
1386,1425
1397,1417
1420,1432
1421,1414
1437,1409
1426,1423
1436,1427
1429,1437
1406,1418
1418,1428
1438,1416
1459,1432
1421,1442
1426,1455
1431,1422
1447,1438
1437,1440
1434,1446
1453,1434
1426,1440
1440,1447
1466,1439
1463,1422
1451,1448
1453,1436
1443,1460
1440,1422
1452,1440
1438,1456
1458,1450
1471,1445
1454,1449
1450,1445
1442,1429
1451,1439
1440,1441
1444,1460
1469,1445
1450,1444
1458,1435
1444,1457
1456,1447
1450,1469
1441,1445
1440,1464
1455,1451
1448,1462
1473,1445
1451,1458
1478,1464
1457,1458
1464,1457
1460,1444
1477,1455
1451,1448
1467,1458
1450,1451
1460,1423
1443,1439
1474,1464
1451,1435
1456,1441
1476,1441
1433,1462
1468,1430
1433,1421
1432,1441
1458,1432
1452,1449
1433,1432
1433,1439
1444,1435
1471,1442
1472,1434
1445,1424
1457,1455
1451,1448
1416,1419
1431,1432
1441,1439
1435,1436
1436,1428
1437,1423
1440,1390
1427,1426
1437,1428
1434,1424
1416,1430
1444,1432
1448,1415
1427,1410
1415,1417
1435,1414
1437,1380
1438,1414
1424,1398
1432,1402
1415,1417
1420,1391
1430,1404
1403,1403
1424,1385
1423,1392
1418,1378
1403,1383
1396,1392
1384,1397
1393,1389
1379,1382
1398,1376
1372,1383
1395,1378
1399,1391
1399,1395
1387,1376
1382,1385
1377,1381
1377,1393
1392,1375
1395,1388
1385,1372
1380,1369
1386,1369
1374,1380
1406,1355
1385,1367
1374,1352
1357,1376
1355,1373
1351,1357
1378,1383
1357,1346
1357,1370
1373,1354
1366,1379
1370,1363
1363,1356
1379,1340
1367,1363
1344,1358
1334,1350
1348,1360
1370,1351
1354,1360
1328,1351
1361,1362
1351,1356
1346,1354
1374,1370
1334,1344
1309,1359
1346,1358
1349,1344
1377,1363
1359,1339
1342,1319
1363,1362
1360,1346
1336,1356
1332,1344
1359,1350
1356,1342
1359,1337
1358,1343
1353,1342
1340,1376
1320,1351
1330,1356
1353,1350
1359,1366
1340,1351
1347,1338
1351,1365
1336,1345
1318,1357
1331,1348
1343,1349
1353,1347
1333,1360
1364,1358
1369,1341
1351,1366
1342,1364
1341,1363
1356,1384
1332,1359
1363,1367
1328,1366
1354,1385
1345,1353
1353,1367
1360,1355
1365,1372
1351,1349
1348,1385
1355,1362
1387,1368
1352,1351
1354,1372
1345,1389
1336,1398
1362,1389
1356,1402
1361,1398
1373,1373
1382,1375
1350,1382
1379,1379
1376,1374
1373,1380
1385,1379
1360,1382
1398,1398
1376,1410
1388,1397
1396,1414
1366,1402
1383,1403
1401,1402
1378,1407
1420,1401
1408,1401
1382,1401
1402,1404
1362,1399
1414,1392
1401,1395
1417,1418
1412,1421
1394,1420
1403,1414
1423,1424
1423,1427
1416,1415
1410,1429
1416,1401
1418,1402
1420,1432
1392,1441
1409,1426
1426,1425
1404,1436
1419,1425
1420,1442
1430,1433
1432,1427
1449,1417
1402,1432
1427,1426
1422,1429
1425,1439
1450,1453
1437,1440
1439,1443
1439,1441
1426,1454
1432,1438
1445,1424
1463,1445
1457,1448
1462,1439
1441,1441
1441,1441
1434,1460
1459,1434
1474,1441
1454,1439
1476,1467
1439,1446
1451,1432
1472,1468
1452,1463
1448,1449
1448,1454
1451,1445
1433,1435
1464,1436
1456,1468
1444,1457
1460,1447
1475,1445
1468,1457
1458,1445
1447,1456
1444,1438
1447,1440
1455,1464
1470,1426
1442,1458
1472,1460
1459,1436
1432,1467
1461,1425
1462,1434
1454,1455
1461,1455
1455,1447
1445,1444
1457,1429
1470,1447
1433,1447
1456,1441
1475,1439
1449,1439
1442,1446
1462,1432
1450,1466
1442,1415
1465,1437
1435,1421
1434,1417
1439,1454
1451,1422
1444,1413
1435,1441
1441,1409
1434,1420
1447,1416
1444,1438
1421,1422
1418,1411
1433,1419
1444,1408
1466,1415
1431,1442
1435,1425
1439,1423
1406,1403
1396,1417
1418,1409
1410,1421
1418,1404
1415,1409
1409,1405
1403,1375
1399,1388
1420,1406
1419,1398
1406,1395
1395,1407
1395,1419
1383,1398
1404,1394
1397,1399
1417,1374
1430,1378
1402,1390
1411,1389
1374,1396
1385,1386
1383,1399
1401,1399
1392,1377
1394,1375
1375,1378
1392,1374
1375,1360
1388,1365
1391,1378
1350,1396
1365,1377
1348,1365
1379,1372
1362,1363
1375,1363
1389,1367
1364,1374
1375,1370
1353,1366
1379,1368
1372,1354
1374,1370
1357,1356
1362,1370
1342,1368
1363,1342
1364,1358
1339,1345
1331,1352
1350,1359
1347,1327
1342,1363
1364,1362
1363,1348
1360,1348
1357,1358
1334,1355
1337,1319
1326,1358
1335,1354
1328,1345
1341,1351
1340,1320
1334,1353
1339,1340
1347,1350
1349,1353
1340,1329
1328,1361
1358,1346
1349,1332
1316,1362
1332,1340
1321,1351
1348,1351
1334,1344
1338,1332
1325,1350
1322,1361
1336,1347
1340,1334
1326,1371
1330,1344
1340,1366
1349,1373
1343,1360
1344,1349
1326,1351
1328,1350
1342,1356
1372,1367
1344,1360
1373,1347
1334,1360
1357,1366
1372,1347
1335,1369
1353,1361
1368,1369
1371,1375
1366,1374
1371,1370
1344,1376
1369,1381
1362,1376
1386,1352
1366,1385
1365,1369
1354,1381
1361,1374
1369,1393
1351,1385
1365,1394
1372,1378
1372,1394
1339,1401
1369,1395
1411,1390
1374,1380
1375,1395
1385,1396
1366,1400
1390,1401
1387,1417
1401,1384
1381,1427
1390,1399
1382,1395
1395,1430
1410,1401
1386,1420
1397,1415
1406,1402
1420,1403
1398,1446
1392,1417
1383,1435
1394,1418
1430,1421
1390,1427
1386,1430
1402,1410
1407,1411
1431,1428
1400,1421
1415,1435
1394,1428
1412,1425
1422,1416
1430,1449
1417,1431
1419,1438
1408,1446
1410,1452
1449,1452
1431,1444
1433,1451
1443,1441
1437,1453
1429,1424
1442,1446
1439,1446
1423,1431
1425,1445
1456,1465
1468,1432
1456,1454
1440,1446
1463,1440
1458,1455
1449,1444
1436,1459
1449,1449
1467,1469
1466,1446
1462,1465
1447,1456
1442,1459
1465,1446
1452,1458
1434,1449
1478,1474
1463,1426
1478,1442
1465,1474
1441,1470
1452,1457
1468,1435
1451,1464
1465,1450
1446,1451
1491,1439
1453,1442
1471,1438
1463,1446
1464,1443
1480,1470
1459,1454
1453,1446
1471,1451
1462,1456
1477,1423
1473,1465
1445,1454
1437,1435
1462,1441
1467,1452
1484,1435
1442,1444
1444,1427
1472,1436
1434,1436
1471,1449
1445,1445
1469,1446
1480,1455
1460,1437
1466,1442
1463,1430
1456,1442
1454,1431
1431,1425
1428,1428
1455,1423
1445,1425
1439,1423
1454,1411
1454,1423
1433,1433
1443,1420
1442,1420
1423,1420
1448,1400
1436,1416
1431,1414
1416,1404
1427,1407
1425,1424
1410,1412
1394,1397
1416,1408
1422,1414
1388,1404
1422,1399
1410,1400
1411,1420
1421,1393
1414,1377
1419,1405
1418,1418
1398,1400
1402,1379
1399,1391
1384,1371
1399,1396
1393,1385
1393,1374
1375,1380
1370,1397
1425,1373
1398,1339
1390,1378
1361,1382
1387,1375
1369,1368
1372,1373
1361,1357
1386,1368
1388,1368
1399,1348
1367,1347
1373,1347
1374,1381
1367,1364
1366,1380
1362,1373
1358,1349
1353,1360
1367,1367
1368,1358
1334,1353
1359,1340
1360,1349
1361,1370
1345,1352
1348,1343
1350,1338
1345,1354
1345,1350
1342,1360
1348,1350
1345,1356
1350,1333
1346,1339
1354,1339
1337,1325
1339,1327
1347,1339
1336,1334
1316,1345
1346,1341
1318,1343
1333,1354
1331,1333
1364,1366
1318,1356
1349,1345
1323,1348
1325,1346
1342,1348
1372,1331
1323,1335
1327,1336
1346,1361
1320,1348
1348,1347
1324,1353
1337,1344
1354,1352
1359,1351
1348,1361
1338,1367
1345,1351
1333,1362
1327,1358
1345,1334
1332,1351
1335,1358
1354,1375
1340,1350
1339,1350
1348,1356
1359,1351
1360,1377
1351,1356
1352,1359
1347,1366
1386,1356
1353,1375
1351,1368
1345,1379
1348,1372
1344,1369
1351,1370
1334,1369
1375,1377
1339,1380
1373,1376
1357,1377
1349,1372
1365,1380
1351,1367
1350,1363
1371,1376
1375,1384
1383,1403
1368,1419
1393,1372
1370,1399
1382,1392
1371,1394
1384,1390
1349,1408
1385,1396
1373,1408
1367,1393
1390,1392
1375,1407
1381,1398
1409,1390
1413,1403
1388,1394
1420,1407
1390,1402
1394,1413
1410,1443
1396,1414
1405,1432
1372,1412
1389,1441
1402,1415
