ch1,ch2
1400,1417
1394,1407
1398,1401
1390,1421
1404,1421
1420,1417
1420,1407
1411,1425
1417,1433
1411,1428
1430,1429
1418,1443
1424,1439
1422,1450
1441,1434
1423,1436
1438,1440
1438,1441
1438,1439
1428,1435
1442,1441
1441,1436
1436,1450
1419,1448
1457,1447
1424,1459
1462,1442
1450,1450
1459,1448
1453,1461
1455,1448
1442,1455
1454,1457
1461,1459
1454,1457
1459,1458
1455,1449
1468,1456
1447,1449
1473,1467
1444,1455
1477,1436
1477,1460
1474,1449
1473,1450
1469,1448
1468,1454
1460,1458
1447,1462
1483,1474
1475,1455
1453,1464
1457,1464
1467,1458
1463,1459
1457,1448
1457,1462
1476,1457
1464,1459
1476,1442
1473,1455
1462,1461
1457,1456
1468,1458
1471,1441
1470,1444
1474,1439
1459,1455
1460,1438
1475,1441
1477,1444
1454,1448
1477,1429
1440,1439
1447,1432
1440,1421
1457,1438
1451,1430
1458,1436
1442,1422
1451,1413
1440,1425
1446,1431
1448,1422
1428,1428
1401,1418
1440,1409
1422,1414
1440,1408
1432,1402
1433,1400
1427,1398
1430,1395
1429,1411
1426,1388
1424,1387
1421,1380
1404,1388
1411,1396
1413,1388
1401,1378
1402,1392
1398,1398
1409,1388
1392,1375
1399,1384
1393,1375
1392,1381
1386,1380
1396,1355
1380,1358
1388,1371
1386,1361
1370,1358
1378,1356
1364,1348
1367,1356
1369,1360
1368,1373
1371,1362
1365,1356
1354,1351
1369,1356
1330,1366
1361,1342
1357,1350
1346,1349
1356,1335
1336,1353
1351,1337
1365,1354
1350,1356
1341,1343
1349,1335
1356,1339
1324,1340
1347,1343
1347,1349
1334,1341
1320,1344
1352,1342
1321,1338
1333,1330
1337,1337
1320,1340
1333,1329
1325,1346
1324,1334
1331,1314
1345,1330
1326,1338
1332,1350
1321,1346
1339,1347
1337,1334
1323,1329
1344,1341
1341,1344
1336,1349
1330,1348
1315,1351
1346,1352
1324,1338
1328,1339
1340,1357
1337,1348
1314,1355
1338,1352
1323,1356
1341,1355
1331,1359
1336,1352
1334,1357
1351,1359
1329,1353
1343,1357
1352,1360
1355,1369
1345,1355
1343,1352
1349,1379
1355,1378
1345,1365
1354,1377
1364,1375
1358,1372
1363,1364
1360,1370
1365,1364
1373,1396
1370,1379
1380,1395
1372,1384
1368,1399
1366,1394
1368,1390
1393,1392
1387,1404
1380,1388
1386,1401
1373,1398
1393,1401
1381,1413
1411,1395
1395,1421
1401,1424
1413,1411
1385,1406
1391,1431
1409,1411
1408,1415
1415,1423
1394,1410
1424,1436
1421,1437
1428,1422
1407,1429
1452,1445
1418,1429
1420,1432
1441,1449
1433,1435
1423,1430
1432,1455
1442,1447
1460,1447
1444,1452
1432,1458
1448,1456
1457,1457
1442,1448
1441,1461
1455,1465
1441,1443
1446,1444
1447,1456
1444,1450
1475,1470
1465,1459
1469,1453
1448,1464
1459,1457
1469,1456
1472,1465
1478,1469
1474,1472
1453,1464
1463,1477
1470,1472
1478,1456
1469,1468
1463,1459
1488,1461
1468,1476
1463,1465
1489,1455
1457,1464
1474,1462
1470,1463
1471,1454
1463,1437
1464,1458
1499,1468
1464,1460
1459,1453
1452,1446
1466,1456
1471,1462
1464,1456
1468,1460
1449,1445
1461,1464
1477,1445
1466,1449
1454,1434
1473,1432
1441,1462
1459,1455
1444,1438
1463,1445
1447,1445
1461,1435
1424,1448
1463,1425
1425,1427
1454,1426
1455,1426
1446,1428
1437,1426
1435,1424
1425,1429
1429,1417
1419,1388
1447,1412
1427,1414
1433,1411
1446,1394
1428,1411
1437,1411
1401,1396
1419,1408
1422,1391
1421,1376
1399,1409
1401,1389
1392,1389
1385,1374
1432,1385
1390,1368
1394,1379
1400,1383
1397,1393
1382,1370
1390,1362
1369,1373
1363,1371
1369,1370
1371,1377
1380,1361
1381,1358
1355,1364
1364,1347
1372,1370
1369,1354
1377,1357
1372,1358
1365,1353
1380,1357
1337,1355
1358,1349
1365,1343
1323,1353
1361,1345
1342,1355
1341,1347
1347,1350
1334,1348
1348,1342
1351,1339
1336,1333
1346,1342
1342,1338
1337,1332
1346,1347
1336,1330
1324,1336
1355,1335
1326,1335
1326,1340
1320,1341
1318,1335
1324,1328
1321,1330
1328,1337
1320,1338
1308,1334
1318,1336
1317,1343
1317,1333
1327,1337
1328,1342
1321,1351
1326,1334
1343,1329
1308,1334
1333,1338
1334,1336
1321,1344
1319,1350
1323,1340
1332,1345
1317,1346
1329,1343
1329,1356
1323,1354
1338,1345
1326,1361
1326,1355
1326,1363
1342,1363
1337,1366
1354,1369
1342,1368
1353,1383
1328,1379
1347,1364
1353,1370
1349,1371
1363,1380
1355,1379
1369,1379
1367,1364
1347,1374
1369,1383
1359,1389
1386,1390
1359,1391
1370,1388
1369,1390
1370,1395
1368,1384
1388,1405
1389,1406
1404,1401
1393,1407
1383,1404
1394,1399
1379,1410
1388,1422
1396,1403
1401,1409
1393,1415
1406,1411
1407,1414
1406,1428
1410,1417
1404,1415
1394,1434
1411,1444
1416,1428
1431,1431
1424,1435
1444,1432
1431,1449
1422,1443
1425,1427
1434,1448
1421,1436
1433,1450
1436,1443
1443,1462
1431,1452
1451,1444
1443,1451
1472,1444
1452,1443
1460,1442
1445,1462
1465,1452
1458,1453
1457,1457
1443,1454
1461,1460
1462,1468
1466,1472
1483,1444
1462,1459
1456,1463
1486,1478
1473,1443
1476,1469
1469,1449
1482,1483
1461,1471
1463,1468
1479,1482
1470,1455
1482,1453
1474,1450
1472,1470
1472,1469
1472,1483
1474,1469
1480,1459
1474,1461
1492,1459
1474,1469
1487,1451
1462,1460
1459,1441
1461,1463
1479,1456
1486,1450
1463,1455
1477,1453
1492,1451
1462,1457
1452,1432
1481,1450
1440,1450
1462,1447
1442,1440
1459,1443
1462,1436
1460,1434
1455,1440
1438,1435
1454,1441
1451,1411
1452,1418
1447,1410
1446,1406
1457,1431
1445,1412
1446,1420
1446,1428
1439,1413
1434,1421
1414,1410
1416,1398
1412,1413
1427,1409
1412,1394
1420,1400
1413,1396
1405,1375
1400,1392
1384,1389
1413,1394
1422,1380
1406,1400
1416,1377
1406,1376
1403,1390
1414,1365
1379,1376
1391,1369
1385,1354
1382,1375
1384,1378
1369,1381
1366,1375
1379,1377
1387,1366
1366,1356
1367,1345
1336,1342
1364,1365
1364,1362
1365,1346
1354,1343
1347,1346
1361,1358
1345,1366
1356,1348
1348,1354
1358,1329
1356,1344
1338,1337
1322,1361
1344,1327
1328,1355
1338,1346
1334,1334
1326,1331
1328,1335
1329,1335
1336,1336
1321,1321
1323,1329
1324,1343
1323,1337
1330,1336
1343,1345
1324,1333
1312,1343
1303,1340
1312,1336
1314,1339
1326,1333
1295,1326
1309,1339
1337,1330
1311,1321
1302,1345
1318,1352
1323,1338
1321,1341
1316,1335
1350,1344
1338,1344
1322,1350
1338,1358
1326,1332
1340,1340
1322,1340
1315,1362
1334,1361
1351,1344
1332,1345
1348,1359
1334,1357
1340,1359
1326,1356
1333,1356
1367,1368
1353,1364
1350,1368
1350,1384
1312,1360
1354,1354
1349,1367
1346,1383
1354,1381
1369,1376
1356,1396
1369,1381
1356,1379
1354,1386
1360,1399
1376,1373
1382,1393
1377,1411
1361,1392
1372,1411
1385,1390
1402,1391
1404,1408
1397,1416
1388,1404
1385,1408
1393,1416
1416,1430
1408,1422
1405,1405
1407,1426
1392,1426
1422,1421
1408,1414
1409,1417
1391,1420
1416,1423
1429,1428
1423,1424
1431,1428
1431,1440
1423,1454
1422,1429
1431,1433
1435,1452
1441,1451
1445,1438
1442,1450
1453,1452
1462,1452
1469,1446
1450,1458
1459,1464
1447,1460
1462,1467
1467,1461
1474,1466
1465,1470
1479,1460
1462,1448
1466,1469
1462,1455
1486,1468
1472,1473
1477,1466
1490,1452
1473,1463
1477,1463
1471,1470
1500,1455
1490,1459
1487,1464
1472,1485
1476,1491
1483,1472
1476,1470
1464,1470
1476,1472
1491,1470
1476,1460
1470,1461
1485,1462
1478,1460
1501,1472
1482,1452
1479,1465
1481,1450
1474,1465
1472,1446
1456,1442
1463,1451
1462,1461
1475,1464
1463,1453
1463,1441
1477,1447
1453,1437
1476,1449
1465,1432
1477,1439
1442,1445
1458,1447
1476,1424
1454,1444
1444,1425
1446,1427
1438,1434
1467,1444
1431,1438
1424,1417
1437,1422
1449,1419
1437,1411
1431,1399
1428,1400
1429,1414
1444,1407
1425,1387
1430,1389
1422,1389
1431,1403
1419,1389
1410,1402
1419,1381
1393,1387
1405,1390
1395,1385
1405,1400
1394,1381
1405,1378
1390,1383
1391,1365
1405,1378
1383,1371
1366,1377
1377,1370
1378,1345
1368,1371
1378,1360
1375,1347
1384,1356
1359,1352
1370,1355
1372,1359
1362,1354
1359,1345
1335,1348
1350,1361
1346,1349
1354,1338
1339,1347
1343,1349
1336,1345
1336,1332
1327,1333
1330,1331
1330,1348
1331,1346
1322,1325
1333,1334
1333,1326
1340,1336
1320,1337
1327,1336
1328,1311
1347,1338
1336,1338
1314,1321
1328,1319
1323,1333
1331,1329
1312,1331
1313,1333
1321,1323
1332,1339
1306,1330
1312,1338
1323,1329
1316,1327
1301,1348
1309,1339
1332,1341
1315,1327
1339,1335
1330,1348
1330,1343
1318,1343
1323,1350
1334,1347
1346,1342
1341,1342
1351,1348
1326,1351
1332,1344
1312,1351
1333,1359
1347,1365
1335,1348
1337,1349
1363,1368
1352,1351
1336,1343
1329,1374
1347,1377
1350,1376
1350,1370
1349,1363
1343,1371
1357,1388
1347,1390
1359,1395
1363,1363
1360,1392
1363,1381
1365,1398
1372,1391
1382,1394
1369,1398
1385,1400
1376,1394
1368,1402
1400,1415
1408,1413
1387,1409
1392,1410
1396,1402
1405,1415
1416,1418
1406,1419
1405,1409
1409,1439
1421,1418
1415,1424
1414,1425
1406,1429
1432,1436
1416,1426
1422,1434
1410,1432
1421,1448
1430,1436
1449,1441
1427,1462
1452,1444
1440,1456
1452,1450
1440,1468
1441,1457
1439,1461
1461,1456
1453,1447
1473,1449
1438,1463
1452,1448
1458,1455
1467,1469
1467,1463
1479,1482
1460,1459
1470,1446
1470,1465
1472,1452
1456,1472
1473,1477
1486,1455
1474,1467
1470,1471
1476,1464
1478,1464
1485,1460
1470,1470
1456,1463
1486,1468
1468,1457
1484,1467
1482,1465
1485,1457
1473,1471
1496,1466
1484,1456
1477,1456
1468,1450
1480,1455
1500,1465
1476,1457
1479,1454
1477,1449
1486,1444
1474,1457
1475,1454
1489,1455
1477,1447
1472,1443
1465,1436
1455,1451
1468,1449
1467,1456
1449,1447
1451,1442
1474,1421
1468,1451
1454,1430
1445,1437
1472,1434
1478,1433
1455,1436
1438,1435
1451,1444
1442,1414
1447,1416
1442,1412
1444,1415
1422,1405
1427,1395
1448,1407
1420,1420
1443,1408
1431,1398
1417,1390
1421,1408
1414,1393
1413,1392
1399,1388
1401,1385
1392,1386
1397,1373
1405,1371
1400,1379
1385,1365
1391,1381
1387,1372
1377,1376
1363,1370
1381,1361
1389,1365
1395,1364
1381,1363
1369,1364
1363,1358
1379,1346
1360,1359
1354,1360
1356,1358
1366,1359
1351,1362
1346,1348
1341,1350
1368,1339
1348,1343
1364,1347
1358,1351
1338,1347
1337,1345
1332,1326
1323,1335
1349,1342
1336,1323
1330,1331
1336,1321
1316,1336
1338,1345
1335,1329
1329,1341
1325,1338
1324,1333
1335,1333
1326,1344
1335,1312
1310,1335
1331,1325
1327,1336
1311,1326
1326,1329
1327,1314
1319,1330
1329,1324
1321,1332
1319,1334
1297,1329
1322,1329
1325,1341
1318,1344
1318,1328
1317,1322
1321,1331
1327,1337
1332,1332
1321,1353
1334,1350
1325,1331
1302,1341
1325,1340
1341,1340
1328,1352
1363,1349
1329,1351
1354,1347
1326,1349
1345,1356
1330,1364
1352,1367
1331,1366
1349,1363
1339,1366
1330,1380
1366,1385
1347,1379
1364,1371
1382,1374
1354,1392
1363,1370
1373,1380
1364,1386
1369,1387
1351,1394
1378,1385
1390,1392
1362,1391
1380,1406
1381,1400
1377,1410
1384,1420
1399,1408
1387,1404
1406,1422
1393,1418
1409,1417
1413,1428
1399,1430
1421,1432
1402,1440
1440,1421
1410,1434
1412,1429
1410,1443
1423,1446
1421,1446
1435,1426
1429,1436
1466,1437
1438,1443
1420,1447
1444,1444
1456,1460
1463,1448
1458,1456
1478,1456
1445,1439
1440,1461
1473,1448
1452,1456
1481,1454
1474,1454
1469,1478
1454,1471
1463,1466
1474,1458
1455,1470
1466,1473
1480,1471
1468,1480
1485,1467
1474,1466
1470,1466
1485,1472
1468,1467
1475,1462
1488,1451
1473,1460
1488,1467
1479,1473
1477,1469
1457,1476
1477,1488
1467,1473
1481,1474
1485,1467
1483,1460
1474,1456
1494,1469
1499,1474
1491,1457
1483,1469
1483,1470
1484,1453
1466,1464
1465,1456
1468,1458
1469,1450
1474,1452
1479,1461
1475,1441
1471,1441
1468,1454
1496,1463
1470,1425
1452,1439
1453,1437
1458,1428
1462,1441
1491,1436
1450,1442
1460,1426
1455,1429
1437,1436
1450,1427
1415,1433
1434,1417
1433,1419
1433,1408
1434,1412
1429,1405
1426,1411
1421,1425
1438,1412
1417,1387
1415,1409
1421,1416
1433,1387
1412,1389
1402,1388
1417,1390
1400,1388
1398,1392
1390,1373
1395,1386
1399,1374
1391,1379
1390,1378
1380,1363
1361,1382
1390,1369
1379,1383
1383,1349
1391,1352
1380,1368
1384,1366
1357,1360
1362,1368
1361,1347
1377,1342
1342,1351
1370,1346
1351,1355
1352,1338
1334,1348
1353,1332
1349,1334
1324,1343
1325,1333
1339,1332
1341,1339
1340,1325
1340,1341
1335,1330
1321,1319
1317,1326
1333,1339
1320,1336
1320,1326
1327,1327
1313,1330
1322,1331
1335,1328
1315,1328
1311,1324
1320,1332
1334,1333
1333,1329
1310,1342
1316,1332
1305,1339
1324,1327
1315,1347
1326,1339
1320,1344
1311,1344
1323,1328
1322,1335
1317,1331
1323,1344
1342,1343
1337,1347
1338,1329
1319,1336
1323,1350
1349,1338
1320,1339
1341,1351
1347,1363
1348,1349
1317,1349
1323,1344
1340,1353
1328,1360
1334,1346
1321,1359
1337,1359
1358,1373
1352,1350
1348,1370
1350,1372
1346,1368
1355,1373
1359,1378
1355,1380
1382,1380
1366,1386
1365,1387
1362,1406
1372,1390
1360,1388
1388,1391
1378,1389
1380,1396
1391,1403
1382,1387
1390,1411
1374,1400
1390,1404
1387,1404
1387,1414
1397,1423
1405,1410
1394,1425
1412,1423
1420,1425
1424,1423
1419,1425
1419,1436
1444,1437
1421,1439
1418,1440
1426,1439
1444,1453
1407,1454
1429,1446
1430,1457
1450,1452
1444,1453
1468,1454
1446,1466
1450,1457
1444,1452
1467,1456
1442,1458
1454,1458
1478,1473
1464,1466
1453,1473
1470,1460
1472,1472
1480,1453
1476,1459
1469,1467
1484,1467
1456,1469
1479,1471
1469,1481
1478,1459
1487,1460
1477,1466
1483,1464
1480,1452
1512,1465
1462,1466
1497,1486
1491,1473
1481,1479
1499,1464
1484,1470
1493,1462
1459,1481
1480,1462
1488,1454
1481,1452
1471,1462
1466,1477
1479,1455
1487,1441
1474,1474
1491,1456
1483,1455
1470,1442
1495,1454
1484,1451
1470,1457
1476,1448
1469,1430
1465,1439
1476,1454
1485,1448
1456,1456
1466,1432
1450,1427
1454,1435
1455,1431
1442,1435
1439,1420
1452,1438
1450,1429
1457,1435
1430,1422
1444,1421
1435,1416
1434,1417
1450,1423
1434,1405
1434,1403
1442,1418
1413,1393
1428,1404
1416,1406
1405,1396
1422,1385
1417,1387
1416,1384
1387,1380
1390,1375
1418,1385
1388,1395
1390,1383
1397,1392
1383,1374
1403,1375
1391,1380
1380,1362
1366,1361
1391,1354
1371,1373
1368,1356
1363,1355
1362,1354
1364,1364
1367,1345
1355,1357
1364,1360
1363,1353
1359,1344
1363,1340
1352,1359
1356,1347
1351,1338
1357,1344
1348,1345
1318,1345
1338,1352
1353,1330
1345,1339
1341,1325
1327,1327
1327,1327
1352,1321
1300,1340
1338,1339
1352,1329
1330,1327
1337,1346
1330,1319
1336,1335
1310,1335
1315,1324
1326,1332
1302,1338
1320,1330
1291,1325
1320,1332
1308,1325
1319,1326
1312,1328
1307,1330
1326,1334
1316,1341
1302,1336
1303,1339
1321,1337
1307,1342
1322,1329
1301,1333
1319,1348
1315,1333
1310,1331
1333,1347
1309,1332
1316,1346
1315,1351
1339,1345
1315,1334
1321,1359
1340,1353
1333,1359
1334,1348
1340,1369
1341,1373
1340,1379
1332,1361
1347,1369
1356,1367
1348,1358
1362,1387
1350,1380
1356,1367
1356,1395
1370,1389
1377,1387
1367,1386
1359,1394
1372,1388
1368,1396
1362,1392
1382,1391
1378,1411
1364,1412
1393,1408
1394,1428
1418,1405
1390,1415
1398,1405
1387,1418
1392,1424
1397,1432
1423,1418
1431,1419
1432,1457
1409,1434
1419,1436
1430,1437
1397,1448
1419,1451
1428,1449
1448,1432
1446,1434
1436,1438
1426,1431
1430,1446
1440,1472
1448,1439
1440,1476
1445,1461
1431,1473
1481,1465
1443,1469
1451,1455
1464,1453
1460,1459
1457,1468
1465,1468
1465,1461
1479,1466
1470,1470
1470,1469
1469,1465
1466,1462
1481,1486
1488,1464
1477,1455
1494,1478
1470,1478
1475,1459
1465,1464
1469,1472
1472,1458
1507,1461
1459,1462
1493,1462
1482,1453
1491,1455
1475,1458
1489,1462
1496,1486
1485,1458
1483,1467
1476,1447
1483,1463
1479,1462
1491,1458
1461,1453
1474,1456
1489,1452
1487,1454
1473,1473
1467,1455
1476,1478
1465,1444
1474,1448
1468,1445
1457,1453
1471,1436
1451,1448
1449,1447
1471,1450
1458,1445
1461,1426
1464,1440
1434,1453
1449,1420
1431,1419
1431,1423
1452,1417
1454,1420
1449,1411
1445,1418
1424,1412
1432,1409
1442,1412
1445,1401
1416,1406
1418,1391
1433,1401
1422,1388
1399,1400
1403,1381
1426,1386
1417,1385
1423,1395
1394,1380
1391,1385
1400,1376
1390,1373
1401,1386
1379,1374
1388,1369
1376,1375
1396,1375
1376,1365
1374,1368
1378,1371
1387,1350
1362,1354
1365,1351
1368,1345
1349,1338
1348,1350
1364,1348
1354,1349
1339,1336
1357,1349
1333,1337
1333,1339
1334,1342
1348,1336
1339,1342
1337,1347
1333,1337
1319,1337
1324,1341
1337,1349
1341,1337
1324,1331
1321,1345
1310,1341
1323,1318
1327,1335
1318,1333
1318,1335
1307,1327
1331,1336
1325,1323
1302,1338
1315,1319
1327,1320
1325,1314
1305,1324
1307,1319
1318,1332
1331,1327
1311,1347
1307,1324
1327,1345
1320,1336
1334,1325
1310,1338
1318,1337
1317,1342
1316,1352
1293,1357
1311,1347
1342,1346
1346,1354
1314,1337
1341,1331
1312,1352
1327,1354
1310,1353
1347,1355
1325,1349
1326,1362
1336,1359
1346,1349
1335,1359
1365,1358
1357,1368
1333,1377
1331,1367
1354,1384
1355,1379
1362,1373
1351,1376
1361,1390
1365,1391
1375,1411
1371,1398
1375,1387
1360,1378
1350,1394
1359,1416
1399,1400
1385,1395
1381,1406
1392,1409
1385,1407
1395,1421
1381,1421
1423,1412
1416,1425
1423,1426
1413,1416
1418,1424
1420,1416
1426,1425
1409,1433
1420,1444
1408,1439
1408,1445
1431,1439
1429,1437
1447,1425
1443,1443
1436,1454
1423,1446
1455,1452
1444,1453
1437,1454
1456,1452
1458,1456
1458,1466
1456,1457
1460,1464
1462,1455
1464,1466
1480,1453
1477,1470
1475,1465
1464,1474
1476,1453
1470,1454
1481,1470
1490,1468
1460,1480
1483,1460
1458,1465
1464,1463
1488,1471
1459,1478
1487,1467
1460,1483
1483,1457
1484,1473
1472,1480
1472,1467
1490,1470
1478,1477
1468,1462
1476,1480
1476,1474
1487,1463
1478,1468
1493,1478
1487,1465
1475,1459
1481,1480
1469,1465
1475,1437
1482,1457
1480,1454
1466,1456
1470,1454
1474,1458
1463,1432
1481,1427
1467,1443
1469,1430
1469,1453
1468,1442
1456,1441
1471,1439
1454,1428
1452,1417
1467,1426
1451,1435
1455,1423
1451,1418
1456,1415
1445,1436
1421,1408
1427,1414
1425,1420
1440,1404
1405,1402
1423,1403
1434,1422
1428,1397
1426,1411
1407,1402
1405,1408
1411,1391
1415,1399
1416,1362
1397,1365
1404,1376
1390,1388
1401,1376
1383,1375
1395,1362
1408,1367
1384,1365
1366,1379
1383,1366
1393,1372
1377,1365
1355,1356
1335,1361
1369,1355
1354,1361
1368,1348
1375,1342
1350,1352
1347,1351
1340,1341
1354,1344
1354,1334
1341,1343
1347,1317
1335,1351
1331,1340
1326,1326
1330,1346
1315,1351
1352,1345
1324,1321
1324,1328
1336,1333
1339,1316
1336,1345
1329,1316
1335,1341
1315,1333
1321,1316
1328,1330
1313,1324
1316,1327
1319,1346
1317,1326
1319,1327
1310,1313
1305,1328
1319,1346
1322,1311
1318,1320
1317,1325
1305,1349
1319,1334
1316,1347
1316,1325
1322,1330
1320,1347
1310,1318
1317,1346
1317,1340
1340,1346
1307,1331
1333,1352
1323,1342
1333,1353
1311,1359
1341,1357
1330,1350
1296,1350
1338,1357
1349,1353
1340,1352
1345,1350
1336,1356
1344,1366
1358,1366
1329,1364
1344,1371
1341,1378
1364,1373
1335,1389
1349,1380
1357,1368
1378,1388
1369,1385
1381,1406
1367,1391
1358,1391
1387,1404
1385,1405
1374,1387
1368,1406
1385,1415
1392,1409
1394,1409
1397,1420
1392,1405
1386,1405
1400,1427
1402,1419
1401,1413
1398,1410
1402,1439
1420,1428
1423,1429
1439,1429
1429,1446
1432,1443
1436,1436
1440,1434
1438,1443
1444,1447
1423,1453
1436,1452
1437,1461
1424,1459
1461,1461
1454,1461
1441,1455
1451,1457
1474,1457
1459,1455
1457,1457
1464,1451
1451,1471
1495,1462
1496,1455
1469,1450
1457,1473
1470,1482
1473,1466
1477,1474
1487,1465
1465,1471
1508,1475
1483,1474
1462,1470
1478,1459
1468,1460
1495,1464
1465,1459
1501,1463
1474,1465
1490,1473
1471,1473
1497,1470
1479,1465
1494,1485
1490,1475
1477,1455
1486,1471
1474,1488
1486,1452
1475,1463
1484,1440
1475,1452
1486,1469
1471,1448
1468,1458
1484,1456
1493,1462
1480,1442
1460,1456
1482,1462
1478,1455
1458,1430
1456,1439
1461,1438
1458,1432
1459,1454
1454,1441
1469,1447
1460,1431
1461,1428
1453,1433
1422,1434
1442,1417
1442,1420
1432,1425
1428,1412
1424,1412
1434,1408
1439,1417
1432,1405
1424,1411
1433,1404
1418,1386
1412,1404
1416,1409
1401,1384
1418,1384
1407,1397
1416,1393
1410,1394
1405,1379
1404,1366
1406,1383
1406,1379
1380,1391
1387,1358
1379,1369
1377,1363
1371,1345
1377,1373
1384,1347
1370,1367
1375,1349
1358,1350
1381,1360
1356,1363
1330,1353
1355,1337
1361,1336
1358,1353
1349,1360
1321,1347
1344,1344
1363,1336
1318,1338
1342,1341
1359,1338
1352,1337
1344,1336
1332,1339
1327,1320
1332,1344
1334,1328
1332,1329
1328,1343
1314,1338
1319,1321
1328,1332
1321,1338
1328,1323
1317,1340
1325,1334
1305,1338
1304,1326
1303,1325
1317,1334
1335,1336
1317,1325
1303,1328
1308,1335
1331,1328
1308,1338
1312,1349
1331,1335
1327,1325
1318,1324
1313,1324
1305,1338
1334,1349
1325,1338
1326,1336
1328,1333
1329,1355
1313,1352
1327,1348
1329,1355
1326,1356
1326,1348
1323,1353
1354,1363
1333,1353
1339,1362
1344,1370
1346,1364
1355,1366
1334,1373
1346,1388
1351,1360
1355,1377
1339,1368
1360,1372
1365,1390
1352,1394
1357,1386
1373,1387
1380,1390
1377,1394
1371,1385
1370,1384
1370,1391
1387,1385
1372,1406
1403,1396
1408,1411
1376,1411
1409,1412
1412,1405
1394,1427
1405,1415
1389,1430
1410,1424
1402,1419
1408,1427
1408,1414
1424,1436
1412,1441
1439,1443
1438,1441
1432,1439
1425,1443
1430,1438
1424,1446
1447,1447
1436,1456
1440,1457
1446,1458
1440,1467
1462,1462
1458,1460
1458,1446
1468,1462
1451,1456
1463,1443
1455,1471
1466,1483
1470,1470
1461,1445
1461,1456
1468,1469
1473,1459
1470,1463
1459,1475
1482,1464
1476,1473
1468,1473
1473,1468
1478,1475
1472,1466
1479,1470
1483,1463
1491,1478
1487,1468
1473,1475
1480,1487
1469,1470
1495,1460
1495,1478
1478,1447
1483,1470
1467,1471
1482,1464
1489,1488
1496,1458
1486,1465
1473,1464
1488,1464
1478,1456
1474,1449
1484,1442
1492,1454
1480,1455
1460,1447
1466,1446
1447,1439
1462,1441
1496,1444
1474,1430
1461,1445
1463,1416
1442,1426
1457,1439
1458,1438
1468,1434
1434,1435
1455,1428
1441,1417
1437,1416
1441,1416
1431,1416
1439,1398
1438,1401
1429,1423
1439,1402
1442,1408
1426,1403
1413,1383
1425,1397
1427,1388
1412,1386
1416,1394
1402,1385
1403,1371
1399,1379
1387,1383
1404,1377
1404,1370
1387,1364
1372,1368
1382,1374
1375,1369
1385,1359
1373,1369
1381,1365
1366,1370
1372,1366
1387,1350
1371,1353
1374,1357
1358,1355
1369,1341
1330,1343
1358,1342
1358,1343
1345,1348
1363,1339
1357,1348
1335,1325
1349,1333
1347,1339
1334,1339
1331,1341
1334,1332
1350,1346
1330,1333
1335,1345
1343,1338
1342,1326
1321,1319
1320,1329
1331,1310
1302,1335
1319,1358
1330,1336
1319,1333
1324,1325
1308,1332
1304,1311
1329,1337
1333,1313
1311,1326
1312,1323
1304,1335
1314,1332
1315,1338
1316,1339
1336,1310
1322,1342
1317,1345
1341,1332
1335,1340
1309,1347
1327,1344
1329,1338
1321,1335
1330,1335
1324,1338
1326,1349
1297,1358
1325,1346
1332,1335
1327,1347
1323,1371
1336,1355
1333,1375
1328,1346
1339,1348
1335,1372
1343,1355
1341,1368
1350,1360
1344,1373
1357,1381
1357,1375
1365,1362
1348,1388
1345,1395
1359,1387
1355,1381
1367,1382
1383,1393
1363,1391
1379,1387
1390,1399
1380,1390
1382,1397
1392,1416
1405,1404
1385,1399
1386,1404
1410,1401
1396,1421
1394,1423
1398,1437
1405,1441
1426,1428
1401,1428
1421,1436
1419,1449
1412,1436
1427,1438
1416,1431
1416,1438
1446,1431
1446,1454
1451,1432
1413,1435
1430,1446
1459,1456
1450,1448
1459,1447
1457,1449
1440,1450
1477,1462
1446,1460
1432,1456
1441,1483
1470,1472
1464,1464
1472,1465
1469,1459
1463,1464
1469,1457
1463,1463
1464,1466
1489,1473
1466,1464
1470,1475
1468,1475
1494,1476
1489,1474
1479,1455
1483,1461
1480,1478
1476,1476
1476,1470
1475,1473
1476,1477
1469,1466
1479,1477
1486,1472
1461,1463
1494,1477
1465,1472
1465,1456
1477,1466
1501,1459
1463,1472
1470,1453
1497,1467
1487,1459
1477,1461
1485,1452
1489,1440
1470,1461
1482,1451
1477,1448
1459,1444
1480,1434
1475,1442
1444,1437
1449,1438
1436,1438
1452,1431
1451,1446
1456,1422
1441,1428
1444,1411
1448,1418
1445,1430
1435,1400
1442,1414
1438,1400
1438,1410
1432,1418
1435,1422
1450,1405
1420,1393
1417,1394
1410,1401
1423,1383
1428,1399
1424,1400
1404,1378
1409,1398
1396,1381
1393,1387
1410,1393
1413,1383
1408,1379
1378,1377
1388,1373
1391,1380
1358,1367
1382,1375
1375,1361
1374,1371
1383,1351
1399,1354
1376,1365
1359,1362
1372,1355
1357,1346
1344,1350
1367,1330
1352,1353
1360,1352
1350,1344
1368,1356
1359,1340
1326,1323
1337,1332
1346,1349
1348,1330
1332,1332
1317,1332
1351,1351
1347,1351
1323,1338
1322,1321
1345,1333
1334,1336
1318,1333
1314,1332
1309,1330
1333,1315
1329,1331
1342,1311
1314,1328
1307,1308
1304,1343
1340,1339
1312,1322
1299,1337
1311,1337
1325,1335
1316,1340
1300,1314
1319,1335
1307,1324
1315,1337
1314,1356
1331,1331
1319,1329
1327,1340
1303,1341
1332,1356
1316,1336
1326,1347
1327,1337
1327,1347
1327,1340
1321,1365
1340,1350
1331,1369
1335,1357
1337,1344
1338,1369
1331,1372
1337,1350
1357,1359
1345,1352
1343,1380
1363,1349
1332,1382
1338,1378
1340,1389
1361,1371
1370,1391
1350,1379
1350,1380
1360,1391
1365,1376
1363,1391
1359,1389
1368,1391
1385,1395
1365,1395
1382,1396
1403,1409
1386,1408
1394,1406
1383,1403
1408,1404
1405,1404
1418,1429
1404,1434
1413,1428
1408,1436
1404,1428
1396,1429
1404,1414
1434,1422
1429,1437
1430,1432
1414,1435
1420,1450
1441,1430
1425,1430
1452,1442
1442,1462
1444,1450
1434,1466
1446,1462
1448,1462
1439,1450
1473,1455
1467,1461
1465,1457
1453,1463
1458,1450
1453,1457
1475,1461
1463,1470
1460,1475
1441,1461
1478,1457
1475,1470
1483,1448
1459,1461
1475,1458
1471,1479
1456,1471
1447,1469
1458,1467
1485,1459
1503,1467
1469,1456
1499,1464
1483,1462
1494,1473
1481,1465
1470,1465
1474,1487
1459,1455
1481,1467
1464,1463
1477,1470
1476,1456
1483,1454
1477,1444
1475,1454
1488,1479
1473,1455
1491,1463
1468,1454
1463,1450
1475,1444
1463,1454
1470,1441
1472,1438
1470,1426
1446,1438
1456,1444
1460,1445
1465,1446
1447,1438
1454,1437
1456,1425
1449,1415
1472,1424
1462,1425
1471,1420
1433,1419
1443,1420
1453,1412
1441,1411
1433,1433
1427,1402
1434,1407
1427,1408
1415,1403
1414,1419
1411,1389
1414,1402
1419,1396
1424,1393
1416,1400
1417,1397
1402,1389
1416,1395
1388,1373
1375,1377
1394,1391
1379,1381
1388,1372
1391,1381
1405,1378
1386,1368
1386,1365
1384,1375
1371,1358
1349,1360
1364,1357
1370,1361
1372,1353
1353,1351
1370,1364
1351,1348
1345,1365
1355,1357
1354,1344
1364,1342
1357,1347
1374,1349
1322,1336
1334,1350
1325,1335
1332,1340
1324,1351
1335,1353
1341,1340
1340,1337
1328,1356
1334,1341
1318,1344
1338,1335
1334,1352
1330,1337
1317,1336
1328,1329
1309,1332
1330,1331
1333,1334
1298,1319
1319,1339
1324,1330
1317,1342
1330,1334
1315,1336
1311,1338
1317,1345
1314,1342
1321,1336
1322,1332
1328,1337
1321,1342
1316,1341
1341,1342
1318,1348
1338,1341
1327,1348
1336,1337
1331,1351
1324,1352
1336,1345
1328,1348
1322,1353
1347,1346
1352,1354
1316,1356
1338,1385
1354,1375
1359,1362
1373,1370
1326,1362
1373,1357
1356,1367
1355,1356
1361,1373
1356,1366
1356,1385
1358,1381
1368,1367
1358,1395
1374,1379
1387,1394
1389,1380
1364,1388
1375,1392
1372,1397
1382,1406
1380,1396
1401,1405
1399,1424
1392,1404
1392,1410
1396,1415
1408,1408
1403,1406
1411,1422
1429,1418
1413,1419
1403,1440
1428,1422
1447,1447
1434,1426
1432,1413
1426,1427
1422,1435
1429,1445
1450,1428
1430,1436
1436,1449
1424,1443
1456,1446
1447,1457
1432,1443
1432,1462
1462,1447
1441,1450
1458,1455
1458,1444
1481,1455
1464,1463
1460,1445
1459,1480
1472,1460
1481,1489
1475,1472
1457,1480
1485,1459
1467,1456
1467,1453
1501,1467
1475,1461
1479,1473
1473,1476
1489,1470
1477,1466
1480,1470
1480,1459
1477,1472
1488,1476
1481,1457
1468,1451
1467,1466
1458,1471
1485,1467
1487,1462
1452,1457
1478,1464
1476,1463
1468,1461
1466,1446
1451,1468
1460,1449
1466,1451
1474,1447
1477,1447
1460,1454
1476,1440
1473,1440
1457,1464
1471,1422
1459,1442
1470,1444
1444,1455
1451,1428
1461,1432
1458,1433
1449,1424
1446,1421
1431,1423
1456,1411
1431,1419
1444,1431
1444,1444
1448,1421
1429,1417
1453,1415
1444,1426
1436,1391
1416,1387
1427,1401
1424,1401
1431,1393
1418,1397
1405,1401
1404,1391
1388,1399
1408,1384
1411,1394
1407,1385
1407,1385
1408,1400
1411,1377
1395,1374
1390,1379
1386,1368
1386,1382
1364,1374
1397,1366
1374,1366
1371,1354
1359,1356
1371,1371
1360,1372
1364,1348
1370,1364
1380,1347
1366,1367
1350,1368
1368,1356
1365,1342
1343,1352
1361,1338
1369,1344
1349,1327
1344,1345
1339,1332
1350,1349
1338,1346
1346,1342
1354,1338
1348,1326
1334,1334
1311,1333
1337,1338
1313,1351
1333,1331
1334,1337
1329,1317
1341,1342
1330,1349
1315,1343
1346,1342
1332,1339
1332,1318
1330,1343
1324,1328
1324,1344
1329,1337
1326,1323
1335,1341
1324,1336
1306,1328
1324,1335
1343,1340
1306,1350
1330,1347
1318,1352
1325,1355
1329,1355
1336,1354
1319,1338
1317,1361
1329,1334
1314,1358
1325,1363
1336,1364
1329,1354
1321,1349
1337,1358
1339,1361
1346,1369
1347,1376
1330,1360
1361,1372
1333,1365
1341,1370
1332,1369
1364,1354
1360,1381
1368,1389
1335,1381
1347,1389
1358,1375
1362,1384
1373,1379
1370,1390
1374,1385
1377,1394
1385,1404
1365,1405
1377,1420
1379,1397
1393,1401
1400,1412
1401,1427
1378,1417
1400,1413
1403,1411
1395,1431
1422,1413
1412,1417
1408,1414
1428,1428
1413,1429
1412,1423
1403,1418
1417,1428
1427,1434
1426,1439
1435,1434
1428,1438
1429,1427
1421,1461
1438,1458
1423,1450
1455,1447
1450,1448
1460,1455
1447,1443
1450,1464
1440,1469
1455,1442
1453,1448
1461,1469
1465,1450
1449,1450
1453,1454
1477,1451
1452,1466
1471,1455
1464,1442
1465,1480
1467,1479
1459,1460
1471,1470
1471,1444
1479,1471
1475,1473
1471,1463
1481,1469
1469,1471
1471,1471
1475,1466
1461,1469
1478,1450
1453,1450
1462,1474
1477,1466
1474,1455
1478,1461
1457,1455
1486,1443
1483,1470
1486,1438
1475,1455
1483,1470
1475,1456
1470,1445
1457,1444
1459,1452
1466,1453
1476,1448
1449,1459
1466,1452
1461,1446
1469,1438
1465,1431
1460,1438
1461,1431
1452,1443
1446,1436
1446,1428
1466,1421
1448,1430
1450,1421
1447,1415
1446,1417
1440,1437
1433,1428
1441,1417
1441,1402
1435,1410
1434,1407
1435,1405
1425,1397
1439,1404
1429,1389
1409,1405
1407,1386
1422,1397
1388,1403
1409,1384
1425,1400
1407,1389
1407,1365
1396,1378
1395,1378
1390,1386
1390,1372
1402,1381
1371,1372
1378,1390
1383,1380
1376,1368
1369,1362
1369,1373
1365,1362
1349,1364
1358,1355
1351,1353
1360,1349
1369,1362
1381,1364
1348,1352
1353,1355
1345,1362
1343,1337
1357,1344
1359,1341
1344,1335
1351,1340
1341,1338
1339,1349
1345,1338
1339,1353
1355,1343
1338,1324
1325,1344
1356,1341
1330,1339
1334,1334
1326,1342
1324,1344
1332,1342
1339,1342
1338,1347
1348,1345
1320,1333
1347,1339
1329,1337
1336,1322
1331,1337
1315,1337
1327,1345
1325,1330
1314,1342
1315,1339
1339,1354
1322,1356
1338,1341
1339,1361
1329,1343
1323,1344
1331,1338
1335,1330
1323,1335
1351,1348
1328,1362
1333,1351
1340,1350
1328,1358
1349,1353
1333,1343
1344,1350
1356,1375
1338,1364
1350,1374
1335,1368
1339,1367
1347,1378
1351,1370
1351,1361
1358,1368
1348,1383
1348,1367
1360,1384
1364,1380
1371,1390
1371,1394
1360,1394
1390,1387
1357,1404
1358,1379
1379,1392
1373,1403
1396,1392
1391,1406
1387,1408
1385,1424
1397,1410
1414,1412
1409,1410
1393,1400
1399,1437
1411,1411
1418,1437
1433,1416
1415,1414
1419,1430
1411,1411
1403,1440
1422,1422
1435,1422
1426,1446
1426,1432
1429,1434
1428,1442
1434,1439
1434,1442
1437,1445
1431,1449
1444,1452
1446,1451
1450,1429
1440,1452
1429,1473
1439,1454
1454,1459
1444,1461
1474,1437
1453,1446
1443,1444
1453,1452
1471,1465
1456,1458
1457,1460
1469,1459
1476,1450
1468,1468
1472,1459
1478,1457
1474,1451
1469,1465
1451,1456
1469,1452
1477,1460
1460,1470
1489,1449
1480,1454
1478,1458
1460,1453
1483,1458
1457,1445
1465,1465
1488,1463
1477,1440
1462,1468
1465,1452
1471,1457
1447,1445
1460,1440
1466,1450
1465,1443
1473,1442
1465,1443
1466,1438
1444,1451
1448,1447
1467,1451
1445,1441
1466,1440
1462,1456
1452,1424
1434,1410
1441,1428
1441,1424
1442,1418
1439,1417
1455,1420
1445,1444
1458,1413
1444,1409
1445,1412
1433,1420
1450,1415
1433,1414
1413,1408
1440,1421
1413,1410
1430,1393
1427,1398
1417,1389
1430,1400
1416,1395
1410,1397
1405,1407
1399,1394
1395,1383
1389,1378
1382,1390
1403,1392
1381,1377
1388,1380
1406,1388
1381,1370
1376,1379
1391,1367
1389,1376
1389,1389
1378,1368
1373,1376
1380,1358
1373,1359
1361,1351
1374,1362
1344,1355
1361,1362
1368,1360
1375,1351
1365,1355
1360,1355
1385,1348
1363,1352
1324,1354
1338,1364
1355,1346
1330,1355
1333,1337
1350,1352
1346,1355
1338,1359
1348,1349
1339,1348
1322,1343
1354,1351
1360,1330
1344,1341
1323,1357
1325,1344
1333,1346
1337,1338
1335,1341
1321,1339
1313,1342
1318,1312
1335,1329
1318,1335
1328,1345
1327,1331
1325,1342
1328,1352
1338,1345
1331,1351
1327,1337
1318,1345
1345,1353
1331,1354
1322,1352
1307,1346
1321,1343
1342,1345
1352,1342
1324,1347
1333,1352
1345,1365
1354,1357
1332,1344
1357,1376
1349,1363
1345,1368
1339,1375
1345,1372
1346,1365
1341,1373
1344,1353
1348,1360
1353,1366
1358,1366
1369,1366
1341,1364
1351,1376
1362,1392
1373,1387
1351,1381
1367,1395
1372,1394
1383,1389
1381,1396
1368,1397
1380,1390
1375,1394
1362,1393
1385,1403
1395,1403
1417,1401
1393,1415
1393,1414
1396,1419
1379,1419
1389,1415
1392,1416
1409,1407
1416,1427
1384,1432
1426,1439
1400,1425
1420,1430
1431,1450
1426,1439
1432,1450
1418,1425
1439,1438
1435,1420
1419,1438
1430,1445
1425,1436
1432,1449
1431,1443
1436,1445
1430,1447
1420,1444
1430,1442
1466,1446
1430,1443
1434,1457
1440,1445
1456,1448
1469,1461
1445,1457
1431,1461
1463,1457
1470,1444
1454,1458
1450,1462
1455,1469
1469,1451
1441,1458
1472,1459
1468,1449
1469,1458
1483,1455
1471,1452
1468,1454
1468,1476
1469,1451
1477,1462
1465,1462
1461,1465
1468,1447
1461,1452
1476,1450
1483,1458
1464,1450
1463,1457
1472,1456
1471,1454
1470,1446
1459,1443
1451,1453
1464,1462
1468,1438
1446,1450
1453,1445
1449,1449
1464,1437
1448,1430
1457,1434
1455,1420
1455,1441
1454,1442
1458,1425
1455,1428
1454,1424
1437,1435
1448,1408
1449,1421
1415,1426
1444,1417
1424,1409
1439,1418
1440,1408
1430,1418
1445,1407
1424,1400
1410,1408
1437,1409
1420,1384
1409,1401
1414,1410
1407,1396
1393,1400
1414,1397
1408,1388
1398,1394
1387,1383
1412,1394
1419,1396
1402,1387
1400,1377
1398,1394
1402,1390
1381,1371
1399,1372
1390,1379
1401,1374
1378,1381
1356,1374
1384,1368
1378,1366
1367,1374
1390,1369
1382,1349
1366,1375
1371,1352
1371,1357
1360,1346
1358,1362
1371,1356
1355,1347
1339,1360
1342,1337
1338,1333
1360,1352
1345,1344
1338,1355
1352,1341
1337,1345
1338,1341
1351,1339
1363,1338
1356,1333
1341,1341
1328,1355
1349,1342
1321,1342
1345,1353
1330,1343
1346,1346
1328,1356
1332,1334
1333,1336
1347,1351
1337,1334
1328,1344
1336,1341
1336,1344
1321,1350
1337,1353
1326,1345
1331,1334
1337,1355
1320,1337
1342,1338
1317,1359
1341,1332
1355,1351
1340,1331
1332,1345
1340,1344
1326,1334
1329,1363
1328,1350
1350,1357
1327,1374
1322,1361
1352,1362
1353,1365
1332,1350
1352,1366
1362,1366
1358,1369
1345,1370
1353,1369
1354,1354
1358,1386
1368,1364
1369,1378
1376,1366
1369,1382
1364,1374
1382,1382
1369,1380
1371,1385
1387,1377
1391,1397
1389,1393
1381,1407
1385,1391
1385,1395
1377,1398
1377,1416
1372,1404
1399,1425
1393,1422
1395,1413
1390,1410
1392,1414
1410,1417
1403,1425
1416,1425
1401,1427
1427,1420
1405,1422
1418,1425
1405,1430
1426,1429
1410,1446
1423,1426
1418,1430
1434,1432
1427,1448
1420,1438
1440,1448
1432,1440
1429,1440
1442,1449
1448,1447
1449,1437
1456,1443
1432,1453
1430,1452
1425,1447
1446,1443
1450,1457
1460,1424
1462,1462
1461,1459
1466,1455
1453,1451
1444,1457
1459,1449
1482,1453
1439,1454
1455,1454
1461,1441
1440,1456
1446,1464
1469,1444
1460,1454
1462,1454
1441,1460
1489,1462
1471,1458
1453,1466
1482,1456
1464,1451
1458,1469
1472,1476
1459,1460
1458,1446
1468,1439
1451,1450
1480,1460
1443,1474
1459,1446
1458,1441
1467,1434
1458,1436
1484,1448
1465,1429
1441,1458
1450,1445
1467,1439
1456,1436
1466,1430
1452,1433
1467,1436
1449,1428
1451,1427
1443,1436
1450,1437
1444,1435
1430,1424
1449,1433
1445,1422
1447,1422
1436,1431
1438,1420
1429,1420
1445,1410
1431,1402
1420,1413
1425,1390
1427,1406
1405,1394
1449,1405
1430,1409
1420,1405
1409,1396
1397,1405
1418,1391
1416,1401
1417,1378
1414,1396
1405,1395
1393,1390
1398,1380
1395,1385
1379,1393
1387,1376
1400,1374
1381,1388
1383,1385
1373,1379
1385,1354
1380,1366
1386,1365
1368,1360
1368,1360
1356,1359
1359,1343
1377,1361
1367,1350
1345,1345
1369,1366
1360,1351
1365,1357
1367,1358
1359,1355
1339,1350
1358,1361
1366,1336
1341,1369
1347,1351
1356,1348
1366,1363
1350,1345
1331,1362
1343,1341
1343,1342
1337,1331
1362,1357
1328,1351
1350,1341
1342,1346
1332,1333
1343,1363
1345,1337
1333,1345
1341,1348
1322,1336
1346,1336
1329,1353
1343,1338
1324,1338
1350,1345
1333,1364
1330,1358
1335,1366
1327,1351
1354,1341
1314,1353
1333,1366
1336,1359
1339,1345
1347,1368
1350,1354
1338,1349
1320,1348
1338,1344
1325,1343
1324,1366
1338,1351
1340,1365
1346,1353
1355,1363
1340,1363
1342,1368
1342,1361
1349,1360
1341,1376
1366,1366
1359,1368
1340,1383
1376,1369
1360,1384
1358,1393
1352,1384
1351,1389
1360,1404
1366,1395
1366,1384
1392,1392
1371,1407
1363,1401
1397,1391
1373,1391
1386,1383
1393,1406
1392,1394
1398,1408
1380,1406
1400,1408
1397,1410
1398,1409
1411,1417
1392,1408
1396,1408
1397,1417
1402,1418
1419,1411
1415,1425
1425,1429
1405,1429
1406,1439
1430,1411
1412,1431
1423,1433
1415,1446
1421,1444
1428,1450
1440,1434
1424,1447
1435,1450
1449,1448
1429,1448
1441,1433
1453,1434
1422,1428
1441,1445
1425,1449
1438,1445
1455,1429
1434,1450
1459,1444
1455,1455
1449,1444
1457,1451
1463,1441
1460,1445
1464,1455
1450,1451
1464,1469
1464,1450
1472,1443
1474,1441
1456,1446
1455,1450
1473,1458
1466,1463
1468,1474
1472,1457
1452,1462
1473,1442
1487,1448
1479,1462
1475,1448
1477,1442
1450,1457
1455,1458
1475,1451
1460,1434
1472,1442
1452,1437
1471,1434
1443,1432
1442,1443
1475,1447
1467,1444
1466,1421
1460,1442
1454,1448
1460,1444
1444,1458
1448,1441
1442,1455
1462,1439
1459,1436
1441,1432
1446,1424
1419,1439
1440,1425
1440,1432
1451,1412
1442,1419
1460,1424
1436,1416
1433,1402
1443,1407
1423,1410
1416,1408
1425,1403
1412,1420
1434,1406
1415,1407
1393,1384
1423,1408
1426,1401
1423,1402
1405,1397
1424,1413
1410,1410
1406,1397
1413,1403
1404,1391
1409,1394
1397,1377
1389,1391
1398,1374
1392,1387
1382,1390
1394,1386
1382,1375
1391,1374
1383,1378
1386,1382
1373,1376
1367,1363
1371,1352
1383,1357
1381,1366
1384,1366
1379,1354
1378,1361
1369,1356
1358,1362
1366,1367
1360,1339
1346,1376
1344,1356
1353,1348
1357,1355
1351,1355
1365,1347
1333,1356
1352,1366
1329,1348
1357,1348
1353,1358
1359,1346
1335,1354
1342,1340
1359,1356
1345,1336
1347,1340
1348,1345
1329,1337
1353,1360
1327,1350
1335,1334
1343,1362
1348,1341
1347,1368
1338,1369
1365,1362
1342,1334
1342,1350
1329,1341
1343,1360
1341,1346
1347,1345
1360,1351
1350,1349
1347,1362
1330,1365
1340,1353
1353,1347
1340,1352
1347,1375
1329,1373
1338,1353
1342,1360
1358,1358
1336,1354
1347,1363
1324,1369
1346,1368
1352,1362
1362,1358
1355,1370
1372,1390
1368,1378
1360,1381
1340,1368
1366,1381
1365,1379
1356,1396
1373,1386
1361,1395
1357,1399
1344,1395
1361,1388
1366,1379
1351,1383
1383,1391
1372,1386
1381,1392
1406,1382
1375,1398
1384,1400
1372,1402
1371,1394
1389,1418
1378,1399
1400,1405
1393,1403
1379,1398
1369,1403
1404,1415
1396,1417
1391,1416
1410,1417
1399,1427
1400,1429
1402,1430
1419,1432
1432,1409
1428,1426
1430,1433
1436,1432
1425,1437
1432,1428
1429,1450
1423,1445
1424,1443
1440,1437
1433,1434
1431,1422
1419,1434
1454,1447
1433,1433
1426,1426
1454,1447
1444,1451
1464,1442
1444,1444
1451,1421
1438,1458
1443,1474
1450,1453
1453,1456
1458,1447
1461,1442
1469,1449
1468,1442
1448,1448
1449,1450
1462,1456
1460,1457
1443,1445
1450,1439
1445,1463
1452,1445
1465,1457
1482,1444
1448,1447
1464,1448
1462,1459
1444,1437
1479,1452
1461,1437
1458,1439
1451,1439
1470,1452
1466,1453
1470,1447
1474,1446
1451,1440
1435,1431
1465,1446
1455,1442
1450,1440
1465,1435
1475,1420
1452,1431
1440,1446
1436,1449
1462,1416
1458,1422
1434,1427
1455,1460
1445,1435
1434,1410
1451,1437
1424,1428
1427,1405
1443,1418
1430,1422
1435,1417
1428,1399
1422,1414
1420,1410
1446,1419
1431,1408
1429,1409
1422,1403
1431,1420
1428,1425
1426,1393
1426,1407
1407,1395
1422,1391
1407,1392
1411,1402
1389,1382
1418,1407
1421,1389
1402,1384
1401,1388
1401,1383
1408,1383
1405,1377
1396,1377
1409,1385
1389,1379
1380,1402
1394,1394
1391,1380
1369,1372
1378,1371
1368,1372
1370,1374
1377,1356
1363,1357
1381,1375
1384,1361
1370,1372
1382,1352
1374,1369
1357,1373
1362,1363
1371,1364
1364,1356
1390,1358
1352,1358
1354,1352
1345,1355
1367,1342
1349,1364
1352,1347
1351,1365
1354,1346
1330,1344
1350,1366
1339,1356
1350,1358
1330,1358
1356,1337
1348,1349
1353,1344
1352,1339
1346,1347
1342,1353
1338,1352
1355,1340
1328,1357
1343,1360
1334,1345
1317,1347
1341,1349
1352,1347
1335,1352
1330,1348
1328,1345
1349,1354
1348,1353
1346,1348
1339,1356
1334,1340
1342,1343
1333,1347
1367,1366
1336,1350
1347,1376
1332,1363
1361,1357
1343,1355
1324,1361
1337,1360
1346,1384
1354,1368
1364,1355
1350,1378
1353,1373
1372,1377
1342,1366
1365,1367
1355,1373
1355,1376
1346,1375
1366,1370
1349,1379
1384,1384
1372,1368
1378,1387
1378,1390
1365,1402
1370,1380
1399,1381
1397,1395
1392,1393
1377,1399
1388,1408
1396,1396
1393,1398
1384,1404
1382,1410
1388,1412
1389,1412
1398,1404
1392,1419
1404,1401
1415,1418
1413,1410
1408,1425
1390,1421
1416,1423
1407,1412
1411,1426
1419,1404
1409,1397
1405,1418
1410,1440
1397,1442
1414,1416
1431,1428
1439,1421
1420,1446
1422,1430
1418,1434
1451,1431
1437,1435
1440,1447
1426,1429
1435,1442
1429,1434
1436,1455
1448,1447
1458,1440
1444,1437
1456,1454
1436,1453
1441,1430
1441,1435
1461,1439
1464,1437
1425,1444
1453,1450
1443,1443
1446,1449
1459,1455
1458,1439
1451,1439
1436,1452
1484,1443
1443,1448
1445,1442
1453,1444
1468,1466
1453,1440
1425,1454
1445,1447
1462,1459
1457,1445
1474,1458
1489,1440
1471,1450
1459,1458
1458,1445
1449,1438
1503,1441
1459,1450
1440,1436
1436,1443
1448,1426
1466,1445
1450,1428
1458,1449
1461,1432
1445,1436
1446,1432
1442,1440
1449,1431
1456,1429
1453,1444
1444,1429
1456,1433
1436,1420
1446,1427
1432,1424
1449,1427
1423,1421
1441,1428
1422,1412
1423,1419
1429,1403
1453,1410
1429,1403
1420,1407
1436,1420
1419,1410
1422,1398
1427,1417
1424,1411
1397,1397
1426,1408
1412,1388
1400,1393
1418,1387
1406,1405
1416,1386
1427,1386
1407,1389
1397,1403
1416,1398
1395,1385
1394,1367
1403,1380
1389,1381
1394,1372
1390,1380
1388,1366
1378,1363
1382,1360
1375,1369
1381,1376
1376,1381
1397,1364
1380,1361
1370,1379
1402,1376
1378,1348
1371,1366
1382,1372
1354,1377
1383,1363
1351,1365
1377,1360
1375,1363
1354,1355
1361,1357
1346,1361
1356,1350
1350,1350
1367,1355
1354,1345
1361,1354
1376,1344
1367,1339
1364,1357
1357,1349
1355,1355
1348,1355
1347,1349
1340,1341
1350,1348
1362,1352
1331,1353
1343,1352
1337,1349
1357,1355
1350,1355
1335,1354
1368,1353
1354,1355
1344,1349
1361,1370
1348,1354
1343,1345
1347,1338
1339,1340
1329,1348
1344,1363
1347,1352
1349,1369
1346,1361
1342,1358
1355,1347
1342,1356
1342,1375
1357,1363
1338,1365
1335,1366
1341,1366
1350,1363
1355,1361
1336,1377
1358,1371
1345,1369
1370,1373
1358,1366
1352,1377
1370,1384
1371,1357
1357,1384
1383,1378
1357,1391
1366,1395
1358,1373
1370,1384
1374,1390
1393,1391
1385,1380
1377,1392
1390,1380
1363,1400
1372,1394
1386,1400
1388,1385
1371,1401
1390,1401
1397,1411
1381,1400
1396,1389
1383,1414
1393,1396
1404,1412
1403,1391
1414,1409
1405,1414
1390,1419
1405,1412
1414,1415
1411,1401
1414,1427
1401,1417
1425,1425
1423,1417
1416,1431
1400,1417
1409,1420
1416,1431
1425,1427
1430,1427
1412,1422
1427,1425
1430,1450
1437,1438
1434,1438
1455,1451
1437,1433
1422,1430
1444,1453
1437,1437
1433,1445
1432,1444
1450,1434
1428,1454
1432,1441
1451,1461
1450,1434
1463,1447
1448,1449
1449,1450
1459,1439
1443,1435
1445,1459
1461,1450
1448,1458
1453,1449
1458,1453
1449,1455
1441,1437
1456,1451
1448,1442
1448,1443
1474,1458
1461,1442
1442,1441
1453,1450
1450,1428
1462,1438
1467,1449
1447,1450
1461,1453
1464,1442
1455,1441
1454,1435
1433,1447
1468,1434
1464,1447
1452,1431
1450,1430
1460,1445
1448,1440
1437,1438
1443,1431
1470,1425
1449,1428
1449,1425
1460,1433
1424,1422
1432,1421
1442,1427
1442,1436
1442,1420
1453,1422
1453,1416
1448,1415
1413,1426
1459,1428
1448,1420
1449,1412
1439,1419
1422,1407
1436,1406
1408,1401
1428,1411
1416,1399
1430,1418
1411,1400
1418,1410
1438,1394
1419,1405
1413,1394
1430,1410
1403,1411
1424,1392
1411,1383
1388,1396
1401,1378
1424,1392
1413,1391
1395,1372
1406,1372
1388,1381
1397,1385
1408,1372
1397,1390
1400,1378
1400,1382
1389,1381
1376,1355
1374,1377
1367,1375
1377,1345
1370,1370
1396,1378
1365,1386
1375,1362
1387,1357
1367,1374
1363,1368
1361,1381
1368,1378
1385,1349
1358,1349
1369,1355
1354,1359
1365,1367
1350,1360
1367,1361
1371,1351
1361,1360
1367,1368
1346,1364
1356,1367
1345,1349
1360,1359
1353,1348
1355,1349
1343,1345
1351,1343
1351,1362
1354,1361
1340,1349
1374,1351
1349,1355
1366,1348
1339,1361
1349,1344
1358,1357
1341,1357
1359,1359
1372,1341
1348,1342
1349,1338
1358,1350
1328,1338
1343,1354
1346,1351
1360,1362
1353,1342
1357,1336
1328,1360
1337,1368
1353,1352
1352,1364
1332,1352
1342,1356
1342,1369
1343,1350
1354,1358
1334,1350
1328,1360
1348,1349
1376,1356
1351,1376
1335,1372
1383,1365
1359,1376
1359,1381
1369,1368
1377,1383
1357,1379
1357,1385
1376,1373
1365,1400
1370,1374
1373,1390
1357,1383
1362,1378
1385,1376
1367,1382
1394,1387
1389,1382
1406,1405
1388,1394
1378,1392
1376,1389
1377,1407
1396,1395
1365,1395
1383,1407
1388,1388
1395,1415
1388,1402
1414,1421
1409,1410
1415,1411
1398,1417
1410,1417
1397,1400
1405,1412
1414,1399
1406,1420
1414,1413
1419,1431
1411,1419
1426,1422
1430,1449
1406,1431
1419,1412
1406,1427
1430,1429
1427,1428
1432,1423
1429,1434
1442,1440
1427,1440
1465,1437
1427,1438
1427,1447
1452,1424
1436,1447
1442,1437
1426,1434
1442,1444
1445,1452
1454,1436
1442,1442
1456,1439
1441,1456
1475,1450
1467,1447
1446,1444
1456,1441
1444,1450
1461,1437
1440,1448
1444,1441
1437,1432
1451,1431
1435,1445
1455,1445
1442,1440
1459,1447
1458,1446
1448,1441
1453,1445
1479,1433
1464,1439
1443,1444
1453,1444
1448,1439
1460,1460
1465,1430
1437,1440
1471,1448
1469,1458
1463,1440
1443,1427
1447,1452
1439,1459
1443,1445
1457,1449
1458,1438
1437,1454
1448,1441
1453,1426
1450,1444
1446,1431
1422,1430
1435,1429
1462,1458
1442,1431
1427,1437
1437,1418
1444,1430
1444,1425
1466,1411
1438,1433
1444,1440
1452,1414
1439,1415
1434,1429
1427,1421
1427,1419
1443,1420
1417,1414
1408,1419
1420,1406
1416,1428
1436,1406
1416,1397
1408,1388
1410,1390
1416,1395
1415,1386
1403,1391
1411,1393
1396,1406
1410,1390
1408,1393
1406,1383
1411,1386
1397,1385
1388,1378
1397,1390
1383,1381
1398,1391
1391,1366
1404,1366
1410,1371
1356,1387
1382,1379
1369,1365
1377,1389
1373,1374
1373,1371
1378,1381
1380,1370
1378,1354
1389,1358
1379,1361
1381,1375
1359,1354
1357,1363
1351,1356
1389,1385
1355,1365
1354,1355
1356,1356
1364,1355
1364,1363
1352,1366
1377,1361
1347,1349
1352,1350
1336,1356
1346,1354
1353,1356
1353,1344
1350,1339
1341,1352
1349,1350
1368,1369
1344,1365
1334,1362
1354,1353
1351,1353
1350,1359
1335,1359
1367,1364
1349,1367
1342,1348
1343,1361
1348,1351
1336,1371
1346,1368
1325,1375
1351,1337
1360,1362
1342,1364
1367,1366
1341,1362
1343,1345
1326,1342
1343,1354
1355,1368
1365,1357
1336,1366
1345,1367
1340,1372
1348,1365
1358,1366
1352,1372
1363,1364
1346,1386
1347,1384
1363,1364
1363,1362
1352,1376
1339,1360
1368,1375
1371,1376
1363,1379
1362,1390
1366,1381
1365,1393
1390,1374
1382,1385
1365,1396
1375,1377
1364,1376
1387,1389
1390,1386
1390,1397
1369,1392
1375,1392
1377,1398
1387,1384
1392,1393
1401,1389
1385,1388
1380,1416
1380,1403
1399,1406
1392,1409
1392,1397
1399,1400
1423,1412
1417,1406
1416,1413
1392,1412
1398,1414
1419,1406
1406,1400
1422,1411
1391,1420
1413,1436
1422,1419
1418,1412
1431,1413
1425,1444
1415,1425
1436,1435
1424,1411
1429,1429
1427,1430
1415,1436
1433,1452
1434,1424
1420,1439
1422,1431
1429,1444
1442,1444
1449,1447
1428,1446
1437,1432
1444,1431
1439,1437
1449,1440
1453,1439
1444,1446
1446,1435
1460,1445
1447,1435
1436,1451
1443,1450
1452,1443
1451,1458
1452,1455
1452,1442
1438,1438
1467,1439
1457,1452
1442,1438
1455,1452
1461,1453
1464,1442
1450,1445
1454,1449
1432,1440
1439,1441
1455,1438
1458,1438
1439,1451
1442,1436
1449,1446
1459,1435
1455,1436
1448,1431
1453,1447
1457,1430
1466,1429
1447,1435
1451,1432
1454,1434
1444,1441
1464,1456
1446,1439
1448,1427
1454,1451
1449,1429
1449,1434
1436,1429
1433,1438
1423,1439
1451,1435
1430,1437
1436,1433
1442,1423
1457,1429
1443,1428
1433,1424
1434,1398
1452,1425
1454,1412
1421,1408
1422,1417
1431,1424
1438,1416
1437,1398
1413,1422
1437,1415
1414,1421
1408,1396
1425,1419
1425,1402
1427,1401
1434,1405
1407,1404
1406,1382
1411,1405
1396,1405
1382,1405
1419,1406
1399,1393
1427,1388
1392,1378
1413,1381
1398,1378
1419,1381
1399,1370
1401,1394
1397,1390
1399,1372
1379,1402
1411,1367
1375,1359
1383,1376
1383,1381
1380,1379
1388,1375
1378,1367
1386,1375
1380,1358
1393,1365
1382,1350
1367,1375
1346,1374
1363,1368
1378,1381
1376,1363
1352,1368
1363,1360
1383,1366
1364,1368
1360,1367
1349,1360
1377,1351
1351,1363
1366,1359
1352,1350
1352,1346
1352,1363
1344,1352
1365,1360
1367,1360
1353,1367
1341,1360
1348,1336
1358,1360
1342,1356
1334,1356
1341,1359
1354,1349
1352,1342
1359,1363
1354,1351
1335,1357
1351,1365
1351,1369
1353,1363
1352,1363
1328,1355
1346,1341
1333,1359
1352,1364
1320,1353
1333,1363
1354,1355
1332,1354
1351,1360
1356,1353
1366,1366
1348,1359
1345,1340
1338,1366
1344,1375
1341,1369
1348,1378
1330,1369
1346,1360
1360,1368
1363,1367
1346,1388
1350,1381
1372,1372
1349,1374
1364,1376
1347,1376
1351,1360
1347,1371
1360,1361
1369,1383
1362,1373
1376,1404
1394,1376
1371,1378
1369,1402
1379,1388
1369,1382
1378,1403
1377,1391
1390,1396
1368,1408
1378,1414
1415,1389
1382,1389
1393,1407
1385,1418
1384,1398
1409,1415
1394,1402
1385,1418
1395,1408
1395,1407
1390,1416
1410,1415
1406,1395
1405,1405
1398,1410
1405,1419
1393,1421
1394,1400
1418,1422
1418,1417
1425,1424
1422,1412
1409,1430
1420,1422
1426,1423
1420,1425
1426,1429
1438,1442
1435,1422
1411,1443
1436,1439
1446,1429
1456,1434
1430,1436
1444,1436
1417,1431
1416,1436
1441,1422
1437,1441
1428,1431
1429,1443
1432,1460
1424,1442
1446,1448
1440,1441
1451,1445
1450,1444
1440,1439
1454,1443
1431,1435
1443,1439
1449,1452
1458,1454
1437,1451
1440,1446
1444,1447
1453,1426
1435,1442
1465,1443
1444,1449
1451,1452
1450,1427
1455,1429
1456,1453
1450,1449
1457,1440
1456,1453
1471,1430
1460,1449
1443,1450
1465,1454
1462,1440
1465,1433
1445,1440
1465,1444
1470,1450
1457,1440
1467,1445
1464,1447
1460,1426
1449,1428
1458,1428
1442,1441
1469,1427
1457,1434
1452,1430
1448,1420
1436,1437
1440,1431
1462,1420
1448,1425
1448,1418
1442,1421
1437,1436
1431,1411
1421,1414
1433,1410
1416,1419
1426,1418
1437,1420
1400,1411
1420,1410
1437,1416
1418,1411
1423,1415
1401,1421
1422,1401
1441,1420
1439,1400
1429,1402
1410,1410
1419,1410
1409,1401
1394,1396
1408,1386
1411,1394
1412,1408
1406,1402
1402,1394
1407,1397
1401,1402
1391,1386
1388,1394
1405,1387
1400,1386
1394,1383
1396,1397
1383,1376
1398,1372
1364,1364
1382,1376
1358,1359
1377,1372
1392,1390
1374,1368
1391,1372
1387,1362
1367,1366
1380,1352
1387,1375
1344,1363
1360,1365
1361,1369
1363,1363
1369,1365
1374,1363
1371,1364
1365,1358
1395,1360
1370,1360
1356,1365
1360,1371
1330,1357
1357,1372
1349,1355
1348,1354
1369,1354
1341,1358
1352,1359
1358,1362
1357,1349
1348,1349
1352,1345
1356,1350
1354,1338
1343,1361
1348,1348
1354,1344
1346,1343
1352,1354
1354,1340
1337,1354
1356,1363
1345,1362
1347,1357
1331,1361
1365,1358
1340,1342
1355,1366
1349,1362
1344,1356
1342,1363
1343,1368
1349,1349
1357,1352
1348,1371
1335,1355
1330,1353
1361,1363
1350,1362
1346,1365
1353,1377
1340,1376
1354,1361
1354,1353
1353,1358
1354,1363
1356,1364
1349,1388
1367,1358
1351,1377
1355,1368
1387,1382
1365,1363
1353,1382
1365,1373
1357,1387
1357,1373
1362,1373
1378,1373
1366,1387
1360,1391
1387,1395
1377,1376
1384,1392
1365,1390
1368,1379
1378,1379
1386,1386
1391,1390
1392,1377
1390,1396
1387,1397
1354,1398
1386,1401
1386,1403
1378,1401
1397,1415
1399,1415
1391,1399
1403,1423
1404,1408
1408,1424
1395,1408
1399,1413
1410,1407
1387,1421
1394,1417
1396,1429
1394,1422
1415,1423
1405,1429
1418,1429
1409,1413
1400,1410
1413,1436
1428,1429
1421,1427
1414,1431
1442,1431
1411,1433
1430,1424
1423,1443
1422,1436
1417,1420
1432,1433
1431,1437
1418,1439
1439,1428
1439,1421
1463,1441
1442,1421
1434,1437
1431,1431
1448,1442
1437,1454
1450,1442
1451,1436
1438,1439
1450,1445
1452,1444
1438,1450
1442,1445
1441,1430
1461,1442
1453,1455
1454,1459
1459,1457
1459,1445
1457,1457
1464,1465
1435,1428
1453,1456
1456,1440
1454,1449
1445,1437
1442,1443
1448,1449
1453,1444
1446,1445
1435,1438
1453,1448
1461,1432
1452,1454
1444,1449
1469,1433
1458,1433
1457,1444
1460,1441
1463,1445
1455,1429
1449,1444
1456,1437
1436,1436
1431,1437
1436,1429
1451,1434
1431,1427
1429,1447
1436,1441
1451,1444
1450,1421
1450,1436
1441,1416
1445,1432
1435,1430
1454,1427
1437,1428
1430,1443
1443,1423
1446,1416
1438,1417
1450,1408
1434,1417
1439,1423
1424,1421
1440,1423
1430,1417
1430,1403
1407,1401
1409,1414
1400,1396
1408,1413
1407,1391
1423,1404
1416,1400
1436,1392
1399,1401
1430,1412
1408,1403
1403,1397
1398,1394
1403,1389
1400,1392
1415,1380
1397,1393
1393,1409
1391,1387
1378,1377
1407,1384
1392,1375
1374,1381
1383,1376
1386,1376
1388,1375
1370,1378
1380,1376
1380,1374
1377,1372
1363,1379
1382,1357
1372,1368
1376,1380
1366,1358
1351,1358
1373,1366
1373,1367
1379,1368
1356,1357
1357,1359
1368,1372
1353,1350
1354,1362
1368,1363
1385,1358
1344,1369
1372,1350
1366,1362
1349,1352
1358,1377
1339,1361
1349,1363
1348,1353
1350,1362
1363,1343
1341,1341
1349,1338
1356,1356
1338,1345
1353,1354
1343,1352
1350,1358
1366,1374
1321,1345
1337,1347
1342,1366
1357,1352
1348,1351
1337,1358
1332,1357
1355,1355
1337,1343
1365,1358
1352,1350
1358,1351
1339,1360
1351,1352
1354,1358
1355,1355
1335,1367
1342,1351
1345,1368
1335,1358
1337,1360
1328,1355
1338,1375
1331,1343
1343,1360
1341,1364
1360,1364
1341,1377
1356,1371
1349,1378
1363,1378
1333,1373
1351,1374
1352,1365
1368,1372
1377,1381
1366,1356
1366,1380
1365,1370
1367,1377
1353,1393
1359,1374
1383,1367
1357,1375
1374,1377
1362,1382
1394,1384
1360,1389
1400,1386
1393,1381
1379,1377
1364,1394
1376,1389
1389,1388
1396,1384
1365,1408
1370,1405
1374,1393
1412,1401
1384,1410
1392,1394
1380,1394
1379,1416
1391,1416
1394,1415
1391,1426
1393,1410
1390,1424
1400,1406
1398,1406
1395,1411
1405,1433
1397,1416
1396,1424
1400,1426
1405,1428
1409,1423
1415,1417
1416,1422
1423,1439
1438,1427
1430,1421
1424,1423
1438,1439
1422,1452
1451,1435
1412,1428
1443,1440
1444,1431
1432,1435
1426,1440
1436,1426
1443,1443
1432,1426
1443,1433
1444,1437
1457,1438
1442,1457
1434,1455
1422,1439
1457,1439
1440,1435
1443,1447
1454,1454
1446,1445
1441,1437
1446,1452
1445,1435
1459,1450
1444,1441
1438,1454
1454,1450
1456,1440
1462,1444
1448,1447
1452,1452
1457,1447
1463,1447
1467,1458
1442,1451
1474,1445
1459,1441
1461,1438
1454,1456
1478,1444
1472,1449
1435,1439
1461,1438
1464,1457
1451,1441
1443,1456
1447,1463
1459,1422
1467,1435
1454,1420
1442,1438
1462,1437
1446,1451
1459,1447
1469,1424
1441,1436
1454,1432
1451,1440
1427,1433
1447,1447
1437,1431
1436,1439
1448,1442
1446,1418
1442,1444
1441,1414
1453,1429
1429,1421
1436,1416
1433,1429
1448,1410
1431,1425
1430,1422
1430,1412
1419,1422
1414,1421
1439,1420
1434,1417
1426,1413
1419,1418
1414,1407
1429,1413
1409,1386
1423,1403
1415,1415
1403,1395
1430,1394
1434,1403
1416,1400
1407,1396
1379,1380
1403,1405
1413,1393
1387,1380
1394,1403
1413,1399
1404,1387
1413,1371
1392,1389
1397,1379
1404,1378
1394,1384
1388,1390
1389,1378
1380,1385
1406,1375
1384,1374
1379,1371
1376,1372
1403,1369
1378,1387
1371,1372
1378,1361
1362,1363
1379,1364
1372,1365
1383,1373
1378,1364
1362,1362
1356,1352
1369,1353
1372,1365
1366,1359
1355,1348
1363,1355
1358,1351
1355,1339
1340,1368
1358,1367
1348,1352
1359,1355
1345,1361
1361,1351
1359,1341
1350,1355
1336,1350
1351,1337
1333,1346
1324,1366
1337,1353
1351,1351
1344,1360
1346,1341
1341,1361
1338,1351
1343,1358
1347,1354
1319,1345
1344,1343
1334,1352
1355,1341
1340,1359
1354,1366
1333,1363
1326,1353
1336,1363
1337,1353
1351,1344
1338,1343
1360,1356
1350,1358
1332,1345
1347,1360
1344,1348
1332,1342
1343,1361
1335,1361
1355,1354
1330,1362
1353,1376
1361,1362
1334,1354
1356,1366
1332,1363
1366,1381
1349,1368
1356,1365
1352,1354
1353,1361
1369,1359
1353,1371
1340,1377
1360,1373
1335,1390
1351,1379
1357,1370
1355,1376
1375,1381
1362,1373
1363,1377
1359,1391
1373,1376
1376,1383
1371,1405
1378,1378
1390,1391
1389,1408
1374,1408
1381,1403
1390,1388
1406,1405
1390,1411
1387,1401
1395,1392
1380,1400
1383,1431
1395,1414
1384,1405
1407,1416
1417,1433
1390,1398
1403,1418
1411,1411
1406,1406
1391,1425
1410,1406
1407,1412
1417,1423
1417,1420
1403,1424
1401,1424
1438,1433
1422,1439
1400,1429
1427,1429
1443,1426
1432,1418
1446,1424
1419,1445
1431,1435
1417,1423
1429,1432
1415,1440
1439,1444
1423,1437
1424,1432
1432,1428
1432,1432
1430,1449
1436,1440
1452,1448
1456,1452
1458,1429
1425,1447
1442,1443
1441,1472
1454,1443
1453,1448
1442,1442
1439,1440
1433,1451
1452,1453
1453,1437
1433,1464
1451,1447
1458,1441
1453,1451
1438,1450
1448,1450
1444,1458
1455,1453
1462,1461
1461,1440
1444,1452
1449,1442
1452,1452
1465,1448
1462,1458
1454,1447
1462,1438
1468,1439
1454,1453
1462,1446
1449,1444
1455,1438
1442,1447
1436,1456
1455,1445
1457,1456
1456,1446
1451,1440
1469,1441
1442,1462
1452,1444
1456,1441
1448,1435
1469,1437
1456,1442
1457,1432
1444,1443
1451,1437
1439,1427
1435,1431
1462,1430
1448,1429
1435,1416
1427,1429
1428,1435
1456,1426
1454,1416
1451,1424
1447,1418
1441,1445
1442,1400
1438,1433
1422,1410
1422,1410
1434,1406
1430,1416
1420,1409
1420,1401
1434,1399
1437,1413
1433,1410
1437,1425
1424,1420
1415,1385
1426,1413
1424,1402
1412,1413
1407,1391
1417,1382
1407,1396
1421,1379
1406,1406
1406,1379
1396,1386
1377,1384
1398,1383
1392,1384
1395,1376
1397,1376
1390,1385
1385,1383
1382,1372
1365,1377
1378,1380
1373,1375
1387,1378
1385,1355
1377,1380
1359,1363
1374,1366
1376,1361
1377,1366
1376,1361
1362,1362
1368,1381
1369,1352
1363,1359
1370,1366
1369,1349
1348,1344
1369,1364
1360,1365
1358,1374
1353,1363
1336,1342
1358,1362
1353,1352
1355,1362
1351,1345
1357,1347
1341,1344
1357,1349
1358,1354
1341,1357
1355,1353
1349,1361
1352,1353
1351,1351
1325,1346
1326,1333
1332,1344
1355,1361
1340,1335
1356,1364
1342,1335
1340,1340
1348,1355
1336,1354
1333,1353
1350,1351
1326,1359
1347,1358
1339,1349
1337,1355
1341,1352
1330,1356
1334,1351
1329,1353
1330,1352
1350,1335
1344,1345
1337,1364
1332,1352
1345,1353
1337,1345
1330,1336
1356,1343
1334,1359
1346,1357
1353,1353
1340,1369
1342,1360
1356,1363
1359,1354
1346,1360
1358,1354
1357,1347
1365,1361
1364,1370
1358,1358
1332,1358
1359,1363
1354,1373
1344,1374
1359,1379
1358,1366
1363,1388
1343,1376
1358,1389
1379,1385
1371,1403
1380,1368
1366,1368
1352,1392
1378,1381
1366,1379
1372,1388
1375,1380
1371,1397
1375,1397
1401,1400
1391,1396
1391,1406
1363,1396
1364,1393
1383,1405
1383,1411
1400,1399
1403,1410
1396,1395
1381,1406
1402,1416
1392,1403
1384,1413
1400,1415
1416,1424
1405,1412
1414,1431
1402,1427
1419,1431
1411,1421
1406,1425
1410,1440
1415,1430
1413,1424
1415,1432
1436,1441
1420,1419
1431,1433
1413,1435
1434,1433
1424,1429
1454,1434
1450,1440
1431,1439
1439,1441
1441,1433
1424,1452
1446,1449
1445,1427
1436,1453
1451,1449
1416,1442
1450,1444
1444,1445
1433,1437
1443,1462
1452,1447
1447,1455
1463,1444
1463,1445
1467,1445
1458,1450
1457,1460
1432,1453
1454,1451
1455,1456
1458,1449
1461,1439
1451,1455
1470,1442
1456,1452
1460,1453
1457,1447
1456,1445
1469,1449
1445,1459
1460,1455
1444,1438
1473,1470
1472,1444
1462,1456
1453,1438
1480,1448
1455,1463
1452,1438
1473,1439
1462,1443
1447,1446
1448,1440
1467,1433
1461,1451
1460,1446
1466,1439
1455,1444
1461,1451
1457,1454
1467,1448
1472,1456
1455,1438
1457,1430
1446,1431
1468,1430
1458,1450
1432,1445
1448,1446
1454,1439
1435,1414
1448,1421
1447,1445
1448,1439
1462,1418
1440,1443
1448,1420
1439,1422
1439,1419
1432,1413
1439,1416
1440,1414
1452,1420
1443,1431
1425,1420
1422,1414
1443,1403
1431,1407
1411,1416
1435,1418
1445,1415
1444,1392
1443,1391
1428,1409
1426,1400
1428,1386
1425,1384
1411,1417
1410,1385
1402,1396
1405,1389
1402,1389
1430,1399
1410,1385
1409,1387
1409,1396
1403,1399
1379,1368
1403,1394
1407,1393
1418,1383
1406,1382
1381,1394
1386,1366
1396,1369
1385,1378
1383,1380
1387,1354
1391,1345
1360,1366
1378,1361
1374,1365
1365,1368
1369,1347
1338,1350
1369,1365
1378,1365
1366,1366
1382,1361
1378,1358
1359,1361
1357,1360
1345,1352
1375,1357
1365,1358
1345,1364
1346,1349
1363,1338
1352,1353
1355,1353
1363,1355
1341,1333
1352,1342
1359,1348
1356,1355
1351,1343
1357,1354
1335,1363
1331,1354
1333,1353
1335,1355
1349,1347
1345,1344
1334,1345
1337,1346
1331,1346
1353,1353
1345,1341
1330,1356
1336,1361
1334,1349
1319,1351
1326,1346
1329,1339
1329,1354
1346,1359
1333,1346
1337,1350
1328,1342
1322,1351
1327,1350
1341,1346
1333,1345
1338,1352
1323,1365
1349,1356
1325,1358
1340,1371
1361,1349
1352,1368
1331,1341
1339,1356
1353,1356
1346,1358
1359,1369
1360,1354
1354,1348
1343,1347
1353,1367
1333,1356
1334,1375
1352,1365
1352,1385
1328,1370
1357,1376
1349,1369
1353,1382
1354,1386
1372,1359
1359,1395
1375,1389
1334,1372
1351,1394
1352,1398
1370,1383
1367,1391
1358,1404
1351,1370
1348,1390
1374,1399
1389,1382
1374,1403
1382,1381
1376,1405
1387,1410
1376,1409
1387,1388
1367,1408
1383,1395
1397,1398
1392,1389
1403,1400
1386,1397
1407,1427
1397,1411
1399,1411
1419,1414
1408,1416
1421,1430
1407,1425
1440,1406
1405,1420
1413,1426
1414,1408
1400,1410
1429,1424
1419,1448
1418,1417
1415,1424
1400,1432
1426,1423
1412,1432
1437,1424
1441,1439
1446,1431
1446,1442
1431,1462
1430,1447
1432,1447
1439,1428
1425,1461
1426,1457
1440,1450
1453,1460
1447,1464
1443,1447
1444,1440
1449,1452
1459,1445
1444,1453
1444,1446
1440,1453
1431,1453
1435,1454
1456,1443
1457,1447
1458,1462
1452,1456
1466,1438
1474,1443
1472,1452
