ch1,ch2
1601,1654
1625,1673
1614,1687
1636,1665
1651,1695
1712,1709
1669,1690
1720,1727
1744,1717
1723,1745
1739,1751
1769,1762
1751,1776
1759,1766
1744,1773
1799,1763
1806,1813
1807,1749
1818,1793
1793,1768
1775,1764
1816,1751
1777,1781
1820,1754
1765,1729
1768,1718
1748,1712
1717,1699
1716,1690
1689,1663
1699,1670
1686,1653
1663,1625
1633,1620
1633,1591
1647,1554
1586,1565
1600,1518
1566,1539
1546,1527
1534,1504
1517,1478
1532,1475
1502,1439
1485,1441
1464,1440
1438,1410
1412,1438
1389,1433
1415,1437
1391,1421
1420,1407
1436,1420
1423,1403
1401,1421
1409,1439
1427,1428
1395,1429
1393,1430
1466,1471
1450,1466
1431,1478
1461,1494
1475,1480
1470,1547
1496,1529
1529,1548
1520,1574
1551,1583
1558,1569
1569,1604
1613,1634
1582,1648
1654,1645
1650,1660
1670,1691
1695,1701
1685,1714
1727,1760
1738,1722
1753,1723
1723,1765
1749,1768
1751,1773
1755,1745
1791,1799
1786,1803
1783,1781
1833,1768
1790,1780
1816,1786
1805,1773
1816,1792
1817,1781
1786,1766
1811,1731
1758,1726
1777,1731
1766,1677
1724,1715
1738,1684
1707,1672
1692,1640
1668,1640
1640,1596
1620,1610
1627,1580
1634,1552
1605,1544
1589,1535
1543,1488
1480,1535
1516,1474
1470,1467
1515,1439
1444,1443
1471,1481
1453,1477
1446,1449
1434,1427
1389,1430
1395,1397
1390,1418
1393,1413
1407,1413
1382,1392
1417,1420
1393,1432
1419,1437
1431,1454
1399,1436
1425,1450
1406,1470
1434,1471
1478,1492
1434,1512
1506,1521
1527,1528
1515,1574
1529,1566
1562,1608
1589,1608
1590,1614
1622,1651
1615,1658
1654,1686
1657,1671
1653,1714
1692,1693
1656,1728
1727,1733
1723,1746
1745,1782
1773,1787
1789,1771
1798,1779
1832,1785
1784,1777
1817,1779
1822,1782
1797,1777
1830,1775
1804,1768
1784,1761
1780,1772
1766,1739
1806,1722
1780,1721
1762,1726
1784,1673
1728,1688
1722,1687
1689,1647
1702,1633
1658,1641
1658,1596
1644,1607
1605,1598
1581,1556
1584,1531
1540,1548
1526,1496
1530,1482
1532,1491
1490,1461
1474,1453
1447,1428
1458,1406
1431,1429
1431,1425
1433,1430
1425,1418
1413,1413
1373,1425
1384,1395
1398,1429
1396,1446
1411,1427
1409,1403
1433,1437
1390,1447
1434,1443
1424,1441
1443,1433
1441,1483
1426,1486
1474,1496
1493,1513
1506,1517
1520,1543
1540,1558
1559,1596
1545,1589
1601,1662
1617,1656
1615,1665
1659,1665
1661,1685
1700,1706
1700,1733
1725,1738
1739,1738
1764,1769
1795,1780
1782,1789
1741,1778
1788,1801
1824,1825
1814,1784
1817,1774
1840,1779
1808,1773
1811,1802
1829,1787
1793,1783
1810,1763
1767,1767
1827,1756
1760,1738
1775,1758
1762,1709
1719,1674
1727,1706
1717,1647
1717,1657
1658,1622
1636,1618
1654,1564
1637,1566
1597,1556
1572,1537
1542,1536
1524,1499
1519,1497
1488,1469
1463,1454
1441,1488
1476,1441
1462,1423
1413,1428
1414,1376
1394,1400
1386,1400
1366,1411
1424,1407
1402,1414
1381,1407
1398,1418
1396,1433
1365,1421
1417,1406
1424,1467
1413,1441
1394,1428
1444,1493
1489,1505
1454,1509
1472,1552
1486,1530
1502,1568
1514,1581
1525,1575
1522,1606
1613,1613
1603,1672
1647,1641
1611,1671
1678,1680
1685,1690
1690,1721
1700,1734
1725,1750
1764,1767
1759,1779
1809,1765
1775,1812
1809,1782
1780,1815
1813,1779
1800,1764
1822,1751
1813,1808
1831,1781
1835,1753
1853,1787
1826,1807
1793,1770
1800,1737
1804,1702
1782,1695
1761,1712
1736,1703
1714,1709
1720,1620
1683,1645
1656,1623
1673,1592
1630,1623
1606,1595
1563,1540
1575,1504
1565,1522
1531,1512
1544,1472
1539,1479
1436,1445
1469,1451
1416,1459
1426,1418
1419,1442
1386,1419
1410,1393
1427,1394
1356,1395
1408,1410
1369,1418
1370,1405
1409,1387
1400,1431
1422,1429
1398,1437
1384,1377
1416,1481
1452,1472
1424,1501
1423,1509
1464,1465
1471,1522
1490,1516
1542,1523
1495,1570
1546,1584
1563,1596
1583,1603
1601,1660
1580,1621
1646,1673
1665,1693
1695,1725
1723,1730
1670,1757
1729,1776
1775,1786
1752,1764
1788,1811
1779,1813
1813,1816
1810,1807
1799,1793
1756,1772
1830,1822
1804,1767
1807,1764
1801,1783
1814,1781
1786,1769
1821,1793
1772,1726
1778,1724
1759,1716
1743,1691
1764,1678
1759,1671
1683,1663
1722,1626
1644,1635
1646,1619
1616,1599
1622,1558
1609,1580
1579,1537
1595,1506
1507,1510
1538,1481
1492,1460
1498,1447
1499,1473
1438,1440
1433,1412
1429,1423
1419,1402
1382,1436
1391,1403
1402,1426
1405,1416
1399,1391
1352,1405
1367,1424
1403,1388
1389,1434
1365,1406
1402,1405
1381,1456
1440,1441
1453,1459
1462,1490
1477,1532
1431,1561
1464,1533
1547,1557
1546,1562
1568,1599
1580,1631
1582,1649
1645,1616
1648,1666
1630,1667
1689,1699
1705,1698
1724,1724
1712,1731
1748,1768
1750,1734
1745,1765
1766,1797
1796,1750
1833,1810
1800,1799
1856,1800
1831,1821
1847,1780
1843,1799
1798,1771
1823,1779
1799,1793
1803,1787
1801,1761
1783,1728
1789,1749
1755,1743
1760,1686
1696,1685
1732,1648
1681,1680
1703,1649
1652,1622
1660,1614
1626,1576
1589,1556
1588,1535
1583,1520
1570,1545
1543,1522
1508,1485
1493,1457
1474,1438
1452,1451
1435,1429
1437,1431
1433,1411
1439,1393
1417,1412
1376,1383
1349,1406
1390,1378
1362,1397
1378,1388
1371,1379
1387,1400
1404,1457
1364,1430
1416,1447
1389,1408
1387,1468
1425,1456
1430,1495
1472,1492
1511,1511
1518,1536
1486,1572
1529,1572
1536,1621
1588,1629
1604,1621
1630,1649
1650,1681
1633,1705
1669,1693
1672,1686
1718,1741
1717,1741
1757,1737
1724,1781
1783,1789
1818,1801
1800,1799
1808,1781
1828,1809
1813,1811
1787,1781
1860,1815
1826,1788
1827,1808
1788,1768
1832,1792
1837,1772
1822,1793
1788,1753
1788,1715
1788,1720
1764,1690
1722,1674
1647,1640
1706,1634
1637,1634
1648,1630
1621,1585
1594,1542
1624,1578
1546,1555
1532,1506
1529,1492
1487,1481
1490,1456
1500,1440
1459,1442
1446,1419
1426,1451
1445,1422
1391,1417
1403,1389
1390,1388
1368,1381
1363,1386
1356,1358
1388,1400
1385,1386
1376,1398
1383,1402
1369,1416
1377,1429
1423,1484
1410,1448
1451,1455
1418,1476
1442,1517
1469,1534
1491,1533
1473,1566
1549,1568
1580,1588
1560,1596
1565,1642
1604,1638
1637,1681
1667,1703
1636,1659
1692,1715
1716,1721
1716,1728
1742,1759
1769,1799
1771,1757
1794,1783
1778,1797
1780,1790
1835,1815
1799,1818
1821,1844
1806,1796
1831,1819
1818,1759
1820,1802
1839,1763
1826,1782
1781,1758
1776,1744
1790,1722
1789,1741
1765,1690
1747,1682
1709,1693
1670,1643
1713,1640
1631,1648
1657,1601
1610,1566
1569,1583
1588,1549
1576,1536
1541,1488
1504,1498
1469,1481
1460,1442
1437,1454
1402,1454
1436,1391
1413,1422
1398,1387
1399,1399
1408,1371
1371,1365
1366,1404
1397,1392
1386,1368
1397,1403
1386,1415
1394,1420
1384,1426
1412,1426
1388,1454
1415,1413
1412,1457
1418,1490
1424,1509
1493,1536
1506,1552
1504,1530
1552,1558
1552,1580
1584,1625
1609,1667
1606,1653
1628,1694
1661,1671
1659,1683
1670,1703
1719,1736
1736,1739
1760,1743
1743,1754
1789,1785
1801,1781
1802,1805
1797,1814
1816,1812
1824,1795
1820,1809
1849,1780
1819,1805
1801,1784
1824,1793
1802,1766
1843,1769
1784,1752
1794,1733
1776,1732
1793,1728
1761,1717
1718,1687
1748,1671
1659,1669
1640,1610
1638,1582
1636,1607
1631,1569
1587,1580
1552,1553
1556,1562
1505,1499
1530,1474
1507,1475
1488,1472
1467,1425
1391,1446
1442,1412
1415,1413
1413,1413
1393,1388
1398,1376
1386,1411
1380,1381
1395,1376
1366,1394
1358,1409
1386,1397
1376,1406
1414,1454
1399,1453
1428,1476
1414,1477
1424,1473
1436,1486
1468,1519
1499,1531
1488,1573
1516,1552
1521,1613
1538,1582
1598,1615
1583,1646
1604,1642
1627,1695
1665,1685
1658,1699
1696,1726
1724,1738
1723,1770
1761,1754
1723,1793
1768,1783
1817,1749
1777,1836
1805,1809
1788,1808
1856,1825
1837,1820
1858,1800
1857,1792
1838,1781
1818,1789
1829,1801
1812,1778
1791,1739
1814,1743
1818,1705
1762,1737
1735,1725
1728,1687
1712,1669
1685,1626
1664,1635
1677,1620
1637,1593
1617,1565
1586,1539
1588,1528
1564,1496
1510,1511
1560,1467
1467,1477
1475,1435
1454,1456
1402,1431
1405,1375
1408,1422
1389,1384
1389,1431
1398,1419
1366,1390
1402,1393
1358,1390
1370,1422
1346,1375
1380,1389
1385,1429
1414,1423
1431,1427
1389,1442
1424,1466
1447,1521
1473,1475
1456,1513
1478,1520
1495,1537
1516,1554
1529,1580
1539,1601
1591,1654
1594,1653
1653,1658
1623,1678
1641,1713
1705,1706
1724,1736
1717,1738
1713,1736
1721,1748
1786,1777
1779,1788
1797,1772
1819,1820
1813,1801
1799,1821
1820,1805
1835,1817
1819,1844
1832,1791
1799,1800
1831,1791
1799,1779
1796,1748
1768,1776
1785,1746
1784,1723
1771,1690
1750,1693
1709,1657
1675,1636
1686,1686
1687,1619
1632,1615
1632,1566
1559,1572
1597,1547
1573,1516
1543,1500
1523,1503
1483,1463
1514,1498
1433,1445
1464,1393
1457,1427
1434,1441
1411,1400
1395,1439
1375,1418
1399,1402
1394,1368
1349,1402
1362,1391
1372,1398
1400,1417
1389,1396
1405,1406
1354,1438
1367,1422
1399,1450
1433,1455
1444,1483
1454,1506
1466,1554
1491,1524
1507,1552
1479,1562
1568,1611
1563,1628
1583,1635
1632,1664
1671,1648
1635,1668
1705,1724
1683,1711
1724,1738
1756,1720
1750,1760
1777,1776
1791,1753
1798,1794
1800,1797
1854,1818
1802,1793
1823,1845
1814,1802
1843,1815
1808,1815
1852,1785
1835,1766
1831,1753
1799,1775
1814,1781
1805,1762
1798,1732
1775,1692
1746,1705
1743,1638
1724,1672
1684,1648
1655,1632
1675,1633
1632,1579
1599,1577
1612,1533
1558,1572
1528,1486
1530,1523
1538,1487
1479,1447
1474,1453
1453,1434
1426,1457
1411,1403
1395,1393
1398,1407
1363,1410
1391,1388
1420,1393
1366,1386
1379,1403
1423,1420
1376,1384
1353,1427
1388,1449
1370,1423
1392,1429
1441,1460
1444,1458
1430,1478
1456,1518
1463,1537
1499,1541
1499,1540
1533,1560
1534,1606
1561,1599
1595,1629
1609,1653
1672,1673
1627,1680
1689,1705
1705,1696
1684,1734
1713,1740
1724,1752
1754,1775
1757,1802
1779,1800
1820,1808
1801,1788
1804,1778
1820,1804
1837,1812
1823,1779
1815,1814
1809,1778
1830,1788
1811,1786
1852,1772
1798,1766
1820,1737
1779,1730
1757,1714
1726,1723
1694,1688
1689,1639
1691,1618
1693,1662
1678,1612
1658,1614
1644,1584
1612,1533
1561,1574
1582,1503
1560,1492
1537,1508
1490,1509
1471,1459
1473,1445
1422,1457
1443,1427
1418,1405
1399,1398
1403,1381
1388,1397
1382,1392
1357,1423
1366,1394
1349,1397
1375,1384
1374,1405
1361,1415
1395,1401
1398,1441
1397,1440
1398,1456
1434,1483
1466,1453
1475,1522
1491,1499
1511,1536
1489,1571
1564,1596
1538,1603
1568,1602
1582,1605
1593,1665
1654,1690
1638,1690
1661,1711
1687,1690
1665,1735
1712,1743
1759,1770
1791,1801
1793,1744
1823,1774
1793,1775
1819,1789
1808,1839
1801,1784
1847,1808
1862,1803
1854,1796
1835,1793
1792,1774
1782,1775
1816,1771
1814,1754
1775,1726
1762,1747
1743,1716
1714,1690
1771,1665
1681,1666
1669,1631
1669,1606
1675,1621
1621,1565
1619,1555
1589,1555
1579,1515
1551,1505
1526,1484
1496,1483
1500,1440
1470,1443
1433,1499
1459,1430
1403,1403
1382,1428
1378,1403
1408,1430
1379,1396
1378,1415
1357,1416
1386,1405
1388,1411
1392,1419
1356,1413
1393,1438
1382,1418
1436,1437
1400,1483
1391,1480
1450,1510
1461,1480
1488,1524
1487,1528
1520,1551
1565,1564
1545,1603
1578,1609
1612,1616
1590,1646
1628,1660
1650,1682
1656,1690
1697,1709
1680,1728
1711,1782
1711,1736
1723,1791
1750,1777
1801,1806
1762,1795
1822,1801
1806,1815
1838,1817
1858,1762
1811,1810
1856,1810
1828,1823
1807,1782
1823,1763
1822,1766
1820,1766
1799,1742
1756,1705
1789,1698
1758,1707
1716,1685
1719,1656
1734,1646
1669,1613
1649,1608
1653,1606
1625,1573
1638,1556
1566,1511
1541,1506
1514,1507
1490,1497
1472,1471
1515,1445
1487,1438
1435,1428
1441,1406
1408,1421
1412,1421
1410,1411
1389,1407
1367,1413
1378,1390
1357,1392
1396,1433
1412,1395
1330,1416
1393,1433
1410,1427
1417,1423
1400,1419
1415,1481
1428,1458
1454,1478
1495,1522
1492,1551
1478,1546
1502,1543
1551,1618
1510,1619
1594,1632
1586,1633
1618,1660
1641,1684
1664,1704
1704,1710
1697,1720
1751,1740
1732,1731
1740,1761
1774,1795
1790,1765
1745,1788
1827,1817
1810,1808
1815,1808
1791,1796
1830,1817
1841,1797
1818,1794
1856,1784
1826,1762
1802,1758
1802,1760
1846,1762
1774,1732
1736,1708
1756,1726
1712,1682
1689,1650
1716,1656
1632,1651
1626,1634
1629,1623
1626,1580
1599,1569
1572,1517
1560,1518
1528,1525
1522,1474
1514,1472
1476,1440
1466,1393
1451,1433
1457,1440
1406,1426
1387,1439
1421,1404
1378,1409
1385,1427
1367,1387
1373,1385
1382,1423
1395,1404
1385,1414
1370,1434
1372,1416
1411,1430
1384,1457
1428,1455
1457,1486
1445,1508
1481,1507
1451,1540
1514,1539
1515,1584
1560,1592
1574,1633
1587,1636
1600,1625
1607,1648
1659,1662
1630,1695
1637,1700
1709,1710
1694,1751
1692,1723
1756,1778
1742,1772
1787,1783
1785,1809
1768,1776
1777,1800
1819,1791
1798,1811
1819,1836
1813,1801
1829,1788
1772,1802
1817,1790
1836,1723
1795,1737
1790,1742
1789,1734
1784,1724
1762,1670
1741,1651
1735,1668
1691,1684
1690,1623
1672,1604
1608,1595
1620,1572
1584,1570
1560,1550
1579,1533
1562,1495
1516,1497
1532,1464
1483,1457
1448,1465
1460,1443
1462,1426
1451,1407
1391,1431
1402,1437
1433,1397
1393,1404
1404,1399
1353,1413
1382,1400
1411,1396
1384,1428
1428,1437
1386,1432
1378,1424
1403,1436
1410,1455
1420,1453
1452,1482
1447,1483
1476,1535
1493,1557
1518,1550
1497,1593
1518,1592
1573,1606
1570,1650
1620,1639
1643,1668
1671,1682
1667,1715
1676,1717
1681,1747
1735,1748
1736,1706
1767,1764
1747,1747
1792,1773
1782,1820
1834,1760
1816,1819
1792,1797
1778,1800
1861,1795
1795,1825
1822,1781
1790,1773
1801,1769
1823,1766
1808,1777
1770,1735
1738,1751
1738,1699
1749,1688
1698,1663
1696,1645
1707,1630
1651,1613
1664,1621
1641,1624
1582,1551
1558,1567
1579,1537
1529,1514
1517,1486
1492,1494
1491,1478
1479,1472
1434,1462
1452,1449
1438,1403
1454,1417
1399,1423
1422,1457
1427,1414
1392,1447
1429,1383
1363,1445
1391,1410
1405,1368
1382,1379
1409,1414
1401,1440
1386,1457
1447,1493
1401,1476
1439,1491
1483,1505
1431,1520
1520,1569
1516,1551
1522,1583
1529,1567
1576,1642
1581,1602
1571,1625
1633,1668
1634,1675
1682,1701
1647,1707
1693,1748
1690,1718
1735,1749
1718,1738
1775,1784
1748,1776
1782,1771
1786,1770
1823,1783
1776,1818
1817,1812
1809,1800
1799,1798
1790,1770
1836,1812
1810,1743
1793,1752
1795,1736
1768,1754
1733,1695
1718,1695
1747,1687
1747,1683
1732,1638
1654,1682
1639,1649
1636,1648
1655,1585
1647,1595
1584,1564
1604,1554
1547,1541
1577,1510
1547,1497
1466,1480
1501,1479
1438,1444
1448,1431
1467,1462
1432,1425
1458,1430
1402,1402
1359,1439
1364,1422
1371,1417
1404,1417
1424,1403
1404,1403
1424,1401
1377,1448
1402,1446
1400,1464
1423,1439
1412,1488
1418,1481
1450,1524
1462,1524
1471,1538
1541,1540
1513,1591
1560,1586
1569,1607
1530,1582
1628,1614
1615,1629
1642,1653
1653,1661
1687,1670
1693,1707
1719,1776
1748,1769
1715,1750
1762,1722
1774,1764
1810,1794
1748,1765
1758,1803
1771,1775
1798,1783
1808,1764
1809,1796
1780,1806
1780,1796
1799,1797
1793,1769
1779,1749
1743,1728
1761,1759
1761,1723
1770,1736
1739,1674
1724,1683
1745,1654
1691,1631
1670,1620
1663,1628
1623,1588
1627,1571
1539,1548
1566,1507
1559,1546
1529,1530
1512,1509
1481,1491
1475,1446
1451,1441
1445,1429
1443,1459
1384,1424
1424,1436
1440,1382
1424,1421
1409,1422
1347,1397
1408,1430
1374,1418
1386,1422
1381,1417
1408,1430
1409,1436
1406,1470
1439,1461
1434,1510
1440,1502
1460,1504
1503,1521
1526,1566
1495,1559
1525,1588
1551,1608
1583,1596
1573,1611
1623,1639
1623,1672
1657,1668
1674,1667
1652,1673
1684,1684
1741,1732
1743,1765
1756,1750
1799,1766
1772,1777
1742,1798
1787,1772
1763,1797
1850,1778
1823,1756
1816,1752
1801,1803
1797,1770
1800,1754
1786,1762
1802,1791
1779,1780
1791,1738
1746,1729
1737,1732
1736,1714
1719,1658
1728,1661
1714,1676
1656,1650
1634,1635
1643,1613
1626,1571
1635,1571
1568,1550
1580,1543
1515,1545
1523,1486
1518,1478
1485,1471
1464,1482
1452,1465
1477,1442
1464,1445
1414,1418
1435,1414
1426,1411
1387,1418
1412,1446
1407,1404
1390,1396
1424,1450
1403,1455
1397,1405
1401,1436
1405,1440
1440,1473
1393,1471
1446,1472
1428,1483
1467,1525
1456,1521
1500,1525
1525,1554
1532,1589
1560,1556
1550,1640
1559,1608
1616,1645
1623,1631
1611,1696
1662,1677
1672,1713
1710,1712
1715,1746
1745,1723
1749,1724
1739,1786
1773,1773
1750,1776
1778,1741
1823,1772
1809,1761
1803,1783
1805,1783
1812,1777
1773,1758
1809,1749
1789,1765
1760,1719
1766,1745
1804,1740
1805,1688
1760,1703
1726,1705
1695,1677
1714,1657
1668,1669
1683,1651
1668,1622
1646,1572
1633,1568
1594,1598
1563,1567
1556,1511
1504,1533
1549,1531
1510,1499
1495,1493
1454,1453
1471,1440
1452,1410
1454,1455
1419,1424
1424,1432
1424,1440
1431,1417
1435,1417
1406,1426
1373,1430
1404,1414
1412,1456
1385,1450
1398,1427
1407,1412
1400,1448
1459,1479
1445,1499
1478,1490
1451,1518
1499,1514
1484,1536
1495,1539
1517,1567
1551,1564
1553,1598
1573,1623
1587,1630
1629,1643
1642,1674
1655,1692
1659,1710
1657,1729
1730,1710
1757,1760
1744,1734
1738,1732
1731,1753
1799,1757
1774,1784
1752,1801
1808,1786
1796,1756
1780,1779
1795,1760
1776,1764
1802,1783
1794,1743
1784,1724
1759,1759
1769,1734
1735,1720
1726,1694
1737,1710
1716,1663
1714,1689
1697,1644
1659,1630
1668,1641
1667,1613
1616,1611
1629,1554
1582,1555
1589,1540
1570,1533
1574,1535
1521,1527
1509,1508
1483,1509
1484,1481
1452,1448
1438,1446
1412,1431
1457,1419
1438,1440
1427,1454
1411,1431
1384,1419
1397,1448
1435,1438
1400,1456
1389,1403
1411,1449
1443,1470
1399,1432
1440,1472
1441,1472
1479,1473
1439,1495
1545,1501
1479,1549
1509,1544
1535,1560
1554,1568
1544,1606
1611,1605
1611,1635
1599,1680
1617,1650
1641,1693
1680,1671
1721,1686
1717,1702
1704,1743
1705,1731
1733,1731
1752,1746
1778,1729
1742,1769
1788,1764
1772,1805
1803,1804
1787,1788
1773,1767
1715,1760
1789,1734
1784,1772
1788,1778
1765,1738
1782,1745
1760,1716
1725,1724
1732,1706
1740,1702
1730,1665
1676,1654
1662,1647
1654,1633
1630,1620
1626,1600
1611,1591
1617,1586
1589,1541
1583,1545
1546,1531
1517,1482
1510,1500
1523,1490
1503,1453
1476,1477
1451,1448
1436,1444
1461,1423
1451,1416
1430,1431
1408,1414
1409,1421
1409,1439
1403,1437
1397,1446
1428,1439
1409,1423
1406,1474
1468,1457
1466,1458
1442,1460
1445,1473
1468,1512
1477,1506
1447,1552
1495,1586
1525,1537
1524,1566
1555,1557
1552,1622
1588,1637
1596,1622
1657,1636
1641,1673
1674,1638
1661,1708
1685,1680
1695,1719
1703,1701
1741,1743
1734,1759
1733,1763
1751,1734
1756,1760
1776,1805
1782,1776
1783,1773
1796,1770
1788,1758
1841,1750
1808,1760
1758,1770
1793,1756
1786,1753
1739,1720
1741,1685
1742,1726
1755,1694
1716,1660
1703,1625
1686,1671
1690,1635
1681,1611
1667,1613
1654,1604
1612,1587
1594,1561
1566,1543
1534,1539
1562,1524
1518,1520
1497,1480
1484,1472
1483,1485
1460,1455
1460,1475
1457,1434
1457,1446
1457,1430
1427,1427
1435,1445
1418,1455
1422,1457
1405,1432
1441,1439
1417,1440
1437,1454
1425,1458
1415,1458
1463,1454
1447,1460
1488,1506
1464,1488
1503,1520
1518,1543
1522,1505
1532,1569
1523,1586
1567,1561
1598,1615
1589,1611
1593,1618
1582,1669
1634,1687
1649,1672
1659,1674
1687,1687
1694,1709
1733,1688
1714,1732
1736,1739
1771,1747
1754,1742
1718,1771
1785,1774
1792,1758
1770,1746
1756,1808
1806,1745
1801,1774
1823,1755
1801,1755
1804,1745
1766,1738
1796,1713
1791,1722
1766,1737
1721,1708
1704,1686
1709,1683
1709,1662
1701,1652
1683,1638
1647,1596
1579,1604
1615,1609
1598,1568
1615,1564
1553,1515
1565,1517
1523,1503
1567,1511
1502,1490
1483,1468
1466,1475
1473,1435
1468,1403
1434,1438
1457,1439
1418,1437
1425,1438
1425,1397
1444,1463
1449,1434
1399,1453
1423,1437
1390,1463
1418,1500
1417,1439
1437,1476
1495,1452
1437,1472
1479,1516
1462,1498
1511,1514
1474,1539
1535,1576
1559,1590
1562,1589
1530,1604
1600,1604
1612,1613
1550,1635
1642,1677
1634,1646
1649,1676
1634,1688
1697,1707
1715,1737
1728,1721
1722,1742
1708,1739
1760,1739
1744,1753
1774,1750
1772,1784
1761,1801
1774,1784
1794,1722
1783,1770
1785,1781
1746,1735
1784,1764
1758,1748
1777,1713
1765,1721
1762,1728
1768,1723
1731,1697
1713,1658
1708,1671
1650,1655
1685,1657
1641,1655
1632,1599
1640,1583
1589,1566
1610,1596
1558,1539
1568,1516
1584,1535
1523,1495
1514,1517
1531,1484
1484,1493
1466,1473
1487,1439
1478,1458
1503,1448
1458,1459
1438,1447
1448,1408
1410,1472
1436,1499
1433,1420
1425,1451
1385,1413
1443,1460
1441,1441
1450,1468
1441,1471
1453,1473
1448,1450
1470,1510
1473,1525
1489,1520
1499,1514
1536,1581
1550,1546
1544,1600
1562,1599
1555,1600
1586,1609
1592,1653
1633,1654
1641,1658
1652,1672
1700,1684
1689,1711
1675,1724
1677,1730
1736,1717
1727,1746
1749,1739
1740,1730
1755,1740
1780,1759
1771,1774
1767,1749
1759,1783
1775,1760
1758,1784
1779,1746
1750,1750
1755,1730
1749,1734
1733,1719
1737,1713
1756,1711
1715,1683
1746,1668
1705,1659
1648,1648
1685,1640
1670,1614
1676,1621
1602,1615
1612,1559
1579,1549
1584,1548
1589,1520
1558,1514
1512,1524
1537,1541
1475,1485
1487,1472
1507,1463
1474,1473
1432,1460
1466,1433
1450,1436
1447,1444
1402,1418
1407,1427
1432,1455
1410,1409
1431,1446
1432,1468
1457,1465
1413,1456
1413,1500
1470,1495
1438,1502
1473,1480
1472,1528
1496,1496
1486,1550
1497,1524
1517,1589
1469,1550
1509,1589
1574,1609
1574,1603
1607,1636
1590,1643
1611,1643
1619,1674
1629,1684
1669,1688
1665,1705
1672,1706
1734,1710
1711,1733
1732,1745
1752,1754
1750,1730
1750,1751
1781,1729
1728,1720
1779,1759
1758,1764
1753,1753
1777,1772
1769,1780
1761,1726
1775,1712
1733,1737
1785,1737
1738,1729
1759,1697
1737,1692
1751,1684
1714,1689
1744,1642
1659,1638
1638,1646
1647,1648
1636,1619
1604,1603
1611,1560
1595,1574
1574,1572
1537,1530
1575,1494
1536,1527
1520,1518
1531,1491
1499,1492
1496,1464
1455,1458
1462,1427
1436,1445
1423,1432
1444,1447
1422,1477
1439,1463
1437,1459
1418,1431
1417,1450
1425,1433
1412,1424
1431,1452
1444,1462
1474,1492
1459,1502
1440,1495
1484,1529
1491,1532
1521,1537
1508,1549
1500,1560
1522,1583
1553,1569
1557,1579
1575,1604
1605,1613
1658,1653
1636,1626
1630,1648
1660,1664
1689,1680
1656,1699
1701,1697
1655,1717
1737,1714
1689,1723
1743,1734
1743,1718
1764,1737
1761,1724
1776,1761
1748,1790
1818,1764
1761,1753
1782,1737
1758,1760
1775,1779
1767,1724
1767,1715
1715,1722
1746,1707
1714,1717
1732,1694
1673,1655
1718,1636
1696,1660
1711,1648
1668,1643
1635,1614
1639,1600
1611,1590
1613,1583
1600,1553
1567,1575
1549,1537
1561,1520
1514,1530
1542,1484
1514,1498
1509,1470
1480,1463
1461,1479
1482,1462
1435,1477
1442,1474
1464,1461
1418,1457
1420,1428
1458,1428
1453,1437
1441,1438
1403,1453
1402,1472
1426,1466
1418,1471
1436,1436
1460,1482
1501,1504
1441,1500
1476,1494
1480,1519
1521,1549
1502,1563
1529,1576
1561,1554
1595,1596
1599,1606
1571,1618
1570,1637
1601,1624
1702,1689
1618,1642
1653,1669
1675,1677
1660,1702
1694,1709
1695,1723
1724,1742
1736,1712
1743,1756
1743,1740
1732,1732
1783,1733
1766,1753
1761,1747
1767,1746
1781,1749
1796,1744
1768,1716
1762,1725
1796,1728
1753,1741
1761,1715
1739,1684
1732,1706
1725,1645
1714,1688
1730,1633
1702,1661
1662,1618
1650,1604
1624,1589
1638,1608
1624,1588
1558,1557
1614,1525
1563,1544
1532,1525
1544,1527
1480,1513
1536,1510
1499,1461
1494,1506
1461,1479
1484,1420
1455,1471
1436,1432
1434,1434
1416,1470
1441,1435
1450,1430
1409,1457
1449,1444
1425,1425
1447,1449
1433,1469
1415,1478
1457,1486
1409,1494
1448,1478
1463,1510
1475,1505
1461,1517
1492,1561
1521,1545
1530,1555
1543,1571
1543,1589
1554,1576
1568,1620
1615,1616
1616,1629
1632,1656
1610,1643
1620,1664
1654,1707
1663,1724
1669,1666
1702,1705
1699,1708
1739,1716
1750,1740
1753,1716
1750,1763
1748,1718
1758,1751
1795,1736
1790,1763
1782,1745
1779,1765
1790,1716
1758,1748
1764,1738
1761,1762
1762,1722
1757,1716
1719,1711
1743,1691
1691,1716
1714,1696
1682,1640
1697,1635
1643,1650
1670,1627
1603,1616
1619,1593
1604,1592
1617,1577
1627,1590
1540,1517
1579,1561
1580,1540
1524,1515
1509,1500
1485,1483
1477,1455
1471,1502
1467,1482
1482,1513
1456,1485
1450,1443
1407,1466
1434,1442
1396,1446
1421,1451
1412,1446
1409,1451
1448,1447
1425,1467
1434,1488
1436,1456
1451,1478
1440,1520
1446,1502
1497,1528
1472,1501
1488,1517
1486,1531
1491,1576
1568,1569
1531,1532
1580,1582
1569,1604
1592,1616
1571,1604
1639,1653
1638,1667
1618,1678
1620,1667
1669,1681
1668,1701
1675,1698
1691,1731
1722,1718
1699,1718
1722,1770
1730,1735
1754,1736
1748,1750
1766,1780
1789,1771
1752,1770
1748,1738
1786,1720
1770,1767
1758,1756
1772,1748
1776,1714
1739,1716
1710,1726
1738,1739
1726,1690
1703,1708
1690,1685
1704,1663
1679,1646
1653,1621
1659,1615
1611,1604
1655,1594
1635,1578
1607,1572
1609,1570
1579,1548
1498,1505
1537,1511
1510,1462
1493,1538
1522,1501
1514,1496
1499,1489
1497,1452
1466,1452
1443,1458
1485,1469
1467,1428
1452,1443
1459,1464
1440,1446
1442,1433
1440,1440
1410,1448
1450,1445
1442,1455
1449,1476
1474,1483
1455,1491
1474,1488
1453,1497
1467,1525
1482,1534
1532,1544
1533,1556
1538,1550
1567,1531
1570,1570
1535,1608
1569,1638
1604,1625
1593,1636
1626,1648
1655,1666
1685,1623
1677,1715
1664,1734
1687,1691
1713,1700
1729,1738
1733,1722
1736,1730
1749,1750
1744,1743
1759,1766
1731,1742
1772,1748
1741,1760
1790,1753
1768,1715
1781,1759
1748,1726
1753,1747
1701,1733
1745,1725
1767,1741
1704,1689
1709,1704
1744,1710
1698,1669
1688,1674
1695,1679
1681,1649
1672,1600
1645,1600
1645,1577
1618,1593
1619,1568
1625,1539
1559,1519
1562,1528
1540,1543
1509,1483
1536,1503
1511,1517
1511,1495
1481,1485
1504,1476
1449,1444
1455,1468
1455,1453
1446,1430
1473,1442
1426,1450
1439,1458
1424,1446
1424,1474
1465,1419
1408,1430
1477,1476
1441,1498
1427,1457
1440,1482
1474,1469
1455,1515
1499,1476
1478,1533
1456,1531
1486,1507
1538,1547
1527,1576
1566,1595
1582,1589
1578,1633
1601,1603
1614,1622
1616,1642
1666,1641
1643,1649
1639,1668
1715,1693
1612,1707
1704,1702
1675,1699
1729,1719
1723,1735
1747,1766
1707,1740
1725,1773
1739,1733
1770,1754
1742,1740
1748,1748
1798,1780
1756,1736
1749,1733
1751,1757
1762,1755
1761,1742
1756,1742
1799,1717
1730,1686
1769,1671
1714,1644
1695,1680
1732,1667
1712,1667
1651,1634
1679,1638
1632,1593
1656,1613
1630,1602
1623,1587
1598,1546
1562,1561
1553,1553
1535,1488
1545,1547
1518,1528
1486,1491
1506,1500
1506,1448
1459,1487
1437,1456
1448,1459
1447,1484
1464,1436
1445,1454
1425,1426
1454,1446
1424,1440
1449,1473
1442,1462
1451,1428
1453,1465
1448,1471
1465,1469
1492,1481
1430,1509
1487,1476
1467,1502
1469,1531
1460,1543
1490,1537
1516,1536
1568,1579
1580,1594
1537,1594
1567,1586
1579,1620
1562,1594
1624,1664
1599,1645
1624,1659
1645,1677
1677,1711
1686,1676
1662,1690
1693,1705
1710,1739
1727,1739
1748,1748
1748,1745
1735,1772
1733,1743
1778,1763
1762,1777
1764,1743
1763,1732
1753,1763
1733,1753
1779,1740
1754,1724
1749,1739
1744,1729
1754,1735
1758,1707
1743,1713
1724,1708
1727,1682
1726,1644
1684,1659
1659,1646
1695,1609
1662,1611
1656,1617
1657,1589
1593,1575
1617,1575
1590,1586
1599,1545
1521,1566
1514,1498
1541,1522
1475,1505
1536,1509
1501,1484
1447,1448
1493,1470
1484,1459
1441,1466
1461,1454
1428,1432
1382,1424
1443,1451
1428,1478
1425,1428
1451,1446
1454,1474
1466,1464
1406,1478
1462,1485
1408,1480
1467,1477
1453,1485
1426,1507
1450,1503
1488,1497
1472,1556
1533,1568
1535,1549
1516,1566
1523,1563
1553,1602
1586,1604
1618,1611
1607,1627
1591,1647
1621,1625
1632,1670
1666,1676
1691,1655
1690,1657
1693,1721
1698,1711
1725,1729
1710,1733
1703,1724
1756,1725
1751,1716
1768,1759
1757,1763
1757,1782
1752,1751
1784,1767
1764,1786
1781,1748
1774,1747
1793,1766
1788,1724
1783,1724
1749,1721
1765,1713
1750,1706
1712,1711
1735,1683
1717,1688
1709,1653
1683,1659
1696,1642
1628,1614
1642,1640
1625,1620
1597,1565
1590,1571
1582,1542
1562,1528
1581,1556
1562,1546
1533,1517
1509,1515
1488,1530
1512,1475
1502,1479
1454,1450
1474,1445
1470,1444
1444,1455
1464,1438
1442,1460
1464,1440
1411,1461
1400,1443
1431,1428
1418,1456
1476,1462
1456,1448
1441,1460
1486,1447
1426,1480
1458,1482
1449,1464
1443,1472
1437,1502
1496,1492
1520,1523
1508,1514
1506,1585
1519,1592
1559,1606
1541,1602
1581,1620
1555,1627
1595,1652
1607,1636
1659,1658
1621,1698
1656,1637
1668,1683
1673,1709
1674,1703
1728,1701
1709,1732
1737,1760
1740,1759
1755,1734
1775,1737
1784,1745
1770,1767
1781,1743
1789,1738
1713,1727
1782,1756
1778,1747
1755,1776
1824,1751
1737,1715
1743,1723
1748,1717
1761,1707
1756,1700
1731,1689
1710,1691
1733,1675
1712,1650
1720,1630
1697,1645
1679,1635
1645,1594
1639,1584
1617,1577
1564,1577
1591,1580
1583,1567
1568,1554
1522,1530
1556,1515
1534,1481
1474,1488
1488,1479
1464,1491
1494,1457
1492,1479
1452,1462
1458,1421
1452,1447
1478,1401
1428,1456
1413,1428
1407,1409
1372,1447
1413,1442
1385,1452
1480,1464
1404,1415
1438,1455
1440,1493
1447,1518
1427,1483
1449,1506
1451,1485
1469,1506
1465,1525
1497,1531
1493,1563
1543,1577
1573,1583
1561,1576
1552,1589
1563,1599
1563,1638
1637,1661
1628,1622
1648,1689
1635,1648
1669,1677
1684,1708
1698,1704
1693,1704
1718,1733
1730,1755
1745,1731
1742,1751
1775,1750
1728,1762
1755,1730
1756,1789
1794,1721
1779,1753
1773,1775
1786,1733
1770,1729
1776,1731
1763,1750
1786,1733
1752,1728
1771,1740
1754,1709
1722,1714
1768,1721
1714,1657
1727,1678
1695,1657
1668,1640
1671,1644
1645,1624
1653,1617
1624,1596
1585,1574
1592,1589
1570,1558
1587,1573
1582,1537
1524,1538
1538,1499
1509,1515
1486,1505
1466,1487
1473,1477
1480,1465
1464,1439
1426,1439
1437,1473
1429,1453
1412,1454
1412,1422
1410,1430
1424,1423
1432,1451
1421,1449
1434,1455
1391,1438
1399,1459
1425,1425
1406,1445
1420,1485
1446,1497
1454,1502
1466,1524
1470,1522
1510,1538
1505,1515
1520,1576
1523,1542
1526,1599
1558,1569
1557,1594
1568,1622
1585,1636
1592,1635
1664,1648
1647,1675
1661,1673
1649,1688
1686,1698
1685,1728
1689,1726
1741,1743
1724,1732
1741,1752
1749,1752
1766,1742
1791,1777
1778,1742
1760,1759
1798,1769
1784,1784
1805,1781
1802,1753
1772,1783
1791,1761
1778,1731
1791,1746
1783,1722
1746,1726
1730,1715
1750,1707
1735,1706
1744,1705
1737,1649
1712,1635
1677,1651
1703,1631
1676,1635
1686,1589
1613,1579
1632,1608
1617,1565
1605,1568
1556,1551
1558,1518
1552,1532
1545,1510
1495,1506
1519,1482
1503,1465
1493,1464
1448,1469
1429,1445
1425,1473
1458,1479
1422,1441
1428,1429
1455,1431
1392,1410
1426,1418
1410,1452
1405,1433
1373,1447
1434,1447
1426,1442
1403,1467
1412,1450
1423,1459
1421,1487
1453,1461
1480,1499
1452,1509
1484,1540
1444,1518
1500,1550
1494,1559
1504,1572
1523,1590
1548,1595
1563,1618
1572,1598
1590,1608
1620,1667
1605,1645
1643,1685
1687,1679
1681,1671
1666,1746
1656,1705
1727,1719
1717,1691
1738,1754
1775,1748
1771,1773
1757,1797
1757,1728
1763,1787
1799,1793
1783,1720
1822,1749
1769,1782
1793,1759
1800,1772
1742,1759
1777,1749
1766,1746
1792,1713
1776,1716
1771,1709
1725,1695
1737,1722
1737,1707
1747,1672
1733,1653
1701,1643
1649,1651
1658,1595
1649,1610
1641,1609
1629,1600
1611,1570
1560,1521
1563,1541
1570,1569
1559,1514
1556,1498
1544,1501
1526,1502
1488,1483
1478,1463
1475,1454
1452,1463
1473,1475
1453,1409
1422,1429
1443,1469
1404,1446
1445,1427
1448,1438
1418,1438
1425,1456
1384,1439
1453,1420
1405,1437
1422,1455
1420,1449
1441,1419
1436,1473
1464,1487
1436,1512
1466,1486
1477,1496
1473,1532
1513,1539
1473,1521
1512,1551
1514,1556
1562,1591
1548,1588
1579,1612
1623,1635
1623,1655
1647,1630
1633,1683
1632,1712
1651,1711
1680,1700
1703,1685
1711,1741
1725,1743
1725,1777
1723,1724
1745,1760
1740,1761
1790,1767
1773,1776
1758,1786
1797,1765
1820,1756
1795,1774
1794,1796
1796,1766
1780,1769
1826,1762
1762,1766
1767,1707
1771,1736
1740,1731
1749,1714
1773,1715
1764,1712
1695,1693
1739,1652
1703,1677
1669,1664
1668,1632
1726,1616
1643,1614
1659,1608
1612,1594
1632,1613
1577,1586
1573,1510
1581,1524
1535,1535
1524,1506
1525,1482
1494,1501
1465,1471
1504,1464
1464,1472
1458,1495
1443,1457
1427,1425
1434,1441
1411,1457
1423,1402
1395,1432
1388,1456
1415,1429
1442,1392
1384,1441
1415,1433
1380,1471
1405,1445
1419,1457
1425,1468
1420,1474
1448,1493
1457,1474
1494,1533
1480,1502
1521,1510
1495,1519
1531,1546
1497,1585
1532,1557
1563,1573
1557,1611
1575,1616
1580,1616
1599,1648
1642,1665
1622,1650
1634,1698
1659,1680
1693,1706
1695,1704
1717,1718
1705,1763
1696,1743
1777,1755
1760,1771
1770,1747
1779,1780
1731,1777
1776,1797
1757,1788
1776,1761
1793,1785
1805,1770
1799,1762
1810,1773
1749,1763
1771,1742
1764,1749
1782,1735
1755,1745
1783,1694
1758,1718
1737,1697
1721,1703
1728,1714
1718,1678
1688,1657
1676,1624
1664,1635
1676,1605
1645,1588
1591,1573
1611,1590
1633,1543
1567,1545
1605,1514
1535,1492
1529,1503
1510,1504
1534,1465
1550,1493
1473,1480
1454,1477
1446,1433
1428,1445
1444,1462
1420,1437
1431,1425
1430,1435
1422,1388
1428,1412
1397,1390
1403,1451
1410,1408
1382,1442
1400,1415
1431,1436
1430,1399
1420,1441
1422,1456
1445,1459
1478,1470
1479,1463
1473,1506
1483,1512
1488,1534
1498,1561
1538,1561
1503,1560
1542,1584
1526,1578
1542,1607
1615,1606
1604,1638
1624,1663
1618,1651
1651,1670
1666,1680
1689,1705
1687,1700
1664,1739
1716,1737
1743,1770
1701,1728
1753,1754
1771,1766
1782,1767
1773,1788
1805,1805
1802,1769
1794,1749
1825,1768
1801,1781
1796,1787
1787,1761
1764,1768
1785,1786
1807,1783
1780,1753
1769,1744
1751,1721
1777,1691
1728,1726
1725,1711
1809,1691
1700,1683
1711,1679
1710,1662
1669,1641
1649,1591
1677,1625
1656,1550
1627,1590
1646,1573
1611,1546
1610,1548
1547,1521
1555,1499
1545,1512
1506,1503
1485,1484
1533,1461
1471,1456
1487,1456
1474,1485
1477,1451
1418,1417
1387,1431
1404,1428
1403,1411
1363,1426
1373,1432
1406,1416
1405,1416
1397,1421
1387,1402
1426,1409
1396,1404
1420,1423
1432,1454
1411,1460
1418,1501
1453,1478
1463,1469
1474,1503
1451,1521
1471,1504
1488,1550
1492,1561
1517,1586
1502,1580
1557,1593
1564,1583
1576,1609
1603,1623
1598,1663
1631,1634
1638,1663
1654,1729
1685,1666
1715,1722
1710,1692
1706,1697
1739,1754
1724,1782
1775,1769
1770,1760
1795,1806
1760,1767
1781,1794
1788,1771
1787,1799
1763,1789
1812,1777
1795,1779
1797,1800
1818,1779
1783,1794
1797,1749
1777,1751
1800,1780
1772,1774
1787,1735
1767,1741
1723,1723
1747,1690
1724,1720
1770,1638
1716,1652
1681,1634
1666,1651
1667,1592
1628,1601
1655,1605
1611,1598
1576,1547
1575,1544
1571,1499
1521,1517
1523,1516
1537,1509
1506,1495
1494,1479
1468,1445
1468,1430
1430,1430
1442,1451
1467,1431
1434,1400
1405,1400
1401,1394
1407,1422
1398,1405
1386,1411
1399,1398
1396,1398
1396,1417
1395,1396
1416,1421
1379,1434
1393,1413
1413,1445
1446,1461
1466,1473
1432,1476
1466,1495
1445,1500
1477,1510
1493,1514
1537,1523
1495,1565
1521,1596
1563,1548
1545,1605
1556,1632
1590,1632
1592,1646
1628,1637
1657,1653
1644,1689
1698,1715
1692,1687
1688,1693
1712,1741
1721,1759
1721,1737
1733,1776
1764,1773
1766,1786
1771,1769
1760,1806
1809,1753
1791,1822
1821,1781
1788,1789
1820,1790
1810,1784
1792,1794
1783,1784
1776,1785
1788,1782
1803,1753
1805,1761
1735,1764
1800,1717
1743,1749
1734,1718
1750,1713
1729,1672
1725,1665
1698,1694
1681,1648
1676,1623
1672,1609
1665,1603
1559,1569
1611,1565
1584,1565
1595,1536
1564,1511
1544,1506
1507,1503
1536,1462
1511,1470
1477,1486
1485,1455
1461,1413
1442,1437
1442,1433
1428,1428
1436,1403
1405,1416
1387,1439
1418,1408
1366,1427
1421,1418
1387,1414
1384,1435
1378,1417
1399,1407
1384,1448
1426,1422
1403,1432
1417,1451
1394,1430
1436,1452
1421,1522
1389,1505
1459,1502
1455,1522
1477,1520
1525,1554
1493,1565
1520,1601
1542,1582
1534,1612
1552,1627
1608,1670
1588,1626
1639,1692
1619,1675
1636,1696
1667,1708
1687,1700
1696,1742
1753,1732
1718,1739
1720,1756
1764,1731
1762,1779
1781,1751
1794,1802
1796,1781
1759,1787
1802,1779
1777,1803
1797,1806
1833,1787
1846,1766
1804,1753
1842,1779
1796,1761
1778,1784
1803,1759
1785,1753
1775,1760
1747,1735
1756,1714
1785,1718
1784,1680
1765,1684
1713,1644
1709,1668
1666,1675
1700,1641
1675,1610
1632,1628
1608,1629
1609,1545
1588,1545
1567,1548
1557,1525
1545,1520
1510,1499
1512,1486
1494,1475
1481,1445
1461,1455
1445,1440
1443,1466
1412,1399
1444,1429
1422,1419
1384,1470
1354,1397
1415,1402
1401,1421
1367,1412
1364,1404
1380,1386
1368,1391
1376,1393
1401,1387
1365,1432
1419,1441
1397,1468
1436,1490
1435,1438
1402,1474
1427,1501
1434,1479
1490,1509
1484,1542
1509,1558
1497,1534
1495,1558
1530,1604
1563,1600
1569,1632
1590,1612
1607,1617
1607,1667
1675,1650
1638,1688
1645,1703
1669,1727
1706,1716
1724,1735
1712,1750
1753,1763
1765,1768
1745,1780
1801,1771
1780,1805
1801,1778
1814,1798
1805,1802
1820,1800
1830,1787
1813,1817
1856,1796
1813,1794
1799,1786
1796,1768
1765,1806
1814,1800
1824,1782
1801,1734
1803,1761
1774,1746
1758,1720
1749,1699
1741,1691
1713,1666
1724,1636
1706,1616
1667,1647
1659,1601
1638,1608
1644,1616
1636,1556
1595,1524
1543,1552
1563,1532
1554,1498
1526,1495
1545,1482
1483,1460
1488,1460
1485,1471
1462,1426
1437,1439
1431,1428
1444,1415
1424,1417
1378,1432
1406,1385
1416,1411
1401,1387
1392,1374
1356,1397
1377,1407
1380,1414
1368,1411
1398,1385
1421,1444
1389,1428
1399,1438
1386,1450
1417,1453
1435,1470
1422,1451
1419,1532
1438,1493
1452,1506
1491,1525
1476,1540
1509,1563
1522,1550
1521,1566
1539,1605
1575,1644
1616,1617
1622,1639
1635,1684
1629,1691
1684,1698
1689,1729
1662,1712
1721,1751
1729,1740
1750,1756
1758,1766
1759,1764
1772,1789
1780,1767
1796,1774
1798,1783
1774,1807
1806,1786
1819,1833
1825,1806
1801,1808
1860,1790
1822,1810
1848,1792
1818,1772
1801,1785
1783,1761
1819,1759
1787,1751
1755,1719
1788,1725
1731,1715
1730,1736
1738,1678
1739,1638
1704,1666
1664,1635
1657,1617
1626,1615
1614,1612
1618,1541
1582,1570
1589,1541
1549,1547
1524,1504
1540,1542
1496,1479
1488,1479
1487,1427
1476,1455
1484,1441
1443,1439
1429,1424
1452,1434
1410,1403
1392,1394
1416,1413
1378,1403
1345,1400
1383,1388
1377,1400
1388,1402
1365,1416
1378,1405
1375,1395
1376,1422
1388,1428
1389,1405
1392,1457
1406,1440
1393,1478
1422,1487
1463,1494
1445,1513
1494,1500
1503,1548
1494,1557
1472,1584
1568,1614
1524,1595
1538,1578
1586,1620
1595,1619
1650,1649
1622,1664
1624,1666
1679,1698
1651,1685
1699,1692
1671,1717
1731,1698
1725,1749
1758,1733
1746,1777
1775,1778
1806,1783
1767,1758
1800,1771
1806,1790
1805,1790
1826,1830
1814,1797
1774,1833
1829,1819
1866,1770
1840,1798
1848,1801
1793,1783
1834,1747
1802,1730
1814,1737
1801,1754
1790,1716
1781,1696
1739,1704
1743,1682
1745,1656
1707,1676
1695,1651
1687,1622
1662,1587
1620,1599
1610,1608
1604,1547
1590,1557
1600,1550
1586,1511
1559,1514
1556,1512
1507,1487
1492,1488
1468,1466
1458,1480
1403,1425
1400,1396
1429,1419
1415,1432
1427,1402
1393,1391
1400,1396
1381,1379
1358,1420
1397,1395
1375,1406
1357,1409
1355,1432
1379,1390
1399,1390
1409,1419
1370,1402
1389,1450
1368,1446
1398,1425
1418,1481
1412,1484
1462,1492
1446,1543
1457,1508
1462,1522
1515,1561
1499,1567
1547,1591
1561,1604
1540,1621
1598,1623
1587,1644
1624,1640
1658,1675
1660,1679
1654,1720
1669,1707
1706,1735
1723,1771
1697,1763
1712,1738
1764,1768
1792,1785
1804,1767
1747,1795
1805,1788
1812,1756
1829,1803
1831,1795
1839,1819
1802,1790
1829,1818
1836,1778
1796,1810
1840,1807
1816,1783
1808,1782
1832,1749
1802,1736
1802,1706
1770,1757
1787,1730
1754,1737
1732,1691
1752,1692
1711,1656
1716,1686
1709,1635
1649,1653
1698,1638
1627,1603
1625,1560
1562,1560
1605,1534
1561,1557
1537,1523
1512,1486
1547,1486
1491,1470
1472,1456
1477,1470
1471,1459
1439,1427
1439,1446
1389,1393
1436,1434
1399,1412
1388,1412
1359,1421
1358,1431
1378,1408
1391,1382
1392,1398
1362,1386
1369,1399
1341,1372
1405,1409
1371,1451
1391,1437
1348,1465
1442,1458
1406,1480
1432,1495
1421,1478
1459,1502
1491,1523
1463,1524
1497,1529
1501,1553
1546,1566
1510,1577
1568,1628
1538,1642
1573,1633
1591,1651
1627,1670
1619,1699
1644,1680
1676,1714
1698,1718
1728,1741
1722,1717
1764,1762
1760,1796
1748,1764
1779,1781
1771,1804
1794,1771
1815,1803
1783,1825
1830,1827
1821,1771
1815,1807
1853,1754
1813,1796
1825,1764
1834,1790
1788,1806
1824,1764
1844,1775
1823,1785
1801,1720
1789,1721
1772,1760
1752,1719
1797,1745
1725,1705
1719,1677
1719,1636
1677,1641
1668,1655
1662,1645
1629,1589
1616,1608
1605,1561
1607,1543
1542,1563
1514,1545
1545,1530
1514,1477
1492,1473
1468,1479
1479,1448
1472,1440
1456,1451
1395,1422
1404,1440
1395,1445
1417,1363
1384,1399
1379,1405
1391,1412
1371,1395
1345,1374
1420,1418
1368,1360
1361,1385
1375,1378
1383,1398
1401,1424
1362,1416
1387,1458
1394,1449
1409,1457
1446,1483
1431,1471
1473,1495
1429,1510
1489,1538
1501,1551
1514,1535
1502,1551
1515,1601
1546,1607
1562,1611
1601,1615
1603,1649
1620,1674
1633,1657
1668,1676
1670,1698
1678,1731
1714,1716
1731,1746
1750,1753
1741,1741
1788,1771
1743,1769
1793,1792
1797,1769
1809,1813
1831,1802
1775,1802
1803,1774
1823,1823
1814,1823
1818,1797
1827,1834
1804,1766
1804,1789
1809,1784
1830,1778
1831,1747
1807,1751
1758,1725
1790,1750
1719,1701
1773,1704
1747,1690
1710,1685
1703,1642
1675,1653
1694,1622
1671,1614
1653,1635
1606,1590
1606,1552
1580,1532
1565,1530
1577,1535
1533,1502
1537,1498
1530,1461
1465,1472
1486,1466
1465,1455
1471,1429
1429,1388
1427,1402
1411,1418
1387,1409
1410,1404
1370,1403
1356,1390
1396,1370
1363,1407
1378,1373
1346,1396
1376,1395
1408,1403
1354,1411
1380,1464
1388,1448
1430,1418
1372,1437
1390,1443
1415,1484
1456,1493
1439,1481
1457,1509
1495,1540
1494,1537
1490,1525
1544,1584
1533,1596
1536,1602
1599,1607
1600,1623
1642,1636
1642,1648
1661,1707
1649,1695
1677,1739
1700,1721
1686,1708
1714,1742
1733,1754
1742,1757
1746,1800
1765,1743
1790,1777
1811,1811
1799,1802
1799,1815
1805,1798
1807,1820
1813,1809
1824,1839
1843,1785
1836,1799
1824,1794
1814,1789
1823,1793
1817,1763
1808,1768
1839,1774
1749,1780
1750,1740
1746,1711
1770,1732
1747,1671
1724,1671
1730,1628
1700,1612
1682,1649
1654,1574
1622,1624
1580,1587
1634,1547
1636,1554
1563,1515
1555,1507
1506,1507
1521,1471
1515,1482
1476,1453
1448,1458
1469,1439
1454,1425
1450,1444
1424,1408
1408,1388
1399,1433
1411,1389
1395,1403
1419,1396
1396,1397
1415,1376
1383,1399
1348,1404
1344,1390
1378,1399
1356,1420
1376,1423
1425,1444
1358,1462
1402,1449
1437,1459
1427,1497
1442,1489
1423,1485
1483,1519
1534,1511
1499,1527
1516,1549
1520,1591
1555,1614
1559,1630
1584,1632
1590,1614
1636,1678
1666,1690
1669,1688
1676,1705
1695,1710
1676,1718
1707,1745
1722,1730
1756,1765
1780,1766
1759,1777
1793,1788
1801,1789
1795,1787
1818,1822
1811,1803
1828,1803
1826,1808
1811,1811
1811,1787
1827,1807
1810,1798
1810,1811
1809,1762
1819,1785
1796,1759
1805,1758
1789,1751
1760,1720
1763,1710
1740,1713
1732,1702
1753,1700
1738,1672
1696,1640
1684,1620
1655,1630
1622,1607
1663,1620
1613,1554
1596,1532
1594,1505
1578,1515
1561,1484
1480,1486
1507,1459
1525,1439
1467,1465
1463,1418
1414,1411
1411,1398
1418,1398
1417,1404
1426,1386
1433,1417
1373,1369
1397,1408
1383,1402
1329,1413
1343,1379
1379,1373
1402,1429
1399,1420
1383,1420
1402,1438
1412,1416
1378,1444
1382,1426
1428,1455
1445,1459
1472,1499
1492,1511
1479,1533
1511,1531
1498,1561
1506,1572
1538,1566
1525,1589
1577,1611
1583,1652
1609,1666
1628,1682
1647,1677
1649,1661
1702,1721
1677,1715
1717,1735
1730,1721
1733,1722
1754,1751
1772,1783
1751,1799
1763,1757
1779,1771
1831,1784
1791,1809
1804,1792
1827,1801
1826,1764
1798,1813
1796,1829
1830,1822
1806,1811
1830,1776
1828,1780
1835,1751
1822,1745
1792,1732
1780,1744
1762,1725
1753,1728
1729,1667
1711,1698
1727,1667
1703,1660
1711,1626
1665,1642
1657,1588
1582,1604
1614,1567
1616,1523
1564,1556
1546,1524
1555,1523
1500,1486
1529,1501
1503,1484
1487,1439
1486,1452
1471,1422
1442,1445
1423,1431
1400,1404
1394,1416
1425,1412
1403,1429
1338,1425
1392,1399
1401,1395
1386,1394
1390,1418
1409,1417
1391,1415
1376,1410
1359,1436
1351,1423
1424,1411
1388,1442
1436,1467
1425,1479
1465,1510
1402,1513
1467,1513
1471,1532
1484,1552
1490,1568
1557,1571
1577,1596
1540,1629
1612,1650
1611,1629
1623,1653
1602,1703
1642,1669
1662,1693
1666,1723
1694,1739
1691,1723
1726,1752
1747,1778
1796,1786
1767,1806
1813,1780
1757,1803
1790,1764
1833,1803
1798,1801
1813,1817
1825,1815
1838,1776
1817,1777
1805,1796
1847,1790
1839,1735
1806,1794
1819,1763
1755,1766
1802,1722
1775,1742
1768,1737
1752,1692
1749,1701
1732,1679
1726,1692
1708,1667
1650,1629
1672,1627
1636,1601
1655,1568
1624,1599
1600,1536
1607,1569
1544,1569
1523,1509
1515,1488
1503,1502
1507,1447
1472,1454
1472,1448
1427,1447
1406,1456
1418,1457
1414,1422
1396,1428
1408,1440
1381,1394
1415,1403
1365,1371
1394,1394
1385,1402
1373,1402
1344,1431
1371,1427
1385,1404
1423,1411
1397,1424
1397,1406
1486,1451
1415,1489
1415,1464
1463,1481
1488,1509
1457,1510
1511,1525
1497,1567
1557,1552
1530,1546
1503,1622
1558,1587
1628,1650
1597,1642
1609,1650
1627,1677
1630,1706
1686,1702
1703,1716
1726,1720
1717,1727
1730,1747
1747,1752
1781,1769
1762,1738
1800,1779
1784,1783
1838,1784
1841,1749
1810,1797
1825,1783
1819,1793
1836,1804
1799,1813
1791,1760
1832,1774
1780,1792
1824,1750
1787,1767
1791,1755
1762,1734
1767,1719
1780,1724
1756,1700
1745,1690
1698,1671
1730,1649
1667,1656
1637,1611
1669,1614
1614,1573
1594,1582
1626,1565
1565,1575
1581,1531
1557,1530
1514,1478
1535,1485
1477,1469
1459,1485
1478,1472
1449,1449
1443,1446
1450,1422
1428,1416
1401,1400
1411,1414
1356,1373
1350,1382
1382,1414
1398,1404
1399,1387
1352,1408
1390,1419
1376,1425
1396,1436
1410,1441
1399,1411
1402,1458
1431,1475
1440,1459
1502,1522
1429,1522
1462,1506
1476,1516
1497,1531
1494,1549
1500,1557
1499,1611
1585,1619
1591,1626
1592,1623
1598,1646
1646,1646
1641,1667
1686,1699
1658,1711
1678,1710
1687,1713
1683,1767
1757,1773
1760,1793
1763,1804
1759,1787
1791,1773
1785,1779
1788,1778
1790,1769
1859,1797
1810,1813
1816,1807
1827,1823
1820,1793
1819,1787
1835,1769
1824,1775
1811,1760
1795,1778
1748,1742
1786,1698
1758,1714
1739,1718
1715,1657
1710,1688
1723,1646
1687,1639
1702,1612
1649,1597
1644,1610
1654,1580
1664,1585
1611,1571
1536,1534
1525,1525
1576,1479
1566,1493
1505,1477
1498,1478
1477,1455
1468,1460
1443,1408
1400,1430
1453,1434
1447,1424
1413,1396
1389,1381
1385,1397
1408,1406
1327,1362
1382,1410
1398,1428
1371,1416
1362,1414
1410,1422
1397,1435
1406,1460
1416,1474
1411,1461
1427,1465
1445,1484
1432,1538
1453,1505
1517,1531
1487,1544
1480,1559
1534,1558
1560,1597
1543,1622
1595,1580
1599,1628
1639,1624
1615,1659
1678,1672
1651,1712
1703,1679
1679,1744
1738,1741
1718,1734
1752,1753
1761,1728
1776,1754
1778,1735
1810,1796
1801,1798
1805,1803
1783,1781
1774,1795
1797,1798
1799,1783
1828,1801
1816,1815
1824,1795
1824,1755
1798,1771
1771,1732
1753,1746
1773,1711
1717,1728
1805,1709
1743,1682
1720,1686
1702,1690
1680,1636
1691,1626
1639,1609
1681,1616
1634,1608
1604,1586
1593,1579
1572,1509
1567,1547
1530,1531
1536,1519
1537,1505
1528,1441
1509,1472
1506,1435
1450,1432
1434,1434
1416,1438
1418,1428
1401,1449
1435,1412
1379,1408
1391,1376
1382,1403
1392,1423
1396,1438
1372,1414
1391,1422
1409,1411
1400,1424
1450,1442
1452,1451
1400,1491
1447,1477
1422,1457
1464,1509
1450,1498
1466,1519
1484,1533
1512,1534
1521,1574
1548,1610
1584,1573
1575,1634
1575,1643
1611,1619
1628,1656
1638,1677
1670,1695
1677,1717
1724,1710
1693,1727
1753,1759
1721,1762
1737,1782
1779,1783
1762,1771
1755,1772
1762,1770
1807,1772
1789,1803
1781,1786
1796,1823
1806,1797
1810,1761
1780,1756
1823,1773
1799,1771
1763,1748
1779,1745
1773,1743
1758,1720
1772,1731
1759,1691
1737,1690
1711,1678
1703,1674
1719,1672
1641,1634
1648,1625
1615,1629
1618,1605
1655,1544
1586,1542
1576,1555
1562,1533
1517,1542
1532,1516
1535,1471
1520,1473
1478,1435
1477,1452
1444,1433
1428,1428
1431,1446
1404,1393
1370,1425
1403,1425
1420,1424
1377,1420
1399,1413
1406,1414
1409,1400
1392,1413
1395,1435
1407,1444
1416,1468
1381,1462
1425,1459
1419,1475
1424,1501
1434,1506
1480,1494
1500,1523
1498,1520
1512,1536
1541,1580
1537,1571
1575,1615
1536,1601
1596,1609
1616,1655
1627,1644
1669,1663
1657,1697
1670,1697
1702,1717
1706,1713
1717,1730
1712,1739
1764,1702
1744,1784
1790,1766
1800,1764
1804,1797
1794,1773
1768,1787
1830,1803
1801,1787
1817,1791
1825,1767
1771,1768
1820,1739
1799,1759
1759,1731
1753,1776
1766,1716
1785,1729
1741,1696
1738,1725
1753,1685
1738,1674
1685,1675
1690,1633
1690,1634
1673,1630
1629,1590
1633,1550
1633,1574
1584,1566
1553,1545
1522,1503
1498,1495
1553,1490
1524,1456
1467,1489
1489,1483
1494,1483
1445,1434
1455,1470
1423,1433
1445,1446
1411,1414
1408,1420
1397,1399
1394,1411
1402,1443
1419,1430
1406,1428
1412,1461
1442,1421
1437,1476
1415,1435
1414,1479
1438,1479
1473,1471
1444,1497
1457,1510
1471,1532
1496,1545
1498,1545
1527,1563
1505,1602
1524,1571
1573,1605
1582,1613
1648,1629
1595,1637
1655,1635
1650,1695
1656,1711
1655,1704
1663,1702
1745,1743
1731,1736
1749,1748
1771,1767
1772,1763
1763,1781
1782,1762
1786,1761
1796,1800
1815,1777
1784,1760
1809,1776
1805,1783
1796,1764
1794,1759
1789,1746
1800,1734
1756,1745
1765,1727
1755,1722
1730,1688
1725,1679
1724,1689
1693,1669
1670,1667
1649,1637
1664,1613
1649,1610
1615,1576
1585,1600
1602,1551
1571,1552
1578,1547
1573,1504
1546,1489
1507,1496
1513,1468
1475,1512
1482,1473
1440,1465
1436,1452
1470,1423
1424,1429
1415,1410
1385,1448
1386,1428
1405,1427
1402,1428
1385,1422
1416,1432
1394,1402
1426,1433
1400,1444
1441,1424
1410,1467
1403,1480
1444,1477
1463,1506
1466,1490
1455,1514
1476,1521
1500,1539
1536,1568
1539,1596
1569,1577
1536,1607
1613,1644
1585,1671
1634,1630
1632,1687
1621,1657
1643,1688
1700,1690
1706,1696
1741,1737
1709,1745
1750,1760
1762,1763
1760,1750
1776,1800
1751,1818
1808,1797
1773,1758
1807,1776
1815,1739
1826,1761
1787,1779
1806,1754
1760,1738
1807,1740
1797,1752
1775,1737
1786,1715
1774,1723
1738,1715
1735,1629
1732,1673
1706,1658
1699,1673
1666,1630
1647,1634
1646,1621
1604,1592
1602,1567
1617,1548
1590,1554
1560,1522
1559,1504
1513,1528
1511,1488
1477,1496
1488,1488
1478,1458
1438,1482
1420,1498
1458,1435
1415,1433
1446,1440
1408,1415
1378,1428
1436,1432
1391,1412
1424,1427
1417,1412
1403,1421
1399,1452
1379,1446
1423,1445
1404,1502
1427,1497
1461,1490
1454,1471
1494,1526
1482,1544
1475,1569
1530,1558
1520,1595
1545,1581
1568,1624
1553,1614
1591,1679
1604,1624
1644,1667
1638,1690
1654,1697
1662,1679
1694,1722
1683,1702
1723,1731
1731,1746
1737,1744
1753,1762
1775,1764
1777,1768
1768,1734
1807,1770
1815,1778
1759,1747
1784,1797
1805,1784
1795,1748
1788,1754
1758,1787
1783,1735
1810,1753
1763,1726
1746,1708
1737,1666
1699,1679
1720,1702
1696,1671
1674,1631
1635,1646
1650,1599
1608,1609
1610,1565
1643,1556
1625,1537
1571,1521
1553,1552
1517,1532
1528,1505
1485,1481
1524,1463
1475,1448
1435,1463
1470,1470
1455,1453
1437,1460
1420,1433
1402,1467
1425,1429
1420,1435
1428,1437
1385,1435
1386,1456
1431,1436
1415,1453
1433,1442
1421,1467
1420,1491
1436,1496
1464,1457
1508,1510
1488,1525
1503,1530
1510,1564
1500,1569
1516,1576
1518,1581
1551,1586
1564,1612
1616,1613
1587,1675
1616,1666
1630,1684
1666,1658
1662,1695
1692,1688
1691,1718
1718,1743
1721,1726
1743,1743
1776,1743
1764,1754
1755,1776
1793,1774
1777,1783
1811,1772
1782,1760
1768,1770
1778,1765
1815,1771
1824,1772
1732,1750
1779,1740
1740,1731
1758,1713
1750,1690
1713,1704
1684,1700
1682,1683
1681,1638
1702,1662
1681,1611
1664,1603
1646,1617
1618,1594
1598,1575
1624,1567
1562,1556
1534,1529
1556,1518
1541,1521
1526,1511
1506,1476
1508,1489
1458,1431
1469,1436
1434,1458
1407,1431
1415,1426
1442,1437
1397,1441
1399,1450
1405,1436
1420,1408
1418,1433
1408,1431
1450,1434
1397,1446
1441,1463
1435,1461
1444,1460
1468,1498
1462,1496
1471,1521
1490,1522
1502,1546
1478,1536
1539,1574
1555,1596
1581,1619
1590,1615
1619,1632
1588,1652
1697,1670
1651,1669
1662,1694
1710,1703
1704,1727
1735,1704
1707,1737
1740,1752
1750,1731
1772,1730
1747,1749
1764,1758
1822,1781
1793,1741
1759,1750
1770,1787
1786,1730
1819,1745
1769,1721
1777,1749
1746,1772
1769,1727
1759,1727
1744,1711
1718,1700
1701,1676
1698,1685
1664,1636
1666,1645
1662,1602
1668,1600
1616,1636
1607,1578
1635,1557
1567,1585
1568,1541
1610,1511
1546,1491
1520,1518
1496,1488
1525,1450
1475,1436
1466,1446
1435,1473
1469,1447
1422,1448
1439,1422
1430,1442
1418,1452
1392,1463
1381,1442
1435,1424
1415,1451
1382,1433
1396,1479
1409,1474
1457,1482
1457,1485
1446,1489
1501,1509
1491,1540
1504,1514
1488,1542
1520,1530
1567,1598
1542,1569
1544,1609
1605,1611
1636,1623
1651,1658
1649,1622
1622,1671
1652,1657
1664,1674
1693,1704
1692,1731
1735,1726
1744,1781
1748,1788
1752,1758
1765,1749
1755,1737
1755,1766
1802,1742
1745,1775
1793,1773
1789,1777
1779,1741
1774,1728
1792,1732
1744,1736
1740,1711
1716,1689
1747,1709
1739,1685
1704,1674
1703,1636
1692,1679
1665,1618
1655,1610
1619,1616
1661,1608
1616,1561
1606,1572
1629,1545
1568,1521
1547,1570
1549,1543
1482,1493
1469,1507
1508,1461
1478,1467
1459,1482
1436,1447
1441,1486
1438,1440
1421,1453
1435,1422
1427,1443
1432,1483
1413,1441
1431,1447
1410,1445
1455,1458
1404,1465
1443,1479
1439,1468
1470,1471
1464,1520
1494,1512
1470,1503
1495,1565
1547,1535
1563,1569
1567,1602
1554,1588
1563,1637
1620,1614
1562,1625
1642,1648
1649,1688
1649,1660
1689,1691
1681,1712
1714,1716
1679,1715
1727,1718
1743,1741
1718,1745
1739,1777
1774,1770
1744,1758
1757,1760
1763,1761
1798,1755
1770,1760
1792,1740
1755,1750
1781,1728
1757,1708
1723,1732
1757,1712
1750,1674
1726,1683
1723,1685
1725,1640
1685,1664
1657,1653
1652,1627
1625,1639
1623,1604
1641,1573
1546,1549
1564,1529
1571,1552
1573,1525
1541,1515
1517,1490
1513,1527
1502,1460
1456,1467
1467,1475
1466,1461
1466,1463
1446,1454
1461,1427
1381,1411
1427,1462
1424,1454
1408,1443
1420,1439
1471,1449
1441,1477
1443,1470
1460,1449
1436,1494
1479,1488
1460,1519
1464,1511
1499,1551
1552,1563
1538,1514
1529,1567
1544,1589
1545,1616
1581,1600
1599,1655
1620,1662
1602,1671
1650,1655
1655,1685
1670,1725
1724,1704
1718,1727
1748,1713
1710,1744
1714,1790
1770,1770
1759,1729
1768,1730
1750,1763
1761,1778
1748,1734
1796,1744
1804,1754
1787,1717
1778,1714
1757,1739
1744,1721
1742,1700
1729,1686
1737,1708
1708,1685
1715,1674
1666,1641
1668,1618
1659,1618
1634,1642
1643,1608
1614,1570
1592,1565
1592,1548
1560,1536
1539,1555
1571,1519
1493,1500
1491,1518
1511,1493
1481,1457
1481,1475
1463,1430
1446,1455
1434,1450
1448,1452
1395,1428
1416,1454
1416,1459
1447,1427
1408,1451
1455,1460
1444,1485
1445,1453
1444,1471
1452,1493
1457,1513
1473,1516
1479,1529
1493,1513
1515,1549
1515,1537
1556,1561
1513,1600
1587,1645
1590,1639
1617,1666
1628,1622
1633,1666
1671,1693
1658,1668
1704,1677
1690,1698
1714,1714
1697,1696
1740,1722
1778,1738
1735,1748
1764,1740
1746,1745
1766,1711
1789,1750
1753,1774
1750,1726
1755,1730
1776,1755
1755,1739
1752,1713
1744,1714
1742,1713
1733,1705
1708,1687
1715,1650
1713,1652
1655,1637
1691,1632
1650,1600
1656,1578
1612,1596
1591,1575
1631,1556
1566,1514
1603,1524
1533,1529
1538,1479
1522,1495
1468,1485
1489,1474
1463,1454
1466,1477
1438,1446
1434,1471
1448,1461
1426,1461
1416,1470
1410,1436
1404,1463
1408,1443
1432,1444
1444,1439
1430,1465
1447,1487
1493,1497
1472,1507
1465,1501
1498,1531
1526,1572
1514,1543
1506,1561
1557,1562
1568,1583
1579,1601
1551,1620
1605,1661
1659,1643
1673,1676
1681,1685
1679,1683
1677,1703
1710,1678
1709,1708
1736,1729
1772,1741
1758,1745
1756,1750
1746,1749
1736,1742
1791,1749
1767,1718
1777,1765
1799,1771
1736,1750
1755,1732
1784,1753
1741,1749
1734,1700
1732,1711
1739,1705
1744,1692
1720,1666
1736,1663
1671,1636
1654,1615
1648,1621
1617,1583
1618,1580
1611,1573
1579,1544
1603,1538
1564,1532
1546,1499
1542,1506
1510,1477
1488,1497
1474,1468
1481,1459
1447,1471
1431,1447
1427,1463
1454,1479
1433,1462
1441,1440
1446,1442
1429,1449
1417,1453
1425,1485
1450,1485
1436,1473
1464,1506
1455,1484
1475,1518
1506,1506
1503,1538
1511,1512
1557,1587
1559,1576
1561,1576
1566,1603
1584,1625
1599,1620
1633,1636
1654,1670
1663,1688
1703,1710
1702,1708
1699,1729
1712,1738
1736,1728
1730,1732
1710,1728
1759,1743
1765,1782
1746,1751
1729,1766
1782,1749
1766,1752
1781,1769
1777,1739
1774,1718
1779,1714
1778,1716
1747,1712
1690,1685
1717,1687
1681,1674
1702,1679
1691,1629
1671,1645
1656,1616
1643,1625
1617,1560
1623,1554
1571,1561
1549,1540
1565,1538
1543,1528
1545,1500
1524,1501
1468,1485
1507,1473
1479,1468
1467,1474
1444,1448
1469,1428
1410,1464
1423,1438
1423,1429
1428,1438
1396,1429
1420,1472
1461,1480
1438,1463
1446,1480
1454,1506
1461,1510
1457,1484
1464,1549
1515,1575
1537,1526
1560,1579
1544,1540
1570,1628
1564,1611
1626,1602
1626,1640
1603,1630
1674,1625
1607,1673
1689,1684
1671,1677
1687,1705
1733,1715
1731,1744
1733,1723
1725,1744
1751,1760
1738,1717
1745,1763
1826,1731
1775,1788
1780,1725
1792,1717
1799,1718
1769,1705
1771,1727
1739,1710
1738,1746
1746,1670
1724,1677
1702,1662
1698,1663
1681,1653
1647,1621
1641,1633
1619,1604
1605,1587
1583,1562
1577,1566
1571,1498
1563,1504
1541,1544
1545,1501
1513,1480
1515,1494
1489,1469
1502,1472
1473,1439
1470,1444
1475,1488
1431,1454
1418,1444
1412,1458
1405,1465
1452,1452
1407,1466
1421,1458
1471,1477
1461,1482
1417,1512
1448,1500
1473,1513
1466,1522
1528,1522
1511,1547
1523,1571
1537,1572
1572,1605
1580,1616
1581,1604
1616,1650
1652,1650
1648,1685
1635,1668
1656,1654
1676,1702
1686,1707
1747,1747
1723,1734
1754,1724
1735,1763
1726,1762
1721,1751
1797,1726
1742,1741
1801,1741
1776,1734
1785,1738
1785,1747
1724,1747
1768,1700
1740,1709
1700,1699
1738,1676
1697,1664
1712,1689
1683,1633
1663,1630
1673,1620
1626,1601
1621,1620
1624,1565
1618,1548
1591,1570
1565,1508
1577,1487
1534,1515
1525,1493
1491,1466
1526,1454
1446,1471
1443,1467
1444,1437
1437,1487
1436,1443
1431,1459
1409,1475
1416,1465
1423,1472
1417,1441
1423,1455
1424,1471
1449,1462
1449,1475
1469,1509
1442,1524
1464,1534
1508,1541
1522,1564
1521,1566
1552,1578
1538,1591
1552,1609
1610,1625
1606,1638
1629,1651
1651,1654
1662,1682
1677,1691
1667,1704
1727,1706
1707,1732
1719,1722
1723,1721
1730,1735
1739,1778
1761,1748
1779,1769
1770,1710
1777,1772
1746,1731
1761,1746
1780,1732
1798,1738
1699,1716
1757,1717
1748,1685
1741,1680
1727,1664
1731,1633
1682,1641
1654,1639
1646,1627
1598,1613
1606,1565
1604,1571
1557,1529
1551,1530
1551,1524
1543,1492
1509,1477
1498,1472
1470,1481
1478,1484
1486,1464
1458,1445
1442,1444
1441,1449
1424,1446
1421,1430
1433,1438
1426,1428
1424,1456
1437,1464
1491,1461
1441,1457
1442,1463
1474,1496
1452,1540
1479,1541
1505,1536
1508,1565
1522,1543
1508,1572
1561,1587
1610,1615
1571,1621
1631,1630
1663,1636
1650,1665
1683,1706
1676,1720
1667,1741
1705,1693
1719,1748
1711,1725
1738,1751
1751,1748
1748,1756
1775,1758
1747,1741
1769,1748
1783,1762
1761,1747
1769,1713
1766,1729
1729,1696
1761,1689
1760,1712
1759,1724
1689,1654
1703,1670
1700,1665
1654,1636
1662,1640
1653,1605
1681,1594
1616,1558
1620,1556
1568,1521
1571,1551
1556,1554
1515,1495
1540,1513
1489,1489
1470,1450
1501,1466
1480,1451
1411,1443
1446,1447
1453,1460
1432,1432
1422,1474
1382,1475
1422,1455
1423,1435
1454,1468
1440,1451
1457,1472
1465,1503
1454,1488
1490,1520
1483,1517
1536,1549
1501,1575
1505,1568
1545,1575
1559,1598
1597,1639
1585,1634
1608,1626
1617,1676
1624,1661
1691,1663
1712,1669
1706,1690
1716,1751
1718,1740
1746,1747
1719,1732
1783,1745
1775,1756
1767,1759
1744,1758
1788,1755
1774,1760
1793,1721
1782,1719
1750,1730
1750,1724
1714,1734
1715,1702
1708,1654
1724,1656
1692,1644
1682,1636
1664,1631
1636,1631
1625,1606
1625,1585
1615,1536
1587,1561
1569,1521
1563,1527
1526,1501
1526,1525
1471,1480
1466,1475
1475,1468
1457,1463
1433,1454
1440,1410
1465,1433
1445,1430
1387,1458
1445,1436
1452,1449
1426,1465
1434,1464
1440,1489
1455,1460
1431,1513
1472,1499
1489,1526
1504,1483
1506,1571
1550,1559
1544,1584
1579,1592
1589,1586
1603,1614
1619,1642
1630,1641
1627,1667
1670,1687
1659,1704
1685,1741
1697,1703
1720,1718
1778,1722
1765,1747
1728,1743
1736,1730
1777,1749
1745,1755
1769,1719
1775,1737
1781,1721
1783,1752
1768,1702
1760,1727
1756,1737
1776,1705
1702,1711
1728,1689
1727,1693
1708,1665
1647,1646
1692,1610
1619,1604
1616,1589
1605,1567
1584,1554
1608,1541
1534,1515
1520,1541
1508,1516
1505,1506
1464,1497
1465,1480
1445,1459
1460,1465
1436,1445
1456,1459
1432,1455
1398,1430
1411,1428
1394,1419
1402,1450
1433,1455
1422,1484
1439,1465
1478,1452
1465,1473
1448,1508
1481,1498
1471,1521
1529,1545
1526,1555
1555,1557
1576,1585
1566,1627
1616,1604
1623,1660
1615,1654
1631,1674
1660,1721
1676,1696
1722,1674
1695,1735
1726,1742
1747,1744
1737,1775
1741,1759
1755,1768
1798,1764
1761,1744
1770,1751
1782,1755
1771,1754
1750,1751
1794,1715
1747,1704
1769,1722
1755,1703
1687,1670
1698,1638
1721,1653
1700,1627
1716,1605
1610,1595
1619,1597
1624,1550
1594,1578
1576,1521
1531,1562
1568,1518
1541,1487
1512,1498
1516,1482
1474,1482
1514,1434
1481,1445
1440,1463
1428,1440
1418,1440
1430,1442
1431,1427
1409,1456
1448,1454
1426,1479
1435,1456
1416,1480
1457,1490
1441,1479
1455,1492
1499,1518
1481,1539
1543,1522
1547,1570
1529,1573
1587,1638
1583,1604
1599,1629
1630,1655
1613,1642
1627,1681
1645,1703
1703,1705
1746,1716
1735,1710
1734,1709
1746,1744
1727,1764
1778,1765
1765,1768
1733,1749
1789,1752
1783,1751
1782,1760
1801,1751
1774,1723
1719,1751
1722,1733
1738,1712
1731,1704
1747,1667
1733,1661
1706,1655
1673,1627
1688,1633
1650,1610
1621,1588
1598,1588
1582,1604
1581,1542
1569,1543
1514,1504
1542,1511
1495,1502
1491,1473
1491,1490
1437,1446
1423,1467
1432,1454
1440,1427
1426,1439
1431,1429
1414,1436
1458,1416
1399,1460
1447,1465
1434,1453
1414,1493
1460,1470
1449,1510
1443,1524
1492,1515
1513,1556
1541,1557
1516,1551
1525,1575
1582,1597
1573,1611
1593,1627
1635,1650
1643,1669
1633,1699
1684,1682
1708,1716
1710,1707
1703,1709
1719,1728
1755,1745
1764,1768
1791,1746
1790,1784
1778,1772
1761,1772
1776,1749
1776,1790
1772,1755
1767,1723
1739,1746
1731,1720
1737,1707
1712,1703
1681,1666
1703,1660
1670,1655
1685,1635
1650,1629
1640,1597
1614,1598
1590,1540
1559,1519
1514,1542
1562,1505
1521,1539
1506,1475
1455,1471
1484,1494
1478,1438
1429,1457
1454,1437
1419,1461
1425,1434
1383,1454
1384,1459
1431,1434
1432,1451
1455,1445
1457,1471
1437,1489
1432,1477
1425,1487
1437,1492
1500,1531
