ch1,ch2
1403,1416
1402,1404
1402,1430
1404,1416
1436,1417
1384,1434
1415,1425
1421,1434
1421,1421
1423,1428
1411,1443
1423,1434
1428,1409
1396,1429
1427,1441
1439,1422
1435,1451
1430,1417
1432,1437
1444,1424
1433,1431
1423,1428
1433,1431
1440,1442
1416,1444
1431,1436
1439,1438
1445,1439
1441,1470
1471,1420
1447,1447
1456,1456
1426,1445
1418,1433
1460,1450
1445,1431
1450,1458
1449,1458
1434,1443
1470,1444
1456,1443
1450,1453
1470,1459
1448,1456
1452,1447
1458,1440
1428,1443
1454,1463
1473,1460
1464,1442
1447,1436
1448,1455
1448,1456
1464,1441
1465,1467
1455,1464
1459,1463
1462,1447
1471,1448
1471,1443
1450,1455
1457,1450
1461,1464
1459,1417
1463,1446
1462,1471
1460,1485
1462,1460
1462,1432
1460,1438
1452,1436
1450,1443
1437,1449
1471,1447
1451,1433
1466,1428
1461,1453
1457,1457
1458,1440
1446,1453
1470,1442
1445,1422
1481,1432
1454,1437
1441,1416
1451,1462
1454,1446
1439,1426
1452,1441
1468,1431
1418,1435
1433,1431
1446,1421
1438,1417
1433,1411
1461,1400
1428,1424
1438,1405
1434,1413
1438,1427
1413,1411
1441,1399
1435,1434
1425,1419
1440,1403
1427,1388
1407,1428
1437,1407
1423,1418
1408,1382
1438,1386
1417,1416
1427,1410
1429,1393
1409,1394
1422,1412
1410,1403
1410,1394
1418,1379
1412,1393
1411,1388
1396,1390
1380,1373
1390,1390
1395,1397
1381,1378
1381,1390
1390,1382
1363,1367
1398,1368
1401,1386
1389,1366
1368,1382
1382,1375
1386,1381
1402,1366
1371,1365
1388,1369
1374,1376
1393,1363
1368,1377
1385,1376
1350,1369
1368,1340
1386,1366
1370,1353
1388,1375
1356,1358
1361,1367
1367,1353
1353,1345
1372,1358
1346,1337
1327,1348
1350,1353
1353,1343
1375,1365
1362,1345
1357,1346
1317,1350
1345,1335
1353,1341
1355,1340
1344,1332
1357,1323
1341,1329
1343,1347
1332,1349
1337,1352
1344,1330
1365,1354
1309,1361
1328,1339
1333,1341
1344,1343
1339,1359
1337,1339
1352,1336
1326,1333
1346,1346
1330,1346
1333,1344
1339,1338
1326,1358
1334,1343
1317,1338
1328,1356
1344,1342
1319,1349
1336,1324
1332,1343
1337,1330
1327,1358
1341,1348
1333,1366
1305,1350
1348,1373
1310,1358
1342,1348
1338,1353
1336,1347
1337,1339
1343,1347
1326,1363
1338,1363
1350,1344
1344,1363
1344,1356
1351,1369
1324,1369
1355,1368
1355,1370
1348,1378
1336,1346
1345,1368
1350,1384
1348,1380
1371,1359
1350,1399
1373,1370
1355,1392
1355,1379
1370,1388
1363,1394
1387,1383
1353,1384
1367,1383
1355,1397
1350,1395
1367,1377
1372,1389
1370,1389
1389,1378
1369,1391
1374,1396
1378,1397
1356,1402
1382,1404
1372,1412
1389,1407
1405,1404
1389,1414
1375,1413
1393,1396
1384,1416
1394,1430
1405,1423
1403,1411
1386,1421
1409,1407
1413,1423
1397,1409
1425,1415
1437,1430
1434,1412
1414,1434
1420,1437
1402,1416
1417,1424
1422,1414
1427,1428
1423,1445
1437,1428
1420,1447
1432,1439
1408,1438
1442,1416
1435,1445
1421,1452
1433,1445
1442,1452
1442,1466
1454,1452
1429,1462
1437,1446
1467,1457
1462,1439
1449,1434
1454,1452
1449,1460
1439,1466
1451,1461
1477,1440
1440,1441
1476,1458
1460,1463
1451,1469
1482,1442
1438,1468
1493,1465
1459,1453
1476,1442
1471,1446
1466,1447
1436,1453
1437,1460
1471,1459
1440,1463
1479,1478
1452,1445
1457,1459
1496,1437
1474,1465
1462,1459
1464,1453
1453,1449
1458,1429
1446,1456
1469,1442
1495,1459
1475,1464
1470,1448
1445,1444
1444,1460
1479,1469
1493,1453
1471,1441
1472,1433
1448,1453
1465,1454
1488,1459
1474,1451
1484,1437
1456,1432
1466,1425
1415,1436
1473,1449
1449,1450
1460,1415
1444,1455
1442,1446
1446,1434
1442,1440
1444,1432
1424,1423
1439,1424
1456,1425
1458,1418
1460,1425
1448,1431
1437,1415
1442,1458
1441,1421
1427,1418
1453,1419
1440,1434
1437,1398
1440,1426
1416,1418
1432,1407
1448,1422
1433,1419
1422,1388
1429,1395
1415,1390
1411,1398
1407,1388
1404,1382
1419,1392
1441,1388
1448,1402
1400,1397
1408,1388
1414,1387
1413,1404
1402,1399
1400,1383
1407,1370
1400,1376
1384,1385
1416,1385
1383,1366
1400,1370
1394,1378
1377,1380
1375,1362
1386,1351
1361,1348
1389,1367
1372,1368
1384,1376
1372,1366
1361,1367
1356,1366
1355,1344
1362,1379
1364,1372
1360,1352
1365,1347
1363,1353
1328,1360
1361,1349
1353,1374
1345,1350
1340,1351
1363,1343
1356,1373
1350,1360
1355,1353
1316,1345
1347,1356
1356,1353
1350,1347
1355,1346
1339,1341
1329,1331
1356,1359
1337,1356
1331,1354
1342,1352
1336,1340
1312,1352
1338,1330
1347,1348
1337,1320
1334,1326
1339,1333
1350,1356
1344,1344
1328,1328
1340,1341
1346,1316
1321,1332
1316,1325
1341,1350
1323,1356
1341,1321
1333,1333
1314,1332
1328,1353
1317,1350
1345,1342
1337,1361
1340,1341
1351,1347
1330,1350
1336,1358
1325,1367
1321,1351
1344,1346
1337,1347
1348,1346
1354,1356
1356,1360
1311,1351
1352,1354
1327,1351
1352,1367
1345,1337
1341,1343
1347,1379
1329,1364
1354,1366
1350,1369
1339,1371
1337,1364
1355,1366
1335,1383
1363,1378
1358,1368
1347,1396
1357,1369
1365,1374
1362,1372
1352,1389
1355,1382
1376,1384
1342,1404
1366,1358
1367,1392
1363,1395
1353,1390
1388,1406
1382,1380
1402,1378
1387,1374
1388,1408
1388,1401
1388,1404
1396,1408
1388,1392
1387,1413
1393,1398
1406,1411
1384,1391
1395,1414
1424,1435
1392,1409
1391,1416
1400,1428
1406,1421
1399,1415
1411,1418
1423,1422
1424,1413
1416,1424
1414,1430
1433,1404
1427,1422
1418,1443
1432,1433
1429,1425
1400,1423
1415,1429
1449,1450
1433,1436
1433,1445
1427,1442
1430,1461
1441,1444
1438,1462
1435,1449
1426,1444
1451,1459
1432,1449
1461,1461
1440,1429
1454,1453
1442,1455
1455,1454
1466,1447
1468,1457
1471,1443
1457,1471
1459,1455
1477,1463
1479,1480
1443,1454
1473,1467
1486,1462
1457,1456
1454,1452
1480,1465
1477,1460
1470,1457
1467,1469
1459,1444
1474,1470
1433,1465
1481,1479
1470,1469
1480,1454
1470,1446
1445,1472
1459,1468
1467,1461
1473,1469
1492,1462
1469,1463
1477,1457
1462,1451
1490,1444
1473,1478
1451,1442
1452,1452
1457,1448
1476,1459
1469,1445
1484,1445
1477,1473
1470,1468
1471,1467
1461,1445
1466,1435
1468,1456
1460,1450
1460,1436
1462,1453
1448,1445
1472,1440
1462,1421
1449,1445
1462,1443
1463,1424
1439,1460
1459,1414
1430,1410
1437,1422
1443,1430
1451,1424
1456,1430
1439,1405
1429,1421
1433,1416
1424,1407
1431,1425
1434,1419
1427,1411
1444,1419
1452,1431
1432,1406
1435,1408
1419,1413
1436,1410
1397,1399
1410,1392
1408,1408
1417,1406
1406,1396
1420,1409
1420,1390
1417,1397
1394,1404
1423,1391
1401,1381
1395,1389
1395,1396
1382,1392
1393,1390
1401,1361
1399,1386
1396,1383
1392,1388
1384,1380
1368,1368
1386,1369
1390,1361
1383,1378
1382,1354
1361,1348
1391,1376
1374,1362
1344,1364
1370,1357
1358,1366
1381,1364
1374,1354
1337,1360
1343,1360
1361,1356
1377,1370
1348,1332
1345,1361
1339,1337
1347,1341
1342,1331
1362,1348
1348,1347
1362,1342
1334,1333
1356,1357
1367,1358
1346,1345
1327,1304
1323,1332
1347,1352
1343,1341
1343,1345
1357,1346
1346,1323
1334,1345
1339,1347
1325,1331
1359,1345
1322,1332
1328,1327
1347,1343
1321,1323
1339,1351
1332,1331
1324,1333
1360,1342
1316,1332
1343,1346
1336,1333
1347,1329
1320,1315
1338,1330
1337,1334
1311,1343
1320,1338
1324,1323
1331,1332
1328,1342
1327,1350
1359,1328
1344,1361
1330,1353
1335,1346
1326,1369
1335,1346
1325,1357
1305,1322
1328,1353
1343,1349
1334,1356
1333,1357
1345,1354
1312,1362
1338,1369
1331,1359
1333,1371
1351,1365
1363,1384
1312,1377
1320,1372
1335,1364
1349,1385
1342,1366
1337,1374
1346,1382
1350,1375
1359,1417
1347,1387
1358,1386
1373,1383
1364,1386
1360,1397
1378,1397
1374,1388
1377,1376
1357,1397
1372,1398
1388,1396
1372,1395
1398,1393
1368,1398
1375,1402
1402,1393
1370,1409
1407,1430
1388,1422
1397,1419
1380,1422
1404,1411
1398,1423
1408,1422
1387,1403
1395,1421
1404,1418
1413,1409
1407,1433
1445,1431
1397,1440
1420,1426
1398,1429
1407,1433
1413,1440
1429,1425
1420,1441
1432,1430
1425,1433
1456,1432
1440,1449
1428,1423
1449,1453
1444,1439
1414,1435
1455,1436
1444,1454
1431,1439
1416,1441
1454,1444
1460,1454
1443,1465
1459,1467
1441,1459
1451,1480
1460,1450
1433,1447
1462,1481
1462,1447
1460,1441
1463,1466
1462,1456
1474,1466
1477,1464
1481,1458
1478,1460
1455,1458
1466,1463
1463,1448
1470,1468
1475,1470
1460,1461
1470,1472
1465,1438
1476,1445
1448,1458
1463,1484
1465,1459
1459,1459
1474,1442
1455,1459
1489,1440
1467,1446
1478,1464
1479,1449
1473,1473
1462,1465
1472,1462
1466,1444
1488,1466
1482,1465
1461,1436
1463,1455
1468,1462
1469,1449
1448,1443
1464,1445
1470,1435
1458,1447
1475,1455
1470,1429
1450,1435
1466,1441
1482,1433
1460,1438
1472,1441
1449,1421
1461,1446
1448,1410
1452,1423
1463,1440
1436,1420
1459,1446
1443,1433
1453,1415
1445,1417
1477,1424
1441,1421
1451,1412
1409,1418
1442,1409
1440,1425
1424,1421
1431,1412
1452,1408
1446,1410
1410,1396
1420,1395
1419,1404
1429,1409
1430,1417
1406,1418
1419,1402
1415,1404
1406,1386
1422,1390
1401,1380
1394,1397
1410,1367
1408,1384
1410,1386
1413,1388
1383,1391
1395,1354
1404,1394
1388,1365
1391,1384
1392,1393
1385,1368
1404,1368
1390,1368
1348,1366
1366,1355
1395,1380
1379,1351
1374,1357
1372,1360
1343,1348
1377,1374
1378,1344
1368,1363
1369,1362
1354,1350
1351,1345
1363,1364
1338,1362
1347,1350
1328,1329
1345,1340
1349,1351
1316,1344
1342,1341
1349,1338
1362,1350
1335,1334
1340,1346
1338,1341
1315,1352
1335,1313
1333,1343
1329,1344
1307,1356
1336,1337
1335,1313
1336,1330
1332,1343
1349,1355
1333,1340
1312,1345
1326,1338
1308,1341
1302,1317
1342,1347
1320,1322
1312,1344
1338,1331
1345,1338
1308,1343
1309,1330
1317,1314
1327,1348
1330,1346
1296,1330
1330,1349
1322,1351
1317,1341
1343,1337
1347,1343
1336,1361
1320,1346
1322,1337
1327,1351
1323,1367
1300,1345
1324,1365
1351,1350
1336,1359
1353,1343
1304,1353
1330,1364
1337,1360
1346,1354
1320,1343
1342,1366
1335,1366
1361,1342
1355,1371
1365,1376
1369,1370
1359,1377
1333,1362
1351,1361
1344,1351
1358,1353
1345,1366
1360,1385
1324,1369
1378,1377
1369,1392
1362,1388
1386,1359
1365,1383
1375,1386
1374,1367
1370,1414
1384,1389
1369,1399
1387,1398
1395,1402
1376,1406
1391,1384
1398,1408
1392,1386
1396,1420
1395,1404
1383,1418
1405,1412
1399,1414
1388,1407
1389,1438
1394,1425
1402,1422
1393,1423
1388,1407
1398,1436
1426,1432
1432,1411
1429,1437
1417,1429
1416,1436
1400,1423
1414,1436
1404,1432
1428,1444
1428,1430
1431,1435
1442,1427
1449,1450
1435,1438
1462,1439
1433,1434
1439,1444
1449,1440
1471,1440
1423,1454
1442,1467
1428,1465
1444,1460
1472,1463
1465,1474
1475,1457
1457,1455
1471,1470
1460,1456
1454,1462
1473,1469
1474,1462
1471,1452
1462,1476
1478,1482
1459,1488
1480,1456
1468,1467
1466,1466
1481,1478
1477,1454
1482,1456
1463,1475
1478,1462
1470,1473
1465,1461
1473,1458
1465,1448
1476,1443
1478,1462
1475,1460
1458,1466
1473,1454
1461,1455
1493,1441
1472,1465
1469,1454
1474,1457
1481,1453
1461,1443
1472,1461
1461,1452
1445,1446
1469,1437
1482,1448
1463,1466
1466,1442
1467,1447
1465,1448
1490,1455
1464,1449
1462,1446
1500,1447
1467,1447
1458,1428
1453,1440
1473,1433
1478,1438
1454,1431
1446,1431
1437,1444
1458,1445
1448,1415
1442,1411
1466,1424
1449,1430
1456,1425
1453,1416
1450,1427
1437,1433
1437,1418
1458,1414
1403,1436
1442,1404
1418,1412
1425,1407
1432,1407
1422,1400
1410,1408
1391,1393
1415,1402
1419,1398
1419,1395
1408,1380
1407,1391
1412,1392
1410,1374
1417,1382
1413,1394
1409,1372
1408,1399
1387,1381
1376,1382
1402,1368
1377,1367
1373,1364
1390,1357
1391,1361
1381,1361
1376,1346
1385,1362
1369,1362
1381,1359
1406,1375
1359,1377
1369,1349
1364,1355
1375,1366
1355,1344
1351,1345
1380,1352
1332,1345
1330,1336
1360,1358
1344,1358
1357,1356
1370,1329
1351,1348
1335,1367
1337,1346
1352,1325
1346,1323
1344,1351
1335,1336
1339,1338
1342,1325
1340,1339
1342,1327
1341,1333
1334,1331
1323,1331
1337,1346
1333,1305
1338,1339
1350,1338
1327,1333
1329,1338
1340,1330
1348,1315
1308,1338
1313,1332
1308,1343
1319,1342
1307,1352
1307,1334
1334,1345
1305,1340
1322,1320
1341,1317
1329,1322
1338,1326
1309,1354
1326,1326
1311,1330
1322,1336
1343,1342
1323,1339
1339,1338
1317,1345
1324,1334
1297,1336
1321,1330
1320,1352
1337,1345
1347,1353
1325,1366
1357,1337
1316,1340
1336,1379
1357,1350
1320,1373
1350,1389
1347,1371
1352,1365
1338,1348
1337,1351
1330,1353
1319,1383
1351,1372
1332,1376
1352,1372
1344,1365
1372,1384
1366,1386
1349,1387
1366,1384
1351,1409
1365,1392
1375,1355
1370,1366
1367,1389
1387,1386
1360,1407
1372,1393
1374,1398
1364,1394
1380,1388
1386,1425
1370,1412
1387,1415
1406,1427
1407,1402
1402,1413
1410,1412
1414,1396
1401,1422
1395,1414
1421,1430
1406,1426
1402,1436
1407,1435
1415,1426
1420,1424
1396,1443
1402,1418
1437,1421
1396,1443
1426,1433
1423,1440
1408,1441
1424,1440
1427,1435
1436,1449
1438,1450
1440,1442
1442,1458
1475,1441
1449,1454
1428,1453
1444,1454
1473,1459
1459,1452
1459,1450
1430,1459
1439,1459
1459,1456
1443,1464
1449,1450
1475,1451
1487,1451
1473,1473
1471,1450
1465,1456
1480,1466
1455,1463
1476,1469
1475,1454
1437,1449
1467,1494
1469,1470
1467,1471
1461,1473
1477,1472
1480,1480
1498,1463
1505,1449
1485,1456
1489,1471
1485,1467
1497,1461
1475,1474
1491,1459
1462,1459
1489,1450
1472,1467
1476,1447
1483,1451
1507,1450
1479,1472
1472,1451
1474,1462
1502,1466
1478,1445
1461,1442
1486,1458
1476,1455
1469,1452
1478,1461
1447,1456
1478,1458
1470,1452
1470,1444
1468,1437
1457,1430
1471,1452
1443,1431
1451,1449
1440,1451
1471,1426
1442,1435
1483,1439
1443,1455
1470,1422
1436,1413
1455,1431
1422,1427
1449,1437
1441,1435
1436,1421
1452,1418
1460,1409
1451,1412
1453,1403
1437,1408
1405,1428
1430,1412
1416,1406
1409,1393
1433,1417
1442,1405
1421,1410
1430,1409
1405,1398
1423,1411
1401,1406
1404,1403
1434,1401
1418,1375
1407,1390
1401,1388
1397,1397
1389,1409
1374,1387
1403,1378
1394,1368
1392,1370
1403,1376
1403,1382
1370,1351
1377,1367
1377,1384
1385,1374
1364,1378
1376,1372
1368,1365
1388,1339
1395,1353
1386,1381
1368,1350
1356,1349
1367,1335
1356,1336
1345,1344
1352,1346
1354,1346
1359,1361
1385,1354
1329,1325
1336,1337
1367,1347
1355,1337
1340,1323
1330,1346
1353,1343
1338,1338
1336,1338
1346,1336
1334,1323
1337,1356
1345,1342
1330,1338
1338,1341
1339,1316
1345,1338
1327,1337
1325,1329
1320,1331
1332,1329
1304,1339
1341,1349
1323,1332
1313,1335
1315,1320
1333,1337
1306,1333
1344,1332
1339,1325
1333,1331
1322,1336
1324,1342
1343,1337
1318,1337
1337,1336
1301,1341
1333,1354
1333,1345
1298,1347
1310,1333
1325,1351
1309,1351
1332,1325
1333,1346
1308,1358
1337,1355
1324,1344
1332,1334
1347,1356
1315,1337
1320,1357
1345,1350
1360,1365
1349,1367
1320,1339
1337,1366
1344,1362
1348,1374
1361,1369
1363,1372
1336,1366
1344,1365
1353,1395
1353,1356
1367,1389
1328,1372
1355,1355
1372,1372
1346,1374
1346,1382
1366,1391
1344,1384
1389,1369
1354,1398
1399,1369
1386,1414
1374,1404
1362,1386
1404,1414
1377,1389
1379,1408
1391,1392
1372,1412
1394,1416
1407,1404
1398,1418
1386,1409
1404,1398
1400,1397
1401,1430
1395,1432
1410,1426
1406,1429
1402,1412
1409,1424
1430,1437
1409,1430
1408,1424
1421,1427
1421,1431
1432,1436
1435,1443
1419,1454
1417,1439
1448,1443
1435,1434
1440,1439
1439,1448
1438,1435
1417,1446
1453,1462
1438,1472
1443,1454
1442,1450
1449,1432
1460,1463
1443,1447
1429,1443
1468,1455
1459,1456
1461,1466
1457,1484
1447,1474
1443,1476
1455,1475
1484,1452
1449,1460
1484,1445
1478,1460
1466,1468
1483,1482
1472,1462
1485,1459
1481,1459
1468,1458
1455,1463
1461,1460
1459,1459
1499,1480
1488,1462
1475,1471
1473,1450
1475,1482
1474,1457
1498,1457
1455,1480
1457,1458
1485,1468
1501,1460
1477,1471
1476,1464
1471,1464
1475,1474
1481,1458
1481,1455
1473,1461
1460,1433
1463,1451
1477,1463
1490,1452
1465,1444
1455,1445
1475,1454
1454,1458
1467,1454
1463,1441
1460,1458
1463,1449
1435,1450
1429,1431
1456,1443
1471,1423
1467,1433
1445,1428
1481,1419
1449,1445
1454,1410
1458,1435
1465,1408
1439,1423
1458,1424
1439,1440
1447,1411
1438,1435
1478,1430
1433,1416
1419,1377
1440,1407
1452,1420
1422,1389
1420,1417
1429,1433
1415,1402
1399,1401
1419,1400
1412,1389
1403,1390
1394,1401
1440,1379
1397,1377
1404,1375
1404,1380
1391,1367
1404,1398
1421,1375
1399,1381
1400,1369
1407,1377
1382,1373
1382,1364
1376,1363
1354,1365
1376,1368
1350,1399
1372,1354
1367,1387
1357,1338
1349,1366
1361,1356
1348,1333
1377,1342
1372,1348
1344,1352
1329,1360
1358,1352
1350,1372
1351,1349
1369,1322
1347,1333
1336,1360
1359,1345
1359,1342
1359,1321
1323,1351
1337,1330
1330,1328
1345,1335
1338,1320
1337,1337
1327,1343
1345,1335
1342,1343
1330,1350
1318,1321
1332,1326
1329,1338
1346,1350
1321,1323
1303,1318
1313,1315
1319,1328
1309,1347
1313,1333
1311,1315
1325,1317
1330,1342
1319,1338
1331,1343
1309,1333
1305,1349
1312,1352
1323,1340
1325,1332
1330,1333
1334,1339
1320,1336
1298,1334
1329,1369
1317,1330
1333,1351
1323,1357
1335,1347
1317,1321
1337,1360
1329,1338
1341,1341
1318,1350
1357,1357
1342,1349
1341,1340
1338,1353
1336,1341
1342,1334
1344,1361
1329,1354
1332,1364
1349,1355
1342,1371
1338,1381
1326,1348
1361,1368
1346,1387
1350,1353
1329,1381
1357,1358
1343,1386
1367,1372
1371,1370
1383,1369
1357,1370
1354,1375
1356,1388
1387,1374
1368,1408
1363,1374
1358,1385
1370,1408
1373,1395
1394,1389
1369,1407
1398,1397
1388,1408
1403,1427
1387,1391
1370,1417
1390,1410
1393,1415
1404,1413
1415,1430
1377,1439
1423,1434
1392,1440
1411,1426
1404,1421
1404,1432
1396,1430
1440,1430
1423,1437
1433,1420
1452,1430
1424,1448
1428,1465
1414,1449
1438,1431
1452,1457
1425,1450
1439,1448
1446,1436
1450,1463
1426,1437
1457,1435
1439,1463
1462,1450
1444,1468
1451,1442
1442,1476
1462,1447
1464,1459
1474,1460
1470,1455
1483,1485
1447,1443
1481,1444
1453,1464
1472,1483
1465,1463
1474,1446
1468,1460
1474,1468
1480,1464
1478,1477
1507,1456
1457,1446
1469,1475
1474,1467
1486,1465
1465,1435
1453,1451
1465,1473
1455,1472
1478,1466
1498,1444
1476,1476
1490,1463
1477,1472
1470,1476
1494,1455
1486,1452
1481,1449
1455,1457
1485,1476
1491,1435
1443,1472
1468,1475
1469,1460
1453,1438
1467,1461
1468,1439
1470,1451
1474,1441
1466,1441
1460,1445
1496,1459
1459,1434
1466,1453
1483,1450
1452,1460
1464,1450
1468,1447
1479,1433
1443,1451
1463,1439
1472,1431
1461,1425
1442,1430
1456,1437
1437,1437
1427,1422
1453,1419
1432,1413
1429,1411
1439,1428
1433,1423
1453,1418
1442,1415
1441,1399
1449,1391
1427,1412
1430,1422
1429,1412
1428,1384
1420,1386
1428,1400
1397,1383
1409,1378
1397,1400
1404,1383
1406,1379
1397,1381
1407,1387
1408,1379
1385,1376
1405,1383
1405,1370
1395,1394
1391,1397
1362,1372
1408,1380
1392,1385
1372,1368
1372,1348
1367,1365
1369,1361
1376,1371
1349,1358
1358,1368
1391,1353
1355,1378
1372,1365
1369,1365
1363,1355
1357,1349
1379,1356
1350,1334
1342,1351
1361,1334
1363,1343
1346,1369
1347,1357
1358,1332
1345,1356
1332,1340
1334,1362
1344,1331
1328,1342
1335,1324
1324,1350
1343,1334
1331,1325
1347,1334
1317,1334
1357,1346
1323,1326
1340,1348
1307,1320
1302,1311
1322,1335
1322,1329
1332,1333
1307,1336
1318,1334
1348,1331
1321,1335
1331,1344
1311,1326
1312,1333
1332,1326
1307,1351
1298,1314
1327,1323
1311,1332
1295,1332
1330,1335
1328,1327
1324,1355
1315,1334
1326,1330
1340,1353
1306,1353
1324,1320
1324,1334
1316,1346
1330,1342
1334,1346
1326,1345
1341,1370
1343,1352
1348,1375
1341,1355
1320,1356
1332,1364
1323,1367
1320,1379
1332,1383
1351,1372
1344,1350
1330,1346
1333,1368
1347,1372
1358,1372
1337,1376
1351,1370
1347,1367
1350,1372
1348,1392
1349,1381
1352,1376
1355,1395
1377,1395
1384,1397
1377,1394
1359,1393
1359,1391
1389,1389
1372,1395
1355,1388
1378,1400
1395,1398
1373,1424
1386,1389
1386,1392
1375,1412
1381,1422
1396,1398
1362,1418
1414,1422
1399,1422
1400,1413
1423,1434
1405,1385
1393,1404
1411,1447
1449,1407
1426,1453
1415,1439
1423,1444
1442,1444
1438,1427
1417,1439
1435,1435
1435,1436
1424,1448
1440,1425
1458,1449
1441,1444
1451,1445
1441,1424
1443,1456
1448,1463
1455,1443
1455,1448
1458,1465
1442,1464
1440,1461
1451,1442
1453,1465
1453,1468
1464,1488
1447,1455
1474,1462
1450,1442
1478,1457
1495,1468
1457,1471
1460,1467
1457,1451
1466,1461
1471,1472
1486,1460
1470,1475
1469,1471
1474,1467
1486,1455
1479,1461
1509,1466
1485,1456
1464,1460
1479,1453
1455,1448
1479,1477
1485,1465
1484,1463
1473,1466
1480,1474
1464,1448
1498,1456
1478,1467
1465,1464
1480,1472
1464,1471
1481,1462
1463,1463
1467,1450
1484,1459
1454,1471
1479,1434
1480,1435
1468,1462
1478,1442
1472,1452
1462,1447
1455,1445
1468,1456
1451,1434
1460,1434
1435,1448
1452,1438
1436,1434
1452,1448
1466,1442
1448,1424
1447,1427
1451,1426
1460,1446
1443,1424
1427,1430
1462,1450
1446,1429
1466,1419
1444,1431
1438,1415
1432,1417
1457,1419
1437,1404
1424,1415
1415,1389
1418,1407
1441,1402
1424,1410
1423,1392
1408,1407
1416,1413
1415,1408
1408,1421
1405,1389
1406,1388
1422,1390
1373,1393
1396,1403
1390,1376
1380,1375
1374,1361
1387,1372
1387,1373
1383,1381
1401,1364
1397,1361
1372,1385
1359,1356
1375,1364
1379,1367
1350,1366
1353,1362
1398,1364
1356,1341
1385,1335
1385,1356
1370,1355
1349,1345
1377,1334
1359,1362
1356,1366
1358,1363
1348,1343
1331,1362
1326,1346
1325,1348
1329,1338
1373,1346
1339,1325
1335,1339
1310,1343
1317,1324
1329,1335
1353,1317
1327,1334
1323,1333
1335,1350
1310,1350
1311,1359
1375,1340
1320,1318
1310,1317
1309,1321
1321,1342
1326,1335
1331,1343
1323,1318
1314,1338
1323,1339
1324,1338
1332,1331
1309,1341
1314,1349
1331,1344
1314,1336
1315,1338
1331,1312
1321,1332
1332,1340
1333,1312
1345,1346
1318,1323
1331,1341
1337,1347
1331,1353
1317,1366
1345,1359
1323,1342
1357,1353
1331,1330
1341,1348
1318,1368
1335,1356
1325,1355
1309,1366
1327,1346
1330,1359
1322,1367
1345,1349
1311,1360
1358,1365
1353,1365
1348,1357
1320,1368
1323,1360
1352,1372
1357,1360
1361,1376
1361,1376
1356,1372
1357,1362
1362,1376
1376,1378
1341,1385
1343,1390
1380,1376
1356,1387
1352,1390
1370,1387
1366,1386
1378,1397
1387,1401
1401,1401
1376,1428
1372,1405
1364,1404
1385,1396
1403,1396
1377,1419
1401,1400
1373,1429
1368,1413
1368,1408
1411,1415
1413,1402
1408,1424
1429,1408
1423,1426
1414,1431
1407,1437
1422,1433
1412,1417
1425,1432
1417,1425
1426,1455
1443,1436
1432,1435
1438,1434
1446,1457
1449,1442
1432,1440
1434,1425
1436,1424
1441,1444
1415,1444
1443,1467
1462,1457
1462,1463
1452,1459
1450,1458
1420,1463
1459,1442
1459,1449
1455,1452
1493,1467
1464,1458
1442,1461
1443,1488
1458,1470
1456,1470
1475,1451
1461,1470
1472,1474
1454,1467
1475,1476
1458,1461
1457,1454
1448,1482
1481,1466
1470,1462
1451,1487
1491,1467
1468,1467
1482,1456
1462,1465
1474,1457
1444,1468
1479,1478
1472,1454
1495,1455
1464,1461
1465,1472
1487,1463
1456,1442
1473,1467
1475,1477
1456,1467
1463,1463
1499,1457
1489,1448
1459,1442
1456,1451
1482,1460
1449,1439
1462,1423
1459,1451
1446,1452
1432,1470
1482,1448
1445,1446
1472,1431
1435,1450
1469,1442
1438,1439
1477,1430
1462,1420
1459,1432
1425,1441
1448,1444
1451,1427
1441,1419
1446,1427
1458,1430
1423,1427
1436,1415
1442,1426
1436,1414
1421,1393
1454,1408
1408,1396
1442,1409
1437,1429
1438,1400
1420,1408
1426,1408
1429,1391
1391,1398
1394,1382
1412,1390
1411,1404
1406,1393
1380,1383
1421,1394
1391,1394
1414,1389
1404,1376
1391,1375
1382,1399
1413,1374
1389,1378
1373,1364
1399,1386
1364,1361
1376,1347
1398,1372
1382,1361
1369,1379
1394,1366
1369,1344
1361,1369
1357,1371
1363,1365
1374,1359
1356,1348
1350,1378
1342,1351
1363,1360
1346,1339
1336,1363
1351,1375
1372,1350
1352,1347
1339,1355
1350,1333
1352,1338
1359,1364
1338,1328
1357,1339
1342,1330
1347,1346
1333,1348
1321,1348
1347,1334
1320,1361
1345,1345
1335,1345
1320,1343
1334,1333
1339,1346
1321,1332
1327,1336
1315,1326
1346,1332
1342,1338
1329,1355
1332,1333
1342,1349
1320,1362
1306,1339
1338,1349
1339,1344
1346,1338
1324,1330
1325,1334
1333,1358
1339,1321
1331,1347
1316,1324
1326,1346
1318,1339
1318,1354
1320,1341
1335,1315
1331,1357
1352,1363
1314,1353
1339,1352
1324,1363
1346,1344
1323,1354
1338,1345
1312,1350
1312,1349
1345,1368
1317,1354
1347,1350
1339,1366
1337,1376
1336,1352
1348,1363
1340,1374
1314,1383
1350,1372
1349,1379
1331,1378
1304,1361
1342,1369
1365,1380
1340,1374
1351,1366
1346,1384
1347,1377
1375,1396
1380,1385
1347,1390
1366,1393
1350,1386
1377,1398
1373,1410
1374,1386
1376,1390
1378,1399
1408,1403
1387,1387
1404,1403
1404,1384
1367,1399
1412,1413
1401,1407
1379,1397
1412,1423
1397,1430
1416,1430
1396,1424
1411,1437
1415,1424
1408,1427
1398,1430
1426,1426
1415,1423
1403,1425
1433,1419
1421,1434
1418,1435
1436,1421
1427,1433
1438,1444
1463,1435
1443,1433
1444,1425
1433,1433
1438,1455
1454,1451
1443,1440
1407,1428
1456,1448
1446,1445
1445,1448
1440,1468
1454,1460
1455,1471
1474,1453
1474,1471
1469,1475
1478,1470
1452,1466
1455,1460
1457,1462
1460,1467
1467,1470
1435,1467
1463,1463
1464,1456
1450,1457
1468,1456
1456,1457
1457,1459
1467,1461
1469,1466
1460,1469
1472,1458
1461,1453
1472,1461
1487,1472
1460,1463
1488,1457
1480,1437
1462,1469
1486,1459
1483,1450
1466,1455
1490,1447
1483,1460
1471,1467
1478,1459
1456,1468
1470,1464
1457,1466
1467,1449
1469,1457
1456,1442
1473,1446
1438,1454
1476,1441
1483,1452
1481,1455
1456,1442
1451,1450
1484,1443
1483,1430
1456,1433
1455,1414
1434,1418
1471,1432
1423,1421
1450,1439
1454,1429
1462,1410
1449,1417
1417,1435
1452,1428
1418,1419
1438,1410
1454,1416
1455,1418
1421,1412
1418,1415
1440,1427
1425,1426
1422,1412
1410,1424
1422,1411
1421,1419
1425,1387
1418,1434
1430,1396
1425,1393
1427,1404
1387,1389
1401,1417
1427,1393
1399,1403
1412,1386
1383,1367
1415,1403
1374,1386
1400,1381
1394,1367
1386,1388
1394,1391
1401,1380
1382,1355
1386,1368
1396,1363
1384,1372
1388,1373
1363,1350
1385,1371
1378,1358
1352,1356
1345,1353
1366,1354
1367,1368
1353,1342
1364,1358
1347,1345
1352,1352
1344,1352
1356,1364
1351,1328
1368,1360
1360,1339
1348,1360
1317,1324
1333,1332
1362,1338
1354,1336
1344,1349
1334,1351
1327,1358
1323,1349
1334,1316
1336,1336
1338,1333
1344,1345
1350,1359
1304,1327
1344,1336
1346,1359
1326,1351
1322,1349
1310,1343
1323,1347
1321,1346
1318,1335
1341,1341
1331,1354
1316,1368
1336,1317
1317,1316
1337,1368
1348,1336
1321,1369
1353,1352
1328,1362
1333,1340
1346,1321
1322,1336
1340,1352
1341,1356
1324,1361
1312,1362
1345,1351
1332,1348
1319,1365
1327,1349
1337,1358
1324,1346
1337,1336
1320,1361
1341,1357
1329,1377
1339,1363
1351,1365
1348,1374
1356,1387
1341,1332
1360,1371
1353,1371
1331,1378
1355,1376
1344,1378
1349,1388
1335,1385
1350,1381
1348,1403
1358,1378
1373,1373
1357,1362
1367,1377
1347,1382
1367,1387
1360,1381
1353,1396
1390,1387
1384,1384
1380,1389
1330,1387
1377,1385
1371,1403
1386,1400
1387,1418
1392,1410
1386,1405
1386,1406
1398,1409
1409,1418
1401,1399
1410,1409
1404,1408
1404,1411
1398,1416
1420,1409
1420,1433
1423,1409
1381,1417
1424,1432
1412,1419
1423,1429
1416,1427
1415,1435
1421,1436
1452,1438
1406,1456
1425,1441
1452,1449
1447,1453
1413,1443
1435,1446
1437,1442
1447,1438
1434,1455
1437,1440
1462,1445
1466,1466
1463,1445
1438,1465
1447,1457
1428,1445
1474,1472
1465,1450
1450,1445
1482,1461
1457,1455
1467,1452
1458,1477
1433,1454
1476,1457
1466,1482
1491,1440
1478,1461
1476,1445
1461,1461
1446,1443
1470,1470
1458,1450
1482,1444
1487,1439
1475,1466
1454,1442
1476,1460
1471,1456
1477,1461
1479,1474
1463,1456
1467,1456
1484,1457
1474,1453
1479,1448
1471,1472
1456,1464
1470,1446
1466,1448
1470,1432
1456,1468
1461,1436
1451,1440
1462,1457
1468,1459
1472,1450
1469,1464
1480,1407
1457,1456
1447,1445
1446,1433
1474,1450
1481,1444
1461,1433
1456,1463
1447,1425
1453,1458
1440,1418
1431,1436
1464,1441
1439,1435
1453,1441
1440,1430
1458,1429
1451,1418
1428,1425
1431,1409
1445,1411
1420,1435
1454,1432
1432,1418
1427,1401
1429,1410
1430,1425
1422,1400
1417,1410
1437,1409
1410,1400
1406,1404
1411,1405
1410,1402
1419,1396
1402,1389
1408,1391
1418,1386
1392,1376
1378,1389
1381,1397
1397,1375
1377,1375
1389,1392
1416,1388
1394,1399
1406,1353
1392,1367
1395,1374
1379,1370
1369,1386
1395,1370
1364,1358
1371,1368
1398,1367
1366,1378
1372,1371
1360,1361
1347,1361
1370,1358
1347,1339
1371,1364
1364,1368
1375,1373
1347,1364
1376,1369
1359,1353
1365,1355
1335,1344
1353,1365
1341,1356
1348,1343
1359,1342
1331,1343
1338,1338
1347,1320
1344,1348
1364,1341
1333,1342
1359,1339
1334,1342
1348,1350
1341,1338
1326,1349
1327,1356
1305,1330
1328,1355
1303,1328
1310,1338
1336,1361
1341,1323
1332,1330
1317,1358
1347,1321
1313,1354
1323,1339
1327,1332
1318,1356
1352,1347
1337,1349
1316,1336
1341,1335
1324,1337
1340,1353
1334,1348
1313,1352
1344,1322
1342,1352
1351,1355
1340,1343
1336,1365
1321,1353
1327,1359
1357,1355
1336,1338
1322,1338
1333,1369
1373,1353
1343,1349
1366,1364
1367,1356
1339,1376
1344,1359
1367,1371
1382,1368
1364,1377
1378,1376
1348,1371
1365,1389
1342,1369
1327,1377
1370,1393
1367,1381
1362,1386
1362,1399
1358,1377
1352,1383
1379,1410
1384,1363
1362,1378
1368,1401
1389,1403
1380,1380
1344,1404
1372,1383
1374,1410
1379,1406
1374,1423
1388,1406
1377,1418
1400,1410
1376,1401
1397,1411
1407,1395
1411,1418
1417,1409
1406,1393
1389,1435
1427,1410
1414,1417
1400,1405
1412,1418
1408,1441
1413,1408
1417,1431
1426,1439
1430,1415
1399,1433
1422,1436
1437,1442
1429,1448
1434,1420
1411,1439
1424,1442
1433,1440
1433,1450
1416,1447
1434,1437
1427,1431
1430,1442
1431,1447
1426,1433
1437,1451
1456,1449
1432,1433
1462,1437
1460,1437
1457,1430
1451,1452
1442,1465
1458,1461
1458,1447
1449,1442
1469,1448
1468,1452
1453,1448
1452,1444
1472,1457
1477,1451
1463,1478
1462,1457
1474,1475
1471,1474
1469,1448
1461,1457
1467,1458
1472,1431
1478,1456
1450,1468
1469,1453
1472,1443
1490,1474
1468,1458
1485,1455
1458,1466
1479,1456
1477,1432
1476,1467
1449,1446
1473,1442
1471,1440
1463,1452
1470,1453
1442,1448
1448,1458
1449,1435
1463,1452
1448,1444
1469,1430
1454,1427
1452,1457
1464,1454
1460,1428
1450,1430
1458,1444
1452,1427
1466,1432
1455,1434
1450,1417
1463,1427
1451,1457
1451,1442
1443,1444
1438,1407
1430,1434
1449,1419
1421,1421
1444,1422
1457,1412
1454,1424
1441,1401
1426,1408
1407,1408
1436,1414
1404,1402
1417,1390
1421,1402
1416,1386
1421,1387
1413,1399
1409,1401
1391,1406
1425,1410
1424,1396
1413,1380
1396,1396
1403,1403
1399,1371
1396,1409
1401,1394
1396,1387
1409,1379
1398,1396
1419,1367
1382,1385
1394,1378
1409,1372
1403,1365
1375,1378
1392,1371
1381,1373
1375,1350
1366,1362
1377,1379
1379,1359
1369,1359
1382,1360
1393,1353
1367,1368
1382,1352
1360,1371
1356,1345
1367,1360
1357,1376
1361,1355
1343,1353
1378,1381
1353,1352
1336,1366
1354,1356
1338,1348
1345,1372
1353,1352
1356,1329
1357,1360
1342,1353
1335,1348
1347,1350
1344,1335
1348,1366
1372,1334
1346,1351
1365,1328
1330,1338
1345,1333
1336,1353
1345,1342
1345,1345
1321,1327
1339,1338
1341,1357
1342,1330
1339,1356
1319,1339
1357,1356
1340,1345
1329,1343
1355,1351
1354,1341
1346,1345
1327,1355
1345,1355
1348,1338
1340,1370
1327,1363
1361,1344
1352,1351
1316,1356
1304,1372
1333,1353
1327,1359
1353,1359
1348,1341
1336,1370
1330,1363
1345,1345
1328,1358
1349,1344
1353,1354
1339,1352
1355,1355
1337,1377
1338,1371
1363,1379
1357,1386
1344,1383
1350,1361
1357,1364
1362,1385
1332,1364
1366,1376
1383,1391
1361,1363
1374,1389
1363,1384
1355,1409
1383,1398
1376,1381
1369,1399
1378,1386
1379,1384
1357,1388
1360,1404
1396,1395
1385,1404
1398,1395
1394,1412
1386,1375
1413,1391
1387,1411
1380,1410
1401,1425
1408,1410
1400,1425
1412,1411
1405,1416
1386,1418
1403,1428
1407,1434
1417,1405
1404,1414
1415,1430
1402,1426
1405,1431
1407,1433
1403,1420
1404,1439
1419,1417
1422,1436
1409,1425
1416,1435
1447,1449
1414,1435
1420,1439
1422,1436
1446,1436
1415,1437
1444,1460
1458,1436
1434,1461
1419,1445
1452,1435
1443,1445
1440,1456
1435,1429
1434,1460
1461,1447
1458,1447
1475,1462
1456,1446
1445,1430
1446,1448
1461,1450
1467,1436
1449,1457
1443,1485
1470,1444
1468,1451
1461,1464
1446,1453
1468,1450
1464,1471
1469,1441
1474,1456
1479,1458
1462,1470
1490,1484
1455,1428
1465,1493
1474,1436
1479,1475
1463,1448
1453,1446
1477,1464
1453,1429
1467,1454
1487,1442
1464,1466
1461,1474
1442,1438
1471,1445
1479,1453
1472,1436
1465,1437
1434,1442
1479,1448
1441,1443
1454,1419
1461,1444
1454,1436
1440,1445
1458,1451
1435,1422
1453,1433
1450,1426
1438,1427
1427,1434
1443,1426
1460,1435
1468,1416
1436,1429
1479,1426
1430,1425
1449,1432
1430,1416
1422,1436
1444,1418
1456,1406
1432,1410
1435,1422
1426,1433
1420,1402
1408,1410
1414,1403
1453,1435
1437,1414
1433,1415
1453,1397
1444,1402
1414,1410
1433,1399
1433,1413
1422,1401
1447,1404
1419,1376
1408,1377
1437,1394
1415,1386
1423,1411
1411,1396
1406,1402
1388,1389
1391,1389
1385,1373
1397,1398
1385,1394
1375,1364
1416,1390
1380,1391
1382,1368
1378,1386
1398,1376
1368,1365
1390,1358
1367,1364
1375,1389
1386,1392
1379,1374
1378,1365
1371,1360
1393,1368
1393,1343
1351,1355
1362,1349
1355,1357
1369,1361
1348,1370
1346,1354
1360,1333
1381,1341
1360,1350
1375,1347
1358,1354
1333,1361
1347,1344
1340,1340
1369,1353
1349,1353
1349,1355
1329,1347
1346,1349
1327,1352
1351,1334
1346,1335
1354,1343
1332,1336
1348,1353
1329,1350
1350,1335
1332,1327
1319,1332
1331,1359
1336,1357
1355,1353
1337,1347
1336,1344
1346,1350
1338,1365
1336,1356
1321,1347
1312,1354
1352,1334
1358,1355
1329,1347
1348,1357
1359,1339
1335,1331
1362,1346
1348,1353
1350,1335
1348,1348
1342,1347
1343,1366
1328,1365
1339,1373
1336,1363
1370,1353
1355,1372
1357,1360
1343,1383
1350,1369
1333,1356
1355,1373
1363,1371
1350,1380
1371,1376
1335,1379
1357,1365
1367,1368
1366,1382
1368,1372
1351,1386
1366,1371
1349,1378
1365,1381
1368,1386
1370,1389
1328,1381
1356,1379
1357,1380
1390,1377
1395,1375
1365,1377
1372,1394
1357,1399
1388,1389
1398,1393
1366,1398
1397,1401
1384,1406
1408,1417
1390,1416
1398,1400
1410,1396
1401,1392
1394,1393
1399,1409
1386,1403
1397,1406
1374,1412
1413,1418
1397,1410
1404,1412
1398,1430
1399,1421
1422,1416
1395,1433
1421,1426
1418,1420
1416,1420
1424,1433
1411,1435
1415,1425
1437,1418
1423,1429
1441,1436
1423,1442
1452,1432
1426,1427
1433,1445
1434,1420
1418,1433
1435,1451
1448,1442
1453,1430
1439,1427
1431,1444
1480,1431
1431,1447
1422,1451
1446,1460
1443,1458
1432,1443
1458,1438
1436,1424
1456,1469
1461,1441
1441,1466
1464,1442
1457,1456
1439,1447
1453,1459
1439,1450
1471,1450
1446,1456
1479,1442
1448,1440
1460,1441
1458,1438
1461,1447
1449,1453
1453,1457
1459,1444
1448,1436
1429,1448
1461,1438
1444,1449
1477,1458
1442,1448
1485,1449
1483,1442
1460,1441
1456,1433
1454,1463
1444,1428
1465,1433
1487,1450
1436,1440
1436,1414
1476,1438
1451,1445
1465,1448
1451,1432
1465,1438
1448,1453
1450,1439
1431,1428
1454,1442
1451,1437
1435,1437
1446,1433
1444,1430
1423,1437
1448,1418
1438,1435
1455,1434
1435,1411
1448,1426
1444,1419
1437,1425
1439,1409
1422,1422
1435,1425
1417,1397
1433,1415
1419,1424
1428,1419
1428,1431
1442,1409
1444,1401
1433,1399
1439,1399
1408,1399
1411,1402
1410,1390
1421,1402
1413,1392
1410,1400
1408,1384
1399,1378
1427,1400
1388,1378
1410,1368
1391,1402
1384,1376
1391,1387
1402,1370
1377,1372
1410,1356
1383,1389
1382,1372
1391,1365
1408,1391
1394,1373
1379,1381
1406,1385
1374,1376
1393,1373
1394,1382
1405,1378
1369,1385
1370,1374
1366,1360
1386,1358
1359,1365
1384,1339
1373,1346
1328,1356
1385,1348
1359,1361
1378,1363
1360,1369
1329,1351
1379,1362
1350,1363
1358,1340
1345,1362
1350,1348
1367,1354
1346,1359
1352,1361
1364,1337
1326,1357
1350,1338
1326,1354
1334,1340
1328,1336
1357,1349
1329,1344
1358,1365
1315,1338
1341,1337
1349,1339
1346,1346
1347,1358
1332,1344
1356,1332
1341,1360
1347,1358
1357,1359
1332,1342
1350,1350
1346,1345
1318,1336
1322,1341
1350,1366
1342,1356
1339,1373
1321,1353
1355,1360
1357,1354
1354,1351
1358,1369
1320,1353
1358,1344
1350,1357
1355,1372
1350,1375
1339,1359
1358,1361
1332,1361
1368,1369
1330,1382
1349,1368
1337,1364
1375,1349
1341,1360
1353,1372
1351,1354
1362,1376
1357,1352
1346,1393
1372,1366
1358,1378
1349,1373
1375,1374
1367,1387
1365,1394
1375,1389
1349,1368
1363,1393
1375,1387
1355,1392
1373,1396
1356,1387
1365,1375
1360,1393
1402,1394
1392,1391
1390,1392
1391,1403
1414,1375
1371,1417
1386,1406
1396,1409
1379,1389
1398,1403
1383,1404
1412,1392
1380,1404
1392,1421
1409,1412
1392,1433
1404,1437
1399,1416
1399,1442
1396,1429
1404,1420
1421,1441
1405,1414
1411,1419
1400,1412
1403,1433
1396,1437
1413,1406
1430,1433
1412,1435
1411,1451
1422,1418
1411,1419
1411,1440
1437,1419
1428,1430
1434,1445
1429,1448
1456,1457
1419,1446
1414,1446
1428,1436
1425,1451
1434,1444
1424,1426
1413,1461
1450,1450
1449,1444
1429,1451
1444,1444
1434,1431
1460,1437
1472,1445
1458,1468
1419,1450
1456,1451
1474,1445
1453,1432
1435,1437
1464,1455
1460,1453
1441,1459
1456,1441
1459,1450
1440,1437
1435,1463
1441,1437
1445,1449
1456,1457
1456,1452
1456,1440
1438,1451
1480,1452
1463,1431
1465,1459
1479,1452
1440,1439
1459,1431
1457,1438
1452,1446
1469,1463
1464,1437
1454,1445
1447,1444
1468,1449
1435,1438
1474,1435
1456,1442
1466,1448
1470,1446
1435,1441
1455,1414
1441,1431
1438,1410
1458,1468
1439,1447
1445,1446
1442,1430
1437,1427
1457,1415
1441,1433
1422,1427
1442,1423
1468,1426
1462,1427
1436,1414
1433,1418
1432,1424
1442,1421
1431,1427
1423,1427
1449,1408
1416,1417
1416,1409
1439,1419
1409,1415
1428,1415
1416,1405
1445,1405
1416,1396
1449,1417
1430,1389
1392,1429
1415,1395
1412,1412
1417,1387
1391,1387
1425,1413
1436,1382
1414,1397
1403,1395
1396,1384
1373,1400
1414,1396
1414,1399
1406,1384
1380,1377
1390,1385
1396,1372
1394,1380
1405,1386
1399,1362
1375,1363
1382,1363
1389,1381
1381,1386
1389,1382
1387,1379
1359,1380
1405,1367
1396,1356
1343,1390
1386,1350
1398,1359
1350,1377
1375,1373
1373,1345
1355,1369
1379,1358
1356,1353
1340,1363
1375,1372
1361,1364
1379,1364
1353,1367
1398,1362
1346,1357
1353,1368
1357,1365
1358,1397
1341,1359
1349,1363
1352,1368
1372,1368
1351,1357
1335,1364
1370,1358
1338,1362
1354,1345
1341,1361
1352,1339
1373,1334
1362,1356
1343,1352
1360,1361
1355,1342
1351,1342
1363,1367
1354,1360
1347,1363
1341,1368
1328,1364
1347,1356
1327,1346
1352,1366
1339,1363
1333,1359
1343,1374
1340,1355
1321,1357
1362,1355
1340,1366
1348,1357
1339,1352
1336,1358
1351,1352
1360,1343
1346,1343
1376,1374
1337,1371
1337,1362
1337,1366
1342,1372
1335,1352
1355,1377
1347,1359
1352,1375
1368,1364
1360,1359
1356,1359
1366,1364
1362,1374
1353,1372
1380,1380
1363,1384
1374,1365
1361,1392
1388,1375
1377,1398
1377,1397
1359,1362
1348,1368
1354,1371
1376,1383
1356,1379
1353,1371
1365,1386
1384,1367
1388,1403
1376,1407
1391,1395
1397,1401
1364,1391
1406,1410
1380,1390
1379,1369
1391,1398
1361,1417
1406,1395
1387,1393
1372,1408
1408,1413
1422,1403
1400,1422
1416,1404
1392,1411
1403,1407
1410,1409
1409,1434
1409,1423
1404,1424
1402,1432
1413,1443
1419,1418
1388,1435
1396,1425
1410,1423
1424,1419
1407,1418
1416,1437
1430,1423
1402,1428
1455,1418
1435,1434
1435,1430
1417,1419
1438,1430
1405,1451
1456,1433
1443,1454
1439,1443
1442,1440
1429,1407
1439,1438
1432,1434
1434,1430
1425,1434
1449,1436
1416,1431
1445,1449
1426,1440
1462,1442
1469,1435
1441,1454
1446,1436
1480,1456
1446,1449
1433,1452
1441,1431
1452,1430
1434,1451
1445,1458
1458,1435
1440,1445
1446,1460
1442,1448
1465,1444
1463,1464
1425,1453
1452,1431
1437,1445
1468,1425
1453,1458
1463,1450
1449,1432
1467,1444
1425,1440
1433,1455
1471,1449
1477,1448
1442,1438
1446,1456
1448,1444
1444,1434
1446,1434
1445,1436
1441,1439
1464,1441
1455,1435
1444,1425
1440,1447
1459,1434
1438,1424
1452,1439
1443,1446
1442,1439
1424,1426
1432,1420
1438,1430
1436,1429
1448,1420
1439,1416
1437,1421
1441,1421
1431,1428
1430,1428
1436,1405
1449,1422
1406,1423
1438,1430
1423,1395
1429,1432
1418,1411
1430,1392
1398,1417
1427,1405
1409,1400
1442,1402
1430,1393
1424,1418
1426,1403
1408,1402
1425,1411
1419,1404
1426,1395
1436,1388
1419,1406
1411,1381
1403,1385
1408,1405
1393,1382
1419,1393
1402,1390
1390,1394
1392,1380
1406,1387
1434,1386
1394,1395
1388,1390
1401,1391
1390,1374
1380,1395
1359,1377
1390,1370
1394,1392
1367,1373
1402,1376
1404,1369
1371,1378
1370,1378
1382,1359
1378,1387
1393,1374
1386,1373
1376,1373
1371,1353
1368,1363
1380,1375
1365,1359
1345,1386
1372,1368
1349,1372
1376,1354
1337,1339
1368,1352
1364,1370
1338,1367
1348,1363
1360,1336
1359,1354
1366,1353
1372,1350
1359,1347
1354,1358
1361,1357
1359,1367
1343,1361
1339,1335
1368,1350
1351,1363
1354,1355
1354,1357
1345,1359
1331,1363
1319,1342
1361,1342
1363,1359
1351,1374
1344,1362
1353,1353
1355,1352
1365,1365
1350,1347
1353,1361
1350,1353
1358,1356
1345,1351
1336,1348
1354,1364
1330,1356
1350,1355
1350,1337
1343,1356
1359,1356
1356,1343
1355,1366
1340,1374
1349,1377
1349,1368
1372,1355
1335,1358
1348,1368
1348,1372
1372,1363
1360,1359
1362,1374
1365,1382
1351,1348
1359,1378
1374,1383
1351,1368
1330,1394
1357,1365
1344,1376
1392,1369
1342,1366
1353,1377
1367,1360
1362,1376
1360,1384
1350,1381
1367,1383
1346,1383
1365,1382
1369,1378
1385,1391
1357,1393
1371,1401
1374,1381
1374,1391
1380,1377
1383,1388
1370,1408
1373,1411
1368,1391
1371,1392
1410,1408
1365,1390
1391,1403
1423,1391
1394,1390
1362,1405
1370,1386
1392,1420
1368,1399
1392,1416
1377,1418
1393,1410
1411,1437
1415,1409
1410,1439
1417,1415
1413,1380
1406,1421
1410,1418
1417,1425
1428,1409
1406,1420
1447,1426
1409,1417
1405,1437
1395,1414
1413,1427
1423,1425
1420,1419
1414,1429
1426,1429
1434,1424
1412,1428
1426,1448
1444,1424
1438,1434
1397,1448
1428,1438
1443,1431
1431,1433
1421,1420
1432,1418
1408,1425
1440,1422
1440,1456
1427,1454
1429,1459
1435,1442
1428,1429
1455,1452
1459,1443
1450,1450
1454,1431
1446,1458
1446,1426
1472,1438
1437,1456
1445,1454
1426,1446
1450,1448
1438,1459
1451,1440
1465,1428
1454,1451
1466,1469
1462,1442
1448,1426
1444,1456
1442,1461
1442,1439
1437,1453
1463,1446
1435,1456
1431,1444
1422,1426
1460,1425
1433,1443
1448,1442
1477,1432
1457,1435
1464,1422
1456,1442
1439,1437
1419,1432
1462,1433
1443,1452
1470,1447
1443,1440
1447,1449
1450,1437
1438,1427
1457,1441
1443,1443
1453,1434
1436,1409
1444,1430
1427,1411
1429,1427
1426,1432
1441,1402
1434,1429
1447,1419
1434,1397
1418,1419
1448,1418
1437,1431
1438,1421
1409,1417
1441,1420
1439,1432
1433,1415
1430,1420
1422,1399
1438,1416
1430,1388
1417,1412
1423,1408
1451,1419
1422,1427
1424,1404
1415,1397
1412,1396
1423,1406
1432,1398
1416,1408
1405,1407
1432,1382
1404,1394
1394,1407
1404,1398
1398,1393
1374,1397
1381,1382
1400,1418
1385,1389
1421,1398
1402,1376
1393,1377
1405,1396
1382,1382
1385,1386
1401,1380
1373,1361
1379,1410
1381,1375
1392,1381
1361,1386
1378,1368
1412,1383
1382,1386
1377,1371
1368,1360
1368,1351
1373,1380
1388,1359
1362,1379
1368,1346
1372,1376
1377,1374
1395,1376
1345,1380
1367,1387
1352,1365
1387,1362
1359,1371
1365,1351
1378,1367
1363,1366
1366,1355
1381,1382
1360,1364
1370,1363
1360,1376
1361,1359
1341,1344
1339,1366
1362,1353
1364,1366
1353,1346
1368,1359
1338,1337
1345,1357
1329,1355
1337,1347
1332,1353
1348,1340
1336,1357
1358,1342
1325,1375
1337,1385
1348,1356
1342,1347
1346,1370
1386,1359
1352,1358
1347,1341
1346,1370
1348,1368
1346,1349
1337,1347
1372,1362
1327,1347
1352,1361
1348,1359
1341,1369
1344,1350
1351,1353
1358,1352
1333,1345
1350,1374
1358,1380
1374,1365
1357,1369
1350,1353
1356,1370
1344,1388
1377,1352
1360,1367
1349,1355
1330,1381
1352,1367
1370,1383
1344,1384
1348,1386
1365,1383
1369,1369
1347,1379
1364,1364
1369,1389
1336,1381
1359,1402
1343,1385
1362,1379
1369,1360
1368,1388
1390,1395
1365,1397
1365,1394
1375,1395
1377,1376
1378,1378
1393,1416
1377,1407
1389,1397
1393,1390
1377,1381
1383,1388
1396,1403
1386,1392
1392,1421
1403,1401
1399,1419
1390,1428
1401,1420
1383,1412
1383,1403
1405,1401
1386,1407
1409,1418
1430,1410
1380,1412
1393,1415
1403,1410
1432,1414
1420,1434
1406,1383
1381,1427
1396,1421
1398,1431
1430,1434
1400,1425
1408,1438
1430,1424
1426,1417
1411,1424
1418,1445
1409,1415
1417,1408
1427,1432
1419,1421
1415,1419
1419,1422
1419,1438
1439,1429
1448,1440
1434,1425
1424,1426
1439,1443
1431,1443
1419,1443
1432,1425
1424,1431
1422,1428
1423,1451
1421,1440
1425,1436
1425,1424
1434,1442
1429,1437
1447,1444
1463,1447
1446,1445
1447,1451
1444,1444
1431,1431
1434,1444
1427,1456
1435,1451
1442,1434
1466,1433
1425,1428
1447,1435
1452,1438
1436,1442
1461,1445
1443,1444
1426,1445
1443,1431
1436,1435
1432,1449
1457,1435
1427,1459
1443,1433
1468,1426
1430,1418
1427,1439
1443,1432
1443,1433
1465,1436
1435,1409
1433,1445
1461,1428
1447,1421
1436,1410
1450,1432
1442,1430
1444,1425
1445,1424
1440,1443
1414,1432
1439,1438
1437,1435
1441,1454
1438,1436
1429,1414
1454,1412
1450,1439
1427,1415
1451,1416
1449,1427
1422,1412
1440,1404
1422,1428
1445,1411
1418,1420
1426,1420
1447,1409
1430,1424
1460,1411
1431,1424
1435,1435
1416,1410
1422,1410
1422,1403
1411,1416
1412,1402
1418,1407
1421,1408
1448,1420
1419,1407
1420,1397
1418,1424
1413,1392
1408,1401
1427,1402
1394,1405
1423,1393
1405,1389
1411,1399
1394,1390
1383,1396
1395,1374
1401,1400
1384,1390
1377,1389
1386,1403
1415,1386
1434,1398
1396,1393
1380,1380
1396,1359
1390,1379
1375,1381
1391,1365
1388,1382
1384,1380
1383,1364
1372,1391
1420,1358
1380,1382
1384,1364
1390,1385
1384,1359
1394,1384
1387,1369
1374,1375
1367,1388
1394,1392
1367,1363
1390,1372
1394,1380
1375,1376
1347,1363
1402,1353
1362,1355
1381,1371
1352,1350
1354,1354
1353,1361
1394,1367
1362,1376
1383,1367
1352,1361
1368,1363
1338,1357
1350,1363
1358,1346
1352,1347
1346,1359
1346,1365
1337,1362
1360,1354
1366,1362
1356,1339
1363,1360
1357,1345
1346,1369
1342,1362
1360,1368
1360,1351
1350,1346
1342,1347
1372,1368
1349,1359
1368,1368
1362,1349
1338,1340
1361,1383
1359,1351
1357,1363
1348,1361
1330,1378
1327,1352
1333,1366
1348,1357
1355,1362
1343,1388
1354,1379
1349,1370
1348,1348
1342,1376
1352,1359
1388,1359
1358,1341
1356,1348
1351,1355
1351,1355
1334,1363
1354,1370
1357,1380
1364,1375
1335,1350
1354,1361
1372,1380
1351,1381
1361,1387
1370,1389
1352,1381
1357,1392
1365,1381
1363,1376
1355,1370
1354,1370
1384,1389
1361,1382
1381,1367
1387,1387
1401,1377
1351,1397
1349,1383
1378,1380
1356,1398
1382,1398
1387,1390
1406,1391
1363,1369
1380,1399
1386,1397
1374,1400
1402,1402
1382,1402
1390,1406
1386,1392
1375,1402
1376,1413
1402,1382
1388,1394
1381,1384
1381,1397
1415,1399
1413,1415
1390,1393
1420,1410
1385,1398
1403,1424
1370,1395
1426,1408
1422,1416
1398,1425
1393,1415
1404,1424
1400,1423
1418,1424
1420,1430
1416,1444
1425,1413
1405,1429
1429,1431
1420,1438
1434,1416
1426,1443
1411,1421
1416,1430
1434,1443
1417,1432
1420,1422
1427,1434
1423,1433
1421,1433
1447,1437
1438,1432
1404,1437
1428,1446
1435,1428
1406,1443
1441,1422
1430,1444
1437,1432
1435,1440
1420,1443
1446,1442
1428,1445
1442,1447
1429,1434
1428,1424
1438,1428
1455,1428
1424,1439
1440,1439
1459,1432
1428,1453
1433,1445
1431,1428
1449,1449
1469,1422
1457,1442
1440,1429
1451,1411
1466,1430
1462,1437
1429,1442
1448,1463
1453,1448
1469,1449
1451,1442
1442,1436
1420,1438
1469,1440
1408,1408
1437,1446
1444,1431
1453,1458
1451,1420
1425,1429
1446,1436
1460,1444
1436,1431
1434,1438
1435,1439
1445,1443
1448,1421
1445,1436
1432,1426
1467,1433
1447,1433
1447,1418
1435,1422
1434,1415
1427,1444
1438,1426
1443,1431
1451,1441
1405,1420
1458,1432
1436,1431
1421,1433
1463,1432
1434,1421
1432,1400
1424,1420
1429,1419
1423,1428
1429,1401
1439,1413
1424,1405
1422,1416
1412,1430
1430,1415
1420,1384
1450,1394
1429,1408
1438,1403
1436,1393
1396,1407
1416,1400
1434,1413
1443,1386
1406,1389
1399,1401
1422,1392
1407,1408
1416,1390
1420,1419
1414,1387
1395,1393
1401,1382
1401,1395
1401,1391
1404,1389
1414,1378
1412,1399
1403,1399
1398,1415
1424,1371
1386,1375
1418,1398
1404,1383
1411,1388
1364,1389
1384,1387
1371,1405
1390,1380
1392,1369
1396,1357
1378,1377
1402,1383
1371,1362
1388,1364
1375,1382
1366,1356
1359,1360
1363,1369
1370,1384
1363,1371
1360,1373
1393,1344
1353,1358
1394,1364
1386,1359
1367,1385
1369,1383
1370,1346
1358,1378
1366,1340
1358,1388
1371,1359
1366,1370
1369,1364
1340,1361
1354,1364
1373,1361
1363,1357
1356,1346
1339,1358
1366,1351
1341,1353
1340,1385
1375,1372
1329,1336
1336,1351
1343,1360
1343,1359
1357,1351
1343,1358
1360,1350
1372,1370
1354,1349
1355,1363
1328,1348
1366,1361
1339,1354
1359,1356
1360,1355
1363,1381
1353,1363
1350,1374
1349,1370
1348,1387
1344,1363
1371,1366
1337,1349
1356,1365
1383,1368
1350,1361
1374,1353
1351,1345
1346,1356
1357,1373
1335,1365
1367,1362
1349,1360
1354,1381
1349,1378
1351,1372
1349,1365
1355,1376
1358,1375
1367,1373
1341,1371
1353,1357
1379,1377
1340,1373
1372,1373
1372,1366
1385,1375
1360,1380
1372,1366
1354,1376
1377,1384
1349,1370
1388,1381
1353,1400
1373,1373
1370,1386
1375,1402
1376,1384
1367,1393
1383,1390
1368,1375
1392,1403
1366,1368
1366,1397
1383,1399
1377,1376
1391,1408
1403,1395
1375,1408
1378,1385
1386,1391
1407,1421
1409,1403
1404,1401
1381,1402
1411,1388
1394,1414
1391,1418
1363,1408
1414,1400
1408,1398
1382,1390
1428,1411
1400,1432
1406,1407
1378,1391
1389,1390
1389,1418
1417,1405
1422,1412
1419,1389
1406,1414
1389,1421
1393,1414
1434,1414
1415,1435
1416,1411
1422,1403
1411,1417
1411,1424
1443,1429
1410,1422
1440,1423
1422,1431
1436,1435
1423,1432
1420,1436
1434,1417
1405,1419
1423,1439
1441,1444
1439,1436
1411,1426
1433,1455
1432,1428
1451,1419
1437,1432
1433,1449
1451,1432
1430,1422
1426,1456
1446,1430
1435,1444
1445,1434
1473,1436
1445,1433
1459,1444
1438,1443
1440,1448
1440,1439
1444,1448
1438,1430
1431,1428
1444,1435
1438,1442
1450,1433
1445,1428
1449,1448
1428,1421
1444,1427
1466,1458
1453,1421
1444,1427
1435,1435
1441,1451
1458,1433
1416,1427
1453,1421
1424,1431
1451,1431
1441,1446
1427,1454
1442,1435
1440,1452
1447,1427
1461,1419
1444,1435
1453,1461
1423,1428
1431,1433
1426,1443
1448,1426
1457,1434
1449,1435
1445,1425
1441,1437
1442,1445
1437,1440
1443,1426
1440,1408
1444,1451
1452,1404
1446,1422
1422,1441
1423,1433
1446,1410
1426,1418
1442,1414
1441,1427
1444,1419
1427,1421
1439,1423
1447,1394
1430,1437
1455,1416
1446,1413
1428,1394
1436,1401
1422,1422
1420,1416
1430,1415
1423,1414
1413,1425
1436,1419
1412,1394
1417,1415
1388,1411
1405,1405
1439,1407
1431,1400
1433,1389
1403,1399
1420,1401
1408,1397
1419,1416
1409,1399
1400,1397
1416,1373
1393,1390
1410,1365
1397,1406
1409,1394
1382,1390
1394,1412
1432,1399
1407,1380
1400,1397
1407,1384
1397,1388
1400,1362
1385,1372
1405,1383
1387,1387
1378,1377
1405,1376
1395,1373
1379,1366
1350,1384
1365,1365
1374,1389
1387,1375
1376,1366
1371,1378
1359,1374
1386,1360
1373,1363
1396,1367
1377,1382
1399,1375
1367,1365
1369,1375
1396,1374
1399,1361
1347,1360
1387,1366
1360,1376
1354,1365
1392,1367
1376,1356
1360,1341
1364,1367
1351,1369
1369,1388
1360,1344
1383,1378
1356,1355
1363,1366
1359,1366
1350,1381
1371,1369
1394,1351
1387,1352
1353,1369
1365,1373
1329,1348
1341,1361
1360,1365
1372,1343
1354,1360
1348,1366
1357,1363
1352,1343
1351,1358
1343,1347
1374,1368
1348,1355
1351,1365
1371,1368
1346,1363
1351,1349
1365,1383
1362,1369
1340,1369
1363,1363
1352,1365
1352,1349
1344,1360
1338,1371
1361,1362
1367,1352
1348,1360
1343,1371
1338,1343
1361,1337
1367,1365
1356,1373
1323,1366
1328,1358
1344,1364
1360,1354
1343,1378
1371,1375
1353,1364
1362,1360
1380,1372
1361,1360
1368,1370
1368,1358
1361,1398
1337,1379
1368,1378
1371,1371
1354,1371
1348,1381
1364,1358
1331,1364
1350,1374
1354,1378
1388,1384
1355,1376
1356,1377
1396,1387
1365,1374
1358,1391
1356,1357
1367,1380
1379,1394
1374,1398
1389,1378
1378,1401
1372,1392
1365,1405
1405,1393
1386,1382
1376,1391
1384,1395
1396,1386
1388,1403
1378,1387
1367,1414
1397,1396
1395,1402
1381,1397
1406,1405
1406,1414
1362,1409
1394,1428
1411,1389
1383,1432
1391,1393
1396,1394
1389,1418
1403,1410
1404,1404
1395,1412
1401,1431
1407,1427
1420,1429
1391,1410
1417,1427
1421,1419
1412,1419
1418,1410
1421,1410
1419,1423
1418,1419
1429,1428
1413,1415
1412,1422
1425,1418
1435,1429
1407,1426
1451,1438
1433,1420
1453,1413
1432,1432
1414,1429
1427,1430
1414,1416
1420,1429
1429,1434
1415,1426
1438,1442
1428,1421
1440,1444
1451,1437
1427,1432
1428,1434
1450,1423
1438,1445
1420,1455
1421,1431
1427,1437
1432,1445
1445,1441
1449,1436
1458,1440
1442,1437
1439,1435
1465,1437
1431,1449
1455,1444
1428,1442
1441,1430
1466,1452
1457,1439
1455,1436
1449,1455
1444,1447
1464,1440
1444,1438
1445,1455
1462,1439
1477,1459
1478,1443
1462,1454
1451,1438
1437,1433
1451,1453
1463,1450
1450,1438
1453,1446
1432,1438
1464,1456
1480,1439
1449,1413
1460,1422
1464,1437
1441,1446
1439,1434
1461,1448
1452,1432
1467,1433
1456,1459
1444,1442
1452,1417
1435,1430
1443,1439
1443,1437
1427,1429
1448,1429
1446,1427
1420,1423
1450,1416
1460,1432
1422,1425
1420,1435
1433,1436
1439,1429
1418,1412
1444,1409
1424,1438
1429,1421
1425,1426
1448,1421
1439,1420
1418,1434
1419,1415
1430,1391
1426,1399
1424,1413
1421,1421
1419,1417
1429,1420
1423,1393
1435,1422
1423,1402
1425,1415
1417,1420
1432,1407
1414,1404
1421,1409
1435,1413
1407,1407
1396,1397
1408,1400
1428,1392
1405,1397
1402,1382
1426,1407
1410,1370
1390,1414
1408,1409
1406,1388
1396,1378
1415,1379
1378,1401
1399,1382
1413,1365
1366,1381
1390,1390
1384,1376
1371,1376
1367,1411
1358,1370
1419,1382
1411,1368
1413,1382
1368,1383
1377,1370
1369,1391
1374,1393
1381,1369
1393,1383
1387,1375
1359,1383
1382,1367
1374,1348
1375,1384
1377,1365
1372,1368
1384,1369
1357,1351
1403,1368
1369,1368
1356,1377
1348,1359
1360,1363
1363,1345
1352,1367
1353,1353
1342,1358
1347,1358
1373,1359
1363,1342
1384,1372
1365,1364
1360,1362
1357,1354
1358,1351
1373,1381
1361,1374
1342,1376
1353,1374
1351,1372
1362,1347
1364,1364
1376,1360
1364,1356
1359,1349
1356,1337
1345,1352
1348,1369
1355,1344
1363,1370
1382,1357
1359,1359
1352,1355
1361,1348
1337,1357
1338,1366
1349,1352
1350,1345
1326,1357
1365,1369
1346,1380
1373,1364
1351,1365
1350,1346
1341,1361
1378,1380
1340,1372
1348,1361
1347,1354
1325,1362
1347,1352
1328,1369
1353,1359
1382,1362
1352,1375
1344,1380
1334,1382
1354,1375
1350,1379
1360,1373
1371,1374
1357,1367
1354,1360
1346,1361
1345,1380
1361,1351
1367,1357
1351,1373
1367,1379
1375,1379
1329,1370
1364,1371
1367,1369
1359,1373
1369,1368
1366,1377
1351,1380
1366,1372
1376,1374
1397,1383
1362,1387
1368,1381
1368,1373
1363,1393
1350,1373
1362,1385
1373,1367
1369,1385
1357,1403
1372,1382
1393,1378
1364,1396
1387,1409
1409,1385
1376,1406
1370,1415
1385,1390
1396,1409
1379,1426
1374,1417
1386,1404
1400,1395
1385,1414
1399,1423
1406,1401
1394,1423
1415,1406
1384,1399
1409,1408
1397,1403
1385,1408
1387,1408
1419,1409
1402,1413
1409,1404
1408,1416
1423,1415
1414,1397
1410,1413
1395,1409
1417,1417
1413,1421
1418,1431
1406,1431
1399,1421
1407,1422
1423,1412
1427,1421
1419,1425
1407,1430
1432,1411
1434,1416
1409,1418
1422,1430
1453,1444
1426,1422
1434,1444
1404,1424
1443,1438
1452,1443
1426,1431
1428,1437
1412,1433
1436,1429
1428,1440
1440,1435
1425,1416
1448,1430
1436,1431
1451,1443
1428,1453
1457,1445
1431,1448
1453,1438
1460,1434
1467,1452
1444,1419
1444,1431
1463,1428
1440,1444
1439,1441
1451,1441
1445,1436
1448,1437
1462,1439
1424,1445
1425,1440
1439,1442
1455,1434
1455,1453
1444,1444
1458,1442
1431,1430
1466,1438
1445,1445
1443,1434
1459,1424
1457,1441
1447,1456
1442,1444
1441,1449
1424,1456
1447,1441
1427,1442
1440,1435
1457,1434
1430,1440
1425,1433
1441,1447
1432,1432
1445,1449
1446,1432
1437,1437
1428,1432
1449,1450
1454,1449
1430,1445
1461,1434
1449,1434
1448,1438
1453,1433
1449,1440
1425,1428
1444,1434
1456,1437
1448,1437
1448,1434
1451,1429
1417,1430
1450,1424
1425,1407
1421,1427
1428,1414
1430,1430
1441,1430
1446,1434
1425,1417
1444,1411
1423,1428
1473,1422
1461,1430
1448,1407
1429,1417
1453,1424
1435,1398
1422,1429
1412,1419
1407,1390
1452,1411
1429,1418
1406,1389
1408,1425
1420,1408
1412,1402
1424,1418
1411,1399
1408,1393
1418,1391
1411,1412
1408,1400
1404,1391
1428,1411
1422,1397
1406,1378
1387,1391
1404,1367
1409,1390
1403,1404
1415,1377
1392,1377
1391,1373
1396,1381
1433,1382
1386,1388
1368,1392
1386,1382
1401,1374
1371,1384
1405,1405
1381,1383
1382,1382
1400,1383
1390,1377
1401,1362
1367,1372
1401,1375
1373,1385
1399,1349
1359,1380
1383,1376
1392,1387
1354,1385
1364,1359
1386,1360
1380,1377
1374,1362
1376,1372
1355,1369
1376,1358
1374,1356
1377,1344
1353,1356
1362,1377
1377,1360
1361,1359
1375,1354
1367,1363
1378,1374
1337,1359
1342,1347
1359,1352
1361,1379
1340,1354
1362,1362
1379,1341
1372,1362
1338,1358
1375,1342
1363,1354
1353,1358
1371,1362
1350,1351
1336,1361
1345,1352
1345,1371
1364,1369
1371,1341
1367,1345
1349,1345
1336,1339
1352,1338
1344,1374
1332,1352
1365,1351
1339,1360
1345,1342
1344,1345
1357,1359
1332,1347
1353,1361
1345,1358
1349,1365
1346,1348
1336,1350
1356,1363
1329,1358
1356,1365
1339,1360
1357,1352
1345,1365
1352,1358
1344,1357
1337,1383
1350,1347
1335,1349
1354,1378
1386,1365
1335,1379
1369,1360
1350,1352
1338,1367
1359,1367
1353,1364
1361,1364
1397,1369
1361,1381
1365,1377
1342,1367
1368,1359
1364,1374
1371,1375
1372,1360
1332,1361
1360,1359
1365,1376
1371,1391
1365,1367
1376,1359
1355,1409
1355,1380
1379,1395
1359,1383
1372,1378
1344,1372
1364,1372
1395,1391
1355,1395
1378,1379
1364,1402
1366,1385
1371,1386
1380,1377
1386,1370
1390,1388
1374,1388
1370,1417
1378,1415
1377,1394
1395,1369
1376,1384
1394,1411
1401,1411
1375,1406
1374,1407
1404,1406
1388,1409
1390,1408
1407,1403
1410,1425
1406,1397
1389,1423
1428,1409
1398,1408
1392,1392
1410,1420
1396,1401
1411,1426
1395,1433
1398,1399
1390,1418
1408,1430
1414,1431
1417,1438
1403,1412
1422,1418
1403,1428
1421,1422
1441,1433
1410,1424
1429,1425
1429,1419
1438,1435
1418,1450
1397,1425
1434,1438
1436,1421
1426,1442
1438,1429
1415,1450
1446,1451
1425,1432
1432,1439
1461,1433
1418,1435
1424,1430
1440,1435
1420,1419
1444,1452
1432,1430
1449,1462
1457,1430
1440,1441
1441,1458
1452,1437
1439,1432
1438,1442
1437,1441
1457,1454
1434,1446
1456,1452
1437,1449
1456,1446
1447,1448
1463,1434
1475,1455
1430,1452
1441,1447
1435,1452
1454,1448
1454,1441
1442,1445
1463,1435
1454,1438
1428,1447
1452,1428
1459,1436
1467,1460
1463,1449
1456,1447
1448,1455
1448,1463
1455,1439
1432,1447
1421,1448
1432,1446
1464,1428
1461,1422
1428,1464
1457,1432
1474,1452
1460,1429
1451,1437
1446,1429
1446,1444
1453,1451
1457,1436
1452,1446
1422,1430
1428,1441
1462,1417
1449,1449
1475,1438
1456,1439
1465,1431
1450,1423
1468,1433
1445,1430
1449,1430
1450,1421
1460,1430
1448,1435
1443,1438
1435,1427
1463,1442
1431,1430
1449,1414
1443,1440
1441,1418
1465,1409
1436,1427
1442,1420
1439,1430
1430,1408
1432,1431
1420,1428
1431,1430
1412,1412
1424,1420
1447,1422
1439,1410
1437,1425
1433,1427
1427,1395
1416,1408
1423,1403
1396,1405
1457,1410
1414,1409
1402,1418
1433,1415
1402,1392
1421,1398
1426,1394
1422,1404
1404,1397
1422,1397
1397,1396
1420,1386
1406,1394
1408,1397
1406,1404
1406,1410
1418,1387
1393,1396
1397,1399
1388,1407
1383,1411
1408,1375
1407,1366
1387,1358
1384,1381
1386,1355
1395,1383
1398,1387
1374,1377
1372,1377
1376,1373
1395,1360
1399,1384
1400,1364
1367,1383
1378,1375
1398,1370
1387,1374
1368,1354
1376,1371
1386,1359
1394,1365
1424,1369
1367,1360
1389,1373
1392,1383
1385,1375
1369,1369
1355,1362
1390,1365
1364,1356
1367,1352
1351,1378
1354,1348
1357,1349
1373,1351
1356,1344
1354,1353
1358,1368
1340,1351
1348,1355
1359,1345
1346,1364
1360,1372
1327,1356
1372,1351
1351,1350
1364,1345
1364,1355
1326,1359
1347,1359
1356,1362
1335,1359
1341,1338
1346,1361
1325,1350
1366,1358
1337,1373
1335,1351
1342,1356
1339,1363
1349,1382
1337,1370
1345,1373
1332,1334
1342,1342
1358,1364
1367,1354
1353,1348
1352,1331
1338,1365
1333,1358
1352,1358
1356,1346
1331,1353
1332,1360
1348,1343
1322,1341
1328,1357
1342,1364
1351,1368
1340,1354
1342,1353
1345,1369
1348,1347
1350,1367
1340,1370
1340,1361
1386,1365
1316,1356
1345,1360
1341,1377
1369,1357
1344,1354
1331,1365
1351,1370
1339,1353
1366,1366
1326,1341
1352,1379
1377,1359
1359,1368
1339,1382
1360,1373
1353,1362
1358,1367
1341,1382
1354,1380
1341,1377
1367,1352
1345,1361
1360,1371
1364,1367
1382,1381
1363,1360
1376,1370
1379,1388
1385,1390
1350,1372
1398,1381
1394,1391
1374,1389
1388,1400
1354,1394
1384,1391
1380,1392
1389,1384
1373,1393
1398,1393
1395,1396
1382,1377
1374,1416
1378,1402
1393,1403
1372,1392
1399,1389
1374,1403
1391,1403
1396,1413
1368,1420
1389,1403
1365,1402
1409,1405
1391,1423
1385,1418
1394,1405
1397,1413
1408,1396
1392,1416
1383,1411
1387,1429
1415,1441
1394,1398
1422,1415
1387,1408
1407,1398
1406,1405
1421,1423
1421,1400
1407,1426
1406,1423
1444,1422
1430,1433
1433,1431
1426,1437
1421,1427
1433,1414
1413,1432
1419,1422
1425,1431
1431,1441
1425,1439
1419,1439
1425,1419
1414,1419
1427,1432
1436,1452
1436,1432
1438,1410
1438,1442
1462,1419
1430,1464
1438,1454
1443,1423
1446,1442
1431,1446
1421,1432
1447,1436
1443,1453
1413,1429
1433,1431
1460,1427
1446,1452
1457,1441
1447,1459
1464,1460
1450,1441
1451,1478
1463,1440
1453,1442
1464,1469
1456,1452
1475,1459
1463,1458
1448,1448
1451,1445
1460,1441
1457,1450
1461,1452
1445,1457
1460,1447
1433,1468
1464,1445
1478,1449
1458,1461
1446,1447
1476,1444
1455,1468
1475,1456
1450,1456
1451,1437
1457,1458
1465,1442
1436,1440
1421,1448
1442,1447
1464,1455
1466,1445
1446,1425
1450,1430
1481,1457
1469,1469
1454,1456
1454,1441
1472,1432
1453,1441
1456,1433
1473,1451
1445,1431
1438,1429
1450,1449
1445,1439
1452,1447
1471,1427
1436,1444
1473,1434
1434,1443
1464,1424
1427,1437
1470,1417
1423,1436
1439,1444
1443,1414
1450,1428
1426,1443
1441,1432
1434,1430
1436,1429
1423,1416
1414,1434
1438,1430
1439,1404
1450,1426
1436,1418
1434,1430
1424,1418
1444,1413
1432,1416
1442,1415
1442,1392
1432,1408
1399,1403
1412,1422
1449,1408
1436,1396
1411,1423
1414,1417
1424,1390
1425,1403
1398,1399
1425,1421
1402,1395
1406,1395
1396,1407
1438,1396
1415,1402
1415,1398
1414,1409
1428,1389
1384,1417
1413,1390
1409,1384
1399,1405
1407,1403
1396,1378
1382,1387
1404,1372
1417,1380
1386,1395
1388,1366
