ch1,ch2
1413,1420
1390,1405
1415,1421
1382,1397
1420,1432
1414,1414
1391,1417
1433,1416
1418,1420
1422,1421
1411,1416
1400,1442
1418,1423
1414,1408
1427,1417
1408,1426
1417,1420
1422,1445
1432,1434
1459,1416
1431,1423
1401,1442
1444,1416
1449,1445
1429,1467
1389,1450
1454,1444
1420,1437
1444,1430
1446,1428
1442,1450
1451,1423
1458,1427
1416,1431
1466,1403
1437,1435
1458,1431
1431,1434
1447,1442
1439,1442
1488,1463
1426,1438
1420,1422
1443,1429
1457,1465
1452,1442
1449,1454
1459,1441
1479,1450
1438,1455
1456,1460
1464,1452
1458,1462
1470,1453
1447,1464
1488,1445
1488,1414
1466,1480
1482,1459
1472,1442
1455,1453
1463,1445
1437,1442
1472,1447
1467,1447
1460,1459
1432,1450
1449,1465
1496,1432
1454,1431
1440,1472
1476,1434
1443,1456
1461,1427
1454,1446
1474,1465
1480,1456
1471,1439
1448,1463
1472,1452
1458,1468
1456,1445
1458,1435
1453,1465
1458,1432
1471,1431
1450,1438
1446,1443
1452,1413
1445,1420
1448,1415
1478,1438
1469,1414
1437,1417
1444,1416
1455,1412
1446,1432
1444,1427
1450,1452
1443,1426
1458,1422
1434,1419
1424,1430
1454,1427
1477,1416
1414,1412
1445,1415
1418,1424
1436,1398
1438,1432
1445,1404
1423,1424
1425,1429
1429,1383
1447,1374
1429,1410
1432,1385
1394,1393
1426,1386
1433,1398
1403,1393
1414,1417
1423,1392
1399,1412
1424,1410
1407,1405
1389,1374
1397,1373
1392,1393
1412,1409
1393,1382
1405,1352
1371,1397
1391,1360
1377,1402
1375,1363
1391,1399
1405,1386
1385,1397
1391,1389
1343,1368
1367,1377
1368,1361
1349,1382
1363,1357
1384,1371
1393,1374
1379,1373
1358,1382
1346,1375
1372,1381
1387,1339
1343,1345
1354,1349
1375,1369
1340,1346
1345,1361
1371,1348
1369,1359
1380,1351
1365,1356
1360,1358
1350,1387
1342,1358
1327,1357
1351,1354
1357,1348
1313,1358
1337,1364
1359,1349
1356,1361
1339,1324
1326,1354
1364,1365
1321,1333
1338,1333
1323,1340
1337,1327
1336,1366
1352,1344
1320,1360
1349,1368
1343,1333
1341,1347
1344,1336
1330,1333
1348,1351
1332,1345
1349,1346
1294,1365
1357,1359
1341,1336
1329,1336
1359,1342
1332,1336
1290,1352
1329,1348
1360,1340
1337,1349
1349,1335
1332,1317
1355,1339
1301,1364
1346,1333
1352,1353
1329,1330
1318,1351
1331,1357
1353,1348
1338,1345
1347,1368
1358,1340
1331,1345
1345,1322
1318,1343
1345,1347
1345,1356
1345,1366
1312,1346
1318,1348
1361,1361
1383,1358
1362,1380
1361,1359
1335,1365
1357,1366
1365,1349
1363,1358
1353,1366
1328,1360
1338,1373
1350,1370
1386,1373
1344,1396
1367,1395
1369,1387
1379,1359
1381,1383
1366,1380
1389,1386
1373,1385
1355,1385
1399,1384
1382,1402
1397,1419
1375,1381
1380,1422
1401,1382
1368,1385
1391,1398
1353,1405
1401,1397
1364,1412
1403,1430
1396,1410
1399,1429
1406,1398
1410,1402
1406,1421
1401,1410
1435,1428
1436,1425
1389,1426
1380,1403
1393,1438
1420,1405
1377,1438
1424,1412
1427,1416
1408,1428
1398,1420
1416,1448
1397,1446
1413,1451
1426,1411
1438,1438
1451,1430
1411,1436
1433,1457
1428,1415
1416,1423
1429,1415
1416,1453
1444,1441
1409,1425
1430,1454
1435,1441
1444,1440
1449,1445
1441,1460
1418,1431
1423,1442
1457,1445
1447,1448
1445,1480
1450,1470
1462,1460
1477,1452
1435,1448
1461,1472
1427,1461
1457,1420
1461,1463
1485,1443
1475,1472
1458,1472
1463,1459
1440,1447
1470,1470
1466,1453
1466,1452
1459,1462
1496,1445
1466,1453
1433,1475
1436,1443
1471,1462
1472,1454
1454,1466
1488,1459
1476,1455
1486,1441
1457,1465
1472,1437
1449,1484
1484,1441
1461,1473
1454,1462
1453,1465
1459,1466
1449,1446
1468,1446
1466,1422
1486,1449
1457,1440
1516,1461
1473,1433
1474,1446
1464,1456
1461,1472
1464,1450
1447,1456
1467,1453
1474,1444
1468,1419
1475,1413
1442,1437
1444,1431
1474,1427
1432,1450
1454,1451
1468,1428
1454,1442
1467,1441
1446,1406
1437,1444
1451,1429
1433,1409
1441,1427
1454,1432
1421,1423
1464,1426
1436,1424
1436,1414
1456,1432
1423,1411
1419,1393
1432,1396
1429,1413
1432,1403
1418,1392
1426,1411
1423,1420
1432,1410
1421,1384
1399,1402
1398,1392
1449,1392
1442,1381
1407,1382
1409,1403
1404,1385
1432,1390
1388,1378
1414,1401
1390,1399
1419,1380
1421,1364
1394,1366
1408,1400
1399,1359
1381,1378
1391,1376
1361,1404
1410,1388
1413,1372
1368,1396
1392,1395
1388,1367
1369,1369
1392,1378
1371,1394
1402,1351
1369,1366
1380,1354
1374,1371
1391,1356
1357,1379
1367,1373
1350,1355
1380,1370
1348,1374
1348,1354
1358,1343
1361,1343
1358,1346
1361,1359
1339,1354
1351,1345
1346,1351
1334,1354
1324,1335
1364,1346
1366,1356
1357,1340
1340,1348
1346,1359
1350,1346
1345,1344
1343,1353
1320,1332
1339,1337
1351,1340
1349,1354
1315,1347
1340,1376
1349,1324
1356,1339
1323,1348
1327,1365
1333,1327
1307,1356
1300,1339
1313,1374
1342,1333
1370,1352
1321,1351
1363,1349
1315,1342
1331,1338
1327,1325
1303,1359
1332,1330
1317,1331
1317,1333
1359,1333
1301,1334
1307,1337
1325,1337
1315,1340
1337,1346
1342,1356
1308,1358
1345,1350
1365,1362
1318,1335
1347,1378
1339,1331
1290,1363
1346,1349
1335,1336
1329,1330
1345,1349
1362,1368
1331,1363
1318,1361
1333,1350
1364,1357
1332,1356
1313,1370
1340,1380
1359,1370
1351,1345
1344,1358
1349,1352
1351,1378
1360,1365
1353,1380
1371,1390
1362,1389
1405,1372
1378,1395
1383,1376
1379,1391
1327,1395
1338,1388
1357,1387
1362,1392
1364,1402
1355,1394
1362,1401
1387,1403
1372,1409
1375,1393
1374,1404
1381,1406
1402,1404
1384,1394
1387,1399
1382,1406
1371,1409
1380,1399
1386,1395
1384,1398
1376,1444
1427,1432
1414,1424
1415,1431
1435,1412
1405,1413
1385,1418
1451,1414
1420,1416
1445,1439
1438,1432
1440,1417
1400,1417
1440,1436
1401,1419
1414,1431
1427,1437
1429,1423
1438,1414
1413,1455
1437,1464
1423,1431
1432,1416
1444,1464
1403,1445
1426,1447
1431,1418
1433,1447
1461,1439
1444,1443
1443,1443
1461,1471
1445,1455
1471,1475
1455,1452
1438,1458
1483,1482
1446,1459
1468,1462
1467,1446
1444,1476
1490,1449
1437,1467
1465,1456
1470,1471
1414,1445
1473,1450
1444,1465
1430,1457
1473,1438
1460,1449
1510,1457
1485,1445
1465,1458
1482,1482
1481,1441
1475,1458
1451,1464
1456,1444
1480,1445
1470,1446
1515,1473
1454,1472
1493,1495
1462,1457
1472,1454
1489,1469
1478,1441
1462,1461
1449,1471
1443,1474
1455,1443
1505,1467
1450,1463
1505,1441
1484,1432
1475,1488
1458,1461
1415,1439
1475,1414
1468,1431
1476,1458
1473,1430
1460,1418
1470,1449
1459,1438
1460,1424
1448,1410
1495,1455
1432,1428
1446,1454
1478,1444
1448,1452
1468,1423
1450,1417
1494,1433
1433,1418
1430,1420
1447,1403
1442,1416
1465,1429
1421,1461
1432,1435
1421,1401
1457,1411
1388,1441
1434,1445
1430,1413
1417,1417
1416,1397
1413,1408
1402,1422
1433,1417
1388,1378
1415,1388
1401,1405
1402,1375
1460,1391
1392,1383
1434,1378
1430,1399
1412,1392
1409,1380
1412,1389
1399,1385
1426,1381
1412,1393
1378,1395
1390,1388
1368,1386
1408,1372
1400,1380
1381,1358
1409,1405
1375,1369
1365,1360
1403,1375
1398,1377
1365,1373
1401,1381
1387,1359
1382,1363
1375,1374
1342,1381
1385,1342
1354,1380
1366,1367
1362,1348
1363,1356
1342,1358
1356,1356
1341,1359
1341,1343
1347,1371
1329,1350
1353,1342
1337,1361
1359,1352
1343,1337
1352,1355
1338,1354
1368,1318
1333,1382
1367,1324
1329,1358
1336,1345
1332,1358
1350,1334
1330,1360
1344,1348
1324,1323
1333,1324
1346,1329
1326,1347
1333,1328
1347,1324
1307,1312
1344,1345
1304,1342
1305,1346
1317,1318
1323,1351
1302,1339
1326,1344
1331,1334
1305,1333
1308,1357
1317,1327
1367,1334
1335,1332
1332,1355
1356,1357
1353,1356
1353,1359
1354,1325
1340,1366
1321,1314
1335,1357
1311,1345
1334,1329
1332,1348
1340,1334
1332,1337
1338,1353
1313,1356
1325,1359
1301,1352
1350,1341
1363,1341
1318,1353
1348,1368
1352,1356
1328,1379
1346,1355
1352,1358
1340,1370
1338,1355
1362,1350
1359,1343
1340,1381
1351,1352
1334,1389
1334,1362
1346,1351
1355,1379
1325,1376
1331,1365
1357,1402
1355,1400
1368,1382
1348,1377
1355,1388
1380,1391
1394,1396
1385,1394
1369,1416
1383,1397
1360,1380
1363,1417
1406,1388
1376,1410
1351,1399
1378,1404
1379,1399
1382,1391
1373,1390
1368,1401
1392,1402
1432,1405
1359,1402
1388,1422
1407,1413
1414,1418
1422,1413
1396,1394
1415,1404
1383,1416
1350,1430
1436,1441
1414,1428
1424,1426
1409,1429
1408,1442
1406,1414
1401,1442
1412,1436
1424,1452
1417,1427
1444,1434
1464,1451
1433,1437
1445,1452
1420,1449
1454,1450
1430,1444
1428,1448
1435,1463
1479,1439
1452,1461
1439,1462
1476,1432
1434,1443
1447,1444
1473,1461
1454,1438
1461,1455
1470,1455
1507,1457
1446,1462
1449,1475
1437,1458
1463,1460
1464,1472
1507,1491
1471,1440
1434,1444
1458,1469
1460,1460
1463,1468
1481,1453
1461,1459
1471,1448
1465,1451
1452,1439
1445,1480
1488,1454
1469,1467
1468,1464
1454,1474
1466,1440
1470,1473
1472,1473
1482,1460
1457,1460
1483,1440
1508,1473
1475,1457
1484,1443
1478,1470
1482,1454
1474,1469
1473,1464
1462,1459
1452,1461
1467,1462
1478,1420
1472,1464
1480,1468
1462,1452
1465,1474
1473,1446
1445,1444
1462,1463
1475,1453
1465,1413
1460,1454
1488,1432
1437,1435
1439,1435
1442,1439
1434,1452
1458,1416
1473,1432
1457,1410
1430,1444
1454,1429
1433,1421
1466,1428
1451,1415
1448,1417
1416,1415
1466,1436
1430,1404
1455,1406
1449,1427
1437,1421
1412,1378
1427,1402
1421,1400
1409,1433
1442,1412
1448,1413
1449,1414
1440,1429
1420,1399
1397,1400
1429,1403
1408,1400
1400,1401
1422,1414
1414,1370
1424,1400
1373,1370
1423,1391
1408,1394
1392,1386
1435,1381
1392,1394
1398,1374
1374,1380
1426,1361
1395,1373
1383,1368
1390,1395
1382,1358
1378,1376
1381,1370
1354,1395
1385,1374
1347,1344
1357,1354
1377,1372
1369,1372
1387,1344
1360,1387
1359,1354
1335,1339
1363,1353
1359,1354
1334,1357
1338,1341
1360,1375
1368,1346
1357,1341
1351,1372
1355,1355
1336,1329
1356,1326
1338,1365
1324,1350
1309,1369
1353,1318
1332,1330
1302,1362
1330,1336
1321,1347
1316,1351
1332,1342
1340,1334
1336,1349
1306,1361
1355,1345
1319,1321
1302,1349
1353,1342
1300,1338
1306,1317
1345,1364
1339,1329
1346,1328
1301,1338
1300,1334
1345,1330
1312,1351
1335,1316
1327,1331
1334,1346
1319,1333
1347,1350
1343,1344
1307,1337
1351,1333
1325,1342
1343,1349
1309,1340
1323,1360
1322,1342
1358,1341
1341,1340
1336,1353
1330,1334
1295,1346
1347,1378
1314,1374
1298,1377
1326,1352
1329,1351
1322,1347
1341,1350
1330,1356
1316,1330
1359,1329
1344,1369
1349,1385
1312,1382
1339,1355
1374,1360
1349,1384
1390,1358
1328,1380
1325,1349
1367,1371
1334,1362
1367,1352
1334,1374
1335,1378
1350,1395
1321,1380
1370,1387
1356,1394
1380,1390
1358,1380
1359,1389
1383,1379
1397,1382
1368,1405
1371,1392
1366,1378
1394,1373
1378,1401
1380,1387
1402,1428
1371,1402
1355,1416
1364,1405
1393,1417
1399,1430
1399,1412
1399,1436
1364,1428
1389,1402
1390,1395
1424,1406
1387,1438
1417,1401
1411,1385
1412,1437
1374,1425
1415,1429
1424,1432
1445,1443
1419,1442
1420,1443
1436,1406
1429,1445
1439,1473
1437,1455
1450,1454
1415,1464
1407,1438
1450,1456
1430,1440
1442,1462
1416,1436
1437,1453
1458,1461
1448,1447
1438,1434
1470,1477
1474,1446
1461,1433
1466,1467
1477,1469
1481,1463
1455,1462
1488,1476
1490,1458
1464,1439
1489,1454
1491,1456
1464,1463
1432,1473
1470,1459
1471,1480
1475,1448
1468,1463
1496,1454
1478,1444
1504,1465
1459,1466
1524,1457
1466,1484
1439,1460
1450,1469
1495,1473
1497,1447
1471,1450
1451,1464
1463,1501
1459,1466
1465,1451
1497,1459
1482,1454
1476,1475
1477,1493
1478,1476
1473,1450
1500,1474
1473,1473
1467,1447
1452,1453
1445,1455
1426,1453
1447,1451
1458,1445
1456,1440
1488,1467
1468,1458
1483,1424
1443,1447
1484,1463
1430,1424
1437,1451
1480,1438
1461,1444
1456,1439
1445,1468
1446,1443
1428,1449
1461,1430
1484,1432
1442,1415
1483,1427
1443,1460
1451,1435
1433,1415
1453,1449
1417,1437
1445,1410
1430,1441
1448,1429
1420,1408
1432,1421
1456,1401
1436,1398
1447,1416
1435,1412
1437,1408
1410,1406
1429,1389
1410,1404
1440,1389
1426,1420
1437,1417
1427,1400
1371,1410
1399,1392
1394,1379
1424,1391
1409,1375
1417,1386
1395,1372
1394,1371
1386,1404
1403,1382
1395,1358
1418,1363
1379,1398
1352,1377
1379,1360
1360,1359
1388,1418
1388,1367
1369,1368
1379,1366
1363,1402
1372,1384
1363,1357
1366,1355
1350,1332
1365,1357
1389,1359
1375,1349
1348,1344
1369,1331
1327,1374
1357,1354
1348,1372
1338,1383
1359,1359
1391,1354
1347,1334
1350,1354
1353,1341
1347,1334
1348,1351
1359,1323
1344,1323
1346,1304
1345,1335
1329,1361
1327,1342
1347,1316
1330,1327
1356,1350
1334,1303
1340,1329
1338,1341
1343,1342
1299,1328
1337,1312
1316,1347
1362,1324
1329,1320
1346,1329
1332,1336
1331,1355
1325,1354
1315,1326
1306,1348
1319,1328
1312,1332
1313,1358
1328,1331
1306,1331
1332,1336
1306,1343
1326,1324
1328,1336
1318,1338
1342,1351
1298,1315
1350,1340
1337,1359
1310,1355
1351,1342
1330,1341
1320,1352
1334,1343
1294,1325
1324,1333
1348,1357
1324,1327
1332,1339
1330,1348
1346,1351
1340,1371
1344,1334
1320,1333
1317,1358
1322,1348
1355,1361
1347,1371
1351,1393
1359,1341
1385,1348
1308,1373
1328,1376
1363,1381
1324,1384
1379,1362
1365,1374
1361,1414
1367,1402
1329,1385
1351,1403
1373,1392
1376,1388
1368,1386
1367,1386
1359,1407
1390,1362
1379,1382
1386,1398
1374,1384
1379,1387
1387,1374
1392,1398
1380,1431
1360,1413
1376,1400
1383,1405
1422,1401
1405,1399
1397,1413
1401,1427
1401,1418
1420,1417
1417,1417
1403,1423
1397,1463
1433,1433
1403,1445
1398,1417
1397,1439
1402,1426
1425,1435
1442,1440
1430,1422
1427,1428
1454,1437
1433,1439
1436,1438
1448,1412
1423,1428
1439,1456
1435,1442
1434,1460
1444,1470
1437,1457
1460,1446
1454,1452
1436,1453
1456,1457
1457,1455
1447,1458
1483,1464
1438,1452
1484,1458
1445,1474
1458,1469
1460,1476
1476,1456
1448,1458
1466,1466
1468,1463
1458,1465
1468,1443
1453,1475
1447,1467
1476,1467
1477,1444
1481,1474
1477,1458
1498,1463
1471,1462
1488,1456
1472,1478
1490,1464
1462,1467
1465,1482
1491,1463
1477,1477
1482,1467
1458,1471
1487,1468
1493,1472
1471,1464
1461,1477
1476,1460
1475,1450
1489,1470
1500,1473
1493,1455
1483,1452
1485,1471
1466,1483
1472,1450
1470,1454
1467,1442
1450,1446
1473,1435
1473,1461
1495,1442
1472,1477
1475,1456
1477,1444
1493,1468
1460,1434
1436,1432
1497,1442
1464,1448
1458,1430
1461,1427
1463,1440
1454,1456
1457,1425
1445,1423
1445,1429
1474,1444
1422,1426
1452,1415
1493,1419
1460,1426
1422,1399
1450,1431
1448,1420
1433,1407
1430,1415
1427,1409
1418,1387
1444,1398
1426,1432
1403,1409
1410,1407
1419,1423
1424,1382
1414,1418
1413,1366
1417,1388
1387,1390
1389,1387
1408,1369
1432,1387
1409,1378
1431,1400
1391,1372
1389,1378
1387,1383
1379,1378
1362,1385
1382,1357
1377,1351
1417,1381
1354,1388
1379,1366
1376,1370
1347,1387
1407,1357
1339,1388
1380,1360
1325,1362
1353,1361
1366,1356
1379,1343
1345,1358
1344,1340
1333,1365
1350,1364
1351,1349
1379,1343
1342,1355
1376,1353
1385,1343
1324,1363
1345,1353
1337,1358
1314,1332
1341,1340
1383,1351
1366,1352
1339,1353
1350,1334
1359,1335
1352,1335
1349,1355
1344,1329
1342,1334
1339,1318
1344,1338
1334,1349
1348,1350
1330,1326
1327,1333
1308,1355
1341,1337
1303,1342
1311,1320
1325,1326
1327,1343
1311,1341
1295,1327
1321,1334
1309,1312
1321,1309
1325,1375
1336,1345
1337,1340
1314,1337
1307,1340
1331,1325
1316,1330
1320,1361
1317,1333
1330,1331
1318,1345
1314,1343
1316,1340
1312,1352
1356,1328
1323,1342
1321,1338
1326,1319
1319,1366
1313,1347
1343,1340
1333,1368
1341,1380
1349,1351
1308,1381
1341,1350
1307,1359
1355,1364
1356,1367
1376,1380
1337,1363
1341,1360
1343,1358
1364,1362
1368,1382
1329,1371
1335,1358
1374,1394
1352,1403
1340,1381
1315,1376
1361,1394
1360,1408
1356,1356
1366,1372
1373,1378
1369,1412
1354,1400
1346,1395
1372,1413
1391,1398
1383,1402
1386,1369
1399,1402
1374,1393
1379,1391
1361,1415
1396,1420
1387,1406
1395,1419
1384,1399
1399,1439
1411,1420
1385,1403
1410,1425
1394,1406
1412,1379
1398,1429
1414,1421
1414,1414
1410,1425
1383,1418
1447,1436
1393,1441
1436,1451
1435,1426
1428,1465
1415,1431
1409,1443
1454,1440
1407,1446
1433,1452
1438,1435
1447,1459
1449,1463
1425,1449
1480,1415
1455,1448
1462,1459
1459,1420
1448,1447
1449,1444
1470,1463
1439,1448
1421,1454
1472,1456
1468,1424
1480,1463
1459,1432
1457,1453
1481,1463
1480,1488
1478,1464
1481,1482
1464,1475
1463,1468
1475,1485
1427,1470
1461,1438
1484,1454
1467,1469
1484,1451
1458,1469
1482,1464
1478,1443
1477,1460
1488,1454
1480,1461
1488,1462
1454,1471
1464,1443
1454,1439
1458,1459
1492,1468
1498,1480
1472,1458
1479,1459
1513,1452
1511,1452
1509,1461
1494,1441
1474,1459
1452,1454
1475,1466
1478,1451
1453,1444
1490,1457
1479,1461
1473,1454
1470,1447
1432,1448
1471,1457
1479,1429
1447,1417
1434,1418
1461,1450
1469,1460
1440,1436
1460,1444
1455,1440
1457,1455
1462,1431
1450,1440
1456,1438
1456,1425
1451,1440
1452,1408
1468,1423
1443,1426
1416,1424
1465,1436
1442,1439
1435,1411
1452,1408
1454,1408
1453,1411
1409,1405
1455,1400
1438,1426
1429,1398
1442,1396
1432,1423
1401,1408
1406,1434
1428,1421
1408,1414
1433,1421
1409,1386
1421,1395
1400,1415
1390,1391
1414,1370
1401,1374
1403,1396
1377,1369
1394,1381
1408,1400
1421,1375
1380,1372
1381,1385
1391,1367
1363,1361
1384,1360
1359,1366
1379,1362
1380,1363
1383,1374
1397,1354
1360,1357
1376,1363
1396,1368
1355,1327
1359,1328
1346,1360
1368,1376
1327,1334
1343,1368
1375,1371
1360,1338
1351,1347
1350,1340
1355,1323
1350,1355
1365,1353
1327,1304
1347,1347
1349,1356
1340,1349
1311,1356
1345,1347
1362,1310
1344,1340
1309,1319
1330,1322
1357,1320
1344,1334
1324,1327
1333,1349
1322,1358
1317,1325
1328,1346
1338,1322
1337,1324
1343,1329
1292,1346
1336,1333
1337,1320
1306,1320
1341,1319
1334,1332
1326,1348
1336,1341
1313,1327
1322,1376
1316,1365
1318,1346
1316,1362
1307,1332
1347,1343
1312,1349
1334,1332
1307,1319
1300,1320
1353,1356
1312,1325
1309,1339
1286,1351
1331,1364
1323,1357
1333,1326
1365,1349
1339,1364
1314,1344
1328,1371
1315,1362
1372,1366
1328,1373
1325,1333
1333,1369
1324,1363
1327,1350
1375,1356
1330,1391
1326,1384
1357,1360
1329,1369
1365,1345
1348,1358
1391,1398
1356,1354
1347,1365
1339,1377
1346,1375
1339,1379
1347,1367
1363,1373
1371,1406
1344,1378
1395,1383
1335,1408
1339,1386
1392,1398
1392,1398
1376,1408
1385,1406
1384,1403
1385,1402
1387,1394
1398,1403
1395,1417
1406,1402
1382,1408
1401,1418
1396,1437
1412,1439
1416,1417
1411,1404
1391,1405
1407,1420
1405,1412
1409,1427
1398,1424
1426,1433
1409,1412
1425,1446
1411,1432
1417,1423
1416,1440
1445,1443
1432,1433
1448,1449
1409,1439
1445,1458
1437,1457
1434,1440
1427,1442
1433,1451
1448,1463
1457,1447
1474,1472
1487,1451
1452,1463
1428,1445
1446,1443
1475,1455
1456,1448
1472,1453
1461,1465
1444,1453
1452,1460
1467,1471
1449,1488
1430,1458
1486,1492
1471,1451
1479,1477
1491,1439
1451,1473
1497,1478
1472,1465
1479,1468
1472,1477
1483,1501
1502,1448
1482,1467
1482,1465
1479,1476
1461,1454
1496,1465
1471,1497
1481,1443
1490,1468
1471,1458
1449,1459
1464,1457
1470,1458
1490,1441
1476,1447
1491,1472
1476,1442
1485,1459
1463,1439
1470,1458
1488,1454
1474,1454
1487,1451
1498,1440
1463,1450
1477,1467
1444,1448
1478,1441
1459,1446
1467,1461
1474,1453
1472,1442
1476,1455
1460,1454
1442,1440
1473,1452
1460,1429
1468,1466
1450,1429
1481,1445
1489,1416
1449,1392
1452,1420
1459,1433
1455,1428
1492,1423
1472,1443
1433,1440
1455,1433
1450,1392
1413,1425
1441,1403
1437,1399
1450,1407
1438,1416
1425,1394
1423,1401
1420,1402
1412,1408
1428,1399
1410,1377
1440,1414
1409,1391
1446,1400
1397,1409
1434,1397
1407,1404
1416,1389
1431,1404
1399,1386
1397,1367
1373,1402
1379,1389
1402,1364
1404,1386
1417,1390
1373,1378
1401,1358
1402,1342
1383,1361
1367,1358
1366,1378
1385,1373
1365,1366
1381,1343
1354,1371
1384,1341
1385,1369
1347,1346
1376,1350
1338,1353
1376,1376
1361,1347
1348,1364
1357,1350
1342,1337
1363,1340
1351,1338
1344,1351
1369,1352
1331,1349
1337,1353
1351,1359
1353,1334
1332,1333
1320,1329
1319,1347
1337,1328
1343,1344
1302,1368
1326,1308
1321,1337
1354,1340
1299,1335
1347,1323
1356,1348
1324,1321
1311,1326
1321,1326
1345,1310
1327,1314
1316,1340
1321,1330
1299,1315
1322,1326
1317,1334
1320,1325
1337,1350
1334,1320
1350,1341
1308,1325
1329,1350
1323,1335
1312,1346
1327,1340
1338,1340
1322,1334
1327,1321
1309,1354
1315,1325
1325,1343
1301,1343
1342,1346
1329,1347
1332,1338
1319,1331
1318,1358
1333,1363
1317,1356
1370,1378
1348,1379
1323,1360
1326,1363
1377,1352
1307,1372
1353,1359
1322,1344
1341,1363
1343,1339
1366,1347
1305,1349
1351,1361
1357,1374
1357,1357
1367,1378
1358,1358
1340,1384
1353,1360
1366,1361
1363,1375
1338,1382
1360,1371
1354,1383
1416,1385
1361,1405
1369,1365
1373,1388
1376,1372
1364,1407
1375,1424
1393,1390
1408,1400
1372,1384
1373,1390
1376,1389
1363,1402
1391,1415
1400,1414
1393,1410
1375,1428
1385,1418
1382,1440
1419,1410
1401,1465
1427,1431
1418,1417
1403,1415
1399,1438
1409,1418
1420,1437
1416,1411
1413,1425
1398,1436
1407,1421
1408,1438
1425,1471
1416,1475
1436,1424
1406,1428
1403,1424
1452,1434
1441,1455
1440,1460
1459,1428
1436,1441
1422,1467
1447,1446
1449,1443
1454,1453
1451,1456
1470,1447
1457,1462
1451,1470
1424,1473
1442,1463
1466,1448
1464,1475
1448,1465
1482,1457
1456,1452
1478,1442
1444,1465
1470,1467
1445,1490
1494,1451
1469,1476
1451,1460
1488,1413
1490,1476
1468,1483
1482,1476
1488,1472
1461,1483
1467,1466
1469,1450
1471,1455
1478,1438
1473,1459
1462,1475
1488,1463
1445,1440
1488,1469
1500,1459
1458,1472
1485,1444
1476,1481
1481,1467
1467,1464
1461,1469
1474,1481
1466,1437
1460,1438
1465,1446
1455,1470
1475,1462
1487,1459
1471,1460
1443,1460
1463,1474
1483,1459
1448,1455
1458,1434
1433,1432
1482,1396
1469,1435
1463,1437
1472,1428
1453,1419
1453,1447
1479,1421
1467,1452
1464,1445
1491,1423
1451,1422
1446,1440
1441,1411
1461,1431
1457,1438
1450,1416
1439,1400
1454,1394
1423,1394
1441,1431
1442,1398
1409,1398
1422,1419
1418,1410
1405,1405
1407,1415
1429,1395
1392,1400
1375,1370
1419,1400
1387,1395
1434,1383
1425,1388
1387,1396
1403,1385
1408,1400
1406,1397
1414,1387
1392,1374
1421,1383
1393,1368
1393,1375
1387,1370
1371,1396
1349,1403
1390,1337
1386,1375
1414,1360
1386,1365
1411,1353
1403,1350
1404,1359
1376,1344
1359,1360
1348,1334
1380,1376
1365,1344
1319,1352
1341,1372
1361,1353
1366,1353
1362,1346
1371,1354
1348,1348
1348,1326
1347,1316
1359,1343
1344,1334
1364,1371
1318,1349
1351,1362
1348,1313
1335,1316
1336,1329
1366,1345
1332,1334
1322,1346
1302,1328
1309,1326
1360,1328
1329,1361
1362,1360
1360,1325
1331,1349
1340,1350
1332,1312
1328,1349
1294,1325
1328,1332
1340,1329
1348,1330
1336,1345
1316,1356
1326,1326
1328,1342
1329,1352
1327,1341
1331,1327
1306,1346
1342,1326
1334,1323
1332,1362
1322,1348
1324,1371
1309,1322
1312,1332
1329,1343
1300,1301
1315,1329
1330,1369
1332,1363
1333,1353
1342,1329
1345,1368
1330,1342
1334,1329
1350,1337
1344,1339
1339,1367
1352,1361
1326,1378
1333,1332
1334,1368
1367,1347
1356,1328
1326,1369
1360,1378
1390,1371
1324,1361
1370,1387
1374,1338
1352,1366
1333,1366
1382,1366
1342,1393
1347,1395
1351,1381
1330,1394
1329,1388
1348,1374
1386,1364
1375,1386
1349,1344
1376,1392
1356,1391
1411,1395
1349,1398
1368,1367
1399,1415
1387,1403
1394,1399
1373,1408
1367,1419
1393,1400
1389,1424
1387,1425
1402,1395
1367,1422
1396,1428
1385,1448
1416,1423
1371,1414
1411,1428
1400,1423
1395,1431
1417,1421
1428,1451
1414,1434
1416,1446
1430,1446
1415,1452
1436,1448
1429,1421
1436,1447
1425,1465
1454,1448
1431,1428
1426,1422
1440,1442
1408,1450
1445,1417
1435,1487
1465,1454
1449,1440
1439,1458
1436,1425
1472,1462
1448,1469
1438,1464
1447,1474
1469,1435
1446,1455
1461,1447
1456,1452
1463,1449
1440,1449
1480,1447
1477,1467
1438,1447
1464,1475
1472,1467
1447,1470
1452,1487
1450,1458
1464,1468
1476,1456
1477,1465
1476,1471
1466,1467
1478,1457
1450,1459
1478,1438
1451,1452
1464,1439
1474,1470
1476,1447
1464,1450
1448,1471
1473,1479
1469,1472
1482,1431
1477,1452
1480,1452
1481,1457
1454,1468
1481,1452
1461,1461
1486,1432
1435,1443
1479,1467
1457,1433
1468,1441
1475,1424
1443,1429
1466,1446
1441,1444
1503,1453
1419,1464
1433,1438
1469,1443
1460,1450
1487,1437
1458,1430
1469,1442
1443,1440
1444,1446
1452,1437
1449,1428
1441,1438
1451,1423
1452,1422
1433,1435
1436,1417
1425,1428
1424,1424
1425,1440
1401,1426
1439,1419
1423,1413
1395,1383
1436,1410
1428,1425
1405,1420
1456,1411
1439,1427
1430,1402
1428,1391
1415,1407
1432,1390
1434,1408
1450,1380
1421,1366
1431,1399
1411,1393
1407,1403
1408,1401
1422,1401
1416,1393
1420,1367
1411,1371
1399,1386
1389,1348
1410,1391
1375,1382
1371,1384
1391,1373
1377,1376
1375,1369
1370,1379
1361,1371
1384,1367
1379,1391
1370,1363
1385,1382
1377,1327
1336,1329
1353,1373
1363,1353
1385,1367
1366,1360
1367,1350
1322,1355
1355,1381
1355,1359
1344,1334
1375,1357
1350,1351
1348,1342
1338,1349
1353,1353
1347,1341
1349,1352
1330,1369
1333,1325
1360,1347
1360,1362
1335,1329
1345,1311
1348,1366
1358,1330
1323,1351
1349,1328
1323,1334
1340,1349
1331,1328
1289,1330
1356,1326
1314,1357
1326,1350
1324,1311
1352,1363
1334,1348
1330,1356
1337,1319
1315,1312
1323,1328
1313,1333
1334,1342
1322,1344
1321,1348
1316,1335
1321,1355
1324,1325
1350,1332
1332,1338
1342,1357
1350,1347
1349,1330
1328,1355
1352,1339
1327,1319
1333,1339
1311,1372
1345,1353
1335,1331
1356,1370
1338,1362
1339,1348
1351,1359
1335,1359
1363,1375
1334,1373
1368,1369
1348,1358
1347,1379
1342,1336
1345,1364
1349,1370
1336,1361
1366,1366
1351,1382
1338,1351
1352,1381
1362,1371
1363,1392
1365,1388
1347,1382
1330,1376
1341,1387
1387,1375
1386,1380
1365,1386
1335,1385
1377,1398
1361,1393
1353,1372
1385,1412
1370,1393
1396,1382
1382,1400
1384,1379
1364,1408
1405,1432
1384,1412
1391,1412
1400,1404
1395,1404
1378,1427
1382,1414
1401,1409
1391,1400
1404,1433
1427,1434
1420,1429
1430,1407
1430,1420
1403,1431
1453,1435
1423,1414
1407,1420
1400,1417
1417,1424
1444,1439
1434,1437
1418,1426
1456,1443
1436,1427
1438,1415
1448,1424
1449,1452
1461,1450
1430,1479
1425,1445
1477,1449
1437,1444
1469,1447
1459,1436
1487,1440
1482,1483
1449,1457
1465,1456
1462,1469
1447,1439
1437,1443
1473,1458
1489,1461
1403,1462
1489,1449
1457,1429
1429,1429
1461,1481
1469,1498
1459,1472
1474,1457
1493,1467
1478,1464
1467,1450
1483,1441
1492,1445
1484,1460
1489,1451
1474,1479
1488,1457
1497,1468
1445,1455
1433,1463
1503,1467
1457,1437
1475,1447
1475,1460
1502,1449
1476,1460
1452,1440
1461,1457
1476,1470
1486,1461
1486,1453
1465,1451
1462,1462
1465,1484
1448,1473
1451,1454
1483,1444
1463,1451
1486,1404
1464,1445
1472,1433
1487,1451
1442,1454
1483,1410
1450,1459
1447,1437
1448,1444
1460,1446
1467,1447
1468,1434
1459,1429
1454,1435
1435,1447
1451,1403
1436,1397
1436,1444
1458,1421
1446,1408
1438,1423
1449,1412
1431,1419
1418,1420
1440,1412
1436,1424
1429,1422
1426,1418
1427,1402
1429,1416
1414,1402
1395,1403
1429,1405
1432,1399
1432,1377
1429,1367
1422,1414
1394,1396
1404,1386
1403,1390
1402,1400
1364,1387
1378,1404
1396,1388
1380,1395
1397,1368
1378,1380
1369,1365
1403,1386
1379,1373
1368,1372
1387,1383
1386,1372
1381,1364
1395,1370
1385,1369
1362,1351
1403,1373
1359,1358
1393,1360
1347,1364
1328,1368
1373,1340
1366,1365
1358,1349
1355,1350
1348,1355
1348,1360
1339,1363
1331,1351
1354,1368
1380,1344
1371,1377
1353,1360
1322,1352
1351,1336
1334,1364
1343,1348
1386,1320
1340,1341
1370,1341
1317,1335
1371,1354
1324,1351
1347,1327
1339,1335
1347,1344
1331,1314
1332,1345
1341,1327
1344,1337
1341,1349
1309,1318
1316,1350
1315,1351
1326,1335
1340,1328
1307,1327
1351,1342
1323,1333
1346,1353
1340,1330
1324,1335
1294,1338
1329,1319
1323,1341
1317,1342
1326,1336
1331,1336
1326,1340
1311,1328
1330,1369
1304,1340
1309,1350
1331,1361
1342,1358
1349,1340
1342,1351
1317,1368
1337,1381
1326,1350
1337,1360
1348,1357
1359,1341
1323,1347
1329,1365
1329,1353
1352,1358
1336,1371
1345,1371
1338,1370
1337,1359
1343,1375
1349,1382
1338,1360
1344,1366
1359,1359
1344,1351
1377,1384
1361,1350
1349,1347
1341,1391
1377,1380
1362,1379
1386,1364
1372,1377
1371,1393
1364,1367
1378,1409
1375,1380
1374,1386
1371,1378
1367,1387
1370,1406
1361,1387
1371,1391
1400,1412
1350,1403
1379,1398
1403,1408
1393,1414
1408,1406
1404,1396
1379,1417
1403,1424
1402,1428
1412,1417
1395,1427
1394,1424
1399,1432
1417,1418
1398,1436
1390,1402
1416,1432
1407,1443
1416,1425
1424,1436
1430,1440
1431,1434
1387,1451
1411,1422
1424,1440
1429,1424
1426,1440
1442,1447
1393,1420
1459,1441
1423,1437
1442,1434
1472,1451
1440,1430
1439,1470
1438,1446
1440,1452
1491,1448
1453,1465
1454,1464
1457,1439
1460,1466
1445,1444
1447,1455
1472,1438
1446,1437
1473,1446
1439,1486
1464,1436
1468,1454
1492,1447
1464,1431
1465,1475
1454,1468
1458,1457
1477,1443
1438,1461
1471,1442
1495,1476
1452,1464
1449,1439
1490,1469
1468,1468
1468,1449
1488,1462
1469,1426
1475,1441
1496,1482
1467,1465
1461,1483
1504,1437
1474,1488
1480,1460
1457,1458
1449,1448
1472,1426
1487,1438
1460,1454
1457,1460
1461,1444
1480,1437
1465,1451
1476,1444
1459,1466
1471,1425
1483,1423
1450,1444
1459,1470
1425,1452
1437,1435
1453,1439
1465,1427
1468,1443
1462,1442
1457,1426
1460,1421
1456,1443
1466,1425
1442,1420
1433,1417
1438,1429
1422,1432
1432,1437
1459,1434
1403,1427
1425,1386
1436,1384
1444,1412
1404,1425
1431,1427
1434,1405
1429,1419
1443,1401
1419,1397
1454,1399
1433,1406
1400,1405
1414,1404
1397,1391
1411,1409
1412,1399
1399,1400
1422,1387
1433,1381
1383,1406
1406,1383
1413,1409
1408,1394
1412,1386
1416,1368
1403,1357
1395,1385
1401,1402
1382,1410
1369,1385
1401,1361
1366,1379
1400,1394
1364,1380
1373,1396
1352,1354
1354,1365
1351,1386
1403,1359
1376,1366
1390,1361
1376,1354
1353,1366
1342,1355
1387,1361
1367,1346
1362,1350
1367,1362
1357,1359
1357,1346
1387,1345
1389,1386
1377,1368
1339,1375
1357,1346
1403,1322
1348,1350
1357,1331
1370,1346
1343,1359
1319,1361
1359,1338
1351,1361
1329,1324
1313,1332
1320,1350
1331,1350
1310,1334
1325,1370
1336,1356
1347,1323
1329,1356
1341,1351
1308,1351
1327,1335
1356,1330
1334,1349
1327,1344
1338,1334
1335,1331
1340,1354
1340,1352
1329,1368
1332,1338
1321,1344
1348,1341
1314,1348
1334,1340
1336,1329
1321,1326
1330,1337
1344,1346
1346,1353
1327,1353
1339,1354
1333,1353
1339,1359
1338,1356
1355,1324
1325,1381
1319,1350
1325,1369
1327,1343
1325,1376
1335,1362
1364,1337
1326,1356
1351,1359
1341,1363
1365,1406
1336,1345
1353,1369
1377,1391
1352,1349
1339,1366
1339,1369
1379,1370
1370,1365
1361,1385
1380,1368
1356,1381
1335,1394
1400,1367
1355,1365
1376,1367
1387,1383
1362,1382
1387,1407
1390,1388
1376,1393
1370,1395
1353,1388
1368,1373
1357,1395
1385,1382
1378,1368
1395,1387
1384,1419
1368,1409
1415,1422
1348,1416
1377,1404
1378,1414
1407,1394
1404,1423
1380,1409
1384,1405
1388,1428
1440,1435
1389,1426
1391,1435
1385,1432
1394,1432
1396,1418
1421,1413
1431,1448
1404,1433
1423,1421
1407,1409
1434,1428
1435,1455
1417,1416
1408,1415
1431,1423
1437,1442
1454,1433
1460,1434
1435,1454
1437,1443
1402,1433
1458,1481
1444,1447
1432,1456
1462,1464
1452,1464
1423,1420
1440,1459
1457,1452
1406,1435
1451,1439
1452,1443
1454,1453
1449,1448
1454,1467
1473,1460
1457,1449
1449,1429
1482,1431
1441,1442
1458,1470
1455,1468
1472,1463
1450,1463
1438,1452
1458,1450
1449,1470
1472,1477
1442,1453
1463,1477
1465,1464
1504,1460
1458,1468
1465,1462
1431,1468
1442,1458
1463,1446
1485,1446
1472,1474
1457,1450
1452,1452
1459,1458
1470,1439
1465,1439
1421,1448
1472,1450
1467,1476
1452,1409
1456,1442
1447,1448
1453,1468
1476,1448
1457,1423
1466,1434
1430,1454
1440,1456
1490,1435
1437,1434
1464,1437
1446,1424
1452,1423
1465,1427
1451,1436
1461,1410
1460,1426
1458,1423
1446,1443
1471,1422
1456,1432
1448,1436
1443,1422
1438,1408
1443,1431
1466,1402
1431,1425
1434,1426
1460,1411
1449,1432
1428,1407
1444,1401
1395,1423
1408,1417
1400,1418
1442,1409
1418,1394
1426,1408
1411,1396
1406,1412
1385,1421
1397,1432
1410,1380
1407,1415
1399,1403
1414,1406
1392,1389
1389,1396
1402,1391
1389,1392
1421,1364
1419,1376
1364,1377
1388,1378
1430,1385
1410,1369
1402,1384
1388,1378
1393,1375
1383,1395
1398,1369
1365,1385
1382,1383
1363,1382
1409,1369
1380,1340
1338,1359
1381,1343
1397,1347
1382,1349
1366,1367
1343,1356
1392,1375
1379,1359
1353,1367
1338,1355
1327,1359
1362,1349
1362,1363
1342,1380
1392,1377
1360,1355
1372,1340
1330,1357
1362,1340
1345,1337
1353,1355
1323,1342
1344,1368
1353,1344
1356,1341
1356,1355
1350,1336
1309,1345
1338,1346
1321,1352
1341,1352
1321,1301
1342,1329
1332,1324
1365,1339
1339,1352
1376,1366
1320,1370
1335,1329
1360,1347
1336,1366
1323,1353
1364,1333
1324,1335
1317,1339
1343,1337
1346,1345
1351,1357
1333,1351
1315,1338
1350,1339
1351,1380
1338,1314
1360,1360
1339,1355
1304,1368
1310,1329
1349,1357
1337,1362
1332,1348
1341,1356
1357,1361
1340,1356
1344,1361
1335,1366
1314,1357
1355,1338
1322,1374
1357,1361
1338,1342
1359,1355
1339,1384
1347,1347
1367,1378
1337,1369
1373,1391
1381,1387
1339,1371
1366,1375
1343,1360
1375,1376
1358,1389
1376,1368
1361,1388
1404,1364
1336,1408
1374,1395
1355,1390
1363,1384
1350,1376
1375,1390
1386,1395
1372,1383
1353,1407
1392,1400
1389,1388
1379,1387
1401,1404
1407,1380
1426,1409
1406,1412
1394,1380
1396,1401
1385,1419
1412,1393
1403,1426
1405,1405
1409,1419
1402,1385
1432,1431
1410,1428
1391,1421
1416,1424
1425,1414
1420,1404
1397,1439
1392,1426
1432,1421
1420,1422
1402,1436
1430,1421
1422,1435
1419,1426
1412,1440
1448,1439
1430,1437
1432,1421
1432,1449
1426,1422
1452,1431
1437,1420
1466,1420
1432,1449
1426,1420
1437,1444
1458,1451
1428,1448
1437,1457
1427,1434
1423,1437
1449,1450
1428,1453
1451,1437
1469,1449
1449,1448
1453,1448
1432,1445
1449,1469
1446,1441
1408,1438
1469,1466
1482,1458
1465,1424
1434,1472
1450,1453
1457,1460
1472,1438
1447,1479
1447,1451
1455,1448
1492,1444
1476,1460
1456,1456
1458,1463
1464,1452
1451,1483
1480,1460
1457,1451
1477,1457
1452,1468
1474,1424
1463,1467
1462,1454
1477,1423
1467,1447
1457,1446
1473,1471
1478,1437
1440,1434
1456,1436
1497,1460
1440,1447
1445,1439
1448,1434
1466,1434
1451,1441
1452,1411
1447,1452
1462,1431
1455,1438
1467,1423
1465,1412
1438,1438
1432,1446
1459,1462
1457,1414
1436,1427
1453,1414
1423,1431
1422,1420
1436,1431
1433,1442
1383,1417
1432,1442
1460,1415
1429,1424
1454,1399
1422,1422
1441,1424
1403,1410
1434,1414
1426,1427
1417,1398
1430,1410
1442,1406
1425,1412
1423,1416
1420,1405
1411,1392
1409,1401
1418,1390
1416,1411
1401,1412
1431,1384
1411,1389
1385,1396
1422,1396
1388,1390
1420,1402
1407,1369
1413,1355
1395,1396
1407,1385
1378,1376
1385,1395
1361,1407
1405,1392
1405,1400
1394,1373
1383,1382
1371,1383
1368,1369
1398,1350
1380,1368
1380,1373
1372,1378
1367,1385
1384,1350
1402,1367
1384,1357
1361,1374
1370,1355
1367,1358
1397,1376
1383,1371
1366,1345
1364,1388
1368,1371
1337,1343
1358,1344
1386,1354
1375,1364
1364,1337
1318,1367
1357,1329
1340,1366
1362,1345
1320,1363
1388,1359
1354,1362
1336,1361
1340,1359
1356,1349
1309,1334
1349,1356
1346,1373
1355,1369
1367,1323
1341,1352
1346,1362
1373,1345
1327,1335
1364,1349
1337,1342
1372,1361
1334,1350
1333,1344
1329,1337
1334,1355
1326,1371
1337,1338
1325,1341
1326,1367
1347,1367
1322,1377
1344,1345
1335,1385
1361,1360
1342,1327
1338,1333
1347,1347
1347,1358
1335,1364
1343,1380
1357,1353
1352,1347
1345,1359
1321,1359
1320,1354
1358,1372
1320,1368
1351,1383
1352,1347
1323,1353
1360,1357
1326,1372
1343,1379
1350,1385
1358,1346
1351,1364
1340,1353
1365,1369
1373,1369
1346,1383
1363,1375
1344,1388
1381,1363
1361,1381
1354,1369
1365,1396
1371,1378
1358,1412
1362,1370
1339,1378
1359,1400
1363,1392
1362,1412
1362,1388
1385,1380
1404,1392
1360,1394
1358,1403
1401,1395
1407,1392
1375,1384
1393,1408
1367,1402
1367,1402
1398,1434
1380,1421
1390,1441
1408,1412
1406,1421
1392,1403
1390,1413
1390,1410
1400,1420
1398,1401
1374,1441
1433,1401
1406,1415
1406,1419
1405,1427
1407,1426
1367,1430
1428,1421
1413,1406
1435,1437
1449,1451
1436,1425
1416,1417
1421,1408
1443,1443
1414,1429
1406,1425
1440,1424
1462,1457
1423,1407
1418,1439
1457,1436
1440,1441
1452,1445
1464,1451
1404,1437
1453,1443
1452,1437
1432,1461
1461,1440
1482,1445
1426,1447
1469,1460
1439,1461
1444,1461
1449,1455
1407,1445
1476,1438
1450,1449
1464,1445
1447,1430
1462,1443
1453,1442
1465,1464
1464,1434
1440,1426
1468,1457
1500,1438
1461,1447
1447,1454
1439,1428
1451,1462
1442,1431
1450,1426
1447,1448
1459,1433
1468,1446
1475,1458
1452,1459
1461,1452
1425,1441
1424,1435
1490,1430
1435,1433
1451,1433
1456,1440
1442,1483
1451,1468
1475,1435
1453,1441
1486,1451
1465,1432
1468,1440
1468,1470
1463,1438
1464,1438
1455,1455
1447,1435
1438,1432
1446,1426
1471,1444
1453,1447
1468,1472
1469,1452
1457,1447
1441,1420
1433,1410
1459,1437
1446,1418
1443,1410
1449,1422
1434,1427
1454,1422
1432,1418
1448,1403
1426,1430
1424,1410
1440,1426
1434,1392
1421,1394
1443,1393
1431,1404
1398,1405
1430,1427
1407,1392
1422,1410
1440,1411
1427,1392
1419,1417
1410,1400
1428,1414
1426,1372
1428,1387
1403,1414
1411,1389
1450,1384
1420,1399
1384,1385
1426,1400
1436,1415
1401,1383
1399,1384
1402,1391
1390,1391
1403,1390
1402,1387
1398,1363
1393,1366
1377,1377
1373,1386
1406,1383
1364,1358
1371,1380
1374,1363
1402,1391
1383,1369
1360,1377
1396,1369
1370,1381
1378,1377
1380,1375
1368,1362
1379,1367
1379,1348
1373,1354
1364,1351
1388,1377
1405,1382
1387,1365
1360,1367
1371,1322
1358,1356
1362,1356
1356,1356
1351,1336
1359,1339
1347,1340
1342,1352
1339,1362
1352,1381
1348,1343
1351,1328
1335,1368
1337,1385
1361,1350
1351,1368
1344,1344
1330,1331
1305,1343
1358,1351
1336,1377
1347,1349
1355,1352
1348,1351
1333,1357
1333,1331
1339,1358
1365,1337
1348,1364
1342,1339
1347,1342
1325,1373
1336,1350
1382,1363
1344,1362
1323,1344
1340,1345
1340,1343
1345,1351
1343,1365
1336,1341
1341,1359
1333,1374
1329,1349
1388,1355
1333,1363
1340,1375
1316,1371
1346,1391
1357,1376
1361,1355
1323,1349
1329,1386
1329,1374
1367,1352
1355,1351
1351,1378
1337,1353
1371,1376
1367,1377
1349,1384
1368,1356
1380,1384
1364,1373
1343,1361
1345,1402
1358,1407
1354,1404
1362,1378
1385,1378
1361,1375
1341,1399
1363,1362
1366,1388
1356,1412
1378,1385
1346,1404
1349,1388
1365,1376
1365,1385
1394,1397
1378,1405
1384,1384
1380,1400
1386,1396
1399,1380
1398,1393
1396,1405
1393,1399
1379,1387
1397,1371
1401,1413
1388,1415
1394,1412
1388,1404
1404,1408
1396,1432
1417,1381
1408,1419
1391,1405
1397,1411
1420,1428
1403,1392
1424,1397
1379,1427
1410,1418
1413,1428
1429,1419
1405,1433
1438,1439
1425,1421
1442,1426
1421,1435
1427,1434
1426,1427
1409,1406
1434,1423
1419,1421
1436,1413
1445,1426
1404,1427
1449,1457
1425,1451
1440,1432
1426,1443
1448,1445
1435,1423
1454,1448
1445,1458
1462,1435
1432,1438
1447,1444
1468,1474
1442,1444
1411,1447
1410,1454
1435,1429
1426,1456
1442,1447
1445,1461
1447,1425
1455,1460
1458,1443
1445,1443
1449,1453
1452,1456
1472,1469
1440,1452
1458,1431
1458,1451
1429,1471
1457,1455
1459,1441
1459,1439
1459,1426
1455,1435
1443,1457
1436,1458
1468,1449
1446,1440
1462,1434
1468,1436
1466,1463
1441,1444
1468,1428
1480,1464
1445,1456
1458,1467
1461,1431
1446,1423
1460,1443
1438,1433
1457,1421
1450,1451
1451,1453
1429,1441
1457,1438
1449,1431
1439,1435
1430,1407
1431,1441
1457,1448
1478,1419
1451,1438
1449,1430
1472,1418
1450,1430
1446,1429
1450,1417
1431,1413
1414,1429
1437,1420
1440,1418
1435,1414
1435,1429
1441,1427
1447,1436
1459,1407
1422,1415
1426,1400
1429,1413
1402,1430
1448,1417
1410,1405
1415,1420
1419,1370
1433,1420
1432,1409
1438,1428
1445,1420
1434,1428
1416,1397
1395,1411
1420,1376
1434,1428
1406,1394
1392,1419
1438,1386
1375,1417
1423,1400
1410,1377
1411,1417
1396,1364
1400,1393
1403,1394
1403,1396
1400,1391
1398,1382
1399,1393
1415,1374
1390,1373
1417,1405
1385,1369
1366,1375
1378,1374
1402,1382
1370,1361
1369,1359
1358,1369
1395,1359
1392,1381
1388,1349
1412,1352
1387,1362
1360,1383
1392,1354
1394,1351
1378,1366
1378,1347
1398,1351
1346,1378
1369,1351
1380,1349
1347,1386
1373,1358
1341,1355
1368,1364
1374,1345
1325,1368
1369,1364
1352,1355
1356,1350
1383,1359
1357,1368
1348,1355
1348,1381
1340,1382
1340,1371
1340,1349
1361,1366
1343,1358
1355,1343
1366,1362
1337,1339
1379,1359
1330,1342
1332,1374
1364,1346
1346,1347
1357,1382
1366,1355
1353,1385
1349,1363
1355,1345
1329,1339
1340,1347
1346,1367
1315,1357
1320,1351
1325,1352
1346,1351
1333,1346
1365,1346
1298,1350
1359,1352
1352,1341
1345,1365
1328,1344
1367,1360
1350,1360
1357,1372
1373,1361
1359,1359
1356,1367
1354,1378
1332,1383
1340,1367
1347,1363
1340,1386
1355,1399
1359,1364
1357,1345
1345,1354
1340,1369
1363,1375
1360,1366
1399,1359
1375,1374
1318,1356
1362,1369
1380,1406
1343,1371
1354,1388
1332,1387
1364,1369
1362,1385
1360,1362
1384,1369
1362,1381
1371,1385
1355,1384
1363,1379
1346,1368
1389,1386
1362,1376
1370,1387
1366,1376
1411,1397
1357,1405
1368,1401
1394,1398
1380,1431
1401,1395
1364,1393
1385,1394
1373,1412
1390,1423
1390,1408
1390,1418
1406,1403
1414,1372
1424,1413
1403,1396
1405,1430
1372,1397
1412,1390
1418,1408
1399,1407
1426,1414
1417,1426
1392,1406
1422,1396
1403,1407
1387,1388
1399,1420
1383,1419
1401,1369
1415,1425
1409,1424
1377,1414
1411,1440
1404,1435
1436,1436
1416,1407
1417,1407
1429,1446
1418,1451
1426,1441
1410,1427
1454,1431
1430,1460
1401,1445
1431,1467
1435,1433
1428,1447
1432,1421
1422,1431
1446,1456
1460,1429
1455,1431
1457,1460
1455,1433
1454,1454
1445,1454
1429,1434
1460,1434
1442,1437
1464,1430
1454,1439
1427,1445
1461,1425
1453,1459
1448,1453
1443,1451
1458,1418
1443,1426
1446,1427
1419,1473
1406,1440
1483,1451
1435,1420
1458,1453
1437,1465
1424,1441
1443,1428
1446,1461
1456,1443
1485,1442
1466,1442
1506,1456
1468,1423
1469,1440
1465,1447
1450,1462
1426,1450
1433,1455
1452,1455
1457,1465
1448,1444
1470,1445
1426,1459
1429,1433
1419,1431
1448,1432
1449,1453
1469,1440
1455,1452
1448,1442
1441,1410
1426,1439
1423,1438
1407,1415
1434,1417
1437,1448
1419,1425
1472,1423
1437,1445
1433,1429
1435,1397
1440,1430
1408,1448
1450,1392
1395,1417
1429,1411
1429,1426
1441,1431
1444,1434
1450,1401
1426,1403
1437,1400
1447,1413
1421,1426
1399,1401
1420,1411
1394,1414
1406,1411
1403,1391
1425,1401
1438,1402
1373,1403
1397,1422
1417,1425
1419,1403
1454,1395
1403,1401
1407,1410
1408,1387
1406,1398
1425,1393
1415,1392
1393,1387
1400,1396
1413,1391
1417,1381
1383,1396
1409,1405
1415,1385
1415,1365
1388,1387
1387,1380
1403,1389
1398,1375
1410,1364
1374,1355
1366,1363
1374,1363
1331,1368
1408,1365
1413,1379
1368,1388
1376,1380
1364,1380
1376,1355
1367,1357
1387,1372
1372,1372
1356,1362
1388,1344
1396,1368
1390,1371
1381,1366
1363,1385
1342,1346
1371,1365
1354,1354
1378,1361
1344,1369
1362,1337
1352,1372
1360,1376
1349,1360
1355,1331
1359,1359
1371,1361
1340,1379
1345,1374
1346,1358
1376,1376
1368,1353
1324,1367
1320,1351
1356,1355
1362,1365
1324,1358
1393,1352
1352,1368
1349,1372
1316,1356
1360,1342
1355,1343
1361,1349
1367,1355
1362,1356
1351,1349
1353,1366
1307,1365
1350,1369
1362,1351
1361,1345
1374,1359
1333,1380
1348,1356
1350,1345
1361,1330
1345,1363
1354,1355
1344,1350
1357,1371
1335,1375
1344,1361
1358,1350
1350,1356
1335,1352
1363,1375
1377,1371
1366,1395
1358,1390
1348,1360
1383,1358
1359,1370
1375,1362
1356,1355
1342,1395
1352,1376
1368,1386
1372,1363
1337,1359
1362,1369
1349,1364
1346,1377
1356,1376
1335,1362
1357,1380
1377,1384
1378,1376
1358,1366
1350,1376
1342,1378
1345,1382
1353,1375
1371,1359
1360,1380
1350,1368
1387,1397
1365,1377
1393,1385
1368,1374
1411,1419
1367,1375
1413,1393
1382,1412
1375,1407
1388,1407
1383,1381
1392,1412
1402,1395
1378,1406
1385,1409
1409,1408
1382,1384
1412,1415
1392,1404
1412,1399
1412,1394
1385,1396
1409,1409
1421,1419
1414,1428
1417,1426
1388,1438
1411,1432
1434,1406
1405,1417
1399,1406
1430,1423
1432,1440
1399,1412
1405,1424
1414,1410
1420,1424
1432,1439
1412,1414
1439,1419
1420,1436
1388,1423
1438,1424
1468,1437
1431,1404
1431,1412
1452,1427
1417,1434
1439,1429
1432,1432
1451,1434
1413,1430
1443,1419
1420,1416
1435,1444
1430,1443
1426,1434
1426,1425
1452,1440
1453,1429
1428,1427
1451,1437
1426,1426
1445,1422
1409,1411
1447,1420
1439,1428
1458,1443
1437,1437
1426,1462
1440,1440
1437,1455
1466,1436
1444,1429
1453,1433
1446,1461
1447,1432
1430,1433
1453,1462
1445,1431
1444,1438
1440,1418
1444,1453
1441,1438
1441,1440
1462,1465
1476,1436
1446,1434
1461,1454
1457,1432
1448,1451
1443,1439
1446,1434
1412,1443
1479,1459
1451,1428
1452,1418
1456,1452
1448,1418
1466,1423
1466,1421
1433,1433
1429,1402
1445,1434
1451,1432
1432,1445
1429,1438
1458,1425
1468,1461
1470,1456
1465,1437
1441,1414
1443,1417
1410,1436
1439,1421
1418,1423
1450,1417
1443,1424
1426,1433
1418,1408
1448,1447
1470,1426
1428,1430
1431,1421
1449,1434
1432,1417
1437,1388
1410,1407
1460,1413
1427,1386
1429,1415
1414,1396
1418,1411
1432,1426
1452,1416
1446,1399
1426,1403
1415,1413
1406,1391
1417,1413
1399,1402
1437,1389
1431,1395
1426,1417
1417,1386
1420,1403
1388,1397
1380,1423
1401,1384
1391,1402
1403,1389
1402,1394
1408,1399
1392,1405
1406,1365
1384,1383
1371,1411
1399,1370
1395,1398
1385,1370
1386,1386
1401,1370
1405,1396
1404,1387
1413,1382
1371,1398
1388,1369
1372,1373
1367,1371
1383,1369
1379,1383
1399,1367
1388,1347
1374,1366
1376,1387
1373,1371
1363,1361
1380,1372
1369,1353
1391,1361
1371,1372
1373,1365
1365,1351
1384,1383
1390,1345
1388,1363
1367,1355
1356,1370
1365,1349
1386,1360
1336,1372
1353,1363
1397,1372
1345,1384
1378,1352
1353,1357
1352,1361
1377,1368
1367,1357
1335,1383
1338,1368
1321,1351
1352,1356
1368,1364
1372,1372
1353,1341
1357,1358
1364,1371
1345,1374
1358,1344
1345,1362
1333,1337
1322,1367
1382,1356
1356,1351
1356,1373
1352,1357
1317,1351
1344,1372
1339,1368
1337,1356
1352,1375
1344,1387
1353,1343
1343,1357
1335,1371
1338,1361
1328,1354
1356,1368
1359,1377
1336,1360
1351,1368
1356,1349
1373,1356
1340,1382
1356,1370
1364,1351
1359,1361
1369,1351
1359,1369
1363,1362
1346,1351
1368,1371
1364,1370
1362,1358
1350,1389
1319,1364
1345,1371
1353,1357
1368,1373
1385,1386
1362,1413
1367,1388
1368,1394
1391,1364
1362,1375
1337,1367
1379,1382
1402,1372
1371,1377
1367,1380
1367,1371
1403,1398
1382,1378
1376,1401
1350,1359
1389,1375
1402,1369
1371,1380
1356,1414
1370,1403
1395,1399
1398,1386
1385,1402
1409,1379
1364,1389
1370,1395
1409,1419
1352,1419
1396,1414
1397,1404
1394,1390
1382,1385
1391,1401
1385,1397
1367,1430
1390,1420
1419,1389
1394,1423
1388,1414
1416,1380
1390,1421
1413,1440
1389,1423
1422,1384
1404,1427
1402,1391
1417,1415
1407,1419
1405,1412
1411,1425
1382,1430
1380,1389
1432,1410
1406,1437
1389,1432
1451,1418
1412,1438
1424,1404
1401,1421
1389,1442
1439,1418
1432,1432
1436,1439
1431,1420
1435,1452
1444,1414
1438,1401
1462,1429
1425,1411
1409,1430
1392,1436
1387,1430
1391,1432
1454,1444
1448,1421
1461,1432
1417,1445
1430,1431
1454,1430
1455,1422
1451,1427
1452,1461
1446,1453
1445,1437
1443,1426
1402,1449
1481,1451
1436,1452
1453,1419
1413,1439
1460,1438
1434,1464
1458,1436
1450,1458
1455,1448
1442,1438
1449,1459
1467,1432
1429,1447
1465,1456
1444,1432
1458,1454
1478,1432
1463,1442
1435,1421
1443,1455
1447,1441
1418,1460
1449,1433
1473,1437
1437,1444
1451,1433
1452,1433
1445,1451
1448,1457
1439,1445
1440,1442
1454,1428
1488,1448
1439,1442
1430,1427
1445,1418
1459,1421
1432,1445
1468,1436
1415,1411
1442,1425
1429,1419
1459,1424
1459,1412
1478,1458
1431,1441
1455,1405
1448,1408
1427,1415
1451,1424
1446,1429
1440,1410
1419,1431
1428,1438
1448,1420
1480,1415
1432,1407
1440,1436
1431,1416
1450,1416
1439,1418
1409,1409
1428,1424
1461,1412
1411,1398
1392,1440
1429,1414
1427,1440
1432,1386
1425,1442
1378,1414
1420,1412
1446,1426
1467,1395
1382,1401
1384,1400
1424,1419
1419,1393
1401,1412
1426,1409
1435,1406
1405,1388
1424,1399
1379,1376
1420,1387
1426,1407
1382,1374
1405,1387
1401,1381
1411,1392
1407,1385
1411,1410
1399,1392
1389,1407
1381,1381
1401,1378
1390,1400
1377,1409
1370,1387
1385,1377
1385,1389
1378,1367
1376,1391
1384,1368
1400,1386
1400,1399
1388,1382
1378,1385
1395,1373
1371,1404
1359,1368
1366,1370
1394,1370
1369,1354
1405,1383
1355,1350
1372,1374
1378,1351
1398,1365
1398,1374
1368,1397
1377,1351
1357,1386
1372,1355
1359,1365
1367,1374
1370,1368
1373,1339
1358,1372
1336,1372
1386,1362
1359,1362
1358,1358
1369,1368
1359,1347
1353,1376
1373,1358
1360,1356
1354,1391
1357,1369
1375,1370
1327,1375
1370,1373
1335,1363
1360,1350
1355,1370
1367,1354
1334,1349
1362,1354
1342,1373
1356,1366
1354,1363
1348,1358
1334,1338
1335,1353
1366,1366
1374,1354
1314,1350
1351,1354
1370,1347
1334,1360
1361,1341
1346,1375
1374,1353
1312,1377
1356,1359
1352,1383
1346,1363
1337,1364
1353,1351
1355,1364
1360,1377
1355,1379
1355,1359
1371,1370
1344,1379
1388,1364
1362,1353
1342,1351
1337,1355
1332,1372
1359,1349
1357,1366
1365,1360
1371,1378
1366,1369
1369,1365
1382,1363
1374,1366
1381,1363
1370,1346
1346,1350
1339,1381
1399,1374
1371,1376
1380,1392
1336,1404
1363,1390
1375,1375
1372,1395
1373,1368
1335,1384
1375,1381
1357,1371
1393,1381
1377,1394
1369,1406
1369,1394
1379,1397
1369,1385
1354,1385
1377,1377
1379,1400
1387,1400
1362,1390
1402,1404
1378,1374
1405,1419
1379,1420
1365,1397
1391,1412
1382,1399
1400,1391
1378,1401
1397,1398
1399,1399
1388,1416
1423,1423
1375,1416
1386,1396
1402,1418
1386,1427
1404,1390
1391,1437
1390,1413
1388,1403
1421,1411
1405,1405
1412,1417
1414,1434
1415,1417
1372,1445
1409,1429
1436,1433
1401,1412
1420,1409
1393,1419
1417,1436
1404,1421
1418,1430
1428,1434
1404,1401
1445,1423
1417,1425
1417,1421
1396,1412
1433,1431
1447,1420
1417,1437
1406,1424
1417,1442
1447,1423
1446,1438
1435,1442
1433,1422
1438,1436
1433,1436
1437,1432
1449,1422
1437,1453
1436,1426
1416,1434
1420,1424
1437,1428
1437,1442
1436,1436
1434,1417
1479,1420
1444,1433
1438,1454
1433,1432
1458,1439
1446,1442
1466,1441
1441,1445
1445,1419
1426,1443
1444,1455
1437,1437
1430,1456
1451,1430
1474,1454
1432,1428
1450,1441
1436,1418
1469,1463
1438,1434
1455,1431
1419,1436
1469,1440
1457,1424
1441,1437
1449,1434
1435,1457
1445,1430
1435,1454
1454,1439
1435,1423
1441,1425
1416,1429
1441,1423
1435,1449
1418,1437
1444,1436
1461,1448
1453,1436
1454,1439
1441,1429
1471,1417
1424,1462
1484,1428
1459,1429
1425,1416
1423,1429
1440,1413
1457,1445
1445,1442
1439,1446
1462,1413
1441,1416
1433,1428
1436,1418
1414,1437
1465,1437
1457,1420
1421,1447
1420,1414
1435,1412
1431,1416
1422,1411
1424,1404
1421,1409
1425,1395
1423,1400
1418,1434
1443,1390
1418,1408
1397,1394
1445,1410
1435,1401
1415,1406
1430,1382
1413,1437
1442,1406
1412,1410
1413,1405
1438,1394
1404,1378
1409,1406
1410,1394
1422,1409
1430,1403
1390,1393
1415,1416
1425,1403
1390,1380
1393,1388
1387,1368
1449,1408
1407,1412
1394,1382
1380,1397
1382,1365
1381,1390
1382,1368
1374,1389
1376,1399
1416,1397
1402,1393
1377,1403
1361,1403
1361,1380
1413,1359
1346,1383
1382,1391
1393,1360
1374,1379
1356,1372
1371,1366
1369,1381
1395,1372
1395,1370
1373,1340
1395,1383
1401,1381
1380,1379
1384,1379
1365,1380
1383,1366
1393,1377
1357,1358
1385,1366
1360,1365
1375,1364
1374,1364
1356,1346
1364,1349
1368,1373
1369,1370
1331,1357
1372,1363
1360,1379
1371,1359
1353,1369
1355,1343
1361,1387
1344,1361
1367,1367
1309,1346
1372,1363
1363,1334
1361,1367
1353,1346
1358,1356
1354,1363
1361,1358
1368,1385
1366,1362
1340,1351
1325,1384
1385,1394
1362,1363
1330,1372
1366,1380
1349,1356
1351,1333
1357,1354
1352,1354
1343,1342
1342,1360
1329,1361
1351,1357
1370,1357
1346,1365
1345,1341
1371,1381
1348,1342
1332,1362
1357,1343
1368,1372
1337,1346
1344,1336
1336,1353
1355,1369
1323,1374
1380,1365
1372,1372
1358,1381
1354,1370
1374,1378
1330,1375
1364,1372
1331,1365
1378,1384
1342,1377
1373,1366
1331,1367
1351,1374
1345,1362
1336,1391
1378,1389
1340,1375
1395,1366
1359,1367
1365,1388
1348,1377
1349,1390
1366,1371
1345,1366
1339,1379
1347,1399
1380,1394
1396,1386
1377,1380
1359,1395
1374,1380
1402,1385
1367,1395
1365,1372
1347,1374
1369,1391
1364,1375
1415,1368
1376,1398
1376,1391
1388,1374
1354,1386
1352,1390
1378,1390
1403,1391
1361,1384
1407,1415
1411,1384
1372,1400
1395,1408
1392,1418
1402,1393
1385,1406
1391,1415
1417,1424
1393,1373
1396,1405
1450,1408
1428,1408
1413,1415
1378,1400
1407,1382
1434,1413
1421,1411
1418,1393
1406,1443
1418,1417
1412,1415
1402,1410
1397,1408
1431,1411
1420,1419
1409,1407
1391,1429
1414,1417
1411,1431
1441,1440
1445,1432
1431,1406
1419,1424
1443,1414
1437,1427
1445,1454
1425,1427
1423,1417
1411,1428
1401,1430
1409,1439
1438,1460
1421,1455
1400,1426
1425,1449
1403,1443
1433,1471
1425,1441
1427,1431
1451,1443
1439,1443
1451,1450
1417,1436
1412,1442
1440,1433
1469,1430
1429,1429
1430,1435
1435,1457
1472,1414
1448,1448
1455,1435
1443,1451
1447,1431
1457,1454
1455,1429
1468,1441
1469,1462
1448,1424
1473,1420
1449,1453
1470,1425
1451,1436
1463,1418
1442,1456
1447,1425
1456,1443
1457,1471
1480,1442
1448,1441
1444,1428
1440,1477
1438,1416
1449,1435
1452,1430
1450,1434
1430,1451
1442,1430
1450,1424
1442,1438
1440,1429
1441,1453
1445,1417
1426,1419
1454,1435
1422,1453
1460,1436
1450,1449
1452,1450
1451,1453
1424,1435
1413,1446
1462,1422
1459,1439
1446,1439
1451,1428
1455,1411
1444,1416
1417,1450
1439,1437
1441,1448
1445,1443
1440,1436
1441,1430
1447,1434
1438,1438
1452,1425
1414,1422
1420,1416
1407,1412
1447,1414
1444,1438
1420,1409
1452,1403
1439,1410
1425,1395
1446,1420
1422,1420
1428,1413
1448,1437
1441,1417
1444,1428
1423,1415
1423,1427
1401,1419
1410,1420
1432,1406
1422,1393
1410,1406
1436,1415
1385,1404
1391,1406
1412,1404
1396,1397
1426,1386
1401,1390
1396,1378
1408,1383
1445,1414
1401,1384
1426,1387
1403,1387
1408,1386
1413,1391
1418,1397
1398,1399
1409,1362
1385,1401
1416,1405
1429,1377
1391,1402
1405,1383
1416,1381
1384,1406
1381,1369
1359,1395
1402,1375
1391,1395
1402,1376
1378,1396
1405,1382
1383,1383
1366,1390
1398,1365
1365,1357
1375,1354
1397,1357
1389,1377
1351,1385
1393,1373
1379,1394
1371,1378
1404,1338
1361,1367
1380,1391
1387,1357
1362,1337
1354,1359
1370,1344
1402,1379
1378,1362
1376,1362
1387,1369
1364,1365
1381,1376
1382,1349
1359,1367
1348,1393
1365,1357
1356,1379
1352,1355
1338,1369
1344,1367
1370,1354
1338,1320
1347,1357
1357,1338
1366,1351
1334,1342
1350,1348
1374,1360
1348,1338
1349,1358
1350,1372
1335,1371
1391,1348
1358,1351
1367,1347
1378,1344
1367,1397
1351,1358
1359,1367
1358,1364
1362,1346
1317,1357
1335,1352
1368,1378
1349,1372
1349,1360
1328,1364
1330,1342
1368,1365
1350,1372
1328,1359
1346,1375
1357,1337
1341,1377
1356,1370
1343,1339
1344,1384
1364,1340
1338,1349
1328,1341
1366,1385
1339,1377
1360,1363
1346,1363
1348,1379
1370,1382
1344,1349
1321,1397
1360,1363
1356,1370
1361,1371
1342,1355
1339,1376
1349,1362
1365,1340
1342,1361
1356,1385
1350,1362
1371,1388
1340,1378
1347,1377
1361,1360
1372,1367
1377,1359
1389,1382
1365,1367
1369,1382
1369,1382
1367,1374
1376,1375
1387,1374
1377,1377
1375,1401
1360,1386
1356,1377
1369,1359
1386,1397
1376,1382
1364,1391
1380,1373
1394,1373
1380,1395
1371,1402
1387,1393
1366,1387
1384,1397
1367,1418
1381,1389
1387,1425
1373,1393
1378,1399
1386,1409
1366,1429
1398,1415
1413,1429
1419,1402
1376,1405
1404,1408
1406,1401
1383,1403
1397,1405
1394,1416
1381,1419
1396,1433
1379,1422
1391,1390
1417,1427
1416,1429
1386,1423
1404,1413
1417,1406
1402,1413
1418,1419
1435,1410
1407,1424
1418,1419
1397,1422
1385,1410
1446,1431
1398,1418
1437,1442
1415,1431
1419,1417
1417,1436
1434,1442
1421,1426
1409,1459
1444,1425
1436,1417
1436,1443
1405,1418
1402,1432
1431,1439
1422,1402
1438,1456
1436,1424
1407,1423
1432,1451
1460,1412
1442,1456
1473,1423
1440,1440
1453,1431
1431,1444
1434,1429
1452,1425
1451,1440
1431,1446
1428,1433
1458,1437
1437,1446
1435,1448
1463,1436
1426,1443
1448,1460
1446,1457
1432,1446
1446,1440
1454,1472
1429,1436
1440,1446
1438,1470
1440,1461
1454,1449
1486,1460
1440,1420
1440,1433
1445,1478
1486,1440
1451,1429
1463,1447
1444,1401
1452,1444
1425,1434
1431,1462
1430,1422
1424,1457
1470,1449
1454,1421
1446,1465
1470,1442
1429,1432
1445,1438
1457,1453
1455,1418
1447,1447
1452,1414
1437,1436
1447,1437
1421,1432
1421,1417
1428,1425
1454,1450
1474,1426
1458,1450
1459,1418
1418,1426
1458,1432
1428,1434
1449,1422
1458,1426
1456,1442
1453,1423
1457,1450
1445,1428
1454,1426
1425,1429
1437,1425
1464,1426
1435,1404
1447,1428
1447,1439
1450,1424
1430,1429
1417,1415
1473,1406
1420,1429
1462,1403
1423,1393
1435,1397
1417,1410
1457,1426
1402,1422
1437,1417
1415,1409
1409,1416
1429,1410
1419,1422
1388,1422
1433,1392
1422,1406
1405,1408
1402,1413
1437,1397
1411,1408
1378,1427
1418,1404
1408,1437
1381,1396
1440,1413
1407,1384
1403,1397
1416,1402
1395,1413
1408,1393
1434,1402
1415,1412
1424,1398
1439,1385
1422,1409
1426,1412
1410,1406
1401,1405
1392,1393
1405,1391
1386,1376
1379,1383
1393,1391
1368,1372
1373,1354
1383,1372
1406,1378
1390,1398
1365,1362
1369,1377
1385,1385
1342,1373
1384,1375
1387,1396
1389,1390
1384,1376
1357,1381
1344,1386
1384,1380
1394,1354
1385,1374
1395,1380
1352,1376
1381,1365
1380,1366
1376,1367
1373,1362
1391,1364
1371,1353
1375,1354
1374,1389
1375,1357
1347,1374
1353,1323
1352,1339
1394,1329
1370,1350
1375,1352
1345,1372
1371,1362
1358,1363
1352,1366
1370,1379
1371,1364
1375,1374
1351,1363
1340,1359
1370,1336
1381,1346
1334,1342
1351,1329
1323,1354
1318,1363
1371,1344
1328,1372
1324,1360
1330,1355
1355,1354
1338,1351
1367,1348
1373,1355
1343,1359
1340,1333
1323,1351
1349,1375
1355,1356
1369,1347
1357,1368
1355,1343
1329,1359
1342,1357
1353,1377
1326,1374
1324,1357
1332,1334
1346,1398
1342,1350
1346,1362
1330,1358
1348,1353
1354,1360
1350,1361
1335,1364
1337,1363
1339,1364
1379,1365
1329,1340
1348,1368
1340,1362
1341,1365
1325,1373
1349,1367
1366,1372
1350,1364
1328,1359
1358,1378
1358,1356
1360,1368
1354,1338
1367,1353
1373,1347
1363,1365
1363,1354
1357,1399
1353,1358
1366,1356
1392,1380
1351,1392
1344,1383
1352,1368
1361,1371
1381,1373
1342,1369
1363,1345
1363,1385
1362,1367
1350,1375
1406,1399
1359,1382
1366,1394
1351,1381
1348,1367
1403,1399
1388,1367
1404,1353
1364,1369
1385,1383
1334,1384
1418,1389
1343,1378
1368,1405
1378,1391
1378,1397
1356,1391
1393,1409
1375,1398
1387,1382
1383,1408
1406,1417
1381,1411
1367,1412
1381,1405
1369,1398
1412,1393
1383,1408
1394,1409
1391,1422
1422,1426
1403,1410
1391,1401
1406,1381
1412,1412
1413,1414
1388,1412
1434,1400
1396,1380
1424,1420
1390,1414
1412,1417
1391,1421
1413,1406
1399,1414
1423,1433
1391,1425
1411,1412
1422,1412
1455,1421
1452,1439
1414,1435
1424,1415
1415,1442
1418,1440
1424,1427
1408,1436
1415,1421
1420,1426
1405,1437
1439,1430
1440,1419
1447,1435
1420,1418
1435,1435
1422,1421
1412,1447
1447,1413
1397,1438
1407,1445
1433,1431
1456,1423
1423,1459
1454,1411
1419,1434
1419,1441
1475,1438
1461,1445
1405,1413
1410,1467
1411,1426
1454,1449
1449,1453
1435,1452
1441,1454
1476,1448
1412,1459
1430,1428
1440,1438
1449,1441
1449,1453
1464,1445
1452,1458
1463,1423
1474,1443
1436,1441
1476,1463
1463,1455
1427,1470
1425,1428
1484,1447
1445,1447
1469,1437
1455,1457
1474,1453
1450,1444
1460,1435
1437,1479
1456,1451
1442,1447
1476,1456
1470,1456
1440,1464
1427,1458
1462,1443
1426,1450
1476,1460
1452,1424
1466,1439
1438,1429
1462,1453
1477,1449
1435,1453
1448,1460
1480,1445
1461,1435
1470,1473
1453,1426
1445,1446
1444,1437
1442,1450
1454,1435
1460,1449
1435,1443
1473,1442
1437,1451
1441,1451
1413,1422
1434,1446
1442,1438
1449,1407
1452,1461
1446,1444
1416,1435
1451,1430
1425,1436
1436,1436
1443,1439
1438,1450
1426,1416
1432,1434
1433,1421
1450,1434
1448,1431
1420,1439
1438,1378
1417,1429
1436,1429
1446,1407
1443,1424
1426,1418
1434,1415
1449,1402
1421,1434
1429,1423
1424,1398
1456,1393
1419,1400
1443,1377
1409,1404
1422,1422
1435,1381
1406,1450
1432,1430
1409,1410
1374,1422
1413,1369
1433,1387
1436,1403
1413,1385
1416,1397
1392,1391
1422,1394
1436,1393
1389,1425
1387,1385
1416,1376
1430,1375
1392,1386
1408,1372
1405,1384
1406,1413
1388,1368
1393,1401
1385,1371
1394,1394
1395,1373
1394,1372
1382,1403
1403,1381
1388,1375
1409,1389
1380,1380
1392,1380
1362,1383
1364,1394
1382,1350
1376,1366
1366,1374
1359,1377
1439,1362
1371,1366
1378,1380
1399,1369
1367,1382
1381,1405
1358,1361
1341,1350
1370,1375
1385,1363
1374,1369
1364,1362
1371,1376
1367,1371
1376,1360
1352,1369
1333,1353
1376,1356
1346,1343
1377,1380
1353,1360
1326,1371
1364,1371
1362,1357
1328,1353
1383,1351
1360,1369
1372,1329
1361,1341
1354,1357
1364,1363
1358,1357
1356,1363
1358,1339
1376,1355
1332,1352
1329,1347
1352,1348
1347,1328
1375,1352
1351,1342
1353,1369
1342,1350
1346,1365
1362,1377
1343,1368
1329,1337
1332,1347
1311,1354
1362,1342
1321,1363
1361,1355
1328,1361
1320,1360
1355,1359
1342,1331
1354,1331
1339,1346
1339,1351
1341,1357
1340,1351
1338,1357
1347,1365
1360,1365
1363,1356
1345,1360
1347,1368
1344,1351
1312,1372
1314,1370
1366,1362
1351,1371
1383,1331
1356,1367
1335,1365
1329,1353
1344,1362
1361,1364
1348,1370
1333,1392
1355,1376
1335,1358
1333,1348
1332,1365
1349,1344
1353,1362
1332,1366
1354,1376
1385,1374
1352,1348
1335,1368
1366,1372
1332,1385
1357,1348
1343,1329
1380,1383
1367,1364
1379,1371
1376,1379
1332,1369
1363,1393
1375,1377
1377,1374
1363,1375
1376,1349
1365,1365
1349,1373
1386,1360
1362,1367
1365,1378
1379,1409
1369,1401
1383,1378
1351,1421
1376,1390
1375,1403
1393,1379
1382,1388
1401,1398
1382,1387
1377,1382
1383,1390
1393,1401
1398,1413
1386,1412
1390,1395
1392,1416
1396,1405
1413,1420
1405,1408
1394,1424
1435,1411
1378,1415
1397,1445
1399,1396
1429,1415
1412,1395
1398,1423
1402,1416
1424,1403
1403,1396
1410,1410
1418,1419
1398,1402
1383,1439
1440,1413
1437,1429
1420,1406
1423,1445
1418,1411
1432,1430
1393,1415
1438,1420
1414,1417
1415,1421
1419,1422
1433,1434
1436,1425
1445,1390
1421,1432
1431,1457
1422,1436
1417,1440
1444,1429
1409,1423
1433,1424
1423,1429
1403,1416
1437,1431
1430,1443
1441,1458
1473,1423
1426,1415
1443,1437
1429,1440
1424,1446
1440,1440
1431,1464
1439,1431
1477,1439
1451,1463
1432,1468
1446,1440
1466,1456
1450,1437
1468,1452
1425,1454
1470,1426
1475,1429
1458,1470
1452,1426
