ch1,ch2
1608,1628
1654,1653
1656,1678
1714,1736
1728,1715
1705,1712
1794,1764
1771,1820
1818,1793
1812,1827
1835,1816
1840,1793
1851,1819
1852,1782
1829,1792
1772,1766
1791,1747
1807,1728
1760,1724
1738,1712
1733,1668
1686,1624
1653,1605
1589,1623
1644,1595
1560,1575
1511,1548
1564,1498
1532,1454
1516,1465
1475,1461
1429,1423
1347,1449
1351,1336
1353,1384
1362,1398
1331,1387
1345,1393
1324,1403
1359,1450
1410,1437
1427,1425
1375,1449
1449,1493
1437,1480
1478,1545
1501,1558
1514,1619
1568,1617
1593,1617
1656,1634
1629,1701
1672,1712
1735,1710
1729,1764
1769,1740
1745,1834
1823,1767
1826,1806
1836,1775
1896,1758
1887,1806
1842,1818
1826,1798
1816,1778
1784,1743
1761,1737
1785,1734
1759,1704
1728,1669
1722,1647
1689,1631
1642,1530
1639,1546
1585,1543
1541,1553
1562,1505
1446,1479
1507,1472
1457,1468
1445,1405
1402,1375
1435,1400
1379,1386
1375,1409
1397,1352
1386,1382
1334,1384
1371,1422
1408,1464
1429,1449
1434,1470
1437,1488
1456,1446
1481,1519
1483,1542
1569,1606
1557,1621
1601,1643
1638,1677
1633,1689
1671,1719
1772,1722
1734,1771
1743,1760
1779,1832
1782,1763
1850,1835
1826,1779
1806,1777
1808,1792
1868,1794
1842,1830
1828,1796
1816,1795
1827,1778
1755,1701
1731,1694
1741,1681
1704,1676
1742,1604
1628,1584
1652,1598
1597,1549
1595,1466
1570,1483
1522,1480
1453,1463
1460,1445
1401,1425
1386,1385
1376,1401
1356,1405
1348,1427
1310,1415
1343,1421
1395,1426
1378,1417
1384,1463
1402,1471
1423,1478
1446,1491
1428,1516
1474,1519
1506,1562
1556,1611
1549,1593
1615,1633
1616,1659
1685,1707
1684,1729
1717,1754
1732,1781
1794,1765
1813,1787
1844,1819
1854,1784
1826,1805
1833,1806
1875,1804
1852,1752
1849,1844
1777,1775
1811,1732
1816,1725
1755,1727
1773,1722
1687,1672
1688,1623
1640,1646
1645,1600
1581,1589
1592,1518
1570,1500
1552,1486
1487,1469
1458,1396
1409,1410
1433,1423
1402,1389
1363,1410
1379,1382
1339,1419
1375,1375
1391,1394
1349,1389
1338,1422
1401,1396
1426,1416
1408,1501
1414,1496
1474,1524
1480,1611
1540,1571
1541,1595
1541,1586
1585,1652
1605,1640
1689,1710
1691,1755
1747,1779
1747,1763
1816,1791
1778,1806
1803,1794
1817,1826
1815,1819
1870,1818
1821,1802
1881,1807
1840,1779
1841,1785
1794,1769
1766,1742
1758,1727
1778,1689
1712,1649
1668,1641
1636,1617
1587,1598
1620,1535
1545,1564
1529,1482
1483,1476
1435,1499
1442,1451
1412,1412
1372,1405
1421,1412
1390,1380
1373,1380
1385,1405
1382,1408
1316,1377
1338,1373
1364,1455
1406,1388
1446,1481
1422,1502
1388,1482
1488,1487
1451,1564
1554,1548
1581,1613
1630,1634
1625,1630
1648,1711
1671,1731
1721,1721
1727,1783
1729,1803
1810,1783
1792,1847
1823,1807
1868,1810
1822,1794
1829,1790
1869,1823
1837,1802
1828,1783
1818,1776
1849,1752
1814,1745
1775,1718
1759,1640
1692,1639
1662,1670
1643,1616
1623,1564
1625,1582
1576,1525
1569,1474
1490,1464
1528,1383
1485,1436
1460,1445
1354,1394
1377,1401
1369,1377
1332,1387
1357,1362
1357,1356
1379,1416
1382,1391
1363,1402
1398,1416
1372,1471
1402,1471
1424,1508
1507,1568
1539,1572
1557,1600
1588,1626
1627,1666
1612,1641
1663,1675
1676,1704
1752,1738
1749,1766
1779,1851
1781,1806
1824,1823
1788,1832
1840,1793
1862,1853
1841,1866
1792,1800
1867,1790
1828,1783
1830,1802
1802,1730
1820,1724
1723,1689
1725,1689
1699,1630
1709,1596
1631,1589
1585,1580
1577,1512
1533,1515
1461,1446
1489,1468
1408,1438
1380,1397
1418,1435
1402,1360
1353,1391
1333,1358
1272,1333
1386,1348
1305,1376
1362,1418
1359,1413
1407,1431
1407,1446
1477,1495
1445,1520
1487,1527
1510,1537
1523,1549
1560,1605
1559,1611
1653,1628
1684,1728
1696,1733
1702,1727
1757,1781
1763,1763
1814,1805
1812,1823
1838,1821
1905,1841
1797,1825
1853,1863
1867,1796
1841,1797
1839,1830
1802,1743
1773,1736
1790,1752
1715,1688
1709,1698
1765,1633
1682,1634
1639,1590
1634,1584
1577,1547
1570,1490
1520,1465
1477,1416
1435,1426
1468,1398
1417,1412
1420,1405
1424,1404
1351,1366
1430,1361
1316,1381
1378,1352
1348,1401
1371,1403
1337,1417
1374,1398
1422,1481
1431,1490
1501,1505
1538,1540
1514,1608
1566,1608
1551,1638
1642,1652
1656,1729
1658,1706
1704,1732
1715,1778
1761,1726
1803,1798
1808,1848
1820,1823
1819,1847
1830,1806
1905,1845
1889,1828
1849,1813
1890,1821
1832,1820
1799,1734
1783,1759
1830,1741
1757,1650
1741,1673
1697,1648
1675,1594
1605,1588
1606,1599
1550,1495
1509,1497
1497,1473
1437,1442
1443,1425
1471,1388
1403,1367
1403,1377
1359,1384
1361,1418
1297,1358
1355,1345
1325,1409
1367,1396
1372,1418
1404,1457
1389,1439
1421,1477
1462,1486
1490,1513
1520,1567
1521,1557
1604,1624
1659,1646
1681,1662
1625,1714
1738,1765
1724,1788
1757,1778
1802,1827
1830,1799
1842,1792
1817,1815
1860,1797
1813,1861
1811,1836
1859,1826
1857,1812
1817,1791
1835,1762
1788,1715
1749,1652
1739,1680
1742,1678
1682,1632
1640,1594
1653,1578
1583,1534
1518,1494
1530,1479
1494,1424
1513,1458
1434,1425
1382,1419
1405,1338
1352,1385
1403,1318
1351,1363
1332,1378
1338,1368
1366,1401
1396,1383
1329,1423
1371,1431
1385,1459
1440,1485
1530,1468
1502,1492
1495,1573
1534,1615
1614,1626
1623,1659
1609,1675
1671,1679
1724,1724
1752,1754
1761,1748
1806,1798
1743,1827
1791,1842
1863,1871
1857,1821
1863,1810
1832,1823
1859,1823
1835,1788
1812,1751
1814,1749
1782,1765
1779,1720
1776,1719
1715,1687
1716,1662
1607,1587
1669,1571
1580,1542
1580,1508
1550,1531
1456,1478
1506,1459
1399,1423
1433,1398
1402,1341
1361,1382
1347,1383
1359,1380
1368,1347
1355,1367
1345,1394
1349,1407
1356,1401
1368,1402
1376,1465
1440,1481
1464,1507
1468,1522
1481,1585
1537,1617
1567,1618
1584,1643
1641,1671
1644,1649
1688,1727
1724,1766
1789,1811
1772,1804
1823,1805
1849,1834
1807,1838
1848,1823
1862,1798
1851,1814
1840,1812
1850,1823
1841,1799
1829,1803
1814,1732
1760,1726
1815,1724
1759,1653
1749,1603
1703,1583
1656,1600
1536,1525
1588,1518
1503,1515
1469,1474
1497,1446
1369,1411
1435,1393
1429,1380
1358,1401
1428,1347
1352,1419
1409,1359
1308,1382
1401,1381
1342,1375
1369,1408
1396,1440
1400,1463
1418,1464
1442,1477
1433,1521
1453,1573
1515,1611
1558,1629
1629,1674
1652,1679
1673,1717
1691,1713
1700,1791
1781,1772
1813,1798
1797,1797
1855,1795
1835,1851
1814,1827
1841,1812
1833,1825
1912,1827
1835,1796
1836,1782
1831,1794
1777,1769
1777,1727
1785,1716
1695,1681
1709,1671
1652,1621
1648,1575
1594,1569
1583,1558
1559,1501
1454,1455
1449,1466
1416,1427
1396,1402
1401,1376
1399,1400
1371,1377
1336,1342
1298,1403
1320,1387
1291,1354
1319,1374
1329,1441
1359,1436
1417,1449
1376,1465
1463,1532
1495,1515
1446,1538
1556,1583
1603,1628
1642,1633
1635,1686
1681,1672
1726,1754
1700,1776
1721,1780
1834,1760
1845,1814
1800,1826
1833,1795
1842,1874
1903,1852
1824,1799
1846,1763
1820,1839
1866,1756
1816,1774
1806,1769
1809,1745
1718,1674
1739,1678
1669,1619
1658,1588
1582,1573
1581,1570
1556,1477
1487,1530
1482,1424
1447,1411
1424,1416
1391,1373
1397,1364
1369,1358
1364,1332
1350,1369
1368,1361
1360,1374
1320,1416
1382,1420
1391,1390
1372,1476
1448,1467
1401,1517
1443,1449
1523,1553
1489,1553
1547,1609
1582,1676
1582,1663
1647,1708
1702,1736
1733,1756
1751,1761
1783,1793
1779,1817
1823,1812
1840,1800
1848,1821
1858,1826
1894,1815
1863,1781
1846,1825
1830,1794
1803,1781
1838,1777
1800,1733
1753,1742
1785,1660
1704,1623
1701,1617
1665,1609
1646,1520
1568,1512
1556,1495
1475,1499
1453,1463
1464,1417
1416,1397
1421,1379
1407,1368
1352,1370
1356,1367
1404,1343
1323,1323
1314,1370
1395,1401
1334,1435
1331,1454
1389,1440
1375,1481
1436,1495
1425,1492
1519,1528
1471,1556
1522,1584
1618,1664
1640,1673
1630,1727
1679,1693
1735,1722
1747,1743
1771,1763
1774,1809
1816,1834
1869,1853
1836,1831
1843,1854
1872,1850
1874,1810
1852,1803
1823,1764
1838,1745
1803,1778
1827,1740
1812,1706
1705,1667
1730,1687
1625,1652
1710,1622
1637,1564
1531,1531
1513,1492
1477,1480
1454,1394
1417,1380
1458,1415
1368,1431
1404,1391
1353,1357
1355,1356
1366,1336
1363,1352
1327,1369
1343,1370
1317,1432
1400,1448
1416,1438
1409,1493
1448,1462
1436,1507
1496,1547
1544,1581
1572,1601
1565,1607
1635,1650
1700,1697
1642,1734
1771,1739
1787,1762
1771,1820
1799,1818
1817,1804
1830,1857
1852,1830
1845,1865
1829,1815
1870,1857
1862,1833
1883,1810
1810,1764
1798,1697
1784,1684
1752,1678
1736,1689
1686,1646
1633,1660
1647,1550
1588,1530
1517,1562
1511,1466
1532,1463
1474,1443
1385,1392
1345,1375
1351,1394
1376,1363
1347,1319
1353,1370
1381,1365
1364,1365
1360,1337
1298,1390
1399,1408
1352,1422
1451,1415
1453,1464
1491,1511
1495,1566
1490,1585
1590,1596
1594,1615
1623,1666
1644,1671
1665,1668
1687,1714
1752,1740
1776,1785
1786,1782
1829,1814
1871,1850
1846,1866
1852,1839
1831,1828
1897,1807
1900,1841
1834,1803
1833,1748
1807,1809
1782,1760
1772,1763
1720,1674
1710,1661
1706,1694
1633,1589
1640,1594
1630,1521
1502,1516
1515,1482
1465,1478
1470,1441
1369,1420
1412,1395
1428,1438
1315,1419
1373,1410
1352,1361
1329,1402
1345,1349
1371,1359
1340,1421
1389,1389
1407,1420
1388,1465
1444,1543
1502,1548
1512,1544
1513,1564
1515,1595
1586,1628
1622,1659
1691,1670
1706,1708
1741,1784
1744,1769
1784,1775
1798,1771
1840,1830
1831,1820
1855,1835
1848,1809
1879,1812
1861,1768
1923,1825
1893,1817
1840,1774
1798,1743
1765,1715
1754,1702
1796,1655
1668,1663
1705,1606
1673,1558
1571,1588
1551,1494
1557,1514
1495,1512
1506,1457
1427,1461
1396,1391
1405,1428
1392,1420
1306,1361
1334,1389
1370,1334
1341,1361
1363,1382
1346,1403
1377,1416
1392,1417
1374,1391
1428,1474
1459,1469
1495,1512
1510,1602
1510,1564
1578,1612
1625,1650
1605,1674
1687,1696
1705,1717
1759,1707
1776,1811
1803,1773
1783,1767
1815,1825
1867,1829
1827,1826
1880,1821
1877,1838
1839,1830
1871,1799
1839,1804
1859,1717
1793,1797
1799,1710
1744,1706
1730,1687
1718,1691
1645,1624
1643,1576
1617,1513
1559,1489
1523,1504
1471,1456
1449,1422
1388,1382
1438,1421
1394,1398
1357,1402
1386,1416
1310,1362
1354,1415
1368,1336
1315,1349
1351,1387
1382,1437
1378,1414
1410,1476
1448,1457
1441,1498
1533,1541
1538,1587
1541,1625
1576,1643
1620,1688
1635,1704
1677,1729
1714,1794
1733,1748
1766,1752
1793,1830
1837,1806
1811,1810
1837,1820
1867,1838
1878,1834
1830,1800
1836,1808
1813,1787
1810,1757
1798,1732
1802,1757
1800,1700
1722,1687
1750,1599
1626,1628
1614,1571
1568,1530
1609,1529
1562,1496
1479,1456
1472,1447
1434,1444
1388,1394
1358,1424
1338,1360
1400,1351
1311,1355
1356,1378
1355,1372
1373,1372
1322,1402
1370,1395
1319,1420
1349,1444
1426,1454
1416,1504
1462,1557
1460,1574
1510,1570
1546,1634
1610,1666
1643,1682
1652,1718
1661,1712
1707,1759
1780,1789
1800,1790
1819,1814
1826,1842
1865,1824
1899,1795
1827,1801
1847,1846
1843,1794
1795,1808
1883,1769
1857,1791
1775,1784
1798,1731
1735,1670
1727,1685
1677,1658
1660,1622
1617,1561
1584,1537
1547,1462
1542,1477
1472,1446
1474,1434
1441,1401
1369,1406
1430,1370
1390,1377
1355,1388
1329,1378
1346,1381
1373,1393
1345,1364
1335,1383
1355,1465
1405,1466
1426,1472
1399,1545
1460,1500
1470,1500
1536,1561
1555,1617
1588,1628
1618,1606
1630,1704
1719,1734
1687,1730
1682,1795
1817,1803
1794,1819
1824,1807
1827,1850
1860,1807
1880,1831
1849,1807
1829,1820
1840,1829
1808,1773
1808,1791
1770,1717
1782,1751
1759,1701
1758,1697
1681,1666
1674,1607
1617,1605
1586,1558
1559,1541
1531,1495
1472,1475
1499,1438
1462,1387
1470,1423
1403,1443
1361,1398
1362,1383
1332,1422
1382,1399
1339,1377
1351,1429
1335,1384
1367,1433
1346,1400
1390,1456
1426,1490
1464,1558
1414,1524
1515,1511
1535,1613
1554,1638
1553,1633
1595,1662
1668,1735
1680,1734
1712,1753
1759,1822
1798,1784
1792,1818
1836,1809
1827,1806
1850,1843
1828,1777
1909,1818
1877,1751
1831,1799
1862,1768
1817,1727
1829,1716
1726,1727
1749,1677
1703,1641
1748,1649
1662,1635
1609,1571
1542,1605
1548,1556
1491,1452
1458,1441
1471,1415
1449,1441
1404,1386
1363,1393
1390,1364
1368,1323
1330,1344
1390,1395
1364,1363
1325,1376
1363,1363
1315,1426
1370,1434
1428,1456
1433,1472
1460,1489
1515,1541
1452,1578
1582,1609
1594,1611
1609,1653
1668,1667
1652,1737
1656,1743
1736,1766
1765,1766
1806,1823
1802,1820
1848,1793
1820,1841
1852,1871
1840,1844
1915,1831
1866,1833
1857,1775
1797,1734
1825,1757
1807,1736
1733,1700
1738,1699
1762,1619
1607,1659
1647,1615
1583,1516
1600,1549
1585,1475
1511,1523
1467,1414
1451,1413
1396,1415
1433,1417
1408,1417
1423,1402
1344,1387
1336,1365
1366,1362
1345,1356
1344,1405
1358,1414
1374,1458
1428,1445
1426,1468
1393,1498
1481,1540
1547,1522
1537,1599
1579,1611
1611,1612
1636,1703
1635,1739
1727,1710
1679,1741
1745,1788
1770,1781
1804,1785
1861,1869
1851,1813
1809,1840
1881,1831
1846,1800
1866,1824
1827,1800
1863,1791
1783,1762
1781,1751
1785,1716
1756,1672
1707,1689
1751,1627
1681,1560
1650,1594
1577,1535
1561,1522
1571,1498
1494,1494
1460,1431
1446,1435
1390,1425
1356,1437
1353,1407
1397,1369
1377,1349
1370,1382
1332,1378
1357,1349
1398,1422
1386,1440
1397,1477
1414,1410
1405,1477
1470,1511
1489,1551
1508,1559
1555,1579
1563,1648
1624,1664
1663,1653
1659,1724
1676,1735
1725,1754
1793,1780
1774,1799
1802,1803
1849,1805
1814,1830
1853,1852
1854,1823
1848,1839
1893,1848
1840,1832
1809,1777
1811,1755
1768,1728
1796,1769
1691,1694
1703,1635
1704,1622
1626,1583
1579,1546
1581,1585
1600,1508
1550,1465
1488,1475
1437,1467
1455,1433
1424,1424
1392,1398
1409,1372
1378,1420
1385,1384
1383,1403
1351,1380
1341,1427
1382,1386
1369,1411
1411,1466
1413,1485
1502,1481
1472,1557
1504,1547
1507,1540
1571,1590
1603,1671
1619,1711
1630,1655
1678,1759
1764,1764
1739,1764
1763,1793
1772,1793
1807,1798
1855,1856
1847,1807
1856,1785
1893,1805
1860,1803
1897,1742
1838,1769
1814,1684
1805,1764
1823,1706
1760,1692
1717,1681
1707,1654
1654,1621
1624,1567
1639,1570
1563,1529
1537,1538
1455,1524
1447,1470
1452,1452
1515,1415
1403,1395
1366,1384
1384,1389
1379,1374
1343,1351
1358,1421
1350,1367
1399,1413
1402,1431
1390,1442
1417,1484
1415,1524
1455,1517
1496,1573
1493,1581
1521,1567
1554,1636
1592,1702
1652,1745
1719,1709
1653,1752
1743,1719
1746,1731
1772,1808
1803,1796
1803,1776
1842,1790
1823,1782
1795,1796
1804,1829
1841,1782
1819,1809
1809,1785
1825,1751
1779,1731
1767,1719
1764,1691
1671,1683
1681,1646
1645,1596
1594,1579
1610,1548
1530,1501
1524,1484
1504,1504
1475,1468
1439,1416
1445,1412
1371,1397
1398,1413
1396,1388
1369,1425
1349,1371
1406,1399
1388,1411
1399,1404
1352,1469
1422,1447
1390,1448
1479,1516
1515,1542
1494,1522
1544,1586
1565,1625
1575,1621
1612,1697
1680,1683
1670,1736
1713,1723
1736,1784
1756,1768
1794,1800
1821,1784
1791,1850
1809,1829
1825,1805
1843,1809
1875,1811
1843,1821
1853,1796
1833,1745
1796,1731
1726,1714
1739,1708
1726,1677
1749,1671
1699,1630
1637,1586
1599,1553
1549,1560
1539,1496
1522,1468
1515,1491
1484,1434
1452,1416
1410,1434
1444,1424
1407,1366
1383,1415
1411,1380
1315,1380
1348,1446
1392,1379
1377,1433
1418,1472
1388,1459
1433,1469
1448,1506
1452,1500
1512,1574
1472,1583
1559,1579
1600,1618
1652,1652
1650,1640
1643,1710
1786,1688
1764,1728
1763,1758
1743,1800
1808,1806
1821,1828
1784,1814
1837,1786
1781,1815
1880,1763
1817,1810
1817,1788
1766,1784
1793,1725
1796,1724
1729,1690
1708,1680
1625,1637
1674,1588
1638,1570
1595,1581
1594,1524
1564,1510
1512,1475
1479,1471
1438,1429
1437,1419
1421,1443
1436,1372
1394,1360
1416,1370
1345,1386
1370,1419
1364,1431
1372,1447
1444,1465
1347,1405
1415,1437
1409,1509
1497,1505
1487,1512
1455,1579
1566,1592
1595,1618
1647,1677
1607,1703
1660,1740
1637,1746
1742,1775
1743,1759
1764,1773
1757,1810
1778,1748
1764,1821
1833,1766
1797,1846
1835,1861
1846,1773
1799,1756
1823,1742
1806,1761
1805,1715
1790,1713
1733,1698
1699,1630
1683,1622
1658,1590
1587,1588
1566,1582
1582,1540
1506,1469
1504,1486
1481,1429
1477,1430
1438,1429
1441,1405
1386,1406
1398,1356
1359,1377
1317,1359
1352,1357
1324,1362
1415,1422
1368,1430
1397,1468
1431,1462
1409,1491
1467,1528
1456,1528
1499,1537
1542,1625
1598,1592
1612,1639
1630,1646
1656,1692
1717,1720
1699,1711
1725,1722
1724,1777
1792,1753
1838,1805
1800,1817
1794,1809
1801,1770
1861,1819
1805,1763
1840,1786
1791,1755
1757,1741
1738,1726
1744,1715
1751,1704
1711,1677
1671,1622
1688,1656
1629,1558
1558,1543
1524,1491
1538,1496
1489,1457
1474,1457
1417,1465
1423,1402
1403,1384
1394,1429
1368,1344
1382,1424
1359,1407
1399,1413
1354,1434
1396,1409
1367,1472
1430,1477
1484,1481
1503,1478
1521,1485
1497,1520
1527,1578
1547,1628
1565,1600
1578,1653
1632,1671
1627,1689
1700,1712
1693,1713
1751,1736
1805,1758
1754,1787
1805,1801
1835,1760
1814,1757
1855,1831
1882,1818
1806,1826
1822,1764
1799,1768
1830,1765
1779,1715
1704,1739
1690,1716
1770,1628
1683,1574
1688,1619
1615,1547
1567,1549
1560,1519
1602,1497
1524,1440
1513,1430
1480,1447
1419,1436
1414,1383
1429,1416
1401,1387
1347,1392
1378,1410
1376,1403
1419,1401
1403,1426
1352,1433
1374,1493
1424,1436
1448,1466
1446,1505
1531,1510
1524,1539
1551,1617
1548,1632
1601,1647
1639,1701
1660,1690
1680,1715
1722,1745
1732,1755
1753,1761
1765,1745
1799,1791
1811,1804
1857,1785
1830,1800
1818,1810
1820,1761
1784,1791
1765,1769
1771,1729
1779,1738
1719,1723
1738,1658
1726,1689
1704,1640
1638,1570
1594,1542
1622,1544
1546,1568
1540,1490
1522,1460
1514,1461
1445,1442
1459,1404
1442,1424
1409,1458
1476,1426
1340,1400
1346,1409
1415,1403
1378,1411
1403,1429
1407,1395
1401,1475
1362,1490
1421,1487
1470,1494
1487,1539
1513,1562
1550,1556
1591,1580
1585,1631
1628,1671
1676,1648
1706,1737
1730,1711
1738,1742
1781,1788
1757,1737
1773,1800
1821,1823
1818,1807
1832,1762
1798,1788
1806,1818
1776,1728
1787,1760
1782,1716
1798,1705
1750,1727
1734,1661
1734,1716
1679,1625
1616,1631
1648,1600
1569,1596
1563,1525
1520,1480
1491,1482
1500,1499
1428,1489
1401,1439
1408,1435
1398,1437
1391,1381
1404,1401
1402,1433
1337,1386
1409,1438
1396,1430
1379,1410
1422,1447
1397,1494
1463,1497
1504,1547
1478,1549
1533,1523
1541,1570
1506,1647
1602,1667
1627,1679
1662,1708
1680,1724
1701,1711
1705,1737
1756,1778
1793,1751
1781,1797
1790,1795
1825,1795
1843,1786
1849,1817
1804,1800
1833,1739
1813,1752
1811,1777
1779,1726
1764,1686
1752,1669
1730,1679
1677,1647
1666,1603
1610,1602
1599,1593
1581,1533
1526,1539
1508,1490
1456,1489
1469,1441
1435,1426
1429,1403
1434,1382
1436,1428
1351,1422
1323,1420
1291,1433
1377,1332
1380,1452
1360,1417
1386,1415
1426,1475
1411,1461
1453,1514
1489,1525
1517,1561
1527,1567
1552,1577
1591,1673
1624,1650
1652,1644
1651,1673
1702,1741
1711,1717
1694,1774
1776,1743
1793,1766
1797,1804
1804,1779
1831,1785
1792,1805
1843,1808
1858,1731
1804,1770
1795,1764
1809,1705
1747,1750
1732,1707
1714,1698
1690,1649
1686,1632
1666,1601
1617,1617
1609,1572
1574,1541
1542,1516
1502,1450
1457,1460
1443,1436
1404,1470
1422,1436
1442,1421
1396,1410
1415,1434
1377,1417
1382,1450
1383,1404
1391,1487
1389,1439
1427,1447
1445,1460
1440,1470
1500,1506
1524,1540
1537,1498
1520,1598
1575,1578
1571,1684
1637,1686
1698,1705
1653,1702
1678,1724
1738,1748
1741,1762
1818,1798
1810,1770
1797,1758
1747,1789
1802,1808
1839,1798
1812,1742
1789,1792
1792,1732
1780,1753
1756,1718
1689,1710
1729,1742
1725,1724
1742,1620
1634,1594
1669,1592
1609,1582
1592,1519
1589,1520
1483,1535
1533,1468
1456,1464
1467,1447
1428,1406
1433,1390
1441,1412
1379,1419
1422,1407
1364,1409
1403,1378
1357,1430
1389,1430
1352,1432
1455,1485
1429,1501
1427,1523
1518,1541
1512,1540
1546,1629
1513,1598
1564,1620
1598,1655
1653,1655
1651,1693
1699,1682
1673,1733
1706,1736
1761,1761
1785,1796
1824,1772
1795,1814
1814,1775
1812,1765
1807,1770
1795,1765
1817,1779
1817,1805
1825,1729
1762,1740
1684,1712
1766,1683
1704,1632
1680,1631
1590,1622
1579,1594
1572,1539
1594,1513
1516,1556
1497,1519
1482,1467
1424,1422
1451,1471
1446,1431
1407,1396
1459,1390
1380,1396
1397,1411
1406,1408
1373,1453
1435,1446
1399,1404
1470,1447
1409,1482
1445,1469
1445,1538
1486,1552
1571,1526
1581,1522
1539,1564
1565,1624
1624,1645
1653,1683
1632,1703
1657,1712
1705,1732
1702,1753
1742,1798
1730,1792
1823,1797
1752,1775
1770,1749
1800,1818
1801,1772
1816,1750
1807,1738
1780,1767
1783,1733
1726,1771
1735,1701
1730,1664
1719,1679
1649,1646
1674,1599
1593,1532
1572,1597
1565,1546
1536,1498
1523,1513
1489,1461
1431,1456
1439,1412
1437,1400
1438,1439
1425,1419
1374,1405
1401,1422
1366,1434
1372,1406
1392,1462
1355,1452
1358,1477
1441,1471
1447,1511
1479,1542
1473,1498
1560,1540
1540,1590
1559,1621
1609,1602
1565,1677
1650,1673
1650,1687
1690,1727
1699,1684
1738,1722
1738,1745
1764,1794
1784,1809
1790,1778
1773,1837
1812,1784
1776,1759
1801,1789
1780,1757
1788,1740
1784,1738
1723,1752
1715,1697
1729,1650
1684,1652
1703,1632
1649,1628
1592,1572
1573,1541
1597,1559
1526,1485
1541,1461
1475,1457
1442,1464
1463,1450
1483,1381
1424,1422
1440,1382
1409,1448
1409,1447
1411,1398
1360,1429
1381,1431
1472,1436
1429,1448
1439,1497
1412,1513
1481,1523
1551,1544
1523,1556
1519,1588
1549,1610
1577,1579
1641,1634
1677,1690
1633,1674
1690,1770
1697,1747
1722,1755
1805,1774
1768,1801
1813,1759
1752,1736
1836,1794
1839,1790
1771,1782
1851,1786
1831,1739
1777,1760
1784,1773
1760,1712
1782,1679
1738,1710
1708,1695
1632,1611
1661,1619
1595,1555
1633,1572
1577,1523
1548,1506
1505,1502
1506,1477
1476,1420
1476,1419
1461,1393
1425,1412
1452,1399
1427,1421
1357,1436
1406,1429
1444,1432
1393,1454
1405,1462
1425,1458
1407,1491
1447,1501
1472,1499
1486,1550
1536,1540
1535,1579
1569,1609
1580,1612
1623,1670
1617,1686
1682,1709
1697,1733
1720,1720
1704,1761
1757,1749
1766,1737
1804,1778
1756,1780
1828,1758
1768,1788
1815,1789
1796,1765
1798,1768
1759,1737
1742,1730
1788,1714
1761,1671
1717,1699
1704,1648
1683,1632
1619,1592
1654,1617
1584,1543
1551,1484
1545,1558
1544,1541
1523,1505
1468,1455
1433,1454
1398,1414
1427,1446
1436,1443
1409,1404
1368,1416
1430,1420
1416,1383
1369,1437
1398,1443
1459,1467
1440,1449
1416,1452
1423,1501
1436,1537
1511,1538
1561,1555
1535,1565
1611,1631
1580,1651
1664,1666
1693,1698
1648,1701
1657,1743
1741,1750
1714,1739
1772,1806
1763,1760
1770,1800
1811,1832
1812,1793
1804,1823
1831,1747
1829,1745
1807,1746
1751,1715
1809,1701
1793,1671
1751,1706
1733,1661
1721,1665
1653,1644
1651,1560
1628,1558
1536,1569
1588,1507
1533,1526
1489,1477
1473,1499
1496,1486
1468,1455
1440,1454
1453,1407
1410,1400
1395,1440
1392,1428
1330,1386
1385,1418
1405,1466
1410,1456
1493,1473
1467,1451
1437,1491
1472,1521
1482,1544
1515,1584
1539,1572
1577,1635
1601,1662
1619,1655
1684,1669
1650,1718
1694,1685
1711,1707
1715,1723
1744,1761
1769,1792
1775,1791
1806,1816
1816,1760
1837,1779
1813,1777
1766,1788
1746,1785
1769,1709
1764,1738
1703,1713
1731,1681
1752,1642
1704,1623
1674,1668
1661,1586
1613,1586
1611,1559
1618,1530
1537,1546
1567,1481
1516,1526
1480,1476
1481,1445
1460,1458
1413,1441
1395,1411
1362,1422
1401,1398
1336,1431
1402,1496
1393,1392
1457,1414
1401,1479
1427,1456
1474,1476
1469,1493
1521,1518
1523,1543
1524,1577
1563,1614
1531,1606
1606,1643
1620,1630
1634,1701
1653,1699
1686,1732
1693,1730
1691,1741
1750,1742
1818,1750
1791,1727
1810,1804
1846,1792
1780,1774
1819,1750
1842,1782
1754,1696
1772,1759
1729,1721
1730,1698
1739,1643
1713,1674
1672,1607
1674,1626
1641,1604
1626,1587
1572,1589
1579,1526
1553,1522
1530,1486
1506,1504
1467,1465
1453,1510
1436,1408
1428,1432
1419,1404
1439,1430
1406,1435
1383,1431
1387,1397
1412,1485
1398,1430
1443,1434
1435,1481
1446,1486
1437,1497
1470,1552
1535,1533
1515,1548
1561,1596
1556,1624
1646,1639
1641,1711
1634,1625
1662,1693
1713,1741
1693,1758
1737,1746
1727,1738
1755,1797
1806,1782
1790,1750
1779,1772
1809,1755
1808,1777
1808,1714
1773,1767
1793,1763
1772,1746
1759,1733
1718,1749
1727,1638
1676,1653
1682,1620
1679,1598
1610,1569
1632,1588
1621,1526
1579,1524
1521,1477
1488,1488
1472,1464
1470,1420
1497,1467
1433,1409
1418,1467
1417,1406
1376,1407
1371,1416
1445,1444
1446,1455
1433,1445
1399,1428
1403,1466
1465,1516
1432,1504
1457,1521
1529,1535
1529,1583
1608,1584
1584,1620
1624,1625
1683,1633
1617,1675
1661,1666
1671,1698
1732,1728
1743,1767
1781,1716
1778,1769
1769,1776
1781,1756
1853,1774
1832,1803
1776,1763
1810,1774
1775,1704
1767,1782
1734,1727
1729,1739
1700,1706
1680,1650
1691,1670
1642,1664
1688,1622
1666,1598
1583,1533
1592,1557
1569,1482
1530,1504
1506,1467
1495,1500
1453,1471
1417,1437
1452,1430
1431,1463
1432,1442
1414,1418
1388,1448
1432,1436
1393,1443
1377,1434
1419,1424
1433,1462
1474,1464
1467,1511
1430,1484
1488,1557
1505,1531
1506,1637
1611,1591
1586,1642
1605,1618
1600,1661
1635,1686
1767,1690
1753,1763
1714,1747
1776,1782
1748,1753
1811,1810
1760,1778
1761,1780
1786,1786
1768,1697
1783,1756
1820,1727
1750,1755
1764,1806
1703,1696
1721,1719
1728,1688
1650,1646
1699,1633
1694,1639
1639,1607
1642,1555
1593,1549
1568,1537
1592,1528
1525,1498
1471,1451
1471,1468
1504,1401
1446,1440
1437,1431
1459,1426
1419,1426
1364,1411
1429,1460
1421,1389
1435,1426
1440,1446
1439,1458
1467,1459
1448,1481
1469,1555
1537,1532
1483,1576
1509,1539
1552,1592
1586,1620
1600,1647
1610,1697
1648,1669
1640,1729
1681,1682
1703,1722
1739,1736
1806,1778
1732,1793
1786,1778
1748,1771
1779,1781
1785,1798
1835,1778
1818,1782
1834,1730
1791,1777
1752,1728
1746,1708
1725,1724
1750,1709
1686,1662
1709,1651
1588,1595
1651,1566
1608,1577
1562,1559
1504,1521
1527,1503
1494,1462
1478,1470
1451,1476
1413,1409
1478,1413
1413,1374
1425,1397
1414,1433
1346,1426
1404,1436
1429,1421
1453,1464
1403,1458
1397,1440
1393,1488
1451,1465
1513,1515
1469,1538
1540,1532
1527,1568
1587,1561
1605,1654
1642,1632
1608,1719
1659,1689
1670,1744
1740,1756
1680,1749
1778,1755
1737,1778
1811,1778
1759,1775
1792,1750
1794,1789
1780,1772
1789,1780
1851,1775
1801,1735
1759,1716
1770,1761
1765,1680
1699,1662
1748,1625
1668,1624
1671,1615
1657,1581
1628,1582
1597,1565
1510,1513
1561,1530
1501,1515
1498,1472
1482,1497
1476,1469
1430,1441
1405,1432
1455,1401
1399,1448
1395,1456
1402,1437
1415,1398
1407,1428
1384,1421
1440,1450
1452,1472
1451,1477
1428,1482
1450,1509
1508,1527
1523,1544
1573,1580
1580,1624
1585,1613
1607,1630
1589,1658
1662,1729
1683,1693
1719,1721
1733,1718
1728,1755
1804,1714
1787,1792
1827,1818
1788,1794
1755,1727
1852,1772
1804,1767
1778,1756
1768,1737
1812,1733
1759,1742
1749,1682
1699,1684
1677,1653
1718,1666
1658,1647
1667,1597
1658,1561
1592,1552
1593,1505
1557,1489
1473,1414
1554,1481
1487,1440
1474,1473
1416,1403
1416,1447
1420,1405
1375,1425
1421,1384
1407,1422
1428,1435
1356,1384
1389,1427
1409,1475
1449,1474
1435,1449
1495,1486
1425,1478
1526,1546
1470,1554
1535,1550
1580,1600
1568,1634
1613,1662
1645,1665
1662,1712
1678,1747
1729,1719
1754,1733
1714,1757
1804,1789
1789,1760
1754,1782
1765,1804
1856,1789
1819,1769
1813,1755
1780,1751
1779,1762
1781,1725
1776,1687
1742,1711
1722,1681
1709,1687
1685,1625
1642,1649
1713,1652
1643,1600
1624,1542
1570,1546
1547,1511
1505,1488
1462,1499
1437,1430
1495,1445
1487,1428
1456,1439
1443,1436
1328,1413
1406,1381
1410,1494
1404,1410
1380,1434
1404,1408
1367,1451
1464,1443
1427,1500
1443,1503
1504,1543
1512,1517
1543,1557
1487,1568
1565,1583
1567,1638
1606,1648
1673,1682
1662,1689
1675,1663
1693,1781
1698,1717
1740,1760
1745,1763
1799,1728
1764,1755
1780,1722
1771,1803
1797,1818
1833,1793
1747,1786
1824,1730
1805,1764
1749,1742
1804,1714
1755,1694
1721,1634
1666,1671
1712,1663
1661,1618
1649,1588
1602,1579
1581,1550
1547,1525
1571,1501
1520,1479
1461,1431
1434,1443
1483,1436
1461,1428
1412,1411
1439,1423
1379,1424
1433,1407
1389,1441
1397,1410
1399,1458
1417,1426
1398,1440
1421,1475
1466,1492
1463,1468
1487,1523
1489,1529
1557,1563
1570,1583
1595,1624
1592,1580
1625,1673
1609,1661
1732,1686
1698,1705
1693,1712
1724,1736
1757,1772
1763,1766
1793,1772
1769,1804
1839,1804
1801,1794
1797,1771
1836,1771
1779,1758
1769,1777
1771,1692
1730,1724
1779,1705
1702,1719
1733,1660
1697,1680
1668,1670
1649,1602
1610,1563
1589,1549
1576,1504
1580,1516
1498,1504
1487,1480
1510,1491
1470,1424
1431,1440
1406,1406
1414,1387
1408,1463
1396,1416
1379,1428
1362,1378
1391,1424
1411,1427
1407,1455
1371,1477
1389,1497
1440,1491
1522,1496
1452,1540
1479,1548
1528,1579
1499,1638
1617,1593
1608,1622
1649,1632
1632,1665
1670,1697
1703,1712
1721,1754
1777,1779
1750,1800
1778,1738
1805,1814
1789,1782
1851,1754
1799,1769
1791,1785
1805,1808
1813,1749
1791,1761
1758,1771
1767,1705
1695,1712
1731,1738
1729,1638
1656,1694
1665,1639
1629,1584
1628,1590
1577,1555
1571,1515
1537,1508
1547,1499
1462,1448
1462,1462
1482,1491
1407,1406
1392,1454
1407,1450
1426,1416
1410,1405
1342,1411
1390,1420
1363,1417
1395,1437
1376,1419
1448,1469
1420,1439
1386,1466
1447,1521
1490,1514
1497,1581
1546,1571
1543,1565
1561,1610
1622,1632
1610,1655
1621,1677
1675,1700
1732,1692
1722,1721
1746,1758
1768,1752
1774,1751
1819,1777
1778,1761
1802,1821
1843,1776
1838,1820
1869,1750
1855,1748
1787,1778
1780,1813
1749,1687
1758,1699
1748,1676
1732,1703
1674,1593
1684,1624
1684,1620
1618,1594
1606,1571
1587,1523
1530,1523
1502,1487
1487,1462
1440,1426
1453,1459
1446,1416
1464,1444
1384,1412
1396,1373
1393,1361
1444,1421
1377,1414
1370,1378
1429,1472
1408,1447
1433,1446
1409,1467
1448,1481
1429,1498
1473,1549
1531,1537
1555,1538
1556,1588
1613,1619
1650,1626
1631,1663
1705,1708
1665,1717
1701,1717
1744,1756
1726,1776
1750,1735
1791,1804
1796,1818
1836,1784
1846,1756
1786,1766
1796,1787
1815,1802
1830,1762
1815,1767
1798,1738
1770,1717
1742,1689
1729,1719
1714,1664
1709,1677
1682,1633
1697,1617
1600,1631
1629,1559
1548,1532
1591,1524
1519,1511
1525,1503
1469,1468
1451,1498
1493,1421
1428,1444
1426,1412
1448,1375
1393,1393
1413,1405
1359,1421
1376,1450
1437,1441
1446,1460
1390,1425
1458,1503
1402,1496
1504,1473
1472,1537
1491,1494
1497,1560
1522,1621
1549,1603
1542,1647
1571,1606
1637,1694
1666,1709
1720,1697
1702,1716
1721,1778
1806,1777
1758,1782
1778,1784
1785,1750
1804,1811
1800,1776
1834,1830
1780,1814
1824,1775
1790,1778
1778,1753
1813,1697
1756,1699
1730,1689
1674,1695
1724,1651
1659,1673
1657,1608
1606,1589
1617,1549
1642,1504
1585,1512
1573,1493
1476,1510
1501,1506
1484,1443
1463,1430
1444,1456
1418,1377
1425,1420
1383,1373
1334,1446
1380,1418
1341,1418
1348,1406
1395,1447
1393,1423
1377,1465
1468,1442
1454,1474
1447,1483
1468,1544
1562,1571
1523,1580
1525,1580
1560,1628
1659,1663
1690,1662
1683,1685
1642,1683
1702,1742
1741,1759
1745,1740
1769,1761
1792,1773
1784,1776
1850,1823
1818,1773
1853,1793
1800,1800
1826,1775
1775,1751
1799,1810
1841,1752
1764,1738
1785,1707
1706,1729
1744,1668
1745,1657
1729,1634
1637,1630
1647,1628
1636,1539
1548,1530
1511,1523
1542,1492
1472,1454
1452,1468
1468,1437
1470,1413
1386,1453
1426,1442
1374,1384
1382,1384
1380,1406
1399,1400
1344,1409
1367,1407
1373,1441
1423,1414
1432,1467
1446,1489
1429,1511
1444,1507
1513,1530
1498,1562
1550,1612
1542,1660
1580,1651
1578,1670
1636,1658
1630,1687
1722,1728
1722,1733
1713,1784
1761,1766
1747,1782
1772,1799
1834,1810
1810,1834
1806,1767
1808,1797
1763,1803
1798,1789
1812,1781
1806,1745
1765,1770
1723,1756
1762,1729
1716,1708
1733,1683
1657,1620
1662,1644
1645,1583
1627,1560
1590,1584
1596,1489
1508,1514
1510,1463
1473,1475
1512,1434
1436,1409
1459,1417
1425,1444
1396,1425
1434,1417
1386,1416
1327,1398
1387,1370
1410,1438
1337,1384
1327,1406
1396,1396
1426,1448
1394,1443
1469,1489
1524,1494
1486,1548
1525,1582
1572,1581
1606,1570
1593,1675
1628,1689
1662,1691
1722,1672
1695,1770
1701,1744
1718,1729
1756,1777
1785,1783
1785,1811
1793,1765
1875,1810
1847,1773
1811,1802
1829,1783
1799,1785
1787,1785
1807,1776
1802,1723
1758,1709
1771,1701
1734,1731
1666,1673
1706,1632
1668,1609
1663,1556
1565,1552
1650,1545
1525,1522
1564,1492
1494,1468
1523,1463
1461,1452
1451,1455
1452,1397
1420,1399
1411,1449
1401,1392
1377,1421
1371,1437
1368,1409
1366,1441
1411,1431
1378,1410
1395,1409
1416,1476
1403,1448
1460,1477
1498,1532
1496,1539
1570,1573
1502,1619
1574,1624
1559,1650
1594,1706
1635,1710
1657,1695
1706,1749
1743,1732
1725,1750
1743,1732
1795,1813
1787,1802
1828,1822
1771,1788
1829,1829
1857,1835
1838,1838
1847,1810
1809,1737
1834,1758
1813,1713
1773,1733
1757,1707
1709,1750
1718,1626
1730,1723
1689,1611
1650,1585
1595,1548
1595,1550
1586,1551
1521,1513
1507,1502
1486,1501
1489,1456
1449,1443
1444,1456
1418,1392
1403,1376
1411,1383
1377,1363
1340,1374
1353,1375
1393,1387
1327,1442
1427,1382
1374,1441
1410,1464
1414,1482
1440,1524
1465,1467
1515,1495
1530,1547
1559,1580
1591,1596
1554,1629
1623,1641
1605,1671
1652,1688
1729,1736
1721,1754
1789,1736
1758,1732
1757,1776
1800,1794
1781,1762
1827,1794
1804,1799
1788,1781
1775,1760
1861,1792
1781,1809
1881,1789
1739,1758
1808,1735
1800,1740
1735,1677
1708,1659
1721,1660
1689,1654
1631,1577
1604,1615
1571,1576
1627,1552
1538,1530
1540,1500
1510,1484
1464,1492
1453,1458
1448,1405
1400,1376
1375,1395
1364,1385
1370,1393
1401,1369
1360,1405
1351,1364
1357,1361
1384,1408
1363,1361
1434,1455
1364,1448
1417,1468
1451,1484
1493,1532
1521,1531
1540,1589
1568,1603
1579,1619
1544,1637
1645,1690
1641,1707
1710,1699
1729,1716
1746,1778
1794,1751
1788,1761
1787,1812
1803,1831
1836,1775
1785,1782
1807,1820
1790,1823
1834,1774
1834,1777
1806,1775
1806,1783
1800,1767
1785,1708
1769,1713
1786,1705
1718,1701
1722,1688
1640,1594
1636,1577
1653,1567
1584,1554
1516,1558
1543,1486
1461,1451
1505,1470
1440,1432
1430,1397
1418,1422
1413,1385
1397,1445
1402,1412
1396,1383
1369,1389
1352,1405
1394,1388
1389,1400
1409,1396
1354,1433
1404,1470
1447,1482
1423,1458
1478,1508
1476,1513
1482,1542
1564,1624
1554,1637
1586,1576
1633,1634
1669,1715
1644,1696
1680,1755
1744,1761
1748,1765
1755,1797
1826,1785
1824,1804
1819,1818
1841,1839
1854,1834
1801,1815
1907,1839
1849,1782
1793,1787
1791,1810
1831,1757
1800,1776
1771,1721
1767,1654
1787,1665
1746,1636
1666,1665
1696,1593
1596,1575
1588,1588
1576,1551
1580,1513
1474,1484
1505,1477
1475,1458
1412,1421
1440,1372
1400,1410
1418,1420
1373,1369
1365,1396
1372,1392
1355,1383
1332,1399
1328,1361
1388,1400
1353,1444
1437,1447
1395,1416
1446,1461
1510,1470
1461,1545
1468,1584
1508,1506
1519,1624
1545,1620
1648,1651
1638,1661
1720,1700
1702,1733
1710,1762
1813,1742
1759,1731
1795,1806
1809,1793
1803,1801
1824,1834
1873,1806
1832,1763
1854,1834
1829,1833
1823,1781
1834,1790
1808,1787
1786,1738
1794,1716
1790,1725
1772,1676
1689,1721
1714,1646
1682,1619
1634,1571
1579,1575
1598,1572
1530,1496
1586,1508
1483,1479
1454,1452
1494,1417
1460,1403
1432,1403
1363,1396
1398,1406
1367,1366
1400,1367
1366,1379
1398,1427
1398,1368
1367,1363
1335,1380
1357,1469
1404,1448
1383,1486
1429,1482
1437,1492
1541,1520
1480,1553
1534,1576
1512,1608
1615,1652
1572,1643
1664,1681
1632,1692
1688,1724
1752,1737
1703,1757
1773,1785
1802,1842
1855,1808
1845,1796
1829,1762
1839,1834
1808,1823
1896,1778
1812,1816
1846,1833
1827,1803
1798,1791
1783,1766
1799,1715
1772,1685
1712,1694
1734,1706
1721,1598
1670,1589
1676,1582
1611,1580
1568,1504
1567,1502
1525,1515
1511,1429
1418,1438
1460,1398
1437,1434
1423,1365
1388,1420
1400,1357
1398,1363
1381,1380
1354,1410
1372,1328
1374,1359
1370,1410
1376,1413
1384,1402
1421,1467
1407,1423
1461,1467
1446,1493
1526,1487
1503,1535
1502,1570
1605,1576
1603,1657
1643,1677
1619,1709
1703,1722
1736,1716
1742,1742
1694,1752
1754,1848
1793,1797
1855,1758
1818,1800
1832,1766
1836,1799
1876,1833
1873,1808
1777,1805
1847,1818
1790,1759
1859,1750
1836,1749
1784,1732
1778,1702
1748,1711
1676,1649
1693,1647
1653,1605
1596,1583
1578,1557
1596,1535
1538,1523
1511,1491
1526,1479
1439,1438
1465,1415
1419,1458
1377,1341
1394,1362
1406,1359
1327,1362
1338,1376
1341,1377
1353,1338
1388,1416
1377,1386
1348,1406
1365,1415
1413,1448
1442,1436
1422,1486
1480,1512
1480,1533
1537,1530
1519,1557
1569,1590
1597,1640
1599,1667
1694,1654
1722,1708
1728,1750
1776,1769
1716,1773
1772,1813
1798,1817
1820,1829
1798,1791
1849,1851
1836,1797
1844,1803
1850,1837
1835,1778
1867,1794
1829,1811
1833,1752
1757,1753
1788,1729
1811,1688
1745,1680
1695,1679
1671,1618
1707,1659
1613,1607
1631,1569
1554,1519
1552,1494
1517,1498
1460,1448
1428,1451
1435,1401
1395,1390
1378,1405
1395,1383
1350,1397
1355,1364
1388,1397
1326,1391
1342,1408
1370,1404
1366,1413
1350,1402
1375,1425
1349,1467
1395,1497
1452,1541
1426,1521
1504,1547
1500,1562
1551,1585
1584,1599
1584,1624
1637,1671
1633,1718
1664,1682
1708,1712
1720,1742
1744,1789
1801,1788
1813,1819
1861,1802
1852,1808
1817,1842
1881,1817
1836,1780
1874,1817
1874,1807
1791,1754
1847,1787
1851,1792
1863,1772
1789,1744
1712,1717
1746,1670
1698,1688
1661,1606
1687,1609
1649,1604
1596,1583
1543,1543
1529,1486
1551,1458
1487,1447
1451,1432
1449,1384
1439,1420
1414,1425
1359,1362
1417,1389
1347,1359
1396,1379
1289,1364
1343,1392
1337,1412
1297,1403
1349,1409
1386,1438
1387,1419
1399,1468
1412,1463
1476,1482
1516,1572
1484,1560
1556,1596
1554,1622
1606,1632
1626,1659
1660,1680
1653,1719
1705,1695
1705,1745
1777,1769
1781,1795
1785,1782
1822,1778
1964,1784
1827,1827
1820,1829
1811,1823
1837,1840
1853,1781
1858,1769
1843,1771
1791,1797
1802,1719
1777,1732
1791,1754
1762,1686
1701,1693
1611,1675
1654,1652
1591,1580
1610,1571
1593,1550
1569,1538
1539,1470
1480,1497
1476,1458
1417,1406
1408,1450
1374,1392
1329,1414
1374,1395
1319,1362
1405,1389
1344,1369
1374,1384
1316,1410
1350,1414
1370,1419
1318,1411
1362,1412
1403,1479
1400,1495
1451,1477
1467,1521
1512,1531
1529,1572
1566,1616
1588,1611
1634,1666
1652,1670
1700,1684
1700,1737
1750,1790
1822,1759
1790,1780
1775,1818
1810,1815
1814,1848
1844,1856
1850,1790
1889,1842
1872,1778
1893,1839
1818,1782
1868,1780
1833,1800
1775,1762
1812,1725
1747,1684
1739,1687
1753,1654
1694,1659
1668,1612
1647,1634
1628,1540
1566,1541
1538,1528
1507,1458
1503,1472
1484,1447
1432,1428
1442,1397
1405,1346
1401,1408
1375,1365
1336,1362
1383,1375
1315,1345
1353,1369
1292,1369
1284,1378
1351,1404
1363,1431
1405,1442
1451,1471
1401,1458
1467,1489
1480,1544
1488,1544
1534,1589
1601,1628
1564,1654
1627,1655
1650,1663
1684,1710
1747,1731
1713,1789
1798,1781
1755,1809
1836,1799
1804,1829
1826,1790
1835,1829
1843,1746
1861,1833
1863,1853
1863,1832
1855,1796
1838,1787
1830,1780
1787,1726
1772,1738
1787,1698
1730,1666
1749,1657
1684,1644
1624,1592
1652,1581
1589,1586
1537,1522
1527,1510
1501,1512
1491,1457
1483,1441
1438,1414
1401,1412
1414,1438
1369,1422
1378,1353
1386,1353
1354,1375
1362,1402
1338,1374
1308,1391
1357,1361
1344,1395
1388,1401
1358,1492
1388,1469
1400,1493
1491,1512
1450,1555
1524,1551
1533,1539
1553,1607
1573,1612
1613,1629
1695,1657
1701,1759
1723,1762
1775,1777
1780,1773
1756,1782
1802,1798
1816,1801
1807,1824
1822,1853
1840,1846
1849,1862
1861,1837
1828,1859
1799,1810
1855,1809
1834,1763
1826,1778
1815,1726
1766,1718
1708,1691
1739,1653
1730,1643
1657,1613
1649,1582
1588,1532
1564,1550
1553,1517
1514,1538
1472,1475
1464,1433
1450,1423
1377,1426
1411,1413
1324,1413
1360,1362
1373,1378
1340,1407
1314,1361
1330,1422
1364,1386
1369,1362
1391,1422
1323,1476
1397,1428
1409,1433
1458,1480
1480,1523
1456,1554
1546,1500
1565,1619
1551,1631
1590,1705
1629,1666
1645,1685
1701,1739
1730,1729
1739,1756
1766,1762
1816,1791
1785,1830
1787,1818
1833,1815
1801,1838
1901,1854
1818,1817
1887,1812
1809,1779
1874,1838
1832,1800
1846,1747
1826,1810
1790,1745
1784,1710
1728,1688
1743,1728
1691,1664
1651,1620
1637,1624
1586,1554
1599,1539
1562,1513
1500,1480
1525,1461
1473,1439
1452,1388
1389,1379
1377,1431
1362,1357
1379,1368
1334,1342
1351,1393
1326,1362
1290,1346
1293,1351
1388,1339
1346,1368
1366,1431
1371,1481
1377,1474
1437,1507
1465,1523
1473,1512
1488,1563
1542,1583
1561,1593
1588,1669
1651,1721
1651,1671
1711,1695
1709,1742
1762,1783
1718,1759
1841,1795
1784,1798
1822,1766
1853,1824
1860,1823
1864,1846
1883,1829
1857,1830
1873,1807
1823,1802
1829,1787
1839,1791
1800,1764
1768,1816
1753,1743
1767,1665
1716,1627
1697,1641
1668,1633
1615,1572
1575,1553
1531,1510
1516,1507
1529,1428
1484,1434
1449,1418
1454,1452
1463,1396
1356,1410
1389,1348
1336,1350
1394,1394
1340,1339
1316,1330
1337,1398
1324,1403
1324,1396
1398,1367
1379,1451
1373,1466
1426,1422
1419,1523
1452,1521
1471,1556
1556,1546
1521,1597
1557,1593
1585,1621
1650,1655
1639,1698
1656,1757
1760,1731
1763,1796
1768,1802
1816,1797
1783,1814
1830,1816
1872,1847
1827,1816
1873,1812
1877,1839
1822,1854
1902,1812
1812,1799
1823,1771
1845,1763
1831,1745
1789,1735
1768,1719
1764,1712
1753,1640
1680,1644
1674,1579
1654,1567
1595,1502
1611,1507
1539,1546
1501,1430
1490,1436
1426,1449
1482,1408
1387,1400
1383,1403
1376,1385
1367,1386
1329,1403
1334,1387
1337,1319
1339,1422
1323,1378
1317,1365
1346,1383
1396,1432
1376,1465
1382,1478
1426,1537
1464,1494
1493,1538
1480,1545
1581,1598
1614,1674
1595,1663
1646,1679
1690,1697
1709,1746
1775,1752
1802,1748
1795,1762
1748,1769
1808,1808
1829,1782
1840,1841
1865,1821
1876,1791
1947,1796
1869,1861
1901,1809
1868,1757
1830,1786
1825,1789
1777,1736
1750,1734
1705,1691
1749,1634
1683,1653
1710,1659
1677,1612
1589,1563
1614,1562
1561,1485
1532,1490
1504,1483
1442,1424
1448,1445
1414,1405
1412,1394
1383,1386
1363,1385
1309,1417
1359,1393
1366,1328
1393,1423
1374,1371
1331,1409
1329,1394
1337,1398
1417,1454
1446,1444
1420,1468
1471,1509
1453,1536
1503,1565
1530,1562
1597,1581
1611,1628
1593,1677
1605,1704
1679,1714
1730,1757
1759,1786
1748,1748
1757,1769
1809,1817
1852,1795
1800,1820
1813,1827
1865,1845
1845,1813
1829,1874
1840,1826
1843,1856
1849,1819
1800,1776
1815,1783
1794,1719
1775,1699
1730,1666
1735,1665
1706,1637
1645,1607
1589,1578
1614,1578
1585,1539
1537,1525
1538,1482
1461,1460
1490,1444
1431,1414
1394,1361
1394,1403
1384,1391
1323,1330
1363,1377
1320,1359
1339,1361
1326,1369
1312,1360
1351,1399
1363,1372
1341,1469
1414,1411
1405,1471
1477,1469
1473,1537
1463,1545
1505,1598
1562,1604
1541,1630
1615,1653
1588,1676
1681,1675
1680,1722
1770,1733
1751,1744
1767,1805
1799,1794
1789,1814
1855,1847
1825,1850
1871,1775
1851,1856
1856,1825
1888,1801
1843,1794
1854,1809
1833,1803
1836,1778
1801,1772
1809,1714
1760,1722
1726,1700
1698,1648
1683,1615
1659,1595
1620,1607
1582,1551
1566,1527
1520,1443
1526,1496
1522,1438
1444,1437
1367,1411
1400,1404
1407,1366
1382,1348
1327,1410
1361,1372
1347,1358
1358,1377
1284,1391
1362,1371
1359,1409
1397,1406
1376,1442
1413,1483
1418,1508
1421,1489
1438,1540
1566,1569
1540,1639
1556,1602
1574,1608
1612,1683
1670,1693
1681,1733
1727,1744
1763,1761
1755,1787
1753,1765
1843,1804
1855,1863
1819,1821
1867,1851
1854,1855
1851,1874
1880,1874
1858,1812
1805,1815
1870,1763
1859,1793
1818,1699
1829,1695
1734,1744
1751,1619
1712,1688
1697,1693
1670,1598
1556,1604
1557,1590
1520,1565
1570,1496
1487,1491
1504,1413
1416,1435
1439,1410
1344,1368
1385,1394
1395,1413
1346,1358
1296,1357
1321,1348
1361,1351
1352,1349
1414,1357
1337,1395
1378,1391
1330,1410
1414,1413
1430,1493
1493,1481
1464,1534
1478,1518
1487,1632
1592,1633
1540,1674
1625,1662
1671,1700
1695,1699
1751,1760
1750,1770
1749,1782
1810,1803
1793,1839
1852,1814
1796,1842
1818,1790
1905,1833
1899,1777
1803,1839
1884,1854
1814,1796
1889,1805
1855,1783
1827,1790
1767,1730
1746,1724
1744,1724
1715,1644
1664,1651
1663,1614
1599,1610
1588,1547
1549,1556
1516,1499
1508,1471
1473,1469
1445,1412
1386,1468
1359,1371
1393,1417
1367,1362
1333,1360
1375,1433
1335,1374
1328,1389
1368,1377
1367,1413
1415,1428
1367,1423
1412,1430
1431,1466
1426,1484
1430,1508
1493,1495
1498,1532
1595,1617
1591,1607
1585,1683
1622,1635
1624,1677
1719,1767
1721,1759
1750,1768
1783,1770
1779,1770
1852,1784
1830,1830
1816,1839
1874,1814
1798,1803
1848,1807
1784,1837
1868,1804
1829,1840
1854,1810
1810,1788
1816,1738
1789,1715
1760,1742
1752,1673
1715,1632
1673,1598
1605,1597
1657,1573
1575,1521
1574,1512
1528,1523
1487,1494
1419,1450
1447,1466
1447,1434
1375,1424
1358,1456
1375,1407
1341,1419
1340,1372
1365,1397
1319,1354
1342,1403
1395,1371
1334,1421
1372,1397
1403,1489
1433,1488
1422,1495
1453,1502
1501,1525
1541,1580
1523,1569
1573,1683
1567,1629
1638,1673
1656,1677
1689,1733
1706,1720
1772,1768
1796,1796
1749,1842
1796,1845
1829,1813
1900,1817
1827,1834
1862,1798
1814,1816
1854,1824
1857,1796
1878,1833
1879,1753
1821,1760
1777,1700
1801,1675
1795,1734
1709,1665
1761,1606
1663,1606
1620,1585
1650,1566
1593,1539
1560,1510
1517,1474
1450,1440
1466,1427
1413,1472
1394,1415
1446,1399
1392,1439
1389,1399
1419,1367
1391,1360
1341,1359
1339,1415
1343,1381
1355,1385
1373,1386
1320,1428
1363,1442
1443,1485
1435,1522
1469,1486
1473,1564
1495,1558
1538,1617
1543,1628
1600,1629
1675,1713
1672,1726
1685,1730
1670,1726
1730,1750
1772,1769
1746,1800
1855,1785
1884,1827
1840,1830
1899,1834
1838,1831
1868,1829
1847,1807
1823,1804
1858,1818
1846,1796
1799,1725
1763,1734
1808,1684
1752,1674
1684,1657
1705,1626
1642,1578
1606,1581
1591,1569
1546,1516
1503,1484
1487,1458
1501,1408
1430,1450
1430,1400
1433,1414
1377,1426
1382,1351
1350,1395
1396,1346
1332,1359
1337,1386
1376,1393
1369,1389
1387,1401
1339,1398
1414,1482
1426,1509
1426,1470
1488,1539
1466,1568
1519,1526
1584,1602
1585,1615
1564,1673
1634,1674
1672,1703
1679,1709
1689,1761
1754,1696
1785,1780
1771,1778
1796,1791
1814,1806
1806,1803
1851,1813
1871,1818
1867,1855
1832,1792
1836,1802
1811,1788
1797,1793
1800,1734
1762,1711
1771,1747
1731,1690
1766,1638
1706,1663
1663,1590
1651,1564
1611,1544
1555,1523
1583,1507
1540,1500
1470,1443
1426,1438
1399,1400
1371,1394
1375,1427
1390,1390
1399,1394
1393,1338
1323,1396
1363,1357
1392,1397
1317,1404
1362,1415
1329,1392
1417,1440
1435,1475
1460,1496
1434,1502
1481,1489
1535,1553
1539,1596
1554,1614
1592,1639
1658,1656
1666,1669
1668,1680
1709,1736
1775,1732
1785,1793
1761,1796
1798,1810
1820,1771
1847,1800
1869,1854
1821,1812
1858,1806
1842,1814
1840,1809
1846,1767
1846,1788
1790,1770
1721,1708
1781,1719
1734,1657
1757,1691
1679,1665
1721,1610
1644,1593
1571,1598
1590,1527
1549,1479
1474,1482
1471,1464
1473,1438
1449,1410
1435,1415
1364,1430
1412,1369
1322,1389
1398,1355
1428,1376
1411,1394
1353,1374
1354,1403
1399,1396
1396,1436
1408,1457
1342,1478
1507,1518
1468,1488
1515,1518
1539,1549
1513,1604
1591,1639
1608,1639
1582,1682
1645,1710
1682,1717
1712,1772
1769,1757
1729,1786
1822,1798
1793,1813
1776,1825
1784,1776
1854,1794
1841,1791
1865,1818
1837,1805
1804,1809
1845,1763
1781,1744
1820,1754
1752,1721
1772,1668
1713,1722
1678,1653
1677,1679
1663,1570
1588,1557
1598,1569
1562,1521
1502,1499
1490,1471
1467,1423
1460,1422
1470,1424
1400,1423
1429,1338
1385,1373
1380,1372
1390,1429
1328,1405
1345,1393
1382,1443
1390,1438
1370,1467
1394,1452
1414,1473
1463,1510
1459,1465
1472,1502
1489,1530
1543,1571
1514,1614
1577,1624
1615,1708
1638,1675
1632,1732
1715,1719
1726,1749
1763,1799
1770,1792
1794,1815
1763,1796
1797,1790
1812,1780
1817,1820
1856,1843
1847,1797
1874,1758
1826,1845
1830,1811
1833,1757
1825,1742
1773,1688
1708,1673
1696,1706
1674,1655
1662,1619
1624,1599
1568,1514
1585,1524
1572,1535
1570,1487
1492,1468
1463,1440
1496,1405
1445,1420
1397,1342
1428,1424
1372,1396
1364,1403
1364,1369
1377,1397
1356,1393
1358,1409
1430,1401
1379,1462
1442,1461
1405,1451
1440,1514
1437,1521
1463,1560
1519,1581
1567,1598
1546,1630
1627,1631
1643,1724
1690,1693
1683,1749
1693,1746
1758,1791
1801,1799
1742,1763
1824,1810
1777,1823
1869,1825
1844,1802
1805,1816
1820,1825
1821,1755
1826,1796
1815,1813
1806,1735
1807,1747
1781,1735
1743,1697
1708,1666
1680,1661
1633,1621
1623,1534
1616,1579
1594,1520
1526,1484
1567,1488
1552,1491
1470,1457
1459,1408
1392,1443
1418,1425
1348,1417
1397,1385
1361,1380
1367,1364
1372,1377
1374,1414
1345,1419
1407,1413
1384,1474
1423,1462
1425,1445
1461,1508
1473,1536
1504,1540
1555,1567
1549,1592
1585,1652
1548,1664
1631,1688
1664,1681
1654,1722
1706,1770
1708,1778
1766,1779
1781,1760
1779,1795
1848,1798
1830,1802
1813,1809
1816,1803
1830,1807
1862,1835
1787,1761
1830,1791
1740,1777
1789,1720
1773,1720
1753,1718
1741,1656
1669,1647
1660,1585
1630,1594
1619,1524
1581,1509
1524,1492
1497,1461
1549,1467
1481,1451
1442,1438
1419,1427
1441,1392
1403,1377
1357,1406
1326,1390
1390,1362
1405,1420
1357,1398
1379,1423
1394,1428
1440,1425
1407,1503
1460,1472
1484,1513
1484,1522
1543,1536
1558,1544
1602,1600
1614,1678
1608,1670
1638,1682
1688,1735
1688,1736
1711,1734
1791,1765
1776,1754
1819,1749
1799,1791
1775,1794
1794,1825
1797,1805
1838,1795
1851,1790
1799,1789
1802,1754
1791,1767
1817,1718
1786,1690
1749,1680
1755,1665
1669,1625
1657,1615
1660,1592
1657,1557
1658,1570
1546,1498
1534,1466
1501,1429
1497,1486
1486,1447
1446,1408
1409,1387
1382,1413
1381,1413
1395,1396
1358,1417
1354,1361
1345,1413
1370,1437
1335,1434
1374,1475
1399,1477
1447,1479
1448,1510
1503,1504
1501,1569
1518,1550
1577,1602
1582,1599
1582,1560
1605,1694
1703,1678
1698,1754
1782,1779
1764,1765
1743,1787
1792,1756
1841,1798
1794,1803
1790,1783
1835,1787
1821,1796
1782,1775
1834,1789
1862,1765
1764,1737
1827,1764
1782,1751
1698,1717
1695,1663
1667,1638
1729,1592
1626,1645
1601,1595
1579,1552
1560,1556
1568,1504
1497,1451
1485,1459
1508,1406
1425,1462
1456,1352
1446,1428
1423,1383
1415,1402
1385,1367
1383,1382
1406,1404
1423,1433
1386,1444
1430,1424
1400,1446
1454,1518
1431,1495
1467,1501
1461,1609
1508,1546
1534,1596
1591,1583
1556,1667
1601,1651
1647,1687
1703,1690
1757,1767
1757,1742
1729,1760
1776,1790
1762,1835
1796,1799
1845,1815
1814,1843
1808,1783
1833,1833
1776,1764
1784,1747
1808,1749
1746,1771
1786,1673
1703,1694
1726,1670
1706,1687
1676,1636
1687,1586
1602,1559
1612,1577
1581,1568
1536,1524
1550,1488
1543,1421
1438,1414
1468,1441
1435,1370
1377,1404
1389,1397
1406,1436
1326,1403
1406,1416
1374,1389
1379,1431
1365,1405
1410,1474
1439,1451
1399,1514
1440,1482
1457,1494
1523,1540
1517,1533
1552,1610
1600,1616
1643,1638
1617,1654
1706,1688
1700,1704
1729,1743
1733,1761
1723,1713
1770,1780
1770,1810
1781,1788
1851,1809
1805,1783
1812,1828
1783,1796
1833,1777
1781,1788
1776,1731
1771,1708
1797,1705
1706,1706
1756,1688
1675,1625
1659,1595
1625,1555
1670,1563
1573,1509
1558,1509
1543,1519
1522,1445
1479,1472
1449,1458
1420,1398
1385,1428
1404,1409
1351,1405
1370,1427
1384,1387
1372,1405
1358,1413
1330,1408
1393,1439
1410,1502
1393,1476
1462,1518
1476,1520
1473,1534
1499,1560
1526,1609
1586,1631
1637,1638
1630,1629
1637,1649
1665,1708
1701,1732
1718,1780
1765,1783
1786,1784
1847,1773
1769,1853
1770,1811
1809,1845
1790,1799
1827,1816
1855,1769
1833,1776
1788,1744
1779,1764
1809,1731
1708,1673
1741,1658
1663,1673
1671,1627
1623,1613
1604,1555
1566,1608
1555,1506
1521,1548
1479,1504
1527,1452
1447,1429
1418,1423
1409,1451
1406,1410
1373,1412
1430,1428
1381,1401
1372,1410
1369,1447
1392,1411
1405,1389
1417,1406
1426,1486
1452,1515
1468,1523
1479,1564
1461,1571
1528,1591
1549,1593
1607,1644
1614,1666
1637,1687
1675,1699
1679,1734
1724,1735
1732,1740
1784,1777
1739,1739
1771,1793
1773,1774
1822,1811
1832,1774
1820,1778
1815,1758
1818,1790
1798,1743
1784,1719
1702,1697
1731,1705
1732,1691
1744,1646
1683,1644
1633,1564
1662,1562
1563,1548
1561,1534
1504,1509
1559,1458
1461,1483
1487,1490
1421,1402
1409,1415
1346,1393
1374,1419
1401,1402
1395,1400
1359,1365
1394,1416
1418,1443
1393,1436
1376,1458
1424,1490
1489,1481
1431,1523
1513,1542
1532,1580
1526,1597
1586,1643
1590,1654
1633,1685
1669,1642
1711,1729
1688,1735
1728,1751
1793,1739
1754,1815
1834,1793
1818,1751
1803,1770
1855,1798
1815,1747
1795,1759
1793,1779
1819,1718
1782,1753
1765,1712
1762,1684
1716,1702
1698,1634
1713,1646
1673,1589
1643,1584
1601,1539
1587,1548
1599,1537
1516,1529
1500,1483
1458,1452
1506,1467
1500,1459
1413,1469
1423,1379
1427,1424
1356,1400
1367,1387
1331,1437
1403,1422
1420,1397
1450,1439
1450,1436
1464,1467
1434,1504
1473,1494
1530,1576
1518,1542
1533,1591
1596,1608
1636,1607
1652,1640
1642,1687
1657,1748
1693,1726
1745,1758
1728,1798
1748,1758
1768,1826
1834,1830
1805,1812
1798,1771
1804,1759
1759,1779
1775,1780
1825,1740
1729,1723
1766,1710
1730,1721
1751,1705
1657,1704
1674,1651
1628,1594
1593,1576
1575,1555
1544,1555
1576,1527
1507,1504
1499,1479
1447,1465
1439,1381
1441,1422
1410,1416
1369,1404
1349,1439
1369,1410
1326,1400
1440,1388
1395,1431
1409,1474
1433,1468
1464,1439
1488,1508
1500,1470
1494,1552
1515,1586
1537,1600
1642,1647
1600,1611
1635,1695
1641,1660
1684,1711
1692,1728
1701,1696
1755,1740
1730,1740
1827,1789
1784,1789
1776,1773
1834,1792
1793,1787
1856,1754
1836,1745
1812,1759
1779,1745
1711,1729
1738,1727
1749,1681
1745,1651
1678,1616
1669,1568
1627,1589
1588,1572
1611,1560
1548,1519
1479,1511
1521,1456
1462,1443
1439,1393
1439,1457
1424,1418
1415,1372
1366,1452
1390,1431
1392,1379
1376,1404
1386,1420
1389,1453
1445,1497
1444,1509
1481,1472
1485,1503
1486,1576
1526,1584
1541,1642
1538,1638
1609,1626
1590,1642
1635,1654
1647,1729
1742,1722
1730,1751
1770,1788
1739,1764
1808,1753
1823,1767
1845,1811
1840,1763
1837,1794
1793,1728
1797,1764
1792,1739
1747,1745
1703,1717
1767,1680
1721,1664
1691,1667
1685,1632
1666,1572
1601,1559
1629,1562
1559,1569
1537,1477
1490,1502
1471,1478
1458,1460
1442,1426
1442,1417
1381,1436
1355,1438
1356,1417
1375,1387
1411,1463
1400,1465
1400,1438
1427,1465
1442,1452
1454,1476
1445,1538
1503,1487
1511,1508
1522,1604
1552,1585
1595,1634
1586,1623
1582,1651
1631,1662
1717,1727
1719,1727
1767,1714
1757,1770
1768,1783
1806,1793
1806,1805
1803,1792
1767,1794
1777,1785
1799,1780
1797,1779
1796,1740
1793,1686
1735,1731
1751,1624
1711,1672
1675,1598
1644,1596
1670,1575
1621,1562
1604,1530
1613,1551
1512,1499
1543,1466
1487,1450
1460,1435
1411,1452
1463,1407
1415,1435
1419,1460
1437,1404
1387,1419
1441,1384
1384,1448
1429,1422
1413,1465
1402,1478
1453,1497
1440,1545
1525,1553
1546,1554
1562,1565
1568,1585
1602,1645
1625,1677
1685,1661
1661,1671
1690,1730
1693,1708
1735,1743
1773,1760
1811,1792
1788,1818
1807,1778
1796,1787
1803,1788
1805,1776
1814,1782
1766,1759
1750,1734
1747,1719
1750,1722
1677,1678
1669,1693
1669,1580
1617,1586
1632,1562
1577,1522
1560,1507
1523,1524
1483,1500
1461,1480
1466,1431
1467,1432
1469,1390
1411,1420
1410,1407
1367,1394
1312,1468
1420,1414
1395,1460
1433,1461
1422,1471
1422,1470
1426,1529
1485,1502
1490,1485
1529,1568
1533,1601
1596,1617
1601,1646
1607,1663
1724,1711
1696,1697
1630,1704
1735,1705
1757,1760
1751,1784
1774,1791
1765,1791
1767,1761
1793,1818
1738,1774
1747,1783
1802,1770
1771,1749
1785,1741
1789,1668
1690,1659
1727,1694
1692,1653
1685,1586
1578,1537
1645,1611
1560,1508
1546,1512
1538,1519
1505,1502
1512,1432
1460,1447
1379,1413
1433,1409
1408,1433
1400,1415
1467,1419
1376,1412
1402,1425
1388,1439
1423,1453
1449,1524
1459,1477
1498,1486
1494,1508
1540,1545
1507,1585
1557,1568
1576,1608
1590,1680
1684,1688
1640,1704
1752,1687
1701,1736
1752,1735
1724,1783
1760,1767
1760,1792
1753,1776
1738,1794
1790,1740
1806,1810
1780,1756
1790,1754
1772,1741
1743,1707
1738,1702
1689,1677
1753,1665
1721,1612
1660,1572
1644,1582
1589,1534
1575,1544
1516,1492
1483,1513
1535,1506
1466,1435
1428,1439
1404,1425
1449,1429
1424,1450
1413,1424
1394,1401
1396,1418
1409,1427
1399,1475
1418,1487
1430,1445
1485,1535
1480,1497
1452,1529
1479,1562
1530,1580
1572,1605
1614,1640
1598,1657
1658,1673
1687,1701
1682,1706
1735,1756
1735,1732
1750,1689
1817,1776
1800,1783
1784,1809
1825,1787
1834,1781
1808,1765
1748,1765
1780,1752
1788,1733
1773,1704
1758,1696
1704,1673
1692,1621
1681,1644
1640,1605
1582,1583
1592,1545
1584,1517
1546,1529
1492,1487
1454,1476
1430,1424
1470,1443
1394,1365
1417,1446
1436,1432
1391,1429
1400,1447
1404,1402
1425,1416
1392,1498
1455,1433
1450,1510
1486,1538
1503,1542
1505,1533
1525,1599
1557,1613
1550,1603
1657,1660
1679,1673
1673,1734
1718,1715
1737,1730
1732,1771
1797,1763
1798,1780
1801,1796
1786,1773
1758,1785
1845,1736
1833,1778
1765,1758
1789,1725
1767,1742
1764,1712
1720,1693
1703,1693
1688,1655
1615,1601
1619,1635
1575,1594
1594,1540
1552,1528
1527,1515
1486,1497
1485,1481
1450,1448
1425,1448
1389,1378
1402,1401
1394,1423
1389,1415
1356,1411
1401,1443
1368,1413
1416,1460
1408,1514
1451,1502
1463,1527
1514,1541
1541,1502
1525,1590
1542,1620
1588,1653
1610,1623
1654,1688
1667,1701
1701,1762
1739,1721
1772,1780
1748,1737
1759,1771
1843,1758
1773,1751
1809,1748
1791,1734
1844,1763
1818,1780
1757,1733
1796,1698
1769,1697
1704,1707
1704,1673
1687,1625
1649,1605
1637,1620
1638,1536
1569,1550
1561,1528
1502,1512
1493,1483
1499,1463
1463,1433
1453,1417
1385,1422
1462,1432
1412,1392
1395,1456
1401,1416
1425,1464
1386,1458
1452,1470
1449,1455
1464,1512
1510,1515
1492,1574
1519,1580
1574,1591
1608,1648
1554,1682
1645,1673
1608,1666
1721,1722
1666,1747
1689,1721
1754,1737
1821,1774
1775,1759
1800,1818
1774,1776
1830,1800
1811,1771
1786,1736
1806,1746
1761,1742
1761,1715
1771,1679
1718,1679
1694,1664
1725,1633
1623,1630
1609,1573
1563,1550
1580,1523
1546,1515
1503,1487
1464,1473
1469,1493
1456,1440
1375,1410
1416,1422
1406,1423
1351,1379
1376,1430
1417,1428
1371,1424
1427,1445
1468,1488
1421,1505
1472,1543
1517,1520
1522,1531
1532,1589
1609,1617
1581,1641
1609,1638
1596,1650
1638,1721
1703,1694
1773,1700
1779,1766
1755,1809
1789,1757
1727,1778
1788,1810
1804,1773
1752,1752
1764,1770
1784,1754
1761,1730
1756,1739
1741,1721
1745,1646
1695,1669
1684,1614
1625,1613
1580,1581
1586,1557
1587,1540
1561,1473
1526,1468
1473,1477
1459,1457
1454,1470
1412,1420
1414,1408
1443,1421
1450,1404
1384,1448
1391,1466
1401,1457
1412,1438
1485,1429
1440,1473
1442,1552
1496,1517
1509,1558
1508,1591
1536,1624
1575,1582
1593,1662
1667,1620
1655,1712
1743,1744
1705,1708
1749,1735
1717,1746
1748,1804
1838,1780
1807,1761
1808,1841
1801,1779
1816,1803
1820,1768
1793,1685
1743,1721
1730,1694
1740,1711
1693,1668
1664,1662
1681,1621
1595,1548
1653,1531
1603,1564
1575,1493
1495,1479
1519,1487
1485,1468
1413,1429
1440,1433
1404,1402
1364,1416
1393,1412
1405,1437
1337,1426
1403,1423
1437,1468
1449,1425
1419,1439
1514,1496
1491,1516
1480,1553
1537,1593
1521,1611
1575,1605
1603,1670
1648,1710
1660,1736
1731,1713
1706,1726
1731,1772
1814,1769
1812,1772
1803,1756
1788,1764
1820,1804
1789,1798
1822,1773
1716,1764
1779,1719
1797,1752
1759,1741
1698,1678
1724,1677
1706,1673
1664,1595
1646,1618
1599,1575
1559,1552
1543,1515
1554,1446
1492,1436
1460,1440
1448,1434
1430,1446
1378,1405
1405,1435
1389,1432
1410,1430
1415,1431
1417,1423
1392,1475
1413,1455
1458,1491
1481,1491
1463,1519
1545,1568
1575,1635
1569,1601
1616,1621
1593,1699
1647,1658
1701,1671
1743,1693
1752,1747
1759,1735
1783,1754
1777,1806
1766,1769
1793,1763
1782,1793
1819,1759
1784,1766
1836,1774
1757,1728
1789,1747
1767,1675
1708,1709
1683,1640
1650,1657
1658,1620
1589,1566
1567,1555
1558,1552
1541,1494
1483,1488
1409,1484
1478,1434
1452,1417
1421,1369
1383,1410
1380,1429
1409,1439
1373,1412
1384,1428
1427,1466
1413,1452
1450,1460
1437,1493
1411,1572
1475,1525
1509,1591
1559,1575
1555,1605
1618,1627
1687,1660
1672,1713
1716,1743
1701,1715
1751,1757
1765,1734
1736,1755
1782,1788
1812,1740
1790,1820
1803,1802
1764,1743
1822,1733
1747,1744
1823,1784
1778,1712
1743,1722
1680,1666
1723,1628
1653,1654
1656,1585
1650,1591
1540,1569
1544,1484
1480,1477
1558,1471
1465,1449
1422,1473
1439,1442
1362,1457
1371,1408
1382,1394
1408,1429
1361,1446
1362,1437
1418,1435
1458,1455
1431,1521
1487,1511
1470,1520
1555,1540
1549,1592
1581,1601
1631,1636
1655,1648
1604,1727
1715,1683
1687,1679
1734,1782
1766,1769
1790,1794
1765,1788
1789,1776
1858,1784
1823,1795
1848,1779
1787,1751
1770,1762
1758,1725
1780,1747
1800,1690
1721,1669
1673,1668
1671,1678
1589,1563
1601,1563
1552,1563
1559,1548
1533,1495
1498,1494
1455,1459
1419,1409
1430,1410
1382,1443
1456,1379
1415,1459
1397,1424
1397,1440
1391,1435
1437,1441
1448,1451
1453,1467
1460,1516
1477,1519
1509,1567
1531,1598
1612,1631
1554,1625
1597,1680
1615,1676
1696,1705
1676,1726
1705,1758
1703,1770
1703,1764
1813,1755
1818,1758
1803,1770
1809,1789
1747,1747
1801,1744
1784,1727
1784,1730
1778,1693
1755,1664
1695,1671
1700,1652
1680,1649
1642,1588
1601,1583
1553,1540
1520,1544
1507,1491
1452,1492
1460,1491
1420,1447
1433,1434
1423,1423
1386,1406
1352,1406
1449,1362
1398,1416
1382,1448
1401,1444
1404,1464
1475,1504
1475,1487
1498,1541
1488,1533
1551,1601
1531,1614
1569,1616
1612,1648
1674,1674
1717,1683
1692,1720
1747,1735
1723,1742
1810,1785
1794,1753
1791,1804
1796,1731
1798,1802
1825,1764
1777,1756
1784,1783
1782,1764
1755,1704
1723,1664
1783,1646
1682,1641
1664,1614
1658,1577
1618,1574
1556,1525
1513,1540
1484,1493
1461,1462
1464,1421
1422,1454
1397,1437
1394,1426
1409,1427
1389,1454
1366,1433
1356,1439
1410,1428
1418,1426
1388,1539
1469,1486
1522,1500
1474,1583
1518,1566
1580,1581
1556,1619
1598,1655
1648,1714
1687,1665
1676,1740
1754,1732
1784,1785
1797,1819
1810,1793
1822,1815
1750,1805
1816,1792
1801,1778
1797,1791
1837,1758
1763,1708
1810,1745
1739,1697
1744,1720
1728,1641
1650,1647
1687,1616
1639,1554
1633,1546
1542,1531
1490,1507
1511,1487
1444,1471
1458,1418
1447,1412
1413,1412
1402,1494
1401,1402
1383,1410
1384,1493
1373,1433
1401,1382
1422,1490
1402,1460
1434,1487
1450,1542
1502,1575
1583,1571
1545,1601
1544,1647
1606,1635
1651,1724
1670,1708
1665,1716
1718,1748
1746,1752
1738,1810
1813,1799
1807,1736
1812,1801
1766,1799
1802,1764
1850,1763
1766,1739
1770,1739
1784,1732
1717,1726
1746,1703
1665,1679
1696,1623
1652,1575
1578,1603
1567,1525
1553,1513
1540,1510
1513,1477
1453,1415
1428,1420
1448,1410
1383,1386
1428,1424
1431,1433
1420,1377
1366,1429
1391,1459
1383,1444
1405,1468
1440,1477
1450,1488
1493,1541
1535,1587
1531,1578
1548,1616
1596,1619
1652,1656
1660,1713
1670,1695
1757,1724
1729,1734
1787,1796
1760,1765
1789,1797
1778,1796
1809,1791
