ch1,ch2
1615,1622
1603,1660
1674,1689
1668,1724
1725,1707
1728,1745
1755,1746
1795,1768
1781,1789
1789,1780
1795,1768
1809,1788
1847,1785
1822,1769
1757,1790
1772,1802
1784,1734
1802,1744
1719,1723
1718,1686
1774,1704
1690,1644
1678,1621
1693,1606
1628,1547
1623,1581
1529,1489
1511,1504
1513,1498
1460,1458
1454,1470
1421,1455
1435,1433
1431,1409
1430,1382
1442,1413
1450,1404
1375,1416
1385,1382
1348,1395
1390,1446
1458,1427
1434,1459
1429,1495
1472,1502
1505,1528
1548,1598
1543,1606
1580,1587
1574,1619
1608,1627
1698,1638
1657,1729
1698,1718
1716,1778
1725,1718
1753,1799
1774,1771
1796,1762
1799,1790
1794,1775
1807,1788
1815,1775
1819,1781
1788,1801
1849,1755
1771,1742
1811,1704
1772,1748
1739,1680
1730,1680
1676,1664
1669,1602
1679,1594
1626,1586
1531,1492
1591,1515
1539,1471
1500,1461
1475,1456
1453,1427
1405,1460
1422,1457
1360,1369
1371,1405
1351,1356
1401,1402
1417,1441
1364,1428
1367,1407
1421,1437
1374,1487
1471,1412
1416,1504
1471,1504
1543,1542
1551,1613
1546,1637
1595,1574
1634,1656
1597,1704
1629,1680
1681,1723
1730,1733
1762,1745
1781,1777
1776,1808
1811,1818
1798,1811
1837,1808
1818,1808
1812,1786
1822,1827
1800,1803
1801,1751
1797,1741
1810,1746
1778,1736
1742,1718
1773,1686
1721,1622
1649,1634
1623,1580
1574,1568
1553,1562
1487,1506
1527,1485
1551,1437
1453,1491
1429,1425
1414,1447
1430,1430
1407,1366
1357,1409
1373,1387
1393,1434
1350,1397
1356,1394
1355,1425
1400,1411
1396,1449
1432,1512
1406,1497
1471,1507
1522,1524
1494,1530
1536,1603
1585,1606
1621,1629
1664,1657
1654,1701
1683,1742
1715,1732
1710,1757
1747,1793
1788,1752
1826,1794
1851,1816
1800,1814
1828,1822
1820,1787
1834,1802
1814,1804
1825,1803
1821,1746
1750,1753
1821,1702
1759,1706
1696,1704
1697,1662
1688,1629
1628,1639
1581,1579
1596,1508
1554,1549
1507,1512
1491,1478
1484,1424
1469,1427
1439,1422
1403,1379
1385,1375
1352,1419
1351,1396
1375,1432
1405,1373
1337,1380
1335,1445
1359,1440
1369,1475
1430,1478
1435,1477
1432,1502
1500,1566
1491,1568
1508,1575
1600,1622
1565,1643
1605,1660
1671,1685
1660,1698
1716,1701
1668,1791
1757,1774
1738,1820
1819,1757
1808,1770
1823,1803
1852,1791
1877,1802
1782,1787
1836,1774
1841,1749
1854,1783
1771,1737
1754,1715
1708,1729
1706,1653
1729,1631
1719,1623
1627,1619
1613,1563
1629,1560
1561,1522
1499,1511
1538,1482
1447,1402
1430,1459
1458,1393
1379,1398
1428,1407
1383,1381
1409,1360
1383,1422
1353,1430
1352,1407
1417,1430
1385,1380
1386,1460
1409,1429
1418,1513
1455,1505
1473,1517
1533,1522
1536,1587
1641,1624
1633,1638
1664,1668
1668,1668
1749,1691
1716,1706
1734,1781
1735,1768
1773,1810
1797,1788
1804,1808
1773,1852
1792,1837
1847,1801
1846,1805
1896,1744
1841,1777
1837,1783
1838,1792
1786,1754
1749,1678
1773,1666
1702,1638
1718,1603
1625,1580
1607,1558
1620,1562
1547,1554
1536,1506
1462,1469
1486,1474
1427,1419
1440,1400
1388,1376
1395,1411
1386,1387
1376,1347
1431,1410
1396,1369
1368,1400
1421,1416
1357,1408
1388,1454
1401,1470
1445,1507
1459,1535
1540,1515
1512,1546
1497,1556
1606,1626
1666,1610
1628,1698
1690,1708
1702,1696
1706,1734
1711,1778
1782,1773
1830,1793
1784,1776
1879,1804
1765,1794
1825,1841
1819,1806
1830,1828
1828,1783
1866,1755
1809,1725
1815,1790
1763,1721
1778,1701
1754,1712
1677,1671
1662,1632
1659,1613
1655,1597
1615,1538
1570,1522
1517,1511
1497,1430
1489,1464
1413,1384
1447,1425
1400,1419
1391,1371
1382,1378
1367,1365
1363,1400
1364,1375
1388,1401
1406,1397
1364,1444
1419,1422
1422,1466
1416,1477
1460,1511
1534,1540
1512,1617
1511,1586
1603,1601
1623,1641
1645,1665
1620,1696
1680,1726
1743,1753
1739,1831
1802,1753
1760,1828
1830,1782
1831,1825
1840,1807
1842,1841
1856,1843
1790,1797
1792,1754
1811,1788
1810,1757
1738,1706
1787,1716
1735,1668
1736,1671
1699,1655
1661,1636
1621,1608
1577,1563
1573,1549
1529,1525
1505,1417
1493,1425
1428,1439
1458,1432
1438,1418
1445,1420
1391,1366
1345,1384
1356,1375
1367,1380
1392,1458
1395,1409
1359,1414
1430,1422
1413,1482
1406,1477
1474,1447
1504,1506
1530,1506
1549,1542
1535,1619
1585,1686
1665,1663
1612,1703
1667,1678
1725,1714
1763,1715
1724,1760
1792,1774
1814,1766
1826,1808
1834,1806
1877,1830
1866,1833
1878,1765
1879,1812
1827,1750
1826,1785
1802,1758
1831,1769
1754,1721
1716,1691
1719,1671
1703,1647
1655,1584
1636,1599
1584,1568
1569,1515
1519,1485
1502,1475
1469,1501
1451,1402
1419,1426
1423,1403
1397,1353
1393,1364
1390,1388
1383,1387
1337,1421
1389,1388
1393,1393
1348,1432
1404,1438
1380,1437
1434,1448
1423,1535
1466,1505
1497,1558
1521,1608
1624,1627
1598,1658
1668,1700
1597,1689
1708,1746
1751,1764
1788,1770
1783,1802
1768,1788
1801,1821
1820,1826
1865,1819
1804,1782
1840,1808
1846,1782
1844,1795
1760,1789
1834,1774
1813,1742
1754,1721
1767,1662
1710,1695
1683,1646
1719,1619
1623,1581
1629,1554
1536,1556
1492,1543
1474,1444
1478,1435
1473,1456
1445,1404
1413,1373
1439,1392
1360,1376
1432,1365
1359,1384
1336,1379
1352,1395
1326,1357
1326,1419
1426,1466
1368,1415
1432,1490
1457,1501
1465,1487
1535,1544
1536,1590
1597,1646
1588,1660
1630,1644
1622,1719
1642,1701
1746,1687
1755,1772
1775,1774
1797,1750
1821,1797
1824,1764
1863,1842
1863,1848
1830,1804
1859,1797
1834,1812
1827,1826
1802,1781
1823,1772
1792,1722
1760,1722
1727,1691
1684,1636
1716,1620
1633,1636
1627,1583
1612,1516
1567,1540
1492,1513
1562,1461
1493,1485
1455,1428
1474,1395
1402,1402
1370,1413
1383,1359
1346,1389
1359,1382
1363,1385
1386,1381
1334,1406
1305,1408
1395,1468
1404,1468
1442,1462
1426,1523
1472,1537
1499,1524
1529,1611
1561,1632
1612,1626
1597,1657
1673,1680
1681,1731
1687,1763
1744,1766
1750,1786
1785,1812
1858,1814
1828,1861
1831,1822
1829,1830
1850,1811
1875,1811
1854,1814
1805,1816
1810,1762
1836,1766
1790,1722
1749,1732
1725,1687
1727,1636
1625,1580
1636,1582
1576,1535
1534,1525
1539,1505
1500,1495
1531,1467
1482,1439
1402,1400
1405,1357
1425,1427
1347,1361
1349,1310
1407,1382
1395,1378
1371,1368
1386,1409
1345,1429
1375,1429
1435,1436
1439,1476
1441,1510
1518,1537
1565,1567
1554,1569
1610,1605
1627,1654
1649,1679
1643,1715
1698,1722
1735,1773
1759,1746
1786,1799
1821,1828
1856,1807
1822,1810
1862,1809
1822,1813
1828,1823
1814,1822
1825,1775
1852,1808
1822,1787
1791,1743
1754,1727
1771,1719
1747,1683
1674,1622
1680,1587
1621,1588
1638,1525
1606,1520
1533,1525
1496,1476
1515,1428
1401,1468
1405,1419
1381,1400
1357,1416
1383,1414
1416,1380
1389,1388
1351,1386
1334,1365
1353,1382
1353,1414
1350,1453
1391,1462
1422,1494
1444,1464
1449,1496
1528,1568
1555,1560
1572,1643
1603,1612
1668,1684
1650,1663
1687,1715
1790,1744
1731,1771
1737,1742
1808,1801
1781,1807
1801,1816
1823,1777
1861,1844
1804,1816
1814,1807
1854,1803
1829,1787
1836,1743
1831,1779
1824,1725
1755,1682
1761,1712
1695,1629
1654,1631
1654,1615
1623,1560
1556,1501
1530,1515
1510,1494
1510,1470
1433,1426
1442,1436
1432,1375
1361,1373
1365,1387
1352,1391
1342,1360
1328,1413
1359,1388
1336,1411
1375,1374
1372,1425
1374,1464
1387,1455
1430,1458
1442,1477
1485,1540
1497,1554
1500,1590
1586,1615
1607,1630
1637,1666
1653,1707
1696,1742
1684,1769
1787,1743
1764,1791
1823,1811
1837,1829
1798,1813
1804,1815
1928,1835
1871,1789
1850,1821
1897,1782
1873,1773
1818,1707
1781,1711
1749,1671
1717,1668
1719,1613
1703,1606
1653,1626
1626,1598
1575,1524
1551,1516
1529,1494
1477,1431
1504,1432
1456,1426
1384,1401
1382,1412
1386,1357
1372,1382
1374,1386
1318,1406
1334,1409
1324,1323
1315,1370
1373,1468
1386,1447
1375,1487
1444,1504
1451,1534
1496,1492
1490,1561
1513,1593
1587,1622
1638,1686
1613,1677
1644,1690
1754,1666
1753,1742
1797,1764
1751,1802
1812,1822
1809,1774
1838,1860
1891,1864
1832,1842
1832,1833
1849,1817
1846,1807
1813,1810
1853,1761
1821,1779
1798,1668
1761,1674
1717,1689
1681,1639
1674,1599
1633,1578
1582,1517
1563,1527
1502,1456
1543,1421
1468,1475
1448,1420
1442,1416
1416,1387
1400,1402
1353,1353
1356,1385
1351,1381
1334,1356
1365,1408
1361,1441
1386,1437
1356,1404
1439,1484
1432,1475
1431,1474
1473,1551
1512,1578
1530,1584
1537,1620
1597,1653
1642,1702
1674,1704
1718,1762
1715,1749
1759,1759
1814,1769
1785,1807
1845,1823
1857,1833
1841,1845
1865,1815
1835,1812
1826,1783
1811,1767
1821,1805
1819,1780
1767,1731
1759,1701
1784,1667
1704,1658
1680,1656
1674,1599
1618,1581
1599,1541
1517,1527
1533,1453
1488,1478
1462,1462
1403,1416
1427,1415
1352,1401
1359,1390
1390,1357
1388,1325
1331,1374
1339,1378
1363,1399
1328,1443
1334,1432
1398,1426
1402,1417
1442,1513
1476,1515
1473,1566
1490,1555
1550,1593
1523,1585
1584,1659
1689,1672
1663,1701
1726,1664
1714,1751
1756,1782
1780,1802
1745,1822
1761,1814
1789,1830
1838,1822
1877,1826
1861,1832
1847,1791
1834,1819
1792,1779
1836,1766
1740,1710
1796,1729
1789,1667
1712,1679
1724,1687
1624,1605
1604,1586
1615,1527
1562,1555
1523,1476
1477,1448
1484,1427
1452,1449
1463,1391
1374,1406
1362,1366
1351,1363
1332,1410
1321,1349
1375,1387
1352,1395
1303,1370
1311,1415
1393,1442
1419,1464
1433,1493
1433,1530
1510,1547
1533,1550
1588,1611
1557,1648
1631,1615
1629,1694
1679,1700
1709,1768
1707,1760
1747,1752
1826,1790
1800,1765
1862,1834
1859,1829
1872,1836
1849,1844
1875,1792
1881,1822
1849,1809
1822,1811
1791,1743
1835,1727
1764,1668
1765,1717
1679,1652
1663,1641
1586,1623
1621,1574
1552,1527
1527,1535
1486,1486
1510,1472
1444,1425
1447,1486
1417,1381
1375,1427
1371,1360
1348,1354
1331,1375
1359,1402
1353,1359
1344,1402
1368,1371
1382,1434
1406,1469
1426,1465
1413,1490
1406,1497
1504,1536
1505,1577
1508,1590
1556,1623
1578,1624
1610,1652
1665,1688
1723,1741
1756,1799
1755,1785
1806,1780
1799,1773
1839,1812
1844,1839
1861,1857
1869,1851
1897,1823
1839,1813
1841,1783
1818,1767
1801,1749
1760,1714
1766,1763
1745,1699
1702,1618
1699,1612
1619,1595
1593,1549
1605,1532
1545,1489
1517,1514
1461,1471
1443,1418
1433,1388
1405,1388
1383,1367
1342,1382
1415,1401
1339,1382
1317,1392
1363,1359
1369,1385
1347,1398
1383,1421
1421,1425
1440,1438
1443,1481
1460,1543
1499,1516
1524,1593
1548,1596
1618,1622
1574,1669
1614,1685
1646,1722
1677,1749
1739,1744
1753,1801
1760,1804
1828,1800
1771,1818
1820,1869
1846,1819
1905,1843
1874,1830
1831,1832
1804,1771
1844,1784
1812,1745
1788,1750
1776,1669
1750,1671
1701,1613
1705,1646
1596,1554
1591,1549
1576,1532
1545,1491
1550,1516
1529,1490
1505,1428
1449,1427
1406,1407
1390,1397
1332,1470
1340,1388
1332,1413
1365,1386
1369,1401
1447,1426
1387,1398
1346,1396
1360,1462
1408,1430
1445,1506
1480,1468
1524,1525
1514,1589
1574,1629
1590,1645
1646,1664
1613,1686
1658,1737
1691,1744
1751,1774
1804,1762
1747,1811
1863,1816
1833,1825
1819,1783
1783,1817
1874,1780
1851,1820
1867,1767
1899,1807
1837,1736
1790,1725
1798,1693
1727,1734
1739,1654
1775,1583
1703,1654
1661,1594
1612,1532
1608,1521
1518,1521
1535,1482
1489,1429
1479,1401
1425,1444
1397,1395
1382,1362
1417,1415
1387,1359
1323,1387
1333,1388
1360,1342
1394,1399
1412,1398
1409,1414
1398,1425
1424,1491
1436,1464
1480,1565
1509,1494
1512,1536
1567,1646
1614,1666
1629,1646
1641,1700
1684,1712
1694,1733
1766,1722
1773,1816
1807,1818
1755,1805
1799,1821
1846,1812
1857,1798
1810,1806
1840,1839
1838,1809
1870,1771
1822,1777
1806,1750
1756,1719
1726,1720
1728,1664
1714,1666
1662,1673
1660,1603
1593,1574
1564,1552
1525,1500
1523,1545
1483,1494
1492,1432
1492,1415
1404,1387
1360,1408
1365,1357
1332,1403
1322,1385
1390,1373
1336,1386
1348,1389
1379,1395
1344,1482
1395,1437
1416,1467
1453,1507
1493,1522
1542,1542
1559,1600
1560,1634
1603,1645
1622,1646
1652,1674
1686,1751
1749,1738
1718,1787
1766,1783
1789,1820
1764,1813
1803,1814
1842,1810
1870,1835
1805,1785
1870,1854
1857,1808
1841,1779
1791,1756
1790,1716
1804,1745
1718,1700
1706,1692
1685,1626
1632,1644
1635,1571
1575,1548
1533,1530
1559,1489
1515,1484
1473,1486
1499,1457
1423,1399
1358,1423
1422,1395
1351,1362
1401,1351
1390,1373
1341,1354
1345,1396
1359,1361
1358,1367
1434,1421
1448,1513
1393,1454
1474,1512
1465,1557
1526,1556
1511,1568
1613,1591
1594,1637
1639,1662
1680,1704
1727,1708
1730,1771
1784,1759
1782,1764
1810,1755
1807,1841
1849,1785
1802,1815
1846,1808
1818,1837
1846,1808
1808,1835
1801,1794
1809,1766
1770,1719
1797,1738
1683,1690
1710,1643
1680,1654
1654,1644
1648,1571
1539,1571
1600,1534
1487,1482
1540,1509
1534,1423
1411,1451
1463,1405
1375,1386
1397,1388
1371,1359
1368,1420
1339,1379
1368,1395
1362,1426
1367,1392
1381,1423
1381,1405
1399,1499
1424,1486
1436,1559
1509,1544
1524,1546
1551,1578
1567,1598
1583,1654
1590,1695
1666,1707
1645,1729
1737,1743
1737,1761
1778,1771
1743,1768
1855,1781
1852,1815
1825,1843
1841,1805
1845,1846
1828,1790
1818,1787
1849,1818
1781,1739
1809,1711
1767,1704
1733,1712
1687,1662
1657,1650
1601,1631
1610,1603
1567,1581
1544,1530
1529,1510
1498,1495
1519,1458
1415,1438
1419,1406
1423,1400
1384,1368
1370,1373
1340,1397
1346,1356
1336,1377
1346,1441
1364,1433
1408,1466
1382,1461
1403,1466
1443,1457
1470,1539
1510,1515
1509,1542
1532,1615
1618,1593
1619,1622
1642,1682
1645,1683
1654,1731
1718,1765
1797,1758
1766,1755
1773,1792
1817,1834
1827,1803
1825,1788
1854,1756
1869,1765
1799,1812
1835,1758
1814,1748
1774,1762
1773,1738
1788,1721
1739,1699
1714,1722
1670,1620
1608,1590
1589,1589
1557,1544
1582,1515
1507,1497
1519,1420
1438,1482
1480,1483
1434,1443
1445,1424
1384,1397
1373,1359
1363,1406
1376,1372
1327,1398
1417,1441
1366,1400
1379,1415
1434,1435
1416,1480
1457,1469
1457,1524
1519,1525
1516,1577
1530,1608
1569,1612
1618,1660
1634,1656
1663,1689
1667,1728
1775,1746
1741,1789
1786,1776
1778,1776
1806,1769
1778,1786
1821,1826
1840,1815
1807,1811
1849,1807
1823,1780
1822,1756
1796,1690
1785,1777
1759,1745
1735,1658
1715,1692
1674,1634
1688,1618
1634,1571
1573,1560
1511,1517
1532,1524
1495,1489
1473,1455
1433,1417
1454,1415
1405,1390
1376,1409
1367,1412
1356,1415
1362,1430
1387,1388
1397,1396
1387,1377
1397,1437
1390,1438
1428,1489
1391,1453
1427,1515
1516,1499
1516,1612
1554,1614
1555,1614
1601,1612
1646,1661
1654,1715
1656,1696
1760,1724
1733,1731
1787,1781
1798,1786
1798,1823
1899,1813
1789,1841
1817,1817
1833,1785
1836,1770
1886,1762
1834,1786
1755,1753
1784,1780
1758,1723
1742,1696
1683,1668
1660,1649
1633,1597
1659,1551
1641,1531
1550,1548
1542,1546
1427,1509
1477,1457
1453,1451
1437,1400
1395,1428
1387,1385
1352,1393
1379,1368
1366,1387
1333,1397
1340,1397
1409,1463
1362,1414
1370,1446
1429,1476
1473,1504
1465,1472
1513,1563
1530,1530
1555,1625
1625,1649
1601,1658
1606,1683
1686,1692
1644,1713
1684,1690
1727,1738
1792,1788
1770,1772
1823,1839
1796,1758
1836,1753
1838,1807
1795,1792
1818,1819
1778,1760
1775,1740
1775,1745
1773,1769
1757,1696
1690,1659
1697,1634
1640,1622
1604,1593
1609,1600
1605,1538
1627,1525
1540,1493
1466,1466
1478,1432
1437,1461
1421,1471
1350,1426
1392,1407
1364,1422
1369,1370
1393,1413
1328,1395
1377,1407
1419,1417
1417,1446
1372,1421
1398,1445
1414,1488
1520,1525
1484,1539
1530,1555
1554,1608
1525,1632
1601,1653
1649,1686
1647,1707
1715,1712
1663,1728
1733,1759
1758,1776
1758,1824
1826,1789
1798,1783
1836,1794
1776,1758
1786,1774
1835,1822
1758,1796
1793,1771
1756,1772
1799,1712
1777,1664
1769,1715
1718,1640
1735,1593
1620,1637
1660,1571
1616,1527
1549,1515
1540,1506
1516,1493
1480,1497
1490,1417
1466,1436
1462,1418
1387,1388
1397,1390
1356,1357
1340,1399
1365,1381
1388,1430
1371,1413
1384,1425
1448,1416
1427,1476
1435,1500
1461,1540
1445,1569
1523,1550
1522,1555
1539,1627
1593,1626
1630,1683
1637,1707
1648,1713
1752,1747
1738,1729
1743,1822
1784,1818
1806,1806
1856,1827
1811,1813
1784,1762
1847,1793
1815,1805
1814,1788
1762,1736
1764,1716
1808,1742
1740,1671
1747,1720
1710,1699
1753,1650
1619,1563
1605,1567
1547,1580
1581,1561
1554,1507
1513,1468
1532,1468
1467,1432
1440,1440
1452,1423
1384,1386
1419,1383
1357,1440
1358,1474
1410,1421
1388,1427
1418,1468
1386,1437
1397,1467
1380,1452
1423,1498
1441,1494
1460,1562
1488,1595
1549,1599
1582,1639
1540,1683
1633,1673
1660,1673
1664,1688
1724,1737
1733,1732
1703,1744
1782,1788
1811,1766
1765,1807
1830,1813
1833,1764
1831,1769
1823,1759
1814,1782
1770,1807
1780,1764
1763,1710
1747,1691
1758,1711
1721,1682
1714,1623
1654,1658
1605,1586
1585,1612
1584,1578
1546,1516
1523,1509
1452,1446
1466,1445
1469,1447
1482,1439
1393,1435
1385,1424
1417,1377
1372,1381
1374,1398
1368,1418
1399,1420
1367,1445
1405,1419
1381,1448
1474,1524
1443,1520
1506,1550
1502,1555
1560,1572
1591,1554
1545,1659
1579,1646
1638,1681
1675,1685
1634,1716
1678,1709
1716,1725
1768,1749
1765,1740
1825,1791
1831,1795
1821,1822
1840,1798
1802,1811
1776,1777
1815,1786
1834,1768
1808,1722
1753,1724
1776,1703
1761,1666
1676,1657
1626,1612
1650,1599
1637,1560
1557,1565
1601,1555
1514,1512
1482,1496
1493,1457
1467,1449
1485,1404
1455,1411
1466,1408
1372,1422
1377,1424
1411,1407
1350,1414
1346,1443
1396,1416
1379,1466
1418,1430
1435,1460
1480,1537
1476,1485
1487,1505
1516,1551
1553,1599
1580,1625
1593,1656
1654,1666
1662,1653
1696,1707
1701,1731
1764,1756
1778,1723
1739,1776
1816,1774
1791,1805
1787,1819
1802,1800
1813,1759
1780,1825
1816,1788
1770,1774
1788,1770
1768,1707
1775,1718
1728,1681
1713,1637
1706,1635
1707,1635
1630,1590
1650,1501
1564,1558
1543,1534
1514,1504
1458,1485
1428,1492
1415,1451
1427,1419
1394,1424
1429,1410
1419,1406
1333,1390
1339,1406
1351,1392
1353,1399
1334,1423
1403,1465
1476,1427
1428,1496
1455,1515
1499,1535
1453,1566
1538,1586
1548,1601
1548,1660
1606,1643
1624,1726
1641,1690
1709,1735
1716,1747
1748,1755
1757,1754
1723,1792
1779,1784
1806,1780
1821,1797
1840,1789
1804,1781
1776,1786
1817,1757
1803,1731
1830,1732
1735,1716
1770,1702
1734,1679
1674,1630
1641,1614
1630,1575
1608,1584
1645,1580
1550,1553
1489,1532
1555,1500
1504,1472
1432,1403
1461,1438
1435,1460
1400,1422
1350,1426
1430,1442
1380,1405
1434,1434
1372,1427
1410,1448
1383,1454
1413,1465
1470,1489
1462,1488
1462,1517
1516,1516
1509,1543
1536,1595
1550,1583
1597,1625
1633,1665
1668,1673
1705,1693
1745,1721
1734,1732
1737,1747
1762,1800
1783,1749
1762,1770
1743,1808
1803,1779
1831,1779
1826,1804
1757,1708
1821,1760
1781,1718
1785,1728
1747,1715
1703,1714
1776,1641
1686,1643
1612,1628
1665,1557
1622,1556
1593,1585
1560,1534
1519,1474
1517,1487
1479,1472
1416,1502
1425,1431
1458,1403
1385,1447
1423,1413
1411,1434
1406,1434
1403,1431
1377,1390
1400,1415
1403,1443
1461,1518
1391,1457
1444,1490
1416,1492
1487,1571
1552,1522
1548,1590
1606,1615
1582,1628
1629,1673
1627,1648
1676,1716
1718,1733
1753,1689
1742,1733
1759,1802
1771,1794
1765,1778
1811,1779
1827,1808
1811,1799
1808,1788
1777,1755
1828,1708
1827,1746
1783,1736
1704,1709
1679,1657
1703,1637
1663,1620
1656,1592
1580,1624
1559,1540
1590,1577
1545,1512
1527,1454
1489,1497
1446,1448
1484,1457
1395,1440
1489,1403
1445,1384
1449,1388
1394,1412
1414,1407
1392,1409
1413,1437
1393,1446
1414,1467
1434,1467
1442,1457
1429,1523
1472,1539
1511,1591
1510,1608
1545,1595
1589,1622
1617,1645
1629,1688
1651,1693
1660,1742
1662,1713
1733,1710
1732,1747
1766,1776
1793,1757
1775,1782
1825,1823
1805,1796
1779,1749
1790,1754
1767,1767
1773,1720
1758,1708
1766,1693
1762,1686
1726,1674
1722,1657
1682,1593
1629,1633
1675,1602
1595,1582
1555,1520
1543,1515
1555,1461
1451,1448
1505,1465
1448,1380
1422,1457
1453,1382
1426,1405
1421,1430
1417,1468
1429,1457
1383,1430
1363,1445
1435,1435
1463,1455
1467,1489
1447,1496
1450,1542
1505,1510
1495,1528
1547,1577
1586,1622
1576,1595
1609,1636
1612,1653
1651,1674
1687,1693
1682,1715
1723,1755
1755,1775
1754,1747
1764,1772
1792,1791
1772,1734
1777,1788
1818,1820
1798,1802
1766,1730
1789,1753
1748,1748
1740,1733
1813,1669
1784,1625
1692,1662
1698,1629
1647,1650
1651,1621
1612,1562
1606,1502
1531,1523
1531,1527
1521,1514
1481,1495
1482,1433
1410,1445
1432,1418
1416,1406
1397,1426
1418,1408
1449,1393
1384,1434
1405,1391
1362,1464
1395,1468
1417,1507
1460,1458
1505,1505
1523,1523
1478,1548
1535,1567
1578,1637
1573,1626
1615,1623
1626,1602
1614,1682
1694,1677
1764,1721
1695,1728
1784,1777
1729,1759
1751,1745
1792,1753
1801,1739
1850,1771
1765,1770
1810,1764
1790,1782
1737,1743
1786,1739
1714,1713
1778,1661
1769,1667
1706,1654
1689,1697
1670,1639
1642,1581
1580,1581
1594,1539
1582,1508
1549,1511
1546,1485
1483,1511
1477,1439
1489,1452
1456,1423
1464,1471
1437,1421
1408,1380
1422,1435
1356,1427
1412,1468
1409,1479
1414,1444
1442,1478
1456,1472
1451,1512
1487,1491
1503,1558
1478,1584
1520,1553
1526,1566
1617,1615
1612,1628
1638,1654
1631,1676
1673,1708
1732,1726
1749,1757
1737,1759
1748,1755
1744,1747
1736,1761
1779,1809
1789,1747
1814,1779
1753,1760
1752,1772
1809,1757
1760,1731
1728,1735
1758,1689
1721,1649
1677,1639
1689,1649
1670,1576
1559,1625
1562,1539
1610,1548
1560,1519
1551,1476
1491,1478
1465,1474
1486,1465
1415,1450
1450,1403
1428,1430
1380,1378
1424,1447
1428,1418
1395,1464
1432,1435
1464,1418
1438,1478
1465,1464
1398,1491
1474,1468
1510,1514
1538,1588
1510,1568
1554,1601
1610,1665
1588,1621
1647,1659
1628,1686
1629,1712
1689,1698
1717,1712
1717,1741
1768,1784
1804,1764
1784,1773
1779,1778
1784,1815
1782,1781
1851,1774
1813,1760
1774,1813
1778,1762
1742,1738
1751,1729
1726,1675
1706,1646
1656,1658
1703,1614
1664,1560
1628,1574
1536,1544
1559,1496
1586,1531
1483,1497
1534,1461
1439,1460
1442,1437
1505,1451
1453,1436
1426,1418
1375,1413
1412,1435
1384,1421
1393,1427
1415,1513
1349,1467
1445,1492
1432,1472
1484,1483
1443,1503
1511,1559
1526,1561
1559,1591
1579,1597
1620,1623
1633,1634
1610,1647
1663,1692
1704,1674
1691,1742
1696,1729
1737,1741
1752,1760
1793,1745
1820,1792
1788,1797
1809,1812
1775,1742
1785,1765
1829,1747
1745,1735
1791,1732
1756,1695
1757,1679
1761,1670
1676,1651
1719,1642
1651,1603
1681,1575
1602,1572
1587,1553
1551,1530
1532,1502
1476,1489
1501,1445
1450,1409
1495,1479
1440,1464
1405,1430
1401,1445
1387,1418
1421,1459
1405,1462
1443,1441
1375,1423
1449,1463
1432,1473
1460,1464
1431,1472
1511,1514
1512,1537
1535,1604
1576,1559
1592,1605
1601,1659
1654,1655
1634,1671
1667,1711
1717,1686
1753,1660
1670,1755
1735,1734
1823,1772
1795,1762
1826,1765
1774,1778
1735,1769
1808,1754
1726,1711
1804,1740
1740,1740
1719,1754
1689,1726
1765,1664
1717,1696
1723,1647
1641,1635
1663,1607
1599,1569
1587,1554
1533,1533
1554,1523
1514,1545
1499,1468
1496,1452
1490,1506
1457,1489
1433,1471
1390,1399
1423,1444
1348,1429
1453,1448
1444,1447
1400,1489
1409,1468
1457,1455
1452,1457
1452,1463
1486,1546
1450,1531
1480,1574
1545,1589
1534,1602
1562,1622
1600,1635
1628,1672
1676,1634
1683,1675
1719,1735
1671,1747
1732,1731
1778,1794
1792,1777
1762,1766
1788,1813
1789,1765
1753,1794
1778,1734
1782,1740
1810,1759
1730,1745
1760,1725
1778,1714
1777,1705
1667,1640
1694,1690
1671,1670
1656,1636
1595,1559
1640,1569
1563,1564
1549,1535
1528,1537
1519,1462
1507,1502
1438,1501
1433,1518
1447,1415
1454,1444
1425,1441
1416,1381
1442,1419
1406,1399
1406,1460
1407,1407
1400,1441
1460,1504
1446,1479
1472,1492
1469,1545
1506,1562
1510,1565
1496,1575
1575,1612
1596,1602
1620,1675
1657,1717
1639,1678
1660,1705
1713,1752
1705,1760
1775,1752
1785,1768
1786,1784
1821,1772
1812,1762
1755,1740
1751,1752
1789,1769
1766,1780
1740,1739
1749,1736
1754,1732
1720,1717
1731,1710
1640,1638
1659,1663
1604,1597
1607,1617
1584,1559
1626,1537
1602,1572
1581,1509
1525,1492
1505,1487
1499,1467
1450,1441
1450,1423
1431,1421
1453,1432
1386,1389
1479,1430
1399,1422
1402,1417
1453,1447
1436,1480
1427,1449
1382,1518
1462,1488
1485,1490
1486,1514
1506,1575
1567,1551
1543,1603
1584,1626
1619,1667
1621,1681
1633,1655
1667,1667
1682,1721
1708,1729
1744,1751
1791,1741
1779,1762
1743,1753
1803,1761
1784,1827
1747,1781
1746,1766
1775,1762
1773,1705
1759,1752
1783,1750
1669,1706
1698,1679
1673,1695
1685,1654
1626,1587
1673,1597
1578,1585
1614,1544
1587,1556
1549,1548
1536,1494
1488,1500
1511,1470
1497,1446
1411,1456
1450,1459
1419,1444
1412,1455
1416,1390
1423,1477
1430,1430
1412,1437
1424,1466
1446,1426
1387,1443
1464,1478
1443,1532
1462,1523
1466,1526
1527,1572
1516,1580
1547,1592
1632,1671
1637,1653
1651,1667
1649,1716
1706,1681
1695,1726
1735,1747
1700,1751
1775,1741
1772,1753
1754,1780
1815,1764
1828,1755
1761,1783
1806,1773
1745,1744
1778,1697
1752,1742
1761,1718
1708,1680
1755,1643
1667,1656
1642,1641
1616,1579
1605,1572
1602,1553
1593,1556
1568,1544
1540,1540
1491,1487
1468,1494
1460,1458
1436,1438
1476,1456
1422,1423
1411,1403
1376,1399
1419,1415
1383,1471
1403,1377
1378,1477
1380,1453
1453,1443
1462,1429
1470,1493
1474,1488
1444,1541
1535,1537
1533,1569
1539,1573
1561,1604
1613,1671
1627,1650
1684,1667
1640,1698
1656,1675
1715,1703
1722,1750
1709,1745
1777,1763
1778,1748
1769,1770
1761,1782
1747,1810
1801,1739
1817,1772
1777,1770
1747,1714
1760,1736
1774,1695
1734,1693
1729,1677
1691,1640
1636,1645
1669,1620
1572,1564
1618,1555
1600,1512
1552,1531
1548,1510
1509,1520
1501,1478
1455,1440
1435,1441
1403,1473
1452,1460
1400,1464
1400,1377
1414,1412
1388,1435
1446,1428
1401,1460
1420,1454
1419,1439
1452,1477
1434,1512
1515,1508
1500,1563
1530,1574
1545,1565
1576,1567
1573,1625
1619,1601
1657,1623
1645,1662
1643,1703
1735,1743
1714,1685
1713,1740
1744,1766
1752,1748
1757,1744
1789,1714
1792,1794
1762,1727
1819,1768
1771,1759
1845,1755
1761,1742
1770,1725
1755,1706
1731,1654
1726,1691
1663,1660
1673,1631
1648,1625
1619,1596
1612,1552
1597,1536
1545,1565
1546,1459
1515,1537
1417,1456
1472,1496
1474,1449
1438,1446
1421,1440
1442,1423
1399,1398
1428,1438
1421,1468
1430,1415
1377,1454
1392,1448
1444,1445
1423,1487
1446,1517
1475,1538
1474,1528
1430,1553
1544,1610
1590,1551
1574,1639
1616,1646
1611,1644
1595,1670
1677,1671
1716,1716
1748,1700
1752,1768
1757,1746
1764,1761
1786,1785
1765,1771
1796,1735
1804,1800
1800,1755
1762,1765
1812,1783
1797,1730
1779,1673
1780,1710
1794,1701
1729,1665
1705,1676
1634,1670
1641,1607
1657,1587
1647,1576
1571,1566
1586,1519
1563,1504
1492,1515
1508,1497
1456,1457
1484,1430
1442,1439
1441,1444
1452,1444
1439,1420
1342,1419
1395,1412
1460,1451
1459,1485
1403,1479
1439,1457
1483,1485
1446,1474
1420,1552
1515,1534
1459,1535
1555,1591
1541,1557
1570,1630
1613,1685
1614,1637
1578,1680
1669,1699
1684,1731
1761,1698
1707,1731
1730,1740
1761,1740
1753,1744
1753,1762
1808,1722
1816,1789
1791,1741
1789,1780
1767,1770
1765,1745
1763,1736
1782,1710
1722,1684
1738,1706
1675,1690
1721,1660
1656,1628
1633,1610
1602,1563
1603,1573
1560,1561
1516,1573
1497,1541
1528,1481
1527,1475
1522,1417
1447,1458
1408,1437
1436,1422
1426,1425
1381,1400
1407,1426
1402,1389
1392,1466
1419,1434
1431,1418
1465,1461
1476,1512
1399,1493
1446,1492
1499,1518
1553,1549
1502,1573
1534,1611
1532,1618
1615,1632
1633,1688
1643,1659
1651,1673
1666,1727
1690,1716
1719,1709
1723,1782
1747,1778
1781,1756
1745,1779
1762,1800
1759,1788
1764,1724
1798,1758
1777,1765
1763,1701
1773,1709
1728,1722
1710,1691
1708,1683
1732,1657
1695,1629
1680,1653
1671,1612
1611,1607
1541,1551
1541,1560
1519,1518
1477,1510
1488,1468
1484,1499
1474,1422
1458,1441
1409,1424
1392,1454
1433,1385
1413,1415
1411,1384
1435,1434
1423,1438
1396,1462
1446,1461
1414,1474
1461,1464
1443,1490
1504,1478
1505,1524
1542,1564
1490,1550
1529,1595
1591,1647
1596,1662
1585,1636
1628,1663
1626,1708
1730,1741
1748,1742
1754,1718
1747,1743
1719,1798
1767,1745
1791,1772
1798,1748
1831,1765
1807,1782
1789,1804
1787,1723
1816,1718
1750,1700
1722,1720
1755,1736
1673,1652
1722,1634
1664,1659
1663,1631
1618,1597
1597,1615
1624,1574
1557,1502
1539,1537
1502,1477
1513,1415
1502,1466
1471,1435
1433,1403
1449,1441
1424,1502
1431,1455
1347,1418
1411,1432
1381,1459
1387,1429
1409,1467
1426,1417
1427,1493
1412,1466
1473,1491
1507,1510
1501,1545
1524,1555
1574,1596
1568,1607
1592,1670
1640,1630
1627,1638
1608,1683
1651,1706
1724,1695
1699,1727
1731,1753
1787,1753
1776,1744
1755,1739
1821,1767
1780,1774
1816,1798
1849,1793
1793,1771
1806,1751
1826,1790
1802,1725
1763,1720
1709,1723
1692,1630
1683,1645
1693,1595
1659,1621
1681,1565
1585,1597
1621,1522
1589,1531
1547,1518
1510,1461
1510,1476
1479,1483
1400,1444
1408,1437
1452,1389
1426,1431
1406,1418
1423,1446
1347,1397
1368,1410
1378,1375
1397,1427
1420,1467
1413,1419
1406,1532
1469,1479
1505,1501
1495,1545
1458,1554
1575,1534
1515,1560
1578,1610
1623,1660
1617,1635
1660,1693
1701,1717
1681,1707
1728,1728
1754,1748
1747,1756
1778,1772
1798,1799
1810,1788
1821,1784
1771,1781
1827,1781
1758,1778
1780,1774
1781,1705
1793,1700
1800,1728
1756,1702
1737,1689
1648,1700
1688,1669
1684,1642
1653,1620
1660,1604
1610,1585
1613,1553
1556,1521
1516,1506
1559,1488
1473,1476
1448,1438
1440,1394
1435,1431
1421,1432
1476,1444
1368,1433
1348,1440
1405,1416
1403,1458
1445,1478
1402,1449
1437,1457
1449,1446
1471,1484
1451,1493
1469,1511
1481,1524
1495,1559
1567,1612
1561,1618
1563,1585
1597,1667
1591,1624
1691,1711
1637,1712
1729,1718
1696,1777
1711,1767
1719,1745
1799,1765
1817,1757
1786,1765
1809,1762
1783,1750
1769,1741
1823,1761
1803,1761
1820,1761
1763,1718
1765,1728
1755,1688
1707,1690
1709,1667
1667,1606
1661,1638
1660,1561
1627,1574
1629,1528
1589,1560
1572,1481
1528,1514
1499,1473
1453,1468
1465,1440
1457,1442
1387,1387
1435,1421
1433,1397
1366,1406
1358,1390
1404,1445
1407,1403
1411,1428
1404,1424
1403,1478
1443,1466
1462,1525
1462,1510
1484,1521
1497,1506
1576,1569
1540,1557
1580,1609
1621,1605
1584,1678
1653,1668
1676,1665
1698,1737
1704,1717
1757,1783
1781,1743
1763,1750
1752,1748
1799,1795
1797,1757
1820,1774
1820,1781
1804,1790
1792,1774
1801,1741
1776,1752
1744,1697
1783,1713
1772,1703
1793,1646
1681,1681
1636,1626
1689,1607
1645,1621
1615,1574
1599,1559
1479,1524
1522,1524
1498,1467
1503,1453
1521,1444
1405,1461
1454,1456
1389,1436
1407,1409
1420,1431
1376,1432
1423,1391
1371,1442
1372,1401
1392,1461
1405,1427
1382,1468
1416,1474
1443,1466
1481,1515
1508,1528
1505,1561
1485,1544
1608,1614
1564,1585
1597,1697
1646,1658
1642,1656
1650,1706
1698,1746
1773,1716
1743,1731
1783,1772
1785,1782
1770,1771
1800,1798
1734,1776
1792,1749
1843,1790
1829,1816
1838,1757
1777,1761
1712,1759
1745,1725
1727,1722
1761,1751
1718,1692
1703,1628
1702,1651
1624,1624
1558,1590
1604,1563
1569,1558
1571,1579
1525,1472
1550,1481
1487,1478
1486,1426
1435,1399
1456,1457
1432,1459
1453,1419
1341,1410
1379,1422
1428,1394
1412,1410
1413,1430
1432,1455
1381,1432
1367,1466
1448,1489
1463,1475
1482,1523
1465,1536
1574,1547
1543,1626
1555,1630
1579,1607
1576,1633
1596,1676
1683,1668
1718,1748
1703,1773
1687,1739
1762,1729
1790,1787
1782,1823
1820,1823
1810,1767
1804,1735
1833,1820
1808,1785
1806,1776
1852,1786
1739,1734
1821,1798
1777,1729
1737,1722
1744,1696
1747,1638
1747,1635
1700,1651
1624,1615
1607,1606
1587,1555
1628,1563
1560,1535
1510,1481
1516,1531
1471,1462
1459,1443
1480,1447
1416,1409
1437,1415
1399,1379
1406,1363
1408,1418
1428,1366
1352,1387
1416,1460
1372,1421
1410,1416
1447,1455
1388,1479
1431,1433
1449,1502
1483,1515
1518,1576
1540,1538
1507,1559
1542,1628
1621,1655
1580,1706
1659,1711
1641,1750
1680,1736
1667,1744
1725,1705
1762,1756
1767,1761
1805,1784
1786,1769
1800,1789
1836,1774
1825,1811
1815,1798
1763,1778
1775,1798
1824,1745
1754,1713
1735,1709
1720,1735
1769,1656
1706,1655
1689,1657
1638,1636
1654,1593
1613,1597
1633,1538
1597,1548
1552,1469
1559,1468
1490,1481
1458,1464
1471,1455
1385,1417
1413,1417
1386,1400
1379,1392
1403,1426
1389,1390
1367,1431
1406,1405
1390,1423
1387,1382
1449,1438
1424,1468
1434,1490
1472,1527
1482,1556
1522,1534
1513,1546
1565,1616
1605,1590
1587,1671
1618,1644
1594,1672
1659,1669
1673,1743
1742,1727
1785,1759
1723,1748
1846,1754
1808,1821
1770,1838
1767,1813
1795,1783
1850,1804
1817,1802
1824,1789
1800,1780
1772,1758
1791,1696
1765,1712
1747,1681
1810,1672
1707,1654
1739,1645
1662,1599
1622,1586
1649,1586
1589,1586
1607,1553
1511,1527
1561,1503
1532,1500
1510,1479
1432,1445
1463,1450
1396,1430
1381,1446
1400,1390
1386,1414
1377,1369
1404,1405
1369,1375
1442,1403
1436,1415
1379,1463
1417,1448
1451,1488
1446,1487
1477,1507
1482,1549
1507,1582
1516,1532
1512,1602
1580,1638
1686,1619
1644,1681
1665,1662
1659,1714
1706,1748
1690,1776
1738,1739
1700,1770
1787,1760
1776,1830
1758,1800
1819,1800
1821,1789
1851,1799
1794,1738
1841,1777
1773,1741
1789,1759
1734,1735
1760,1748
1745,1704
1719,1686
1712,1649
1730,1687
1667,1586
1625,1580
1580,1554
1572,1553
1557,1519
1551,1487
1561,1462
1547,1486
1445,1479
1436,1429
1380,1412
1440,1409
1418,1440
1403,1426
1387,1451
1363,1423
1327,1391
1339,1385
1372,1369
1416,1432
1361,1453
1406,1424
1434,1466
1485,1539
1411,1522
1551,1548
1508,1544
1544,1587
1548,1606
1595,1675
1571,1667
1612,1679
1693,1666
1686,1724
1744,1771
1755,1758
1707,1769
1756,1790
1788,1787
1835,1792
1785,1836
1810,1809
1800,1777
1822,1787
1782,1786
1800,1763
1834,1759
1786,1734
1815,1737
1766,1690
1724,1677
1737,1682
1713,1644
1660,1633
1666,1641
1644,1582
1586,1545
1564,1504
1578,1525
1546,1511
1507,1507
1407,1473
1438,1445
1481,1410
1414,1434
1402,1445
1401,1440
1437,1403
1397,1403
1346,1385
1386,1398
1430,1414
1386,1441
1367,1425
1457,1450
1419,1438
1490,1484
1454,1515
1494,1514
1513,1582
1489,1588
1595,1604
1585,1620
1640,1686
1607,1676
1684,1650
1680,1692
1710,1683
1717,1771
1726,1756
1730,1758
1748,1775
1788,1805
1802,1814
1809,1808
1813,1814
1852,1778
1829,1839
1808,1776
1818,1776
1794,1760
1842,1763
1823,1754
1757,1723
1703,1710
1739,1693
1756,1652
1695,1631
1626,1637
1623,1596
1620,1559
1598,1521
1509,1483
1517,1514
1449,1503
1477,1466
1474,1447
1478,1443
1414,1452
1392,1392
1386,1449
1378,1378
1400,1427
1366,1399
1380,1352
1387,1401
1303,1408
1393,1421
1384,1424
1402,1506
1458,1444
1418,1516
1445,1548
1523,1543
1530,1553
1514,1567
1538,1608
1628,1636
1612,1685
1644,1709
1643,1735
1740,1703
1732,1772
1761,1744
1748,1759
1786,1793
1775,1796
1823,1748
1820,1797
1842,1801
1804,1804
1857,1831
1801,1756
1767,1808
1777,1772
1819,1744
1823,1740
1739,1741
1812,1732
1707,1713
1697,1640
1698,1609
1667,1638
1688,1573
1631,1582
1535,1545
1524,1493
1538,1502
1514,1484
1497,1434
1476,1434
1424,1437
1398,1413
1413,1377
1433,1384
1376,1368
1357,1433
1346,1395
1382,1391
1313,1421
1386,1424
1373,1440
1374,1431
1417,1469
1383,1516
1469,1469
1467,1533
1502,1546
1525,1606
1552,1569
1564,1621
1588,1627
1619,1660
1687,1664
1678,1687
1650,1734
1694,1710
1719,1765
1760,1759
1753,1777
1794,1825
1811,1802
1804,1830
1801,1807
1903,1788
1844,1797
1803,1775
1816,1796
1854,1778
1782,1756
1786,1783
1811,1757
1736,1689
1742,1716
1748,1641
1654,1651
1660,1575
1640,1591
1643,1531
1585,1554
1546,1516
1519,1510
1482,1492
1510,1483
1451,1412
1417,1439
1427,1415
1400,1409
1417,1395
1386,1402
1380,1370
1365,1388
1395,1359
1345,1432
1360,1430
1352,1404
1428,1408
1395,1434
1424,1473
1455,1468
1458,1548
1486,1543
1484,1557
1481,1589
1523,1604
1582,1638
1622,1632
1649,1710
1653,1749
1685,1704
1708,1732
1778,1751
1802,1765
1758,1820
1783,1810
1769,1826
1801,1805
1857,1819
1810,1820
1850,1848
1774,1838
1814,1802
1797,1752
1824,1781
1791,1770
1774,1750
1809,1727
1734,1673
1679,1656
1700,1659
1660,1672
1665,1646
1595,1611
1587,1568
1495,1556
1529,1528
1497,1471
1447,1460
1442,1488
1435,1449
1455,1418
1404,1408
1440,1412
1348,1413
1365,1398
1356,1409
1342,1400
1384,1398
1348,1397
1373,1413
1380,1428
1382,1443
1433,1455
1463,1466
1420,1526
1473,1541
1528,1521
1531,1576
1529,1578
1534,1645
1588,1637
1602,1637
1673,1698
1648,1731
1671,1679
1719,1807
1713,1763
1745,1793
1818,1788
1753,1785
1808,1830
1815,1812
1835,1816
1824,1802
1842,1788
1850,1767
1795,1812
1782,1752
1787,1747
1714,1757
1802,1764
1759,1717
1717,1720
1739,1673
1705,1621
1669,1626
1665,1593
1591,1567
1551,1473
1552,1489
1536,1459
1495,1482
1443,1436
1447,1396
1463,1419
1393,1404
1379,1410
1379,1402
1336,1371
1414,1356
1333,1400
1361,1377
1341,1402
1361,1384
1361,1369
1397,1396
1435,1452
1395,1482
1445,1501
1423,1532
1428,1551
1495,1567
1535,1599
1564,1596
1576,1641
1643,1678
1641,1708
1664,1717
1697,1750
1704,1737
1757,1758
1737,1771
1777,1769
1888,1800
1832,1798
1788,1813
1811,1812
1810,1811
1837,1810
1866,1821
1788,1817
1820,1764
1785,1737
1783,1753
1777,1733
1792,1717
1739,1681
1708,1662
1696,1665
1692,1605
1627,1577
1660,1559
1644,1576
1560,1535
1540,1492
1564,1465
1451,1475
1444,1402
1441,1375
1470,1421
1385,1405
1374,1419
1360,1402
1382,1388
1361,1405
1362,1386
1385,1396
1369,1361
1319,1393
1356,1435
1359,1414
1427,1452
1389,1474
1461,1486
1456,1503
1480,1579
1540,1588
1580,1575
1538,1686
1645,1667
1622,1729
1662,1704
1714,1710
1732,1765
1734,1770
1693,1803
1792,1770
1798,1814
1812,1817
1792,1798
1848,1833
1828,1799
1819,1834
1846,1816
1849,1767
1804,1790
1817,1787
1824,1757
1793,1745
1805,1742
1682,1729
1743,1685
1705,1668
1656,1651
1670,1596
1616,1527
1581,1556
1564,1545
1542,1538
1555,1493
1455,1429
1485,1426
1432,1429
1428,1439
1415,1386
1364,1370
1391,1362
1387,1392
1367,1373
1372,1418
1334,1407
1380,1402
1351,1423
1411,1406
1408,1469
1408,1449
1442,1479
1430,1481
1450,1516
1485,1563
1480,1589
1540,1580
1618,1615
1639,1647
1626,1625
1667,1678
1677,1685
1683,1756
1707,1767
1750,1759
1810,1793
1793,1776
1750,1822
1820,1838
1825,1778
1847,1873
1860,1828
1906,1857
1834,1782
1840,1797
1838,1802
1805,1757
1816,1761
1794,1747
1747,1634
1711,1666
1711,1640
1670,1638
1661,1626
1667,1553
1580,1594
1622,1547
1553,1521
1499,1501
1450,1493
1446,1446
1442,1435
1439,1414
1422,1426
1355,1388
1476,1404
1359,1392
1369,1367
1384,1344
1369,1402
1360,1398
1316,1374
1372,1397
1354,1413
1391,1453
1396,1451
1412,1510
1479,1516
1494,1515
1451,1578
1541,1551
1579,1634
1626,1652
1594,1664
1644,1669
1643,1700
1677,1715
1715,1746
1744,1764
1756,1834
1768,1765
1768,1831
1781,1774
1827,1803
1836,1816
1886,1810
1825,1837
1853,1807
1816,1836
1853,1795
1762,1772
1860,1772
1771,1735
1735,1725
1760,1697
1748,1672
1697,1670
1668,1603
1609,1584
1619,1570
1626,1558
1552,1522
1533,1497
1532,1480
1472,1483
1471,1481
1473,1462
1399,1432
1431,1400
1377,1364
1375,1345
1357,1363
1364,1414
1352,1399
1331,1383
1353,1393
1412,1350
1322,1476
1379,1445
1361,1438
1463,1446
1442,1517
1402,1528
1473,1534
1524,1551
1574,1582
1543,1614
1618,1623
1599,1638
1676,1668
1699,1718
1716,1717
1767,1739
1768,1796
1831,1806
1801,1807
1833,1820
1788,1806
1806,1801
1875,1831
1859,1818
1847,1815
1810,1839
1847,1811
1884,1767
1810,1806
1822,1781
1795,1792
1780,1763
1735,1702
1683,1685
1703,1618
1720,1604
1655,1609
1617,1565
1579,1537
1583,1512
1543,1500
1504,1474
1444,1482
1462,1427
1363,1376
1431,1421
1446,1344
1369,1410
1365,1402
1386,1379
1364,1342
1337,1425
1352,1372
1405,1404
1346,1406
1389,1425
1325,1440
1380,1456
1427,1511
1433,1494
1471,1536
1506,1509
1492,1597
1584,1537
1628,1657
1598,1681
1659,1693
1702,1685
1669,1747
1672,1749
1723,1795
1822,1796
1753,1808
1767,1806
1828,1826
1812,1828
1836,1821
1862,1800
1841,1830
1864,1793
1828,1780
1815,1834
1847,1766
1792,1752
1760,1728
1801,1714
1729,1678
1709,1668
1744,1651
1645,1635
1634,1602
1613,1599
1561,1550
1574,1496
1511,1490
1516,1478
1469,1466
1398,1410
1441,1425
1437,1413
1390,1416
1374,1362
1379,1379
1388,1395
1395,1415
1319,1380
1347,1386
1336,1370
1339,1454
1359,1407
1367,1416
1386,1436
1363,1494
1478,1473
1462,1525
1518,1538
1489,1585
1486,1543
1532,1612
1574,1672
1627,1688
1623,1698
1674,1728
1740,1717
1756,1760
1797,1788
1767,1788
1777,1758
1814,1803
1784,1814
1839,1833
1875,1826
1881,1814
1859,1770
1852,1785
1878,1822
1864,1772
1792,1770
1781,1773
1841,1744
1727,1666
1740,1694
1730,1654
1671,1601
1620,1651
1602,1593
1629,1552
1522,1538
1535,1494
1555,1472
1517,1463
1473,1448
1454,1429
1429,1475
1414,1399
1408,1393
1360,1383
1380,1399
1365,1389
1346,1361
1315,1396
1368,1398
1349,1387
1406,1370
1388,1451
1373,1440
1405,1457
1478,1444
1484,1520
1457,1499
1492,1543
1511,1583
1594,1589
1549,1645
1629,1662
1663,1665
1702,1681
1740,1737
1744,1757
1740,1775
1830,1763
1802,1802
1813,1818
1864,1827
1800,1827
1834,1809
1843,1821
1820,1781
1842,1857
1856,1778
1884,1838
1833,1763
1817,1789
1753,1768
1759,1738
1740,1707
1745,1679
1661,1637
1668,1614
1599,1577
1620,1566
1567,1553
1569,1493
1557,1503
1518,1496
1465,1465
1404,1458
1404,1375
1399,1374
1406,1384
1373,1386
1344,1371
1349,1340
1397,1390
1330,1372
1373,1399
1329,1337
1359,1417
1343,1423
1436,1411
1439,1466
1421,1482
1498,1477
1469,1514
1462,1576
1533,1542
1541,1580
1605,1632
1577,1665
1642,1721
1659,1721
1654,1707
1709,1757
1733,1732
1746,1800
1767,1804
1801,1844
1830,1821
1846,1828
1822,1832
1827,1788
1870,1839
1814,1834
1888,1816
1844,1773
1856,1796
1774,1762
1800,1761
1763,1794
1756,1693
1756,1672
1728,1616
1674,1611
1630,1591
1611,1603
1567,1549
1562,1521
1526,1512
1539,1456
1493,1457
1484,1426
1407,1368
1419,1383
1338,1350
1380,1370
1329,1346
1355,1406
1370,1368
1350,1363
1339,1434
1350,1437
1383,1420
1386,1459
1403,1444
1426,1441
1403,1496
1416,1499
1514,1563
1509,1576
1567,1570
1546,1583
1615,1656
1620,1687
1585,1705
1733,1718
1683,1727
1709,1744
1791,1761
1749,1758
1806,1789
1781,1785
1856,1799
1806,1866
1842,1832
1828,1778
1869,1808
1809,1857
1832,1816
1810,1797
1814,1783
1878,1752
1746,1754
1766,1700
1730,1753
1739,1678
1707,1655
1714,1629
1643,1605
1599,1542
1597,1534
1564,1522
1536,1485
1540,1480
1517,1450
1452,1446
1443,1391
1387,1403
1394,1416
1380,1404
1315,1369
1337,1331
1335,1360
1372,1407
1334,1386
1368,1400
1342,1416
1401,1418
1349,1421
1380,1447
1453,1487
1471,1500
1501,1540
1507,1571
1526,1608
1539,1592
1575,1637
1605,1671
1652,1688
1707,1705
1696,1792
1685,1745
1752,1741
1758,1790
1737,1770
1841,1818
1794,1805
1798,1782
1851,1872
1867,1835
1836,1792
1779,1817
1884,1847
1809,1758
1853,1810
1799,1739
1803,1739
1784,1771
1737,1672
1721,1685
1646,1657
1650,1604
1633,1557
1610,1577
1607,1565
1578,1542
1528,1483
1513,1506
1450,1430
1476,1419
1437,1414
1383,1436
1382,1351
1388,1346
1398,1378
1385,1372
1375,1394
1329,1368
1365,1432
1407,1359
1389,1395
1373,1408
1376,1452
1423,1473
1444,1484
1510,1499
1503,1567
1541,1568
1543,1582
1602,1604
1601,1616
1589,1676
1577,1721
1630,1708
1703,1685
1691,1724
1704,1741
1767,1798
1785,1799
1820,1810
1798,1831
1851,1848
1764,1832
1861,1800
1857,1838
1878,1832
1766,1781
1838,1792
1861,1814
1841,1723
1770,1747
1746,1685
1744,1664
1713,1686
1685,1646
1647,1596
1631,1595
1617,1525
1558,1533
1574,1502
1552,1532
1530,1467
1464,1444
1433,1409
1418,1388
1424,1413
1351,1393
1392,1334
1325,1390
1366,1389
1371,1377
1330,1362
1391,1405
1376,1426
1342,1425
1384,1414
1404,1474
1380,1449
1434,1467
1450,1521
1499,1576
1515,1556
1515,1611
1577,1574
1600,1660
1632,1657
1653,1675
1688,1708
1687,1727
1709,1802
1748,1723
1787,1804
1786,1803
1824,1827
1810,1820
1843,1776
1865,1842
1878,1816
1856,1789
1821,1789
1820,1784
1853,1795
1812,1765
1781,1760
1749,1692
1729,1686
1710,1683
1673,1651
1714,1617
1652,1625
1626,1574
1589,1563
1530,1554
1512,1510
1521,1490
1512,1473
1411,1427
1400,1432
1423,1376
1405,1404
1409,1403
1389,1363
1367,1330
1360,1382
1372,1382
1350,1403
1339,1400
1346,1374
1377,1399
1411,1455
1377,1447
1408,1489
1440,1483
1470,1577
1491,1526
1523,1600
1542,1585
1576,1660
1590,1656
1653,1680
1705,1674
1712,1728
1747,1749
1770,1748
1736,1773
1805,1778
1832,1808
1822,1801
1846,1818
1860,1808
1831,1818
1859,1796
1831,1825
1915,1821
1858,1841
1790,1781
1763,1778
1779,1766
1801,1723
1794,1704
1741,1671
1646,1623
1620,1600
1613,1574
1585,1565
1601,1528
1570,1518
1535,1467
1496,1487
1423,1469
1452,1428
1414,1404
1437,1370
1357,1407
1365,1323
1357,1404
1379,1383
1339,1372
1353,1342
1328,1393
1377,1381
1354,1379
1370,1405
1376,1423
1447,1477
1420,1571
1500,1493
1496,1488
1509,1515
1607,1595
1608,1599
1562,1677
1611,1662
1695,1717
1712,1692
1687,1710
1714,1773
1773,1753
1762,1776
1799,1778
1806,1790
1803,1824
1810,1820
1849,1777
1865,1775
1858,1803
1845,1795
1784,1793
1785,1759
1807,1782
1798,1774
1809,1726
1724,1705
1710,1681
1669,1605
1666,1599
1632,1626
1633,1566
1582,1546
1536,1550
1482,1488
1524,1459
1471,1496
1425,1414
1406,1427
1421,1404
1383,1411
1365,1372
1383,1353
1330,1361
1355,1385
1360,1397
1314,1406
1370,1432
1409,1448
1380,1430
1364,1450
1395,1470
1427,1507
1498,1538
1457,1565
1495,1597
1521,1626
1571,1604
1639,1652
1638,1655
1661,1738
1689,1713
1738,1735
1722,1787
1748,1764
1725,1786
1831,1799
1796,1807
1802,1837
1865,1839
1883,1842
1844,1839
1808,1813
1858,1812
1837,1817
1863,1741
1813,1757
1753,1728
1803,1699
1759,1686
1727,1692
1671,1656
1690,1577
1614,1610
1563,1569
1573,1550
1580,1497
1476,1460
1473,1463
1450,1447
1446,1439
1417,1413
1450,1434
1377,1403
1379,1394
1373,1383
1391,1356
1302,1371
1334,1380
1313,1435
1394,1425
1394,1406
1382,1442
1480,1414
1421,1465
1467,1503
1513,1542
1529,1533
1492,1540
1576,1631
1617,1610
1635,1666
1669,1640
1672,1715
1686,1727
1672,1725
1705,1772
1766,1776
1790,1825
1844,1780
1799,1825
1814,1798
1881,1840
1842,1814
1828,1821
1865,1843
1841,1772
1820,1785
1831,1810
1790,1752
1807,1743
1771,1721
1741,1678
1742,1636
1712,1594
1673,1582
1607,1641
1581,1570
1561,1572
1542,1486
1486,1466
1432,1462
1455,1462
1410,1414
1415,1382
1427,1419
1390,1398
1421,1385
1360,1375
1428,1391
1394,1407
1295,1393
1369,1404
1385,1456
1380,1434
1367,1466
1413,1431
1441,1500
1455,1502
1463,1500
1494,1544
1505,1603
1547,1626
1580,1631
1578,1675
1680,1714
1687,1725
1667,1752
1707,1737
1728,1738
1746,1781
1779,1783
1802,1788
1763,1816
1782,1818
1828,1795
1810,1812
1846,1818
1852,1839
1765,1821
1835,1755
1828,1753
1753,1738
1728,1735
1732,1715
1719,1658
1754,1661
1640,1625
1609,1555
1631,1603
1575,1541
1625,1525
1585,1456
1515,1487
1475,1475
1446,1446
1457,1437
1432,1395
1404,1428
1375,1347
1338,1385
1365,1397
1385,1379
1369,1371
1380,1399
1372,1380
1430,1413
1403,1462
1444,1525
1455,1469
1481,1521
1488,1504
1471,1545
1490,1581
1537,1637
1598,1645
1673,1655
1658,1660
1625,1696
1694,1756
1650,1746
1747,1777
1792,1795
1786,1793
1822,1772
1792,1806
1832,1823
1863,1801
1868,1839
1810,1858
1877,1812
1799,1812
1803,1740
1806,1755
1814,1719
1788,1729
1778,1695
1700,1703
1698,1676
1647,1590
1618,1579
1609,1567
1592,1541
1527,1517
1471,1485
1530,1512
1491,1503
1465,1435
1477,1387
1460,1404
1396,1406
1414,1408
1362,1384
1370,1388
1354,1362
1389,1380
1366,1418
1362,1381
1400,1409
1410,1428
1466,1441
1422,1462
1427,1497
1485,1548
1525,1556
1458,1571
1554,1566
1590,1639
1607,1634
1643,1677
1666,1668
1698,1706
1691,1737
1700,1792
1749,1747
1777,1787
1789,1797
1812,1779
1817,1806
1799,1827
1824,1812
1849,1812
1804,1823
1797,1793
1823,1764
1802,1730
1805,1727
1719,1702
1742,1696
1736,1698
1678,1656
1698,1598
1658,1613
1603,1608
1582,1527
1580,1539
1543,1488
1490,1504
1489,1475
1474,1444
1466,1453
1406,1406
1338,1384
1374,1402
1418,1421
1401,1398
1358,1405
1348,1424
1422,1402
1390,1424
1403,1397
1448,1440
1418,1481
1441,1530
1449,1474
1510,1504
1562,1561
1518,1597
1571,1577
1557,1632
1650,1625
1680,1662
1704,1690
1682,1729
1708,1762
1765,1722
1755,1764
1745,1791
1795,1775
1782,1809
1823,1841
1798,1825
1813,1797
1815,1854
1847,1810
1852,1748
1747,1745
1785,1742
1800,1756
1745,1701
1741,1732
1677,1712
1702,1623
1643,1627
1637,1587
1597,1583
1606,1491
1561,1482
1523,1493
1528,1506
1466,1462
1468,1480
1446,1426
1428,1473
1361,1377
1427,1375
1375,1352
1365,1393
1339,1394
1414,1420
1389,1443
1427,1397
1390,1460
1413,1430
1409,1489
1447,1473
1465,1527
1518,1547
1528,1549
1574,1616
1599,1638
1609,1650
1634,1659
1674,1665
1684,1733
1696,1737
1741,1773
1764,1744
1761,1777
1755,1804
1767,1788
1819,1771
1837,1761
1867,1788
1821,1794
1822,1788
1789,1790
1866,1744
1806,1778
1802,1795
1758,1706
1742,1714
1703,1662
1689,1638
1719,1577
1638,1626
1593,1495
1569,1562
1533,1529
1548,1515
1550,1462
1472,1486
1447,1414
1390,1419
1434,1416
1435,1428
1316,1426
1396,1358
1415,1396
1415,1379
1406,1400
1432,1410
1414,1413
1373,1465
1418,1429
1475,1503
1487,1533
1436,1506
1495,1519
1536,1547
1577,1607
1532,1644
1595,1656
1584,1628
1668,1678
1713,1711
1725,1748
1744,1772
1759,1756
1769,1799
1777,1750
1814,1762
1809,1756
1804,1807
1844,1800
1794,1788
1835,1754
1812,1804
1805,1820
1790,1744
1794,1792
1756,1683
1722,1692
1742,1724
1687,1647
1656,1577
1626,1591
1667,1604
1572,1516
1531,1518
1543,1455
1502,1491
1446,1443
1454,1473
1465,1449
1435,1423
1391,1404
1427,1411
1391,1385
1399,1431
1403,1374
1355,1374
1420,1419
1405,1432
1448,1402
1402,1471
1441,1477
1403,1486
1480,1504
1469,1502
1508,1568
1566,1573
1575,1639
1593,1630
1609,1644
1647,1706
1712,1669
1707,1748
1714,1779
1734,1785
1757,1741
1766,1797
1822,1805
1829,1787
1800,1776
1815,1821
1818,1786
1821,1805
1876,1776
1820,1761
1766,1783
1792,1745
1749,1723
1747,1671
1688,1715
1657,1650
1680,1603
1647,1586
1567,1571
1561,1548
1577,1519
1524,1498
1538,1522
1504,1460
1472,1438
1422,1412
1406,1378
1394,1395
1331,1344
1355,1386
1404,1385
1363,1421
1358,1392
1371,1442
1427,1437
1400,1447
1478,1449
1466,1513
1449,1528
1430,1529
1520,1565
1546,1586
1585,1596
1588,1659
1595,1628
1612,1661
1668,1703
1683,1706
1713,1692
1794,1781
1753,1796
1781,1760
1757,1785
1817,1791
1799,1804
1776,1780
1837,1796
1795,1756
1807,1793
1795,1750
1774,1724
1757,1733
1766,1695
1715,1735
1709,1639
1723,1590
1646,1626
1635,1609
1594,1555
1599,1569
1545,1528
1531,1492
1497,1456
1458,1516
1444,1480
1424,1427
1382,1390
1405,1409
1427,1431
1391,1426
1416,1423
1449,1424
1398,1411
1443,1450
1380,1442
1452,1422
1443,1464
1466,1486
1476,1505
1466,1539
1477,1599
1545,1615
1583,1634
1566,1569
1649,1646
1628,1673
1625,1706
1671,1746
1671,1728
1719,1749
1750,1804
1814,1789
1751,1758
1807,1814
1808,1794
1783,1817
1786,1790
1827,1799
1824,1811
1796,1746
1815,1737
1760,1715
1775,1776
1763,1703
1721,1660
1726,1629
1659,1662
1638,1570
1619,1512
1578,1525
1584,1562
1596,1502
1515,1513
1481,1475
1492,1491
1451,1432
1417,1393
1429,1449
1405,1379
1434,1381
1393,1456
1363,1412
1391,1454
1354,1427
1397,1434
1449,1461
1451,1457
1411,1505
1480,1528
1509,1522
1519,1562
1497,1578
1569,1593
1598,1635
1573,1678
1608,1692
1655,1646
1681,1762
1722,1675
1773,1751
1739,1721
1785,1800
1774,1777
1764,1731
1807,1815
1841,1823
1851,1767
1753,1830
1832,1799
1813,1757
1795,1742
1809,1725
1749,1661
1702,1723
1711,1676
1713,1645
1660,1626
1628,1587
1628,1564
1620,1554
1522,1562
1577,1457
1495,1417
1487,1464
1420,1439
1448,1422
1410,1426
1431,1462
1428,1416
1423,1405
1373,1452
1427,1400
1355,1394
1345,1430
1368,1422
1459,1452
1420,1498
1487,1507
1433,1526
1535,1548
1534,1516
1500,1598
1540,1602
1560,1627
1652,1640
1659,1657
1676,1697
1708,1698
1701,1685
1755,1701
1755,1800
1815,1755
1833,1750
1812,1776
1810,1789
1754,1769
1803,1779
1799,1820
1812,1749
1786,1731
1786,1768
1733,1732
1732,1717
1702,1652
1684,1656
1711,1651
1643,1609
1621,1592
1608,1571
1578,1514
1567,1510
1560,1500
1501,1459
1465,1454
1492,1466
1433,1408
1426,1439
1381,1381
1418,1426
1425,1427
1324,1418
1429,1443
1386,1387
1440,1451
1389,1440
1407,1497
1423,1475
1480,1555
1466,1506
1511,1554
1511,1518
1584,1631
1603,1642
1637,1625
1663,1649
1669,1706
1689,1707
1718,1723
1746,1707
1769,1745
1781,1796
1759,1779
1845,1760
1750,1800
1830,1785
1793,1804
1780,1773
1792,1721
1794,1774
1775,1763
1701,1697
1724,1721
1678,1701
1712,1701
1673,1638
1604,1584
1628,1582
1621,1603
1570,1558
1530,1524
1542,1501
1520,1476
1463,1466
1429,1469
1434,1437
1404,1424
1440,1428
1435,1414
1402,1376
1383,1396
1416,1417
1426,1471
1384,1444
1416,1459
1412,1435
1477,1473
1477,1525
1478,1561
1506,1516
1539,1582
1520,1626
1623,1592
1616,1647
1619,1678
1656,1721
1669,1743
1740,1717
1762,1739
1713,1737
1773,1791
1803,1738
1785,1831
1800,1775
1789,1781
1831,1788
1819,1801
1755,1793
1775,1752
1776,1753
1770,1746
1715,1697
1738,1677
1708,1649
1677,1658
1642,1629
1632,1549
1587,1576
1614,1520
1512,1497
1521,1504
1493,1495
1467,1454
1487,1460
1399,1451
1438,1418
1419,1396
1397,1377
1304,1456
1410,1447
1394,1438
1392,1467
1398,1470
1430,1449
1451,1495
1476,1494
1465,1504
1504,1526
1509,1561
1550,1576
1555,1616
1608,1638
1654,1677
1644,1699
1681,1668
1696,1712
1728,1712
1741,1756
1797,1795
1802,1780
1761,1770
1731,1772
1760,1779
1770,1757
1799,1784
1801,1728
1781,1743
1837,1699
1764,1739
1730,1696
1730,1695
1785,1663
1675,1640
1684,1607
1646,1583
1595,1561
1557,1577
1523,1552
1544,1487
1527,1498
1477,1489
1451,1456
1472,1427
1432,1470
1408,1457
1442,1379
1396,1418
1395,1429
1382,1399
1443,1445
1441,1437
1398,1497
1415,1455
1438,1505
1468,1492
1462,1544
1476,1539
1525,1538
1579,1618
1618,1596
1609,1648
1648,1667
1698,1699
1653,1710
1707,1704
1743,1715
1729,1781
1797,1731
1819,1762
1816,1776
1815,1739
1752,1731
1821,1774
1754,1766
1728,1750
1778,1759
1765,1775
1757,1726
1754,1679
1729,1636
1710,1669
1644,1611
1633,1610
1623,1583
1612,1544
1568,1530
1579,1516
1511,1525
1506,1455
1438,1426
1463,1452
1450,1461
1419,1431
1372,1462
1386,1423
1409,1441
1389,1389
1403,1408
1414,1462
1421,1490
1457,1476
1458,1448
1455,1547
1475,1559
1496,1542
1527,1557
1567,1600
1603,1617
1599,1590
1679,1632
1611,1686
1697,1744
1686,1732
1770,1726
1709,1754
1711,1773
1773,1768
1796,1754
1842,1791
1811,1796
1769,1736
1784,1751
1793,1750
1775,1764
1730,1692
1753,1697
1754,1694
1737,1667
1647,1669
1620,1597
1593,1602
1637,1577
1646,1594
1536,1515
1539,1486
1504,1550
1483,1480
1469,1432
1447,1466
1486,1436
1427,1465
1360,1407
1453,1446
1418,1393
1419,1401
1408,1411
1430,1443
1421,1463
1439,1465
1496,1508
1497,1530
1498,1524
1528,1568
1527,1628
1557,1566
1566,1647
1602,1641
1614,1686
1648,1638
1661,1666
1701,1710
1671,1733
1731,1763
1721,1783
1789,1780
1761,1731
1789,1753
1763,1794
1837,1813
1785,1739
1775,1759
1785,1757
1793,1681
1734,1708
1760,1675
1708,1663
1652,1626
1669,1588
1602,1593
1561,1537
1583,1490
1524,1541
1483,1525
1497,1494
1448,1446
1483,1447
1443,1449
1441,1469
1389,1409
1386,1395
1443,1392
1368,1415
1394,1430
1388,1458
1387,1493
1434,1466
1431,1476
1459,1535
1495,1535
1509,1548
1521,1565
1539,1631
1617,1602
1620,1664
1637,1691
1678,1679
1637,1727
1673,1736
1764,1694
1762,1764
1751,1791
1757,1826
1782,1786
1754,1796
1789,1807
1785,1775
1786,1755
1751,1767
1765,1743
1799,1712
1739,1728
1700,1728
1708,1655
1627,1616
1662,1615
1655,1591
1617,1561
1652,1549
1520,1500
1553,1535
1551,1448
1464,1483
1486,1467
1407,1470
1420,1432
1424,1427
1443,1407
1414,1411
1453,1474
1381,1432
1397,1435
1394,1453
1425,1427
1462,1504
1495,1478
1503,1551
1466,1546
1527,1556
1579,1592
1561,1657
1590,1605
1617,1597
1654,1714
1647,1687
1728,1662
1778,1711
1743,1743
1753,1713
1823,1726
1760,1771
1787,1756
1751,1798
1790,1777
1766,1770
1774,1803
1793,1777
1763,1724
1749,1726
1718,1684
1731,1664
1668,1682
1644,1621
1619,1596
1596,1599
1579,1538
1560,1571
1541,1483
1517,1494
1415,1452
1456,1475
1433,1476
1484,1462
1429,1407
1418,1422
1472,1399
1380,1435
1406,1424
1361,1449
1425,1438
1376,1431
1399,1465
1429,1486
1464,1563
1515,1542
1539,1552
1550,1569
1590,1596
1659,1620
1592,1624
1639,1683
1689,1729
1683,1752
1715,1782
1686,1745
1697,1747
1792,1773
1801,1786
1799,1769
1818,1750
1786,1754
1794,1777
1790,1741
1742,1715
1739,1713
1744,1728
1715,1675
1684,1630
1683,1612
1683,1621
1642,1556
1599,1548
1572,1552
1538,1532
1561,1489
1525,1488
1497,1469
1468,1475
1490,1427
1371,1430
1487,1407
1401,1445
1367,1433
1446,1453
1431,1401
1441,1432
1409,1432
1439,1418
1450,1494
1461,1562
1517,1571
1506,1534
1544,1570
1595,1629
1630,1610
1641,1617
1645,1659
1674,1680
1703,1717
1685,1738
1728,1736
1705,1766
1705,1740
1794,1770
1788,1757
1818,1754
1758,1750
1778,1784
1765,1731
1782,1735
1766,1739
1767,1717
1726,1651
1729,1645
1695,1670
1654,1646
1648,1616
1634,1572
1602,1532
1520,1564
1519,1468
1480,1501
1426,1511
1461,1429
1439,1460
1477,1474
1424,1421
1442,1415
1414,1416
1380,1413
1397,1439
1412,1470
1409,1440
1396,1451
1446,1477
1478,1504
1497,1546
1490,1515
1527,1576
1565,1573
1552,1595
1614,1632
1645,1674
1621,1694
1647,1712
1715,1728
1738,1711
1735,1801
1772,1730
1804,1756
1827,1758
1775,1816
1810,1781
1791,1735
1776,1711
1758,1708
1819,1701
1780,1736
1686,1686
1689,1674
1659,1653
1706,1610
1651,1611
1615,1578
1562,1583
1551,1535
1540,1528
1551,1505
1504,1522
1510,1466
1467,1462
1445,1462
1430,1444
1398,1419
1393,1445
1440,1357
1420,1431
1430,1470
1437,1474
1358,1479
1471,1470
1515,1443
1426,1573
1493,1584
1520,1575
1553,1610
1599,1583
1626,1660
1664,1671
1662,1672
1707,1700
1739,1707
1726,1754
1747,1740
1773,1763
1779,1785
1797,1787
1776,1764
1772,1771
1810,1762
1775,1740
1795,1707
1788,1725
1751,1713
1723,1704
1720,1694
1720,1608
1673,1605
1676,1602
1569,1577
1604,1596
1556,1535
1569,1487
1476,1529
1494,1501
1454,1502
1452,1454
1462,1452
1408,1421
1398,1461
1347,1441
1406,1411
1385,1441
1458,1450
1409,1457
1444,1474
1435,1480
1496,1519
1487,1552
1496,1541
1556,1546
1574,1617
1603,1616
1585,1645
1660,1649
1699,1666
1692,1723
1706,1753
1737,1745
1749,1746
1779,1765
1766,1805
1793,1762
1786,1794
1803,1771
1802,1796
1828,1771
1754,1729
1760,1737
1699,1726
1771,1689
1723,1665
1664,1618
1646,1618
1598,1626
1605,1596
1575,1503
1603,1534
1588,1534
1535,1489
1496,1460
1456,1447
1492,1435
1433,1435
1397,1422
1416,1453
1399,1453
1341,1412
1392,1462
1416,1453
1464,1464
1431,1494
1483,1495
1481,1534
1501,1569
1493,1597
1561,1589
1536,1633
1593,1624
1605,1626
1653,1720
1719,1685
1703,1727
1728,1728
1725,1755
1697,1795
1802,1795
1747,1793
1792,1729
1783,1761
1805,1768
1766,1716
1811,1738
1799,1717
1765,1707
1711,1690
1716,1699
1669,1684
1686,1629
1679,1585
1614,1595
1573,1582
1566,1525
1547,1508
1495,1497
1474,1481
1493,1469
1442,1469
1468,1474
1469,1401
1366,1422
1378,1451
1417,1382
1367,1407
1412,1438
1442,1433
1434,1405
1465,1495
1508,1495
1465,1480
1497,1528
1534,1552
1556,1570
1583,1654
1607,1708
1619,1657
1675,1696
1696,1730
1710,1703
1716,1733
1709,1779
1777,1794
1790,1789
1805,1765
1818,1766
1828,1763
1763,1751
1775,1759
1776,1721
1732,1730
1722,1722
1790,1648
1711,1659
1709,1664
1632,1598
1594,1588
1564,1616
1537,1551
1585,1489
1551,1475
1516,1503
1429,1478
1479,1454
1417,1436
1395,1438
1472,1436
1410,1392
1415,1425
1402,1419
1405,1436
1403,1476
1442,1447
1409,1484
1475,1524
1473,1573
1511,1525
1576,1589
1526,1602
1592,1653
1660,1642
1637,1666
1670,1670
1694,1719
1705,1747
1764,1736
1788,1747
1748,1799
1814,1788
1799,1804
1802,1786
1795,1782
1806,1763
1871,1748
1781,1708
1767,1768
1760,1683
1725,1724
1698,1622
1654,1660
1702,1597
1628,1575
1594,1603
1599,1548
1545,1500
1529,1465
1500,1450
1454,1468
1485,1440
1395,1432
1452,1381
1409,1413
1386,1421
1372,1416
1390,1420
1379,1424
1414,1468
1415,1456
1453,1480
1498,1527
1531,1557
1522,1575
1569,1544
1537,1585
1576,1618
1624,1671
1655,1651
1662,1693
1717,1701
1706,1736
1700,1746
1741,1764
1803,1767
1789,1807
1789,1738
1800,1779
1790,1808
1776,1755
1767,1754
1782,1731
1744,1722
1702,1683
1737,1643
1719,1677
1638,1645
1633,1575
1598,1564
1568,1564
1580,1565
1510,1522
1483,1474
1465,1477
1457,1475
1460,1468
1422,1423
1430,1437
1399,1416
1449,1449
1421,1417
1450,1401
1444,1429
1342,1500
1446,1472
1466,1509
1447,1518
1506,1552
1534,1590
1501,1616
1542,1651
1620,1622
1632,1634
1614,1691
1686,1696
1695,1720
1713,1747
1767,1720
1766,1743
1755,1794
1766,1769
1824,1765
1790,1771
1800,1796
1778,1730
1821,1783
1732,1688
1778,1704
1753,1737
1688,1689
1679,1669
1651,1650
1607,1582
1621,1555
1640,1582
1563,1542
1534,1491
1469,1444
1480,1441
1467,1433
1423,1426
1436,1415
1414,1402
1366,1447
1371,1487
1397,1440
1429,1451
1416,1453
1482,1462
1460,1452
1464,1473
1520,1524
1508,1565
1502,1559
1557,1579
1583,1600
1664,1650
1673,1660
1686,1693
1706,1741
1768,1774
1706,1738
1791,1751
1832,1781
1764,1743
1783,1765
1790,1717
1817,1738
1754,1797
1795,1744
1751,1736
1771,1707
1757,1681
1732,1658
1680,1664
1685,1636
1638,1601
1663,1581
1593,1535
1580,1554
1512,1475
1531,1469
1510,1455
1466,1491
1436,1471
1418,1424
1411,1410
1402,1422
1401,1383
1376,1438
1422,1433
1408,1451
1456,1472
1506,1488
1408,1544
1436,1506
1503,1562
1461,1587
1521,1587
1569,1697
1586,1644
1632,1650
1669,1724
1690,1698
1704,1719
1761,1722
1746,1747
1787,1814
1781,1755
1803,1769
1815,1749
1796,1750
1708,1794
1746,1747
1798,1756
1758,1747
1770,1755
1719,1664
1688,1668
1655,1665
1659,1606
1621,1585
1593,1554
1542,1570
1505,1485
1484,1472
1464,1463
1452,1459
1443,1433
1476,1432
1428,1411
1424,1416
1394,1392
1401,1424
1401,1388
1420,1492
1415,1490
1427,1473
1456,1482
1488,1522
1549,1537
1524,1538
1580,1588
1556,1614
1651,1632
1623,1689
1640,1654
1714,1698
1695,1709
1790,1679
1721,1748
1731,1755
1826,1819
1794,1767
1861,1757
1799,1793
1777,1778
1751,1732
1776,1744
1738,1675
1805,1729
1718,1663
1680,1658
1683,1624
1612,1625
1619,1589
1617,1559
1601,1553
1544,1514
1532,1474
1469,1448
1473,1469
1448,1432
1437,1393
1408,1426
1447,1399
1333,1410
1378,1441
1404,1397
1416,1416
1402,1414
1452,1466
1406,1514
1450,1535
1497,1586
1529,1593
1546,1575
1591,1631
1642,1636
1634,1663
1679,1669
1675,1753
1743,1746
1711,1771
1743,1766
1761,1725
1784,1781
1780,1784
1772,1751
1804,1800
1783,1736
1809,1743
1786,1711
1761,1721
1739,1700
1676,1667
1695,1651
1648,1616
1640,1577
1609,1571
1615,1507
1534,1525
1494,1503
1504,1491
1487,1498
1483,1450
1465,1444
1448,1387
1428,1413
1385,1419
1448,1445
1375,1421
1432,1459
1411,1433
1428,1452
1461,1513
1462,1490
1544,1532
1518,1554
1560,1586
1547,1599
1578,1611
1602,1656
1603,1656
1655,1679
1663,1730
1776,1736
1756,1739
1757,1761
1818,1765
1781,1760
1806,1776
1800,1779
1847,1780
1813,1719
1804,1775
