ch1,ch2
1462,1467
1520,1466
1434,1474
1454,1490
1471,1479
1452,1452
1456,1478
1461,1472
1446,1501
1470,1471
1490,1477
1482,1463
1481,1482
1485,1475
1477,1513
1476,1524
1462,1531
1483,1488
1429,1495
1488,1526
1515,1477
1490,1500
1469,1516
1487,1513
1490,1507
1511,1532
1508,1503
1489,1520
1522,1516
1487,1531
1518,1533
1524,1525
1508,1504
1520,1514
1516,1500
1544,1525
1503,1536
1505,1560
1529,1515
1516,1526
1495,1520
1514,1532
1488,1520
1551,1537
1519,1511
1497,1513
1553,1526
1530,1561
1536,1521
1537,1535
1530,1527
1518,1564
1515,1541
1540,1521
1550,1539
1514,1539
1513,1505
1559,1523
1539,1556
1546,1515
1509,1507
1594,1522
1571,1538
1531,1542
1542,1542
1545,1542
1544,1514
1509,1524
1574,1513
1540,1511
1556,1533
1536,1555
1560,1535
1536,1547
1541,1525
1527,1556
1572,1509
1566,1517
1538,1507
1569,1535
1553,1512
1522,1521
1554,1507
1526,1519
1547,1531
1529,1527
1545,1526
1552,1543
1545,1537
1539,1553
1524,1535
1571,1528
1545,1525
1527,1533
1539,1553
1500,1522
1524,1519
1524,1529
1532,1523
1548,1497
1553,1501
1534,1510
1525,1507
1500,1535
1557,1520
1523,1504
1527,1519
1501,1525
1517,1514
1527,1515
1508,1496
1550,1532
1538,1514
1541,1501
1525,1498
1498,1481
1511,1478
1523,1471
1522,1512
1502,1490
1511,1490
1507,1471
1495,1512
1496,1478
1516,1511
1523,1510
1520,1465
1469,1480
1490,1479
1498,1468
1508,1494
1481,1475
1487,1474
1480,1475
1509,1472
1459,1438
1473,1441
1457,1466
1485,1471
1447,1474
1440,1445
1457,1448
1500,1464
1474,1462
1465,1487
1472,1468
1446,1437
1476,1439
1478,1428
1476,1451
1496,1422
1482,1446
1449,1427
1477,1409
1429,1408
1437,1437
1451,1397
1414,1425
1467,1434
1429,1403
1439,1434
1437,1421
1415,1420
1406,1445
1428,1407
1439,1432
1404,1419
1403,1412
1388,1401
1427,1417
1445,1381
1405,1393
1412,1419
1413,1408
1429,1402
1401,1399
1385,1369
1390,1388
1401,1381
1387,1352
1413,1422
1395,1353
1386,1400
1380,1404
1389,1394
1389,1373
1386,1414
1400,1405
1379,1420
1383,1390
1345,1387
1394,1379
1398,1398
1395,1388
1410,1363
1383,1338
1372,1383
1361,1393
1412,1375
1388,1374
1394,1360
1355,1383
1405,1375
1369,1348
1368,1351
1380,1362
1391,1325
1350,1355
1366,1363
1355,1371
1342,1378
1372,1375
1378,1380
1346,1350
1356,1342
1358,1384
1342,1353
1348,1390
1375,1374
1346,1376
1333,1363
1381,1352
1370,1360
1404,1359
1361,1364
1362,1382
1331,1372
1366,1405
1345,1374
1311,1338
1298,1391
1368,1370
1364,1374
1344,1361
1359,1352
1341,1366
1358,1347
1344,1327
1346,1392
1363,1337
1338,1388
1367,1366
1363,1376
1376,1360
1385,1381
1406,1376
1362,1347
1375,1372
1332,1350
1387,1369
1326,1356
1388,1386
1360,1406
1347,1391
1360,1399
1350,1400
1359,1395
1376,1374
1371,1395
1373,1392
1398,1402
1386,1394
1392,1396
1382,1410
1391,1404
1393,1401
1376,1412
1380,1399
1344,1409
1367,1421
1372,1401
1365,1394
1371,1428
1401,1415
1377,1398
1382,1434
1398,1419
1407,1433
1389,1437
1413,1405
1364,1456
1410,1422
1418,1426
1408,1463
1389,1427
1412,1426
1424,1426
1421,1460
1417,1441
1419,1457
1387,1448
1420,1455
1428,1467
1458,1422
1432,1454
1452,1404
1418,1441
1426,1434
1427,1448
1402,1454
1449,1451
1439,1458
1435,1444
1461,1451
1451,1499
1444,1449
1485,1450
1445,1480
1437,1474
1434,1488
1431,1503
1472,1497
1460,1483
1488,1460
1498,1497
1469,1480
1461,1490
1461,1474
1484,1495
1478,1496
1469,1490
1511,1486
1458,1489
1482,1488
1465,1477
1515,1501
1498,1485
1497,1505
1482,1500
1480,1506
1472,1500
1516,1490
1494,1501
1486,1487
1515,1491
1497,1511
1487,1493
1505,1507
1456,1522
1450,1506
1529,1499
1506,1558
1525,1505
1538,1494
1512,1512
1534,1546
1534,1482
1501,1540
1537,1533
1551,1506
1529,1540
1533,1530
1542,1535
1546,1501
1566,1531
1543,1544
1521,1527
1495,1520
1512,1519
1542,1540
1536,1532
1544,1534
1554,1523
1510,1513
1550,1558
1558,1569
1584,1566
1545,1542
1533,1516
1549,1533
1502,1551
1532,1523
1532,1553
1562,1542
1564,1546
1550,1536
1560,1520
1550,1531
1506,1523
1542,1530
1518,1560
1571,1516
1494,1552
1541,1522
1577,1548
1522,1497
1550,1523
1528,1509
1562,1530
1565,1547
1521,1516
1560,1534
1540,1553
1493,1553
1553,1522
1546,1497
1534,1537
1556,1541
1524,1541
1539,1515
1493,1514
1533,1507
1503,1528
1488,1529
1538,1545
1539,1519
1550,1487
1517,1497
1543,1498
1530,1521
1542,1526
1528,1519
1535,1514
1559,1490
1545,1506
1538,1496
1525,1495
1519,1516
1515,1493
1499,1501
1540,1509
1538,1486
1547,1472
1492,1486
1532,1483
1510,1496
1484,1477
1523,1512
1501,1472
1500,1483
1548,1508
1508,1511
1508,1468
1512,1488
1499,1467
1524,1472
1524,1469
1510,1456
1504,1447
1485,1460
1492,1473
1494,1443
1480,1465
1481,1475
1477,1462
1467,1440
1430,1428
1474,1501
1450,1475
1469,1442
1461,1463
1477,1434
1486,1453
1447,1451
1438,1435
1460,1433
1433,1448
1462,1438
1440,1437
1447,1446
1453,1429
1465,1407
1422,1411
1426,1416
1453,1409
1448,1412
1418,1432
1461,1423
1456,1433
1431,1421
1441,1408
1402,1398
1401,1438
1430,1406
1421,1404
1399,1390
1431,1413
1443,1417
1397,1403
1426,1376
1392,1415
1417,1410
1415,1429
1391,1382
1386,1398
1414,1387
1385,1388
1389,1383
1353,1386
1409,1378
1384,1402
1384,1382
1371,1401
1379,1407
1365,1388
1364,1381
1377,1388
1388,1363
1384,1381
1342,1355
1376,1378
1378,1367
1381,1372
1374,1376
1367,1349
1364,1376
1374,1359
1367,1359
1384,1367
1353,1378
1396,1363
1406,1367
1368,1372
1355,1342
1368,1398
1395,1361
1374,1386
1356,1342
1351,1327
1357,1384
1372,1338
1377,1347
1381,1358
1330,1364
1386,1382
1323,1336
1368,1356
1370,1363
1350,1360
1352,1355
1340,1345
1354,1347
1384,1362
1327,1360
1376,1366
1355,1346
1327,1361
1343,1378
1359,1392
1368,1385
1330,1350
1354,1380
1327,1349
1377,1376
1345,1355
1336,1372
1356,1380
1364,1362
1337,1386
1366,1360
1361,1377
1365,1403
1378,1363
1363,1367
1365,1367
1333,1385
1361,1365
1357,1370
1357,1357
1332,1400
1332,1388
1350,1379
1349,1407
1346,1368
1384,1390
1336,1377
1366,1383
1363,1401
1357,1374
1343,1374
1381,1389
1392,1399
1343,1401
1365,1414
1393,1406
1336,1431
1386,1378
1368,1421
1374,1418
1397,1392
1396,1427
1380,1437
1424,1421
1398,1418
1434,1429
1403,1417
1422,1396
1416,1393
1399,1446
1383,1426
1415,1419
1405,1423
1394,1445
1413,1407
1414,1476
1395,1434
1425,1442
1406,1443
1438,1439
1430,1479
1432,1433
1457,1461
1387,1449
1418,1431
1434,1448
1406,1474
1463,1462
1467,1437
1449,1451
1442,1471
1472,1438
1456,1451
1450,1474
1442,1455
1422,1481
1454,1451
1476,1474
1473,1486
1484,1502
1475,1494
1466,1485
1430,1487
1480,1506
1451,1491
1456,1483
1441,1499
1495,1462
1439,1501
1460,1518
1471,1532
1475,1482
1511,1508
1477,1509
1493,1484
1510,1512
1464,1462
1524,1499
1529,1506
1504,1504
1496,1509
1526,1527
1504,1488
1497,1516
1508,1530
1511,1545
1521,1511
1493,1514
1536,1551
1516,1508
1496,1530
1537,1530
1515,1522
1561,1521
1513,1521
1531,1536
1554,1528
1544,1513
1531,1522
1498,1519
1509,1559
1558,1543
1491,1541
1496,1533
1537,1539
1519,1549
1552,1533
1547,1551
1544,1531
1495,1538
1544,1531
1523,1527
1546,1510
1514,1542
1564,1546
1566,1547
1533,1564
1539,1547
1555,1558
1534,1532
1525,1526
1531,1530
1548,1533
1582,1530
1530,1550
1562,1535
1552,1525
1531,1521
1543,1558
1511,1547
1553,1516
1561,1516
1573,1520
1524,1527
1532,1562
1558,1525
1508,1550
1557,1533
1552,1518
1550,1502
1538,1534
1547,1552
1549,1518
1564,1529
1549,1501
1545,1558
1524,1522
1527,1568
1527,1528
1539,1520
1547,1537
1551,1518
1518,1522
1537,1518
1549,1531
1554,1530
1544,1506
1551,1518
1530,1506
1542,1503
1512,1533
1539,1501
1510,1520
1539,1504
1500,1493
1522,1500
1528,1502
1530,1498
1504,1486
1510,1495
1520,1499
1491,1496
1483,1472
1502,1484
1529,1486
1521,1507
1502,1485
1514,1475
1511,1491
1518,1458
1499,1496
1481,1494
1463,1467
1509,1458
1495,1450
1498,1459
1486,1475
1488,1473
1491,1468
1489,1466
1486,1482
1512,1442
1466,1426
1485,1466
1470,1423
1501,1478
1462,1449
1461,1464
1454,1471
1475,1411
1477,1431
1469,1389
1479,1438
1460,1425
1463,1477
1461,1421
1425,1411
1425,1418
1472,1431
1465,1420
1443,1431
1416,1440
1459,1405
1441,1409
1449,1393
1428,1413
1425,1403
1442,1432
1390,1385
1415,1399
1424,1406
1438,1414
1428,1385
1399,1409
1407,1401
1390,1424
1399,1391
1393,1387
1410,1411
1398,1347
1399,1416
1425,1396
1384,1411
1429,1403
1398,1386
1399,1400
1399,1379
1385,1375
1389,1408
1383,1388
1395,1377
1405,1383
1363,1385
1392,1372
1375,1374
1374,1361
1370,1378
1357,1378
1400,1365
1391,1365
1366,1381
1382,1350
1379,1369
1387,1364
1355,1417
1373,1398
1373,1387
1333,1365
1330,1379
1361,1372
1381,1360
1368,1376
1353,1369
1360,1364
1316,1379
1355,1358
1351,1352
1339,1341
1308,1369
1389,1369
1345,1369
1344,1341
1348,1355
1377,1367
1380,1397
1330,1354
1348,1325
1345,1382
1350,1333
1349,1338
1370,1360
1350,1391
1360,1361
1360,1373
1343,1347
1336,1391
1335,1390
1381,1355
1333,1376
1354,1355
1317,1367
1345,1338
1352,1345
1378,1355
1353,1367
1318,1351
1340,1360
1390,1371
1387,1386
1383,1381
1328,1350
1339,1365
1366,1349
1360,1374
1360,1386
1364,1337
1378,1359
1364,1366
1395,1397
1369,1396
1360,1388
1365,1416
1392,1375
1354,1391
1373,1368
1353,1334
1379,1408
1368,1408
1410,1422
1366,1416
1383,1428
1382,1393
1402,1398
1363,1397
1382,1402
1380,1407
1420,1408
1382,1404
1388,1401
1382,1412
1383,1390
1400,1425
1370,1407
1387,1402
1360,1413
1401,1436
1407,1426
1395,1428
1409,1442
1408,1427
1388,1432
1363,1446
1411,1432
1426,1455
1415,1438
1417,1447
1460,1441
1448,1448
1440,1455
1443,1466
1441,1442
1439,1451
1443,1458
1429,1442
1471,1453
1442,1454
1455,1477
1435,1484
1491,1463
1455,1472
1473,1475
1461,1477
1426,1489
1471,1487
1466,1476
1484,1501
1487,1485
1462,1488
1472,1517
1446,1480
1465,1518
1483,1488
1475,1486
1476,1498
1497,1511
1485,1499
1453,1484
1483,1500
1482,1498
1500,1519
1523,1531
1491,1521
1479,1516
1489,1510
1506,1498
1526,1500
1494,1518
1512,1521
1503,1519
1504,1508
1541,1522
1510,1519
1529,1501
1537,1500
1527,1482
1504,1542
1503,1502
1518,1504
1531,1505
1502,1547
1540,1544
1508,1512
1545,1504
1538,1528
1546,1512
1554,1529
1534,1552
1506,1549
1551,1516
1560,1539
1537,1514
1514,1539
1519,1523
1540,1541
1547,1563
1548,1541
1561,1533
1550,1527
1554,1567
1545,1523
1546,1569
1550,1545
1580,1517
1559,1541
1534,1553
1547,1555
1533,1534
1567,1539
1543,1552
1532,1527
1563,1552
1521,1525
1542,1522
1556,1547
1550,1545
1540,1551
1560,1521
1584,1546
1542,1540
1544,1538
1523,1544
1589,1558
1581,1540
1546,1523
1530,1510
1540,1556
1530,1540
1541,1527
1560,1532
1532,1495
1555,1492
1538,1516
1556,1542
1532,1521
1526,1527
1524,1519
1542,1537
1549,1519
1543,1545
1543,1504
1565,1521
1547,1530
1547,1500
1560,1539
1500,1514
1525,1520
1541,1524
1514,1498
1522,1522
1547,1514
1516,1502
1570,1501
1494,1496
1495,1510
1525,1487
1536,1497
1519,1493
1504,1495
1532,1495
1489,1499
1489,1493
1508,1486
1513,1484
1510,1458
1484,1492
1488,1470
1491,1481
1483,1444
1478,1481
1487,1477
1543,1486
1529,1483
1472,1470
1490,1461
1495,1441
1461,1475
1476,1476
1476,1451
1475,1453
1490,1467
1498,1438
1499,1435
1452,1427
1472,1471
1459,1434
1482,1447
1473,1422
1427,1446
1439,1440
1454,1442
1409,1426
1435,1433
1431,1441
1435,1448
1476,1430
1435,1450
1410,1392
1455,1410
1442,1422
1455,1408
1453,1397
1395,1399
1410,1417
1413,1392
1410,1410
1462,1425
1439,1390
1417,1412
1448,1398
1432,1419
1401,1384
1381,1396
1392,1410
1418,1406
1385,1402
1394,1396
1393,1389
1395,1375
1395,1381
1398,1382
1378,1378
1377,1404
1384,1388
1399,1397
1376,1380
1382,1381
1393,1377
1395,1382
1375,1376
1383,1389
1386,1363
1367,1366
1384,1386
1399,1346
1377,1385
1370,1385
1391,1354
1367,1370
1378,1354
1385,1376
1334,1360
1341,1377
1384,1367
1332,1366
1368,1383
1338,1353
1398,1364
1362,1355
1332,1339
1353,1346
1350,1356
1367,1360
1358,1359
1355,1366
1332,1350
1320,1378
1324,1356
1335,1358
1347,1369
1344,1342
1390,1365
1335,1338
1335,1362
1370,1356
1323,1369
1349,1331
1345,1335
1354,1354
1366,1329
1370,1335
1346,1355
1358,1364
1342,1348
1358,1361
1357,1373
1343,1346
1343,1351
1322,1360
1342,1361
1345,1377
1352,1412
1352,1375
1328,1362
1362,1356
1376,1405
1364,1384
1344,1367
1340,1398
1355,1369
1356,1371
1347,1381
1387,1378
1369,1388
1377,1381
1358,1399
1336,1366
1353,1388
1374,1394
1399,1372
1376,1379
1350,1358
1356,1427
1354,1387
1383,1380
1395,1381
1368,1357
1355,1394
1409,1385
1366,1395
1360,1395
1383,1396
1384,1411
1420,1408
1379,1391
1409,1405
1389,1412
1414,1437
1415,1410
1400,1425
1404,1412
1412,1424
1430,1414
1404,1432
1421,1440
1364,1409
1433,1443
1384,1431
1426,1412
1427,1425
1417,1459
1440,1448
1440,1431
1444,1428
1442,1434
1413,1452
1398,1460
1424,1427
1411,1460
1429,1452
1442,1438
1396,1450
1412,1463
1406,1462
1424,1468
1421,1469
1466,1463
1457,1473
1482,1501
1474,1472
1454,1457
1448,1455
1465,1474
1486,1468
1457,1459
1435,1461
1489,1472
1469,1513
1486,1486
1499,1500
1477,1474
1498,1484
1508,1484
1485,1482
1479,1503
1449,1488
1477,1527
1492,1511
1456,1495
1513,1502
1503,1532
1481,1504
1498,1515
1517,1509
1489,1511
1516,1522
1499,1504
1522,1528
1521,1521
1525,1520
1502,1511
1515,1533
1512,1543
1536,1520
1532,1556
1519,1512
1492,1545
1472,1508
1503,1543
1526,1554
1546,1539
1510,1530
1514,1512
1534,1544
1550,1539
1516,1529
1566,1506
1556,1544
1505,1576
1536,1556
1550,1538
1546,1541
1544,1517
1549,1541
1580,1563
1565,1544
1554,1543
1574,1564
1541,1553
1542,1542
1555,1542
1584,1547
1561,1556
1537,1547
1573,1544
1539,1528
1540,1560
1590,1531
1547,1555
1554,1519
1559,1544
1557,1544
1584,1555
1572,1525
1566,1569
1582,1548
1556,1524
1557,1531
1576,1566
1578,1537
1531,1522
1571,1545
1567,1533
1551,1532
1565,1544
1577,1539
1531,1525
1543,1525
1528,1537
1547,1569
1566,1539
1548,1560
1493,1543
1572,1494
1558,1513
1543,1537
1554,1495
1523,1531
1541,1529
1549,1508
1540,1524
1541,1552
1520,1489
1498,1512
1545,1502
1531,1532
1549,1494
1520,1517
1518,1509
1516,1515
1513,1505
1522,1484
1512,1500
1524,1488
1511,1499
1523,1493
1493,1512
1513,1509
1514,1509
1495,1481
1522,1514
1509,1494
1518,1494
1521,1485
1496,1464
1491,1493
1498,1448
1501,1436
1480,1478
1472,1470
1489,1430
1500,1475
1484,1467
1461,1496
1508,1461
1481,1446
1484,1455
1489,1467
1480,1441
1451,1419
1442,1459
1467,1435
1466,1446
1460,1420
1452,1470
1453,1423
1449,1405
1465,1441
1443,1405
1468,1436
1438,1416
1444,1409
1415,1420
1476,1407
1428,1418
1432,1407
1451,1421
1428,1405
1437,1423
1412,1404
1418,1402
1433,1396
1379,1406
1417,1413
1418,1401
1395,1421
1416,1405
1455,1397
1401,1388
1418,1399
1387,1420
1392,1377
1370,1380
1403,1394
1436,1357
1417,1384
1390,1379
1418,1395
1412,1404
1370,1369
1395,1377
1386,1399
1354,1364
1390,1393
1377,1371
1359,1383
1395,1365
1362,1388
1406,1383
1405,1355
1363,1374
1379,1395
1368,1342
1373,1356
1372,1337
1362,1371
1339,1384
1378,1354
1365,1360
1387,1358
1362,1359
1360,1340
1357,1338
1365,1369
1354,1368
1375,1360
1349,1349
1345,1359
1352,1357
1340,1372
1406,1328
1315,1339
1357,1347
1391,1348
1327,1364
1337,1378
1311,1354
1333,1354
1317,1352
1363,1380
1379,1329
1364,1362
1330,1362
1332,1353
1339,1351
1346,1387
1336,1356
1341,1367
1342,1379
1307,1380
1319,1331
1338,1356
1359,1361
1338,1333
1381,1354
1354,1377
1361,1365
1378,1356
1323,1346
1368,1378
1340,1379
1323,1365
1366,1354
1351,1391
1355,1369
1368,1370
1356,1390
1318,1355
1333,1363
1398,1354
1315,1395
1381,1359
1370,1394
1391,1361
1323,1358
1402,1392
1358,1392
1369,1419
1392,1390
1367,1380
1407,1397
1393,1391
1367,1398
1405,1408
1365,1379
1388,1369
1373,1410
1377,1391
1360,1390
1390,1432
1415,1395
1405,1410
1390,1434
1392,1431
1407,1416
1383,1410
1416,1430
1409,1420
1397,1440
1388,1417
1433,1463
1401,1421
1398,1424
1394,1440
1394,1440
1421,1416
1399,1450
1364,1461
1412,1431
1395,1448
1443,1462
1462,1451
1459,1465
1447,1463
1425,1437
1446,1464
1433,1464
1440,1459
1437,1473
1437,1473
1461,1479
1442,1503
1448,1490
1482,1478
1435,1481
1449,1505
1436,1500
1462,1469
1471,1487
1482,1488
1482,1508
1491,1493
1440,1504
1472,1476
1512,1467
1486,1471
1505,1505
1497,1504
1493,1483
1505,1503
1462,1495
1486,1496
1511,1509
1500,1484
1508,1491
1487,1509
1474,1512
1520,1473
1512,1504
1491,1499
1492,1498
1503,1530
1497,1481
1545,1485
1513,1537
1523,1524
1517,1523
1531,1520
1507,1492
1509,1526
1525,1521
1525,1534
1511,1531
1534,1517
1534,1544
1560,1507
1538,1531
1513,1547
1564,1520
1557,1510
1538,1554
1554,1532
1551,1539
1536,1581
1539,1530
1545,1516
1537,1570
1608,1569
1526,1534
1550,1541
1543,1538
1543,1513
1544,1545
1569,1545
1526,1536
1556,1553
1563,1530
1575,1556
1536,1529
1535,1549
1544,1554
1573,1571
1529,1548
1538,1550
1557,1545
1532,1543
1549,1552
1565,1547
1543,1529
1573,1565
1545,1540
1576,1507
1536,1525
1543,1571
1537,1558
1570,1542
1581,1525
1585,1564
1566,1533
1550,1535
1526,1529
1564,1568
1549,1532
1550,1526
1521,1525
1541,1546
1550,1523
1557,1510
1546,1505
1572,1521
1539,1525
1571,1497
1532,1558
1533,1509
1502,1485
1511,1521
1561,1533
1547,1525
1526,1493
1532,1525
1538,1521
1549,1543
1515,1506
1468,1499
1480,1527
1523,1469
1532,1493
1513,1497
1548,1492
1541,1511
1492,1509
1466,1507
1522,1502
1506,1517
1493,1511
1521,1477
1507,1466
1499,1476
1530,1472
1513,1483
1504,1498
1497,1479
1516,1483
1479,1450
1479,1504
1506,1470
1495,1467
1495,1494
1468,1486
1475,1442
1487,1480
1484,1474
1501,1472
1482,1457
1457,1443
1474,1442
1481,1451
1451,1441
1465,1477
1450,1451
1449,1417
1465,1492
1450,1419
1439,1441
1459,1431
1472,1436
1422,1404
1443,1442
1432,1407
1437,1441
1432,1439
1430,1417
1423,1411
1454,1390
1405,1412
1448,1418
1413,1382
1475,1403
1447,1408
1428,1386
1422,1406
1398,1407
1407,1396
1382,1411
1418,1404
1429,1381
1427,1410
1413,1394
1384,1388
1406,1377
1402,1377
1404,1399
1374,1365
1409,1382
1409,1394
1384,1387
1428,1401
1397,1395
1394,1382
1370,1360
1396,1362
1390,1367
1367,1364
1410,1335
1374,1373
1337,1374
1380,1375
1353,1386
1375,1341
1350,1373
1392,1338
1370,1390
1352,1381
1378,1391
1334,1379
1365,1355
1353,1355
1373,1354
1368,1344
1368,1353
1370,1376
1335,1371
1360,1365
1338,1390
1318,1363
1354,1379
1351,1351
1377,1340
1390,1345
1358,1345
1331,1328
1329,1360
1324,1330
1346,1357
1335,1356
1329,1350
1338,1326
1331,1357
1333,1338
1365,1351
1347,1366
1361,1360
1365,1368
1339,1380
1356,1359
1316,1372
1340,1351
1346,1368
1324,1365
1360,1371
1349,1357
1360,1365
1365,1376
1334,1379
1362,1370
1337,1352
1403,1369
1352,1384
1355,1363
1370,1385
1343,1370
1362,1346
1389,1375
1339,1383
1354,1373
1342,1397
1321,1363
1353,1379
1381,1385
1379,1368
1371,1388
1369,1420
1360,1375
1365,1367
1350,1409
1375,1418
1419,1409
1380,1394
1322,1391
1368,1376
1361,1418
1352,1384
1364,1399
1365,1423
1380,1388
1384,1421
1412,1423
1392,1442
1386,1392
1404,1401
1393,1427
1387,1430
1409,1433
1383,1419
1379,1440
1409,1394
1424,1424
1418,1414
1448,1436
1436,1411
1388,1456
1425,1423
1437,1427
1429,1423
1407,1455
1412,1438
1410,1433
1433,1441
1423,1457
1452,1440
1415,1431
1438,1504
1456,1480
1432,1481
1460,1471
1423,1478
1426,1453
1443,1476
1452,1480
1451,1507
1492,1474
1453,1450
1462,1466
1460,1482
1481,1499
1472,1466
1460,1463
1484,1502
1465,1497
1486,1480
1489,1484
1492,1498
1470,1480
1474,1521
1501,1480
1481,1487
1488,1497
1503,1523
1502,1508
1510,1479
1495,1470
1492,1508
1490,1506
1505,1514
1511,1506
1517,1520
1470,1521
1502,1508
1484,1489
1515,1511
1533,1520
1502,1545
1506,1534
1519,1498
1518,1526
1518,1530
1503,1515
1499,1542
1522,1532
1510,1506
1551,1530
1540,1520
1545,1534
1553,1552
1542,1524
1530,1571
1554,1579
1568,1550
1511,1529
1552,1573
1529,1534
1572,1590
1536,1545
1556,1520
1577,1550
1541,1557
1541,1574
1558,1564
1552,1544
1572,1538
1556,1520
1553,1537
1586,1552
1533,1543
1560,1550
1568,1543
1548,1566
1560,1542
1547,1531
1547,1546
1566,1546
1567,1536
1553,1530
1534,1541
1566,1506
1565,1533
1548,1544
1546,1523
1543,1537
1568,1552
1528,1530
1555,1539
1546,1530
1548,1519
1572,1544
1548,1543
1583,1564
1549,1513
1550,1528
1578,1537
1582,1494
1536,1534
1545,1567
1559,1534
1548,1530
1544,1532
1536,1557
1544,1492
1560,1548
1521,1534
1557,1510
1540,1541
1531,1529
1556,1523
1533,1507
1516,1506
1532,1529
1516,1509
1518,1492
1547,1504
1544,1522
1534,1550
1520,1465
1540,1517
1556,1491
1528,1506
1533,1486
1512,1503
1511,1494
1483,1514
1523,1534
1534,1467
1495,1499
1512,1477
1480,1452
1494,1501
1526,1481
1522,1471
1478,1500
1493,1474
1475,1492
1509,1456
1484,1452
1492,1469
1461,1469
1479,1461
1506,1470
1462,1462
1506,1450
1454,1466
1479,1437
1459,1464
1464,1457
1465,1447
1466,1453
1467,1466
1412,1467
1463,1459
1462,1426
1438,1437
1436,1465
1453,1412
1422,1432
1434,1427
1444,1449
1453,1428
1430,1409
1443,1412
1439,1409
1449,1414
1408,1427
1410,1403
1417,1399
1408,1421
1430,1392
1451,1396
1449,1399
1392,1386
1418,1390
1395,1417
1432,1377
1414,1404
1404,1401
1423,1370
1388,1360
1389,1400
1397,1356
1387,1406
1379,1377
1383,1372
1387,1373
1357,1379
1363,1392
1380,1406
1360,1405
1405,1367
1372,1370
1377,1381
1367,1364
1373,1382
1378,1393
1387,1374
1403,1358
1363,1368
1366,1375
1349,1358
1363,1364
1393,1363
1359,1387
1355,1359
1340,1371
1382,1361
1363,1344
1353,1329
1380,1346
1362,1344
1338,1364
1335,1346
1355,1315
1354,1346
1373,1348
1324,1365
1335,1372
1308,1354
1351,1356
1351,1358
1375,1363
1364,1357
1348,1348
1333,1349
1345,1359
1361,1356
1346,1327
1329,1360
1355,1366
1352,1342
1327,1347
1331,1346
1395,1365
1319,1360
1340,1405
1343,1333
1340,1377
1346,1385
1330,1356
1355,1336
1333,1369
1375,1360
1331,1383
1326,1354
1341,1391
1346,1355
1355,1390
1362,1379
1368,1396
1337,1345
1352,1359
1401,1407
1360,1375
1356,1370
1365,1407
1360,1398
1334,1386
1360,1412
1372,1352
1377,1398
1349,1402
1336,1377
1363,1365
1343,1387
1381,1378
1366,1394
1381,1382
1397,1385
1405,1395
1371,1384
1381,1391
1355,1413
1374,1406
1370,1409
1405,1424
1396,1424
1355,1406
1397,1394
1418,1426
1374,1405
1426,1428
1395,1417
1375,1438
1397,1441
1418,1450
1390,1445
1425,1409
1405,1422
1374,1440
1407,1436
1409,1409
1416,1426
1408,1457
1451,1460
1404,1446
1435,1449
1435,1411
1389,1433
1433,1460
1411,1437
1423,1437
1441,1438
1425,1466
1432,1429
1490,1457
1438,1449
1428,1430
1445,1460
1450,1449
1417,1461
1432,1476
1462,1505
1463,1489
1499,1455
1474,1493
1488,1478
1480,1488
1416,1488
1489,1484
1457,1488
1486,1517
1443,1487
1496,1509
1471,1490
1478,1494
1485,1460
1526,1491
1459,1453
1489,1515
1494,1523
1506,1497
1500,1501
1507,1514
1488,1530
1485,1508
1483,1528
1480,1501
1513,1508
1503,1527
1519,1529
1527,1540
1528,1548
1519,1513
1548,1520
1501,1525
1537,1560
1531,1516
1498,1515
1541,1546
1521,1512
1513,1525
1534,1519
1551,1526
1516,1547
1520,1538
1515,1527
1533,1500
1542,1531
1566,1538
1551,1551
1540,1555
1538,1531
1502,1542
1549,1535
1527,1548
1584,1526
1571,1539
1575,1565
1589,1540
1529,1563
1522,1502
1545,1583
1561,1546
1550,1554
1530,1547
1583,1546
1549,1543
1581,1545
1565,1563
1526,1519
1565,1544
1550,1511
1553,1507
1554,1539
1565,1563
1548,1561
1592,1562
1557,1493
1554,1542
1550,1548
1576,1549
1547,1535
1560,1524
1559,1561
1555,1530
1525,1529
1563,1502
1555,1543
1542,1526
1552,1524
1550,1508
1561,1535
1533,1513
1575,1514
1485,1503
1566,1505
1538,1522
1583,1515
1553,1523
1543,1519
1531,1514
1536,1530
1560,1499
1564,1536
1532,1513
1520,1507
1529,1512
1532,1489
1553,1528
1530,1510
1504,1477
1536,1508
1522,1491
1547,1488
1481,1488
1529,1506
1507,1484
1482,1506
1527,1483
1534,1513
1517,1493
1540,1469
1485,1485
1505,1490
1532,1468
1471,1441
1486,1461
1497,1486
1511,1474
1486,1510
1486,1463
1506,1458
1490,1474
1495,1431
1482,1490
1472,1488
1469,1444
1432,1472
1451,1473
1473,1451
1478,1457
1463,1449
1485,1453
1493,1446
1491,1446
1448,1449
1442,1453
1480,1427
1462,1433
1448,1453
1458,1406
1436,1415
1444,1440
1406,1448
1441,1396
1464,1421
1450,1383
1437,1433
1438,1432
1452,1416
1441,1410
1424,1406
1417,1398
1461,1379
1397,1415
1405,1386
1419,1388
1408,1423
1433,1384
1425,1395
1434,1403
1423,1402
1416,1395
1425,1393
1375,1386
1413,1381
1399,1383
1421,1391
1452,1359
1400,1409
1387,1398
1386,1402
1389,1375
1407,1380
1384,1396
1382,1381
1386,1366
1384,1402
1390,1385
1399,1381
1369,1363
1374,1368
1370,1347
1382,1393
1368,1349
1366,1356
1341,1378
1410,1369
1372,1362
1357,1370
1356,1372
1338,1395
1354,1376
1392,1339
1374,1376
1366,1349
1368,1380
1366,1359
1330,1353
1354,1362
1361,1343
1373,1363
1349,1337
1396,1377
1364,1332
1343,1370
1374,1367
1311,1346
1326,1380
1350,1358
1350,1339
1331,1366
1325,1376
1339,1326
1334,1364
1329,1315
1325,1361
1338,1350
1330,1343
1343,1355
1352,1347
1348,1339
1344,1359
1357,1370
1358,1389
1347,1361
1340,1365
1328,1376
1321,1353
1347,1356
1388,1363
1344,1368
1359,1366
1331,1411
1366,1367
1347,1383
1362,1372
1345,1381
1328,1370
1360,1385
1371,1376
1306,1386
1366,1391
1369,1358
1369,1419
1373,1366
1327,1385
1344,1401
1358,1384
1371,1347
1373,1401
1406,1393
1374,1417
1383,1390
1377,1406
1392,1378
1336,1380
1390,1427
1385,1398
1371,1414
1401,1405
1396,1409
1383,1395
1399,1410
1370,1420
1422,1403
1402,1389
1418,1406
1371,1439
1406,1430
1411,1398
1403,1432
1433,1417
1388,1430
1429,1439
1407,1442
1398,1444
1404,1414
1429,1451
1448,1454
1431,1442
1411,1435
1410,1493
1428,1434
1470,1451
1431,1451
1412,1485
1441,1464
1423,1462
1435,1447
1438,1431
1417,1465
1449,1474
1434,1473
1449,1464
1467,1478
1453,1476
1479,1491
1491,1480
1424,1504
1486,1484
1478,1517
1459,1509
1438,1516
1498,1521
1479,1473
1498,1482
1495,1532
1454,1483
1484,1495
1483,1524
1512,1482
1470,1507
1505,1512
1508,1514
1464,1518
1487,1495
1517,1513
1499,1482
1492,1480
1515,1527
1508,1537
1511,1507
1508,1532
1527,1528
1525,1515
1526,1496
1542,1501
1517,1513
1527,1522
1536,1510
1513,1539
1478,1535
1515,1505
1479,1540
1519,1542
1534,1543
1537,1508
1522,1529
1565,1525
1551,1536
1530,1532
1563,1532
1523,1532
1553,1533
1542,1569
1535,1560
1564,1551
1519,1560
1552,1530
1558,1554
1569,1538
1587,1542
1580,1530
1550,1546
1548,1537
1581,1530
1556,1561
1570,1553
1539,1524
1583,1584
1566,1530
1529,1564
1575,1543
1542,1544
1555,1537
1538,1515
1536,1582
1556,1555
1521,1520
1573,1543
1548,1536
1558,1544
1546,1538
1562,1547
1558,1544
1539,1544
1568,1548
1540,1571
1575,1520
1539,1530
1526,1499
1556,1546
1547,1532
1530,1561
1529,1531
1556,1541
1570,1522
1549,1524
1553,1538
1529,1532
1548,1500
1552,1512
1538,1521
1539,1509
1540,1534
1522,1501
1543,1478
1568,1529
1546,1516
1531,1502
1513,1519
1521,1495
1515,1511
1540,1502
1514,1498
1500,1526
1502,1508
1511,1502
1498,1520
1525,1476
1485,1474
1528,1500
1508,1496
1519,1483
1527,1497
1522,1488
1513,1503
1503,1460
1512,1482
1538,1481
1501,1488
1500,1457
1490,1482
1489,1503
1510,1494
1489,1494
1508,1438
1512,1456
1499,1455
1507,1437
1491,1444
1512,1478
1501,1469
1502,1473
1478,1479
1484,1469
1474,1461
1443,1462
1453,1433
1492,1456
1467,1457
1459,1428
1460,1432
1474,1437
1442,1420
1435,1405
1476,1409
1471,1425
1451,1426
1440,1434
1465,1406
1450,1435
1432,1406
1438,1398
1428,1429
1442,1431
1458,1414
1413,1404
1403,1377
1407,1401
1403,1419
1408,1390
1444,1386
1399,1411
1384,1400
1393,1386
1431,1422
1382,1398
1379,1403
1423,1397
1399,1380
1420,1427
1396,1419
1390,1391
1393,1384
1396,1385
1411,1372
1395,1378
1373,1366
1388,1387
1377,1367
1413,1366
1368,1363
1390,1381
1348,1354
1373,1387
1328,1398
1370,1407
1355,1369
1395,1372
1370,1362
1344,1374
1389,1358
1352,1370
1380,1370
1367,1375
1379,1370
1348,1367
1355,1351
1340,1372
1375,1369
1336,1384
1344,1357
1362,1336
1353,1356
1359,1340
1316,1373
1343,1333
1355,1370
1326,1349
1333,1335
1349,1337
1349,1353
1353,1355
1386,1375
1356,1346
1336,1339
1345,1325
1352,1355
1329,1366
1357,1341
1358,1367
1345,1371
1320,1379
1336,1355
1317,1336
1391,1350
1335,1367
1331,1379
1375,1382
1360,1377
1370,1354
1350,1358
1332,1347
1349,1346
1336,1347
1364,1388
1353,1374
1351,1329
1306,1383
1341,1389
1384,1348
1343,1366
1385,1377
1398,1354
1354,1367
1369,1348
1318,1357
1359,1370
1371,1380
1356,1402
1380,1382
1362,1384
1366,1404
1365,1408
1372,1386
1357,1386
1366,1435
1348,1387
1368,1413
1363,1400
1361,1409
1381,1420
1381,1396
1388,1413
1375,1403
1399,1386
1372,1453
1355,1456
1402,1426
1351,1439
1407,1415
1405,1423
1431,1410
1404,1430
1411,1428
1373,1432
1410,1429
1413,1433
1422,1421
1423,1413
1399,1460
1427,1428
1419,1409
1422,1461
1411,1470
1411,1446
1426,1446
1398,1422
1435,1435
1442,1468
1478,1424
1420,1443
1458,1438
1430,1471
1449,1451
1432,1469
1435,1487
1442,1454
1448,1448
1444,1470
1451,1507
1464,1513
1441,1471
1472,1484
1409,1497
1440,1510
1501,1475
1443,1486
1441,1476
1441,1468
1476,1508
1480,1501
1474,1509
1502,1479
1479,1499
1482,1484
1496,1502
1486,1513
1521,1495
1493,1527
1516,1516
1486,1486
1539,1512
1477,1496
1504,1513
1464,1525
1546,1530
1499,1552
1523,1521
1523,1492
1505,1507
1528,1522
1493,1490
1508,1547
1535,1528
1544,1541
1526,1519
1530,1532
1528,1528
1538,1517
1507,1521
1519,1510
1526,1522
1527,1544
1567,1536
1494,1535
1506,1521
1561,1522
1545,1508
1520,1536
1562,1525
1520,1528
1565,1547
1547,1546
1547,1542
1550,1519
1525,1529
1563,1561
1572,1523
1571,1568
1544,1519
1541,1551
1540,1523
1562,1523
1530,1556
1542,1534
1547,1490
1539,1532
1563,1547
1536,1535
1540,1507
1563,1557
1560,1551
1549,1531
1571,1524
1542,1545
1549,1565
1565,1541
1588,1563
1545,1528
1541,1518
1537,1489
1506,1543
1541,1545
1554,1527
1567,1501
1550,1529
1552,1563
1572,1548
1596,1515
1547,1513
1522,1533
1542,1516
1509,1530
1541,1507
1523,1538
1517,1545
1544,1515
1512,1515
1530,1540
1539,1536
1559,1521
1529,1506
1535,1505
1524,1520
1574,1532
1519,1489
1556,1530
1554,1498
1529,1498
1542,1520
1519,1519
1540,1487
1520,1518
1525,1491
1500,1501
1518,1465
1496,1511
1517,1506
1509,1493
1507,1506
1496,1501
1533,1477
1494,1517
1510,1489
1489,1458
1496,1464
1485,1449
1481,1491
1476,1477
1532,1467
1486,1502
1458,1465
1502,1452
1462,1469
1478,1478
1465,1463
1453,1466
1455,1428
1446,1455
1472,1460
1455,1457
1483,1455
1460,1449
1472,1442
1445,1447
1426,1450
1456,1436
1490,1455
1449,1447
1455,1439
1426,1461
1405,1433
1461,1429
1417,1440
1449,1420
1444,1449
1438,1436
1430,1434
1437,1388
1409,1403
1428,1416
1426,1398
1448,1378
1410,1402
1432,1404
1409,1404
1391,1402
1449,1390
1385,1405
1378,1396
1402,1403
1436,1382
1439,1377
1413,1387
1388,1387
1397,1398
1401,1384
1415,1387
1448,1364
1385,1364
1372,1386
1384,1406
1409,1381
1377,1392
1366,1362
1392,1371
1408,1404
1395,1377
1332,1383
1359,1379
1358,1366
1415,1390
1373,1375
1356,1359
1365,1374
1371,1355
1399,1355
1366,1351
1403,1400
1382,1359
1375,1348
1367,1368
1338,1350
1352,1390
1359,1368
1339,1380
1323,1354
1365,1335
1351,1342
1338,1335
1342,1357
1379,1372
1314,1339
1317,1379
1352,1371
1349,1370
1335,1330
1376,1366
1364,1379
1308,1353
1382,1361
1344,1347
1357,1360
1346,1359
1326,1330
1350,1381
1363,1353
1331,1348
1336,1397
1395,1383
1354,1358
1357,1363
1341,1355
1330,1380
1328,1370
1355,1370
1335,1374
1357,1363
1383,1393
1339,1378
1356,1341
1365,1383
1408,1356
1338,1384
1337,1369
1358,1387
1353,1395
1378,1383
1385,1370
1386,1364
1363,1388
1359,1389
1404,1384
1363,1387
1356,1387
1337,1365
1359,1392
1400,1385
1379,1356
1385,1372
1370,1386
1381,1361
1388,1377
1390,1417
1363,1378
1373,1419
1374,1408
1404,1405
1361,1402
1417,1399
1398,1398
1414,1397
1386,1407
1366,1421
1383,1421
1386,1399
1396,1408
1413,1417
1405,1420
1397,1400
1364,1401
1427,1437
1368,1460
1393,1426
1457,1444
1420,1430
1426,1406
1395,1425
1424,1400
1423,1435
1413,1454
1432,1436
1422,1460
1460,1446
1421,1449
1432,1458
1396,1463
1434,1435
1466,1460
1442,1438
1435,1449
1422,1469
1447,1496
1444,1477
1452,1477
1438,1481
1468,1511
1449,1496
1483,1478
1434,1497
1459,1475
1471,1447
1505,1492
1458,1501
1496,1461
1478,1508
1487,1488
1466,1511
1495,1488
1515,1486
1475,1494
1499,1497
1456,1496
1512,1521
1486,1497
1471,1497
1512,1498
1469,1497
1493,1482
1495,1520
1501,1529
1512,1525
1469,1523
1546,1523
1505,1512
1531,1513
1520,1514
1544,1544
1497,1521
1526,1532
1507,1551
1517,1536
1513,1497
1516,1546
1568,1543
1514,1515
1554,1531
1528,1525
1536,1544
1526,1528
1553,1538
1541,1548
1553,1530
1543,1523
1554,1537
1541,1528
1529,1537
1536,1527
1547,1526
1534,1537
1561,1518
1548,1538
1540,1557
1576,1540
1522,1544
1518,1537
1550,1546
1568,1530
1541,1539
1542,1571
1542,1538
1549,1549
1558,1531
1539,1579
1566,1519
1556,1531
1552,1540
1533,1527
1547,1550
1564,1532
1579,1523
1572,1489
1572,1559
1523,1552
1516,1534
1548,1513
1558,1524
1548,1540
1584,1515
1562,1544
1568,1547
1537,1521
1541,1511
1530,1547
1573,1531
1569,1536
1510,1562
1557,1508
1560,1522
1541,1513
1534,1520
1535,1535
1561,1508
1536,1550
1553,1506
1560,1492
1575,1498
1521,1508
1519,1525
1544,1501
1512,1526
1547,1536
1538,1510
1545,1510
1506,1503
1557,1484
1514,1496
1502,1508
1524,1475
1546,1504
1509,1518
1505,1482
1522,1500
1526,1483
1501,1483
1513,1479
1533,1496
1492,1495
1478,1481
1492,1495
1506,1471
1489,1483
1487,1480
1509,1460
1492,1442
1507,1462
1474,1500
1496,1448
1502,1458
1485,1459
1466,1463
1475,1480
1492,1472
1479,1471
1435,1435
1458,1434
1491,1462
1450,1464
1473,1465
1470,1450
1445,1455
1458,1413
1459,1428
1455,1441
1459,1406
1438,1458
1433,1415
1437,1436
1380,1427
1429,1452
1445,1437
1474,1425
1431,1443
1460,1405
1412,1399
1456,1408
1429,1429
1419,1425
1433,1416
1420,1400
1423,1434
1399,1441
1409,1399
1420,1399
1426,1413
1430,1396
1409,1384
1420,1379
1420,1400
1405,1386
1404,1400
1406,1390
1385,1422
1412,1397
1403,1337
1369,1390
1372,1391
1400,1385
1339,1370
1417,1393
1418,1359
1390,1380
1365,1366
1377,1389
1369,1385
1361,1380
1379,1373
1405,1349
1356,1380
1354,1366
1327,1372
1365,1366
1344,1362
1389,1379
1375,1351
1378,1373
1374,1356
1389,1358
1397,1366
1367,1379
1358,1344
1362,1373
1352,1408
1359,1376
1363,1362
1344,1373
1369,1332
1361,1346
1316,1370
1356,1369
1356,1368
1357,1361
1353,1351
1348,1365
1332,1318
1315,1409
1353,1336
1327,1373
1343,1342
1335,1362
1324,1325
1336,1366
1352,1381
1358,1367
1356,1354
1329,1352
1324,1364
1328,1373
1369,1341
1357,1395
1360,1371
1331,1371
1366,1355
1378,1372
1324,1383
1339,1380
1395,1385
1327,1372
1302,1372
1355,1388
1345,1379
1347,1392
1351,1379
1352,1372
1368,1356
1373,1370
1382,1382
1369,1380
1340,1386
1392,1387
1330,1386
1390,1375
1397,1393
1397,1390
1380,1401
1368,1393
1401,1396
1363,1369
1386,1404
1348,1385
1394,1385
1394,1427
1409,1432
1390,1403
1403,1392
1374,1401
1396,1412
1365,1401
1396,1410
1397,1425
1386,1409
1428,1428
1404,1416
1414,1404
1407,1430
1406,1412
1425,1463
1429,1416
1420,1449
1431,1426
1386,1438
1428,1425
1430,1443
1416,1456
1412,1434
1426,1444
1436,1444
1402,1433
1425,1432
1437,1444
1447,1474
1420,1465
1419,1448
1423,1465
1424,1472
1448,1475
1467,1485
1448,1470
1458,1441
1494,1450
1476,1485
1446,1458
1487,1472
1459,1487
1500,1492
1513,1491
1450,1487
1457,1481
1448,1486
1473,1478
1459,1498
1482,1489
1483,1477
1470,1476
1500,1487
1486,1488
1474,1478
1471,1496
1507,1512
1521,1494
1483,1511
1511,1511
1524,1526
1492,1487
1489,1509
1542,1499
1499,1527
1520,1514
1499,1510
1499,1482
1504,1540
1497,1520
1493,1535
1514,1530
1501,1540
1509,1525
1540,1517
1523,1511
1536,1536
1512,1520
1497,1541
1502,1557
1513,1536
1567,1526
1562,1541
1529,1536
1580,1523
1514,1524
1560,1560
1548,1569
1540,1573
1525,1580
1536,1542
1553,1534
1548,1526
1535,1519
1503,1521
1539,1548
1548,1534
1542,1546
1568,1523
1562,1550
1541,1554
1559,1529
1537,1535
1552,1528
1522,1555
1569,1535
1529,1521
1555,1571
1561,1519
1538,1523
1558,1562
1530,1545
1564,1556
1555,1551
1546,1572
1560,1547
1556,1544
1509,1528
1565,1524
1572,1535
1534,1528
1576,1518
1560,1522
1528,1546
1571,1527
1533,1538
1563,1532
1542,1517
1534,1519
1547,1533
1549,1527
1537,1522
1528,1519
1548,1528
1562,1517
1552,1481
1533,1506
1547,1489
1554,1519
1531,1528
1516,1502
1543,1515
1530,1506
1507,1517
1529,1513
1516,1492
1539,1481
1527,1484
1501,1526
1528,1509
1527,1507
1526,1517
1530,1498
1540,1499
1530,1477
1500,1475
1532,1488
1535,1482
1517,1522
1484,1444
1491,1471
1501,1488
1519,1478
1491,1502
1515,1472
1499,1464
1492,1490
1456,1471
1493,1458
1485,1466
1467,1430
1498,1455
1488,1447
1468,1451
1480,1447
1450,1435
1464,1465
1440,1447
1488,1439
1485,1464
1467,1431
1492,1439
1466,1450
1472,1443
1419,1435
1459,1431
1437,1421
1502,1459
1447,1453
1478,1435
1459,1430
1431,1436
1413,1442
1457,1434
1427,1423
1458,1423
1455,1423
1420,1411
1436,1418
1418,1420
1431,1392
1423,1380
1431,1400
1423,1421
1388,1461
1422,1410
1431,1409
1411,1394
1399,1417
1430,1407
1401,1386
1437,1413
1399,1388
1390,1380
1394,1398
1400,1387
1418,1384
1389,1380
1395,1394
1403,1358
1376,1409
1378,1390
1362,1390
1404,1323
1379,1375
1383,1378
1349,1355
1376,1411
1378,1372
1360,1366
1376,1370
1358,1383
1392,1360
1420,1389
1384,1374
1370,1363
1330,1391
1348,1354
1343,1380
1358,1369
1346,1377
1354,1384
1361,1338
1369,1394
1362,1386
1376,1378
1409,1358
1364,1329
1367,1349
1349,1374
1373,1364
1342,1349
1346,1361
1357,1360
1353,1374
1376,1373
1309,1366
1369,1360
1334,1375
1335,1373
1357,1340
1350,1355
1338,1369
1347,1383
1342,1350
1334,1352
1340,1355
1334,1363
1351,1369
1344,1364
1351,1382
1376,1355
1371,1340
1362,1361
1332,1355
1313,1381
1336,1378
1354,1375
1359,1395
1356,1371
1354,1373
1336,1390
1385,1344
1360,1376
1392,1373
1349,1364
1352,1372
1349,1380
1371,1402
1347,1381
1354,1385
1395,1381
1355,1376
1356,1391
1376,1380
1393,1421
1382,1378
1334,1393
1355,1399
1401,1393
1362,1393
1380,1425
1372,1410
1401,1391
1353,1387
1370,1416
1382,1398
1376,1388
1396,1407
1394,1414
1376,1419
1387,1408
1382,1404
1384,1418
1380,1434
1372,1430
1409,1414
1398,1437
1410,1438
1424,1436
1425,1426
1369,1428
1435,1434
1412,1453
1435,1449
1411,1425
1418,1442
1397,1431
1436,1437
1432,1453
1411,1433
1449,1466
1390,1449
1447,1453
1459,1457
1402,1464
1421,1456
1447,1439
1449,1499
1430,1427
1433,1494
1440,1471
1431,1443
1446,1541
1478,1488
1459,1443
1465,1465
1493,1457
1449,1482
1478,1469
1501,1495
1453,1488
1457,1488
1445,1509
1471,1501
1478,1487
1488,1503
1463,1505
1492,1517
1478,1472
1495,1496
1446,1500
1483,1467
1485,1483
1504,1485
1504,1478
1499,1519
1440,1511
1496,1508
1514,1506
1484,1489
1541,1544
1559,1515
1510,1500
1491,1518
1519,1527
1522,1534
1503,1529
1488,1525
1537,1557
1523,1508
1518,1515
1511,1510
1502,1549
1497,1538
1495,1506
1548,1512
1496,1540
1503,1544
1545,1552
1530,1505
1560,1524
1530,1546
1510,1527
1534,1519
1527,1515
1546,1524
1543,1559
1550,1522
1571,1556
1529,1530
1527,1515
1532,1529
1559,1534
1556,1541
1576,1543
1560,1540
1546,1542
1517,1526
1524,1541
1572,1526
1552,1555
1562,1536
1539,1548
1530,1562
1568,1506
1544,1535
1570,1558
1555,1530
1557,1544
1540,1546
1539,1538
1542,1555
1550,1529
1519,1539
1506,1528
1558,1519
1574,1517
1549,1523
1545,1541
1562,1538
1545,1518
1513,1504
1541,1514
1541,1513
1537,1542
1548,1515
1564,1535
1558,1529
1542,1522
1515,1528
1513,1511
1514,1524
1561,1503
1552,1510
1545,1517
1541,1526
1536,1489
1525,1549
1532,1523
1505,1506
1548,1502
1513,1517
1516,1510
1517,1491
1528,1498
1516,1484
1514,1525
1515,1498
1533,1495
1503,1465
1489,1499
1520,1512
1507,1463
1521,1478
1476,1492
1514,1456
1515,1483
1511,1493
1514,1486
1477,1492
1465,1431
1492,1492
1533,1476
1511,1470
1462,1467
1492,1474
1501,1480
1507,1449
1529,1456
1483,1481
1448,1427
1482,1479
1455,1465
1463,1455
1487,1437
1452,1439
1451,1440
1463,1450
1479,1423
1484,1443
1407,1441
1445,1419
1488,1434
1430,1434
1438,1420
1423,1408
1475,1452
1462,1409
1431,1419
1469,1427
1463,1434
1436,1425
1456,1432
1428,1413
1453,1400
1412,1438
1437,1406
1435,1409
1427,1409
1423,1405
1407,1414
1443,1401
1387,1386
1424,1409
1399,1410
1399,1416
1403,1397
1378,1405
1440,1396
1381,1398
1388,1410
1451,1401
1373,1377
1397,1413
1391,1394
1403,1389
1406,1394
1394,1400
1380,1364
1389,1385
1402,1379
1365,1378
1378,1385
1373,1389
1362,1358
1376,1390
1350,1379
1383,1361
1344,1349
1370,1354
1412,1346
1343,1397
1361,1342
1380,1375
1364,1359
1352,1375
1372,1367
1317,1357
1368,1328
1413,1371
1385,1377
1343,1364
1391,1372
1360,1359
1357,1385
1396,1384
1339,1363
1392,1354
1355,1372
1346,1365
1367,1365
1356,1358
1354,1356
1349,1345
1345,1364
1351,1361
1357,1345
1365,1352
1352,1351
1353,1353
1352,1368
1367,1343
1356,1374
1387,1376
1357,1355
1355,1396
1330,1373
1333,1375
1350,1358
1362,1378
1364,1378
1357,1395
1370,1353
1374,1400
1392,1411
1379,1392
1331,1347
1364,1381
1328,1379
1371,1374
1370,1368
1362,1404
1333,1387
1397,1382
1346,1379
1359,1377
1384,1398
1346,1377
1362,1396
1378,1393
1376,1355
1371,1392
1386,1407
1364,1377
1339,1412
1378,1410
1395,1406
1379,1381
1433,1432
1351,1408
1377,1376
1379,1417
1356,1378
1373,1424
1402,1413
1404,1426
1390,1408
1407,1405
1394,1426
1384,1423
1434,1410
1372,1411
1391,1414
1401,1413
1424,1447
1370,1432
1422,1429
1412,1414
1384,1412
1420,1448
1414,1414
1433,1435
1424,1445
1428,1431
1446,1430
1416,1436
1418,1450
1448,1451
1447,1449
1451,1470
1444,1451
1462,1457
1417,1458
1422,1471
1441,1482
1442,1462
1463,1464
1437,1491
1438,1486
1461,1464
1425,1459
1439,1461
1479,1452
1462,1477
1471,1451
1491,1479
1477,1477
1455,1483
1452,1481
1475,1507
1455,1488
1449,1478
1489,1509
1485,1510
1474,1509
1490,1519
1483,1500
1494,1500
1501,1498
1486,1497
1485,1528
1503,1497
1463,1502
1513,1510
1491,1505
1493,1502
1518,1537
1501,1515
1523,1501
1484,1530
1484,1507
1524,1494
1496,1504
1518,1527
1503,1538
1545,1538
1495,1503
1532,1518
1513,1528
1516,1548
1547,1515
1487,1525
1525,1505
1496,1531
1535,1541
1529,1528
1516,1523
1519,1527
1526,1510
1535,1543
1556,1518
1508,1531
1518,1509
1544,1556
1542,1539
1563,1528
1548,1544
1562,1519
1540,1537
1540,1537
1513,1530
1541,1535
1543,1516
1548,1539
1568,1545
1572,1524
1548,1522
1554,1531
1546,1546
1547,1513
1552,1528
1534,1530
1557,1549
1547,1537
1546,1529
1553,1531
1527,1534
1526,1512
1536,1526
1518,1523
1549,1540
1546,1509
1575,1553
1576,1516
1520,1528
1552,1529
1555,1547
1569,1496
1566,1516
1515,1503
1517,1521
1539,1513
1508,1502
1557,1538
1558,1502
1512,1540
1554,1521
1506,1495
1565,1472
1485,1521
1564,1496
1489,1525
1511,1517
1523,1498
1516,1524
1546,1508
1531,1511
1515,1489
1510,1500
1524,1484
1508,1479
1528,1502
1497,1494
1528,1488
1527,1501
1513,1500
1496,1464
1476,1477
1509,1509
1476,1489
1483,1483
1486,1470
1525,1490
1488,1525
1507,1455
1518,1472
1512,1481
1484,1466
1505,1475
1489,1474
1522,1469
1505,1473
1505,1462
1489,1481
1472,1454
1453,1432
1468,1439
1478,1442
1492,1479
1451,1448
1521,1409
1459,1424
1460,1448
1449,1450
1486,1433
1460,1429
1449,1442
1464,1465
1444,1430
1466,1423
1446,1455
1423,1440
1455,1421
1439,1449
1430,1449
1451,1432
1438,1436
1450,1447
1412,1420
1447,1403
1452,1453
1417,1400
1433,1411
1402,1405
1436,1442
1414,1389
1432,1392
1403,1398
1417,1393
1395,1398
1401,1374
1427,1407
1407,1371
1413,1389
1407,1358
1408,1394
1406,1373
1401,1388
1404,1396
1419,1380
1446,1407
1391,1393
1356,1386
1371,1391
1395,1361
1367,1383
1385,1390
1404,1397
1357,1360
1371,1388
1389,1362
1397,1392
1370,1372
1363,1375
1353,1397
1394,1383
1380,1356
1399,1368
1376,1362
1382,1370
1379,1360
1392,1373
1373,1386
1378,1363
1362,1334
1343,1394
1359,1369
1361,1376
1383,1351
1399,1356
1361,1378
1356,1339
1358,1369
1347,1360
1367,1376
1343,1362
1357,1376
1380,1365
1341,1373
1373,1396
1355,1377
1341,1352
1341,1365
1345,1375
1375,1392
1322,1369
1347,1364
1370,1374
1339,1348
1321,1348
1325,1386
1365,1338
1348,1358
1368,1362
1333,1361
1346,1341
1337,1391
1352,1361
1319,1370
1373,1359
1367,1361
1380,1347
1336,1365
1380,1370
1392,1332
1369,1385
1359,1408
1358,1381
1395,1396
1372,1362
1370,1390
1388,1373
1368,1404
1399,1389
1351,1421
1352,1379
1369,1404
1368,1401
1370,1382
1373,1383
1385,1387
1389,1382
1364,1404
1385,1396
1406,1395
1419,1410
1406,1409
1368,1407
1375,1394
1375,1424
1378,1403
1388,1462
1395,1439
1405,1428
1362,1433
1356,1415
1383,1434
1406,1453
1413,1409
1411,1438
1375,1431
1438,1424
1440,1450
1408,1408
1422,1445
1397,1432
1436,1434
1445,1461
1422,1423
1428,1447
1437,1449
1468,1430
1417,1448
1423,1445
1469,1480
1440,1464
1407,1432
1436,1449
1439,1450
1443,1478
1460,1465
1490,1435
1446,1450
1449,1469
1403,1468
1443,1479
1434,1478
1477,1417
1460,1444
1453,1490
1472,1472
1478,1497
1461,1451
1484,1495
1492,1490
1491,1486
1463,1479
1497,1501
1452,1454
1464,1506
1485,1478
1514,1490
1481,1498
1503,1523
1487,1462
1454,1484
1489,1518
1516,1512
1515,1472
1477,1486
1485,1502
1510,1492
1517,1504
1557,1523
1494,1518
1518,1520
1521,1514
1509,1536
1503,1526
1490,1521
1532,1527
1506,1535
1488,1528
1539,1518
1549,1536
1515,1527
1520,1514
1530,1515
1546,1513
1522,1496
1509,1551
1525,1517
1507,1529
1564,1520
1538,1519
1547,1529
1546,1527
1526,1509
1546,1545
1547,1511
1562,1528
1566,1526
1559,1567
1541,1518
1534,1529
1524,1519
1527,1517
1553,1540
1552,1534
1567,1493
1526,1548
1525,1523
1548,1567
1530,1501
1574,1552
1517,1514
1525,1552
1543,1532
1510,1535
1537,1559
1554,1552
1544,1528
1543,1532
1541,1531
1550,1505
1540,1519
1513,1545
1532,1526
1543,1539
1523,1518
1525,1534
1571,1548
1552,1528
1536,1517
1531,1543
1531,1521
1529,1504
1545,1527
1549,1515
1545,1505
1543,1533
1543,1536
1560,1531
1520,1548
1536,1480
1557,1534
1571,1516
1522,1513
1555,1500
1529,1497
1528,1486
1510,1487
1513,1500
1536,1491
1510,1494
1529,1507
1558,1507
1508,1501
1495,1494
1519,1487
1489,1508
1495,1492
1527,1497
1511,1501
1518,1505
1509,1459
1502,1465
1481,1498
1479,1471
1495,1480
1525,1467
1465,1472
1478,1483
1484,1465
1491,1485
1501,1451
1511,1466
1460,1453
1499,1453
1501,1454
1475,1454
1476,1441
1477,1450
1480,1475
1493,1475
1428,1457
1504,1425
1424,1452
1503,1437
1467,1453
1432,1451
1482,1435
1446,1460
1461,1445
1481,1438
1420,1437
1480,1439
1478,1427
1433,1396
1432,1409
1469,1429
1420,1414
1426,1415
1435,1408
1449,1411
1407,1410
1429,1415
1421,1384
1436,1427
1456,1400
1412,1430
1436,1393
1425,1387
1413,1400
1409,1405
1424,1396
1416,1426
1375,1410
1420,1388
1397,1436
1399,1389
1408,1383
1412,1407
1415,1389
1419,1379
1380,1392
1380,1387
1405,1404
1389,1390
1417,1381
1411,1392
1380,1376
1400,1377
1387,1388
1373,1382
1382,1373
1400,1353
1378,1403
1425,1385
1378,1342
1393,1362
1380,1352
1382,1397
1363,1354
1371,1368
1379,1378
1380,1400
1389,1368
1379,1361
1353,1376
1353,1377
1372,1358
1399,1396
1334,1378
1375,1383
1372,1333
1336,1358
1360,1328
1360,1379
1390,1329
1349,1357
1361,1343
1352,1395
1358,1396
1346,1371
1338,1375
1383,1333
1353,1392
1352,1383
1372,1364
1379,1361
1358,1375
1349,1351
1365,1367
1383,1348
1380,1367
1352,1359
1355,1394
1348,1397
1389,1380
1367,1363
1375,1391
1331,1386
1402,1362
1367,1373
1350,1318
1345,1391
1373,1389
1355,1373
1378,1383
1368,1401
1350,1373
1353,1394
1347,1380
1358,1403
1327,1412
1408,1395
1377,1397
1391,1373
1339,1400
1356,1408
1388,1384
1358,1389
1408,1386
1365,1399
1383,1414
1412,1399
1374,1399
1389,1405
1382,1408
1389,1389
1410,1418
1367,1440
1371,1403
1375,1416
1395,1412
1433,1404
1390,1402
1416,1447
1408,1403
1407,1432
1398,1420
1417,1420
1427,1457
1396,1441
1414,1412
1446,1417
1425,1451
1392,1442
1403,1420
1455,1448
1426,1442
1396,1438
1430,1450
1433,1428
1406,1435
1431,1470
1442,1445
1441,1434
1438,1422
1416,1469
1419,1472
1429,1465
1445,1462
1439,1464
1431,1444
1466,1447
1435,1456
1419,1474
1442,1495
1450,1480
1472,1488
1450,1471
1480,1462
1471,1473
1466,1466
1474,1467
1449,1493
1455,1462
1473,1481
1489,1490
1460,1487
1464,1498
1467,1478
1498,1505
1492,1495
1461,1507
1481,1489
1458,1497
1483,1507
1500,1497
1462,1514
1485,1505
1461,1508
1483,1478
1513,1521
1500,1503
1504,1532
1518,1493
1547,1514
1502,1512
1485,1506
1490,1531
1488,1495
1494,1536
1534,1543
1508,1509
1515,1497
1512,1487
1514,1478
1507,1508
1514,1544
1510,1542
1518,1529
1573,1535
1542,1540
1542,1515
1513,1538
1534,1533
1551,1521
1526,1531
1536,1532
1541,1548
1543,1527
1537,1519
1549,1539
1524,1551
1561,1543
1544,1543
1549,1540
1529,1535
1536,1516
1523,1528
1529,1524
1528,1549
1528,1557
1507,1540
1544,1510
1520,1504
1503,1505
1533,1535
1529,1527
1538,1542
1547,1538
1552,1533
1554,1548
1534,1532
1544,1512
1532,1545
1524,1517
1548,1525
1530,1521
1572,1527
1515,1521
1522,1540
1538,1519
1548,1536
1540,1504
1533,1529
1551,1500
1542,1504
1550,1533
1567,1523
1535,1520
1543,1515
1524,1531
1523,1517
1531,1519
1552,1468
1527,1524
1524,1527
1529,1507
1519,1477
1522,1486
1556,1495
1504,1500
1489,1521
1507,1533
1533,1535
1538,1477
1533,1471
1496,1535
1524,1483
1508,1506
1510,1506
1506,1485
1518,1478
1484,1504
1507,1489
1528,1520
1484,1496
1512,1473
1514,1478
1490,1493
1494,1458
1525,1470
1474,1480
1491,1477
1498,1465
1535,1494
1496,1461
1467,1452
1469,1467
1475,1454
1479,1470
1496,1442
1463,1473
1462,1473
1496,1476
1455,1468
1447,1424
1494,1485
1462,1457
1485,1436
1451,1440
1468,1444
1476,1450
1436,1407
1457,1432
1489,1451
1449,1450
1471,1422
1463,1405
1436,1430
1448,1444
1458,1429
1432,1392
1455,1425
1436,1388
1453,1413
1438,1412
1434,1428
1423,1379
1425,1405
1401,1410
1421,1416
1445,1433
1446,1411
1409,1396
1440,1423
1415,1427
1400,1400
1415,1398
1408,1377
1441,1404
1399,1403
1378,1407
1412,1385
1388,1388
1368,1399
1393,1379
1370,1399
1423,1407
1397,1381
1380,1406
1363,1381
1400,1415
1381,1350
1321,1386
1393,1377
1388,1369
1369,1409
1391,1383
1387,1352
1356,1392
1348,1413
1384,1375
1398,1399
1381,1398
1386,1391
1397,1375
1379,1340
1350,1391
1358,1378
1375,1387
1357,1386
1372,1372
1362,1378
1380,1385
1354,1347
1338,1380
1357,1349
1383,1378
1334,1341
1347,1366
1391,1389
1375,1358
1389,1400
1330,1374
1334,1392
1376,1345
1368,1398
1357,1372
1364,1344
1355,1363
1314,1381
1381,1382
1369,1374
1353,1369
1378,1382
1365,1388
1401,1364
1375,1339
1371,1395
1363,1388
1363,1382
1386,1383
1376,1385
1373,1388
1353,1346
1370,1380
1353,1378
1387,1366
1355,1391
1375,1385
1387,1366
1331,1395
1354,1371
1386,1399
1359,1380
1369,1396
1362,1375
1369,1394
1351,1373
1374,1391
1404,1398
1375,1399
1384,1384
1371,1378
1353,1403
1408,1400
1356,1399
1360,1410
1405,1398
1421,1409
1394,1412
1350,1413
1386,1408
1416,1403
1381,1397
1387,1382
1388,1423
1397,1402
1362,1416
1399,1421
1406,1424
1404,1402
1424,1409
1381,1431
1420,1437
1396,1415
1415,1431
1421,1449
1397,1418
1425,1424
1407,1429
1407,1452
1438,1409
1391,1425
1429,1440
1406,1435
1455,1467
1422,1446
1454,1443
1433,1470
1467,1435
1431,1443
1447,1457
1412,1462
1429,1454
1455,1446
1435,1472
1443,1470
1445,1483
1437,1462
1451,1442
1438,1471
1444,1466
1455,1476
1461,1465
1439,1487
1468,1470
1445,1480
1479,1493
1451,1475
1447,1470
1483,1491
1525,1515
1466,1499
1484,1478
1465,1496
1439,1506
1458,1486
1510,1521
1469,1483
1477,1503
1504,1504
1488,1502
1479,1488
1511,1491
1450,1524
1508,1511
1473,1498
1474,1502
1557,1506
1486,1524
1499,1493
1500,1510
1491,1493
1470,1513
1511,1532
1506,1555
1545,1526
1503,1519
1507,1509
1505,1535
1524,1516
1504,1525
1520,1534
1517,1507
1516,1512
1540,1540
1510,1515
1541,1514
1498,1528
1526,1559
1534,1567
1532,1569
1554,1540
1528,1563
1551,1540
1520,1532
1536,1529
1528,1554
1535,1528
1524,1501
1523,1533
1548,1540
1497,1522
1511,1550
1534,1528
1523,1555
1550,1530
1564,1539
1554,1548
1531,1555
1533,1521
1533,1510
1538,1538
1545,1498
1547,1522
1560,1547
1539,1528
1521,1523
1542,1538
1555,1514
1517,1531
1504,1543
1518,1521
1557,1507
1516,1525
1567,1516
1524,1512
1567,1525
1552,1506
1546,1553
1519,1524
1552,1546
1530,1485
1506,1528
1510,1553
1507,1530
1503,1525
1548,1505
1520,1534
1517,1488
1539,1523
1523,1525
1553,1501
1526,1515
1530,1504
1508,1484
1518,1494
1532,1539
1532,1487
1498,1507
1532,1475
1558,1470
1509,1496
1528,1524
1525,1496
1510,1506
1511,1501
1525,1505
1490,1445
1538,1497
1488,1438
1519,1464
1489,1471
1483,1479
1503,1459
1505,1496
1498,1489
1485,1463
1491,1471
1476,1422
1468,1466
1517,1496
1460,1475
1478,1454
1462,1481
1483,1434
1497,1472
1440,1447
1467,1469
1450,1453
1473,1468
1480,1438
1450,1457
1424,1435
1466,1461
1419,1444
1467,1436
1450,1453
1476,1449
1471,1426
1451,1420
1472,1444
1453,1444
1456,1434
1456,1441
1435,1433
1452,1434
1417,1449
1447,1415
1459,1410
1423,1433
1428,1442
1428,1416
1413,1392
1408,1399
1421,1431
1424,1407
1441,1395
1405,1419
1439,1417
1468,1424
1403,1430
1413,1415
1444,1381
1390,1398
1431,1415
1415,1381
1385,1396
1406,1393
1405,1384
1389,1368
1392,1381
1387,1417
1377,1356
1413,1382
1410,1386
1385,1395
1397,1402
1417,1375
1410,1414
1387,1384
1386,1381
1398,1369
1412,1378
1395,1411
1356,1405
1384,1400
1402,1402
1386,1395
1375,1368
1357,1367
1356,1368
1361,1395
1363,1374
1370,1402
1385,1346
1363,1379
1363,1384
1373,1365
1383,1367
1366,1375
1391,1351
1363,1369
1346,1373
1321,1354
1411,1356
1380,1380
1382,1376
1368,1371
1364,1336
1353,1347
1362,1358
1345,1350
1361,1369
1366,1390
1334,1373
1326,1347
1361,1336
1368,1349
1346,1360
1360,1362
1368,1387
1374,1371
1367,1370
1351,1366
1394,1358
1347,1388
1361,1371
1334,1371
1364,1379
1376,1364
1373,1380
1389,1391
1398,1406
1364,1375
1358,1380
1381,1384
1371,1407
1376,1387
1373,1365
1365,1358
1403,1356
1366,1370
1367,1416
1358,1386
1381,1392
1383,1388
1391,1404
1376,1403
1389,1390
1389,1391
1350,1386
1364,1408
1391,1391
1372,1424
1382,1405
1378,1417
1380,1384
1390,1392
1390,1429
1396,1445
1393,1402
1404,1410
1423,1429
1373,1449
1370,1417
1385,1406
1404,1426
1399,1428
1410,1398
1430,1439
1413,1432
1390,1432
1446,1416
1410,1443
1438,1452
1409,1433
1414,1428
1432,1450
1429,1430
1434,1391
1429,1412
1436,1454
1402,1445
1421,1431
1451,1464
1426,1430
1419,1447
1432,1450
1435,1444
1458,1456
1441,1471
1426,1495
1473,1455
1471,1468
1453,1464
1460,1488
1459,1488
1467,1459
1461,1455
1459,1493
1472,1473
1448,1455
1493,1448
1477,1474
1476,1474
1443,1484
1444,1467
1475,1498
1514,1502
1455,1481
1482,1494
1484,1494
1483,1499
1481,1506
1501,1475
1522,1478
1455,1522
1471,1522
1502,1506
1498,1506
1472,1483
1523,1489
1501,1521
1473,1514
1521,1517
1511,1523
1515,1511
1466,1503
1495,1499
1498,1501
1508,1503
1520,1510
1509,1516
1510,1515
1518,1496
1547,1491
1496,1518
1514,1509
1532,1547
1517,1530
1527,1513
1514,1554
1563,1521
1520,1508
1545,1503
1541,1543
1521,1519
1509,1535
1554,1521
1555,1506
1539,1519
1512,1514
1513,1547
1524,1527
1547,1519
1553,1553
1534,1543
1542,1544
1522,1539
1474,1520
1547,1532
1534,1523
1535,1538
1514,1526
1524,1516
1553,1526
1564,1541
1562,1519
1540,1507
1535,1532
1533,1546
1534,1537
1540,1529
1526,1531
1556,1504
1516,1542
1579,1520
1529,1530
1524,1514
1544,1538
1544,1504
1538,1521
1553,1558
1543,1532
1563,1496
1512,1479
1520,1517
1546,1508
1512,1539
1541,1496
1535,1547
1512,1506
1545,1518
1539,1515
1497,1519
1513,1499
1524,1521
1519,1492
1499,1525
1496,1532
1512,1498
1534,1524
1497,1495
1540,1509
1523,1486
1501,1492
1520,1468
1509,1506
1496,1487
1519,1509
1513,1496
1521,1479
1521,1497
1512,1490
1474,1479
1473,1488
1489,1489
1490,1481
1493,1514
1485,1478
1489,1466
1507,1483
1490,1452
1500,1497
1467,1476
1514,1470
1446,1476
1513,1479
1493,1469
1467,1450
1484,1484
1461,1473
1506,1444
1474,1411
1482,1456
1491,1462
1458,1468
1452,1428
1480,1461
1433,1452
1477,1457
1445,1436
1459,1457
1473,1426
1469,1448
1447,1450
1462,1422
1446,1412
1467,1465
1422,1464
1454,1446
1434,1417
1434,1434
1460,1435
1416,1429
1442,1407
1449,1404
1457,1416
1412,1427
1415,1427
1407,1439
1405,1421
1422,1422
1425,1399
1420,1388
1423,1383
1419,1413
1429,1441
1410,1368
1414,1395
1388,1393
1417,1402
1426,1370
1418,1400
1401,1378
1396,1385
1382,1369
1383,1392
1406,1402
1399,1381
1398,1412
1396,1400
1382,1376
1410,1377
1399,1397
1397,1405
1412,1376
1398,1404
1388,1371
1408,1390
1392,1407
1390,1373
1374,1388
1351,1366
1370,1376
1386,1377
1390,1373
1394,1365
1351,1363
1398,1389
1400,1378
1398,1395
1369,1364
1345,1381
1354,1356
1347,1373
1366,1386
1366,1356
1353,1362
1360,1348
1342,1350
1390,1382
1355,1382
1350,1360
1398,1371
1340,1367
1361,1368
1378,1374
1350,1372
1374,1378
1372,1383
1379,1380
1392,1369
1376,1380
1363,1360
1350,1337
1351,1345
1371,1376
1379,1401
1373,1347
1368,1389
1383,1375
1336,1368
1373,1387
1355,1347
1355,1377
1373,1386
1357,1342
1357,1361
1357,1358
1381,1395
1347,1376
1377,1398
1371,1406
1330,1378
1367,1388
1364,1376
1375,1395
1383,1396
1367,1371
1381,1362
1364,1411
1406,1398
1369,1419
1343,1375
1400,1402
1366,1372
1381,1394
1396,1391
1359,1390
1412,1417
1354,1418
1380,1394
1375,1419
1373,1406
1412,1437
1387,1429
1413,1402
1398,1408
1415,1426
1408,1423
1408,1426
1404,1413
1375,1412
1408,1440
1427,1414
1455,1405
1418,1427
1405,1444
1420,1429
1421,1394
1442,1432
1430,1430
1408,1474
1406,1451
1422,1439
1419,1435
1415,1482
1421,1465
1463,1438
1477,1492
1466,1475
1444,1454
1428,1457
1421,1441
1400,1443
1446,1463
1452,1458
1457,1485
1447,1441
1474,1447
1452,1454
1453,1441
1434,1482
1461,1473
1477,1472
1459,1478
1474,1461
1465,1487
1462,1496
1488,1511
1436,1462
1464,1477
1498,1468
1466,1514
1449,1507
1446,1515
1467,1494
1484,1521
1450,1498
1486,1480
1477,1486
1482,1503
1465,1505
1444,1517
1489,1494
1518,1487
1501,1482
1524,1502
1468,1508
1485,1511
1486,1498
1516,1506
1489,1504
1488,1517
1509,1535
1509,1529
1522,1506
1499,1505
1523,1508
1532,1484
1514,1501
1494,1535
1506,1498
1503,1504
1555,1543
1507,1524
1488,1514
1525,1497
1527,1531
1541,1500
1538,1537
1512,1501
1553,1515
1514,1504
1521,1510
1514,1542
1518,1523
1510,1547
1534,1555
1572,1533
1476,1532
1552,1524
1524,1533
1551,1549
1546,1546
1548,1545
1549,1516
1567,1509
1537,1541
1550,1534
1542,1527
1544,1532
1558,1513
1541,1514
1505,1533
1534,1529
1526,1506
1522,1506
1542,1521
1539,1513
1524,1505
1559,1544
1548,1496
1543,1536
1543,1502
1535,1502
1570,1546
1539,1526
1522,1499
1548,1510
1499,1527
1524,1519
1550,1512
1503,1535
1534,1510
1541,1525
1524,1496
1536,1529
1485,1526
1537,1519
1502,1498
1514,1533
1536,1485
1529,1504
1511,1505
1556,1529
1516,1499
1500,1522
1526,1497
1547,1491
1531,1507
1529,1478
1532,1510
1524,1487
1496,1491
1482,1489
1528,1475
1493,1477
1502,1503
1492,1477
1473,1492
1491,1466
1510,1467
1516,1485
1493,1464
1501,1472
1469,1482
1523,1490
1474,1446
1487,1502
1492,1449
1451,1462
1475,1461
1464,1474
1471,1479
1470,1453
1482,1437
1450,1440
1491,1453
1486,1448
1459,1465
1479,1451
1493,1452
1475,1426
1457,1426
1503,1457
1462,1435
1458,1440
1458,1429
1453,1450
1469,1454
1417,1427
1470,1416
1433,1451
1461,1436
1456,1434
1413,1438
1425,1409
1437,1438
1463,1405
1447,1407
1470,1394
1403,1446
1414,1444
1442,1412
1440,1401
1452,1401
1423,1383
1408,1400
1396,1418
1432,1441
1440,1383
1442,1402
1411,1414
1403,1402
1402,1394
1399,1401
1399,1414
1364,1421
1390,1384
1405,1399
1404,1393
1410,1400
1411,1384
1407,1414
1387,1385
1409,1408
1381,1389
1406,1386
1405,1392
1367,1372
1409,1377
1411,1392
1423,1392
1402,1400
1383,1397
1392,1411
1348,1341
1411,1378
1410,1371
1367,1362
1370,1364
1360,1394
1375,1379
1346,1383
1345,1366
1380,1372
1397,1368
1352,1357
1404,1368
1400,1406
1348,1350
1410,1363
1378,1395
1366,1350
1356,1388
1373,1346
1389,1365
1383,1376
1387,1370
1368,1360
1370,1370
1381,1362
1367,1371
1384,1348
1385,1378
1371,1387
1334,1385
1406,1356
1341,1368
1363,1394
1389,1375
1365,1370
1370,1382
1363,1386
1397,1388
1372,1392
1365,1360
1343,1358
1362,1360
1332,1383
1355,1379
1342,1357
1394,1377
1390,1385
1375,1371
1360,1384
1360,1368
1383,1390
1377,1394
1363,1364
1423,1389
1393,1401
1369,1370
1361,1404
1373,1402
1373,1369
1436,1432
1397,1406
1404,1410
1358,1397
1424,1407
1409,1376
1403,1430
1386,1405
1387,1426
1416,1398
1396,1419
1395,1420
1420,1410
1418,1431
1368,1411
1397,1395
1417,1443
1382,1412
1397,1416
1416,1428
1423,1416
1416,1433
1403,1408
1371,1445
1389,1417
1385,1421
1438,1429
1428,1434
1396,1430
1419,1429
1445,1427
1409,1420
1440,1448
1419,1440
1429,1459
1439,1418
1454,1452
1430,1442
1419,1475
1465,1447
1451,1455
1462,1480
1427,1450
1436,1448
1437,1457
1438,1450
1482,1481
1410,1468
1470,1436
1469,1461
1437,1485
1468,1477
1478,1465
1453,1454
1427,1474
1427,1471
1467,1445
1506,1454
1456,1492
1473,1486
1482,1490
1468,1482
1513,1510
1465,1491
1482,1501
1500,1476
1468,1499
1496,1485
1505,1507
1475,1490
1504,1487
1461,1508
1481,1496
1502,1503
1482,1508
1497,1506
1505,1511
1512,1505
1488,1508
1496,1530
1474,1499
1525,1517
1489,1537
1500,1518
1528,1512
1505,1494
1499,1502
1527,1500
1505,1520
1536,1503
1515,1510
1493,1513
1491,1504
1525,1539
1556,1504
1522,1519
1490,1513
1504,1498
1538,1519
1503,1520
1505,1535
1529,1527
1512,1519
1534,1511
1491,1508
1534,1488
1540,1531
1528,1514
1529,1514
1569,1533
1535,1517
1506,1539
1513,1536
1506,1514
1535,1555
1540,1511
1531,1540
1533,1515
1546,1548
1494,1515
1534,1504
1568,1537
1544,1525
1518,1536
1548,1523
1527,1506
1553,1545
1518,1538
1540,1527
1553,1528
1518,1502
1527,1543
1519,1511
1529,1494
1525,1521
1546,1509
1546,1523
1514,1501
1535,1540
1514,1512
1503,1510
1523,1514
1489,1547
1522,1515
1521,1532
1503,1539
1526,1529
1539,1507
1522,1521
1525,1523
1536,1531
1547,1504
1518,1515
1528,1507
1486,1507
1518,1521
1529,1521
1494,1496
1504,1519
1512,1507
1534,1502
1519,1489
1520,1498
1486,1496
1505,1500
1496,1480
1520,1478
1507,1474
1477,1506
1516,1486
1497,1480
1497,1436
1503,1472
1489,1457
1487,1471
1514,1460
1475,1463
1509,1482
1446,1488
1509,1459
1490,1466
1495,1467
1506,1456
1450,1463
1459,1476
1459,1407
1495,1477
1470,1500
1452,1472
1474,1414
1442,1443
1464,1463
1482,1446
1471,1444
1494,1478
1478,1426
1461,1447
1482,1445
1462,1475
1476,1446
1421,1435
1456,1440
1443,1430
1447,1425
1436,1425
1414,1426
1443,1398
1435,1409
1425,1449
1446,1390
1427,1426
1435,1409
1457,1416
1438,1419
1442,1428
1425,1422
1424,1414
1416,1404
1431,1438
1423,1406
1431,1396
1440,1396
1410,1418
1417,1388
1411,1374
1393,1413
1433,1423
1406,1382
1417,1413
1426,1384
1404,1404
1379,1396
1415,1374
1380,1385
1414,1371
