ch1,ch2
1588,1572
1557,1592
1561,1570
1587,1599
1602,1612
1608,1600
1621,1623
1646,1602
1621,1613
1675,1659
1651,1687
1689,1663
1689,1637
1670,1678
1685,1681
1695,1704
1682,1693
1715,1666
1655,1635
1644,1691
1706,1652
1682,1653
1648,1696
1652,1643
1635,1648
1617,1653
1638,1617
1672,1620
1593,1568
1633,1577
1601,1609
1582,1564
1610,1576
1587,1526
1565,1548
1548,1546
1575,1505
1522,1518
1531,1488
1489,1470
1456,1498
1451,1500
1476,1470
1457,1463
1444,1425
1445,1418
1421,1471
1402,1445
1397,1404
1410,1424
1392,1431
1405,1427
1392,1444
1398,1435
1429,1461
1403,1422
1421,1439
1387,1467
1416,1432
1430,1470
1424,1461
1422,1492
1403,1473
1447,1494
1473,1491
1456,1519
1494,1564
1494,1540
1545,1534
1548,1556
1598,1590
1567,1544
1630,1613
1625,1595
1560,1605
1588,1608
1588,1588
1627,1659
1644,1660
1612,1653
1693,1652
1692,1680
1693,1652
1688,1647
1667,1717
1679,1670
1690,1669
1666,1651
1714,1698
1648,1676
1653,1653
1701,1616
1700,1649
1637,1674
1707,1645
1663,1664
1654,1654
1674,1596
1659,1614
1615,1624
1644,1557
1618,1577
1576,1566
1582,1549
1556,1540
1528,1532
1600,1521
1524,1518
1480,1502
1540,1504
1506,1471
1501,1487
1468,1464
1452,1475
1430,1429
1437,1427
1450,1443
1430,1403
1429,1430
1397,1439
1403,1414
1399,1421
1414,1447
1405,1396
1404,1412
1394,1443
1444,1435
1400,1461
1452,1444
1443,1457
1457,1434
1395,1456
1479,1477
1458,1449
1484,1522
1483,1493
1504,1510
1497,1494
1540,1530
1541,1554
1519,1590
1556,1568
1591,1609
1602,1583
1603,1643
1588,1600
1590,1617
1627,1621
1574,1648
1635,1677
1643,1645
1638,1651
1693,1655
1665,1699
1694,1704
1706,1679
1749,1719
1680,1687
1663,1719
1680,1674
1705,1640
1727,1684
1674,1645
1712,1687
1693,1658
1648,1658
1674,1621
1658,1615
1622,1617
1666,1641
1638,1613
1609,1593
1652,1583
1615,1547
1589,1564
1581,1560
1608,1497
1532,1538
1502,1538
1509,1498
1452,1458
1537,1533
1450,1469
1450,1461
1474,1470
1444,1463
1437,1410
1401,1449
1428,1438
1379,1403
1367,1432
1426,1443
1404,1424
1404,1447
1424,1474
1396,1412
1429,1444
1391,1421
1404,1432
1396,1471
1419,1444
1421,1413
1412,1448
1443,1476
1470,1480
1462,1531
1472,1544
1489,1505
1473,1522
1540,1556
1534,1546
1548,1561
1576,1596
1606,1603
1578,1580
1608,1605
1615,1629
1585,1583
1612,1630
1640,1606
1602,1666
1664,1658
1680,1633
1648,1667
1664,1702
1712,1669
1683,1684
1687,1700
1722,1695
1711,1663
1669,1673
1707,1680
1662,1684
1713,1698
1697,1632
1707,1651
1628,1635
1676,1610
1612,1621
1626,1605
1620,1606
1639,1620
1585,1595
1623,1595
1592,1566
1591,1569
1545,1541
1524,1582
1556,1472
1511,1502
1497,1499
1466,1510
1510,1462
1460,1428
1514,1466
1463,1456
1428,1413
1419,1429
1426,1404
1397,1426
1397,1440
1387,1396
1400,1446
1399,1430
1410,1413
1362,1402
1415,1436
1388,1443
1416,1439
1399,1462
1433,1448
1365,1479
1441,1450
1405,1496
1465,1464
1482,1486
1466,1492
1523,1518
1473,1531
1491,1529
1525,1555
1543,1574
1562,1570
1544,1608
1570,1620
1560,1555
1578,1597
1625,1671
1593,1617
1637,1619
1612,1648
1654,1671
1640,1689
1651,1646
1701,1684
1672,1667
1644,1662
1687,1665
1679,1683
1684,1664
1658,1691
1678,1663
1693,1713
1686,1635
1718,1664
1662,1651
1648,1647
1653,1647
1646,1645
1653,1614
1651,1615
1630,1606
1632,1587
1602,1542
1616,1552
1596,1511
1591,1518
1596,1540
1551,1525
1523,1510
1508,1477
1490,1498
1490,1484
1477,1481
1462,1514
1417,1449
1465,1428
1431,1432
1380,1411
1437,1433
1395,1404
1393,1442
1400,1431
1389,1438
1424,1405
1411,1422
1405,1394
1394,1442
1399,1413
1352,1456
1418,1478
1406,1457
1446,1454
1425,1449
1462,1468
1462,1515
1468,1482
1461,1490
1471,1528
1504,1521
1525,1543
1514,1562
1574,1570
1577,1524
1582,1590
1622,1641
1615,1620
1613,1602
1622,1663
1610,1649
1660,1635
1647,1659
1706,1673
1656,1708
1672,1657
1677,1646
1693,1655
1694,1675
1679,1678
1711,1670
1702,1663
1723,1688
1743,1658
1693,1701
1696,1667
1692,1680
1643,1655
1707,1656
1652,1623
1661,1601
1619,1600
1650,1608
1619,1606
1635,1569
1573,1568
1587,1560
1639,1579
1586,1542
1563,1527
1499,1507
1562,1510
1553,1501
1508,1469
1476,1482
1458,1467
1468,1465
1444,1485
1459,1401
1445,1426
1419,1405
1363,1407
1398,1470
1422,1456
1383,1425
1384,1417
1418,1419
1399,1442
1355,1429
1405,1434
1402,1428
1375,1423
1451,1486
1412,1459
1446,1441
1419,1486
1456,1436
1461,1492
1465,1505
1491,1497
1552,1538
1486,1550
1497,1543
1568,1579
1526,1561
1536,1570
1558,1599
1542,1638
1610,1611
1632,1559
1634,1630
1626,1632
1703,1661
1663,1654
1658,1697
1691,1703
1729,1687
1690,1682
1716,1699
1671,1664
1712,1696
1708,1694
1717,1673
1664,1682
1704,1686
1688,1657
1712,1681
1670,1639
1655,1652
1712,1620
1662,1661
1689,1669
1642,1614
1607,1614
1603,1600
1610,1618
1611,1550
1595,1540
1597,1565
1552,1558
1552,1500
1498,1507
1518,1472
1528,1486
1472,1477
1488,1479
1438,1463
1421,1447
1451,1466
1456,1427
1430,1414
1424,1431
1452,1428
1389,1449
1405,1424
1437,1393
1388,1431
1396,1397
1400,1427
1357,1431
1409,1443
1438,1433
1418,1452
1422,1451
1443,1424
1462,1460
1393,1464
1439,1446
1479,1524
1460,1491
1453,1503
1492,1546
1494,1565
1498,1511
1519,1557
1587,1527
1586,1565
1607,1607
1632,1601
1613,1623
1599,1652
1593,1646
1657,1648
1600,1635
1656,1651
1695,1671
1658,1685
1655,1661
1693,1671
1691,1685
1709,1647
1711,1671
1714,1685
1705,1714
1716,1665
1735,1638
1695,1661
1664,1666
1683,1652
1698,1647
1705,1631
1647,1615
1625,1577
1619,1598
1600,1610
1607,1603
1568,1607
1624,1538
1584,1554
1540,1561
1601,1508
1506,1542
1488,1521
1508,1484
1508,1474
1506,1463
1439,1458
1478,1440
1436,1416
1479,1440
1402,1446
1413,1404
1416,1442
1395,1397
1391,1443
1384,1426
1425,1398
1388,1425
1363,1442
1406,1385
1416,1464
1398,1430
1407,1401
1381,1424
1397,1442
1413,1447
1423,1446
1447,1492
1462,1497
1507,1484
1449,1531
1508,1525
1509,1540
1517,1538
1574,1560
1559,1544
1581,1558
1581,1616
1614,1588
1620,1642
1621,1568
1641,1623
1642,1637
1600,1650
1712,1651
1679,1656
1680,1703
1687,1681
1712,1679
1681,1699
1688,1675
1747,1669
1668,1709
1647,1662
1672,1677
1687,1686
1721,1662
1686,1688
1678,1694
1706,1669
1699,1619
1679,1637
1631,1637
1674,1620
1647,1631
1632,1602
1621,1626
1587,1578
1599,1551
1584,1522
1593,1521
1546,1472
1553,1511
1480,1489
1510,1495
1465,1484
1445,1454
1484,1432
1462,1453
1449,1464
1445,1448
1421,1400
1413,1400
1406,1415
1353,1401
1390,1403
1394,1463
1386,1396
1420,1404
1382,1396
1394,1387
1400,1420
1403,1458
1389,1430
1414,1452
1461,1413
1487,1436
1398,1462
1465,1513
1471,1479
1470,1502
1487,1505
1491,1529
1515,1507
1520,1544
1565,1537
1572,1591
1594,1579
1574,1584
1572,1636
1586,1606
1660,1625
1642,1626
1648,1634
1698,1652
1674,1687
1671,1707
1669,1694
1691,1678
1714,1718
1724,1695
1717,1706
1722,1671
1737,1665
1725,1678
1707,1679
1714,1657
1722,1677
1689,1661
1689,1681
1656,1624
1721,1625
1654,1598
1643,1653
1663,1619
1628,1603
1610,1599
1588,1572
1608,1533
1545,1546
1566,1563
1566,1488
1568,1479
1557,1530
1535,1474
1502,1466
1480,1470
1485,1461
1458,1464
1444,1417
1432,1432
1405,1436
1409,1416
1482,1409
1413,1423
1391,1396
1381,1406
1374,1434
1382,1435
1366,1438
1401,1390
1404,1435
1414,1425
1451,1407
1402,1484
1426,1454
1450,1428
1415,1466
1400,1497
1452,1502
1463,1482
1516,1518
1501,1510
1509,1559
1542,1555
1561,1522
1571,1560
1589,1534
1581,1589
1605,1613
1589,1583
1649,1624
1615,1660
1638,1655
1641,1642
1648,1661
1680,1671
1663,1641
1690,1636
1686,1720
1666,1688
1701,1721
1701,1681
1712,1683
1707,1687
1651,1730
1686,1686
1699,1710
1715,1675
1687,1680
1701,1660
1653,1638
1699,1636
1615,1648
1643,1628
1630,1585
1633,1582
1623,1607
1582,1571
1607,1576
1577,1517
1508,1569
1565,1559
1503,1524
1538,1478
1483,1437
1489,1472
1525,1471
1469,1447
1431,1444
1439,1433
1434,1449
1393,1449
1442,1438
1420,1419
1461,1423
1396,1429
1383,1442
1394,1405
1407,1379
1377,1410
1385,1425
1374,1434
1371,1443
1375,1427
1400,1457
1394,1458
1446,1483
1406,1511
1427,1488
1461,1504
1456,1500
1516,1513
1495,1562
1514,1527
1522,1556
1521,1593
1567,1564
1539,1582
1543,1600
1577,1577
1574,1591
1606,1599
1663,1673
1648,1643
1672,1634
1670,1652
1641,1647
1677,1649
1659,1648
1664,1685
1688,1691
1714,1723
1692,1705
1723,1695
1718,1728
1738,1695
1723,1671
1701,1658
1691,1711
1697,1656
1710,1669
1684,1633
1638,1656
1673,1636
1700,1594
1638,1596
1652,1626
1591,1590
1600,1518
1570,1573
1537,1532
1536,1531
1582,1518
1512,1483
1492,1452
1496,1496
1473,1461
1506,1486
1468,1462
1441,1454
1454,1396
1389,1443
1446,1376
1393,1417
1432,1398
1399,1406
1404,1421
1404,1434
1411,1396
1402,1428
1386,1406
1382,1412
1378,1419
1437,1417
1388,1423
1371,1433
1461,1454
1394,1460
1457,1468
1429,1517
1461,1480
1465,1493
1515,1481
1511,1525
1473,1574
1507,1550
1584,1571
1573,1568
1558,1585
1572,1627
1622,1619
1609,1620
1637,1640
1649,1650
1664,1644
1650,1636
1622,1674
1679,1680
1700,1667
1718,1688
1694,1683
1693,1695
1720,1691
1747,1673
1721,1676
1714,1649
1689,1692
1708,1671
1690,1682
1710,1670
1680,1664
1714,1637
1675,1647
1629,1623
1633,1620
1631,1600
1616,1621
1629,1584
1567,1580
1609,1544
1561,1535
1590,1535
1572,1526
1520,1527
1483,1495
1489,1509
1498,1481
1474,1483
1502,1437
1407,1453
1436,1464
1406,1423
1360,1392
1424,1398
1397,1398
1411,1387
1395,1388
1409,1413
1370,1414
1368,1402
1408,1463
1406,1442
1393,1415
1383,1390
1367,1414
1422,1467
1432,1425
1355,1451
1461,1460
1404,1490
1423,1471
1436,1547
1493,1499
1520,1535
1534,1520
1530,1568
1515,1533
1519,1625
1602,1617
1545,1588
1594,1543
1581,1622
1597,1596
1623,1612
1636,1676
1684,1666
1647,1691
1699,1660
1692,1642
1720,1711
1703,1679
1708,1656
1673,1671
1683,1685
1715,1658
1724,1680
1725,1691
1757,1643
1691,1683
1665,1699
1695,1612
1660,1627
1694,1607
1618,1652
1607,1582
1654,1596
1600,1565
1628,1588
1645,1523
1583,1574
1588,1556
1524,1539
1548,1504
1535,1489
1519,1529
1562,1507
1523,1500
1509,1475
1488,1437
1479,1430
1433,1437
1427,1443
1468,1421
1414,1423
1380,1421
1424,1430
1416,1450
1435,1439
1394,1433
1376,1418
1383,1416
1380,1419
1403,1390
1427,1418
1372,1423
1409,1411
1390,1406
1446,1478
1441,1467
1442,1493
1460,1474
1463,1521
1467,1476
1507,1551
1521,1566
1507,1512
1550,1599
1498,1603
1569,1566
1591,1587
1577,1598
1583,1593
1628,1605
1639,1669
1682,1642
1679,1616
1610,1647
1668,1665
1670,1639
1671,1676
1674,1649
1747,1707
1694,1689
1706,1721
1740,1665
1709,1695
1735,1714
1740,1682
1669,1645
1710,1701
1705,1671
1712,1647
1666,1639
1682,1609
1649,1605
1665,1622
1632,1615
1591,1575
1607,1585
1603,1549
1635,1574
1567,1532
1523,1527
1574,1499
1545,1509
1520,1475
1520,1513
1501,1471
1486,1482
1494,1462
1414,1461
1412,1432
1443,1410
1422,1425
1381,1404
1417,1406
1380,1418
1413,1379
1389,1398
1369,1386
1387,1414
1409,1375
1384,1412
1402,1472
1385,1398
1397,1418
1397,1430
1434,1424
1386,1422
1412,1450
1430,1503
1401,1508
1472,1530
1476,1541
1501,1538
1490,1557
1551,1544
1536,1527
1526,1578
1556,1611
1543,1607
1567,1624
1612,1638
1627,1631
1590,1572
1652,1625
1647,1659
1626,1672
1675,1642
1697,1660
1668,1661
1644,1697
1699,1688
1698,1682
1725,1710
1727,1665
1706,1699
1704,1707
1701,1686
1696,1692
1686,1673
1723,1682
1688,1656
1621,1644
1672,1620
1666,1630
1647,1602
1657,1616
1647,1584
1639,1554
1581,1529
1562,1563
1561,1505
1569,1511
1535,1519
1535,1493
1503,1499
1534,1465
1460,1406
1493,1415
1490,1468
1437,1484
1440,1458
1408,1404
1436,1408
1403,1417
1408,1387
1404,1399
1334,1395
1418,1399
1382,1401
1393,1396
1399,1407
1370,1429
1350,1435
1415,1414
1398,1428
1371,1446
1386,1451
1446,1435
1440,1465
1451,1468
1460,1522
1451,1506
1463,1509
1490,1509
1481,1517
1544,1552
1580,1560
1611,1600
1562,1600
1589,1637
1565,1619
1575,1620
1595,1622
1622,1652
1668,1650
1671,1650
1692,1674
1672,1660
1677,1666
1701,1660
1703,1690
1672,1715
1726,1691
1716,1711
1724,1674
1682,1660
1697,1683
1730,1671
1711,1680
1681,1680
1671,1671
1712,1657
1686,1647
1684,1640
1669,1632
1658,1599
1622,1603
1643,1600
1591,1578
1578,1559
1581,1520
1563,1516
1583,1518
1590,1484
1541,1518
1514,1496
1483,1484
1516,1474
1474,1453
1507,1444
1444,1428
1408,1469
1407,1411
1411,1431
1429,1386
1384,1391
1374,1418
1419,1408
1398,1422
1419,1381
1374,1405
1380,1417
1411,1404
1366,1402
1340,1459
1438,1451
1416,1429
1429,1457
1424,1441
1436,1459
1461,1464
1473,1484
1474,1523
1513,1515
1518,1540
1498,1579
1540,1549
1525,1548
1588,1601
1578,1590
1598,1600
1604,1631
1654,1643
1635,1622
1675,1634
1609,1692
1698,1689
1716,1662
1682,1661
1678,1674
1655,1658
1692,1703
1746,1663
1732,1702
1726,1679
1720,1691
1726,1677
1715,1653
1706,1692
1675,1707
1760,1638
1694,1663
1665,1625
1654,1656
1650,1628
1667,1619
1648,1573
1630,1611
1555,1563
1577,1527
1557,1569
1626,1521
1532,1500
1551,1511
1572,1470
1493,1511
1517,1449
1510,1444
1481,1479
1449,1434
1450,1413
1401,1422
1390,1445
1408,1424
1416,1414
1415,1394
1402,1421
1364,1388
1376,1421
1386,1401
1385,1369
1381,1437
1403,1434
1397,1399
1401,1425
1425,1454
1436,1422
1404,1422
1394,1460
1437,1460
1430,1510
1453,1508
1459,1510
1490,1519
1540,1546
1505,1550
1522,1524
1539,1561
1562,1602
1553,1594
1580,1613
1578,1600
1550,1620
1645,1653
1659,1626
1606,1640
1617,1643
1740,1695
1723,1681
1673,1709
1713,1676
1698,1664
1684,1696
1705,1723
1766,1655
1674,1696
1684,1679
1688,1686
1717,1673
1714,1679
1662,1673
1658,1630
1718,1651
1673,1652
1681,1649
1640,1653
1629,1561
1651,1574
1589,1603
1611,1572
1598,1525
1613,1580
1551,1494
1538,1515
1513,1478
1509,1513
1533,1435
1489,1460
1416,1475
1439,1428
1452,1461
1460,1396
1434,1453
1428,1415
1392,1415
1368,1386
1363,1450
1396,1419
1363,1381
1356,1393
1353,1377
1384,1386
1399,1411
1369,1434
1389,1390
1401,1454
1444,1473
1429,1420
1406,1473
1432,1476
1425,1511
1474,1485
1469,1481
1470,1501
1499,1497
1516,1567
1491,1568
1575,1548
1537,1551
1577,1603
1541,1598
1566,1625
1631,1605
1620,1657
1637,1621
1640,1650
1657,1673
1692,1669
1645,1699
1675,1665
1698,1687
1728,1738
1715,1715
1672,1696
1665,1744
1696,1710
1741,1650
1726,1673
1694,1680
1691,1655
1704,1678
1727,1672
1664,1661
1648,1652
1680,1637
1642,1604
1652,1594
1627,1619
1610,1571
1659,1592
1571,1627
1582,1563
1541,1538
1547,1547
1538,1542
1540,1501
1517,1462
1504,1513
1493,1507
1510,1453
1474,1452
1428,1423
1451,1465
1431,1386
1417,1439
1428,1420
1386,1394
1417,1409
1373,1423
1350,1447
1394,1364
1423,1403
1380,1399
1373,1443
1402,1403
1430,1489
1413,1442
1433,1437
1459,1451
1417,1479
1418,1496
1450,1476
1444,1505
1478,1473
1487,1549
1503,1510
1533,1521
1579,1547
1541,1580
1581,1555
1552,1632
1585,1614
1574,1584
1659,1636
1644,1624
1609,1630
1641,1637
1679,1683
1676,1666
1641,1672
1664,1671
1705,1657
1688,1685
1701,1684
1676,1672
1707,1685
1712,1686
1703,1707
1733,1669
1711,1726
1702,1655
1708,1664
1698,1660
1685,1622
1662,1639
1657,1625
1662,1596
1655,1625
1620,1575
1618,1596
1590,1567
1602,1566
1567,1561
1591,1541
1533,1556
1553,1526
1475,1516
1516,1451
1505,1472
1501,1480
1510,1472
1490,1422
1465,1456
1477,1418
1396,1417
1420,1443
1419,1420
1382,1399
1415,1410
1403,1404
1388,1439
1362,1431
1404,1391
1371,1401
1391,1416
1366,1430
1421,1445
1405,1439
1401,1444
1399,1446
1440,1448
1432,1455
1457,1461
1474,1532
1481,1493
1463,1550
1476,1533
1511,1550
1532,1566
1542,1563
1531,1591
1539,1585
1613,1582
1611,1622
1625,1617
1690,1633
1645,1642
1660,1667
1651,1645
1661,1694
1653,1654
1662,1726
1708,1672
1692,1676
1674,1720
1719,1688
1659,1643
1706,1679
1713,1704
1682,1700
1719,1668
1679,1677
1695,1660
1703,1673
1674,1621
1691,1654
1646,1606
1689,1630
1631,1611
1551,1576
1627,1568
1586,1520
1590,1586
1620,1533
1544,1520
1551,1511
1533,1479
1533,1481
1498,1445
1443,1466
1459,1490
1449,1479
1460,1418
1448,1454
1424,1429
1414,1405
1441,1410
1394,1419
1429,1440
1419,1422
1403,1396
1410,1386
1431,1418
1374,1396
1389,1401
1385,1410
1400,1463
1457,1431
1424,1480
1475,1452
1389,1454
1443,1469
1400,1455
1411,1454
1503,1510
1521,1504
1500,1560
1541,1514
1507,1566
1542,1545
1530,1535
1524,1570
1554,1588
1585,1608
1605,1642
1655,1642
1621,1647
1649,1644
1625,1633
1653,1620
1662,1692
1697,1653
1724,1665
1689,1697
1705,1694
1731,1734
1698,1662
1715,1675
1719,1701
1709,1703
1693,1696
1653,1657
1673,1665
1734,1662
1669,1670
1700,1642
1673,1644
1657,1664
1592,1610
1636,1591
1598,1595
1575,1565
1584,1544
1553,1536
1589,1558
1532,1540
1553,1489
1574,1473
1468,1471
1523,1488
1514,1469
1455,1479
1441,1459
1421,1434
1428,1433
1407,1426
1407,1466
1457,1418
1384,1440
1359,1429
1355,1394
1387,1372
1408,1390
1420,1395
1390,1418
1406,1471
1402,1458
1392,1413
1398,1425
1417,1432
1429,1467
1462,1448
1429,1455
1452,1505
1469,1473
1475,1500
1485,1522
1567,1524
1525,1564
1572,1551
1567,1577
1557,1566
1563,1593
1564,1609
1632,1620
1634,1616
1635,1668
1625,1619
1644,1644
1637,1678
1687,1650
1717,1691
1702,1670
1721,1690
1683,1685
1717,1678
1709,1653
1740,1661
1708,1721
1704,1661
1715,1640
1712,1679
1701,1659
1670,1647
1708,1654
1662,1669
1677,1638
1621,1626
1652,1603
1605,1635
1579,1576
1630,1579
1593,1558
1598,1570
1559,1548
1580,1519
1559,1504
1514,1519
1491,1467
1524,1501
1485,1459
1441,1464
1463,1413
1450,1481
1440,1452
1443,1440
1410,1414
1465,1414
1401,1441
1403,1418
1377,1379
1406,1399
1391,1383
1383,1385
1409,1433
1379,1425
1405,1461
1404,1459
1418,1452
1439,1450
1409,1473
1439,1451
1465,1469
1473,1469
1445,1516
1455,1487
1495,1510
1493,1489
1529,1537
1466,1556
1492,1530
1536,1584
1563,1570
1560,1593
1601,1620
1646,1593
1592,1593
1642,1617
1631,1666
1650,1698
1667,1646
1676,1678
1692,1668
1726,1683
1692,1699
1731,1654
1681,1698
1667,1674
1682,1701
1702,1676
1697,1670
1694,1659
1726,1667
1707,1663
1681,1626
1629,1647
1683,1609
1690,1611
1688,1611
1620,1580
1635,1586
1628,1593
1632,1585
1620,1530
1585,1538
1567,1517
1532,1553
1525,1511
1511,1510
1518,1458
1466,1520
1513,1498
1448,1480
1489,1440
1423,1484
1440,1416
1423,1433
1416,1442
1413,1430
1411,1440
1390,1426
1410,1384
1370,1419
1405,1428
1383,1427
1440,1400
1406,1393
1407,1456
1446,1446
1417,1423
1412,1455
1415,1448
1452,1489
1409,1521
1452,1467
1492,1477
1461,1476
1505,1510
1519,1548
1537,1548
1532,1530
1507,1594
1544,1568
1559,1569
1583,1570
1591,1573
1597,1614
1590,1630
1617,1613
1661,1637
1663,1648
1673,1701
1639,1668
1663,1680
1679,1672
1725,1706
1677,1670
1677,1701
1705,1663
1739,1669
1687,1695
1709,1662
1703,1689
1691,1701
1668,1644
1681,1635
1676,1658
1665,1644
1674,1614
1647,1603
1633,1632
1592,1585
1574,1588
1612,1604
1549,1579
1592,1509
1510,1474
1533,1484
1506,1507
1522,1482
1547,1464
1489,1477
1503,1500
1468,1458
1444,1442
1444,1420
1446,1415
1409,1435
1382,1418
1395,1443
1480,1459
1397,1419
1423,1402
1412,1409
1409,1438
1398,1401
1430,1442
1387,1462
1364,1448
1420,1446
1416,1419
1434,1441
1406,1469
1440,1493
1465,1485
1498,1493
1458,1500
1453,1498
1487,1514
1453,1535
1516,1546
1528,1580
1530,1577
1531,1556
1588,1622
1614,1632
1619,1594
1591,1630
1621,1622
1639,1658
1647,1652
1657,1640
1632,1654
1690,1657
1692,1654
1672,1696
1713,1684
1689,1703
1713,1652
1741,1673
1662,1718
1716,1614
1713,1664
1720,1632
1680,1679
1663,1645
1692,1607
1678,1616
1668,1647
1633,1603
1636,1616
1614,1602
1634,1580
1599,1562
1555,1525
1636,1546
1533,1482
1539,1529
1517,1506
1498,1501
1522,1523
1477,1494
1480,1457
1500,1449
1509,1452
1448,1419
1460,1440
1453,1388
1414,1418
1391,1433
1404,1418
1427,1471
1405,1404
1412,1405
1413,1429
1346,1424
1422,1418
1398,1431
1417,1418
1464,1437
1435,1451
1466,1399
1442,1430
1474,1476
1475,1483
1462,1499
1465,1518
1486,1515
1508,1543
1515,1519
1515,1559
1545,1532
1523,1558
1565,1568
1578,1592
1583,1573
1580,1643
1618,1632
1636,1611
1638,1667
1581,1635
1645,1650
1683,1649
1672,1700
1705,1661
1703,1664
1657,1658
1702,1672
1695,1674
1674,1673
1684,1656
1705,1678
1732,1686
1687,1655
1662,1640
1669,1666
1688,1640
1688,1644
1672,1633
1653,1652
1655,1605
1638,1614
1638,1588
1600,1558
1600,1574
1566,1553
1540,1577
1546,1579
1550,1524
1507,1531
1489,1484
1494,1508
1529,1492
1434,1479
1477,1484
1463,1458
1484,1457
1503,1471
1457,1436
1410,1427
1363,1432
1389,1436
1412,1440
1407,1410
1396,1399
1422,1436
1398,1436
1419,1427
1405,1445
1419,1469
1406,1436
1427,1454
1436,1432
1456,1440
1463,1494
1473,1485
1484,1511
1482,1499
1470,1518
1501,1525
1495,1565
1466,1551
1540,1552
1553,1573
1566,1573
1543,1605
1574,1630
1576,1616
1623,1615
1581,1590
1617,1638
1653,1661
1677,1674
1635,1693
1708,1691
1694,1645
1693,1686
1686,1666
1686,1687
1686,1681
1685,1682
1675,1691
1687,1620
1675,1671
1651,1648
1683,1658
1735,1654
1676,1659
1681,1637
1680,1620
1641,1598
1649,1631
1603,1600
1626,1562
1614,1597
1577,1566
1525,1571
1585,1542
1540,1537
1553,1496
1541,1467
1524,1544
1530,1512
1530,1457
1463,1450
1463,1476
1466,1442
1442,1449
1417,1469
1387,1443
1445,1460
1417,1431
1420,1376
1422,1449
1401,1433
1408,1414
1412,1387
1397,1428
1444,1414
1400,1441
1398,1442
1449,1472
1416,1477
1428,1469
1436,1465
1417,1484
1418,1497
1448,1478
1476,1488
1505,1494
1505,1524
1515,1545
1556,1563
1540,1571
1577,1587
1556,1554
1578,1610
1593,1579
1630,1590
1600,1612
1602,1623
1665,1608
1685,1641
1694,1641
1650,1637
1660,1674
1704,1676
1663,1699
1697,1657
1695,1705
1705,1671
1694,1669
1676,1666
1704,1652
1662,1624
1663,1651
1674,1665
1685,1650
1672,1601
1650,1611
1655,1658
1652,1640
1631,1574
1609,1601
1644,1584
1605,1569
1597,1596
1587,1530
1567,1518
1542,1526
1528,1518
1515,1522
1517,1513
1498,1479
1509,1490
1479,1491
1466,1451
1430,1483
1461,1446
1434,1423
1440,1459
1406,1418
1443,1402
1417,1417
1420,1438
1364,1436
1432,1433
1412,1452
1402,1424
1382,1454
1468,1459
1425,1458
1441,1469
1426,1435
1427,1490
1454,1489
1479,1469
1450,1527
1504,1524
1471,1507
1514,1517
1479,1557
1539,1563
1523,1578
1530,1549
1545,1624
1583,1619
1659,1580
1628,1608
1631,1605
1636,1622
1594,1678
1676,1660
1698,1652
1669,1651
1702,1653
1668,1642
1703,1702
1649,1702
1695,1686
1675,1677
1709,1672
1724,1633
1708,1664
1709,1647
1680,1672
1670,1651
1678,1639
1665,1678
1637,1590
1657,1610
1672,1630
1632,1610
1650,1593
1625,1594
1616,1564
1590,1534
1612,1550
1593,1557
1548,1551
1543,1546
1548,1519
1544,1472
1525,1484
1496,1506
1462,1461
1470,1496
1458,1444
1467,1439
1438,1437
1456,1447
1404,1412
1365,1420
1409,1430
1361,1461
1429,1440
1418,1441
1451,1419
1445,1422
1389,1413
1406,1456
1422,1471
1411,1433
1408,1445
1441,1434
1446,1487
1457,1480
1457,1480
1483,1480
1479,1529
1504,1557
1506,1571
1526,1574
1538,1574
1519,1566
1538,1568
1571,1624
1548,1601
1566,1587
1599,1601
1567,1636
1626,1644
1572,1639
1659,1645
1642,1636
1664,1603
1659,1650
1658,1659
1664,1637
1688,1665
1696,1691
1670,1673
1743,1674
1691,1661
1650,1654
1703,1652
1698,1628
1705,1661
1653,1654
1667,1637
1643,1647
1643,1611
1673,1600
1644,1615
1591,1603
1614,1593
1613,1584
1574,1545
1570,1553
1497,1547
1540,1519
1531,1502
1532,1538
1461,1480
1507,1490
1475,1499
1491,1470
1476,1486
1434,1438
1455,1466
1403,1453
1426,1438
1421,1445
1416,1436
1404,1459
1442,1437
1423,1431
1412,1440
1450,1405
1424,1413
1435,1420
1425,1393
1398,1422
1452,1441
1478,1462
1421,1447
1413,1508
1513,1472
1478,1467
1477,1492
1453,1506
1478,1520
1537,1543
1529,1519
1561,1566
1584,1558
1548,1543
1559,1600
1587,1582
1603,1601
1646,1606
1584,1635
1648,1651
1660,1648
1657,1635
1683,1626
1651,1667
1653,1622
1671,1640
1683,1690
1657,1677
1683,1650
1672,1679
1663,1678
1685,1696
1688,1656
1705,1659
1673,1612
1711,1661
1649,1650
1642,1620
1688,1601
1676,1617
1622,1622
1609,1598
1637,1591
1619,1558
1536,1561
1580,1557
1563,1586
1567,1528
1521,1520
1555,1526
1489,1532
1476,1498
1484,1491
1466,1467
1446,1442
1470,1433
1461,1444
1486,1464
1440,1440
1452,1428
1419,1406
1393,1421
1425,1452
1416,1457
1421,1424
1399,1433
1422,1415
1423,1437
1387,1432
1454,1450
1425,1444
1453,1474
1401,1506
1433,1509
1469,1499
1456,1538
1506,1523
1509,1508
1497,1513
1502,1535
1521,1529
1543,1499
1568,1580
1543,1620
1570,1597
1604,1621
1572,1641
1559,1650
1614,1607
1633,1618
1650,1671
1674,1638
1649,1658
1691,1651
1683,1677
1694,1643
1653,1668
1646,1652
1654,1672
1667,1658
1685,1665
1715,1700
1687,1674
1658,1633
1674,1657
1691,1695
1667,1607
1685,1619
1626,1623
1658,1590
1572,1550
1607,1602
1642,1592
1569,1553
1577,1568
1585,1545
1581,1551
1551,1500
1569,1548
1531,1544
1519,1548
1558,1513
1504,1513
1469,1485
1488,1477
1466,1424
1458,1431
1425,1460
1430,1471
1490,1447
1445,1421
1402,1471
1447,1434
1440,1416
1424,1423
1432,1393
1412,1403
1399,1411
1462,1451
1424,1455
1451,1450
1440,1444
1436,1468
1434,1481
1470,1487
1467,1448
1498,1513
1495,1494
1468,1546
1482,1534
1565,1551
1564,1528
1510,1568
1562,1573
1530,1533
1590,1600
1585,1578
1592,1621
1641,1609
1605,1617
1617,1607
1641,1633
1638,1631
1639,1656
1606,1644
1640,1636
1653,1673
1672,1657
1642,1647
1669,1672
1720,1650
1672,1643
1715,1660
1701,1667
1677,1646
1705,1654
1663,1626
1674,1649
1685,1640
1636,1625
1647,1637
1610,1586
1610,1603
1615,1589
1598,1557
1605,1594
1574,1551
1556,1555
1526,1550
1534,1557
1538,1525
1563,1501
1547,1490
1490,1466
1494,1478
1449,1440
1445,1461
1441,1447
1447,1466
1388,1466
1427,1430
1438,1460
1402,1434
1408,1451
1434,1432
1406,1432
1446,1424
1411,1427
1426,1428
1426,1430
1436,1436
1384,1486
1454,1441
1442,1464
1443,1460
1470,1476
1484,1508
1540,1480
1480,1486
1497,1530
1535,1541
1541,1560
1528,1564
1520,1580
1532,1570
1559,1590
1550,1593
1613,1592
1607,1649
1611,1627
1624,1637
1626,1641
1673,1659
1670,1613
1648,1640
1663,1644
1674,1684
1640,1656
1680,1625
1652,1718
1681,1641
1699,1631
1647,1636
1667,1677
1698,1642
1693,1650
1662,1632
1712,1633
1676,1639
1662,1635
1704,1592
1664,1560
1656,1597
1608,1568
1635,1580
1567,1558
1553,1544
1528,1571
1536,1549
1556,1560
1544,1549
1522,1516
1529,1502
1457,1492
1520,1497
1496,1456
1474,1477
1451,1450
1480,1402
1469,1440
1440,1491
1444,1452
1450,1426
1442,1429
1393,1417
1374,1464
1413,1449
1412,1431
1398,1469
1448,1423
1426,1411
1435,1468
1427,1447
1467,1494
1461,1434
1453,1482
1472,1497
1460,1497
1485,1511
1484,1538
1512,1515
1525,1525
1505,1516
1503,1570
1573,1559
1528,1539
1596,1571
1613,1607
1617,1606
1606,1596
1577,1603
1639,1611
1661,1646
1712,1631
1642,1624
1687,1668
1661,1611
1682,1621
1689,1647
1705,1645
1676,1665
1699,1648
1667,1657
1688,1674
1661,1662
1645,1665
1677,1631
1653,1688
1622,1648
1635,1640
1645,1607
1593,1586
1651,1587
1615,1605
1576,1591
1633,1584
1604,1591
1551,1528
1581,1553
1549,1492
1568,1504
1518,1525
1541,1466
1519,1552
1485,1451
1538,1440
1518,1441
1485,1464
1421,1459
1452,1473
1470,1474
1422,1459
1423,1446
1441,1455
1385,1436
1435,1448
1416,1447
1409,1419
1388,1427
1361,1432
1420,1447
1436,1491
1442,1448
1458,1455
1419,1460
1439,1486
1440,1517
1478,1465
1473,1510
1516,1469
1497,1490
1517,1537
1536,1543
1551,1568
1533,1525
1606,1569
1494,1600
1605,1601
1590,1618
1646,1597
1591,1615
1595,1614
1621,1622
1652,1607
1653,1653
1648,1629
1647,1672
1675,1655
1679,1672
1679,1635
1668,1678
1690,1625
1670,1630
1640,1639
1674,1654
1638,1638
1638,1644
1669,1655
1682,1638
1642,1634
1630,1591
1615,1618
1577,1640
1615,1578
1608,1563
1621,1558
1587,1567
1570,1590
1565,1516
1567,1566
1530,1525
1492,1546
1546,1484
1513,1530
1512,1475
1520,1494
1474,1457
1469,1455
1473,1460
1491,1447
1466,1482
1437,1399
1477,1420
1460,1434
1403,1429
1467,1446
1439,1433
1447,1445
1381,1436
1353,1448
1434,1426
1408,1432
1428,1480
1416,1453
1463,1465
1476,1477
1452,1475
1455,1509
1508,1507
1519,1542
1469,1500
1492,1474
1543,1510
1507,1539
1510,1576
1589,1581
1577,1538
1543,1578
1558,1588
1586,1583
1614,1614
1641,1607
1608,1609
1612,1630
1660,1680
1644,1666
1663,1685
1627,1660
1668,1660
1647,1687
1687,1675
1674,1645
1680,1681
1662,1655
1674,1618
1692,1654
1660,1679
1673,1644
1658,1637
1653,1658
1666,1627
1657,1615
1636,1609
1609,1607
1608,1609
1594,1560
1588,1561
1651,1563
1558,1570
1596,1488
1612,1537
1482,1505
1536,1518
1533,1533
1527,1449
1512,1505
1502,1478
1463,1489
1514,1461
1483,1477
1466,1461
1481,1450
1469,1437
1393,1450
1468,1455
1450,1434
1426,1422
1429,1442
1407,1450
1399,1482
1439,1464
1437,1485
1401,1457
1464,1434
1442,1471
1507,1439
1499,1473
1456,1526
1469,1521
1510,1468
1489,1508
1498,1511
1543,1506
1536,1538
1489,1594
1518,1567
1535,1559
1558,1599
1564,1561
1589,1553
1570,1601
1581,1664
1598,1622
1608,1626
1648,1647
1626,1620
1621,1664
1668,1707
1653,1676
1643,1659
1679,1673
1607,1672
1683,1674
1701,1643
1649,1669
1684,1656
1671,1645
1671,1668
1635,1616
1681,1664
1655,1651
1644,1645
1681,1614
1616,1591
1638,1572
1632,1591
1588,1595
1604,1581
1574,1505
1567,1499
1569,1540
1501,1499
1545,1516
1525,1479
1512,1545
1549,1498
1486,1522
1483,1479
1490,1471
1453,1455
1418,1455
1455,1461
1445,1467
1462,1459
1451,1432
1435,1459
1380,1482
1410,1478
1462,1434
1439,1413
1381,1428
1445,1450
1449,1476
1424,1443
1432,1453
1433,1477
1486,1460
1463,1454
1486,1504
1473,1499
1492,1495
1496,1508
1516,1517
1532,1518
1528,1574
1533,1569
1525,1563
1524,1556
1567,1538
1582,1611
1558,1563
1602,1639
1617,1637
1613,1621
1583,1629
1643,1623
1663,1631
1643,1607
1649,1667
1643,1679
1699,1647
1633,1656
1691,1682
1683,1668
1651,1666
1666,1652
1684,1616
1677,1657
1626,1626
1658,1651
1679,1638
1719,1618
1648,1622
1658,1561
1587,1601
1648,1597
1593,1622
1639,1603
1560,1534
1594,1538
1572,1508
1521,1521
1564,1543
1509,1505
1567,1480
1466,1547
1492,1496
1472,1497
1507,1443
1463,1460
1477,1464
1448,1470
1478,1439
1451,1418
1442,1447
1409,1453
1430,1415
1436,1454
1428,1436
1448,1420
1415,1446
1408,1429
1449,1439
1450,1438
1419,1416
1466,1444
1462,1480
1485,1455
1473,1479
1439,1480
1473,1525
1483,1512
1485,1547
1481,1513
1525,1542
1539,1528
1526,1558
1600,1545
1566,1539
1589,1589
1575,1582
1610,1609
1611,1580
1570,1587
1650,1607
1596,1652
1661,1644
1613,1635
1686,1611
1675,1653
1641,1656
1692,1661
1656,1660
1632,1656
1714,1667
1663,1644
1672,1661
1694,1654
1640,1614
1679,1664
1649,1602
1683,1655
1618,1634
1632,1569
1629,1607
1638,1562
1630,1586
1571,1606
1620,1549
1592,1551
1571,1577
1533,1540
1566,1540
1520,1504
1535,1499
1520,1505
1512,1517
1491,1509
1459,1473
1492,1472
1461,1501
1443,1443
1452,1494
1443,1495
1463,1451
1421,1440
1455,1431
1385,1438
1439,1447
1407,1443
1409,1413
1465,1413
1419,1464
1444,1436
1448,1449
1408,1472
1415,1455
1456,1469
1457,1474
1481,1470
1496,1510
1508,1502
1510,1502
1524,1529
1472,1513
1515,1558
1559,1557
1592,1572
1522,1571
1547,1564
1585,1598
1589,1596
1599,1618
1600,1627
1615,1643
1617,1626
1637,1639
1628,1643
1639,1648
1678,1628
1673,1670
1623,1641
1687,1655
1613,1652
1694,1636
1682,1662
1689,1654
1646,1650
1635,1636
1684,1656
1659,1627
1651,1597
1670,1612
1619,1607
1608,1615
1660,1597
1604,1579
1611,1550
1560,1589
1600,1550
1614,1540
1511,1539
1609,1545
1553,1561
1541,1498
1551,1525
1518,1491
1483,1508
1441,1513
1480,1473
1494,1473
1483,1465
1482,1477
1467,1429
1442,1472
1461,1508
1427,1445
1448,1419
1425,1458
1424,1495
1433,1448
1422,1458
1448,1430
1379,1442
1406,1475
1372,1466
1434,1454
1407,1461
1417,1490
1491,1489
1492,1486
1456,1506
1455,1549
1500,1524
1499,1537
1499,1522
1548,1540
1530,1560
1504,1585
1528,1568
1572,1597
1601,1572
1611,1623
1589,1672
1591,1590
1646,1641
1650,1645
1641,1619
1646,1708
1636,1670
1632,1646
1665,1670
1645,1626
1642,1667
1635,1632
1697,1661
1672,1665
1680,1635
1669,1650
1637,1675
1655,1654
1644,1651
1634,1646
1657,1619
1634,1605
1623,1623
1657,1604
1623,1578
1614,1560
1637,1574
1544,1556
1587,1600
1508,1556
1539,1555
1516,1500
1523,1508
1496,1479
1540,1513
1488,1480
1474,1441
1489,1469
1426,1463
1458,1497
1415,1428
1485,1462
1446,1444
1437,1416
1442,1452
1403,1444
1483,1455
1390,1384
1392,1426
1484,1451
1414,1433
1441,1411
1429,1472
1426,1477
1456,1467
1480,1506
1440,1475
1473,1504
1456,1511
1508,1509
1475,1524
1484,1525
1516,1526
1516,1528
1521,1538
1559,1540
1587,1585
1609,1592
1626,1581
1566,1611
1590,1622
1617,1602
1624,1655
1606,1635
1632,1618
1638,1614
1663,1647
1646,1643
1638,1647
1627,1672
1677,1644
1685,1615
1681,1677
1667,1631
1699,1627
1660,1641
1698,1640
1646,1630
1671,1592
1676,1656
1669,1611
1665,1636
1682,1614
1614,1604
1683,1566
1574,1579
1621,1585
1598,1504
1587,1563
1548,1588
1592,1550
1575,1481
1505,1550
1504,1507
1491,1529
1495,1476
1519,1460
1517,1500
1511,1443
1479,1455
1454,1448
1457,1444
1485,1428
1444,1461
1441,1486
1466,1446
1431,1440
1399,1447
1431,1440
1433,1472
1436,1457
1447,1477
1448,1436
1401,1478
1444,1486
1482,1439
1474,1503
1468,1486
1448,1487
1473,1511
1469,1465
1501,1542
1472,1513
1512,1490
1544,1540
1540,1536
1563,1577
1549,1582
1545,1582
1578,1618
1560,1621
1644,1614
1624,1619
1628,1620
1615,1658
1633,1654
1657,1621
1654,1661
1642,1647
1647,1643
1662,1655
1660,1657
1669,1666
1666,1656
1660,1685
1677,1655
1703,1662
1675,1666
1644,1658
1670,1628
1687,1643
1641,1648
1626,1647
1655,1595
1635,1581
1576,1580
1584,1582
1615,1621
1588,1564
1564,1570
1528,1599
1561,1536
1552,1535
1510,1509
1513,1502
1502,1504
1517,1511
1465,1483
1476,1470
1460,1454
1432,1474
1444,1427
1469,1450
1474,1429
1438,1453
1469,1384
1454,1419
1436,1441
1404,1487
1463,1451
1442,1454
1422,1465
1414,1390
1403,1411
1414,1428
1414,1460
1440,1472
1419,1461
1456,1521
1462,1492
1479,1543
1492,1551
1500,1573
1534,1563
1521,1512
1485,1597
1543,1597
1556,1576
1560,1564
1558,1594
1594,1601
1600,1640
1633,1625
1619,1576
1600,1657
1624,1586
1627,1644
1635,1632
1616,1652
1664,1662
1681,1654
1666,1663
1655,1650
1635,1675
1695,1669
1662,1630
1688,1646
1609,1644
1683,1647
1642,1679
1678,1596
1641,1616
1633,1610
1635,1680
1577,1595
1606,1632
1611,1592
1570,1602
1612,1605
1542,1518
1528,1551
1536,1557
1561,1554
1543,1507
1521,1524
1515,1518
1518,1481
1481,1506
1511,1474
1447,1453
1504,1420
1461,1419
1477,1441
1477,1442
1415,1479
1446,1443
1433,1430
1433,1457
1430,1444
1420,1441
1406,1421
1407,1477
1445,1425
1427,1462
1468,1482
1432,1468
1461,1436
1480,1482
1455,1500
1478,1455
1469,1525
1506,1515
1475,1495
1514,1543
1534,1523
1509,1573
1573,1563
1540,1553
1548,1570
1620,1573
1613,1597
1620,1602
1619,1618
1584,1619
1642,1626
1645,1653
1648,1638
1648,1645
1641,1639
1654,1623
1680,1657
1662,1619
1705,1669
1651,1656
1655,1669
1687,1663
1685,1642
1719,1653
1659,1613
1675,1622
1640,1633
1680,1616
1650,1612
1622,1609
1657,1616
1585,1610
1629,1605
1654,1590
1589,1605
1606,1552
1606,1566
1558,1539
1567,1510
1541,1529
1568,1497
1539,1533
1496,1515
1490,1481
1496,1498
1499,1463
1464,1471
1461,1455
1435,1441
1429,1448
1468,1464
1437,1433
1426,1444
1413,1451
1445,1442
1441,1415
1403,1478
1448,1417
1400,1451
1446,1464
1445,1440
1483,1446
1481,1454
1442,1499
1470,1472
1462,1505
1479,1502
1485,1521
1490,1502
1467,1533
1500,1571
1549,1555
1520,1536
1533,1593
1531,1587
1551,1597
1557,1576
1584,1573
1575,1585
1607,1623
1655,1615
1618,1619
1645,1658
1633,1646
1586,1656
1678,1651
1642,1650
1653,1661
1701,1660
1652,1665
1687,1647
1658,1693
1693,1654
1666,1675
1655,1651
1705,1665
1646,1612
1655,1627
1674,1623
1648,1624
1639,1618
1648,1598
1614,1598
1649,1592
1575,1566
1579,1559
1593,1550
1570,1567
1554,1511
1518,1497
1548,1522
1549,1488
1528,1528
1506,1504
1510,1466
1485,1474
1502,1498
1469,1466
1462,1472
1490,1440
1452,1406
1450,1422
1402,1431
1403,1444
1417,1459
1393,1446
1434,1475
1437,1446
1422,1406
1429,1438
1511,1427
1445,1487
1454,1453
1432,1485
1468,1481
1494,1452
1481,1508
1496,1529
1488,1535
1518,1515
1515,1563
1563,1525
1521,1537
1537,1529
1540,1578
1538,1568
1540,1556
1586,1554
1559,1643
1613,1630
1584,1621
1679,1617
1618,1624
1652,1669
1631,1666
1680,1653
1650,1641
1714,1683
1679,1676
1626,1659
1692,1701
1702,1663
1647,1666
1680,1679
1694,1659
1649,1629
1632,1629
1626,1598
1659,1628
1689,1654
1591,1625
1625,1647
1558,1649
1600,1595
1622,1601
1601,1558
1564,1566
1544,1533
1578,1570
1531,1525
1527,1538
1538,1549
1521,1522
1514,1508
1491,1504
1500,1503
1484,1460
1453,1464
1458,1468
1471,1443
1485,1490
1482,1472
1442,1421
1432,1445
1438,1425
1414,1435
1398,1468
1405,1415
1457,1432
1408,1445
1453,1454
1403,1441
1460,1434
1457,1433
1429,1486
1447,1480
1483,1475
1463,1487
1497,1499
1469,1501
1472,1504
1511,1556
1544,1580
1534,1531
1572,1568
1522,1581
1579,1589
1560,1582
1571,1598
1599,1603
1570,1599
1591,1628
1610,1624
1646,1622
1631,1664
1651,1610
1652,1657
1661,1662
1695,1677
1695,1680
1682,1640
1649,1612
1712,1669
1689,1641
1683,1680
1674,1657
1640,1657
1723,1625
1671,1641
1666,1641
1657,1581
1629,1592
1607,1600
1608,1612
1622,1583
1629,1579
1604,1570
1563,1571
1628,1517
1534,1571
1576,1541
1524,1527
1541,1550
1495,1520
1475,1488
1505,1468
1502,1460
1476,1482
1500,1467
1486,1524
1459,1465
1445,1456
1474,1445
1400,1431
1425,1386
1443,1465
1424,1442
1413,1446
1431,1464
1431,1449
1428,1440
1417,1437
1455,1405
1422,1465
1424,1442
1447,1440
1398,1490
1474,1510
1455,1467
1510,1534
1500,1510
1492,1513
1510,1531
1531,1538
1561,1573
1547,1527
1540,1599
1513,1581
1584,1604
1563,1608
1580,1626
1619,1616
1607,1622
1609,1641
1607,1649
1622,1660
1649,1617
1649,1629
1655,1639
1689,1629
1681,1681
1692,1607
1719,1678
1673,1656
1690,1655
1671,1641
1660,1648
1685,1659
1696,1597
1679,1655
1665,1614
1647,1597
1684,1627
1628,1626
1636,1568
1632,1604
1605,1581
1608,1534
1556,1555
1567,1585
1547,1499
1516,1510
1514,1518
1535,1494
1469,1511
1489,1494
1473,1449
1493,1450
1454,1455
1473,1426
1478,1447
1411,1463
1444,1479
1464,1425
1410,1446
1374,1437
1444,1437
1396,1449
1440,1433
1389,1435
1428,1455
1445,1424
1470,1449
1406,1452
1390,1469
1435,1465
1446,1481
1491,1505
1459,1499
1455,1525
1482,1516
1491,1518
1508,1525
1509,1521
1540,1564
1520,1575
1559,1595
1526,1606
1575,1598
1583,1567
1600,1568
1605,1604
1606,1631
1608,1657
1635,1630
1664,1627
1695,1644
1651,1658
1644,1673
1668,1696
1649,1664
1671,1654
1694,1663
1703,1628
1650,1702
1675,1624
1617,1660
1707,1668
1681,1633
1641,1669
1658,1627
1642,1617
1633,1601
1673,1640
1620,1627
1638,1589
1571,1559
1580,1559
1568,1555
1555,1535
1533,1530
1556,1528
1559,1573
1523,1532
1500,1470
1503,1469
1486,1499
1497,1528
1486,1486
1443,1463
1456,1431
1455,1458
1402,1423
1453,1419
1431,1444
1429,1412
1440,1427
1408,1424
1404,1470
1409,1471
1399,1470
1397,1445
1440,1478
1422,1463
1406,1429
1440,1447
1419,1488
1442,1407
1423,1523
1471,1483
1461,1507
1480,1515
1519,1548
1539,1554
1504,1558
1557,1562
1603,1588
1555,1561
1569,1632
1577,1615
1567,1588
1651,1612
1626,1633
1667,1658
1634,1648
1622,1658
1660,1658
1647,1677
1677,1689
1658,1671
1670,1654
1673,1655
1682,1665
1678,1648
1702,1693
1692,1686
1684,1663
1696,1640
1663,1639
1650,1642
1645,1630
1693,1682
1655,1625
1623,1605
1647,1587
1658,1578
1638,1574
1606,1587
1619,1554
1603,1576
1559,1534
1556,1511
1518,1542
1519,1543
1492,1526
1523,1475
1505,1498
1505,1461
1481,1475
1430,1480
1481,1467
1494,1491
1461,1425
1439,1466
1381,1435
1426,1476
1407,1465
1419,1464
1438,1423
1429,1424
1388,1448
1459,1454
1407,1463
1378,1457
1424,1465
1435,1434
1470,1471
1442,1490
1477,1484
1415,1530
1479,1511
1478,1526
1493,1546
1509,1502
1485,1505
1505,1565
1561,1536
1550,1560
1572,1574
1624,1610
1573,1598
1572,1620
1633,1620
1635,1628
1619,1671
1604,1648
1611,1656
1630,1641
1692,1673
1641,1681
1656,1643
1680,1676
1688,1658
1663,1660
1664,1653
1718,1665
1695,1651
1676,1690
1717,1674
1705,1665
1663,1692
1656,1597
1652,1661
1639,1630
1682,1621
1625,1602
1594,1609
1601,1576
1607,1549
1566,1558
1586,1533
1575,1549
1568,1531
1553,1500
1542,1531
1554,1500
1516,1501
1510,1497
1479,1444
1498,1447
1452,1445
1452,1485
1456,1441
1511,1472
1433,1441
1434,1441
1429,1426
1450,1452
1418,1416
1395,1451
1394,1469
1423,1443
1434,1453
1425,1451
1425,1432
1437,1456
1482,1440
1452,1499
1434,1458
1401,1498
1456,1458
1506,1567
1514,1513
1494,1517
1525,1535
1532,1561
1528,1582
1546,1588
1554,1601
1592,1556
1602,1621
1523,1584
1581,1618
1593,1614
1628,1626
1642,1620
1643,1625
1617,1649
1597,1664
1670,1701
1648,1668
1724,1672
1653,1661
1670,1669
1683,1690
1690,1656
1660,1647
1712,1628
1668,1659
1672,1642
1725,1617
1663,1659
1634,1610
1666,1634
1628,1629
1654,1618
1616,1620
1610,1587
1589,1582
1580,1550
1567,1518
1557,1548
1583,1521
1545,1502
1537,1494
1504,1463
1535,1486
1528,1497
1515,1464
1483,1457
1444,1500
1482,1443
1409,1466
1440,1448
1428,1462
1456,1413
1404,1419
1430,1436
1403,1393
1445,1409
1411,1427
1359,1438
1420,1439
1394,1405
1394,1444
1430,1478
1422,1451
1441,1434
1453,1455
1462,1481
1451,1444
1488,1486
1452,1529
1493,1514
1480,1525
1468,1497
1556,1528
1518,1571
1554,1552
1533,1573
1567,1587
1590,1607
1572,1609
1603,1596
1622,1644
1612,1635
1638,1610
1636,1649
1680,1662
1679,1673
1677,1689
1693,1668
1680,1617
1678,1683
1654,1677
1709,1624
1690,1660
1697,1683
1673,1671
1691,1676
1661,1631
1670,1643
1629,1625
1658,1572
1620,1639
1702,1641
1650,1594
1589,1616
1644,1586
1616,1559
1560,1573
1587,1547
1562,1503
1543,1518
1558,1516
1509,1528
1514,1484
1491,1552
1536,1498
1506,1476
1453,1420
1433,1459
1500,1458
1446,1439
1425,1450
1415,1446
1477,1416
1426,1424
1467,1454
1408,1419
1418,1422
1410,1467
1403,1452
1413,1437
1413,1490
1425,1412
1427,1468
1412,1476
1469,1468
1453,1492
1485,1474
1438,1486
1480,1470
1478,1519
1495,1502
1490,1510
1541,1554
1571,1553
1538,1564
1511,1583
1534,1592
1601,1604
1625,1615
1586,1637
1630,1607
1616,1615
1618,1663
1640,1649
1653,1665
1609,1645
1646,1647
1673,1661
1652,1647
1677,1686
1694,1664
1687,1654
1729,1646
1653,1672
1669,1655
1678,1621
1662,1652
1666,1666
1656,1616
1661,1647
1679,1631
1642,1612
1657,1589
1629,1584
1599,1599
1593,1583
1607,1580
1567,1548
1576,1556
1516,1558
1541,1505
1562,1500
1535,1508
1513,1496
1494,1521
1491,1445
1483,1464
1455,1429
1438,1480
1467,1449
1423,1450
1410,1431
1448,1454
1433,1423
1382,1430
1408,1439
1396,1430
1423,1440
1343,1417
1445,1446
1398,1453
1417,1453
1400,1470
1474,1485
1440,1433
1445,1467
1464,1477
1462,1475
1486,1477
1477,1507
1460,1524
1534,1513
1525,1548
1545,1557
1544,1567
1543,1573
1558,1630
1546,1600
1535,1573
1593,1558
1608,1616
1641,1638
1661,1624
1656,1627
1642,1625
1691,1677
1693,1700
1663,1656
1678,1691
1708,1645
1667,1665
1658,1658
1713,1687
1667,1659
1693,1624
1663,1663
1670,1625
1698,1640
1673,1627
1649,1659
1711,1648
1622,1625
1665,1602
1631,1594
1636,1579
1619,1585
1581,1583
1626,1549
1578,1526
1618,1573
1578,1539
1530,1544
1552,1538
1537,1503
1520,1480
1480,1480
1504,1503
1499,1513
1472,1458
1501,1446
1444,1427
1394,1405
1380,1464
1423,1420
1428,1448
1384,1474
1410,1424
1372,1437
1406,1474
1401,1433
1420,1410
1381,1442
1489,1423
1427,1463
1406,1487
1453,1465
1427,1459
1445,1474
1409,1466
1454,1524
1501,1524
1507,1502
1566,1512
1503,1540
1529,1570
1513,1555
1573,1579
1579,1560
1608,1620
1524,1610
1587,1659
1607,1617
1614,1679
1645,1628
1659,1649
1628,1641
1680,1696
1667,1685
1690,1650
1766,1688
1675,1652
1654,1671
1688,1678
1665,1647
1704,1702
1702,1665
1721,1653
1673,1658
1662,1636
1668,1639
1693,1671
1636,1631
1665,1680
1660,1613
1616,1590
1609,1570
1587,1571
1603,1599
1571,1555
1584,1560
1525,1500
1496,1534
1506,1518
1520,1524
1505,1473
1504,1471
1477,1465
1456,1458
1493,1454
1438,1468
1447,1428
1436,1396
1423,1400
1422,1416
1429,1416
1372,1427
1407,1425
1389,1431
1420,1398
1444,1408
1382,1412
1400,1418
1450,1440
1449,1437
1427,1476
1453,1467
1455,1443
1447,1460
1451,1502
1459,1503
1469,1512
1474,1527
1470,1576
1487,1545
1526,1568
1483,1523
1525,1537
1557,1574
1577,1617
1590,1592
1585,1598
1602,1627
1585,1663
1627,1656
1607,1610
1650,1623
1696,1691
1683,1687
1634,1648
1721,1644
1664,1655
1705,1703
1748,1669
1649,1659
1639,1708
1644,1650
1723,1706
1649,1667
1668,1678
1661,1708
1681,1670
1644,1592
1666,1606
1647,1644
1697,1605
1639,1595
1607,1589
1639,1547
1622,1536
1597,1487
1572,1501
1575,1517
1554,1511
1498,1494
1546,1521
1547,1439
1508,1465
1474,1447
1487,1494
1448,1459
1412,1452
1436,1428
1432,1453
1424,1421
1365,1427
1448,1399
1398,1404
1419,1420
1395,1404
1408,1442
1397,1432
1397,1395
1400,1399
1379,1438
1415,1431
1451,1458
1392,1460
1435,1461
1425,1494
1462,1480
1470,1510
1468,1477
1513,1542
1526,1533
1495,1561
1546,1562
1543,1582
1601,1548
1548,1599
1588,1594
1592,1673
1590,1616
1608,1609
1632,1627
1635,1639
1653,1652
1688,1660
1712,1649
1668,1640
1707,1663
1694,1671
1702,1678
1702,1696
1715,1671
1720,1706
1721,1664
1721,1636
1710,1673
1641,1658
1684,1669
1686,1646
1627,1603
1634,1631
1626,1659
1655,1637
1605,1587
1640,1636
1592,1570
1569,1560
1597,1528
1611,1536
1516,1551
1605,1530
1525,1516
1506,1498
1526,1508
1545,1468
1451,1477
1495,1430
1450,1431
1443,1443
1458,1431
1421,1424
1449,1437
1380,1443
1416,1434
1430,1429
1431,1423
1411,1421
1361,1437
1399,1425
1399,1431
1403,1439
1425,1443
1413,1423
1432,1438
1430,1434
1417,1447
1441,1449
1452,1494
1489,1519
1474,1546
1470,1547
1472,1515
1530,1505
1518,1513
1542,1570
1503,1563
1561,1581
1568,1620
1613,1637
1574,1641
1587,1613
1625,1614
1635,1623
1665,1669
1698,1699
1642,1679
1653,1670
1695,1645
1715,1671
1684,1686
1714,1721
1698,1682
1643,1677
1673,1706
1687,1680
1696,1710
1665,1652
1687,1617
1662,1664
1705,1654
1623,1638
1626,1630
1646,1596
1588,1593
1626,1582
1616,1609
1616,1586
1606,1582
1563,1567
1594,1535
1562,1511
1523,1561
1512,1496
1518,1483
1529,1473
1468,1475
1488,1454
1486,1439
1438,1450
1444,1449
1459,1453
1433,1414
1424,1410
1413,1448
1428,1453
1418,1449
1404,1423
1376,1415
1441,1402
1344,1483
1418,1412
1397,1436
1396,1414
1407,1418
1399,1463
1455,1466
1424,1453
1415,1478
1459,1446
1461,1492
1482,1514
1520,1521
1495,1533
1478,1562
1526,1572
1546,1551
1563,1575
1507,1613
1577,1577
1639,1594
1599,1582
1647,1644
1638,1658
1630,1632
1646,1609
1636,1674
1614,1636
1686,1646
1716,1648
1675,1690
1755,1667
1686,1717
1707,1664
1713,1678
1654,1669
1711,1668
1675,1657
1718,1651
1673,1619
1655,1686
1686,1667
1658,1666
1670,1589
1635,1673
1637,1635
1637,1556
1656,1558
1599,1587
1631,1561
1588,1544
1555,1521
1554,1527
1511,1498
1575,1492
1540,1528
1463,1515
1469,1463
1526,1464
1420,1461
1442,1467
1407,1454
1460,1443
1400,1438
1420,1422
1403,1438
1417,1377
1423,1423
1422,1429
1381,1422
1395,1425
1419,1422
1430,1435
1348,1434
1404,1432
1394,1435
1431,1436
1440,1458
1431,1496
1418,1515
1495,1521
1458,1515
1524,1518
1518,1512
1529,1529
1497,1518
1507,1531
1543,1556
1512,1565
1535,1599
1599,1616
1586,1637
1574,1621
1607,1660
1650,1626
1688,1630
1634,1691
1689,1651
1699,1658
1718,1705
1651,1684
1707,1657
1664,1671
1677,1667
1727,1643
1695,1686
1694,1680
1720,1675
1698,1681
1717,1697
1689,1687
1701,1656
1673,1653
1650,1623
1652,1639
1635,1592
1618,1601
1635,1557
1626,1608
1619,1563
1585,1582
1554,1525
1544,1492
1570,1520
1538,1505
1517,1517
1524,1547
1494,1471
1476,1430
1468,1481
1450,1482
1439,1458
1414,1436
1412,1455
1423,1410
1433,1458
1442,1409
1402,1414
1380,1423
1403,1397
1359,1403
1410,1425
1381,1418
1365,1432
1402,1445
1396,1405
1443,1455
1439,1453
1385,1480
1428,1472
1476,1488
1463,1506
1468,1523
1481,1511
1487,1568
1501,1539
1499,1571
1581,1563
1525,1582
1561,1603
1563,1559
1573,1640
1630,1617
1584,1625
1627,1612
1632,1631
1643,1649
1693,1696
1656,1702
1730,1661
1711,1680
1685,1665
1688,1724
1742,1664
1658,1682
1744,1625
1699,1659
1709,1667
1693,1667
1699,1673
1699,1675
1693,1694
1704,1647
1647,1613
1685,1616
1651,1617
1620,1587
1626,1601
1604,1609
1610,1571
1587,1571
1564,1533
1536,1550
1507,1517
1547,1521
1533,1491
1536,1501
1547,1475
1496,1493
1501,1436
1500,1449
1432,1453
1446,1427
1438,1428
1412,1433
1412,1384
1414,1402
1372,1411
1427,1409
1403,1437
1405,1427
1367,1421
1416,1434
1428,1417
1401,1416
1390,1433
1403,1449
1417,1408
1438,1461
1459,1424
1423,1477
1472,1458
1477,1485
1501,1536
1502,1501
1473,1523
1546,1541
1547,1552
1516,1557
1536,1597
1535,1593
1572,1576
1603,1622
1581,1613
1622,1637
1668,1670
1663,1648
1642,1689
1668,1672
1676,1652
1659,1668
1663,1660
1719,1670
1676,1709
1687,1682
1713,1657
1706,1663
1734,1731
1696,1677
1712,1660
1680,1675
1662,1629
1663,1640
1655,1668
1657,1599
1642,1611
1658,1624
1671,1543
1631,1570
1577,1558
1649,1566
1605,1539
1550,1509
1579,1543
1549,1526
1523,1478
1487,1516
1500,1476
1462,1468
1445,1448
1459,1449
1423,1447
1446,1427
1437,1409
1408,1423
1440,1452
1395,1409
1375,1394
1408,1390
1401,1413
1360,1433
1352,1373
1423,1397
1429,1450
1390,1450
1434,1462
1444,1408
1422,1433
1404,1430
1454,1458
1409,1448
1494,1505
1508,1487
1497,1500
1477,1509
1541,1506
1509,1544
1539,1558
1536,1519
1542,1572
1553,1615
1565,1591
1587,1614
1601,1613
1631,1616
1674,1701
1667,1637
1645,1636
1714,1675
1668,1638
1699,1696
1644,1687
1694,1682
1677,1678
1728,1706
1738,1653
1678,1709
1723,1660
1682,1683
1712,1663
1684,1686
1681,1641
1746,1682
1690,1693
1636,1613
1685,1605
1652,1613
1667,1604
1633,1628
1644,1628
1616,1567
1577,1556
1594,1530
1529,1520
1514,1516
1468,1494
1549,1500
1508,1488
1483,1444
1494,1449
1478,1485
1484,1450
1442,1446
1424,1456
1438,1423
1440,1398
1392,1393
1469,1418
1399,1410
1349,1407
1365,1411
1367,1369
1403,1406
1426,1412
1412,1411
1401,1437
1396,1415
1422,1456
1422,1492
1436,1460
1399,1460
1427,1476
1439,1481
1421,1503
1492,1502
1476,1506
1493,1505
1509,1536
1539,1554
1560,1526
1581,1606
1585,1557
1586,1633
1595,1638
1608,1625
1639,1658
1660,1605
1640,1681
1680,1677
1676,1614
1667,1663
1686,1707
1687,1659
1730,1697
1670,1673
1701,1662
1685,1678
1725,1650
1712,1674
1684,1654
1688,1686
1699,1662
1689,1696
1683,1667
1654,1654
1675,1640
1677,1604
1655,1619
1584,1591
1647,1624
1617,1584
1594,1529
1554,1571
1619,1538
1533,1520
1532,1542
1564,1495
1506,1486
1514,1453
1449,1443
1469,1476
1496,1445
1470,1434
1483,1428
1468,1460
1406,1450
1429,1425
1382,1396
1381,1434
1410,1408
1428,1411
1407,1423
1395,1436
1390,1454
1369,1417
1390,1421
1432,1423
1408,1458
1400,1437
1462,1438
1422,1480
1394,1434
1453,1443
1411,1487
1462,1482
1482,1545
1512,1531
1509,1531
1507,1529
1495,1559
1530,1557
1534,1619
1564,1640
1614,1626
1578,1638
1608,1650
1637,1657
1646,1647
1655,1653
1641,1660
1646,1680
1703,1696
1743,1695
1713,1698
1672,1697
1696,1693
1661,1682
1731,1727
1699,1711
1683,1689
1666,1702
1708,1696
1698,1645
1654,1709
1658,1647
1657,1617
1688,1661
1651,1609
1581,1575
1640,1597
1623,1576
1600,1587
1564,1573
1586,1544
1600,1482
1576,1558
1557,1480
1516,1525
1486,1464
1494,1472
1504,1491
1520,1457
1483,1478
1431,1421
1441,1416
1393,1405
1393,1430
1394,1441
1454,1405
1386,1417
1405,1374
1402,1428
1395,1400
1418,1399
1374,1416
1354,1415
1377,1408
1428,1444
1419,1459
1413,1452
1417,1463
1432,1456
1414,1458
1451,1481
1461,1491
1483,1539
1504,1519
1492,1529
1475,1527
1506,1527
1532,1570
1542,1585
1582,1573
1560,1583
1613,1644
1613,1652
1640,1670
1629,1655
1616,1647
1639,1695
1661,1671
1668,1655
1684,1710
1679,1670
1706,1701
1714,1701
1721,1699
1691,1669
1742,1701
1697,1673
1694,1651
1695,1639
1740,1647
1705,1649
1715,1644
1668,1639
1671,1582
1648,1638
1679,1631
1595,1586
1624,1588
1612,1574
1593,1572
1577,1578
1548,1562
1556,1499
1539,1525
1542,1531
1551,1499
1485,1492
1466,1465
1473,1459
1457,1469
1453,1481
1420,1457
1438,1404
1404,1400
1361,1401
1436,1410
1423,1386
1409,1376
1377,1420
1374,1414
1371,1382
1389,1423
1389,1415
1444,1409
1411,1392
1447,1427
1377,1450
1433,1425
1445,1419
1385,1471
1438,1456
1452,1516
1451,1498
1483,1523
1480,1547
1520,1513
1537,1546
1554,1577
1566,1567
1578,1568
1580,1593
1528,1619
1575,1618
1643,1668
1626,1633
1632,1618
1603,1660
1641,1658
1657,1679
1685,1685
1669,1672
1694,1692
1684,1706
1681,1701
1722,1686
1733,1720
1677,1680
1716,1703
1691,1668
1728,1666
1678,1676
1700,1651
1664,1667
1683,1637
1663,1637
1627,1631
1609,1572
1631,1605
1622,1589
1645,1602
1572,1564
1574,1558
1574,1551
1526,1520
1560,1522
1536,1493
1500,1464
1467,1476
1468,1471
1420,1432
1475,1457
1456,1455
1430,1421
1448,1463
1392,1458
1382,1426
1413,1445
1388,1398
1381,1384
1395,1432
1437,1422
1425,1431
1391,1418
1364,1412
1362,1443
1422,1439
1400,1461
1437,1439
1396,1456
1423,1476
1455,1450
1418,1467
1434,1483
1467,1518
1491,1531
1453,1523
1481,1567
1531,1579
1563,1546
1555,1594
1558,1580
1601,1653
1562,1621
1593,1606
1605,1675
1599,1634
1627,1641
1658,1642
1676,1705
1658,1663
1689,1683
1669,1669
1697,1675
1735,1714
1707,1711
1710,1681
1701,1682
1695,1640
1698,1673
1701,1679
1716,1679
1696,1663
1688,1637
1644,1659
1721,1640
1615,1635
1622,1655
1622,1623
1636,1584
1629,1574
1606,1572
1574,1556
1559,1581
1520,1532
1524,1518
1537,1520
1512,1483
1516,1467
1546,1473
1496,1439
1493,1420
1486,1452
1468,1449
1424,1398
1390,1431
1394,1426
1381,1412
1406,1408
1408,1375
1384,1411
1377,1393
1428,1427
1397,1436
1385,1385
1389,1464
1406,1398
1391,1448
1396,1394
1426,1443
1425,1469
1437,1480
1460,1484
1509,1483
1455,1501
1478,1524
1517,1528
1533,1540
1533,1564
1557,1535
1560,1603
1609,1610
1615,1578
1615,1648
1598,1619
1642,1630
1600,1627
1626,1648
1618,1637
1672,1648
1699,1679
1703,1666
1689,1689
1660,1721
1718,1635
1639,1701
1727,1673
1689,1682
1711,1708
1691,1694
1738,1664
1701,1697
1676,1679
1654,1652
1721,1688
1636,1637
1692,1644
1619,1627
1686,1608
1654,1608
1628,1569
1639,1542
1605,1533
1632,1554
1546,1543
1549,1478
1509,1518
1530,1483
1484,1477
1554,1480
1429,1432
1461,1470
1481,1441
1451,1470
1438,1404
1466,1446
1443,1398
1428,1437
1410,1385
1389,1430
1418,1378
1421,1394
1404,1393
1386,1399
1373,1398
1421,1396
1368,1379
1415,1403
1454,1460
1373,1464
1423,1461
1433,1454
1433,1478
1423,1503
1468,1510
1434,1494
1477,1527
1489,1540
1528,1538
1531,1578
1526,1588
1534,1601
1561,1578
1578,1617
1591,1632
1636,1644
1629,1643
1654,1633
1687,1670
1660,1650
1678,1682
1696,1708
1653,1700
1693,1673
1698,1684
1689,1672
1684,1721
1691,1697
1740,1692
1709,1702
1702,1681
1716,1685
1665,1684
1709,1668
1657,1651
1677,1666
1708,1691
1696,1622
1655,1632
1625,1612
1630,1595
1589,1567
1591,1567
1596,1543
1552,1594
1556,1500
1564,1522
1520,1485
1494,1512
1506,1483
1477,1482
1430,1444
1485,1457
1441,1421
1439,1436
1455,1461
1410,1388
1374,1403
1410,1445
1413,1395
1389,1410
1388,1411
1388,1408
1409,1443
1394,1398
1412,1401
1385,1434
1410,1378
1411,1461
1397,1459
1408,1437
1439,1453
1423,1460
1443,1468
1451,1531
1453,1510
1442,1498
1450,1516
1481,1527
1505,1549
1543,1553
1542,1551
1551,1564
1580,1579
1568,1622
1612,1619
1609,1660
1629,1659
1645,1658
1630,1656
1670,1703
1687,1684
1679,1723
1695,1705
1684,1736
1715,1682
1747,1663
1714,1710
1654,1715
1731,1692
1728,1686
1716,1708
1709,1640
1700,1673
1723,1639
1702,1639
1680,1633
1692,1659
1631,1640
1600,1618
1643,1622
1646,1565
1609,1547
1600,1523
1537,1578
1529,1532
1581,1506
1525,1519
1577,1448
1492,1460
1477,1496
1497,1457
1466,1472
1458,1427
1419,1479
1451,1422
1409,1435
1408,1421
1426,1397
1372,1400
1405,1367
1379,1407
1372,1411
1370,1390
1355,1390
1409,1385
1376,1406
1365,1410
1371,1425
1397,1439
1425,1465
1446,1451
1410,1455
1456,1493
1472,1483
1438,1533
1464,1488
1472,1478
1457,1547
1502,1561
1508,1555
1547,1575
1514,1578
1539,1604
1564,1616
1594,1596
1615,1617
1644,1661
1621,1655
1664,1641
1659,1672
1676,1681
1665,1713
1665,1666
1699,1674
1700,1669
1706,1728
1733,1687
1704,1708
1693,1729
1730,1693
1737,1684
1722,1671
1743,1682
1720,1670
1718,1655
1687,1641
1699,1636
1671,1625
1615,1612
1638,1579
1643,1603
1653,1582
1582,1571
1608,1587
1588,1518
1585,1518
1527,1546
1572,1509
1558,1508
1501,1492
1471,1503
1478,1460
1487,1442
1477,1460
1441,1448
1388,1457
1420,1420
1393,1413
1403,1421
1415,1441
1367,1414
1428,1424
1402,1426
1409,1417
1390,1424
1363,1399
1432,1407
1408,1430
1400,1421
1427,1414
1444,1443
1431,1453
1420,1478
1457,1466
1471,1504
1497,1501
1486,1486
1477,1513
1513,1514
1558,1537
1526,1544
1547,1610
1533,1596
1597,1631
1604,1640
1624,1620
1599,1631
1605,1621
1595,1691
1605,1649
1664,1656
1682,1658
1719,1668
1666,1700
1702,1691
1718,1703
1719,1694
1659,1707
1699,1719
1698,1704
1692,1692
1746,1710
1725,1639
1673,1679
1686,1658
1675,1665
1698,1658
1662,1602
1662,1644
1666,1641
1660,1615
1592,1586
1580,1554
1580,1533
1581,1550
1603,1527
1568,1542
1566,1544
1563,1516
1462,1518
1487,1466
1490,1484
1460,1482
1474,1430
1437,1480
1407,1434
1414,1417
1444,1407
1428,1409
1375,1409
1423,1383
1444,1392
1376,1407
1385,1448
1397,1434
1393,1391
1392,1387
1406,1436
1412,1449
1414,1428
1401,1464
1422,1451
1408,1465
1416,1485
1431,1498
1482,1510
1468,1496
1508,1534
1469,1546
1539,1530
1550,1542
1556,1538
1542,1589
1554,1550
1556,1610
1600,1640
1584,1645
1615,1633
1629,1664
1668,1660
1677,1672
1646,1644
1682,1640
1684,1697
1706,1702
1708,1675
1693,1717
1703,1678
1769,1689
1704,1651
1675,1679
1687,1677
1684,1702
1688,1707
1684,1696
1718,1633
1654,1699
1692,1651
1689,1637
1623,1657
1598,1638
1640,1609
1591,1591
1600,1580
1602,1541
1603,1550
1571,1510
1518,1547
1545,1484
1549,1508
1512,1502
1488,1445
1480,1499
1417,1466
1450,1424
1437,1434
1396,1428
1440,1440
1441,1448
1406,1381
1404,1378
1412,1426
1416,1433
1402,1400
1377,1395
1369,1399
1341,1420
1400,1405
1381,1405
1336,1439
1386,1470
1467,1483
1394,1453
1423,1499
1423,1499
1408,1465
1487,1475
1488,1491
1509,1505
1490,1522
1498,1539
1575,1574
1528,1531
1548,1575
1594,1580
1580,1601
1627,1639
1634,1598
1594,1634
1650,1681
1681,1651
1708,1656
1636,1661
1735,1655
1697,1687
1678,1674
1696,1679
1716,1694
1705,1675
1684,1671
1731,1691
1717,1672
1695,1708
1727,1667
1692,1660
1715,1650
1685,1687
1660,1613
1659,1643
1695,1636
1663,1560
1665,1606
1625,1597
1636,1585
1602,1557
1582,1522
1569,1553
1563,1518
1550,1515
1548,1500
1497,1481
1541,1487
1459,1457
1402,1477
1472,1476
1438,1463
1418,1424
1434,1443
1422,1386
1422,1404
1383,1397
1368,1421
1400,1397
1413,1410
1389,1432
1367,1428
1423,1414
1451,1406
1430,1433
1402,1447
1394,1412
1451,1443
1410,1457
1432,1489
1469,1446
1475,1439
1452,1539
1494,1472
1498,1506
1470,1538
1548,1566
1520,1542
1548,1557
1562,1543
1582,1569
1604,1592
1567,1617
1622,1625
1621,1613
1626,1647
1642,1665
1708,1634
1646,1630
1669,1696
1709,1681
1745,1726
1680,1674
1677,1675
1692,1702
1732,1683
1710,1660
1689,1688
1683,1688
1671,1684
1726,1695
1718,1690
1663,1654
1675,1660
1646,1605
1711,1636
1684,1597
1637,1599
1605,1613
1586,1563
1607,1578
1580,1567
1591,1575
1557,1531
1584,1534
1549,1540
1515,1477
1536,1459
1533,1443
1483,1483
1433,1433
1425,1410
1468,1442
1425,1435
1416,1400
1423,1439
1383,1460
1432,1407
1363,1423
1396,1420
1364,1393
1387,1419
1416,1412
1390,1427
1386,1441
1439,1450
1422,1411
1429,1449
1436,1457
1384,1428
1410,1462
1465,1467
1405,1501
1447,1512
1481,1524
1457,1512
1521,1584
1523,1543
1531,1525
1589,1560
1580,1561
1599,1605
1599,1597
1585,1612
1608,1641
1621,1623
1646,1653
1597,1674
1680,1641
1682,1695
1673,1692
1688,1679
1687,1674
1677,1681
1731,1681
1715,1698
1752,1653
1679,1676
1717,1724
1674,1691
1678,1705
1670,1678
1700,1690
1697,1691
1655,1633
1670,1584
1702,1652
1700,1610
1663,1606
1633,1570
1662,1619
1622,1549
1576,1553
1551,1568
1569,1551
1569,1544
1475,1464
1531,1524
1484,1453
1505,1492
1465,1466
1493,1453
1467,1484
1402,1462
1434,1392
1437,1424
1397,1432
1453,1428
1404,1432
1438,1385
1392,1459
1351,1413
1428,1417
1374,1424
1422,1425
1400,1431
1350,1431
1416,1420
1405,1426
1460,1451
1406,1477
1439,1517
1486,1464
1456,1487
1455,1513
1462,1488
1494,1508
1531,1549
1495,1554
1511,1550
1534,1562
1555,1547
1580,1573
1574,1580
1614,1653
1651,1629
1666,1619
1631,1651
1653,1626
1657,1669
1678,1671
1699,1671
1658,1672
1670,1662
1750,1653
1694,1658
1719,1688
1725,1713
1677,1704
1695,1697
1726,1650
1690,1684
1698,1669
1700,1670
1691,1657
1700,1626
1678,1652
1655,1644
1632,1606
1646,1622
1657,1606
1557,1550
1619,1566
1560,1544
1598,1535
1547,1486
1548,1509
1555,1516
1537,1491
1494,1464
1483,1438
1489,1472
1478,1463
1435,1446
1427,1481
1434,1441
1407,1439
1422,1437
1407,1406
1390,1412
1356,1415
1380,1420
1397,1439
1387,1445
1395,1439
1384,1438
1364,1427
1395,1383
1467,1442
1416,1454
1409,1471
1438,1473
1424,1490
1487,1513
1498,1459
1481,1542
1480,1494
1520,1531
1556,1524
1541,1526
1548,1588
1551,1590
1508,1574
1564,1604
1609,1591
1569,1628
1641,1640
1609,1687
1639,1655
1709,1656
1663,1651
1676,1648
1668,1663
1664,1659
1730,1681
1694,1720
1717,1681
1703,1721
1697,1686
1703,1661
1707,1676
1727,1659
1680,1698
1694,1621
1698,1657
1674,1613
1654,1654
1676,1649
1660,1598
1612,1634
1682,1571
1592,1566
1604,1577
1575,1530
1571,1539
1540,1495
1560,1488
1509,1485
1535,1500
1476,1484
1487,1493
1469,1472
1441,1475
1447,1437
1442,1440
1390,1435
1405,1420
1423,1409
1422,1424
1392,1427
1411,1434
1383,1424
1384,1429
1446,1424
1357,1449
1376,1426
1425,1419
1370,1451
1410,1435
1396,1441
1464,1463
1413,1430
1444,1448
1488,1503
1491,1499
1445,1486
1473,1530
1508,1532
1523,1516
1499,1551
1516,1584
1548,1607
1579,1584
1586,1572
1612,1640
1532,1626
1600,1642
1564,1611
1652,1658
1629,1637
1696,1654
1680,1660
1692,1690
1693,1702
1659,1647
1726,1712
1753,1737
1700,1693
1688,1705
1667,1725
1708,1665
1690,1699
1701,1672
1685,1688
1676,1644
1685,1634
1669,1680
1681,1597
1669,1615
1647,1634
1567,1612
1648,1620
1574,1595
1589,1585
1617,1537
1592,1511
1547,1520
1515,1498
1535,1521
1521,1499
1488,1499
1490,1461
1482,1411
1499,1451
1439,1439
1471,1437
1433,1438
1449,1414
1391,1394
1415,1417
1425,1428
1440,1380
1408,1406
1416,1425
1384,1372
1388,1358
1385,1417
1393,1434
1379,1421
1455,1459
1349,1437
1418,1452
1429,1444
1471,1474
1470,1484
1438,1493
1525,1462
1501,1547
1504,1530
1542,1524
1548,1535
1563,1569
1510,1583
1546,1601
1567,1542
1604,1638
