ch1,ch2
1575,1505
1450,1529
1502,1502
1537,1560
1561,1490
1583,1538
1504,1568
1613,1527
1568,1624
1501,1537
1629,1551
1604,1537
1566,1631
1586,1574
1593,1633
1550,1580
1594,1561
1508,1659
1555,1538
1611,1683
1645,1613
1575,1600
1669,1533
1647,1624
1598,1566
1568,1668
1622,1552
1596,1571
1589,1595
1597,1629
1547,1555
1556,1633
1668,1529
1647,1561
1619,1508
1532,1644
1575,1600
1622,1592
1628,1549
1633,1525
1509,1575
1652,1479
1573,1572
1615,1594
1592,1491
1691,1559
1549,1463
1609,1561
1576,1529
1571,1541
1553,1560
1540,1488
1588,1441
1602,1570
1512,1410
1534,1537
1486,1455
1524,1407
1573,1555
1480,1463
1590,1527
1485,1519
1524,1496
1520,1490
1581,1480
1513,1469
1508,1441
1578,1465
1426,1477
1466,1424
1470,1467
1417,1434
1469,1466
1399,1407
1417,1415
1385,1464
1475,1476
1429,1426
1433,1438
1499,1493
1456,1315
1403,1441
1569,1523
1559,1517
1398,1409
1405,1394
1409,1468
1445,1452
1468,1426
1418,1371
1444,1483
1452,1461
1457,1441
1467,1467
1312,1378
1378,1450
1368,1375
1396,1370
1517,1424
1415,1456
1392,1501
1324,1465
1335,1464
1425,1392
1346,1426
1481,1546
1355,1396
1542,1542
1577,1553
1414,1395
1483,1528
1494,1590
1369,1435
1417,1497
1392,1417
1467,1393
1415,1410
1430,1459
1582,1588
1585,1514
1640,1598
1364,1405
1444,1550
1536,1507
1552,1615
1470,1485
1487,1556
1414,1458
1413,1458
1557,1593
1469,1519
1633,1524
1485,1532
1658,1603
1468,1545
1402,1507
1490,1525
1383,1392
1561,1552
1504,1507
1541,1535
1505,1503
1631,1640
1466,1522
1564,1616
1665,1550
1636,1576
1613,1557
1417,1517
1584,1629
1392,1409
1593,1585
1533,1584
1567,1608
1626,1571
1573,1537
1682,1581
1574,1556
1557,1524
1575,1645
1604,1536
1653,1589
1514,1525
1427,1362
1547,1496
1492,1495
1485,1589
1654,1539
1480,1494
1529,1544
1562,1613
1570,1587
1505,1454
1517,1424
1598,1560
1543,1606
1551,1621
1378,1347
1508,1473
1548,1465
1469,1487
1472,1420
1631,1456
1449,1389
1395,1374
1571,1572
1529,1557
1515,1408
1401,1413
1595,1531
1519,1433
1659,1521
1547,1438
1486,1429
1548,1562
1624,1557
1404,1449
1415,1430
1608,1501
1436,1396
1513,1509
1459,1416
1341,1367
1531,1569
1447,1510
1421,1433
1400,1414
1489,1581
1402,1424
1424,1401
1353,1467
1432,1411
1399,1507
1462,1425
1400,1433
1406,1487
1405,1407
1466,1410
1491,1467
1367,1450
1442,1467
1607,1654
1388,1472
1399,1449
1469,1445
1469,1496
1524,1513
1574,1522
1431,1376
1453,1475
1542,1636
1428,1474
1445,1505
1497,1470
1380,1414
1395,1440
1573,1539
1411,1391
1560,1606
1577,1567
1411,1448
1362,1440
1563,1622
1628,1585
1547,1550
1373,1390
1570,1597
1397,1383
1481,1446
1631,1592
1325,1432
1407,1423
1514,1547
1587,1580
1638,1587
1450,1528
1555,1595
1583,1533
1480,1550
1423,1514
1545,1578
1345,1466
1647,1571
1661,1605
1493,1413
1615,1602
1488,1459
1417,1513
1597,1614
1430,1424
1585,1465
1584,1598
1384,1390
1548,1566
1564,1435
1640,1667
1607,1532
1499,1478
1513,1588
1408,1482
1439,1392
1562,1629
1488,1539
1509,1379
1361,1373
1455,1380
1617,1554
1382,1361
1663,1531
1635,1649
1385,1461
1431,1455
1498,1547
1628,1595
1642,1611
1386,1424
1476,1530
1579,1538
1612,1569
1545,1546
1476,1423
1399,1395
1529,1456
1496,1550
1577,1612
1415,1436
1449,1398
1387,1439
1665,1617
1521,1415
1344,1467
1500,1459
1575,1540
1451,1442
1365,1346
1482,1480
1456,1458
1347,1381
1580,1509
1591,1528
1506,1505
1496,1592
1446,1562
1442,1448
1314,1416
1396,1335
1612,1513
1551,1457
1410,1430
1405,1452
1384,1442
1435,1419
1574,1630
1365,1485
1471,1477
1450,1456
1638,1562
1485,1458
1371,1442
1354,1419
1498,1487
1415,1378
1384,1355
1560,1582
1570,1586
1597,1584
1475,1527
1530,1567
1599,1607
1433,1512
1566,1520
1355,1414
1612,1505
1565,1552
1574,1547
1430,1489
1521,1507
1299,1507
1633,1593
1352,1404
1378,1428
1421,1450
1490,1509
1444,1422
1531,1490
1392,1463
1386,1387
1349,1376
1379,1467
1560,1606
1586,1546
1586,1659
1469,1503
1586,1589
1434,1498
1679,1573
1410,1519
1671,1547
1498,1603
1540,1635
1465,1467
1579,1557
1685,1593
1554,1396
1470,1512
1513,1541
1570,1573
1406,1448
1637,1501
1489,1530
1495,1484
1525,1613
1394,1432
1660,1577
1360,1396
1418,1407
1530,1440
1489,1470
1516,1578
1506,1525
1549,1518
1378,1407
1549,1535
1298,1415
1597,1519
1579,1455
1542,1472
1390,1361
1647,1605
1399,1382
1542,1508
1509,1468
1475,1451
1589,1594
1421,1469
1415,1449
1438,1407
1513,1515
1653,1630
1428,1508
1621,1579
1420,1534
1352,1430
1521,1467
1543,1644
1329,1377
1520,1537
1390,1495
1638,1635
1613,1525
1497,1464
1560,1527
1658,1573
1400,1413
1508,1521
1527,1563
1456,1464
1485,1529
1606,1505
1469,1582
1434,1480
1576,1559
1510,1512
1433,1396
1508,1516
1616,1604
1397,1445
1480,1499
1584,1476
1462,1517
1556,1615
1507,1524
1374,1526
1329,1445
1640,1590
1592,1500
1509,1456
1312,1471
1627,1589
1379,1423
1448,1496
1436,1390
1752,1585
1360,1384
1389,1389
1600,1555
1507,1426
1456,1374
1401,1443
1573,1631
1343,1384
1394,1413
1618,1607
1586,1593
1621,1620
1345,1433
1491,1506
1560,1557
1378,1460
1649,1665
1667,1618
1527,1396
1639,1674
1320,1467
1411,1423
1494,1560
1381,1382
1582,1586
1446,1448
1573,1607
1501,1525
1350,1511
1387,1438
1532,1481
1420,1424
1303,1465
1393,1391
1323,1355
1579,1668
1512,1451
1446,1419
1617,1632
1374,1402
1560,1471
1347,1427
1352,1452
1445,1497
1459,1495
1597,1495
1304,1405
1506,1520
1330,1441
1644,1546
1509,1540
1367,1409
1552,1539
1492,1562
1434,1510
1416,1431
1430,1446
1461,1412
1590,1540
1681,1553
1433,1401
1409,1427
1514,1535
1577,1606
1439,1413
1498,1463
1628,1571
1396,1421
1536,1554
1446,1407
1562,1569
1534,1446
1489,1476
1514,1490
1497,1480
1470,1364
1474,1543
1591,1527
1376,1522
1428,1414
1452,1478
1515,1615
1401,1399
1661,1599
1485,1457
1491,1679
1337,1534
1470,1601
1357,1470
1461,1380
1613,1568
1470,1495
1567,1524
1426,1436
1594,1453
1559,1574
1607,1606
1482,1480
1485,1507
1406,1442
1354,1427
1396,1418
1643,1609
1510,1533
1592,1524
1457,1540
1567,1572
1495,1446
1441,1453
1653,1579
1527,1626
1364,1430
1566,1546
1590,1561
1413,1485
1568,1538
1534,1561
1275,1392
1447,1525
1588,1676
1352,1366
1434,1412
1412,1392
1527,1594
1452,1424
1519,1624
1573,1628
1383,1408
1381,1447
1480,1510
1645,1598
1425,1400
1417,1464
1537,1471
1469,1549
1542,1436
1599,1656
1326,1425
1558,1487
1455,1352
1391,1409
1464,1463
1432,1425
1399,1376
1397,1519
1558,1617
1395,1413
1613,1633
1647,1622
1682,1539
1392,1348
1598,1597
1386,1427
1615,1551
1561,1571
1425,1489
1608,1611
1371,1415
1389,1508
1519,1576
1394,1396
1558,1525
1587,1537
1464,1488
1643,1567
1563,1612
1365,1398
1571,1583
1484,1536
1589,1577
1483,1460
1451,1414
1466,1308
1407,1422
1456,1446
1458,1412
1303,1352
1415,1340
1687,1543
1575,1612
1602,1484
1638,1619
1360,1391
1468,1411
1637,1558
1596,1594
1358,1400
1534,1543
1650,1656
1352,1391
1437,1464
1317,1366
1417,1389
1467,1607
1436,1427
1484,1455
1528,1573
1349,1441
1519,1500
1599,1559
1477,1481
1496,1556
1586,1582
1527,1475
1491,1636
1483,1495
1597,1573
1460,1532
1626,1570
1396,1503
1468,1448
1412,1448
1449,1561
1578,1498
1443,1548
1394,1428
1519,1445
1464,1520
1368,1525
1539,1591
1613,1565
1446,1407
1646,1585
1415,1467
1366,1413
1620,1578
1380,1355
1631,1570
1383,1476
1558,1557
1413,1466
1537,1538
1313,1391
1452,1354
1495,1433
1345,1395
1636,1629
1546,1576
1468,1501
1458,1450
1427,1351
1589,1632
1591,1526
1582,1599
1406,1514
1574,1526
1436,1486
1426,1502
1593,1576
1582,1648
1530,1506
1525,1510
1660,1590
1564,1567
1560,1586
1331,1400
1633,1555
1551,1524
1448,1457
1580,1596
1598,1590
1307,1335
1390,1430
1368,1387
1624,1460
1355,1424
1395,1436
1556,1609
1604,1591
1618,1546
1481,1494
1542,1506
1440,1593
1427,1390
1451,1405
1572,1560
1644,1567
1346,1379
1506,1559
1458,1470
1565,1651
1567,1533
1631,1597
1519,1460
1538,1568
1640,1534
1604,1539
1537,1556
1434,1397
1473,1418
1650,1530
1492,1477
1535,1579
1606,1543
1487,1504
1374,1507
1396,1403
1531,1605
1461,1495
1573,1591
1459,1529
1492,1375
1348,1404
1537,1589
1452,1468
1409,1397
1496,1517
1407,1402
1617,1499
1445,1418
1400,1407
1436,1426
1435,1429
1398,1397
1419,1419
1628,1681
1567,1614
1487,1423
1632,1491
1626,1644
1445,1535
1403,1445
1337,1332
1458,1545
1397,1361
1408,1408
1383,1512
1621,1601
1421,1492
1507,1568
1391,1462
1508,1499
1494,1510
1546,1556
1439,1366
1585,1554
1454,1512
1360,1382
1646,1603
1594,1571
1463,1448
1475,1447
1640,1607
1296,1442
1585,1657
1475,1440
1473,1542
1329,1404
1683,1478
1613,1527
1444,1467
1446,1464
1405,1530
1637,1613
1336,1390
1386,1490
1350,1365
1606,1511
1565,1509
1664,1597
1413,1507
1374,1427
1374,1407
1349,1446
1428,1417
1533,1441
1414,1390
1550,1524
1422,1425
1665,1520
1608,1618
1353,1448
1411,1408
1525,1417
1550,1532
1413,1503
1357,1369
1401,1441
1427,1448
1544,1516
1615,1592
1597,1636
1526,1486
1513,1548
1557,1555
1584,1564
1374,1421
1435,1597
1427,1371
1591,1555
1602,1610
1569,1594
1416,1409
1692,1564
1662,1589
1531,1556
1596,1565
1535,1438
1416,1399
1572,1533
1484,1443
1402,1467
1450,1432
1475,1487
1637,1629
1626,1580
1331,1385
1507,1429
1655,1624
1328,1342
1476,1502
1509,1435
1319,1423
1629,1626
1409,1382
1498,1474
1669,1567
1352,1381
1565,1460
1472,1413
1628,1589
1453,1415
1453,1339
1646,1582
1403,1394
1526,1514
1475,1343
1626,1572
1590,1607
1558,1533
1483,1456
1458,1449
1457,1454
1555,1555
1596,1602
1375,1418
1395,1494
1326,1430
1393,1390
1458,1390
1601,1619
1365,1408
1350,1413
1448,1369
1493,1393
1499,1437
1555,1498
1498,1534
1509,1571
1604,1517
1496,1452
1540,1565
1558,1614
1413,1471
1547,1512
1542,1490
1428,1440
1514,1466
1614,1603
1566,1563
1383,1435
1560,1581
1395,1417
1514,1408
1531,1625
1594,1545
1338,1424
1565,1536
1342,1490
1599,1481
1577,1572
1591,1543
1656,1618
1585,1579
1640,1577
1471,1437
1332,1404
1640,1543
1415,1412
1464,1530
1287,1401
1461,1479
1527,1511
1379,1441
1490,1408
1398,1398
1470,1528
1445,1432
1435,1499
1481,1631
1426,1470
1545,1585
1567,1616
1628,1557
1431,1411
1533,1550
1576,1521
1383,1453
1682,1555
1524,1591
1555,1562
1407,1488
1389,1402
1557,1548
1377,1435
1612,1534
1577,1628
1432,1423
1365,1435
1332,1403
1344,1366
1471,1393
1497,1392
1412,1390
1602,1558
1476,1565
1309,1355
1448,1478
1550,1624
1376,1433
1622,1543
1500,1510
1496,1568
1577,1561
1451,1484
1474,1489
1619,1553
1398,1428
1388,1415
1299,1421
1620,1572
1592,1593
1419,1327
1382,1419
1406,1391
1484,1442
1560,1459
1465,1449
1366,1372
1575,1549
1544,1432
1496,1533
1480,1529
1522,1413
1539,1587
1479,1452
1570,1644
1368,1436
1377,1418
1515,1610
1291,1477
1568,1672
1566,1540
1421,1409
1562,1487
1341,1402
1457,1481
1376,1387
1578,1440
1475,1419
1416,1385
1388,1404
1688,1629
1587,1595
1453,1421
1624,1612
1536,1591
1316,1401
1344,1379
1607,1546
1447,1380
1476,1501
1647,1517
1680,1659
1501,1515
1526,1598
1619,1560
1425,1391
1348,1395
1477,1489
1640,1595
1514,1462
1352,1565
1532,1512
1329,1366
1365,1394
1442,1294
1702,1601
1577,1489
1647,1543
1626,1645
1366,1362
1381,1420
1391,1424
1357,1421
1545,1470
1498,1388
1624,1639
1462,1493
1510,1538
1280,1426
1402,1458
1549,1520
1654,1582
1664,1490
1449,1353
1306,1467
1536,1419
1648,1581
1507,1514
1465,1491
1640,1629
1463,1416
1598,1584
1596,1553
1503,1580
1359,1390
1354,1426
1562,1535
1492,1460
1600,1595
1463,1444
1538,1477
1686,1528
1635,1601
1585,1519
1621,1602
1367,1403
1509,1538
1639,1603
1584,1620
1679,1567
1569,1525
1572,1540
1625,1606
1596,1576
1415,1492
1678,1567
1476,1424
1578,1535
1334,1374
1404,1513
1408,1488
1634,1597
1592,1498
1402,1394
1622,1576
1337,1451
1502,1576
1508,1559
1522,1627
1372,1386
1522,1508
1421,1462
1451,1432
1447,1451
1641,1653
1617,1576
1557,1571
1675,1546
1404,1450
1401,1458
1444,1553
1326,1421
1538,1528
1360,1449
1453,1460
1414,1499
1462,1397
1342,1370
1583,1537
1648,1582
1530,1591
1596,1572
1458,1415
1449,1520
1396,1545
1558,1536
1502,1514
1660,1599
1595,1665
1409,1389
1466,1465
1571,1506
1480,1432
1393,1423
1587,1640
1511,1432
1476,1403
1346,1362
1618,1576
1441,1410
1701,1614
1360,1404
1340,1523
1537,1581
1629,1563
1392,1443
1380,1414
1527,1559
1639,1577
1525,1425
1420,1412
1402,1381
1377,1445
1298,1415
1478,1490
1529,1554
1606,1605
1454,1500
1416,1371
1523,1588
1474,1403
1433,1474
1458,1443
1448,1429
1411,1513
1568,1563
1616,1511
1609,1509
1413,1460
1324,1345
1604,1535
1477,1465
1556,1658
1378,1450
1395,1358
1584,1605
1527,1567
1543,1513
1401,1394
1282,1384
1530,1496
1331,1400
1645,1569
1518,1513
1588,1530
1340,1347
1396,1434
1450,1407
1294,1433
1438,1416
1439,1513
1463,1501
1373,1439
1396,1421
1362,1431
1506,1487
1651,1570
1361,1417
1396,1453
1604,1552
1611,1561
1321,1417
1388,1420
1459,1458
1535,1469
1454,1383
1393,1487
1656,1602
1395,1447
1517,1425
1403,1517
1327,1420
1505,1418
1476,1552
1559,1639
1469,1478
1500,1509
1692,1515
1359,1461
1494,1453
1442,1518
1578,1569
1564,1616
1513,1585
1409,1414
1502,1526
1571,1644
1590,1574
1543,1562
1392,1395
1664,1585
1347,1438
1601,1554
1516,1571
1552,1506
1370,1431
1401,1539
1643,1609
1635,1588
1421,1424
1660,1563
1662,1630
1450,1446
1365,1421
1397,1392
1689,1617
1516,1568
1572,1628
1595,1654
1569,1586
1423,1445
1417,1353
1548,1604
1604,1615
1471,1466
1478,1540
1394,1425
1409,1414
1463,1498
1564,1538
1636,1613
1395,1429
1381,1582
1376,1419
1405,1399
1495,1548
1524,1509
1403,1423
1643,1579
1649,1569
1541,1465
1566,1512
1635,1528
1343,1422
1522,1398
1552,1588
1366,1474
1428,1337
1491,1502
1619,1605
1298,1423
1471,1465
1632,1518
1538,1516
1444,1423
1494,1538
1412,1474
1418,1470
1603,1552
1599,1539
1581,1661
1387,1392
1506,1410
1502,1446
1543,1511
1580,1520
1633,1600
1434,1468
1592,1635
1683,1597
1504,1506
1551,1554
1604,1560
1419,1401
1294,1452
1612,1571
1581,1533
1302,1350
1371,1461
1593,1516
1633,1586
1497,1463
1411,1493
1533,1496
1536,1421
1539,1646
1500,1538
1333,1383
1564,1594
1476,1417
1426,1452
1406,1369
1466,1420
1475,1501
1572,1579
1573,1597
1428,1378
1566,1617
1512,1471
1579,1526
1657,1587
1570,1537
1692,1538
1625,1596
1626,1552
1474,1478
1437,1513
1583,1546
1502,1511
1455,1522
1385,1389
1482,1395
1442,1389
1396,1472
1383,1417
1603,1613
1393,1485
1546,1593
1343,1481
1478,1414
1542,1561
1425,1492
1377,1415
1479,1475
1387,1455
1602,1593
1406,1342
1362,1330
1485,1493
1385,1394
1622,1603
1609,1571
1634,1547
1429,1505
1445,1441
1337,1357
1485,1502
1690,1609
1655,1568
1439,1422
1561,1491
1342,1475
1354,1458
1568,1603
1542,1594
1457,1417
1557,1549
1536,1591
1625,1553
1642,1606
1496,1502
1401,1478
1463,1488
1607,1594
1732,1578
1637,1618
1652,1625
1543,1538
1481,1402
1402,1441
1660,1537
1520,1562
1333,1427
1593,1552
1479,1519
1522,1488
1548,1491
1587,1576
1600,1561
1422,1441
1487,1539
1528,1538
1697,1567
1332,1384
1544,1606
1361,1451
1287,1407
1364,1388
1576,1553
1382,1390
1570,1526
1400,1441
1542,1615
1723,1532
1681,1629
1589,1517
1486,1506
1570,1609
1622,1609
1343,1439
1544,1583
1559,1593
1532,1606
1495,1465
1557,1550
1581,1647
1417,1506
1587,1672
1431,1385
1433,1403
1455,1405
1491,1503
1620,1631
1614,1573
1433,1550
1489,1403
1442,1454
1326,1329
1439,1429
1394,1470
1497,1559
1610,1589
1436,1432
1631,1605
1396,1553
1344,1439
1425,1461
1526,1418
1465,1439
1464,1466
1563,1533
1553,1588
1407,1427
1316,1411
1385,1430
1571,1495
1350,1429
1629,1510
1551,1551
1473,1537
1636,1577
1507,1601
1603,1547
1637,1580
1686,1531
1544,1505
1629,1568
1461,1466
1562,1510
1298,1343
1385,1406
1577,1587
1648,1600
1542,1638
1462,1386
1457,1477
1528,1539
1390,1419
1459,1407
1600,1494
1351,1402
1595,1567
1630,1470
1512,1454
1500,1592
1312,1348
1362,1431
1506,1452
1379,1374
1579,1529
1598,1647
1351,1455
1452,1395
1421,1411
1538,1584
1376,1364
1363,1463
1478,1574
1433,1484
1452,1429
1525,1563
1383,1448
1431,1492
1545,1590
1430,1480
1624,1623
1388,1383
1371,1482
1389,1448
1681,1586
1593,1568
1552,1557
1646,1617
1589,1584
1391,1413
1432,1477
1362,1392
1593,1513
1408,1460
1606,1584
1506,1571
1391,1420
1392,1383
1603,1596
1402,1418
1560,1493
1466,1447
1522,1428
1510,1616
1338,1510
1414,1414
1596,1510
1652,1598
1426,1420
1445,1478
1625,1654
1586,1599
1391,1403
1366,1423
1602,1529
1561,1576
1418,1393
1396,1399
1408,1393
1541,1530
1372,1405
1479,1518
1309,1380
1698,1514
1314,1446
1563,1525
1408,1379
1469,1521
1620,1529
1444,1485
1620,1575
1423,1398
1647,1633
1688,1580
1550,1632
1424,1413
1512,1631
1400,1461
1407,1447
1670,1567
1564,1556
1424,1376
1541,1505
1559,1556
1554,1521
1538,1519
1596,1590
1597,1658
1673,1526
1482,1440
1507,1385
1607,1535
1564,1568
1505,1450
1572,1563
1579,1583
1634,1518
1666,1565
1399,1459
1551,1521
1369,1475
1367,1379
1574,1592
1489,1493
1391,1512
1447,1396
1420,1440
1602,1555
1407,1454
1444,1473
1566,1559
1639,1582
1621,1573
1387,1454
1377,1406
1419,1404
1392,1421
1450,1509
1713,1509
1530,1491
1474,1560
1342,1444
1396,1420
1648,1573
1395,1431
1463,1537
1556,1620
1478,1531
1359,1495
1438,1453
1390,1507
1537,1472
1385,1429
1417,1434
1593,1644
1481,1460
1620,1561
1399,1413
1406,1429
1467,1384
1612,1485
1531,1457
1343,1367
1501,1461
1418,1519
1632,1596
1448,1528
1521,1476
1518,1518
1650,1578
1519,1501
1295,1441
1440,1463
1627,1530
1573,1529
1488,1494
1459,1454
1380,1466
1445,1497
1366,1429
1574,1578
1662,1571
1647,1526
1369,1427
1411,1392
1535,1494
1410,1408
1665,1609
1538,1586
1579,1524
1606,1581
1584,1533
1669,1524
1591,1571
1648,1517
1547,1526
1630,1641
1608,1570
1470,1545
1406,1476
1667,1531
1570,1575
1490,1556
1343,1520
1517,1508
1652,1559
1390,1532
1456,1537
1466,1427
1558,1470
1501,1432
1607,1597
1457,1393
1651,1573
1433,1398
1625,1586
1348,1387
1511,1418
1385,1491
1526,1598
1481,1391
1608,1532
1625,1638
1407,1414
1368,1480
1434,1427
1521,1549
1386,1513
1523,1531
1410,1371
1493,1533
1538,1529
1565,1498
1485,1568
1497,1531
1579,1521
1534,1615
1517,1447
1578,1644
1355,1405
1492,1511
1613,1621
1397,1365
1413,1424
1625,1607
1466,1420
1408,1398
1537,1524
1584,1554
1560,1448
1589,1535
1308,1403
1608,1543
1580,1591
1602,1555
1593,1600
1527,1592
1460,1407
1585,1574
1379,1408
1578,1554
1557,1469
1523,1505
1593,1640
1526,1542
1426,1547
1418,1491
1420,1423
1447,1494
1640,1611
1457,1566
1479,1484
1435,1410
1592,1471
1515,1576
1730,1601
1354,1313
1523,1457
1527,1526
1567,1608
1645,1585
1635,1570
1562,1575
1611,1450
1364,1489
1390,1356
1593,1607
1326,1412
1640,1530
1417,1410
1592,1535
1665,1551
1517,1660
1373,1463
1399,1427
1580,1553
1408,1448
1361,1449
1422,1444
1499,1495
1350,1368
1504,1515
1511,1440
1539,1486
1403,1478
1533,1586
1496,1431
1540,1571
1417,1440
1594,1607
1497,1529
1377,1421
1569,1610
1536,1471
1637,1591
1513,1566
1616,1618
1432,1461
1442,1433
1411,1344
1521,1563
1453,1545
1378,1406
1543,1424
1469,1592
1647,1570
1320,1397
1453,1458
1521,1448
1481,1519
1571,1538
1543,1548
1490,1512
1523,1466
1462,1410
1516,1461
1432,1553
1394,1416
1475,1460
1376,1414
1495,1511
1540,1570
1577,1553
1619,1545
1620,1607
1552,1467
1599,1567
1653,1571
1623,1535
1317,1438
1441,1452
1432,1418
1500,1479
1636,1656
1577,1540
1580,1558
1392,1437
1525,1576
1529,1639
1429,1458
1627,1569
1529,1596
1527,1380
1673,1602
1350,1444
1498,1383
1487,1483
1468,1629
1425,1500
1454,1475
1484,1414
1492,1409
1408,1425
1391,1369
1479,1490
1675,1513
1438,1489
1592,1517
1401,1375
1475,1529
1513,1521
1575,1541
1562,1508
1587,1637
1627,1546
1469,1505
1624,1570
1446,1519
1450,1522
1376,1434
1390,1439
1549,1561
1668,1585
1380,1412
1582,1445
1395,1398
1347,1440
1404,1326
1482,1399
1604,1621
1498,1443
1594,1536
1603,1493
1449,1394
1441,1388
1398,1425
1539,1431
1596,1604
1441,1533
1548,1585
1642,1574
1601,1587
1653,1582
1546,1513
1491,1458
1532,1588
1464,1447
1366,1417
1453,1383
1612,1609
1404,1458
1438,1524
1583,1649
1600,1583
1494,1571
1520,1394
1477,1445
1521,1519
1632,1579
1391,1419
1473,1512
1580,1515
1616,1498
1492,1575
1492,1459
1552,1585
1451,1532
1536,1545
1471,1536
1539,1451
1493,1496
1360,1445
1565,1579
1443,1532
1629,1581
1423,1406
1526,1521
1524,1468
1373,1404
1696,1546
1424,1469
1316,1444
1458,1553
1441,1423
1478,1507
1595,1567
1498,1361
1525,1553
1448,1489
1480,1466
1461,1553
1540,1626
1566,1563
1499,1446
1391,1468
1606,1565
1616,1538
1437,1499
1409,1475
1572,1632
1454,1436
1466,1481
1478,1539
1509,1595
1471,1532
1317,1458
1690,1554
1436,1350
1530,1449
1401,1436
1556,1446
1537,1505
1433,1423
1593,1525
1413,1367
1535,1500
1415,1429
1538,1574
1375,1470
1683,1512
1631,1609
1515,1447
1578,1498
1442,1380
1467,1473
1421,1483
1417,1542
1464,1491
1578,1550
1306,1374
1581,1616
1517,1618
1392,1400
1598,1575
1596,1502
1629,1587
1425,1474
1474,1586
1564,1552
1428,1457
1429,1408
1603,1476
1475,1387
1462,1470
1535,1600
1627,1426
1408,1429
1644,1527
1634,1560
1526,1559
1564,1573
1330,1421
1421,1579
1615,1594
1580,1619
1461,1534
1613,1532
1650,1651
1420,1392
1449,1499
1473,1507
1481,1515
1551,1544
1369,1425
1413,1421
1405,1519
1520,1511
1437,1433
1422,1542
1577,1601
1313,1446
1696,1589
1421,1476
1522,1462
1378,1448
1460,1503
1470,1454
1579,1566
1572,1578
1422,1464
1415,1458
1449,1491
1627,1502
1522,1496
1452,1411
1488,1522
1434,1490
1365,1497
1490,1507
1615,1560
1619,1552
1297,1444
1597,1504
1323,1454
1455,1435
1625,1528
1521,1562
1406,1466
1574,1482
1485,1539
1330,1469
1549,1550
1477,1541
1432,1435
1502,1484
1393,1414
1488,1541
1578,1429
1688,1661
1593,1512
1474,1485
1516,1608
1497,1512
1591,1515
1466,1459
1545,1549
1609,1476
1509,1452
1496,1493
1478,1449
1453,1531
1571,1532
1477,1543
1318,1504
1532,1446
1590,1548
1550,1520
1528,1565
1337,1405
1541,1578
1355,1413
1470,1429
1439,1471
1362,1528
1582,1482
1644,1608
1622,1591
1436,1464
1489,1469
1503,1441
1624,1559
1549,1562
1640,1563
1452,1525
1357,1508
1586,1548
1600,1602
1435,1388
1513,1630
1622,1557
1475,1485
1627,1584
1607,1550
1370,1432
1529,1530
1428,1492
1540,1575
1619,1604
1435,1392
1451,1413
1353,1459
1500,1366
1430,1395
1545,1601
1557,1600
1400,1417
1501,1604
1559,1665
1521,1517
1421,1451
1509,1431
1490,1550
1462,1496
1651,1553
1453,1453
1383,1417
1483,1554
1494,1493
1482,1590
1467,1413
1339,1441
1416,1442
1509,1539
1466,1557
1546,1622
1401,1451
1329,1448
1531,1560
1494,1516
1493,1413
1606,1522
1557,1535
1482,1458
1498,1462
1525,1519
1611,1544
1457,1412
1430,1483
1377,1478
1488,1510
1563,1478
1383,1414
1651,1552
1446,1488
1444,1362
1401,1408
1530,1562
1634,1585
1394,1423
1492,1646
1632,1539
1555,1596
1574,1605
1627,1558
1431,1420
1578,1590
1406,1452
1548,1598
1327,1382
1491,1437
1525,1490
1586,1580
1500,1463
1506,1553
1662,1601
1551,1540
1397,1440
1482,1462
1575,1593
1569,1667
1413,1361
1600,1592
1394,1429
1519,1440
1653,1604
1425,1431
1489,1379
1459,1371
1308,1494
1648,1650
1425,1417
1578,1538
1499,1506
1453,1396
1336,1421
1585,1452
1467,1457
1525,1547
1589,1593
1438,1431
1634,1580
1472,1419
1508,1425
1520,1550
1576,1541
1268,1400
1440,1354
1547,1540
1371,1401
1587,1586
1463,1497
1459,1445
1581,1504
1408,1430
1528,1488
1367,1405
1361,1380
1586,1583
1438,1503
1495,1546
1523,1560
1537,1572
1655,1515
1522,1631
1492,1501
1335,1415
1586,1498
1636,1592
1518,1511
1438,1388
1485,1431
1373,1475
1471,1594
1426,1466
1383,1439
1534,1557
1624,1521
1392,1415
1599,1638
1392,1391
1534,1645
1565,1530
1536,1464
1597,1519
1436,1513
1452,1494
1435,1353
1671,1578
1622,1630
1480,1381
1627,1487
1558,1537
1574,1538
1414,1448
1492,1560
1419,1387
1661,1540
1345,1391
1481,1575
1512,1539
1612,1587
1554,1564
1601,1597
1394,1458
1534,1531
1410,1369
1417,1445
1616,1593
1434,1445
1389,1453
1417,1502
1476,1506
1558,1455
1430,1461
1499,1567
1587,1509
1515,1549
1472,1498
1517,1419
1423,1448
1439,1513
1578,1510
1460,1386
1528,1565
1406,1502
1530,1542
1465,1399
1426,1391
1579,1542
1454,1478
1506,1611
1537,1485
1466,1509
1637,1565
1433,1459
1498,1488
1465,1513
1481,1421
1512,1524
1580,1629
1494,1638
1505,1549
1407,1426
1455,1514
1504,1490
1341,1471
1423,1384
1610,1553
1497,1503
1564,1471
1435,1460
1492,1423
1524,1482
1618,1519
1422,1482
1379,1435
1524,1570
1516,1483
1641,1567
1621,1532
1419,1412
1567,1591
1555,1554
1447,1412
1429,1470
1401,1466
1672,1557
1390,1480
1378,1399
1335,1451
1522,1569
1403,1413
1487,1372
1361,1455
1520,1500
1540,1431
1535,1609
1498,1533
1684,1546
1471,1445
1389,1456
1343,1367
1416,1513
1490,1420
1485,1462
1368,1401
1575,1591
1538,1577
1564,1493
1354,1451
1477,1477
1525,1495
1558,1520
1526,1439
1480,1397
1483,1409
1582,1564
1482,1423
1570,1549
1464,1608
1375,1338
1539,1521
1430,1468
1341,1399
1512,1457
1493,1439
1638,1511
1580,1532
1615,1576
1571,1536
1416,1407
1590,1567
1582,1474
1520,1513
1373,1460
1507,1461
1398,1426
1555,1507
1616,1554
1485,1472
1420,1497
1448,1455
1588,1533
1456,1465
1422,1527
1416,1443
1351,1434
1568,1545
1417,1503
1538,1572
1559,1497
1437,1472
1605,1578
1500,1436
1623,1522
1574,1554
1512,1470
1473,1563
1395,1420
1516,1603
1652,1505
1416,1450
1425,1467
1582,1568
1582,1603
1633,1602
1645,1631
1585,1579
1392,1458
1564,1492
1534,1557
1542,1554
1511,1451
1609,1550
1381,1471
1497,1532
1372,1501
1561,1559
1440,1435
1613,1575
1443,1446
1452,1551
1349,1433
1538,1454
1477,1386
1385,1399
1603,1530
1481,1476
1438,1436
1469,1468
1421,1455
1575,1550
1412,1552
1610,1549
1471,1449
1587,1586
1577,1550
1388,1445
1419,1450
1581,1566
1630,1580
1581,1520
1480,1385
1383,1458
1427,1352
1528,1587
1533,1517
1518,1587
1626,1579
1497,1535
1508,1534
1668,1515
1375,1423
1595,1603
1572,1520
1506,1429
1498,1399
1654,1539
1597,1514
1591,1625
1544,1549
1440,1434
1467,1485
1636,1592
1499,1532
1501,1537
1419,1364
1530,1530
1544,1507
1528,1415
1390,1420
1608,1616
1388,1438
1477,1454
1574,1531
1583,1611
1546,1583
1563,1481
1561,1543
1428,1472
1329,1451
1612,1535
1396,1429
1477,1518
1392,1483
1434,1476
1360,1512
1567,1528
1533,1527
1445,1509
1466,1422
1481,1579
1586,1513
1524,1544
1552,1578
1408,1495
1507,1513
1409,1428
1561,1621
1468,1440
1530,1462
1358,1486
1400,1440
1462,1549
1351,1451
1476,1502
1354,1391
1571,1629
1476,1488
1511,1454
1503,1405
1350,1460
1433,1445
1423,1388
1473,1533
1476,1469
1393,1412
1456,1482
1393,1439
1553,1529
1401,1429
1474,1362
1420,1469
1597,1553
1512,1500
1476,1496
1438,1487
1591,1594
1570,1589
1560,1599
1428,1398
1641,1552
1432,1447
1448,1468
1619,1564
1533,1529
1475,1483
1566,1577
1515,1422
1410,1373
1608,1554
1416,1421
1551,1496
1469,1594
1606,1579
1509,1438
1304,1385
1589,1560
1599,1587
1546,1536
1558,1558
1471,1388
1538,1409
1452,1428
1595,1582
1572,1593
1536,1593
1343,1477
1473,1487
1428,1432
1632,1667
1400,1409
1623,1579
1588,1552
1413,1509
1557,1541
1589,1614
1531,1579
1461,1440
1505,1475
1457,1511
1405,1481
1509,1512
1461,1496
1528,1610
1535,1545
1524,1556
1633,1629
1569,1576
1593,1535
1418,1446
1465,1434
1489,1379
1567,1583
1601,1541
1532,1506
1363,1439
1571,1521
1394,1410
1452,1450
1360,1465
1553,1536
1406,1421
1429,1494
1636,1522
1422,1424
1458,1529
1466,1437
1545,1531
1599,1505
1376,1431
1349,1425
1619,1546
1629,1550
1403,1441
1330,1423
1405,1365
1584,1558
1440,1466
1408,1370
1512,1469
1418,1494
1509,1487
1636,1569
1377,1397
1435,1429
1538,1611
1575,1565
1311,1396
1408,1435
1632,1517
1514,1505
1571,1585
1551,1533
1546,1558
1553,1513
1528,1549
1462,1470
1577,1551
1479,1405
1384,1441
1713,1590
1535,1550
1510,1551
1431,1424
1377,1400
1467,1571
1506,1528
1489,1417
1527,1575
1581,1592
1607,1580
1555,1531
1497,1443
1574,1631
1509,1525
1396,1440
1443,1438
1591,1539
1408,1414
1534,1568
1501,1354
1538,1490
1568,1525
1622,1498
1467,1479
1537,1485
1453,1470
1537,1531
1385,1411
1490,1541
1640,1567
1497,1550
1608,1581
1653,1601
1538,1469
1455,1525
1419,1449
1430,1452
1445,1464
1503,1581
1502,1531
1467,1498
1543,1535
1590,1560
1485,1488
1487,1491
1563,1608
1591,1642
1490,1440
1559,1554
1531,1510
1505,1560
1464,1420
1460,1427
1494,1412
1552,1506
1465,1457
1566,1554
1608,1613
1575,1517
1420,1485
1593,1554
1460,1446
1521,1474
1478,1542
1610,1582
1478,1518
1384,1477
1583,1538
1593,1542
1546,1581
1433,1462
1639,1552
1599,1476
1560,1677
1470,1412
1390,1369
1461,1517
1377,1401
1486,1467
1507,1542
1416,1434
1474,1617
1357,1386
1435,1431
1474,1524
1702,1623
1460,1504
1508,1496
1477,1561
1484,1390
1635,1607
1524,1553
1636,1529
1448,1475
1528,1536
1411,1361
1455,1321
1595,1505
1512,1462
1530,1537
1458,1444
1492,1478
1428,1423
1403,1529
1547,1468
1512,1599
1404,1442
1446,1474
1599,1515
1597,1583
1563,1533
1542,1537
1368,1380
1531,1503
1410,1459
1567,1534
1485,1403
1353,1443
1452,1418
1637,1569
1405,1455
1393,1525
1498,1502
1452,1526
1355,1482
1472,1427
1441,1483
1432,1469
1424,1454
1535,1550
1356,1447
1600,1586
1403,1447
1443,1430
1489,1532
1545,1511
1528,1596
1547,1492
1372,1431
1505,1590
1591,1586
1547,1543
1668,1467
1603,1586
1451,1501
1543,1406
1387,1434
1405,1457
1439,1445
1520,1588
1450,1474
1598,1576
1469,1464
1480,1472
1408,1459
1563,1539
1490,1438
1513,1497
1368,1460
1577,1460
1619,1592
1509,1460
1500,1479
1426,1445
1547,1538
1617,1534
1519,1567
1369,1358
1519,1498
1527,1627
1397,1397
1447,1437
1612,1583
1576,1622
1474,1571
1436,1441
1588,1579
1472,1457
1576,1622
1459,1499
1529,1497
1573,1559
1580,1542
1606,1616
1423,1447
1367,1423
1635,1556
1467,1497
1408,1487
1600,1590
1514,1469
1595,1469
1482,1453
1510,1490
1519,1551
1408,1423
1656,1516
1451,1496
1605,1588
1522,1514
1490,1558
1480,1476
1411,1511
1530,1586
1480,1593
1618,1568
1284,1429
1324,1415
1513,1468
1356,1443
1620,1544
1685,1537
1517,1578
1579,1584
1431,1349
1582,1598
1415,1391
1462,1473
1588,1461
1563,1561
1317,1379
1571,1554
1349,1433
1546,1412
1559,1623
1601,1481
1409,1455
1539,1517
1395,1430
1481,1346
1513,1475
1552,1533
1592,1579
1416,1412
1525,1445
1470,1477
1432,1434
1413,1460
1450,1469
1605,1567
1544,1455
1450,1440
1523,1522
1448,1446
1569,1557
1459,1369
1633,1567
1414,1457
1546,1524
1550,1543
1572,1636
1414,1432
1564,1571
1531,1551
1574,1618
1633,1563
1553,1552
1465,1485
1358,1430
1459,1451
1554,1545
1406,1428
1428,1403
1401,1382
1564,1584
1624,1541
1418,1437
1456,1467
1478,1495
1641,1521
1438,1536
1577,1571
1425,1516
1452,1469
1409,1552
1401,1490
1537,1498
1378,1466
1419,1377
1457,1488
1492,1483
1570,1588
1523,1454
1550,1582
1632,1542
1312,1397
1463,1436
1498,1565
1466,1449
1576,1546
1517,1575
1473,1565
1509,1558
1547,1564
1494,1512
1390,1408
1391,1433
1390,1473
1464,1387
1505,1570
1513,1563
1459,1429
1534,1569
1583,1530
1546,1553
1619,1601
1397,1454
1641,1560
1551,1471
1460,1468
1578,1463
1497,1513
1495,1508
1392,1497
1633,1640
1495,1488
1519,1472
1478,1539
1527,1456
1446,1463
1544,1537
1457,1465
1440,1457
1473,1380
1613,1609
1635,1509
1516,1612
1355,1433
1487,1480
1453,1458
1455,1436
1502,1477
1418,1435
1468,1483
1606,1591
1552,1474
1412,1484
1569,1459
1568,1595
1426,1355
1663,1559
1574,1531
1422,1500
1486,1446
1449,1395
1359,1486
1588,1479
1481,1566
1532,1486
1496,1495
1557,1565
1541,1528
1451,1511
1525,1585
1465,1530
1436,1392
1398,1347
1576,1515
1569,1556
1413,1467
1444,1507
1602,1516
1512,1456
1564,1560
1539,1569
1528,1527
1574,1583
1427,1415
1438,1488
1462,1492
1401,1389
1510,1420
1596,1581
1347,1462
1531,1506
1611,1506
1582,1555
1455,1502
1461,1388
1554,1512
1375,1489
1386,1430
1584,1536
1484,1412
1552,1594
1647,1515
1580,1612
1452,1434
1562,1497
1526,1486
1584,1483
1577,1549
1465,1427
1401,1393
1418,1504
1473,1495
1520,1537
1519,1556
1675,1589
1476,1372
1423,1452
1370,1456
1557,1611
1480,1553
1575,1552
1460,1459
1405,1429
1578,1577
1411,1496
1521,1559
1460,1408
1487,1468
1381,1408
1415,1515
1557,1568
1410,1431
1322,1372
1424,1432
1475,1436
1519,1552
1484,1380
1468,1486
1506,1577
1497,1542
1490,1435
1603,1479
1601,1504
1354,1407
1574,1569
1607,1513
1416,1550
1429,1495
1462,1546
1461,1507
1549,1534
1601,1589
1571,1576
1565,1557
1397,1474
1454,1416
1450,1448
1415,1456
1524,1507
1541,1404
1571,1510
1500,1496
1570,1569
1381,1458
1589,1571
1424,1451
1625,1557
1582,1510
1409,1406
1622,1567
1589,1490
1445,1398
1512,1567
1428,1401
1650,1524
1549,1503
1594,1585
1586,1572
1482,1382
1532,1445
1482,1501
1576,1582
1436,1462
1407,1436
1408,1448
1575,1553
1516,1417
1509,1504
1577,1584
1577,1517
1527,1512
1513,1584
1535,1542
1591,1534
1405,1458
1641,1546
1455,1448
1471,1497
1647,1579
1484,1408
1595,1578
1543,1574
1503,1433
1398,1401
1482,1444
1416,1424
1387,1448
1571,1540
1497,1505
1505,1512
1593,1567
1467,1409
1485,1449
1431,1393
1469,1498
1560,1546
1538,1498
1363,1398
1422,1522
1537,1439
1427,1380
1529,1519
1551,1554
1486,1440
1535,1504
1513,1550
1563,1587
1449,1407
1466,1435
1446,1375
1414,1439
1565,1531
1528,1484
1367,1425
1444,1485
1544,1494
1589,1621
1450,1450
1463,1510
1634,1560
1537,1493
1489,1477
1520,1465
1491,1463
1451,1491
1408,1452
1507,1510
1369,1458
1459,1508
1442,1408
1504,1548
1443,1551
1492,1472
1479,1434
1525,1530
1549,1551
1496,1493
1479,1638
1656,1548
1521,1538
1611,1480
1601,1594
1527,1453
1507,1571
1367,1437
1490,1462
1591,1500
1568,1563
1647,1536
1323,1405
1569,1446
1514,1487
1567,1605
1508,1569
1603,1508
1540,1487
1551,1553
1432,1449
1504,1452
1463,1478
1560,1614
1518,1582
1490,1576
1471,1543
1568,1522
1640,1473
1596,1593
1484,1481
1488,1547
1658,1439
1527,1523
1521,1499
1483,1395
1607,1550
1502,1398
1516,1565
1389,1402
1537,1509
1566,1465
1454,1501
1425,1432
1573,1465
1428,1470
1388,1426
1382,1448
1517,1494
1523,1548
1442,1399
1440,1523
1405,1444
1548,1550
1463,1397
1456,1493
1399,1496
1498,1441
1574,1574
1471,1524
1439,1380
1381,1349
1658,1453
1528,1487
1562,1543
1454,1440
1567,1510
1435,1425
1421,1403
1513,1518
1407,1528
1616,1523
1388,1431
1405,1449
1556,1595
1609,1592
1398,1468
1550,1564
1562,1535
1545,1472
1564,1518
1467,1429
1569,1451
1584,1578
1416,1475
1432,1441
1428,1469
1415,1437
1567,1502
1505,1429
1502,1518
1331,1476
1414,1516
1477,1428
1514,1540
1550,1638
1576,1534
1515,1484
1498,1389
1454,1459
1387,1494
1444,1469
1623,1574
1633,1625
1398,1491
1602,1516
1442,1439
1554,1487
1429,1499
1406,1422
1456,1518
1357,1438
1414,1499
1442,1402
1571,1561
1542,1531
1397,1373
1357,1425
1497,1435
1499,1508
1470,1493
1645,1605
1483,1622
1537,1568
1379,1422
1603,1589
1629,1564
1606,1581
1438,1413
1532,1594
1377,1425
1526,1465
1434,1404
1591,1638
1552,1483
1633,1579
1435,1509
1466,1515
1505,1453
1370,1480
1613,1574
1394,1438
1404,1448
1426,1481
1543,1439
1536,1567
1548,1552
1377,1479
1547,1507
1427,1418
1420,1522
1692,1576
1570,1600
1459,1562
1660,1486
1576,1540
1405,1362
1553,1547
1446,1392
1466,1413
1517,1526
1568,1515
1385,1519
1556,1512
1580,1525
1395,1523
1627,1522
1445,1444
1490,1407
1564,1603
1527,1500
1579,1423
1453,1448
1502,1490
1503,1608
1371,1399
1592,1493
1629,1517
1383,1426
1487,1547
1543,1483
1381,1426
1568,1584
1613,1645
1571,1531
1509,1417
1421,1447
1446,1470
1510,1574
1498,1415
1451,1443
1549,1617
1529,1501
1543,1472
1522,1589
1473,1521
1434,1437
1472,1422
1563,1615
1612,1512
1397,1467
1390,1487
1626,1551
1287,1459
1539,1559
1346,1476
1607,1565
1617,1552
1419,1497
1597,1562
1575,1506
1400,1448
1418,1440
1514,1571
1475,1566
1484,1537
1489,1397
1549,1494
1512,1504
1478,1454
1523,1470
1615,1537
1557,1505
1504,1560
1649,1601
1426,1454
1421,1414
1431,1449
1458,1545
1429,1481
1642,1560
1376,1475
1560,1505
1403,1458
1585,1555
1565,1565
1360,1472
1595,1541
1392,1431
1478,1449
1414,1524
1399,1477
1548,1601
1489,1523
1483,1464
1432,1385
1410,1462
1289,1482
1564,1540
1412,1440
1407,1463
1411,1496
1591,1528
1494,1403
1547,1492
1423,1396
1547,1430
1461,1418
1470,1555
1493,1444
1498,1523
1547,1585
1583,1559
1578,1568
1543,1532
1517,1482
1522,1561
1505,1489
1422,1422
1428,1508
1565,1592
1341,1407
1507,1533
1372,1464
1558,1545
1602,1541
1549,1618
1410,1452
1466,1411
1569,1569
1556,1526
1520,1537
1508,1526
1653,1559
1459,1472
1500,1480
1396,1508
1356,1436
1571,1577
1413,1518
1373,1452
1339,1491
1480,1521
1720,1588
1531,1523
1526,1562
1527,1558
1426,1458
1482,1569
1433,1455
1439,1434
1475,1561
1366,1434
1633,1522
1410,1460
1545,1483
1514,1562
1428,1529
1492,1547
1398,1492
1404,1540
1564,1539
1415,1424
1382,1414
1583,1484
1600,1532
1566,1506
1562,1605
1572,1449
1562,1545
1445,1515
1409,1422
1416,1460
1372,1435
1434,1398
1517,1561
1469,1428
1493,1533
1553,1517
1561,1541
1566,1556
1599,1704
1557,1511
1433,1515
1519,1650
1379,1428
1415,1379
1413,1546
1485,1426
1399,1453
1465,1459
1515,1486
1449,1522
1538,1478
1407,1458
1572,1479
1506,1526
1502,1447
1536,1487
1446,1411
1604,1551
1429,1396
1509,1468
1429,1373
1522,1517
1450,1423
1445,1557
1540,1636
1599,1581
1472,1440
1575,1540
1327,1473
1419,1444
1438,1473
1594,1530
1414,1373
1564,1626
1572,1548
1369,1428
1523,1470
1297,1461
1463,1515
1538,1447
1522,1585
1368,1391
1480,1474
1492,1469
1517,1512
1491,1514
1451,1471
1581,1622
1426,1464
1437,1416
1596,1586
1525,1567
1557,1546
1650,1572
1521,1453
1601,1562
1480,1470
1408,1480
1426,1486
1511,1509
1414,1464
1475,1589
1559,1559
1606,1644
1464,1548
1455,1627
1505,1550
1615,1538
1634,1536
1500,1463
1525,1512
1490,1501
1482,1428
1440,1482
1501,1458
1595,1523
1394,1457
1405,1494
1486,1588
1547,1454
1687,1633
1465,1392
1620,1548
1357,1417
1497,1650
1604,1598
1456,1574
1532,1547
1422,1453
1380,1464
1413,1484
1602,1558
1407,1465
1618,1623
1426,1485
1501,1443
1384,1356
1472,1394
1408,1439
1356,1407
1479,1458
1374,1404
1576,1500
1448,1481
1533,1445
1431,1456
1554,1566
1421,1500
1557,1503
1471,1403
1449,1474
1470,1425
1474,1488
1420,1418
1395,1447
1532,1451
1365,1410
1519,1572
1408,1436
1478,1411
1552,1596
1493,1603
1386,1449
1463,1511
1419,1374
1595,1503
1581,1492
1535,1451
1420,1468
1441,1454
1411,1467
1487,1456
1585,1547
1405,1489
1605,1598
1505,1496
1479,1435
1354,1474
1409,1466
1398,1445
1525,1583
1449,1433
1527,1529
1621,1496
1637,1471
1403,1434
1557,1549
1423,1464
1416,1436
1643,1558
1402,1423
1410,1449
1567,1549
1359,1432
1429,1441
1605,1489
1540,1550
1577,1519
1581,1627
1598,1577
1554,1474
1626,1542
1304,1374
1623,1532
1570,1599
1540,1505
1400,1464
1379,1422
1603,1628
1484,1491
1387,1383
1467,1488
1641,1488
1487,1514
1374,1403
1410,1513
1574,1583
1401,1431
1465,1401
1511,1509
1394,1402
1519,1606
1543,1575
1524,1497
1516,1629
1473,1423
1527,1524
1555,1556
1352,1408
1426,1518
1541,1519
1458,1454
1456,1449
1396,1456
1392,1417
1559,1483
1524,1476
1482,1509
1458,1468
1394,1396
1476,1405
1425,1449
1402,1512
1466,1515
1559,1503
1661,1575
1420,1355
1617,1526
1551,1545
1404,1444
1403,1434
1462,1472
1400,1481
1344,1469
1533,1583
1483,1430
1567,1517
1368,1411
1507,1576
1559,1516
1479,1536
1641,1555
1505,1531
1546,1479
1472,1468
1487,1545
1551,1467
1561,1456
1472,1389
1409,1449
1526,1629
1690,1547
1404,1487
1452,1531
1449,1406
1651,1614
1593,1646
1617,1600
1570,1602
1571,1565
1516,1449
1438,1419
1467,1537
1539,1577
1504,1464
1563,1576
1552,1536
1525,1448
1541,1512
1525,1517
1620,1623
1455,1590
1558,1625
1499,1535
1511,1493
1592,1580
1587,1586
1567,1446
1486,1352
1459,1477
1616,1544
1537,1487
1624,1506
1365,1422
1390,1431
1551,1470
1633,1546
1503,1489
1649,1521
1581,1505
1347,1500
1440,1395
1408,1461
1460,1408
1431,1452
1415,1405
1588,1546
1507,1510
1593,1575
1505,1482
1581,1569
1517,1507
1636,1559
1560,1623
1319,1410
1453,1442
1364,1371
1542,1568
1346,1425
1413,1448
1511,1425
1504,1463
1375,1405
1577,1630
1501,1485
1576,1513
1670,1580
1526,1568
1384,1506
1402,1451
1427,1510
1466,1576
1439,1449
1562,1530
1628,1567
1509,1567
1572,1593
1380,1355
1406,1453
1650,1643
1604,1538
1641,1582
1496,1413
1601,1543
1592,1549
1552,1576
1629,1542
1611,1564
1648,1569
1557,1487
1457,1445
1612,1623
1443,1395
1556,1518
1588,1599
1335,1461
1515,1535
1503,1527
1489,1548
1429,1487
1590,1580
1444,1473
1543,1494
1565,1468
1609,1529
1443,1480
1618,1615
1462,1494
1597,1626
1351,1334
1408,1556
1498,1421
1528,1600
1550,1460
1522,1566
1378,1442
1389,1534
1543,1622
1534,1494
1438,1501
1417,1434
1410,1386
1409,1419
1585,1597
1398,1462
1688,1540
1559,1575
1536,1597
1470,1507
1531,1599
1438,1397
1422,1464
1398,1494
1567,1461
1651,1530
1395,1375
1424,1479
1468,1466
1431,1420
1406,1414
1363,1453
1656,1514
1423,1471
1551,1527
1623,1482
1644,1538
1396,1535
1472,1410
1442,1449
1595,1562
1440,1566
1400,1492
1504,1392
1548,1585
1425,1369
1392,1454
1475,1404
1447,1594
1647,1541
1571,1552
1643,1504
1639,1572
1605,1561
1360,1435
1588,1604
1472,1493
1407,1455
1504,1593
1538,1602
1553,1519
1627,1529
1436,1368
1350,1457
1580,1547
1557,1566
1438,1423
1507,1358
1407,1478
1543,1464
1605,1535
1583,1544
1429,1406
1460,1497
1465,1525
1443,1455
1581,1566
1623,1575
1373,1493
1427,1398
1467,1567
1492,1435
1446,1440
1536,1506
1413,1488
1581,1606
1543,1610
1432,1505
1570,1420
1400,1420
1508,1435
1457,1434
1625,1569
1595,1475
1592,1496
1543,1522
1407,1387
1644,1619
1428,1418
1588,1598
1552,1549
1459,1495
1551,1488
1473,1439
1431,1571
1549,1452
1534,1548
1501,1549
1579,1616
1400,1363
1570,1573
1389,1467
1444,1429
1468,1504
1609,1604
1367,1448
1464,1551
1465,1413
1650,1560
1503,1492
1548,1528
1585,1618
1534,1525
1594,1527
1564,1636
1388,1395
1449,1388
1492,1496
1350,1407
1471,1447
1629,1607
1595,1548
1468,1530
1487,1461
1483,1554
1520,1455
1545,1613
1542,1524
1509,1447
1440,1537
1659,1653
1513,1430
1564,1475
1422,1455
1613,1515
1402,1500
1532,1427
1559,1578
1436,1577
1497,1461
1480,1518
1509,1541
1461,1468
1601,1513
1500,1427
1608,1536
1572,1544
1449,1421
1556,1516
1401,1455
1568,1570
1503,1466
1428,1417
1515,1522
1395,1429
1568,1542
1468,1507
1428,1511
1614,1505
1402,1391
1459,1369
1422,1437
1512,1600
1530,1539
1423,1450
1586,1670
1395,1491
1526,1570
1482,1592
1551,1516
1518,1500
1522,1508
1500,1540
1480,1473
1463,1522
1390,1442
1487,1413
1354,1388
1401,1421
1441,1568
1632,1548
1575,1584
1504,1427
1469,1508
1418,1409
1510,1395
1449,1462
1563,1537
1576,1568
1386,1407
1446,1408
1561,1537
1546,1503
1419,1477
1463,1445
1531,1643
1437,1431
1445,1395
1537,1608
1567,1465
1615,1460
1398,1436
1495,1548
1507,1399
1592,1600
1583,1486
1633,1578
1471,1497
1428,1408
1521,1551
1430,1520
1348,1478
1544,1453
1582,1561
1562,1561
1554,1548
1494,1583
1517,1530
1446,1440
1455,1481
1566,1541
1513,1507
1395,1431
1308,1416
1482,1439
1512,1605
1366,1422
1490,1523
1328,1397
1469,1486
1351,1506
1425,1479
1391,1401
1569,1521
1525,1518
1541,1633
1561,1574
1513,1509
1471,1497
1600,1539
1514,1450
1549,1501
1398,1438
1504,1491
1638,1626
1608,1567
1384,1413
1442,1520
1663,1587
1418,1372
1426,1414
1445,1423
1536,1582
1614,1517
1328,1399
1414,1464
1464,1466
1581,1606
1559,1508
1502,1453
1509,1500
1648,1619
1498,1503
1495,1494
1589,1626
1452,1408
1448,1504
1389,1407
1473,1449
1492,1530
1454,1517
1484,1527
1395,1458
1519,1526
1516,1493
1503,1516
1512,1532
1655,1594
1471,1462
1481,1352
1360,1445
1634,1595
1573,1596
1632,1599
1504,1553
1446,1475
1388,1522
1322,1473
1505,1486
1391,1414
1616,1465
1615,1604
1667,1635
1575,1512
1408,1409
1295,1442
1554,1518
1606,1529
1440,1365
1480,1535
1391,1420
1424,1400
1472,1536
1640,1633
1556,1417
1676,1550
1394,1443
1520,1524
1454,1465
1548,1455
1444,1424
1594,1519
1394,1501
1430,1345
1381,1452
1615,1577
1473,1449
1467,1411
1595,1541
1516,1448
1373,1427
1547,1616
1609,1492
1586,1495
1651,1610
1683,1578
1510,1538
1440,1429
1524,1548
1400,1408
1472,1454
1516,1515
1663,1610
1513,1589
1534,1584
1408,1452
1404,1509
1638,1561
1361,1468
1438,1561
1632,1612
1422,1421
1537,1526
1580,1469
1519,1597
1527,1637
1664,1575
1590,1629
1346,1440
1621,1563
1467,1517
1587,1550
1400,1418
1433,1465
1458,1463
1618,1592
1530,1558
1503,1336
1537,1501
1524,1585
1388,1435
1644,1592
1489,1521
1580,1581
1504,1462
1553,1569
1616,1539
1582,1583
1507,1503
1750,1556
1519,1517
1633,1549
1403,1460
1606,1594
1405,1488
1658,1608
1390,1457
1601,1515
1440,1504
1455,1481
1400,1534
1383,1376
1450,1410
1423,1399
1560,1588
1348,1459
1477,1478
1644,1604
1427,1395
1506,1446
1562,1507
1525,1544
1578,1574
1480,1510
1519,1425
1393,1396
1586,1475
1615,1544
1523,1472
1603,1562
1505,1500
1663,1514
1640,1670
1326,1416
1671,1592
1558,1600
1582,1512
1411,1389
1459,1401
1385,1388
1576,1649
1383,1441
1596,1558
1531,1470
1387,1432
1470,1513
1623,1580
1408,1435
1507,1464
1431,1396
1571,1634
1409,1488
1640,1644
1622,1453
1374,1395
1530,1478
1600,1575
1487,1409
1402,1394
1438,1427
1389,1335
1448,1498
1515,1469
1444,1501
1550,1533
1643,1609
1534,1547
1418,1401
1626,1604
1429,1510
1448,1519
1487,1502
1646,1509
1349,1524
1460,1491
1537,1612
1560,1602
1559,1572
1400,1385
1570,1602
1399,1475
1559,1533
1523,1554
1388,1386
1446,1537
1345,1431
1587,1557
1446,1446
1394,1439
1465,1398
1427,1449
1435,1453
1570,1408
1475,1501
1535,1578
1466,1413
1324,1451
1598,1553
1413,1431
1586,1556
1570,1505
1400,1467
1588,1535
1599,1614
1608,1573
1598,1532
1394,1486
1521,1572
1448,1417
1477,1512
1388,1422
1627,1557
1561,1529
1431,1486
1574,1612
1639,1562
1643,1502
1587,1543
1547,1574
1579,1523
1422,1406
1419,1563
1427,1483
1450,1442
1493,1431
1290,1465
1447,1465
1543,1543
1542,1519
1505,1527
1498,1568
1574,1639
1458,1460
1413,1387
1460,1502
1533,1524
1574,1469
1614,1547
1450,1541
1382,1377
1345,1388
1376,1390
1426,1405
1447,1498
1637,1625
1452,1500
1395,1504
1661,1601
1357,1421
1534,1479
1508,1497
1545,1553
1617,1654
1404,1433
1363,1435
1577,1628
1551,1588
1530,1555
1393,1368
1464,1539
1434,1424
1420,1436
1613,1563
1464,1419
1331,1341
1386,1440
1547,1639
1523,1648
1376,1367
1509,1522
1446,1542
1620,1591
1514,1463
1441,1472
1534,1489
1463,1404
1531,1523
1393,1506
1462,1517
1409,1416
1443,1442
1484,1609
1391,1446
1472,1456
1601,1592
1491,1513
1561,1507
1579,1592
1384,1426
1581,1540
1627,1654
1466,1475
1382,1435
1459,1448
1604,1550
1489,1435
1493,1436
1554,1495
1385,1436
1643,1601
1456,1612
1359,1489
1440,1525
1651,1468
1510,1515
1616,1605
1467,1422
1575,1505
1579,1566
1543,1480
1579,1553
1411,1447
1411,1423
1413,1483
1609,1524
1672,1500
1394,1372
1425,1515
1401,1465
1614,1663
1581,1518
1434,1403
1574,1540
1485,1499
1409,1429
1440,1462
1504,1450
1482,1395
1562,1593
1613,1544
1582,1544
1396,1443
1364,1449
1612,1548
1332,1363
1581,1614
1379,1411
1483,1443
1628,1609
1621,1577
1496,1465
1418,1421
1344,1455
1574,1556
1344,1371
1378,1413
1683,1572
1599,1610
1354,1467
1456,1464
1648,1534
1378,1432
1418,1472
1503,1537
1580,1585
1448,1456
1544,1533
1570,1597
1454,1613
1553,1508
1461,1550
1593,1535
1602,1573
1571,1542
1397,1480
1522,1604
1518,1537
1451,1419
1470,1485
1390,1390
1539,1499
1409,1451
1593,1468
1579,1602
1350,1398
1460,1474
1476,1496
1523,1525
1529,1477
1564,1465
1444,1393
1535,1466
1482,1507
1582,1583
1589,1599
1656,1562
1424,1495
1359,1333
1514,1395
1389,1412
1591,1597
1455,1412
1483,1529
1535,1550
1556,1555
1467,1419
1361,1468
1590,1583
1607,1570
1449,1424
1555,1431
1569,1524
1377,1344
1508,1494
1356,1381
1455,1513
1417,1479
1605,1589
1423,1419
1469,1442
1641,1552
1491,1499
1506,1435
1689,1546
1419,1436
1548,1543
1438,1428
1353,1475
1413,1440
1603,1627
1440,1500
1419,1398
1486,1507
1454,1543
1619,1618
1466,1429
1451,1449
1400,1355
1537,1518
1644,1634
1594,1563
1469,1390
1406,1358
1521,1486
1280,1421
1605,1576
1587,1643
1579,1603
1591,1597
1496,1502
1602,1581
1581,1603
1379,1403
1622,1576
1474,1462
1530,1419
1517,1590
1609,1518
1442,1468
1642,1508
1425,1436
1317,1440
1356,1327
1441,1411
1477,1585
1396,1362
1464,1387
1576,1534
1594,1609
1620,1577
1341,1452
1380,1415
1628,1482
1389,1530
1545,1552
1465,1558
1536,1588
1487,1477
1584,1529
1497,1591
1447,1537
1436,1439
1555,1584
1534,1569
1438,1427
1371,1464
1345,1449
1452,1518
1426,1370
1597,1472
1382,1346
1452,1387
1492,1604
1615,1653
1468,1390
1476,1518
1608,1602
1610,1567
1357,1433
1568,1553
1525,1616
1355,1442
1506,1525
1342,1400
1432,1388
1399,1411
1602,1504
1578,1425
1422,1427
1524,1481
1515,1433
1519,1556
1663,1645
1500,1481
1400,1406
1410,1369
1493,1415
1422,1395
1572,1612
1611,1528
1657,1539
1667,1516
1401,1416
1369,1321
1629,1608
1477,1431
1435,1526
1344,1408
1361,1427
1523,1532
1601,1504
1371,1500
1470,1441
1685,1676
1473,1500
1540,1584
1655,1570
1425,1358
1512,1567
1476,1419
1333,1434
1587,1616
1426,1440
1312,1358
1508,1543
1515,1519
1397,1443
1316,1447
1400,1376
1636,1650
1508,1558
1356,1439
1384,1467
1628,1611
1437,1483
1568,1562
1505,1549
1598,1626
1343,1503
1503,1505
1412,1455
1521,1431
1535,1483
1451,1460
1521,1455
1470,1415
1523,1481
1534,1513
1498,1496
1607,1604
1659,1680
1606,1537
1557,1556
1516,1507
1495,1441
1465,1401
1500,1509
1357,1452
1604,1486
1572,1514
1609,1589
1485,1505
1324,1436
1390,1480
1390,1475
1517,1417
1635,1544
1640,1589
1604,1587
1538,1507
1410,1388
1363,1440
1369,1326
1581,1505
1371,1362
1458,1335
1268,1401
1549,1484
1545,1513
1366,1441
1468,1428
1332,1418
1609,1568
1631,1651
1360,1408
1624,1659
1564,1585
1348,1462
1498,1476
1407,1400
1540,1478
1600,1524
1417,1424
1551,1499
1520,1410
1508,1448
1476,1474
1364,1423
1483,1525
1545,1535
1556,1527
1597,1523
1595,1604
1424,1380
1689,1597
1358,1474
1461,1440
1450,1368
1345,1361
1682,1572
1645,1496
1357,1522
1370,1446
1646,1586
1620,1570
1552,1473
1420,1453
1421,1426
1447,1481
1378,1427
1487,1500
1560,1600
1386,1372
1598,1553
1616,1541
1603,1583
1458,1430
1426,1423
1511,1528
1594,1535
1609,1632
1363,1397
1381,1378
1470,1503
1544,1617
1506,1581
1359,1438
1331,1370
1414,1330
1556,1549
1538,1557
1579,1630
1556,1557
1653,1545
1557,1594
1642,1624
1615,1616
1342,1477
1485,1424
1403,1387
1532,1425
1566,1557
1602,1586
1467,1455
1534,1516
1453,1476
1292,1435
1511,1514
1350,1426
1533,1575
1440,1393
1601,1608
1544,1575
1354,1389
1487,1463
1384,1404
1471,1447
1575,1514
1669,1664
1557,1626
1658,1581
1470,1478
1499,1538
1574,1578
1502,1472
1495,1519
1545,1547
1595,1539
1366,1507
1575,1503
1461,1506
1588,1567
1689,1596
1540,1514
1472,1457
1580,1541
1470,1395
1474,1388
1486,1428
1659,1616
1616,1592
1514,1481
1378,1348
1549,1577
1454,1461
1653,1617
1416,1393
1649,1582
1626,1549
1602,1565
1583,1475
1487,1464
1671,1591
1587,1657
1325,1433
1407,1411
1304,1425
1523,1512
1566,1631
1490,1399
1651,1561
1723,1531
1590,1532
1616,1600
1466,1459
1585,1510
1460,1508
1647,1618
1473,1505
1353,1397
1430,1417
1377,1432
1530,1588
1385,1458
1656,1596
1386,1420
1347,1403
1625,1595
1630,1558
1524,1643
1355,1488
1491,1584
1313,1437
1556,1517
1327,1402
1426,1416
1325,1452
1431,1398
1454,1450
1394,1460
1567,1522
1577,1536
1564,1555
1557,1535
1461,1392
1522,1471
1509,1511
1379,1465
1445,1502
1629,1579
1504,1555
1621,1533
1371,1431
1629,1440
1599,1572
1460,1405
1416,1482
1530,1501
1290,1455
1484,1564
1571,1586
1367,1439
1371,1442
1626,1580
1559,1625
1612,1595
1597,1547
1414,1479
1652,1627
1593,1552
1486,1481
1464,1457
1529,1408
1564,1509
1375,1334
1532,1517
1628,1645
1482,1488
1352,1455
1485,1501
1528,1582
1517,1498
1298,1373
1666,1558
1571,1593
1651,1523
1385,1421
1471,1547
1572,1624
1606,1479
1540,1432
1523,1522
1300,1336
1432,1398
1679,1601
1329,1430
1487,1558
1435,1423
1641,1638
1365,1416
1443,1473
1606,1489
1464,1388
1346,1442
1503,1515
1369,1426
1578,1529
1413,1498
1530,1552
1581,1599
1378,1452
1525,1577
1394,1411
1422,1374
1468,1452
1389,1401
1369,1389
1498,1517
1460,1390
1527,1432
1394,1422
1608,1579
1545,1620
1539,1644
1412,1383
1664,1637
1488,1640
1448,1534
1400,1435
1563,1573
1652,1530
1475,1457
1571,1589
1402,1443
1463,1510
1615,1621
1473,1585
1436,1446
1478,1453
1657,1524
1329,1383
1523,1490
1403,1444
1628,1589
1438,1512
1658,1576
1555,1527
1424,1365
1638,1529
1433,1400
1715,1512
1598,1568
1520,1546
1481,1402
1528,1562
1409,1431
1594,1515
1532,1462
1585,1531
1474,1516
1359,1446
1483,1563
1481,1495
1375,1406
1522,1561
1399,1461
1458,1361
1471,1533
1316,1439
1629,1532
1461,1394
1555,1509
1382,1364
1629,1572
1450,1437
1587,1466
1378,1485
1434,1407
1507,1553
1467,1514
1462,1514
1475,1586
1628,1550
1457,1458
1552,1393
1547,1503
1374,1371
1457,1524
1497,1512
1561,1637
1589,1667
1346,1407
1671,1508
1593,1548
1413,1397
1619,1637
1572,1581
1451,1493
1391,1414
1615,1540
1515,1508
1394,1461
1438,1453
1553,1579
1414,1360
1435,1458
1571,1568
1296,1366
1601,1455
1650,1602
1577,1583
1388,1447
1376,1407
1349,1402
1601,1589
1561,1452
1555,1572
1586,1607
1302,1424
1617,1569
1488,1441
1618,1614
1658,1647
1671,1678
1406,1436
1596,1578
1380,1389
1472,1569
1612,1579
1677,1643
1615,1556
1619,1569
1620,1613
1339,1386
1494,1539
1598,1515
1475,1440
1374,1439
1542,1531
1414,1395
1545,1452
1567,1467
1524,1547
1650,1637
1444,1492
1500,1495
1692,1531
1532,1539
1316,1409
1486,1415
1475,1483
1592,1562
1477,1412
1642,1591
1432,1445
1424,1471
1374,1423
1551,1484
1313,1426
1567,1551
1430,1495
1606,1637
1412,1435
1412,1437
1581,1613
1557,1637
1398,1397
1617,1453
1612,1596
1339,1364
1328,1389
1547,1562
1628,1565
1575,1549
1647,1640
1435,1395
1283,1381
1597,1595
1632,1590
1696,1646
1476,1401
1587,1488
1587,1563
1499,1408
1520,1516
1553,1576
1489,1364
1564,1494
1527,1468
1416,1480
1525,1581
1414,1392
1458,1577
1669,1588
1415,1412
1355,1413
1501,1607
1475,1462
1482,1533
1352,1341
1524,1448
1400,1364
1709,1529
1355,1368
1424,1399
1362,1397
1599,1617
1336,1373
1544,1529
1574,1556
1512,1511
1507,1501
1461,1531
1570,1603
1620,1565
1424,1433
1586,1546
1404,1448
1475,1489
1576,1559
1569,1642
1370,1467
1505,1493
1362,1497
1643,1544
1464,1343
1610,1530
1428,1392
1436,1367
1369,1529
1461,1480
1596,1547
1447,1388
1606,1664
1563,1586
1333,1398
1505,1530
1540,1641
1657,1490
1376,1424
1357,1377
1379,1383
1592,1515
1533,1603
1669,1595
1495,1478
1406,1444
1615,1642
1537,1590
1338,1445
1372,1408
1269,1388
1665,1538
1553,1515
1679,1612
1483,1412
1526,1471
1597,1500
1522,1532
1350,1457
1539,1537
1499,1578
1560,1535
1467,1490
1451,1429
1405,1357
1592,1596
1364,1290
1603,1497
1658,1637
1510,1510
1358,1412
1543,1483
1409,1417
1434,1474
1318,1427
1764,1591
1454,1536
1709,1654
1476,1463
1526,1523
1675,1613
1383,1351
1491,1464
1566,1576
1354,1386
1614,1649
1545,1525
1577,1656
1436,1399
1618,1586
1728,1586
1367,1437
1512,1628
1323,1401
1406,1391
1609,1581
1461,1472
1447,1417
1661,1542
1441,1514
1482,1443
1429,1486
1487,1506
1445,1486
1367,1435
1538,1611
1623,1584
1463,1537
1566,1602
1332,1349
1464,1464
1402,1446
1664,1579
1379,1452
1536,1579
1304,1397
1437,1346
1618,1535
1412,1372
1562,1395
1477,1422
1674,1577
1344,1417
1307,1422
1354,1462
1323,1365
1471,1415
1557,1556
1646,1537
1383,1428
1592,1611
1621,1566
1603,1559
1398,1407
1435,1456
1593,1567
1500,1487
1516,1541
1586,1515
1630,1535
1442,1371
1355,1354
1386,1390
1597,1639
1605,1581
1560,1527
1302,1410
1390,1436
1532,1580
1543,1613
1561,1623
1412,1348
1280,1402
1687,1579
1368,1438
1365,1409
1479,1422
1511,1554
1379,1366
1445,1378
1433,1467
1662,1597
1577,1521
1499,1424
1577,1614
1536,1512
1601,1610
1488,1501
1625,1567
1589,1550
1465,1468
1407,1427
1538,1496
1387,1458
1557,1617
1285,1467
1721,1499
1559,1640
1400,1440
1623,1581
1510,1519
1427,1401
1396,1523
1514,1547
1418,1405
1372,1422
1491,1410
1441,1410
1368,1379
1538,1536
1647,1549
1503,1569
1551,1450
1413,1381
1682,1526
1546,1426
1610,1557
1603,1615
1673,1603
1575,1518
1396,1400
1554,1564
1426,1438
1449,1492
1372,1389
1467,1531
1592,1575
1547,1602
1402,1488
1558,1466
1699,1573
1426,1412
1624,1578
1482,1587
1498,1440
1614,1590
1638,1661
1560,1542
1360,1345
1636,1482
1606,1551
1555,1525
1455,1394
1696,1575
1471,1533
1482,1446
1628,1642
1454,1433
1491,1478
1540,1506
1399,1439
1547,1496
1464,1570
1657,1563
1378,1443
1416,1372
1486,1447
1524,1553
1522,1512
1621,1594
1606,1621
1389,1512
1586,1428
1642,1559
1491,1470
1457,1446
1655,1648
1614,1568
1498,1425
1501,1458
1465,1457
1428,1457
1566,1452
1447,1436
1381,1423
1612,1569
1572,1551
1469,1427
1393,1410
1493,1572
1589,1535
1436,1419
1410,1419
1460,1531
1366,1485
1496,1516
1496,1592
1414,1428
1466,1436
1433,1431
1461,1588
1354,1447
1659,1582
1403,1420
1390,1463
1573,1570
1658,1581
1515,1636
1643,1635
1635,1597
1377,1353
1526,1555
1380,1403
1594,1643
1618,1545
1486,1410
1634,1499
1604,1593
1425,1443
1560,1580
1469,1513
1416,1467
1552,1463
1360,1422
1585,1622
1401,1557
1457,1467
1399,1477
1474,1429
1525,1446
1456,1462
1373,1384
1351,1400
1489,1496
1574,1557
1591,1608
1530,1557
1346,1404
1428,1370
1547,1524
1518,1480
1669,1493
1514,1546
1639,1597
1354,1396
1578,1602
1379,1384
1457,1437
1500,1468
1576,1647
1533,1520
1497,1472
1464,1380
1346,1387
1405,1372
1549,1514
1603,1633
1599,1570
1614,1624
1430,1370
1575,1565
1495,1500
1565,1604
1487,1514
1503,1586
1493,1601
1566,1509
1591,1667
1420,1489
1418,1403
1481,1475
1446,1545
1524,1518
1578,1541
1554,1508
1518,1527
1637,1563
1318,1463
1506,1543
1282,1458
1443,1475
1382,1394
1599,1535
1417,1409
1629,1588
1342,1479
1383,1429
1437,1422
1658,1587
1417,1415
1661,1631
1391,1427
1401,1394
1507,1590
1417,1432
1592,1646
1485,1480
1534,1486
1432,1447
1466,1489
1454,1492
1679,1605
1495,1462
1377,1402
1533,1471
1380,1462
1598,1586
1360,1357
1599,1567
1648,1582
1399,1430
1288,1394
1453,1446
1592,1620
1477,1515
1523,1489
1621,1605
1365,1450
1467,1434
1438,1402
1641,1634
1521,1504
1473,1494
1386,1446
1518,1359
1412,1428
1364,1490
1460,1481
1465,1423
1465,1501
1452,1332
1437,1430
1341,1463
1565,1613
1454,1550
1400,1467
1509,1592
1407,1432
1381,1465
1569,1590
1410,1489
1695,1614
1580,1497
1385,1457
1343,1423
1647,1568
1413,1384
1518,1600
1434,1458
1629,1572
1483,1488
1537,1603
1425,1390
1379,1480
1386,1333
1586,1534
1553,1616
1533,1595
1579,1572
1505,1540
1624,1582
1403,1373
1676,1585
1597,1571
1514,1441
1615,1569
1325,1424
1433,1473
1387,1550
1595,1537
1626,1583
1595,1612
1584,1656
1620,1597
1401,1462
1628,1574
1355,1448
1396,1412
1397,1492
1538,1520
1612,1464
1643,1561
1357,1496
1358,1373
1314,1402
1370,1382
1462,1445
1588,1559
1417,1391
1476,1557
1327,1404
1449,1373
1383,1331
1370,1391
1347,1431
1609,1606
1575,1527
1395,1441
1534,1569
1570,1587
1597,1566
1355,1358
1674,1602
1400,1422
1495,1490
1582,1591
1482,1455
1434,1480
1387,1417
1448,1550
1588,1592
1416,1453
1461,1478
1574,1531
1612,1587
1532,1492
1491,1408
1495,1495
1642,1618
1411,1515
1638,1512
1604,1660
1614,1530
1443,1469
1600,1555
1556,1540
1429,1429
1617,1592
1477,1526
1401,1364
1426,1417
1356,1365
1428,1393
1613,1585
1482,1430
1383,1330
1440,1408
1543,1596
1595,1678
1508,1519
1442,1495
1456,1370
1570,1493
1394,1376
1335,1456
1515,1422
1318,1429
1631,1581
1500,1543
1624,1538
1435,1456
1405,1472
1390,1438
1343,1369
1367,1454
1446,1349
1352,1430
1356,1432
1520,1495
1437,1508
1434,1420
1608,1533
1438,1346
1406,1395
1429,1426
1505,1404
1691,1565
1451,1467
1659,1466
1608,1547
1642,1653
1487,1543
1434,1406
1642,1587
1414,1359
1510,1586
1512,1516
1520,1472
1382,1457
1406,1403
1579,1643
1587,1622
1402,1442
1599,1528
1476,1497
1479,1552
1319,1348
1342,1366
1348,1428
1679,1657
1434,1453
1469,1498
1678,1568
1548,1526
1473,1428
1400,1482
1504,1477
1477,1549
1501,1511
1566,1542
1329,1403
1404,1418
1511,1532
1476,1487
1528,1440
1655,1663
1314,1399
1673,1591
1442,1464
1598,1626
1501,1551
1385,1431
1506,1417
1355,1410
1400,1420
1407,1422
1604,1447
1597,1614
1597,1646
1593,1620
1446,1465
1658,1554
1365,1453
1495,1477
1666,1537
1662,1616
1371,1378
1650,1424
1586,1592
1354,1371
1523,1626
1531,1582
1351,1398
1582,1407
1359,1414
1575,1520
1660,1537
1451,1437
1509,1581
1473,1515
1402,1470
1403,1416
1406,1423
1348,1422
1527,1558
1657,1581
1380,1445
1465,1387
1573,1632
1442,1402
1548,1474
1392,1426
1437,1452
1561,1531
1494,1482
1456,1467
1344,1391
1545,1553
1426,1558
1544,1552
1591,1579
1497,1415
1403,1486
1604,1634
1669,1542
1498,1447
1453,1450
1458,1451
1528,1620
1611,1558
1575,1581
1429,1430
1328,1434
1606,1542
1628,1589
1597,1609
1389,1428
1511,1478
1704,1520
1467,1426
1645,1522
1716,1502
1437,1482
1488,1443
1426,1398
1556,1569
1574,1503
1421,1378
1420,1439
1490,1534
1614,1622
1348,1392
1437,1444
1386,1364
1583,1601
1525,1500
1565,1460
1497,1533
1374,1492
1419,1460
1604,1622
1380,1482
1587,1646
1563,1550
1559,1490
1596,1589
1494,1505
1527,1549
1493,1459
1407,1464
1328,1438
1647,1614
1622,1583
1535,1532
1597,1592
1508,1475
1385,1372
1581,1551
1383,1389
1395,1385
1493,1494
1613,1587
1461,1597
1419,1454
1470,1447
1526,1408
1455,1468
1537,1616
1326,1378
1574,1481
1556,1555
1357,1454
1351,1438
1380,1483
1403,1397
1613,1585
1561,1570
1393,1441
1659,1569
1561,1510
1557,1506
1382,1380
1478,1485
1569,1530
1562,1532
1354,1433
1375,1418
1633,1557
1648,1587
1634,1597
1387,1376
1587,1478
1575,1601
1563,1546
1417,1509
1399,1458
1583,1541
1389,1408
1652,1497
1537,1563
1659,1519
1447,1494
1567,1597
1462,1489
1460,1494
1428,1484
1569,1565
1517,1516
1422,1435
1663,1578
1504,1505
1607,1621
1386,1440
1433,1438
1595,1560
1531,1597
1579,1594
1339,1439
1604,1657
1484,1496
1612,1569
1394,1423
1549,1516
1478,1472
1630,1610
1395,1521
1567,1638
1503,1445
1458,1436
1606,1469
1375,1421
1616,1582
1427,1397
1581,1575
1376,1361
1664,1616
1554,1602
1452,1497
1385,1462
1392,1453
1479,1424
1652,1535
1347,1495
1560,1623
1515,1506
1594,1533
1454,1545
1433,1482
1348,1373
1659,1613
1602,1544
1636,1532
1514,1511
1691,1596
1426,1485
1429,1472
1469,1476
1421,1370
1623,1587
1309,1447
1443,1390
1445,1477
1527,1526
1628,1540
1496,1498
1601,1498
1336,1468
1559,1620
1608,1671
1441,1475
1512,1541
1562,1572
1482,1443
1488,1516
1605,1614
1606,1570
1693,1632
1464,1402
1545,1525
1549,1646
1380,1441
1579,1615
1431,1489
1345,1444
1431,1468
1365,1407
1657,1645
1349,1324
1602,1665
1631,1601
1369,1475
1392,1373
1481,1380
1383,1450
1652,1596
1510,1553
1600,1574
1508,1556
1559,1540
1446,1450
1439,1540
1424,1440
1566,1638
1457,1399
1432,1411
1345,1386
1645,1593
1400,1443
1627,1582
1376,1467
1548,1482
1422,1447
1504,1492
1631,1593
1559,1586
1504,1522
1487,1574
1523,1579
1552,1660
1565,1626
1584,1504
1605,1619
1406,1493
1523,1572
1633,1605
1405,1504
1473,1546
1501,1584
1499,1404
1625,1548
1511,1499
1483,1462
1532,1571
1508,1505
