ch1,ch2
1460,1538
1575,1539
1544,1563
1471,1631
1562,1540
1556,1575
1532,1545
1559,1482
1565,1555
1499,1548
1545,1573
1533,1570
1484,1666
1568,1573
1529,1486
1549,1558
1562,1620
1525,1561
1533,1608
1592,1593
1597,1682
1581,1603
1661,1653
1627,1569
1538,1560
1598,1625
1599,1574
1639,1580
1625,1607
1577,1599
1568,1591
1582,1540
1579,1636
1636,1552
1562,1557
1734,1602
1649,1584
1738,1637
1692,1635
1509,1642
1612,1614
1521,1524
1547,1521
1674,1560
1650,1577
1678,1611
1715,1610
1633,1569
1606,1569
1610,1516
1550,1557
1713,1591
1568,1498
1504,1536
1619,1551
1584,1584
1596,1568
1594,1532
1568,1573
1511,1499
1695,1547
1497,1511
1584,1562
1521,1533
1453,1471
1550,1427
1579,1566
1540,1498
1452,1418
1382,1413
1449,1465
1612,1532
1445,1515
1600,1447
1392,1400
1583,1583
1482,1508
1361,1354
1479,1430
1545,1534
1546,1607
1372,1460
1542,1494
1491,1397
1360,1408
1548,1473
1422,1413
1448,1394
1404,1432
1532,1371
1395,1408
1420,1283
1473,1483
1420,1429
1416,1485
1315,1426
1393,1366
1301,1311
1269,1459
1429,1321
1385,1426
1351,1390
1449,1390
1461,1499
1482,1335
1310,1441
1406,1498
1409,1414
1486,1425
1289,1429
1389,1401
1419,1385
1453,1416
1395,1386
1443,1401
1366,1376
1534,1624
1295,1419
1339,1402
1462,1417
1479,1462
1357,1418
1459,1496
1377,1423
1414,1481
1584,1623
1518,1597
1462,1417
1396,1592
1416,1568
1501,1449
1357,1441
1342,1341
1440,1441
1427,1567
1517,1591
1449,1472
1586,1555
1616,1589
1551,1571
1535,1551
1574,1620
1479,1512
1471,1544
1623,1569
1605,1515
1531,1628
1622,1637
1665,1613
1524,1528
1429,1452
1393,1517
1510,1580
1455,1511
1538,1496
1512,1554
1556,1523
1613,1575
1501,1477
1579,1553
1683,1545
1596,1577
1661,1611
1622,1580
1687,1555
1644,1629
1600,1527
1599,1650
1624,1542
1595,1618
1637,1595
1398,1531
1627,1504
1559,1517
1623,1482
1366,1518
1488,1531
1585,1476
1593,1570
1517,1570
1404,1351
1583,1651
1538,1530
1509,1467
1569,1525
1476,1509
1583,1574
1526,1485
1708,1564
1653,1569
1560,1639
1547,1579
1596,1514
1592,1552
1485,1503
1628,1585
1501,1388
1635,1592
1593,1459
1629,1564
1604,1615
1519,1610
1338,1347
1332,1376
1427,1438
1374,1427
1512,1537
1343,1380
1618,1524
1496,1443
1414,1393
1594,1589
1600,1591
1299,1432
1380,1459
1425,1426
1363,1418
1384,1383
1475,1448
1632,1605
1384,1387
1435,1584
1392,1371
1422,1376
1464,1458
1332,1356
1627,1528
1571,1515
1561,1488
1523,1432
1382,1420
1393,1479
1478,1474
1343,1387
1707,1638
1635,1605
1427,1506
1389,1453
1396,1467
1519,1543
1482,1573
1615,1547
1425,1466
1405,1383
1633,1675
1510,1441
1381,1483
1526,1481
1624,1537
1545,1570
1328,1385
1328,1370
1478,1403
1449,1455
1476,1387
1339,1366
1501,1483
1576,1677
1455,1457
1459,1434
1482,1657
1600,1599
1684,1617
1433,1583
1397,1413
1370,1368
1375,1455
1428,1381
1650,1601
1518,1361
1559,1520
1610,1565
1601,1552
1480,1492
1544,1647
1335,1417
1552,1514
1500,1523
1375,1412
1566,1595
1519,1548
1402,1486
1537,1519
1413,1374
1263,1399
1694,1605
1498,1528
1553,1464
1495,1537
1354,1358
1476,1438
1312,1412
1649,1554
1683,1551
1334,1377
1670,1594
1495,1472
1506,1518
1604,1570
1678,1587
1478,1433
1673,1568
1379,1443
1650,1672
1299,1480
1613,1541
1534,1633
1503,1529
1638,1611
1484,1438
1565,1406
1590,1590
1331,1404
1496,1618
1619,1562
1317,1448
1613,1535
1571,1584
1559,1547
1571,1541
1622,1540
1434,1429
1581,1628
1597,1582
1413,1443
1426,1401
1469,1500
1388,1437
1554,1566
1454,1494
1357,1433
1594,1563
1360,1395
1462,1523
1341,1409
1603,1393
1399,1471
1408,1409
1397,1400
1691,1531
1306,1333
1434,1445
1401,1512
1564,1441
1525,1553
1656,1601
1647,1669
1435,1466
1317,1339
1547,1567
1425,1420
1604,1511
1628,1644
1581,1550
1683,1546
1388,1461
1573,1590
1422,1418
1597,1477
1321,1330
1667,1632
1542,1472
1578,1549
1572,1612
1372,1487
1480,1516
1387,1431
1629,1578
1501,1514
1547,1587
1332,1407
1411,1393
1473,1459
1706,1613
1685,1544
1628,1537
1449,1422
1634,1644
1414,1353
1513,1556
1363,1391
1628,1588
1408,1418
1625,1554
1353,1433
1417,1343
1403,1482
1415,1377
1584,1557
1563,1589
1381,1389
1502,1481
1578,1443
1499,1553
1459,1415
1579,1661
1655,1666
1506,1444
1395,1445
1390,1545
1349,1415
1602,1584
1443,1395
1688,1595
1434,1441
1380,1400
1468,1456
1382,1528
1635,1584
1544,1532
1671,1523
1403,1454
1415,1475
1504,1491
1598,1559
1394,1498
1621,1560
1389,1359
1707,1617
1632,1488
1401,1388
1304,1406
1467,1439
1337,1389
1490,1471
1553,1510
1693,1524
1498,1415
1517,1521
1485,1490
1623,1638
1575,1342
1368,1411
1604,1579
1414,1357
1418,1420
1587,1562
1589,1519
1381,1469
1503,1571
1408,1414
1558,1674
1399,1427
1604,1559
1648,1642
1672,1649
1356,1410
1386,1420
1634,1617
1428,1507
1437,1335
1519,1522
1426,1462
1381,1417
1338,1285
1546,1544
1667,1609
1601,1569
1413,1398
1464,1463
1558,1623
1603,1573
1473,1486
1491,1460
1399,1412
1438,1449
1507,1442
1561,1520
1583,1485
1660,1579
1617,1564
1672,1623
1674,1587
1420,1342
1396,1402
1618,1609
1420,1433
1628,1558
1402,1377
1568,1455
1492,1579
1509,1555
1522,1599
1467,1486
1394,1424
1384,1359
1350,1366
1625,1653
1567,1585
1389,1419
1561,1473
1547,1485
1314,1355
1403,1436
1536,1544
1474,1505
1472,1537
1474,1406
1672,1661
1561,1542
1427,1444
1505,1582
1643,1634
1412,1508
1570,1536
1350,1346
1489,1453
1550,1503
1602,1583
1479,1666
1622,1545
1379,1462
1601,1634
1422,1403
1401,1497
1699,1647
1638,1530
1639,1535
1405,1472
1355,1476
1502,1368
1702,1547
1563,1435
1360,1509
1402,1481
1390,1430
1441,1505
1379,1388
1307,1427
1343,1418
1387,1484
1605,1586
1408,1330
1489,1392
1641,1584
1649,1575
1567,1602
1284,1406
1452,1470
1434,1421
1418,1332
1582,1573
1652,1670
1601,1641
1443,1483
1427,1478
1626,1552
1394,1373
1469,1430
1631,1564
1592,1573
1615,1597
1430,1420
1468,1473
1394,1380
1303,1472
1469,1473
1363,1415
1326,1454
1372,1406
1676,1623
1576,1546
1561,1584
1498,1551
1480,1361
1488,1596
1362,1406
1582,1658
1444,1384
1336,1431
1439,1396
1469,1461
1306,1453
1399,1406
1297,1402
1585,1501
1548,1473
1606,1512
1434,1451
1476,1547
1428,1488
1243,1441
1412,1389
1549,1539
1702,1685
1326,1486
1654,1664
1400,1338
1475,1462
1335,1451
1397,1341
1471,1404
1271,1389
1567,1609
1744,1593
1448,1560
1574,1485
1457,1475
1372,1386
1418,1432
1669,1605
1520,1570
1685,1618
1612,1584
1426,1530
1608,1675
1339,1419
1343,1379
1469,1391
1607,1575
1589,1534
1334,1415
1575,1495
1589,1449
1332,1368
1511,1476
1575,1563
1412,1552
1399,1364
1517,1575
1616,1572
1589,1632
1395,1324
1432,1466
1456,1355
1590,1631
1370,1393
1375,1461
1574,1619
1601,1577
1632,1495
1606,1611
1419,1430
1659,1612
1536,1513
1373,1419
1575,1563
1611,1546
1363,1447
1585,1543
1460,1576
1652,1621
1356,1368
1506,1547
1413,1434
1562,1594
1379,1498
1547,1540
1456,1488
1548,1594
1509,1497
1479,1395
1348,1448
1532,1506
1549,1596
1491,1425
1364,1473
1469,1438
1715,1574
1408,1393
1529,1542
1334,1501
1450,1372
1617,1590
1486,1384
1365,1403
1379,1431
1344,1419
1579,1534
1390,1411
1608,1697
1591,1508
1511,1439
1485,1510
1368,1280
1346,1413
1447,1339
1625,1649
1593,1535
1604,1703
1641,1687
1335,1397
1383,1483
1492,1495
1412,1478
1542,1481
1483,1592
1562,1547
1389,1388
1416,1385
1520,1464
1296,1373
1468,1443
1569,1449
1386,1317
1517,1422
1395,1435
1521,1515
1481,1601
1554,1554
1641,1591
1283,1323
1649,1626
1465,1408
1394,1391
1459,1555
1416,1465
1424,1438
1473,1518
1606,1627
1622,1519
1409,1438
1374,1481
1272,1324
1691,1580
1457,1411
1629,1566
1664,1597
1665,1605
1483,1573
1452,1435
1359,1410
1345,1358
1492,1575
1481,1427
1640,1640
1665,1657
1371,1317
1601,1664
1353,1345
1353,1415
1679,1662
1471,1510
1713,1659
1471,1482
1600,1535
1532,1488
1610,1606
1551,1519
1604,1636
1494,1473
1329,1396
1660,1639
1480,1529
1667,1569
1603,1532
1636,1571
1493,1562
1520,1477
1500,1564
1548,1637
1438,1462
1438,1489
1492,1521
1597,1647
1579,1496
1636,1535
1447,1403
1275,1403
1552,1560
1534,1552
1636,1625
1433,1371
1370,1441
1313,1412
1383,1394
1397,1417
1643,1585
1539,1547
1641,1562
1619,1651
1395,1424
1627,1658
1601,1596
1453,1454
1534,1521
1510,1557
1662,1628
1400,1372
1434,1467
1344,1435
1492,1509
1630,1604
1541,1592
1593,1541
1481,1439
1412,1349
1300,1429
1650,1622
1500,1523
1492,1453
1548,1627
1518,1469
1440,1567
1541,1583
1630,1605
1449,1412
1435,1280
1447,1466
1401,1350
1431,1509
1617,1605
1534,1535
1557,1644
1490,1567
1355,1394
1487,1454
1482,1460
1530,1508
1499,1510
1483,1549
1357,1408
1388,1369
1528,1543
1554,1517
1485,1452
1506,1433
1357,1436
1530,1458
1341,1468
1647,1557
1495,1458
1278,1394
1368,1420
1392,1350
1378,1339
1346,1397
1318,1400
1434,1469
1721,1545
1550,1587
1321,1418
1480,1387
1555,1584
1515,1533
1379,1426
1349,1398
1461,1378
1397,1378
1300,1394
1462,1379
1419,1430
1517,1463
1641,1636
1503,1433
1570,1624
1631,1666
1511,1552
1690,1626
1444,1479
1412,1445
1412,1377
1330,1443
1363,1384
1378,1417
1326,1401
1430,1470
1389,1374
1521,1576
1557,1519
1587,1580
1610,1549
1616,1597
1650,1616
1560,1511
1736,1577
1455,1515
1414,1360
1346,1418
1633,1631
1420,1368
1676,1636
1663,1575
1351,1474
1499,1477
1492,1495
1671,1562
1443,1540
1445,1411
1524,1490
1433,1398
1598,1481
1338,1388
1378,1351
1592,1617
1508,1474
1312,1399
1570,1506
1456,1508
1452,1372
1451,1394
1498,1424
1336,1393
1488,1559
1458,1431
1682,1591
1466,1545
1538,1510
1333,1457
1594,1604
1601,1556
1659,1695
1389,1391
1449,1434
1354,1421
1351,1331
1358,1392
1603,1534
1430,1379
1643,1583
1310,1424
1695,1627
1659,1526
1622,1563
1611,1575
1275,1417
1688,1653
1398,1412
1340,1472
1597,1630
1333,1394
1561,1557
1426,1422
1401,1467
1522,1495
1435,1456
1349,1403
1395,1483
1379,1357
1552,1579
1423,1342
1659,1661
1574,1581
1645,1586
1591,1649
1445,1596
1571,1522
1441,1335
1359,1350
1339,1389
1459,1444
1397,1343
1369,1321
1532,1522
1450,1470
1391,1292
1399,1518
1613,1704
1673,1582
1386,1349
1342,1463
1557,1528
1450,1390
1646,1617
1594,1566
1641,1607
1395,1352
1390,1409
1610,1614
1418,1497
1434,1511
1513,1499
1460,1526
1676,1593
1592,1578
1490,1414
1455,1458
1381,1396
1706,1573
1343,1401
1628,1510
1564,1535
1636,1561
1500,1554
1711,1549
1477,1437
1570,1573
1339,1315
1382,1403
1496,1532
1515,1395
1615,1614
1427,1480
1609,1563
1489,1420
1475,1502
1554,1611
1662,1538
1610,1632
1414,1502
1311,1320
1487,1440
1705,1680
1509,1501
1657,1705
1442,1369
1445,1504
1389,1408
1393,1432
1578,1591
1653,1588
1496,1496
1447,1470
1684,1652
1417,1331
1467,1444
1428,1528
1546,1620
1629,1634
1644,1554
1350,1402
1506,1461
1442,1485
1594,1633
1511,1527
1343,1344
1396,1527
1583,1527
1621,1620
1612,1602
1502,1521
1614,1513
1358,1405
1506,1393
1498,1562
1380,1397
1578,1489
1520,1429
1669,1556
1638,1583
1639,1601
1307,1357
1655,1558
1312,1369
1653,1577
1575,1492
1644,1601
1511,1556
1359,1371
1380,1407
1349,1430
1426,1525
1321,1411
1550,1560
1534,1543
1409,1368
1335,1433
1610,1500
1607,1454
1514,1567
1320,1351
1300,1465
1389,1441
1648,1642
1508,1594
1325,1402
1610,1542
1686,1634
1343,1411
1402,1461
1402,1490
1644,1533
1634,1551
1594,1682
1352,1403
1359,1393
1509,1530
1618,1519
1471,1543
1532,1600
1619,1600
1398,1482
1613,1598
1396,1424
1546,1559
1373,1418
1409,1373
1310,1416
1576,1547
1642,1608
1645,1570
1365,1349
1546,1472
1595,1563
1544,1489
1621,1580
1383,1322
1644,1558
1458,1445
1693,1567
1691,1601
1522,1441
1601,1590
1584,1566
1340,1383
1558,1552
1357,1415
1439,1438
1711,1635
1424,1512
1645,1649
1402,1388
1354,1459
1575,1661
1310,1402
1348,1464
1365,1489
1549,1525
1350,1422
1616,1562
1530,1575
1637,1549
1452,1359
1348,1468
1527,1596
1628,1520
1381,1409
1545,1523
1419,1373
1474,1492
1521,1503
1601,1589
1562,1607
1638,1630
1537,1506
1448,1441
1470,1468
1368,1370
1339,1412
1404,1379
1628,1588
1458,1439
1346,1445
1351,1402
1556,1532
1310,1429
1508,1632
1504,1448
1377,1359
1603,1639
1699,1601
1727,1610
1652,1511
1331,1356
1574,1473
1584,1490
1599,1561
1534,1578
1522,1585
1527,1544
1447,1490
1519,1598
1379,1362
1618,1521
1602,1606
1389,1410
1328,1443
1599,1545
1427,1446
1649,1581
1344,1410
1504,1555
1631,1557
1613,1664
1417,1457
1509,1540
1336,1396
1473,1470
1548,1663
1350,1370
1265,1442
1652,1603
1315,1437
1331,1408
1590,1530
1438,1430
1614,1617
1373,1387
1391,1417
1424,1478
1506,1556
1452,1481
1532,1550
1477,1437
1534,1507
1425,1391
1633,1625
1356,1392
1531,1508
1598,1566
1544,1627
1457,1427
1656,1568
1471,1377
1398,1360
1427,1406
1452,1390
1706,1656
1324,1367
1598,1641
1708,1679
1641,1540
1627,1610
1341,1392
1383,1379
1490,1504
1623,1585
1380,1363
1410,1400
1375,1383
1625,1584
1421,1457
1405,1369
1424,1374
1332,1436
1424,1479
1415,1407
1462,1438
1473,1508
1543,1510
1401,1433
1484,1400
1329,1373
1465,1479
1466,1360
1371,1299
1596,1577
1566,1554
1515,1581
1361,1356
1617,1591
1525,1494
1291,1411
1346,1314
1387,1412
1645,1589
1333,1417
1428,1439
1493,1412
1429,1385
1485,1511
1587,1534
1647,1598
1485,1481
1632,1567
1327,1324
1445,1621
1619,1598
1575,1560
1360,1436
1359,1416
1393,1384
1550,1575
1632,1640
1613,1597
1608,1607
1363,1371
1579,1530
1418,1433
1614,1568
1396,1379
1647,1594
1451,1364
1437,1521
1731,1608
1509,1585
1507,1459
1532,1527
1488,1493
1379,1471
1634,1588
1418,1474
1313,1365
1299,1360
1420,1489
1394,1426
1542,1529
1432,1383
1350,1465
1427,1507
1506,1463
1619,1579
1504,1485
1452,1432
1653,1569
1536,1527
1425,1373
1574,1507
1498,1495
1408,1408
1617,1506
1682,1628
1430,1466
1595,1650
1302,1348
1382,1378
1291,1414
1466,1470
1627,1605
1492,1455
1475,1428
1492,1502
1641,1606
1334,1375
1311,1334
1455,1547
1665,1603
1465,1579
1633,1548
1554,1492
1544,1493
1600,1595
1374,1295
1487,1483
1629,1646
1667,1675
1335,1379
1363,1474
1576,1440
1505,1565
1366,1442
1241,1381
1381,1405
1615,1650
1608,1562
1663,1615
1483,1454
1334,1478
1553,1511
1505,1625
1545,1602
1334,1383
1566,1510
1474,1471
1340,1420
1680,1552
1660,1656
1629,1581
1622,1499
1598,1594
1365,1365
1482,1477
1632,1589
1585,1664
1431,1348
1396,1434
1353,1358
1340,1358
1336,1488
1533,1617
1502,1510
1657,1619
1314,1381
1395,1487
1415,1551
1297,1394
1564,1519
1736,1624
1639,1581
1568,1642
1355,1364
1574,1584
1420,1484
1406,1434
1528,1541
1663,1606
1647,1563
1679,1718
1293,1364
1439,1553
1513,1468
1571,1541
1612,1654
1611,1562
1441,1435
1641,1539
1423,1448
1376,1489
1471,1349
1572,1620
1332,1417
1379,1473
1488,1553
1618,1656
1429,1539
1346,1392
1482,1688
1603,1524
1582,1547
1435,1449
1428,1460
1469,1478
1333,1380
1617,1557
1427,1420
1451,1400
1356,1491
1582,1491
1572,1526
1499,1607
1349,1463
1581,1592
1628,1676
1663,1610
1563,1473
1708,1510
1374,1341
1334,1453
1685,1617
1436,1381
1383,1390
1558,1399
1479,1529
1368,1401
1422,1565
1511,1451
1680,1510
1560,1523
1331,1393
1476,1565
1623,1630
1420,1408
1417,1447
1357,1393
1461,1610
1304,1368
1660,1567
1328,1419
1298,1395
1595,1621
1377,1362
1628,1541
1584,1521
1365,1394
1640,1707
1654,1586
1364,1399
1389,1460
1511,1518
1450,1474
1361,1349
1468,1550
1467,1466
1628,1621
1573,1569
1687,1595
1703,1630
1398,1419
1588,1594
1459,1328
1594,1547
1606,1643
1437,1444
1630,1575
1459,1548
1360,1391
1606,1561
1298,1429
1457,1449
1509,1635
1673,1561
1365,1479
1342,1343
1421,1437
1432,1485
1400,1457
1620,1603
1521,1408
1549,1437
1639,1588
1403,1397
1516,1526
1552,1490
1377,1364
1340,1389
1576,1623
1508,1492
1420,1412
1408,1394
1678,1592
1635,1509
1559,1597
1659,1613
1642,1588
1567,1546
1506,1587
1443,1472
1487,1431
1382,1460
1624,1604
1586,1517
1446,1450
1354,1434
1420,1479
1625,1534
1666,1585
1403,1493
1480,1472
1587,1604
1667,1630
1659,1578
1551,1603
1447,1481
1510,1498
1702,1560
1537,1581
1643,1631
1497,1435
1495,1558
1623,1596
1695,1593
1347,1404
1529,1543
1537,1613
1653,1618
1420,1487
1491,1593
1511,1515
1491,1505
1465,1438
1477,1446
1643,1610
1694,1569
1574,1498
1404,1398
1437,1415
1514,1417
1457,1379
1727,1604
1441,1516
1559,1544
1406,1362
1461,1444
1544,1514
1675,1608
1644,1627
1340,1410
1446,1400
1549,1512
1431,1570
1642,1559
1486,1570
1332,1408
1409,1377
1480,1479
1533,1565
1635,1542
1683,1586
1479,1529
1281,1471
1660,1600
1619,1526
1656,1596
1636,1522
1507,1622
1544,1478
1487,1436
1571,1580
1648,1532
1522,1550
1449,1428
1432,1465
1643,1636
1620,1589
1567,1559
1356,1468
1645,1596
1635,1637
1337,1353
1503,1471
1554,1501
1312,1449
1579,1606
1508,1550
1494,1409
1496,1495
1474,1617
1548,1608
1544,1479
1675,1630
1384,1384
1380,1395
1425,1451
1553,1529
1413,1438
1456,1383
1316,1380
1611,1490
1437,1393
1320,1492
1505,1543
1493,1513
1308,1357
1633,1643
1568,1566
1480,1405
1523,1443
1650,1630
1508,1403
1606,1541
1569,1603
1742,1532
1559,1564
1477,1496
1446,1355
1471,1413
1480,1498
1412,1416
1661,1582
1414,1401
1412,1408
1471,1429
1368,1354
1613,1567
1543,1515
1481,1423
1437,1423
1577,1585
1358,1486
1632,1617
1622,1548
1500,1529
1650,1596
1527,1478
1385,1442
1448,1432
1292,1393
1387,1405
1444,1387
1537,1529
1379,1340
1414,1438
1628,1632
1517,1398
1493,1516
1641,1562
1593,1583
1443,1514
1625,1579
1658,1568
1618,1626
1517,1548
1494,1414
1582,1617
1534,1628
1315,1341
1300,1444
1459,1456
1489,1467
1522,1514
1315,1427
1681,1672
1337,1371
1462,1462
1408,1436
1545,1624
1503,1494
1659,1608
1699,1590
1570,1554
1623,1690
1609,1483
1382,1444
1585,1617
1404,1379
1350,1422
1544,1619
1418,1325
1571,1610
1504,1495
1402,1453
1522,1511
1428,1530
1460,1487
1580,1575
1409,1398
1494,1560
1371,1418
1590,1498
1353,1371
1604,1542
1629,1540
1542,1570
1383,1505
1608,1617
1558,1600
1570,1585
1532,1603
1557,1500
1593,1559
1619,1634
1568,1483
1636,1569
1579,1631
1562,1573
1577,1688
1451,1478
1515,1509
1376,1409
1622,1614
1605,1637
1575,1548
1561,1559
1545,1472
1627,1581
1535,1461
1538,1544
1553,1668
1679,1639
1505,1499
1427,1554
1594,1535
1609,1453
1427,1426
1576,1548
1316,1381
1684,1628
1323,1495
1485,1526
1495,1480
1678,1663
1591,1564
1581,1563
1542,1469
1570,1564
1558,1536
1614,1452
1464,1506
1580,1550
1362,1387
1460,1378
1656,1587
1353,1452
1561,1622
1523,1518
1570,1425
1601,1593
1658,1602
1540,1511
1440,1475
1597,1518
1695,1618
1617,1588
1688,1646
1609,1630
1658,1557
1406,1370
1512,1533
1616,1621
1479,1516
1686,1563
1401,1440
1620,1610
1478,1475
1439,1483
1604,1631
1440,1404
1375,1371
1380,1401
1321,1426
1454,1440
1548,1548
1431,1469
1477,1444
1428,1341
1565,1587
1493,1430
1382,1419
1356,1440
1526,1411
1535,1502
1367,1375
1346,1322
1610,1562
1388,1427
1652,1566
1582,1566
1396,1425
1305,1394
1523,1554
1489,1432
1559,1552
1612,1662
1540,1407
1434,1511
1453,1370
1507,1432
1560,1541
1553,1419
1351,1451
1345,1533
1446,1403
1453,1382
1564,1500
1688,1618
1425,1378
1427,1326
1457,1471
1635,1562
1479,1538
1317,1430
1510,1557
1638,1668
1512,1555
1415,1431
1577,1619
1367,1369
1406,1444
1365,1382
1666,1698
1666,1609
1563,1470
1376,1320
1337,1312
1617,1651
1382,1408
1584,1556
1443,1455
1543,1590
1360,1373
1552,1546
1565,1595
1672,1559
1432,1323
1561,1577
1472,1479
1532,1583
1609,1562
1354,1458
1537,1474
1453,1509
1427,1462
1549,1606
1483,1476
1577,1550
1708,1542
1495,1497
1462,1445
1393,1548
1473,1413
1399,1419
1496,1372
1577,1611
1587,1363
1563,1560
1571,1571
1439,1487
1614,1514
1645,1551
1459,1501
1635,1608
1429,1412
1597,1570
1439,1456
1575,1606
1620,1584
1634,1611
1438,1553
1482,1484
1483,1418
1587,1583
1468,1472
1342,1413
1346,1385
1653,1584
1373,1421
1484,1483
1443,1445
1521,1594
1543,1469
1600,1446
1384,1447
1559,1523
1265,1370
1459,1461
1515,1544
1508,1551
1561,1572
1452,1543
1385,1382
1525,1482
1611,1616
1399,1428
1442,1503
1349,1420
1672,1541
1599,1563
1507,1529
1649,1589
1405,1402
1419,1383
1367,1433
1513,1525
1486,1482
1324,1359
1390,1386
1577,1573
1612,1616
1335,1477
1487,1446
1402,1430
1478,1410
1446,1472
1507,1550
1509,1543
1561,1604
1420,1545
1371,1419
1334,1420
1405,1390
1550,1597
1540,1475
1671,1600
1449,1499
1378,1425
1466,1514
1635,1548
1609,1571
1641,1553
1606,1510
1595,1491
1684,1618
1503,1447
1634,1595
1619,1662
1342,1360
1402,1499
1455,1435
1480,1510
1364,1349
1453,1400
1586,1553
1660,1517
1643,1610
1691,1572
1409,1450
1265,1455
1433,1376
1539,1417
1441,1434
1589,1543
1382,1487
1353,1357
1324,1372
1523,1564
1589,1562
1424,1527
1646,1568
1491,1483
1507,1560
1453,1293
1394,1396
1526,1616
1520,1459
1411,1521
1665,1614
1545,1528
1396,1408
1396,1376
1446,1471
1403,1459
1566,1512
1483,1354
1321,1502
1496,1420
1460,1433
1582,1595
1459,1495
1401,1356
1373,1524
1315,1376
1690,1641
1490,1403
1658,1615
1489,1428
1574,1556
1378,1343
1405,1392
1638,1574
1710,1576
1479,1438
1584,1552
1647,1625
1549,1567
1384,1418
1596,1604
1449,1472
1519,1560
1465,1498
1392,1377
1448,1465
1367,1407
1498,1520
1623,1577
1552,1445
1492,1479
1595,1562
1444,1432
1474,1566
1547,1530
1526,1371
1453,1441
1604,1503
1660,1576
1440,1460
1553,1479
1498,1627
1585,1505
1451,1496
1681,1582
1377,1421
1451,1477
1406,1408
1605,1613
1626,1547
1393,1460
1415,1373
1357,1321
1383,1473
1441,1479
1461,1473
1489,1545
1573,1582
1491,1508
1352,1382
1566,1597
1437,1377
1431,1393
1636,1544
1579,1627
1418,1409
1372,1415
1596,1631
1465,1529
1399,1421
1423,1429
1559,1520
1429,1485
1344,1417
1432,1491
1541,1496
1427,1371
1408,1352
1535,1568
1587,1517
1511,1546
1606,1566
1360,1407
1386,1381
1622,1535
1610,1597
1610,1536
1347,1413
1646,1537
1549,1539
1377,1424
1561,1514
1384,1416
1470,1415
1349,1457
1541,1585
1504,1453
1513,1452
1410,1338
1534,1550
1627,1547
1374,1443
1623,1559
1482,1650
1622,1581
1366,1453
1487,1413
1575,1596
1375,1447
1423,1487
1656,1622
1448,1586
1430,1523
1580,1570
1583,1577
1534,1592
1591,1421
1635,1610
1585,1626
1608,1665
1388,1546
1615,1520
1368,1376
1342,1415
1422,1413
1661,1543
1329,1364
1620,1583
1518,1498
1515,1459
1406,1535
1570,1576
1385,1369
1504,1443
1423,1427
1303,1412
1646,1579
1396,1467
1635,1585
1536,1567
1450,1516
1578,1545
1457,1470
1537,1502
1590,1606
1407,1369
1522,1450
1549,1548
1550,1543
1552,1612
1556,1585
1402,1397
1361,1424
1643,1630
1339,1370
1302,1505
1419,1546
1624,1635
1602,1650
1521,1598
1394,1385
1615,1655
1656,1624
1492,1554
1673,1615
1362,1456
1615,1592
1474,1420
1449,1522
1525,1500
1632,1582
1554,1549
1450,1581
1430,1458
1547,1560
1423,1450
1588,1561
1419,1427
1626,1617
1539,1417
1512,1572
1620,1630
1450,1421
1634,1615
1653,1562
1610,1462
1372,1357
1367,1394
1679,1575
1512,1471
1661,1562
1636,1524
1541,1577
1410,1433
1342,1369
1376,1454
1483,1543
1390,1562
1446,1529
1505,1460
1512,1507
1459,1400
1578,1504
1484,1400
1378,1415
1366,1483
1543,1640
1512,1583
1565,1611
1615,1619
1556,1570
1616,1529
1320,1334
1502,1525
1680,1601
1497,1577
1641,1577
1363,1414
1418,1491
1647,1641
1633,1628
1421,1406
1673,1578
1531,1455
1608,1599
1668,1552
1450,1486
1357,1365
1445,1411
1409,1427
1492,1433
1412,1500
1537,1503
1447,1568
1518,1609
1588,1609
1451,1495
1557,1571
1401,1431
1504,1508
1439,1483
1671,1628
1374,1398
1550,1547
1428,1421
1437,1547
1353,1350
1414,1435
1521,1437
1633,1627
1383,1329
1581,1579
1466,1513
1530,1531
1530,1662
1431,1381
1604,1599
1367,1388
1637,1474
1549,1494
1597,1548
1380,1478
1661,1595
1443,1450
1447,1474
1629,1573
1533,1445
1432,1468
1483,1406
1613,1614
1434,1468
1355,1398
1527,1427
1587,1625
1565,1495
1424,1471
1541,1571
1609,1552
1435,1378
1590,1578
1420,1419
1387,1456
1452,1467
1382,1460
1505,1429
1465,1404
1471,1480
1581,1585
1524,1503
1642,1539
1456,1405
1506,1494
1611,1568
1570,1580
1610,1565
1627,1542
1433,1507
1524,1515
1594,1537
1322,1385
1628,1604
1562,1574
1644,1562
1435,1395
1320,1390
1491,1484
1481,1402
1675,1538
1668,1563
1452,1469
1548,1539
1591,1613
1563,1580
1510,1524
1574,1543
1427,1401
1394,1398
1451,1484
1403,1412
1414,1586
1619,1626
1602,1592
1602,1558
1528,1531
1356,1416
1477,1336
1397,1387
1433,1430
1453,1442
1515,1438
1601,1617
1297,1482
1425,1474
1466,1352
1555,1605
1541,1559
1435,1391
1491,1518
1576,1650
1461,1456
1416,1376
1418,1367
1574,1399
1537,1477
1373,1482
1410,1447
1370,1403
1343,1470
1611,1542
1375,1447
1479,1574
1686,1584
1633,1591
1590,1604
1631,1525
1341,1458
1440,1396
1548,1563
1448,1495
1598,1466
1403,1408
1608,1579
1646,1499
1407,1393
1621,1553
1436,1379
1588,1665
1597,1626
1512,1471
1367,1413
1567,1600
1360,1447
1403,1452
1608,1439
1572,1522
1449,1409
1542,1631
1421,1457
1593,1519
1349,1377
1548,1492
1512,1513
1515,1430
1557,1579
1558,1509
1652,1659
1362,1508
1582,1631
1606,1536
1743,1633
1515,1394
1652,1620
1510,1452
1659,1595
1337,1348
1595,1591
1504,1498
1321,1478
1456,1406
1455,1416
1479,1406
1585,1520
1372,1345
1589,1631
1427,1497
1558,1481
1489,1585
1518,1562
1570,1558
1463,1437
1622,1623
1327,1431
1681,1551
1282,1459
1448,1530
1499,1408
1444,1416
1403,1396
1377,1452
1359,1374
1482,1518
1360,1393
1646,1499
1432,1450
1356,1432
1431,1385
1563,1654
1383,1464
1589,1588
1581,1501
1331,1445
1347,1421
1642,1615
1593,1464
1470,1558
1496,1465
1450,1483
1444,1396
1363,1405
1541,1558
1408,1444
1604,1540
1564,1632
1619,1608
1416,1450
1661,1580
1498,1535
1552,1585
1445,1456
1637,1585
1591,1612
1519,1453
1445,1397
1393,1468
1525,1513
1484,1451
1470,1393
1675,1615
1507,1455
1444,1400
1491,1340
1564,1632
1368,1388
1616,1527
1412,1439
1510,1473
1604,1503
1472,1528
1344,1461
1529,1553
1499,1493
1643,1540
1514,1540
1572,1501
1625,1553
1592,1462
1473,1496
1424,1355
1462,1469
1344,1505
1466,1406
1378,1433
1628,1596
1511,1531
1377,1367
1401,1309
1515,1458
1499,1492
1456,1429
1494,1528
1549,1528
1641,1553
1573,1509
1645,1592
1387,1442
1668,1594
1425,1491
1522,1569
1555,1544
1369,1351
1412,1355
1678,1548
1468,1470
1554,1619
1640,1660
1443,1494
1414,1427
1514,1551
1421,1385
1458,1392
1318,1424
1421,1529
1519,1437
1433,1467
1504,1419
1403,1335
1614,1501
1515,1524
1631,1578
1498,1483
1404,1432
1413,1352
1481,1465
1511,1513
1370,1486
1681,1621
1611,1533
1508,1503
1528,1473
1381,1409
1508,1510
1463,1525
1512,1507
1405,1543
1403,1385
1493,1444
1310,1436
1522,1598
1625,1598
1499,1485
1557,1527
1516,1521
1536,1649
1410,1472
1561,1534
1526,1551
1470,1449
1558,1439
1648,1553
1586,1531
1390,1395
1539,1532
1573,1570
1498,1553
1353,1400
1556,1562
1433,1415
1703,1607
1714,1554
1522,1507
1380,1430
1390,1375
1579,1562
1645,1606
1470,1430
1461,1427
1675,1512
1716,1558
1549,1515
1402,1375
1584,1598
1419,1466
1515,1356
1608,1604
1436,1538
1502,1586
1336,1385
1428,1374
1656,1563
1544,1565
1588,1571
1414,1340
1449,1440
1358,1442
1390,1468
1402,1435
1314,1385
1622,1607
1428,1407
1601,1658
1453,1440
1380,1463
1511,1462
1648,1607
1419,1415
1572,1553
1539,1491
1342,1383
1572,1601
1570,1550
1589,1509
1353,1401
1497,1512
1615,1612
1569,1593
1595,1577
1447,1476
1600,1552
1359,1418
1546,1488
1561,1512
1479,1514
1434,1471
1356,1486
1610,1645
1455,1491
1449,1416
1548,1514
1479,1495
1403,1532
1398,1454
1637,1537
1395,1358
1573,1556
1454,1406
1369,1473
1567,1385
1373,1402
1342,1431
1391,1342
1350,1476
1437,1402
1453,1520
1661,1627
1496,1593
1622,1598
1312,1415
1489,1398
1588,1634
1669,1570
1501,1454
1324,1416
1622,1559
1645,1563
1606,1601
1461,1453
1500,1500
1403,1453
1565,1509
1643,1556
1502,1408
1614,1544
1550,1594
1515,1414
1573,1595
1441,1455
1613,1552
1422,1430
1465,1442
1521,1590
1600,1606
1456,1541
1537,1485
1494,1599
1499,1420
1322,1395
1531,1577
1552,1596
1462,1420
1613,1641
1591,1610
1597,1487
1496,1484
1432,1405
1425,1506
1356,1429
1669,1648
1528,1528
1562,1543
1523,1540
1308,1397
1522,1511
1619,1539
1484,1524
1593,1526
1545,1543
1417,1375
1415,1456
1511,1463
1520,1451
1373,1413
1692,1643
1490,1423
1538,1434
1387,1370
1606,1605
1628,1486
1570,1552
1461,1412
1400,1474
1526,1533
1587,1548
1560,1579
1438,1359
1558,1545
1514,1515
1444,1427
1543,1571
1585,1618
1420,1475
1544,1538
1400,1434
1366,1444
1451,1501
1616,1592
1628,1537
1325,1409
1459,1424
1657,1581
1508,1541
1408,1409
1308,1408
1642,1558
1389,1461
1513,1460
1571,1574
1338,1451
1575,1531
1393,1476
1416,1517
1400,1524
1636,1512
1581,1542
1635,1618
1568,1620
1479,1430
1479,1543
1540,1575
1590,1537
1427,1474
1533,1543
1469,1438
1408,1438
1423,1447
1413,1445
1573,1539
1532,1528
1401,1440
1524,1497
1463,1453
1541,1503
1602,1484
1452,1435
1546,1554
1439,1440
1610,1585
1454,1494
1391,1441
1464,1536
1620,1537
1502,1416
1680,1578
1513,1556
1542,1616
1546,1651
1441,1557
1402,1418
1326,1415
1514,1429
1664,1568
1430,1456
1312,1413
1411,1483
1580,1599
1635,1601
1629,1540
1606,1566
1397,1420
1512,1513
1431,1445
1392,1416
1462,1465
1568,1640
1363,1399
1412,1352
1549,1520
1586,1575
1584,1617
1538,1512
1378,1340
1382,1465
1456,1496
1433,1404
1532,1542
1507,1482
1451,1471
1487,1528
1399,1397
1584,1522
1351,1314
1536,1512
1613,1482
1494,1606
1486,1421
1558,1621
1516,1511
1622,1600
1377,1485
1505,1485
1600,1547
1532,1537
1446,1471
1549,1509
1403,1437
1384,1410
1663,1502
1543,1495
1452,1475
1580,1520
1591,1593
1536,1570
1606,1601
1609,1574
1358,1461
1629,1533
1398,1376
1528,1518
1590,1555
1495,1477
1573,1605
1383,1478
1373,1397
1532,1536
1579,1542
1586,1575
1468,1448
1557,1567
1471,1452
1580,1555
1670,1569
1643,1642
1548,1522
1623,1579
1529,1608
1415,1469
1343,1395
1510,1603
1409,1388
1528,1645
1581,1496
1417,1484
1588,1598
1389,1414
1379,1458
1517,1519
1515,1454
1508,1550
1357,1461
1392,1437
1513,1544
1516,1476
1645,1544
1404,1456
1492,1528
1508,1477
1366,1354
1601,1540
1460,1474
1631,1567
1592,1606
1458,1416
1328,1390
1574,1530
1400,1316
1461,1502
1523,1644
1579,1557
1607,1488
1559,1485
1313,1416
1615,1565
1633,1525
1489,1487
1347,1467
1528,1521
1431,1485
1415,1373
1536,1521
1502,1454
1476,1375
1456,1513
1589,1591
1431,1420
1408,1425
1346,1447
1518,1619
1624,1560
1510,1454
1523,1510
1408,1445
1604,1593
1416,1364
1422,1345
1313,1377
1640,1558
1419,1414
1626,1562
1495,1452
1368,1372
1349,1408
1603,1592
1398,1475
1428,1460
1471,1475
1553,1642
1648,1551
1397,1426
1415,1353
1338,1447
1395,1413
1497,1475
1468,1463
1422,1472
1545,1634
1582,1544
1371,1477
1583,1552
1487,1451
1392,1404
1628,1577
1516,1676
1539,1501
1634,1559
1564,1623
1661,1529
1395,1446
1315,1422
1547,1396
1488,1449
1577,1558
1351,1454
1401,1445
1589,1572
1546,1517
1611,1588
1588,1599
1439,1445
1550,1493
1631,1557
1449,1432
1245,1492
1532,1536
1398,1470
1522,1580
1344,1419
1498,1480
1612,1483
1589,1595
1426,1452
1420,1455
1493,1525
1591,1534
1386,1407
1560,1593
1621,1621
1613,1597
1609,1504
1638,1674
1498,1457
1651,1451
1604,1605
1387,1438
1594,1603
1523,1548
1451,1395
1600,1592
1645,1562
1400,1437
1510,1520
1554,1487
1472,1439
1444,1497
1455,1501
1696,1599
1396,1410
1644,1556
1624,1572
1406,1394
1488,1368
1597,1601
1555,1556
1351,1377
1435,1436
1582,1594
1407,1404
1726,1575
1474,1520
1533,1585
1529,1651
1591,1499
1561,1546
1373,1469
1361,1424
1522,1547
1412,1429
1522,1574
1370,1389
1579,1558
1427,1500
1445,1533
1536,1555
1642,1518
1454,1439
1595,1396
1398,1468
1636,1527
1468,1555
1445,1428
1433,1495
1264,1440
1403,1380
1537,1568
1570,1552
1542,1571
1571,1559
1376,1419
1468,1428
1417,1401
1499,1567
1561,1635
1291,1401
1431,1431
1421,1490
1531,1560
1485,1402
1629,1586
1344,1395
1417,1377
1609,1586
1581,1572
1416,1471
1530,1485
1472,1455
1486,1532
1619,1513
1449,1378
1584,1537
1404,1430
1581,1584
1416,1397
1472,1547
1543,1529
1451,1480
1428,1403
1513,1551
1476,1525
1314,1430
1573,1595
1408,1446
1612,1490
1630,1602
1473,1528
1384,1452
1456,1438
1538,1654
1512,1477
1624,1565
1462,1467
1590,1562
1570,1555
1412,1462
1469,1449
1609,1508
1395,1433
1343,1439
1438,1387
1527,1496
1405,1448
1507,1588
1403,1492
1657,1597
1459,1411
1614,1603
1646,1625
1524,1521
1640,1595
1504,1458
1453,1397
1512,1565
1591,1607
1573,1482
1375,1453
1474,1427
1502,1491
1513,1494
1556,1533
1593,1518
1623,1608
1426,1382
1555,1659
1617,1602
1544,1535
1552,1574
1394,1495
1334,1464
1331,1412
1364,1488
1563,1464
1436,1390
1381,1390
1444,1375
1463,1481
1559,1570
1539,1560
1559,1562
1558,1575
1487,1523
1659,1471
1572,1539
1435,1358
1570,1570
1480,1494
1626,1577
1589,1533
1660,1547
1558,1578
1547,1402
1457,1403
1441,1376
1405,1412
1621,1570
1642,1570
1506,1481
1356,1556
1424,1435
1629,1601
1480,1547
1616,1607
1363,1483
1569,1636
1402,1520
1368,1449
1570,1397
1469,1478
1469,1494
1342,1449
1533,1562
1450,1433
1593,1636
1642,1592
1504,1459
1379,1401
1540,1553
1357,1427
1418,1440
1417,1443
1527,1441
1524,1524
1611,1576
1560,1619
1410,1442
1626,1555
1377,1406
1457,1434
1439,1560
1522,1554
1430,1431
1448,1453
1566,1497
1574,1625
1598,1585
1474,1558
1548,1520
1567,1556
1463,1543
1650,1582
1583,1567
1614,1536
1537,1461
1504,1578
1495,1432
1408,1375
1527,1536
1542,1441
1400,1436
1581,1446
1387,1476
1428,1429
1497,1465
1533,1470
1600,1609
1515,1567
1545,1547
1460,1493
1519,1530
1583,1596
1467,1440
1460,1476
1400,1465
1430,1458
1351,1446
1508,1490
1420,1510
1513,1447
1516,1554
1407,1508
1424,1480
1354,1504
1403,1458
1562,1564
1536,1512
1403,1522
1638,1612
1540,1537
1637,1622
1362,1359
1568,1601
1641,1497
1594,1573
1560,1572
1373,1396
1538,1504
1520,1535
1381,1453
1412,1345
1374,1452
1432,1532
1602,1530
1513,1539
1379,1390
1355,1514
1470,1510
1620,1539
1648,1569
1576,1466
1531,1456
1493,1503
1462,1418
1445,1368
1477,1352
1457,1387
1663,1559
1547,1473
1589,1601
1447,1527
1434,1474
1344,1404
1356,1468
1408,1560
1473,1509
1447,1372
1499,1448
1537,1477
1527,1417
1403,1443
1468,1500
1611,1538
1617,1638
1597,1620
1493,1429
1429,1385
1525,1561
1467,1455
1525,1522
1531,1477
1470,1482
1638,1486
1570,1517
1393,1412
1459,1444
1530,1573
1536,1537
1609,1588
1601,1608
1636,1561
1417,1456
1636,1478
1584,1563
1588,1669
1446,1456
1612,1684
1562,1527
1475,1469
1637,1506
1402,1447
1633,1589
1551,1588
1537,1507
1595,1558
1443,1446
1601,1589
1598,1457
1415,1528
1362,1408
1496,1563
1461,1371
1470,1519
1403,1417
1607,1460
1608,1632
1563,1554
1627,1605
1546,1548
1347,1386
1483,1477
1395,1419
1388,1495
1608,1562
1361,1400
1418,1459
1405,1487
1494,1598
1566,1570
1476,1471
1508,1622
1581,1556
1462,1447
1460,1459
1554,1515
1493,1452
1531,1510
1686,1537
1627,1552
1646,1529
1403,1410
1560,1546
1445,1480
1510,1552
1523,1510
1413,1406
1658,1605
1420,1410
1448,1413
1512,1503
1424,1410
1440,1432
1632,1490
1548,1621
1543,1482
1633,1550
1614,1597
1634,1558
1519,1458
1380,1437
1368,1438
1690,1566
1440,1495
1434,1457
1436,1396
1683,1630
1430,1459
1455,1390
1592,1630
1416,1426
1544,1595
1425,1417
1409,1400
1623,1574
1655,1623
1322,1488
1579,1586
1415,1425
1645,1539
1581,1458
1597,1531
1351,1404
1573,1496
1650,1525
1532,1504
1313,1437
1426,1525
1482,1510
1354,1408
1380,1404
1612,1508
1655,1556
1606,1544
1383,1423
1446,1458
1509,1422
1416,1498
1423,1437
1510,1441
1546,1534
1488,1441
1594,1594
1378,1503
1373,1360
1584,1495
1688,1551
1372,1429
1311,1406
1427,1416
1522,1460
1595,1644
1548,1544
1538,1465
1431,1401
1519,1591
1648,1583
1482,1451
1421,1331
1574,1554
1483,1557
1555,1569
1458,1538
1433,1385
1465,1465
1505,1408
1671,1572
1487,1577
1419,1381
1466,1473
1637,1513
1439,1422
1625,1544
1534,1598
1482,1561
1391,1405
1484,1511
1629,1580
1615,1529
1440,1514
1399,1518
1476,1511
1356,1449
1322,1414
1386,1402
1448,1532
1574,1416
1447,1391
1315,1463
1595,1567
1511,1570
1526,1494
1500,1456
1565,1514
1503,1459
1534,1420
1463,1381
1548,1531
1482,1453
1483,1404
1624,1543
1572,1516
1459,1503
1455,1399
1612,1593
1376,1506
1436,1461
1594,1555
1425,1362
1633,1631
1379,1343
1416,1445
1682,1584
1552,1585
1558,1465
1563,1614
1524,1485
1392,1421
1613,1591
1415,1525
1333,1327
1385,1554
1409,1407
1561,1518
1529,1558
1643,1571
1491,1425
1472,1436
1446,1425
1604,1500
1321,1348
1522,1548
1558,1564
1539,1505
1433,1590
1584,1588
1539,1493
1644,1566
1556,1473
1387,1417
1360,1434
1385,1514
1481,1418
1384,1443
1421,1395
1422,1369
1424,1410
1370,1380
1511,1555
1388,1416
1331,1380
1422,1505
1447,1477
1410,1443
1423,1389
1385,1521
1385,1392
1411,1426
1623,1536
1538,1540
1653,1511
1454,1449
1347,1406
1574,1515
1374,1443
1511,1532
1628,1552
1513,1478
1578,1574
1491,1484
1417,1466
1518,1529
1526,1535
1527,1630
1469,1381
1420,1458
1463,1486
1481,1417
1665,1552
1572,1494
1386,1475
1405,1355
1599,1550
1673,1588
1360,1456
1327,1396
1437,1344
1405,1409
1385,1425
1419,1397
1518,1551
1602,1599
1582,1435
1571,1629
1306,1407
1534,1516
1525,1573
1502,1423
1368,1384
1701,1489
1505,1544
1540,1485
1579,1586
1425,1591
1533,1625
1444,1420
1537,1582
1393,1437
1532,1526
1557,1523
1576,1591
1581,1518
1348,1453
1417,1476
1402,1457
1584,1597
1500,1431
1550,1506
1382,1473
1609,1595
1498,1536
1482,1474
1557,1589
1418,1363
1560,1704
1528,1562
1432,1370
1425,1579
1520,1576
1519,1470
1584,1606
1543,1601
1411,1393
1593,1604
1483,1443
1382,1479
1511,1502
1595,1644
1428,1394
1482,1371
1655,1583
1501,1411
1450,1524
1403,1507
1333,1414
1540,1516
1404,1446
1439,1381
1437,1474
1546,1520
1468,1383
1409,1560
1551,1460
1587,1415
1483,1420
1395,1434
1441,1446
1419,1420
1447,1465
1447,1435
1447,1471
1571,1691
1610,1602
1477,1531
1444,1480
1592,1628
1555,1535
1460,1357
1567,1590
1605,1548
1618,1483
1618,1568
1463,1450
1613,1595
1407,1394
1668,1490
1491,1453
1352,1413
1602,1588
1559,1546
1648,1677
1418,1429
1508,1603
1288,1497
1643,1593
1551,1517
1576,1572
1524,1453
1675,1660
1544,1584
1376,1503
1428,1448
1654,1549
1345,1454
1547,1516
1572,1559
1671,1642
1427,1436
1541,1406
1610,1566
1582,1613
1526,1494
1428,1506
1507,1570
1597,1597
1629,1603
1404,1407
1561,1566
1452,1560
1637,1567
1475,1531
1403,1440
1498,1483
1521,1502
1520,1615
1650,1582
1551,1575
1568,1562
1368,1427
1550,1554
1364,1398
1434,1511
1469,1552
1551,1580
1437,1354
1598,1566
1546,1531
1407,1456
1445,1440
1576,1560
1624,1578
1443,1445
1504,1551
1462,1423
1381,1397
1638,1615
1505,1515
1625,1560
1392,1475
1439,1424
1439,1399
1472,1440
1629,1595
1643,1571
1610,1542
1617,1486
1571,1590
1375,1491
1566,1561
1391,1386
1598,1516
1614,1596
1486,1413
1654,1604
1402,1351
1520,1607
1375,1395
1571,1665
1527,1535
1385,1453
1575,1505
1599,1597
1483,1512
1533,1484
1612,1633
1418,1379
1401,1417
1538,1525
1495,1605
1582,1546
1468,1423
1483,1476
1541,1592
1358,1451
1444,1471
1728,1620
1637,1566
1550,1581
1480,1497
1380,1405
1421,1603
1575,1597
1428,1399
1460,1574
1564,1525
1589,1617
1463,1476
1534,1546
1690,1531
1499,1565
1607,1542
1636,1646
1591,1657
1415,1420
1651,1589
1597,1630
1557,1534
1620,1522
1337,1424
1429,1450
1341,1398
1436,1429
1454,1374
1539,1534
1591,1601
1472,1543
1569,1567
1478,1504
1319,1384
1369,1423
1454,1476
1619,1632
1429,1435
1547,1491
1614,1541
1520,1505
1317,1532
1291,1397
1426,1551
1359,1496
1416,1378
1555,1588
1395,1467
1360,1375
1629,1591
1540,1576
1415,1495
1468,1496
1388,1491
1580,1591
1355,1368
1527,1523
1662,1626
1468,1558
1383,1448
1394,1406
1558,1601
1577,1574
1520,1426
1401,1478
1496,1517
1443,1561
1473,1576
1450,1528
1516,1597
1494,1444
1443,1489
1569,1590
1345,1431
1402,1466
1604,1455
1527,1564
1664,1522
1464,1442
1584,1571
1332,1406
1407,1517
1437,1526
1458,1444
1394,1532
1571,1581
1389,1342
1562,1599
1543,1553
1398,1414
1476,1477
1645,1585
1319,1405
1482,1428
1584,1573
1412,1414
1353,1426
1566,1547
1502,1593
1505,1503
1467,1437
1482,1551
1517,1525
1510,1485
1482,1539
1599,1670
1301,1424
1520,1474
1442,1413
1633,1505
1485,1534
1641,1598
1552,1540
1444,1504
1603,1470
1399,1402
1602,1579
1467,1410
1498,1566
1568,1643
1602,1489
1586,1578
1443,1383
1355,1403
1621,1608
1658,1668
1479,1492
1561,1579
1639,1518
1415,1372
1588,1606
1585,1586
1557,1613
1354,1366
1378,1412
1455,1427
1523,1561
1421,1409
1563,1500
1457,1459
1404,1558
1530,1490
1559,1494
1612,1508
1486,1495
1643,1633
1540,1692
1391,1359
1453,1375
1558,1583
1380,1418
1530,1609
1560,1462
1619,1535
1456,1470
1647,1642
1399,1461
1462,1484
1433,1436
1666,1582
1491,1421
1657,1618
1598,1526
1440,1545
1506,1475
1581,1561
1573,1586
1368,1451
1462,1589
1324,1376
1338,1391
1506,1577
1398,1435
1546,1593
1625,1627
1381,1364
1420,1534
1658,1561
1418,1457
1661,1592
1662,1537
1475,1439
1421,1380
1523,1521
1397,1475
1408,1372
1606,1603
1429,1541
1465,1398
1404,1544
1383,1384
1576,1517
1491,1488
1350,1388
1591,1587
1622,1556
1397,1432
1413,1435
1453,1444
1455,1616
1499,1496
1595,1643
1609,1544
1404,1466
1579,1605
1489,1391
1455,1566
1370,1439
1619,1604
1438,1417
1527,1606
1415,1521
1507,1450
1405,1487
1381,1413
1389,1411
1590,1538
1389,1454
1397,1412
1541,1549
1619,1567
1581,1676
1571,1518
1597,1617
1582,1573
1504,1436
1524,1563
1576,1644
1409,1480
1497,1457
1596,1504
1347,1338
1618,1536
1618,1585
1326,1419
1475,1424
1551,1579
1451,1455
1569,1531
1665,1595
1535,1497
1674,1587
1666,1592
1588,1507
1559,1584
1619,1527
1430,1392
1442,1398
1427,1446
1435,1369
1535,1547
1549,1601
1546,1646
1480,1416
1447,1466
1600,1558
1325,1435
1434,1373
1461,1473
1599,1616
1601,1570
1592,1566
1456,1453
1388,1381
1427,1395
1388,1411
1533,1637
1552,1551
1450,1430
1431,1434
1339,1420
1613,1525
1648,1521
1343,1392
1467,1548
1479,1509
1363,1324
1599,1535
1528,1604
1447,1430
1300,1471
1662,1569
1665,1599
1483,1475
1541,1503
1610,1581
1579,1517
1308,1490
1540,1595
1562,1479
1322,1407
1537,1596
1398,1529
1391,1499
1546,1523
1379,1390
1480,1529
1611,1543
1609,1621
1502,1556
1410,1419
1354,1449
1454,1411
1526,1497
1608,1635
1434,1556
1385,1391
1394,1426
1589,1593
1540,1586
1575,1623
1401,1398
1351,1376
1452,1386
1581,1552
1649,1630
1446,1493
1342,1379
1366,1419
1451,1543
1509,1468
1523,1514
1508,1576
1383,1417
1449,1504
1354,1430
1645,1578
1636,1569
1394,1404
1409,1455
1579,1528
1452,1500
1629,1610
1696,1562
1711,1557
1565,1663
1560,1592
1482,1463
1647,1582
1544,1493
1546,1458
1587,1553
1544,1519
1641,1540
1489,1415
1451,1518
1501,1431
1481,1472
1620,1598
1471,1551
1580,1585
1402,1404
1527,1608
1444,1448
1369,1449
1516,1562
1540,1511
1641,1664
1365,1402
1445,1431
1454,1548
1338,1397
1593,1513
1387,1397
1648,1626
1557,1575
1515,1457
1496,1492
1600,1652
1508,1525
1318,1356
1540,1556
1563,1532
1634,1565
1652,1607
1575,1563
1400,1573
1702,1615
1496,1473
1587,1516
1493,1523
1652,1511
1640,1599
1401,1456
1478,1470
1414,1528
1489,1472
1400,1379
1686,1588
1407,1359
1502,1497
1558,1657
1472,1469
1343,1470
1486,1435
1646,1515
1282,1419
1553,1593
1405,1517
1430,1420
1514,1527
1597,1641
1709,1551
1565,1603
1503,1465
1585,1581
1656,1544
1626,1636
1469,1457
1438,1502
1529,1561
1598,1544
1609,1630
1508,1503
1469,1562
1447,1554
1303,1398
1488,1507
1596,1610
1469,1482
1571,1627
1560,1486
1626,1593
1594,1594
1424,1388
1398,1416
1402,1418
1396,1410
1469,1499
1633,1597
1378,1427
1351,1428
1496,1581
1627,1514
1610,1476
1580,1626
1499,1615
1470,1491
1554,1535
1385,1374
1533,1545
1475,1338
1409,1425
1514,1494
1499,1478
1658,1547
1476,1596
1329,1433
1518,1538
1587,1511
1440,1471
1341,1372
1407,1344
1683,1596
1320,1331
1565,1503
1587,1540
1412,1455
1734,1634
1469,1541
1418,1399
1403,1410
1547,1568
1339,1434
1438,1374
1547,1509
1521,1645
1407,1315
1584,1563
1362,1411
1639,1588
1410,1476
1356,1453
1486,1503
1484,1514
1604,1612
1398,1397
1381,1450
1668,1579
1553,1580
1590,1529
1443,1475
1616,1597
1402,1496
1413,1454
1620,1567
1579,1521
1334,1373
1550,1575
1390,1418
1657,1557
1430,1459
1449,1384
1370,1437
1507,1417
1376,1406
1460,1509
1430,1407
1394,1402
1521,1552
1533,1513
1437,1452
1447,1458
1550,1558
1562,1595
1637,1564
1392,1425
1559,1525
1600,1601
1601,1698
1501,1477
1620,1606
1694,1575
1311,1455
1435,1503
1407,1401
1434,1444
1336,1399
1466,1422
1608,1552
1578,1505
1571,1644
1569,1646
1357,1355
1287,1350
1385,1474
1412,1451
1356,1426
1416,1367
1581,1568
1462,1449
1446,1452
1572,1540
1594,1501
1452,1468
1532,1467
1350,1395
1496,1466
1540,1416
1374,1354
1381,1375
1631,1575
1314,1420
1387,1455
1402,1486
1470,1557
1525,1464
1478,1584
1528,1548
1496,1592
1500,1475
1308,1537
1588,1611
1669,1618
1658,1627
1598,1566
1328,1373
1329,1366
1527,1452
1647,1606
1343,1393
1359,1422
1619,1592
1613,1571
1355,1414
1643,1609
1608,1589
1384,1354
1289,1397
1414,1440
1618,1583
1454,1531
1495,1452
1611,1635
1342,1464
1402,1420
1411,1354
1386,1365
1617,1570
1431,1457
1454,1523
1552,1668
1622,1563
1515,1538
1465,1402
1438,1443
1615,1582
1714,1507
1619,1532
1657,1669
1696,1631
1392,1476
1335,1407
1360,1556
1503,1538
1671,1635
1578,1555
1590,1629
1397,1546
1323,1496
1601,1557
1408,1426
1317,1369
1379,1433
1580,1546
1358,1374
1457,1470
1585,1621
1318,1497
1527,1579
1531,1542
1627,1628
1372,1558
1445,1423
1483,1515
1369,1448
1532,1645
1454,1399
1584,1544
1507,1495
1578,1601
1425,1475
1703,1605
1419,1456
1655,1599
1314,1450
1544,1507
1360,1393
1451,1476
1577,1544
1343,1519
1369,1473
1353,1383
1450,1536
1457,1448
1390,1396
1587,1584
1486,1491
1534,1461
1573,1583
1432,1444
1549,1563
1656,1634
1475,1472
1366,1450
1713,1518
1482,1491
1622,1453
1617,1627
1392,1491
1471,1524
1606,1528
1456,1426
1630,1547
1504,1565
1465,1417
1588,1629
1480,1487
1477,1565
1612,1569
1404,1406
1672,1557
1515,1450
1510,1472
1400,1542
1532,1476
1331,1388
1569,1643
1623,1604
1646,1632
1412,1549
1550,1521
1664,1583
1609,1486
1618,1620
1641,1626
1635,1540
1590,1556
1711,1607
1577,1654
1583,1560
1440,1415
1480,1566
1481,1543
1430,1431
1634,1670
1409,1361
1410,1471
1497,1550
1347,1481
1453,1387
1434,1402
1377,1427
1488,1439
1414,1406
1518,1525
1491,1588
1617,1584
1573,1582
1608,1536
1513,1545
1641,1623
1406,1543
1530,1592
1451,1484
1312,1442
1623,1624
1374,1451
1604,1603
1547,1529
1657,1609
1613,1621
1393,1447
1386,1307
1557,1555
1367,1334
1348,1443
1623,1573
1598,1392
1410,1461
1383,1419
1384,1421
1431,1450
1608,1618
1633,1628
1530,1450
1396,1480
1439,1451
1647,1643
1623,1532
1477,1483
1480,1424
1654,1601
1400,1412
1602,1611
1331,1414
1491,1447
1507,1545
1385,1453
1573,1565
1615,1637
1444,1307
1537,1482
1710,1637
1305,1391
1679,1589
1416,1461
1371,1389
1332,1391
1424,1421
1375,1379
1439,1384
1637,1523
1540,1582
1407,1500
1378,1493
1368,1425
1567,1475
1472,1456
1562,1608
1370,1437
1592,1570
1697,1557
1616,1599
1671,1631
1428,1474
1507,1450
1709,1545
1649,1555
1476,1485
1384,1452
1432,1464
1508,1589
1510,1504
1538,1549
1502,1462
1618,1544
1529,1474
1386,1433
1428,1405
1480,1547
1432,1478
1628,1526
1354,1441
1515,1616
1506,1547
1525,1557
1551,1570
1608,1650
1440,1534
1588,1571
1673,1620
1398,1416
1422,1325
1677,1597
1409,1363
1499,1551
1528,1549
1464,1429
1293,1336
1355,1340
1376,1410
1370,1425
1549,1602
1611,1682
1404,1442
1406,1541
1444,1458
1506,1476
1495,1432
1530,1619
1352,1345
1428,1434
1638,1564
1694,1564
1478,1517
1618,1590
1644,1688
1442,1315
1421,1520
1481,1444
1369,1400
1407,1394
1582,1611
1621,1615
1506,1586
1416,1504
1446,1519
1671,1564
1589,1614
1400,1380
1409,1373
1481,1524
1387,1346
1427,1435
1392,1343
1509,1435
1598,1540
1451,1359
1656,1550
1474,1460
1561,1618
1709,1655
1607,1644
1389,1413
1634,1564
1552,1568
1609,1647
1679,1657
1353,1549
1544,1583
1672,1630
1594,1582
1372,1476
1564,1673
1680,1596
1461,1394
1653,1639
1478,1430
1522,1414
1474,1613
1620,1632
1591,1596
1528,1539
1378,1377
1357,1412
1473,1604
1430,1539
1279,1398
1669,1506
1613,1620
1394,1440
1625,1614
1422,1465
1450,1453
1360,1469
1356,1422
1601,1597
1346,1397
1409,1420
1460,1514
1488,1437
1572,1560
1371,1331
1505,1501
1313,1416
1589,1548
1678,1581
1473,1460
1674,1540
1621,1563
1528,1451
1455,1483
1661,1610
1372,1365
1313,1375
1589,1467
1327,1366
1601,1608
1575,1479
1438,1451
1518,1541
1635,1652
1527,1563
1382,1311
1547,1613
1339,1323
1503,1443
1415,1400
1541,1618
1323,1458
1442,1491
1648,1621
1623,1627
1409,1344
1604,1538
1651,1598
1649,1617
1414,1444
1476,1545
1502,1548
1429,1421
1380,1342
1401,1404
1500,1458
1433,1458
1580,1586
1438,1527
1374,1415
1588,1539
1583,1498
1471,1461
1343,1345
1405,1441
1426,1364
1674,1542
1347,1368
1358,1389
1559,1573
1301,1448
1514,1410
1595,1524
1500,1519
1386,1423
1609,1611
1542,1477
1352,1402
1693,1633
1643,1579
1565,1532
1352,1330
1467,1520
1518,1589
1360,1388
1545,1525
1588,1537
1653,1537
1395,1370
1380,1368
1511,1428
1413,1399
1548,1556
1691,1576
1621,1567
1581,1636
1366,1364
1599,1656
1634,1588
1349,1381
1491,1488
1494,1443
1554,1494
1452,1402
1639,1661
1411,1563
1333,1371
1654,1616
1468,1495
1599,1603
1390,1447
1546,1547
1391,1416
1503,1464
1654,1537
1586,1563
1373,1450
1467,1486
1574,1488
1436,1484
1509,1583
1428,1351
1569,1502
1420,1435
1581,1551
1685,1594
1632,1581
1428,1446
1386,1389
1635,1589
1673,1583
1424,1419
1336,1379
1409,1398
1632,1603
1478,1431
1421,1448
1585,1467
1635,1581
1588,1560
1380,1398
1614,1655
1490,1512
1516,1466
1494,1477
1600,1512
1466,1477
1542,1534
1342,1397
1429,1392
1699,1549
1338,1441
1611,1570
1285,1410
1657,1446
1578,1590
1429,1490
1720,1569
1500,1351
1597,1538
1332,1381
1425,1461
1391,1388
1694,1611
1361,1436
1434,1385
1611,1653
1647,1667
1381,1430
1591,1636
1647,1549
1604,1577
1565,1582
1572,1457
1514,1413
1372,1386
1544,1371
1577,1600
1455,1454
1314,1384
1645,1590
1552,1539
1382,1381
1725,1613
1545,1562
1457,1403
1360,1394
1461,1372
1555,1556
1317,1392
1613,1612
1378,1399
1298,1390
1404,1485
1489,1453
1641,1537
1485,1442
1636,1563
1524,1493
1494,1606
1614,1554
1482,1496
1432,1473
1607,1524
1567,1600
1542,1467
1322,1400
1643,1643
1581,1487
1624,1656
1731,1604
1641,1567
1340,1378
1666,1592
1641,1639
1511,1591
1664,1608
1480,1307
1673,1597
1284,1379
1573,1565
1387,1427
1325,1448
1385,1418
1467,1491
1615,1649
1367,1374
1461,1438
1661,1660
1402,1467
1432,1385
1472,1379
1368,1391
1334,1434
1485,1548
1367,1380
1512,1556
1513,1588
1430,1384
1429,1462
1583,1643
1443,1455
1448,1434
1607,1614
1312,1411
1677,1617
1391,1507
1301,1354
1300,1346
1439,1442
1645,1576
1590,1530
1652,1670
1588,1641
1548,1579
1600,1645
1386,1408
1468,1413
1597,1611
1647,1611
1534,1593
1671,1618
1693,1626
1572,1581
1421,1430
1435,1501
1377,1435
1387,1423
1434,1377
1640,1558
1293,1433
1380,1458
1361,1377
1344,1403
1662,1565
1598,1530
1631,1647
1547,1479
1328,1385
1683,1622
1646,1583
1461,1400
1337,1400
1492,1387
1491,1502
1669,1606
1330,1412
1332,1445
1394,1377
1410,1540
1392,1363
1539,1452
1549,1529
1445,1475
1402,1467
1516,1436
1457,1552
1571,1596
1295,1396
1475,1446
1443,1542
1338,1312
1642,1551
1364,1362
1341,1440
1545,1501
1476,1453
1412,1360
1473,1534
1371,1352
1555,1467
1562,1599
1678,1545
1501,1459
1425,1503
1359,1389
1491,1494
1485,1366
1485,1492
1519,1440
1634,1549
1497,1460
1421,1388
1505,1384
1417,1484
1494,1429
1568,1589
1613,1526
1639,1579
1653,1620
1477,1451
1340,1483
1368,1433
1479,1437
1580,1581
1514,1517
1368,1362
1376,1390
1343,1422
1430,1463
1333,1398
1332,1438
1600,1495
1347,1452
1549,1605
1333,1429
1667,1644
1648,1506
1555,1527
1595,1454
1621,1575
1614,1607
1593,1677
1376,1508
1661,1656
1363,1425
1485,1461
1635,1614
1404,1470
1634,1610
1408,1407
1617,1612
1610,1524
1521,1470
1634,1565
1509,1581
1371,1321
1437,1470
1244,1370
1478,1472
1381,1304
1580,1537
1578,1524
1325,1391
1428,1382
1587,1585
1568,1583
1413,1394
1479,1558
1344,1334
1636,1593
1655,1532
1600,1670
1442,1424
1602,1605
1634,1533
1632,1603
1613,1609
1633,1526
1449,1533
1564,1488
1476,1419
1687,1675
1321,1453
1526,1460
1660,1627
1539,1505
1680,1620
1626,1533
1374,1432
1390,1425
1534,1423
1637,1622
1404,1593
1325,1390
1488,1476
1478,1413
1377,1384
1361,1338
1628,1570
1646,1602
1379,1425
1517,1435
1610,1596
1658,1621
1572,1533
1436,1507
1555,1413
1362,1479
1633,1566
1435,1496
1469,1502
1591,1553
1567,1583
1477,1419
1437,1402
1533,1558
1355,1373
1331,1339
1488,1419
1378,1396
1292,1469
1469,1476
1572,1448
1621,1654
1506,1543
1371,1390
1549,1623
1494,1429
1417,1488
1443,1425
1654,1618
1656,1637
1570,1563
1365,1478
1447,1420
1602,1557
1561,1640
1332,1405
1408,1437
1380,1411
1485,1522
1341,1391
1618,1601
1581,1621
1348,1385
1613,1615
1342,1341
1657,1616
1490,1435
1347,1407
1650,1568
1504,1467
1650,1611
1414,1435
1709,1581
1623,1542
1364,1393
1369,1472
1418,1474
1477,1444
1437,1421
1719,1557
1657,1534
1411,1395
1680,1580
1559,1519
1342,1412
1685,1571
1637,1615
1667,1648
1403,1380
1608,1566
1686,1607
1580,1567
1360,1355
1625,1596
1374,1471
1583,1556
1623,1470
1619,1600
1416,1522
1247,1461
1602,1535
1586,1648
1490,1473
1712,1643
1632,1603
1411,1417
1600,1625
1335,1399
1324,1410
1585,1628
1471,1547
1351,1379
1328,1447
1351,1397
1395,1459
1743,1603
1541,1642
1331,1420
1365,1344
1587,1585
1414,1477
1510,1508
1609,1610
1576,1568
1612,1613
1719,1652
1395,1460
1466,1431
1351,1427
1331,1466
1329,1383
1556,1622
1360,1425
1606,1538
1295,1393
1524,1493
1561,1564
1525,1508
1454,1453
1580,1620
1401,1404
1464,1598
1620,1613
1342,1424
1667,1461
1381,1425
1355,1429
1569,1603
1377,1370
1654,1575
1575,1532
1532,1559
1644,1608
1392,1434
1375,1398
1541,1540
1334,1404
1421,1358
1641,1644
1537,1554
1468,1455
1328,1359
1492,1555
1683,1559
1540,1461
1544,1582
1354,1420
1618,1597
1604,1604
1608,1616
1377,1461
1548,1495
1417,1440
1666,1678
1326,1319
1362,1474
1404,1490
1540,1586
1396,1405
1631,1664
1649,1547
1364,1414
1613,1570
1468,1478
1472,1402
1597,1622
1620,1554
1589,1516
1455,1423
1432,1552
1367,1449
1498,1463
1440,1386
1343,1477
1576,1597
1501,1534
1704,1630
1371,1446
1418,1540
1673,1629
1325,1393
1504,1421
1451,1363
1432,1461
1485,1538
1463,1401
1462,1566
1424,1342
1333,1454
1648,1678
1555,1572
1583,1612
1375,1420
1625,1631
1629,1657
1406,1361
1392,1415
1487,1388
1580,1498
1534,1523
1502,1566
1586,1675
1454,1540
1461,1403
1592,1605
1573,1570
1551,1631
1522,1532
1568,1520
1351,1449
1317,1447
1563,1569
1484,1564
1283,1417
1597,1517
1613,1640
1329,1433
1482,1577
1519,1590
1584,1576
1624,1590
1581,1596
1595,1603
1356,1346
1369,1430
1354,1402
1293,1441
1495,1441
1651,1596
1544,1408
1632,1564
1630,1587
1441,1483
1566,1453
1389,1309
1523,1557
1584,1573
1491,1501
1395,1419
1522,1544
1326,1313
1683,1573
1428,1500
1649,1622
1511,1562
1355,1386
1640,1504
1424,1440
1702,1628
1387,1429
1631,1523
1444,1493
1608,1660
1405,1348
1599,1596
1527,1493
1673,1595
1356,1386
1393,1482
1416,1356
1585,1504
1485,1459
1634,1573
1418,1465
1393,1419
1364,1461
1527,1600
1411,1360
1584,1530
1328,1373
1639,1590
1356,1388
1448,1527
1449,1422
1454,1470
1583,1602
1413,1421
1666,1617
1645,1645
1583,1403
1329,1365
1367,1346
1551,1531
1597,1587
1613,1625
1402,1354
1538,1611
1485,1446
1633,1592
1445,1496
1696,1573
1559,1539
1416,1488
1417,1381
1534,1551
1367,1425
1599,1585
1414,1421
1614,1525
1415,1377
1388,1398
1379,1404
1312,1432
1632,1632
1411,1428
1592,1560
1378,1440
1498,1347
1442,1429
1513,1516
1589,1416
1373,1412
1370,1346
1616,1536
1454,1431
1432,1452
1600,1605
1445,1336
1343,1460
1667,1596
1419,1375
1475,1586
1461,1643
1363,1447
1647,1728
1456,1576
1390,1383
1537,1642
1431,1402
1558,1545
1579,1509
1350,1426
1634,1577
1535,1519
1658,1627
1671,1597
1438,1436
1335,1366
1331,1363
1514,1403
1625,1651
1367,1365
1536,1603
1402,1421
1485,1448
1522,1462
1619,1625
1432,1411
1605,1638
1664,1565
1311,1426
1447,1435
1686,1616
1606,1624
1318,1375
1503,1495
1410,1402
1588,1520
1659,1592
1398,1442
1450,1471
1429,1488
1334,1431
1352,1328
1525,1501
1358,1450
1595,1476
1382,1386
1597,1638
1495,1635
1596,1523
1567,1589
1390,1339
1654,1613
1389,1377
1418,1412
1418,1483
1344,1455
1460,1426
1377,1361
1652,1499
1483,1486
1586,1483
1670,1536
1689,1594
1334,1336
1473,1405
1357,1416
1387,1492
1669,1664
1556,1569
1320,1425
1719,1659
1358,1430
1368,1422
1571,1573
1522,1502
1595,1560
1394,1417
1576,1660
1686,1614
1326,1368
1632,1595
1377,1397
1606,1595
1708,1542
1345,1382
1618,1489
1574,1467
1657,1523
1368,1398
1489,1527
1454,1396
1417,1465
1454,1401
1441,1481
1365,1428
1350,1367
1433,1429
1612,1548
1323,1364
1420,1359
1532,1644
1597,1519
1658,1494
1623,1682
1546,1520
1509,1497
1644,1604
1577,1376
1326,1405
1387,1356
1355,1360
1292,1364
1619,1581
1448,1400
1417,1415
1490,1474
1561,1534
1328,1385
1633,1626
1508,1613
1538,1591
1604,1633
1396,1382
1414,1504
1665,1594
1462,1376
1648,1656
1452,1452
1625,1650
1589,1654
1315,1400
1479,1475
1623,1593
1615,1576
1493,1418
1662,1611
1548,1504
1619,1615
1435,1394
1476,1449
1649,1586
1411,1415
1423,1424
1552,1491
1527,1608
1385,1381
1486,1499
1629,1673
1592,1670
1380,1419
1534,1526
1675,1573
1355,1437
1692,1591
1721,1618
1453,1432
1526,1500
1318,1435
1499,1475
1591,1587
1503,1427
1410,1424
1395,1304
1597,1582
1434,1463
1570,1560
1582,1567
1626,1552
1644,1640
1386,1344
1450,1428
1385,1455
1641,1685
1497,1535
1647,1631
1644,1529
1613,1555
1562,1559
1684,1602
1710,1607
1534,1497
1657,1551
1522,1660
1367,1416
1516,1572
1331,1416
1318,1442
1325,1411
1674,1587
1550,1427
1668,1642
1437,1382
1625,1616
1648,1579
1523,1566
1445,1487
1362,1388
1590,1509
1635,1612
1316,1340
1670,1566
1510,1473
1396,1431
1434,1375
1354,1474
1608,1475
1285,1353
1364,1512
1340,1373
1329,1495
1443,1510
1558,1638
1687,1589
1609,1581
1363,1454
1439,1451
1553,1510
1534,1559
1649,1688
1555,1535
1397,1363
1667,1555
1425,1414
1407,1401
1407,1517
1520,1488
1632,1681
1337,1336
1545,1617
1636,1494
1608,1575
1616,1619
1400,1442
1631,1644
1665,1594
1583,1588
1611,1556
1397,1351
1520,1606
1454,1551
1590,1537
1540,1554
1698,1581
1401,1456
1620,1607
1366,1417
1353,1440
1415,1358
1617,1555
1461,1436
1681,1628
1379,1454
1356,1459
1466,1470
1395,1362
1414,1360
1329,1409
1352,1372
1627,1522
1556,1635
1362,1400
1448,1436
1633,1571
1660,1658
1716,1594
1364,1374
1688,1641
1345,1384
1442,1511
1570,1392
1356,1441
1397,1425
1464,1468
1580,1554
1669,1572
1352,1376
1597,1499
1520,1390
1718,1662
1647,1648
1443,1446
1491,1440
1431,1507
1687,1562
1434,1519
1637,1552
1333,1433
1378,1382
1557,1527
1331,1348
1672,1623
1657,1578
1597,1569
1636,1519
1336,1421
1456,1390
1489,1513
1448,1505
1376,1484
1390,1506
1523,1398
1464,1439
1556,1594
1404,1398
1372,1452
1374,1404
1499,1414
1557,1510
1468,1607
1432,1436
1550,1473
1559,1613
1361,1410
1572,1683
1577,1609
1609,1606
1383,1438
1589,1712
1446,1467
1389,1499
1372,1419
1714,1600
1567,1557
1442,1448
1497,1568
1407,1434
1650,1567
1366,1372
1570,1483
1513,1537
1369,1393
1384,1433
1381,1406
1563,1617
1669,1580
1603,1628
1598,1483
1505,1566
1567,1505
1290,1445
1390,1452
1551,1580
1465,1352
1477,1536
1621,1627
1483,1425
1352,1452
1363,1351
1321,1414
1547,1483
1524,1580
1361,1428
1631,1573
1664,1661
1490,1517
1744,1666
1694,1619
1543,1545
1582,1573
1488,1466
1359,1442
1546,1577
1697,1634
1688,1551
1495,1519
1478,1479
1532,1582
1491,1402
1408,1373
1567,1553
1597,1569
1542,1544
1367,1443
1485,1454
1341,1390
1454,1571
1583,1560
1601,1638
1622,1551
1678,1606
1475,1419
1512,1589
1557,1591
1344,1427
1515,1559
1403,1396
1390,1426
1660,1545
1609,1560
1510,1389
1542,1626
1408,1436
1362,1469
1371,1341
1617,1641
1543,1551
1408,1395
1339,1451
1544,1529
1499,1513
1440,1485
1699,1595
1442,1477
1633,1601
1651,1553
1564,1538
1575,1578
1670,1634
1388,1398
1351,1378
1696,1627
1560,1595
1501,1460
1759,1669
1399,1339
1614,1541
1631,1574
1660,1618
1331,1391
1655,1636
1416,1393
1530,1548
1601,1583
1471,1503
1641,1560
1575,1492
1401,1360
1566,1519
1576,1551
1313,1370
1440,1369
1534,1535
1518,1525
1659,1515
1372,1335
1537,1645
1543,1608
1490,1496
1320,1457
1416,1394
1645,1581
1484,1408
1463,1489
1464,1445
1596,1570
1550,1513
1440,1407
1362,1401
1594,1600
1514,1549
1539,1448
1463,1408
1380,1482
1648,1522
1569,1580
1645,1574
1629,1689
1635,1601
1553,1596
1637,1650
1614,1613
1624,1569
1533,1604
1592,1482
1526,1497
1611,1593
1575,1543
1384,1412
1539,1598
1650,1589
1459,1389
1332,1361
1656,1619
1279,1389
1529,1555
1504,1452
1628,1531
1605,1579
1348,1441
1619,1551
1654,1603
1499,1512
1418,1484
1557,1593
1464,1495
1586,1488
1461,1517
1457,1478
1532,1519
1659,1625
1588,1553
1495,1440
1514,1474
1399,1430
1401,1380
1587,1615
1636,1513
1648,1635
1447,1483
1620,1645
1671,1604
1433,1529
1642,1563
1585,1573
1411,1486
1531,1534
1344,1450
1442,1437
1419,1470
1301,1395
1677,1599
1333,1481
1439,1417
1385,1366
1430,1521
1472,1423
1377,1318
1480,1535
1631,1479
1581,1578
1525,1452
1645,1631
1375,1389
1510,1621
1459,1496
1344,1527
1261,1325
1328,1372
1501,1617
1426,1429
1459,1501
1420,1428
1620,1595
1630,1609
1634,1540
1599,1476
1448,1454
1464,1499
1383,1483
1447,1463
1390,1412
1487,1562
1645,1610
1635,1579
1473,1456
1434,1443
1376,1401
1504,1480
1585,1575
1401,1481
1339,1425
1358,1426
1410,1355
1440,1473
1465,1520
1422,1429
1561,1523
1521,1430
1348,1468
1346,1414
1601,1504
1518,1562
1462,1644
1668,1618
1416,1358
1553,1628
1472,1494
1438,1363
1557,1585
1383,1437
1583,1679
1647,1632
1397,1407
1346,1495
1499,1444
1417,1441
1596,1533
1449,1550
1347,1404
1500,1595
1577,1548
1603,1592
1344,1333
1409,1485
1557,1590
1412,1500
1455,1387
1619,1684
1540,1554
1366,1437
1532,1509
1386,1392
1677,1568
1341,1480
1582,1561
1435,1523
1488,1532
1543,1460
1254,1440
1518,1539
1611,1559
1581,1636
1469,1383
1581,1589
1380,1310
1361,1411
1490,1570
1588,1638
1433,1449
1582,1618
1521,1521
1367,1391
1337,1462
1631,1614
1478,1544
1299,1410
1395,1398
1394,1435
1596,1601
1486,1494
1436,1569
1658,1467
1632,1606
1442,1383
1431,1488
1437,1434
1449,1456
1605,1625
1370,1430
1636,1574
1301,1424
1526,1469
1674,1586
1520,1491
1322,1404
1419,1414
1294,1318
1678,1647
1500,1370
1407,1442
1609,1647
1549,1633
1380,1373
1573,1456
1644,1626
1574,1661
1395,1424
1257,1366
1409,1392
1628,1592
1388,1435
1369,1394
1427,1406
1356,1393
1406,1504
1466,1503
1688,1639
1404,1421
1678,1503
1589,1620
1580,1583
1570,1604
1535,1556
1459,1393
1322,1416
1413,1470
1591,1590
1439,1389
1358,1413
1325,1384
1389,1367
1670,1589
1309,1415
1574,1587
1380,1448
1472,1544
1487,1554
1559,1571
1462,1404
1503,1510
1433,1444
1538,1448
1653,1568
1533,1434
1584,1481
1538,1491
1669,1605
1530,1369
1438,1412
1446,1460
1546,1411
1520,1460
1635,1662
1514,1516
1656,1528
1319,1364
1431,1465
1501,1490
1478,1504
1301,1380
1390,1476
1357,1428
1434,1436
1519,1665
1470,1494
1598,1599
1378,1411
1485,1517
1478,1555
1461,1431
1437,1404
1546,1445
1350,1447
