ch1,ch2
1415,1408
1396,1424
1399,1423
1425,1432
1422,1419
1431,1444
1398,1434
1406,1441
1420,1448
1420,1452
1429,1439
1419,1431
1435,1461
1429,1441
1460,1442
1442,1456
1436,1420
1422,1473
1430,1445
1442,1454
1457,1447
1452,1467
1446,1446
1453,1459
1462,1472
1462,1451
1453,1454
1469,1462
1438,1480
1462,1470
1489,1463
1462,1469
1482,1465
1485,1476
1482,1487
1449,1476
1488,1459
1481,1467
1459,1488
1473,1476
1487,1474
1477,1461
1493,1489
1482,1463
1473,1481
1481,1470
1475,1468
1494,1466
1489,1475
1467,1472
1494,1453
1488,1471
1471,1465
1475,1451
1470,1460
1482,1457
1458,1468
1478,1445
1478,1453
1487,1454
1462,1465
1492,1452
1481,1463
1451,1457
1459,1447
1472,1463
1476,1441
1476,1443
1436,1435
1450,1426
1469,1421
1429,1424
1443,1436
1424,1415
1451,1427
1435,1433
1438,1423
1426,1405
1434,1409
1434,1414
1429,1415
1420,1397
1433,1394
1426,1399
1421,1410
1416,1397
1431,1387
1409,1392
1418,1384
1427,1400
1425,1384
1403,1395
1383,1374
1393,1371
1379,1355
1400,1360
1387,1385
1374,1356
1410,1354
1372,1371
1380,1373
1389,1371
1360,1363
1367,1358
1333,1349
1367,1343
1357,1342
1348,1343
1367,1355
1351,1349
1336,1337
1356,1350
1340,1346
1325,1340
1338,1343
1331,1342
1330,1326
1315,1312
1313,1348
1332,1333
1329,1332
1318,1326
1318,1336
1317,1333
1296,1326
1332,1334
1324,1336
1302,1319
1323,1330
1309,1316
1307,1330
1306,1328
1308,1312
1301,1313
1333,1328
1300,1338
1312,1329
1314,1314
1323,1338
1297,1333
1334,1332
1313,1329
1310,1336
1306,1344
1320,1343
1320,1341
1328,1346
1327,1337
1316,1342
1308,1342
1318,1343
1339,1344
1319,1349
1338,1357
1321,1342
1323,1343
1349,1367
1330,1352
1327,1337
1355,1354
1338,1369
1340,1371
1355,1373
1337,1362
1343,1367
1356,1371
1353,1379
1324,1368
1359,1391
1354,1381
1384,1372
1378,1401
1366,1404
1356,1402
1394,1404
1362,1384
1386,1390
1405,1420
1405,1375
1392,1403
1389,1407
1393,1410
1380,1405
1412,1404
1388,1431
1432,1426
1382,1433
1414,1429
1429,1441
1430,1437
1414,1432
1431,1441
1442,1427
1425,1434
1433,1448
1439,1429
1437,1450
1444,1475
1459,1444
1452,1455
1464,1465
1450,1458
1450,1433
1457,1441
1470,1463
1443,1459
1467,1471
1461,1459
1495,1472
1456,1482
1470,1466
1479,1466
1450,1468
1479,1469
1478,1457
1468,1456
1466,1465
1473,1459
1491,1478
1491,1481
1501,1461
1494,1481
1489,1481
1493,1465
1489,1468
1480,1479
1503,1486
1495,1469
1472,1478
1494,1473
1486,1471
1465,1473
1479,1466
1484,1479
1463,1464
1486,1470
1479,1474
1460,1463
1465,1466
1468,1468
1484,1454
1454,1465
1469,1455
1476,1464
1467,1450
1468,1454
1464,1456
1457,1446
1471,1446
1460,1440
1502,1418
1489,1454
1452,1450
1446,1439
1467,1445
1453,1426
1448,1425
1442,1412
1446,1406
1468,1415
1443,1412
1415,1412
1428,1437
1437,1410
1408,1400
1402,1405
1433,1410
1412,1396
1396,1407
1444,1408
1406,1376
1392,1396
1388,1392
1380,1390
1400,1373
1386,1367
1385,1366
1387,1377
1379,1364
1372,1372
1391,1369
1356,1358
1374,1357
1365,1356
1357,1349
1338,1363
1356,1351
1368,1351
1335,1350
1375,1349
1349,1355
1347,1345
1344,1362
1351,1340
1347,1350
1342,1330
1329,1328
1331,1326
1338,1342
1336,1340
1326,1322
1312,1328
1337,1342
1320,1328
1348,1334
1330,1304
1318,1318
1335,1321
1310,1343
1306,1320
1336,1314
1310,1322
1306,1332
1288,1324
1301,1323
1319,1334
1318,1324
1334,1333
1326,1320
1302,1320
1310,1319
1296,1322
1305,1343
1292,1331
1333,1323
1322,1328
1341,1355
1310,1335
1298,1355
1313,1342
1321,1333
1343,1325
1318,1332
1317,1351
1297,1339
1349,1348
1352,1359
1338,1360
1336,1365
1314,1347
1346,1358
1339,1355
1354,1366
1341,1375
1340,1364
1348,1365
1315,1355
1343,1371
1334,1380
1359,1387
1378,1387
1365,1384
1370,1393
1372,1381
1356,1401
1383,1405
1379,1397
1402,1422
1413,1404
1392,1396
1384,1413
1400,1411
1402,1403
1386,1404
1379,1413
1404,1411
1401,1436
1401,1417
1420,1417
1422,1430
1424,1425
1414,1417
1418,1438
1436,1453
1418,1449
1422,1462
1429,1434
1438,1441
1430,1463
1457,1435
1449,1477
1416,1448
1460,1448
1464,1445
1463,1453
1425,1456
1478,1473
1452,1472
1465,1475
1468,1474
1454,1473
1493,1470
1461,1462
1474,1488
1465,1488
1475,1473
1477,1480
1482,1484
1470,1470
1497,1449
1483,1493
1490,1467
1465,1480
1494,1476
1480,1472
1495,1460
1485,1476
1495,1483
1495,1473
1464,1464
1489,1482
1497,1491
1499,1464
1504,1484
1490,1471
1497,1463
1493,1473
1485,1465
1472,1457
1462,1460
1487,1453
1497,1452
1460,1467
1471,1450
1482,1468
1504,1460
1476,1448
1480,1455
1475,1457
1455,1443
1462,1433
1444,1439
1475,1446
1477,1437
1476,1423
1446,1435
1449,1441
1428,1427
1444,1421
1439,1418
1451,1414
1436,1412
1448,1399
1429,1395
1431,1424
1446,1415
1424,1401
1425,1382
1430,1404
1404,1400
1435,1395
1407,1387
1405,1392
1418,1372
1407,1388
1402,1400
1395,1371
1399,1377
1387,1360
1389,1381
1375,1363
1378,1358
1389,1360
1355,1357
1375,1351
1369,1346
1356,1357
1369,1358
1364,1344
1353,1339
1349,1349
1355,1338
1352,1344
1375,1327
1339,1332
1349,1338
1307,1343
1335,1346
1345,1329
1338,1333
1322,1336
1329,1316
1316,1349
1321,1326
1327,1333
1329,1335
1331,1308
1315,1309
1322,1303
1323,1320
1315,1323
1319,1333
1317,1321
1325,1334
1303,1309
1317,1324
1295,1331
1285,1336
1298,1319
1288,1315
1317,1318
1311,1339
1303,1319
1321,1338
1322,1325
1324,1320
1301,1334
1309,1322
1311,1325
1322,1320
1314,1340
1317,1332
1333,1340
1307,1348
1305,1346
1342,1339
1336,1358
1332,1365
1336,1351
1336,1352
1335,1352
1344,1334
1343,1357
1335,1365
1343,1350
1322,1355
1343,1374
1356,1377
1338,1373
1349,1387
1367,1371
1361,1382
1354,1398
1369,1385
1378,1407
1394,1398
1378,1409
1373,1394
1377,1410
1366,1396
1383,1411
1377,1423
1381,1405
1401,1407
1391,1413
1404,1428
1415,1429
1415,1437
1409,1417
1418,1413
1412,1452
1423,1428
1434,1431
1448,1449
1437,1437
1445,1458
1434,1470
1453,1451
1443,1446
1433,1455
1464,1450
1467,1471
1453,1465
1488,1459
1459,1455
1452,1460
1462,1471
1442,1446
1438,1459
1463,1470
1467,1452
1478,1476
1476,1472
1494,1468
1494,1463
1466,1477
1471,1460
1458,1474
1471,1485
1475,1482
1470,1462
1506,1474
1492,1472
1497,1472
1481,1479
1487,1495
1491,1466
1494,1485
1496,1473
1498,1476
1512,1467
1494,1470
1474,1486
1488,1460
1491,1481
1478,1468
1484,1461
1476,1479
1484,1458
1483,1472
1481,1465
1487,1449
1478,1465
1472,1461
1464,1456
1479,1454
1476,1446
1474,1449
1469,1460
1465,1445
1469,1435
1454,1430
1452,1423
1451,1446
1451,1450
1442,1434
1457,1435
1450,1432
1444,1418
1443,1410
1449,1419
1439,1412
1435,1406
1430,1414
1433,1409
1435,1387
1436,1409
1428,1390
1414,1387
1425,1407
1403,1400
1386,1381
1403,1388
1404,1373
1398,1384
1391,1371
1395,1389
1398,1381
1390,1373
1361,1369
1360,1373
1374,1366
1382,1360
1367,1349
1365,1335
1356,1368
1363,1357
1373,1341
1359,1336
1349,1339
1337,1333
1358,1332
1317,1356
1319,1329
1341,1332
1334,1336
1344,1337
1329,1332
1314,1318
1336,1331
1332,1339
1338,1338
1320,1313
1292,1344
1318,1327
1314,1327
1320,1323
1335,1319
1316,1329
1280,1319
1309,1330
1304,1324
1292,1300
1323,1321
1309,1307
1295,1316
1330,1306
1322,1324
1308,1316
1297,1337
1304,1321
1294,1318
1283,1341
1304,1313
1292,1321
1312,1341
1315,1322
1312,1317
1317,1335
1311,1333
1305,1333
1325,1345
1309,1336
1308,1329
1325,1332
1315,1348
1302,1366
1321,1349
1309,1358
1324,1349
1353,1365
1337,1375
1340,1360
1322,1395
1357,1377
1351,1367
1355,1382
1343,1380
1328,1382
1373,1390
1353,1386
1381,1383
1354,1376
1370,1386
1355,1400
1384,1404
1395,1397
1388,1423
1387,1415
1400,1415
1371,1423
1401,1419
1393,1426
1400,1412
1399,1422
1385,1443
1406,1417
1412,1425
1420,1437
1410,1433
1438,1435
1409,1438
1436,1448
1408,1458
1436,1440
1420,1455
1443,1443
1437,1441
1437,1443
1454,1460
1468,1451
1468,1446
1468,1468
1474,1470
1467,1470
1456,1460
1481,1448
1460,1477
1465,1474
1470,1464
1480,1491
1497,1460
1480,1464
1475,1495
1486,1458
1482,1474
1478,1477
1474,1474
1474,1473
1490,1479
1507,1465
1482,1474
1500,1480
1505,1477
1486,1475
1487,1482
1481,1489
1513,1485
1492,1458
1516,1470
1485,1467
1500,1491
1502,1459
1497,1449
1471,1477
1502,1465
1487,1466
1470,1468
1499,1455
1474,1460
1472,1474
1460,1453
1485,1456
1473,1435
1493,1450
1464,1462
1477,1428
1465,1456
1470,1429
1464,1442
1448,1416
1443,1441
1444,1433
1468,1422
1467,1427
1457,1411
1445,1422
1444,1421
1443,1431
1431,1434
1427,1409
1456,1405
1429,1392
1434,1400
1433,1386
1437,1406
1413,1405
1399,1409
1417,1384
1390,1387
1413,1378
1404,1401
1405,1378
1395,1396
1391,1370
1379,1366
1381,1368
1375,1348
1380,1360
1384,1367
1385,1364
1360,1359
1367,1344
1358,1345
1367,1366
1351,1327
1343,1354
1326,1346
1363,1346
1354,1353
1334,1325
1321,1342
1322,1341
1337,1348
1330,1318
1321,1315
1322,1315
1332,1326
1305,1330
1308,1319
1330,1309
1320,1327
1325,1317
1300,1331
1307,1311
1307,1330
1318,1316
1328,1315
1312,1317
1311,1314
1303,1323
1293,1328
1322,1329
1297,1316
1308,1326
1312,1301
1291,1334
1286,1319
1316,1319
1297,1330
1302,1314
1305,1335
1328,1328
1307,1322
1327,1309
1334,1349
1329,1339
1318,1322
1332,1340
1306,1338
1318,1337
1324,1359
1322,1339
1313,1361
1325,1340
1325,1342
1331,1370
1325,1353
1335,1388
1340,1351
1344,1348
1341,1376
1354,1366
1340,1368
1343,1351
1365,1370
1371,1374
1353,1372
1346,1378
1376,1384
1386,1394
1383,1411
1380,1388
1411,1409
1366,1397
1380,1411
1410,1407
1396,1406
1380,1408
1378,1404
1394,1420
1414,1417
1395,1427
1386,1431
1435,1441
1422,1439
1405,1442
1423,1427
1411,1425
1436,1435
1431,1431
1401,1452
1451,1447
1418,1439
1471,1446
1459,1433
1444,1467
1467,1467
1445,1467
1462,1460
1463,1475
1472,1478
1466,1474
1459,1465
1469,1487
1458,1474
1491,1468
1483,1462
1497,1491
1481,1477
1492,1482
1483,1478
1474,1478
1486,1476
1487,1489
1474,1474
1501,1486
1485,1500
1503,1484
1491,1487
1486,1470
1496,1471
1497,1485
1509,1480
1473,1481
1514,1463
1510,1482
1489,1473
1495,1468
1485,1487
1507,1477
1497,1480
1490,1475
1479,1452
1476,1467
1464,1456
1489,1472
1485,1457
1475,1453
1491,1462
1467,1452
1491,1455
1493,1447
1483,1438
1446,1439
1479,1448
1460,1444
1461,1430
1482,1431
1458,1432
1462,1427
1453,1408
1453,1424
1426,1410
1463,1430
1442,1408
1437,1417
1422,1416
1430,1405
1447,1410
1414,1399
1436,1406
1415,1397
1414,1399
1427,1388
1414,1382
1378,1385
1399,1380
1384,1394
1409,1389
1401,1369
1388,1371
1373,1379
1378,1382
1370,1349
1388,1358
1380,1362
1373,1351
1368,1341
1370,1349
1348,1365
1350,1364
1356,1329
1347,1328
1329,1333
1362,1348
1317,1348
1342,1332
1330,1343
1344,1331
1341,1339
1334,1324
1301,1329
1328,1318
1297,1314
1312,1320
1293,1291
1320,1299
1313,1304
1296,1328
1302,1318
1320,1315
1316,1316
1322,1328
1299,1310
1323,1298
1325,1314
1328,1309
1313,1311
1309,1310
1305,1316
1298,1307
1289,1311
1328,1314
1317,1326
1289,1331
1303,1307
1327,1316
1310,1327
1307,1329
1312,1315
1312,1322
1332,1323
1315,1331
1291,1343
1312,1350
1320,1347
1324,1339
1332,1357
1322,1345
1339,1345
1338,1365
1312,1349
1327,1355
1332,1354
1330,1361
1340,1362
1338,1368
1329,1360
1336,1371
1342,1369
1366,1377
1347,1392
1361,1371
1369,1389
1362,1382
1379,1415
1369,1401
1352,1382
1369,1397
1361,1386
1399,1395
1387,1410
1407,1419
1378,1423
1394,1428
1404,1419
1394,1408
1412,1428
1420,1419
1407,1422
1415,1433
1421,1446
1419,1436
1420,1438
1437,1446
1427,1439
1440,1459
1445,1449
1459,1449
1437,1463
1440,1463
1468,1462
1471,1472
1480,1476
1481,1468
1471,1479
1453,1474
1463,1473
1464,1468
1467,1465
1468,1470
1484,1475
1471,1469
1485,1479
1476,1487
1493,1482
1469,1476
1491,1462
1482,1457
1493,1484
1486,1464
1483,1491
1471,1489
1495,1489
1502,1496
1495,1481
1511,1479
1496,1468
1476,1468
1470,1486
1489,1474
1494,1485
1473,1493
1484,1461
1503,1483
1481,1474
1504,1460
1478,1465
1490,1463
1491,1463
1509,1471
1510,1472
1477,1467
1485,1452
1485,1446
1486,1456
1476,1455
1475,1448
1473,1452
1499,1454
1478,1447
1434,1450
1470,1427
1461,1439
1457,1429
1439,1420
1468,1421
1452,1441
1458,1410
1428,1427
1449,1419
1438,1421
1420,1417
1427,1420
1458,1414
1413,1382
1429,1396
1408,1403
1404,1399
1410,1382
1414,1380
1384,1393
1410,1380
1395,1387
1393,1349
1382,1389
1422,1376
1393,1366
1386,1355
1363,1342
1364,1382
1380,1350
1384,1341
1357,1340
1363,1338
1389,1346
1341,1349
1380,1329
1335,1359
1366,1348
1319,1310
1329,1342
1334,1331
1330,1336
1329,1338
1321,1313
1317,1335
1307,1341
1323,1330
1307,1334
1324,1307
1314,1321
1323,1335
1322,1319
1305,1307
1303,1324
1320,1306
1338,1322
1338,1300
1341,1297
1306,1305
1300,1309
1295,1320
1313,1314
1299,1315
1280,1308
1305,1339
1306,1320
1297,1310
1311,1323
1298,1324
1309,1323
1304,1323
1315,1329
1295,1333
1303,1304
1319,1319
1277,1324
1305,1327
1307,1334
1313,1356
1310,1335
1316,1350
1325,1334
1321,1329
1326,1342
1341,1341
1319,1363
1343,1357
1317,1366
1341,1356
1328,1368
1333,1388
1377,1371
1368,1368
1339,1371
1346,1405
1350,1371
1349,1394
1368,1380
1359,1389
1384,1376
1352,1373
1388,1389
1407,1391
1380,1397
1359,1407
1393,1406
1399,1411
1396,1409
1416,1423
1407,1411
1409,1417
1408,1436
1404,1419
1415,1440
1434,1442
1430,1440
1424,1422
1405,1445
1449,1436
1430,1456
1430,1460
1433,1456
1454,1451
1451,1462
1450,1463
1449,1482
1437,1475
1439,1455
1479,1460
1443,1454
1463,1480
1474,1468
1479,1472
1483,1480
1456,1484
1483,1462
1464,1478
1482,1492
1458,1487
1475,1484
1505,1483
1494,1490
1504,1491
1500,1479
1487,1482
1489,1483
1464,1496
1515,1493
1495,1476
1473,1494
1481,1475
1494,1474
1498,1492
1501,1477
1494,1466
1515,1482
1500,1489
1496,1491
1474,1483
1502,1476
1501,1483
1500,1485
1496,1464
1494,1463
1489,1458
1500,1450
1488,1450
1485,1459
1487,1457
1468,1462
1476,1458
1474,1455
1481,1459
1469,1443
1466,1451
1476,1442
1468,1434
1462,1437
1445,1440
1471,1417
1467,1421
1423,1417
1422,1420
1442,1412
1450,1412
1421,1412
1397,1396
1419,1409
1410,1400
1441,1400
1434,1396
1435,1422
1406,1372
1397,1404
1414,1377
1410,1353
1393,1377
1396,1390
1404,1377
1394,1364
1378,1380
1383,1357
1367,1359
1370,1376
1351,1357
1372,1367
1361,1372
1362,1333
1367,1339
1349,1342
1351,1333
1340,1346
1339,1334
1354,1317
1334,1337
1360,1340
1314,1326
1340,1339
1331,1328
1344,1316
1342,1327
1320,1318
1303,1326
1320,1313
1291,1311
1315,1315
1320,1312
1305,1311
1317,1292
1306,1314
1319,1308
1312,1308
1280,1346
1297,1311
1274,1311
1300,1302
1302,1328
1302,1316
1294,1321
1306,1297
1303,1308
1280,1303
1282,1343
1299,1334
1295,1327
1308,1324
1315,1333
1297,1344
1306,1323
1296,1325
1306,1330
1306,1330
1284,1314
1325,1358
1331,1326
1332,1333
1317,1337
1323,1347
1318,1356
1355,1345
1315,1356
1315,1361
1330,1357
1338,1361
1330,1381
1362,1379
1327,1380
1359,1373
1342,1385
1354,1382
1345,1374
1370,1376
1360,1373
1372,1384
1379,1385
1356,1405
1396,1399
1371,1404
1378,1405
1396,1416
1378,1403
1405,1420
1417,1426
1378,1410
1404,1424
1395,1404
1423,1435
1405,1433
1447,1456
1405,1438
1434,1425
1431,1457
1450,1435
1422,1448
1428,1446
1453,1472
1443,1455
1458,1472
1468,1468
1442,1455
1461,1457
1454,1462
1459,1462
1458,1457
1457,1473
1479,1465
1475,1473
1500,1480
1465,1466
1475,1493
1490,1489
1471,1488
1482,1466
1466,1470
1483,1473
1504,1496
1503,1470
1474,1481
1499,1488
1485,1492
1493,1488
1511,1484
1518,1474
1501,1483
1504,1490
1494,1467
1500,1477
1515,1479
1514,1483
1502,1473
1481,1483
1492,1478
1493,1484
1488,1479
1496,1470
1497,1458
1487,1468
1466,1468
1487,1483
1516,1474
1499,1457
1470,1464
1478,1460
1460,1439
1474,1458
1436,1468
1478,1441
1471,1456
1453,1445
1488,1432
1450,1435
1451,1433
1440,1431
1456,1436
1447,1408
1448,1413
1452,1435
1438,1418
1457,1426
1437,1404
1435,1412
1428,1409
1415,1403
1418,1383
1429,1385
1420,1402
1422,1377
1410,1381
1413,1386
1413,1393
1389,1379
1392,1374
1408,1379
1385,1372
1385,1357
1355,1368
1364,1353
1372,1361
1388,1365
1362,1353
1371,1335
1353,1345
1368,1340
1332,1336
1348,1349
1373,1366
1345,1332
1335,1331
1330,1330
1339,1347
1325,1321
1323,1317
1351,1337
1309,1336
1311,1325
1320,1323
1305,1340
1329,1320
1330,1324
1289,1314
1320,1309
1296,1306
1287,1313
1308,1302
1318,1324
1311,1333
1294,1312
1302,1314
1272,1330
1283,1322
1318,1323
1304,1313
1303,1306
1310,1312
1286,1319
1287,1336
1295,1322
1295,1319
1318,1314
1302,1310
1297,1316
1300,1329
1324,1303
1301,1330
1284,1325
1328,1335
1304,1339
1312,1338
1288,1324
1329,1344
1317,1367
1320,1333
1324,1349
1318,1350
1317,1355
1340,1354
1335,1342
1318,1373
1364,1365
1327,1365
1377,1371
1352,1387
1373,1384
1341,1387
1334,1373
1349,1405
1333,1393
1358,1391
1374,1384
1370,1404
1371,1410
1373,1413
1387,1408
1378,1385
1370,1419
1402,1431
1403,1425
1399,1405
1390,1420
1403,1428
1403,1439
1410,1435
1416,1433
1434,1452
1403,1443
1423,1448
1431,1456
1436,1447
1471,1435
1456,1453
1459,1444
1472,1458
1435,1448
1440,1460
1456,1461
1459,1463
1462,1470
1469,1470
1477,1478
1465,1484
1468,1470
1471,1477
1482,1486
1478,1462
1488,1474
1456,1482
1486,1488
1489,1482
1488,1480
1503,1464
1489,1481
1503,1500
1483,1501
1471,1477
1494,1480
1484,1504
1484,1479
1518,1485
1483,1485
1512,1477
1508,1453
1508,1488
1482,1475
1482,1481
1523,1467
1491,1463
1496,1458
1512,1478
1492,1464
1468,1486
1484,1470
1466,1486
1501,1459
1482,1452
1497,1457
1474,1470
1488,1447
1453,1459
1485,1436
1472,1468
1453,1450
1474,1446
1468,1448
1474,1439
1473,1439
1471,1429
1454,1424
1468,1437
1456,1451
1445,1422
1461,1427
1427,1414
1434,1413
1431,1416
1421,1414
1426,1385
1424,1389
1429,1395
1423,1394
1418,1385
1407,1381
1409,1378
1383,1388
1395,1392
1400,1361
1373,1367
1377,1373
1379,1385
1366,1359
1388,1360
1372,1341
1347,1351
1345,1351
1396,1352
1350,1336
1354,1351
1316,1337
1333,1339
1359,1337
1336,1338
1349,1323
1352,1344
1306,1320
1320,1338
1316,1325
1325,1317
1316,1344
1315,1333
1316,1327
1317,1321
1328,1326
1307,1319
1320,1311
1299,1292
1315,1313
1289,1332
1324,1332
1318,1327
1286,1312
1295,1311
1300,1319
1315,1339
1295,1323
1298,1309
1304,1299
1302,1326
1300,1306
1315,1310
1303,1343
1302,1318
1311,1325
1291,1328
1293,1317
1311,1319
1305,1321
1308,1312
1290,1354
1323,1318
1326,1326
1301,1334
1290,1344
1340,1328
1320,1357
1322,1343
1347,1338
1330,1363
1325,1345
1320,1363
1338,1347
1333,1355
1342,1372
1321,1373
1340,1352
1325,1371
1348,1366
1333,1383
1369,1375
1350,1374
1361,1374
1352,1384
1381,1388
1377,1398
1366,1399
1377,1426
1377,1414
1394,1420
1387,1381
1399,1421
1380,1419
1386,1411
1403,1419
1414,1441
1428,1438
1396,1442
1417,1440
1447,1460
1435,1433
1406,1444
1429,1431
1437,1443
1447,1451
1424,1454
1431,1450
1435,1469
1458,1455
1461,1456
1491,1463
1460,1465
1430,1464
1466,1458
1468,1466
1495,1480
1476,1480
1478,1480
1474,1463
1473,1471
1472,1487
1484,1499
1491,1497
1495,1487
1473,1495
1488,1472
1487,1490
1481,1474
1481,1486
1515,1484
1486,1482
1506,1473
1490,1484
1519,1481
1492,1473
1506,1487
1494,1486
1492,1499
1523,1483
1485,1481
1487,1492
1509,1475
1499,1483
1496,1467
1506,1439
1501,1473
1488,1470
1486,1468
1493,1460
1504,1469
1497,1461
1491,1455
1485,1476
1485,1458
1473,1450
1480,1440
1460,1456
1447,1453
1472,1443
1466,1436
1465,1443
1458,1425
1476,1443
1451,1428
1446,1441
1437,1435
1435,1421
1475,1410
1440,1409
1439,1414
1443,1407
1428,1403
1441,1393
1416,1411
1429,1402
1429,1398
1409,1384
1410,1378
1379,1382
1409,1379
1386,1363
1389,1376
1382,1370
1373,1361
1379,1362
1378,1372
1373,1377
1389,1356
1380,1348
1375,1351
1362,1359
1362,1335
1362,1353
1371,1339
1349,1329
1362,1338
1336,1325
1357,1334
1334,1356
1327,1328
1347,1325
1336,1329
1347,1328
1328,1318
1330,1317
1324,1308
1315,1320
1327,1312
1300,1321
1295,1337
1312,1321
1318,1317
1314,1323
1292,1318
1317,1325
1305,1319
1304,1311
1285,1316
1303,1320
1303,1320
1314,1306
1313,1316
1291,1289
1285,1321
1308,1314
1312,1319
1297,1314
1307,1333
1297,1329
1304,1323
1305,1349
1275,1311
1290,1338
1319,1322
1300,1332
1296,1350
1299,1344
1303,1345
1325,1343
1325,1345
1346,1340
1328,1353
1307,1346
1314,1351
1330,1354
1332,1351
1339,1340
1332,1361
1345,1361
1337,1372
1340,1357
1343,1376
1333,1378
1368,1376
1338,1370
1328,1391
1362,1366
1342,1373
1368,1380
1384,1397
1376,1407
1378,1402
1361,1398
1388,1394
1386,1412
1403,1408
1401,1438
1393,1416
1416,1408
1381,1411
1427,1427
1381,1425
1434,1428
1426,1431
1427,1449
1433,1439
1428,1422
1434,1453
1429,1443
1445,1456
1426,1460
1445,1458
1478,1482
1463,1464
1465,1438
1468,1467
1467,1471
1474,1474
1495,1463
1473,1468
1462,1471
1476,1466
1470,1469
1458,1467
1472,1477
1483,1492
1483,1470
1487,1475
1491,1475
1503,1492
1506,1492
1468,1479
1530,1485
1509,1481
1497,1476
1510,1473
1488,1481
1499,1488
1484,1463
1522,1475
1500,1482
1497,1469
1503,1458
1518,1480
1513,1482
1520,1480
1468,1474
1514,1474
1472,1479
1478,1491
1512,1465
1495,1441
1487,1455
1495,1454
1497,1454
1465,1454
1496,1450
1486,1452
1482,1471
1467,1433
1495,1432
1450,1439
1457,1438
1473,1433
1466,1423
1469,1415
1444,1435
1452,1415
1430,1413
1439,1420
1453,1412
1464,1411
1416,1405
1426,1426
1405,1396
1420,1420
1434,1422
1426,1395
1414,1413
1416,1366
1432,1393
1402,1390
1403,1381
1379,1374
1398,1372
1386,1378
1403,1361
1369,1362
1370,1358
1377,1357
1370,1351
1362,1326
1362,1363
1369,1359
1361,1334
1346,1360
1355,1331
1345,1328
1332,1334
1351,1353
1347,1334
1342,1325
1338,1334
1334,1325
1327,1329
1349,1323
1328,1303
1317,1308
1330,1311
1323,1325
1307,1344
1302,1315
1311,1336
1308,1336
1317,1316
1334,1314
1312,1325
1312,1312
1309,1302
1301,1310
1287,1315
1318,1313
1285,1310
1302,1338
1299,1308
1269,1314
1294,1316
1299,1313
1310,1332
1297,1342
1298,1330
1299,1310
1309,1346
1338,1330
1306,1316
1314,1304
1309,1338
1320,1332
1305,1335
1316,1347
1321,1345
1336,1346
1315,1357
1336,1338
1328,1348
1328,1346
1345,1360
1333,1369
1321,1362
1333,1353
1321,1370
1319,1351
1342,1347
1347,1373
1326,1373
1357,1379
1351,1378
1364,1367
1351,1390
1366,1410
1358,1403
1364,1381
1380,1398
1379,1382
1369,1412
1382,1416
1387,1387
1380,1405
1376,1428
1384,1424
1403,1413
1409,1420
1408,1441
1411,1433
1422,1437
1427,1437
1431,1446
1422,1446
1411,1427
1435,1443
1443,1443
1438,1449
1425,1473
1459,1461
1446,1458
1439,1464
1455,1461
1460,1449
1459,1464
1467,1457
1477,1474
1467,1476
1480,1481
1476,1463
1498,1473
1461,1455
1467,1492
1508,1490
1505,1478
1480,1476
1475,1494
1491,1489
1484,1471
1492,1494
1510,1483
1497,1479
1494,1463
1478,1475
1497,1481
1501,1486
1482,1481
1506,1477
1498,1490
1511,1467
1489,1472
1475,1489
1493,1463
1499,1492
1480,1477
1489,1465
1506,1496
1500,1469
1497,1469
1496,1472
1471,1448
1499,1464
1494,1458
1493,1464
1499,1452
1483,1447
1489,1446
1478,1457
1471,1433
1459,1427
1477,1448
1485,1435
1451,1425
1462,1452
1438,1441
1465,1428
1440,1421
1449,1425
1440,1423
1459,1420
1428,1401
1435,1413
1433,1412
1450,1408
1436,1417
1420,1392
1416,1377
1413,1393
1416,1384
1381,1399
1418,1371
1396,1382
1401,1390
1404,1363
1390,1370
1371,1362
1406,1386
1372,1371
1395,1351
1359,1360
1384,1336
1389,1339
1362,1345
1376,1348
1343,1335
1376,1338
1361,1350
1344,1336
1360,1323
1334,1341
1344,1324
1343,1321
1332,1341
1332,1326
1311,1318
1319,1328
1325,1337
1338,1315
1329,1320
1342,1316
1290,1311
1317,1303
1312,1332
1320,1323
1306,1320
1317,1309
1290,1313
1286,1324
1318,1328
1320,1326
1298,1345
1296,1310
1303,1315
1309,1320
1289,1337
1308,1338
1303,1338
1324,1336
1304,1320
1286,1324
1291,1342
1288,1338
1316,1348
1320,1325
1330,1325
1305,1339
1321,1340
1316,1345
1314,1350
1331,1347
1327,1356
1311,1340
1325,1335
1342,1360
1323,1343
1328,1352
1318,1368
1322,1358
1314,1369
1325,1355
1351,1381
1357,1386
1361,1386
1347,1380
1342,1367
1354,1402
1374,1384
1390,1386
1373,1400
1374,1397
1375,1394
1382,1416
1378,1398
1379,1410
1399,1424
1377,1403
1397,1416
1397,1414
1437,1438
1403,1432
1411,1446
1414,1431
1443,1424
1420,1431
1425,1424
1432,1436
1436,1431
1426,1425
1434,1450
1434,1454
1455,1473
1440,1473
1442,1447
1446,1436
1463,1458
1456,1470
1463,1463
1459,1465
1464,1469
1470,1470
1466,1479
1474,1467
1465,1454
1477,1486
1452,1469
1468,1474
1497,1475
1504,1490
1480,1484
1484,1488
1465,1472
1476,1470
1502,1491
1493,1484
1502,1475
1485,1463
1493,1469
1496,1498
1480,1472
1486,1481
1507,1469
1468,1480
1514,1443
1510,1480
1483,1476
1482,1482
1482,1474
1484,1457
1483,1462
1507,1477
1473,1458
1489,1454
1503,1441
1471,1461
1502,1462
1499,1469
1461,1466
1462,1462
1484,1447
1482,1458
1469,1461
1457,1451
1471,1448
1491,1433
1467,1429
1457,1430
1475,1441
1435,1440
1420,1438
1448,1415
1427,1405
1446,1406
1459,1398
1440,1413
1429,1388
1416,1397
1430,1409
1417,1389
1403,1401
1402,1397
1415,1385
1417,1378
1405,1375
1393,1387
1405,1390
1405,1350
1399,1376
1381,1351
1395,1362
1389,1361
1387,1370
1382,1368
1375,1373
1376,1345
1364,1371
1356,1326
1347,1339
1372,1356
1351,1324
1352,1339
1358,1356
1355,1356
1334,1322
1332,1342
1354,1346
1362,1323
1348,1341
1346,1339
1343,1338
1318,1339
1324,1333
1310,1330
1299,1311
1302,1330
1308,1288
1330,1332
1322,1324
1292,1324
1293,1321
1301,1308
1303,1324
1313,1305
1303,1333
1289,1334
1284,1330
1312,1323
1318,1317
1305,1312
1312,1325
1294,1327
1308,1327
1324,1332
1323,1327
1301,1318
1323,1340
1295,1335
1286,1326
1335,1351
1307,1335
1316,1353
1302,1321
1327,1326
1328,1344
1316,1342
1331,1355
1332,1352
1333,1367
1317,1358
1339,1353
1325,1362
1330,1372
1337,1362
1336,1360
1348,1370
1371,1388
1350,1366
1358,1381
1353,1394
1356,1374
1380,1388
1357,1409
1377,1402
1402,1404
1377,1382
1370,1411
1412,1412
1386,1414
1374,1409
1417,1413
1384,1438
1370,1431
1415,1424
1395,1409
1409,1426
1415,1445
1396,1421
1405,1437
1415,1444
1409,1440
1422,1452
1441,1434
1447,1441
1453,1450
1407,1445
1459,1463
1432,1443
1460,1469
1459,1454
1475,1451
1451,1464
1451,1463
1470,1469
1450,1476
1474,1470
1483,1481
1472,1482
1469,1478
1474,1462
1474,1488
1472,1477
1483,1483
1492,1493
1493,1476
1501,1488
1491,1480
1476,1466
1490,1476
1486,1479
1484,1479
1501,1486
1497,1472
1476,1485
1469,1472
1495,1478
1474,1481
1497,1470
1477,1444
1493,1486
1492,1474
1464,1474
1487,1480
1485,1461
1476,1453
1509,1457
1461,1463
1449,1456
1470,1471
1469,1466
1461,1437
1480,1478
1479,1464
1473,1453
1452,1443
1489,1443
1454,1447
1471,1450
1465,1441
1443,1441
1452,1431
1463,1440
1463,1442
1450,1427
1461,1414
1438,1423
1447,1408
1434,1415
1422,1398
1444,1410
1424,1418
1420,1409
1425,1397
1422,1384
1397,1396
1414,1403
1400,1378
1394,1404
1401,1378
1388,1382
1421,1379
1374,1375
1369,1364
1393,1373
1364,1372
1374,1364
1378,1362
1339,1366
1368,1363
1382,1365
1349,1352
1369,1358
1377,1364
1366,1344
1343,1335
1341,1341
1361,1322
1347,1341
1325,1324
1344,1353
1340,1337
1347,1319
1338,1316
1312,1323
1326,1337
1355,1346
1344,1315
1333,1326
1308,1334
1326,1311
1323,1314
1315,1327
1325,1335
1313,1323
1304,1318
1292,1344
1305,1306
1292,1313
1308,1336
1311,1318
1295,1321
1307,1326
1297,1323
1326,1319
1289,1304
1308,1334
1312,1319
1313,1348
1290,1335
1320,1343
1304,1325
1324,1317
1306,1334
1310,1343
1305,1333
1319,1357
1326,1341
1310,1345
1326,1334
1351,1331
1306,1355
1344,1355
1346,1355
1318,1370
1356,1355
1339,1358
1346,1365
1339,1361
1331,1353
1352,1375
1345,1373
1328,1365
1365,1388
1351,1365
1374,1362
1365,1371
1384,1389
1364,1393
1370,1385
1383,1400
1401,1388
1397,1403
1380,1407
1388,1429
1407,1400
1409,1414
1402,1404
1402,1424
1404,1430
1405,1428
1436,1432
1424,1450
1418,1426
1415,1450
1432,1440
1402,1430
1425,1452
1437,1453
1449,1451
1436,1451
1452,1445
1447,1461
1431,1448
1463,1454
1451,1452
1472,1471
1448,1470
1472,1456
1479,1442
1467,1469
1485,1465
1467,1494
1475,1474
1479,1474
1474,1485
1480,1476
1488,1475
1486,1463
1507,1492
1471,1469
1485,1478
1486,1474
1490,1478
1506,1478
1482,1487
1488,1501
1483,1459
1500,1470
1505,1477
1460,1473
1474,1476
1481,1475
1487,1464
1478,1464
1495,1461
1481,1483
1471,1471
1503,1469
1499,1480
1461,1453
1480,1460
1504,1468
1476,1444
1476,1468
1482,1465
1462,1462
1493,1447
1456,1445
1485,1451
1456,1434
1484,1429
1471,1419
1463,1441
1465,1446
1478,1425
1437,1418
1436,1423
1475,1409
1466,1411
1434,1412
1433,1405
1424,1409
1421,1408
1422,1392
1438,1411
1421,1419
1430,1383
1418,1385
1413,1360
1415,1393
1400,1385
1398,1403
1398,1386
1397,1402
1396,1351
1383,1385
1401,1375
1390,1378
1387,1374
1385,1381
1356,1347
1369,1363
1377,1371
1360,1345
1377,1357
1376,1354
1375,1351
1362,1347
1361,1355
1364,1332
1358,1345
1347,1351
1338,1346
1314,1337
1323,1320
1359,1347
1321,1339
1333,1330
1323,1319
1320,1319
1333,1326
1342,1328
1320,1324
1315,1317
1303,1313
1305,1308
1308,1326
1311,1315
1322,1319
1324,1315
1310,1330
1308,1335
1310,1324
1305,1317
1288,1330
1322,1329
1313,1324
1288,1325
1315,1329
1318,1334
1311,1328
1304,1344
1295,1354
1313,1339
1305,1337
1305,1329
1306,1352
1340,1335
1310,1345
1315,1345
1310,1341
1308,1339
1344,1350
1331,1354
1312,1354
1345,1350
1351,1346
1340,1360
1351,1354
1307,1367
1338,1383
1362,1381
1374,1361
1347,1370
1351,1384
1356,1387
1365,1394
1354,1387
1387,1383
1370,1391
1359,1402
1381,1388
1385,1375
1364,1412
1388,1404
1394,1425
1359,1417
1379,1414
1388,1411
1396,1424
1419,1431
1391,1432
1375,1437
1421,1439
1405,1419
1429,1438
1416,1429
1429,1414
1428,1440
1417,1437
1423,1438
1426,1455
1439,1456
1455,1467
1461,1453
1469,1442
1464,1466
1456,1453
1461,1470
1474,1464
1468,1466
1473,1458
1462,1458
1494,1463
1469,1467
1479,1457
1475,1468
1473,1486
1487,1457
1478,1475
1479,1477
1458,1469
1480,1457
1485,1492
1480,1473
1506,1463
1476,1467
1503,1478
1488,1473
1481,1458
1472,1481
1474,1469
1476,1489
1478,1485
1489,1468
1499,1469
1493,1472
1502,1463
1489,1469
1476,1466
1475,1458
1474,1464
1467,1460
1472,1467
1488,1473
1471,1453
1490,1463
1488,1445
1493,1446
1472,1432
1474,1448
1471,1448
1459,1451
1468,1447
1477,1440
1462,1426
1471,1430
1458,1431
1449,1431
1443,1434
1442,1431
1440,1432
1455,1406
1446,1430
1440,1407
1441,1402
1462,1397
1424,1394
1426,1400
1430,1413
1403,1400
1416,1393
1420,1405
1403,1389
1420,1396
1403,1368
1406,1386
1393,1378
1384,1399
1376,1379
1395,1355
1382,1384
1361,1360
1374,1359
1366,1362
1377,1358
1371,1350
1369,1361
1380,1345
1354,1332
1370,1357
1381,1362
1344,1324
1336,1329
1356,1320
1337,1343
1331,1359
1351,1323
1334,1326
1336,1337
1341,1339
1328,1345
1317,1330
1365,1318
1300,1321
1323,1323
1308,1329
1320,1328
1327,1322
1325,1322
1296,1332
1315,1326
1336,1330
1313,1323
1314,1338
1323,1338
1326,1327
1320,1331
1299,1333
1337,1348
1303,1338
1321,1333
1345,1319
1303,1338
1301,1329
1289,1356
1351,1340
1301,1323
1314,1337
1296,1344
1322,1343
1303,1339
1324,1328
1316,1348
1343,1345
1325,1326
1341,1348
1341,1349
1316,1354
1332,1354
1329,1368
1325,1361
1331,1356
1338,1386
1349,1368
1318,1352
1353,1380
1339,1381
1375,1390
1343,1377
1358,1382
1359,1400
1360,1398
1385,1365
1362,1382
1363,1394
1361,1392
1386,1421
1405,1418
1389,1408
1395,1420
1367,1423
1401,1412
1396,1440
1385,1409
1405,1414
1402,1421
1403,1431
1410,1423
1405,1419
1431,1437
1433,1455
1439,1439
1446,1453
1419,1450
1433,1478
1415,1450
1433,1455
1441,1460
1442,1451
1449,1471
1434,1453
1468,1463
1461,1455
1501,1475
1443,1476
1466,1456
1457,1465
1463,1473
1478,1462
1476,1456
1459,1487
1472,1449
1481,1473
1483,1482
1479,1463
1478,1470
1501,1476
1483,1471
1483,1472
1489,1460
1495,1464
1477,1466
1498,1471
1472,1465
1479,1465
1506,1478
1467,1479
1495,1463
1475,1462
1482,1483
1496,1470
1487,1465
1492,1469
1473,1449
1465,1466
1493,1473
1484,1465
1493,1461
1467,1457
1453,1446
1462,1459
1469,1458
1484,1437
1485,1432
1475,1450
1461,1425
1475,1426
1470,1444
1464,1426
1449,1428
1451,1409
1450,1436
1459,1423
1460,1432
1426,1406
1449,1409
1415,1406
1449,1420
1402,1412
1427,1395
1416,1415
1414,1411
1414,1402
1418,1403
1419,1395
1409,1384
1441,1394
1415,1399
1412,1397
1377,1384
1408,1370
1420,1366
1387,1369
1383,1387
1381,1383
1382,1383
1387,1373
1375,1371
1373,1353
1357,1375
1383,1369
1363,1378
1356,1382
1363,1338
1362,1345
1382,1374
1341,1352
1361,1342
1348,1362
1351,1331
1356,1342
1347,1342
1346,1335
1343,1355
1337,1307
1337,1333
1339,1316
1311,1322
1324,1349
1329,1326
1313,1334
1326,1340
1325,1321
1323,1324
1332,1315
1322,1318
1326,1311
1307,1307
1307,1343
1325,1324
1310,1309
1297,1343
1332,1325
1307,1323
1317,1332
1290,1336
1294,1329
1321,1346
1318,1326
1305,1342
1326,1337
1312,1331
1314,1323
1322,1313
1321,1353
1307,1332
1315,1349
1326,1338
1323,1351
1324,1339
1309,1351
1334,1339
1351,1361
1340,1361
1356,1365
1318,1342
1315,1370
1339,1379
1341,1375
1329,1372
1330,1373
1343,1366
1329,1366
1377,1386
1359,1381
1348,1404
1380,1375
1385,1391
1373,1387
1359,1392
1382,1397
1374,1396
1385,1414
1387,1413
1388,1430
1406,1407
1364,1407
1387,1424
1387,1410
1413,1434
1406,1426
1426,1427
1423,1424
1439,1433
1415,1428
1422,1426
1430,1437
1432,1446
1450,1445
1429,1436
1407,1435
1446,1448
1435,1456
1457,1458
1441,1452
1416,1447
1431,1435
1439,1460
1441,1464
1468,1441
1474,1446
1467,1457
1465,1462
1451,1475
1463,1473
1479,1456
1465,1448
1467,1474
1468,1475
1479,1469
1478,1462
1465,1467
1458,1446
1465,1459
1476,1461
1469,1458
1477,1462
1487,1459
1493,1481
1496,1482
1487,1486
1487,1459
1484,1481
1460,1480
1482,1480
1468,1461
1495,1463
1493,1459
1480,1451
1479,1438
1468,1460
1496,1460
1494,1476
1472,1435
1454,1445
1487,1452
1475,1458
1462,1454
1493,1441
1489,1454
1464,1443
1453,1457
1463,1449
1462,1439
1446,1450
1448,1425
1459,1424
1428,1431
1440,1438
1442,1427
1431,1383
1425,1404
1450,1413
1435,1398
1441,1405
1426,1408
1439,1404
1421,1409
1423,1388
1388,1385
1425,1390
1413,1388
1436,1377
1412,1398
1404,1390
1398,1371
1386,1379
1396,1390
1380,1367
1387,1356
1361,1376
1391,1372
1385,1349
1387,1359
1373,1367
1360,1370
1375,1356
1368,1380
1361,1356
1365,1371
1359,1369
1355,1326
1342,1338
1358,1354
1345,1333
1355,1357
1338,1342
1342,1328
1331,1364
1356,1359
1339,1347
1301,1334
1339,1327
1329,1334
1333,1332
1347,1332
1333,1348
1308,1332
1334,1325
1316,1331
1338,1330
1311,1339
1317,1325
1320,1326
1328,1330
1324,1328
1318,1313
1330,1341
1342,1322
1313,1331
1336,1320
1312,1333
1304,1330
1331,1318
1330,1333
1314,1330
1319,1340
1330,1336
1317,1325
1327,1340
1311,1349
1325,1349
1331,1346
1325,1338
1333,1359
1332,1362
1323,1357
1338,1367
1304,1357
1344,1375
1340,1354
1319,1362
1364,1363
1350,1375
1356,1366
1345,1374
1361,1377
1353,1374
1355,1371
1341,1386
1357,1379
1373,1413
1377,1398
1357,1379
1394,1383
1361,1399
1383,1411
1376,1402
1408,1398
1395,1399
1392,1380
1405,1416
1384,1411
1371,1406
1424,1420
1394,1418
1413,1429
1408,1432
1415,1408
1418,1447
1422,1432
1430,1439
1411,1433
1416,1436
1436,1429
1458,1442
1446,1437
1430,1430
1441,1433
1449,1449
1429,1453
1436,1458
1450,1449
1428,1440
1468,1458
1442,1473
1452,1452
1450,1449
1467,1461
1465,1471
1471,1465
1461,1471
1470,1459
1471,1459
1485,1468
1463,1475
1465,1478
1451,1471
1454,1455
1475,1479
1467,1455
1484,1468
1477,1467
1434,1476
1458,1462
1460,1458
1485,1486
1469,1460
1465,1467
1470,1446
1459,1458
1483,1459
1507,1457
1496,1480
1487,1464
1469,1461
1476,1458
1489,1466
1469,1445
1478,1471
1473,1443
1471,1439
1460,1444
1456,1441
1456,1435
1470,1456
1484,1451
1460,1418
1449,1437
1467,1424
1451,1443
1453,1423
1443,1426
1460,1427
1456,1402
1457,1412
1445,1416
1449,1409
1454,1423
1438,1409
1433,1408
1448,1399
1434,1411
1445,1412
1429,1412
1436,1405
1411,1423
1413,1395
1419,1391
1407,1392
1401,1389
1385,1372
1414,1387
1412,1373
1403,1358
1402,1382
1391,1386
1394,1375
1382,1367
1390,1374
1378,1355
1375,1372
1355,1360
1356,1358
1359,1332
1364,1356
1363,1359
1345,1360
1366,1360
1348,1354
1368,1340
1346,1350
1357,1323
1329,1333
1340,1354
1334,1344
1341,1334
1347,1334
1324,1331
1339,1341
1318,1323
1343,1313
1310,1338
1317,1347
1331,1348
1310,1324
1311,1331
1324,1336
1323,1324
1320,1349
1325,1334
1304,1344
1303,1335
1327,1332
1316,1335
1328,1332
1319,1335
1314,1351
1336,1335
1307,1333
1322,1344
1297,1324
1328,1338
1337,1358
1331,1338
1309,1350
1331,1355
1300,1329
1339,1349
1327,1347
1330,1344
1329,1361
1345,1342
1326,1348
1346,1364
1332,1364
1326,1372
1353,1358
1352,1364
1358,1352
1351,1373
1352,1372
1341,1369
1325,1396
1343,1376
1355,1378
1344,1388
1367,1387
1377,1378
1364,1393
1369,1390
1364,1391
1374,1408
1367,1404
1359,1384
1399,1423
1390,1396
1390,1411
1394,1404
1385,1426
1397,1415
1410,1412
1405,1422
1400,1425
1415,1429
1405,1438
1384,1433
1423,1439
1398,1401
1418,1420
1431,1412
1419,1438
1441,1464
1428,1441
1421,1448
1455,1437
1455,1440
1442,1448
1438,1434
1453,1439
1462,1463
1460,1451
1444,1461
1476,1468
1461,1463
1461,1460
1457,1481
1461,1456
1431,1476
1453,1460
1461,1463
1454,1476
1474,1479
1477,1459
1476,1466
1468,1465
1468,1486
1456,1470
1476,1469
1487,1456
1482,1467
1494,1457
1487,1457
1456,1469
1485,1444
1463,1481
1493,1485
1464,1450
1484,1435
1470,1444
1472,1450
1488,1443
1488,1453
1479,1464
1497,1450
1470,1449
1474,1450
1469,1466
1472,1433
1473,1448
1487,1438
1468,1434
1476,1455
1467,1447
1467,1432
1444,1444
1456,1433
1454,1434
1483,1430
1453,1440
1446,1437
1431,1421
1413,1421
1455,1427
1435,1415
1470,1413
1458,1416
1425,1429
1419,1417
1447,1422
1437,1406
1430,1420
1413,1395
1436,1393
1413,1398
1409,1393
1412,1425
1428,1388
1401,1373
1381,1382
1417,1377
1390,1392
1395,1367
1379,1378
1392,1380
1394,1363
1370,1369
1383,1349
1373,1372
1377,1378
1376,1378
1364,1365
1373,1348
1361,1358
1367,1358
1381,1364
1370,1357
1353,1333
1343,1348
1352,1356
1347,1351
1337,1363
1316,1343
1354,1351
1331,1350
1351,1351
1349,1327
1345,1343
1351,1365
1322,1332
1335,1332
1325,1340
1342,1344
1330,1313
1328,1336
1311,1328
1323,1335
1330,1312
1308,1359
1327,1320
1327,1320
1312,1316
1332,1331
1351,1340
1327,1339
1340,1333
1329,1328
1308,1339
1321,1323
1340,1318
1300,1347
1330,1325
1315,1355
1341,1327
1335,1354
1325,1353
1318,1343
1358,1355
1341,1342
1344,1347
1321,1357
1336,1368
1341,1366
1324,1348
1360,1350
1353,1367
1356,1387
1348,1353
1365,1360
1364,1365
1347,1384
1353,1369
1338,1377
1353,1384
1360,1381
1364,1374
1380,1397
1356,1396
1384,1385
1366,1392
1344,1386
1385,1383
1396,1401
1381,1407
1398,1389
1392,1392
1368,1408
1379,1407
1372,1399
1407,1403
1406,1414
1407,1392
1408,1419
1428,1416
1414,1427
1388,1411
1406,1426
1420,1434
1394,1429
1445,1442
1444,1453
1410,1431
1437,1433
1429,1456
1443,1444
1435,1457
1455,1440
1422,1447
1458,1434
1456,1453
1465,1443
1459,1462
1470,1460
1443,1455
1453,1445
1458,1470
1448,1453
1441,1456
1439,1456
1473,1459
1476,1478
1471,1464
1476,1443
1489,1478
1477,1474
1471,1446
1477,1463
1456,1454
1466,1460
1475,1463
1490,1459
1484,1451
1513,1456
1466,1465
1480,1458
1494,1472
1479,1469
1465,1449
1473,1474
1480,1471
1475,1451
1485,1465
1499,1452
1471,1449
1469,1457
1475,1450
1460,1448
1484,1458
1446,1446
1485,1452
1471,1430
1458,1439
1457,1445
1453,1445
1471,1451
1446,1426
1454,1454
1451,1414
1465,1431
1434,1419
1448,1431
1430,1421
1467,1419
1475,1423
1431,1430
1414,1404
1433,1406
1452,1411
1441,1425
1414,1401
1416,1401
1418,1398
1440,1396
1421,1406
1403,1389
1410,1372
1398,1389
1415,1398
1394,1384
1400,1371
1399,1405
1387,1379
1386,1385
1380,1344
1398,1372
1379,1356
1390,1370
1396,1362
1377,1375
1389,1367
1375,1380
1373,1361
1371,1377
1366,1337
1355,1387
1353,1375
1353,1347
1340,1350
1348,1345
1357,1362
1336,1349
1346,1338
1347,1322
1354,1332
1363,1341
1333,1356
1364,1360
1324,1329
1347,1356
1337,1339
1322,1351
1330,1332
1331,1334
1329,1320
1340,1329
1336,1327
1316,1354
1307,1327
1322,1324
1360,1340
1352,1316
1348,1338
1318,1315
1329,1331
1317,1336
1325,1328
1343,1338
1318,1342
1319,1322
1343,1352
1348,1332
1325,1345
1330,1343
1322,1350
1334,1335
1316,1350
1329,1353
1332,1341
1329,1353
1340,1365
1332,1348
1328,1365
1356,1345
1355,1375
1310,1365
1342,1356
1319,1372
1332,1368
1329,1369
1345,1368
1353,1357
1349,1363
1377,1370
1375,1362
1356,1373
1376,1373
1351,1378
1356,1399
1357,1394
1369,1403
1387,1380
1383,1383
1377,1400
1387,1396
1402,1418
1377,1409
1387,1417
1402,1397
1397,1405
1405,1413
1399,1413
1395,1416
1400,1403
1410,1434
1426,1429
1396,1440
1415,1432
1410,1414
1426,1416
1439,1420
1426,1440
1426,1450
1449,1438
1412,1441
1417,1436
1426,1428
1429,1440
1446,1454
1454,1457
1422,1462
1428,1437
1446,1448
1459,1452
1470,1450
1457,1455
1457,1456
1455,1454
1466,1452
1459,1462
1474,1466
1462,1458
1437,1458
1450,1462
1455,1456
1486,1462
1465,1456
1454,1465
1463,1452
1465,1459
1474,1478
1476,1452
1461,1462
1469,1463
1473,1451
1465,1461
1468,1466
1473,1457
1470,1452
1473,1462
1483,1457
1462,1471
1474,1468
1463,1461
1486,1456
1476,1444
1473,1454
1461,1460
1445,1455
1464,1436
1456,1426
1470,1427
1475,1457
1458,1445
1462,1434
1454,1444
1458,1444
1467,1428
1456,1448
1477,1425
1435,1429
1428,1437
1441,1410
1447,1424
1434,1419
1424,1437
1435,1413
1444,1411
1449,1426
1434,1420
1425,1411
1420,1385
1446,1404
1428,1404
1424,1394
1431,1400
1427,1403
1418,1397
1407,1383
1430,1393
1412,1379
1420,1385
1419,1391
1409,1370
1404,1387
1393,1386
1400,1359
1388,1382
1379,1361
1367,1384
1398,1357
1366,1362
1391,1357
1361,1362
1373,1360
1367,1348
1363,1364
1357,1362
1375,1354
1352,1347
1352,1357
1358,1346
1365,1362
1355,1358
1358,1353
1370,1361
1328,1336
1342,1329
1332,1348
1332,1354
1349,1333
1345,1340
1320,1338
1345,1332
1336,1339
1343,1343
1324,1334
1326,1335
1339,1320
1328,1328
1343,1335
1337,1348
1314,1343
1350,1342
1324,1330
1324,1344
1331,1324
1325,1337
1327,1341
1313,1335
1328,1324
1342,1331
1327,1332
1330,1351
1322,1333
1332,1356
1335,1352
1332,1354
1329,1357
1355,1354
1352,1342
1326,1373
1308,1333
1324,1364
1344,1365
1362,1359
1349,1369
1356,1370
1322,1359
1341,1367
1352,1372
1353,1362
1365,1353
1354,1372
1359,1384
1341,1365
1347,1386
1350,1379
1348,1369
1371,1386
1376,1384
1358,1400
1364,1407
1376,1420
1372,1394
1388,1403
1364,1411
1382,1425
1394,1398
1369,1398
1392,1394
1407,1413
1402,1403
1379,1413
1401,1411
1405,1398
1417,1434
1423,1425
1406,1429
1399,1411
1408,1431
1418,1430
1401,1435
1432,1432
1437,1428
1421,1442
1431,1427
1443,1438
1455,1422
1452,1441
1442,1453
1431,1448
1449,1459
1444,1448
1450,1440
1455,1461
1440,1446
1469,1461
1441,1443
1445,1459
1465,1462
1430,1457
1470,1482
1462,1450
1463,1446
1464,1439
1462,1451
1455,1453
1470,1448
1477,1467
1464,1459
1474,1466
1476,1457
1488,1451
1482,1467
1467,1449
1479,1458
1480,1453
1457,1459
1480,1451
1492,1466
1460,1465
1467,1468
1466,1449
1466,1462
1489,1448
1451,1466
1452,1452
1480,1439
1450,1454
1450,1445
1462,1459
1476,1445
1452,1428
1469,1447
1460,1435
1455,1435
1459,1437
1452,1453
1441,1429
1442,1427
1460,1435
1453,1425
1441,1422
1441,1421
1453,1435
1426,1416
1439,1425
1441,1420
1426,1427
1437,1429
1432,1413
1421,1393
1444,1413
1420,1400
1447,1407
1440,1413
1428,1391
1412,1396
1405,1393
1433,1399
1393,1412
1412,1379
1404,1401
1391,1362
1394,1383
1377,1378
1397,1377
1376,1373
1393,1406
1382,1381
1402,1378
1366,1367
1378,1380
1367,1355
1364,1372
1358,1369
1373,1375
1356,1359
1366,1364
1376,1336
1368,1352
1353,1344
1371,1365
1353,1352
1366,1352
1374,1349
1366,1350
1323,1339
1328,1339
1350,1339
1351,1349
1364,1345
1354,1339
1332,1345
1345,1332
1344,1328
1347,1351
1336,1340
1339,1341
1350,1340
1327,1348
1342,1346
1331,1348
1303,1341
1337,1323
1332,1329
1313,1343
1309,1345
1326,1338
1339,1330
1316,1338
1327,1349
1338,1338
1347,1348
1346,1342
1352,1335
1338,1335
1338,1348
1357,1356
1318,1360
1338,1343
1328,1347
1331,1358
1317,1362
1341,1351
1368,1346
1376,1365
1325,1348
1351,1355
1342,1351
1358,1352
1341,1364
1342,1365
1352,1361
1347,1362
1355,1370
1349,1369
1363,1369
1333,1370
1354,1370
1360,1376
1347,1395
1359,1387
1355,1387
1375,1410
1363,1374
1374,1391
1377,1378
1380,1401
1392,1405
1390,1396
1375,1404
1387,1422
1370,1412
1402,1414
1386,1423
1385,1411
1384,1430
1400,1401
1410,1430
1406,1411
1422,1432
1398,1418
1412,1409
1411,1427
1397,1438
1416,1451
1431,1433
1424,1436
1420,1440
1441,1422
1404,1445
1435,1447
1448,1458
1424,1439
1443,1441
1466,1431
1443,1443
1436,1447
1433,1460
1449,1456
1436,1451
1442,1465
1457,1471
1463,1450
1468,1459
1453,1464
1459,1458
1466,1459
1465,1446
1485,1460
1445,1456
1456,1462
1476,1456
1476,1464
1471,1473
1464,1487
1456,1449
1465,1461
1475,1468
1459,1463
1463,1456
1481,1458
1482,1459
1458,1468
1485,1469
1453,1458
1467,1454
1467,1458
1469,1437
1466,1445
1471,1445
1463,1457
1473,1455
1463,1440
1455,1443
1474,1447
1452,1457
1490,1453
1470,1414
1466,1443
1460,1445
1453,1452
1458,1435
1449,1451
1462,1434
1456,1449
1442,1433
1477,1447
1453,1439
1470,1420
1433,1419
1458,1431
1456,1421
1432,1424
1413,1402
1451,1419
1419,1420
1447,1434
1434,1421
1425,1417
1421,1408
1407,1405
1406,1400
1408,1397
1391,1397
1405,1387
1424,1390
1410,1400
1406,1392
1404,1385
1403,1388
1401,1381
1408,1366
1389,1391
1389,1363
1385,1377
1408,1372
1359,1371
1373,1369
1397,1353
1369,1380
1381,1372
1363,1353
1377,1368
1387,1343
1346,1359
1348,1367
1367,1350
1369,1355
1352,1353
1358,1379
1355,1333
1340,1348
1342,1342
1347,1344
1351,1353
1337,1343
1362,1337
1339,1340
1338,1347
1340,1349
1321,1369
1331,1335
1334,1344
1336,1333
1334,1339
1335,1333
1328,1348
1316,1339
1339,1331
1333,1348
1341,1337
1326,1352
1333,1324
1346,1347
1349,1338
1321,1349
1314,1328
1332,1360
1335,1324
1326,1327
1333,1338
1354,1355
1331,1344
1330,1358
1329,1350
1343,1361
1355,1361
1337,1340
1333,1357
1351,1370
1346,1349
1347,1369
1338,1375
1329,1368
1343,1360
1362,1347
1349,1356
1377,1361
1349,1366
1353,1367
1341,1361
1352,1373
1354,1363
1352,1397
1365,1361
1348,1384
1371,1376
1353,1375
1363,1387
1377,1407
1395,1414
1374,1386
1390,1424
1361,1385
1386,1390
1377,1397
1382,1395
1387,1406
1384,1416
1371,1400
1400,1412
1396,1404
1406,1404
1386,1399
1406,1427
1425,1410
1408,1438
1409,1418
1417,1431
1432,1431
1420,1436
1421,1424
1439,1422
1447,1441
1428,1430
1443,1457
1440,1426
1432,1435
1436,1447
1459,1447
1422,1445
1420,1448
1446,1443
1463,1456
1469,1452
1460,1437
1434,1440
1439,1448
1448,1458
1451,1464
1434,1453
1459,1467
1452,1450
1454,1455
1446,1464
1459,1455
1453,1452
1447,1448
1479,1467
1457,1449
1452,1467
1474,1447
1465,1478
1472,1455
1482,1475
1482,1435
1485,1471
1462,1463
1477,1462
1467,1454
1479,1468
1459,1461
1462,1471
1470,1456
1459,1460
1463,1447
1474,1458
1467,1448
1473,1460
1453,1422
1441,1458
1471,1456
1440,1455
1460,1443
1477,1451
1452,1437
1471,1453
1473,1428
1435,1436
1450,1448
1448,1427
1454,1445
1429,1418
1438,1435
1476,1421
1444,1424
1434,1440
1448,1415
1454,1419
1437,1419
1429,1421
1444,1414
1421,1417
1430,1408
1437,1417
1421,1410
1419,1411
1437,1413
1393,1402
1407,1393
1410,1406
1401,1396
1406,1396
1406,1394
1394,1401
1398,1402
1382,1380
1389,1367
1380,1374
1376,1394
1408,1385
1387,1370
1377,1388
1376,1380
1384,1373
1378,1369
1367,1361
1381,1360
1358,1362
1389,1363
1373,1351
1375,1358
1347,1373
1360,1349
1337,1348
1370,1360
1356,1346
1345,1349
1382,1370
1344,1356
1360,1359
1340,1360
1340,1332
1357,1357
1358,1327
1342,1341
1330,1368
1344,1340
1334,1339
1343,1345
1346,1341
1367,1354
1345,1326
1339,1359
1346,1341
1341,1328
1341,1344
1343,1325
1335,1342
1328,1326
1314,1359
1327,1343
1327,1339
1331,1326
1323,1347
1310,1337
1329,1354
1325,1335
1316,1343
1340,1359
1333,1331
1348,1355
1335,1336
1336,1355
1317,1347
1330,1340
1335,1352
1337,1351
1341,1331
1352,1351
1341,1345
1330,1349
1363,1349
1332,1383
1363,1364
1352,1376
1328,1374
1348,1368
1348,1372
1343,1381
1365,1373
1335,1373
1351,1384
1357,1386
1337,1407
1362,1368
1375,1371
1355,1379
1387,1399
1385,1383
1368,1383
1365,1390
1391,1404
1393,1386
1393,1397
1381,1403
1403,1400
1405,1400
1372,1394
1385,1409
1378,1423
1390,1415
1399,1416
1382,1419
1406,1422
1408,1420
1397,1413
1409,1451
1398,1416
1385,1421
1412,1423
1426,1417
1426,1429
1424,1440
1404,1437
1436,1436
1431,1440
1431,1446
1444,1438
1443,1433
1449,1447
1432,1440
1445,1438
1435,1441
1450,1463
1442,1445
1465,1447
1439,1450
1467,1456
1454,1461
1451,1452
1491,1453
1455,1451
1448,1470
1472,1445
1462,1464
1448,1466
1472,1460
1472,1467
1500,1458
1457,1464
1480,1471
1476,1434
1466,1458
1485,1464
1470,1468
1479,1463
1454,1442
1465,1443
1467,1452
1460,1439
1477,1437
1452,1444
1481,1459
1468,1457
1478,1445
1465,1438
1477,1440
1484,1432
1459,1453
1469,1450
1466,1445
1442,1460
1465,1462
1460,1438
1470,1433
1459,1445
1458,1443
1476,1424
1457,1433
1450,1448
1465,1444
1459,1422
1454,1431
1464,1440
1451,1416
1453,1431
1450,1420
1433,1428
1448,1412
1464,1413
1416,1410
1437,1410
1416,1410
1422,1421
1422,1403
1394,1421
1407,1405
1427,1395
1413,1397
1418,1394
1419,1404
1409,1395
1432,1394
1405,1395
1411,1392
1402,1407
1390,1370
1387,1401
1401,1400
1389,1387
1394,1382
1401,1365
1385,1366
1394,1384
1391,1392
1388,1368
1364,1353
1362,1374
1351,1361
1374,1378
1375,1360
1361,1371
1366,1342
1373,1350
1379,1342
1356,1358
1365,1371
1357,1353
1367,1359
1336,1352
1354,1347
1348,1361
1354,1355
1346,1342
1361,1354
1352,1343
1342,1359
1338,1341
1338,1359
1336,1351
1340,1344
1338,1338
1334,1345
1340,1348
1346,1341
1336,1344
1353,1358
1343,1350
1338,1354
1340,1340
1335,1335
1305,1343
1352,1342
1341,1355
1356,1352
1331,1352
1328,1344
1331,1348
1329,1347
1344,1335
1324,1340
1318,1351
1349,1335
1337,1343
1333,1350
1340,1352
1331,1341
1322,1370
1333,1363
1351,1339
1323,1356
1351,1348
1353,1371
1333,1350
1342,1375
1357,1363
1328,1360
1323,1374
1325,1369
1356,1372
1355,1366
1348,1360
1367,1376
1374,1390
1350,1370
1367,1394
1381,1362
1362,1387
1369,1382
1368,1385
1361,1397
1388,1396
1382,1396
1392,1400
1365,1413
1411,1405
1365,1414
1384,1409
1387,1398
1410,1403
1384,1422
1402,1407
1410,1401
1390,1417
1406,1409
1398,1421
1377,1421
1427,1419
1429,1418
1408,1423
1432,1429
1425,1427
1403,1427
1435,1436
1420,1429
1430,1434
1444,1451
1452,1448
1407,1432
1439,1446
1422,1436
1424,1441
1448,1467
1444,1454
1417,1442
1428,1450
1443,1464
1462,1440
1459,1452
1469,1448
1457,1446
1453,1469
1423,1482
1463,1473
1468,1456
1447,1465
1470,1456
1436,1455
1472,1443
1474,1456
1445,1453
1469,1462
1461,1460
1480,1464
1473,1451
1470,1457
1470,1455
1488,1453
1466,1456
1467,1460
1453,1462
1459,1454
1457,1475
1463,1437
1473,1451
1451,1459
1483,1446
1446,1450
1460,1451
1482,1456
1446,1451
1459,1460
1469,1451
1473,1419
1448,1445
1468,1469
1464,1454
1444,1438
1446,1431
1459,1445
1451,1425
1455,1453
1468,1433
1437,1452
1440,1412
1423,1421
1460,1435
1435,1438
1449,1429
1438,1427
1463,1419
1423,1418
1423,1423
1406,1422
1448,1406
1430,1400
1422,1410
1419,1404
1426,1424
1431,1402
1429,1403
1400,1399
1393,1406
1447,1388
1402,1411
1405,1397
1418,1387
1399,1391
1401,1388
1404,1384
1387,1398
1397,1381
1383,1381
1408,1387
1377,1376
1389,1389
1386,1379
1386,1352
1367,1373
1371,1366
1367,1366
1379,1340
1395,1350
1386,1359
1359,1371
1366,1364
1364,1358
1365,1358
1359,1356
1352,1357
1349,1358
1344,1352
1334,1346
1347,1359
1362,1358
1345,1324
1334,1359
1354,1357
1357,1338
1353,1334
1340,1329
1334,1338
1316,1340
1340,1356
1328,1341
1328,1354
1337,1334
1336,1339
1334,1332
1328,1322
1343,1338
1337,1357
1333,1356
1342,1370
1331,1320
1333,1329
1311,1338
1343,1351
1357,1348
1337,1360
1326,1333
1340,1350
1333,1349
1336,1339
1333,1351
1324,1352
1337,1353
1322,1342
1355,1360
1350,1330
1324,1338
1332,1350
1314,1353
1346,1355
1345,1364
1365,1371
1353,1357
1311,1351
1328,1349
1358,1348
1343,1348
1338,1387
1337,1374
1362,1360
1375,1374
1345,1386
1348,1368
1355,1357
1365,1384
1356,1385
1365,1394
1364,1389
1349,1395
1386,1380
1359,1392
1380,1387
1377,1397
1385,1381
1377,1387
1358,1398
1375,1397
1380,1405
1392,1386
1384,1396
1392,1402
1394,1411
1386,1410
1408,1414
1411,1414
1405,1398
1389,1422
1445,1425
1412,1442
1441,1429
1400,1422
1423,1435
1412,1429
1407,1432
1437,1440
1420,1427
1416,1439
1412,1430
1411,1465
1426,1453
1429,1432
1435,1454
1439,1432
1438,1443
1471,1443
1448,1438
1427,1465
1420,1453
1455,1439
1432,1445
1440,1450
1460,1461
1437,1464
1473,1474
1453,1447
1457,1482
1464,1457
1469,1457
1465,1469
1470,1447
1472,1463
1479,1479
1471,1482
1478,1448
1478,1435
1446,1471
1478,1466
1464,1454
1453,1442
1474,1436
1470,1456
1475,1461
1450,1449
1475,1459
1464,1441
1462,1476
1470,1450
1438,1461
1468,1462
1469,1446
1444,1457
1489,1457
1466,1449
1433,1447
1460,1445
1469,1458
1458,1450
1453,1447
1449,1461
1474,1442
1457,1447
1450,1439
1449,1423
1461,1442
1452,1447
1417,1437
1447,1423
1439,1434
1429,1419
1441,1426
1441,1429
1426,1429
1436,1424
1432,1428
1421,1410
1440,1421
1423,1423
1447,1388
1434,1413
1434,1410
1406,1421
1427,1409
1427,1405
1444,1404
1427,1399
1393,1392
1406,1402
1398,1408
1413,1396
1422,1395
1411,1386
1423,1390
1394,1388
1389,1386
1412,1378
1399,1372
1406,1366
1385,1383
1378,1372
1370,1378
1363,1376
1385,1378
1372,1363
1391,1356
1361,1361
1385,1367
1353,1347
1370,1362
1371,1351
1363,1360
1363,1360
1340,1357
1362,1350
1345,1337
1354,1341
1345,1353
1340,1348
1325,1342
1344,1345
1355,1352
1339,1350
1354,1354
1349,1329
1350,1343
1333,1334
1326,1318
1352,1341
1344,1344
1345,1337
1337,1340
1346,1323
1333,1339
1330,1344
1319,1347
1325,1340
1312,1332
1351,1331
1328,1338
1335,1333
1333,1325
1326,1335
1334,1341
1337,1335
1336,1345
1319,1358
1332,1362
1333,1344
1350,1349
1355,1339
1344,1360
1308,1331
1312,1340
1340,1359
1316,1358
1340,1348
1344,1369
1321,1374
1327,1360
1351,1365
1341,1362
1352,1371
1344,1352
1368,1359
1348,1380
1334,1370
1348,1367
1349,1384
1347,1393
1348,1360
1345,1366
1384,1353
1355,1387
1381,1361
1374,1411
1357,1377
1378,1392
1359,1395
1380,1392
1383,1403
1371,1395
1387,1391
1388,1383
1398,1409
1376,1403
1389,1413
1378,1406
1380,1399
1386,1405
1394,1397
1389,1419
1389,1424
1387,1426
1406,1409
1402,1434
1426,1420
1427,1414
1404,1421
1397,1423
1411,1408
1404,1427
1412,1414
1421,1442
1416,1427
1435,1428
1422,1440
1434,1442
1410,1437
1460,1426
1446,1444
1442,1445
1441,1434
1441,1436
1441,1441
1451,1448
1460,1450
1439,1451
1432,1443
1462,1448
1455,1442
1448,1442
1453,1458
1470,1461
1438,1457
1484,1452
1474,1470
1465,1466
1454,1441
1455,1463
1449,1463
1468,1463
1466,1458
1467,1468
1466,1456
1453,1451
1474,1464
1450,1478
1447,1451
1461,1478
1465,1461
1468,1462
1475,1453
1472,1478
1482,1452
1477,1454
1470,1450
1479,1474
1486,1469
1464,1458
1485,1444
1484,1444
1491,1462
1453,1455
1464,1444
1466,1442
1455,1440
1465,1458
1490,1437
1473,1432
1450,1431
1471,1467
1459,1449
1472,1435
1450,1421
1455,1461
1444,1448
1452,1446
1460,1414
1447,1426
1428,1414
1438,1430
1453,1416
1440,1387
1442,1413
1434,1425
1457,1417
1453,1409
1452,1408
1440,1413
1411,1404
1425,1393
1421,1394
1412,1389
1405,1397
1403,1413
1409,1390
1399,1370
1407,1392
1409,1398
1410,1389
1403,1375
1374,1398
1388,1368
1403,1376
1414,1374
1398,1369
1409,1398
1396,1356
1358,1371
1415,1368
1392,1370
1384,1379
1385,1350
1365,1378
1358,1373
1370,1351
1357,1370
1346,1367
1361,1355
1355,1352
1348,1354
1347,1352
1365,1338
1329,1355
1343,1337
1346,1332
1351,1338
1346,1349
1336,1330
1344,1346
1361,1354
1355,1354
1326,1334
1341,1339
1332,1364
1344,1333
1342,1339
1344,1331
1343,1350
1324,1340
1350,1333
1325,1338
1351,1346
1323,1338
1336,1328
1321,1350
1315,1336
1306,1332
1345,1354
1320,1344
1305,1333
1341,1343
1322,1340
1362,1340
1320,1333
1307,1353
1306,1333
1342,1331
1324,1334
1319,1343
1319,1343
1315,1333
1324,1344
1320,1341
1323,1367
1326,1343
1346,1350
1342,1339
1332,1355
1335,1341
1331,1360
1318,1360
1345,1368
1344,1380
1335,1361
1353,1367
1356,1358
1356,1376
1351,1370
1336,1372
1339,1362
1348,1384
1361,1368
1364,1356
1353,1383
1375,1378
1364,1391
1363,1400
1380,1398
1379,1373
1366,1389
1370,1398
1391,1382
1368,1404
1374,1382
1383,1409
1381,1420
1382,1418
1397,1414
1383,1410
1405,1411
1383,1419
1408,1396
1397,1409
1403,1432
1408,1415
1407,1403
1412,1428
1422,1416
1432,1414
1386,1422
1403,1433
1395,1451
1427,1427
1428,1436
1424,1443
1425,1433
1441,1428
1430,1441
1414,1427
1443,1439
1431,1443
1450,1454
1448,1444
1432,1462
1438,1454
1456,1448
1450,1447
1464,1469
1462,1450
1441,1462
1452,1451
1463,1453
1463,1455
1450,1472
1440,1485
1445,1447
1460,1462
1449,1453
1464,1464
1475,1473
1469,1446
1473,1463
1473,1464
1484,1454
1472,1453
1488,1454
1462,1471
1457,1447
1461,1453
1485,1461
1462,1467
1467,1452
1480,1473
1468,1444
1454,1450
1474,1463
1489,1474
1475,1443
1455,1455
1464,1456
1473,1451
1468,1463
1469,1456
1486,1447
1458,1453
1454,1446
1453,1457
1488,1438
1461,1437
1448,1432
1470,1447
1459,1438
1455,1420
1449,1433
1465,1443
1465,1440
1471,1463
1448,1433
1458,1430
1464,1428
1434,1436
1436,1431
1416,1424
1445,1425
1441,1428
1446,1431
1450,1425
1419,1408
1441,1426
1426,1417
1407,1404
1430,1397
1425,1405
1425,1406
1420,1404
1431,1408
1412,1415
1414,1379
1410,1384
1395,1388
1411,1395
1391,1376
1396,1387
1389,1377
1404,1378
1421,1386
1408,1391
1393,1375
1382,1395
1384,1371
1379,1370
1405,1378
1363,1365
1370,1370
1391,1372
1390,1362
1374,1361
1364,1372
1368,1360
1367,1364
1359,1359
1388,1340
1363,1355
1363,1355
1352,1354
1363,1351
1376,1353
1359,1343
1386,1328
1356,1347
1338,1333
1344,1355
1336,1348
1336,1340
1362,1337
1346,1351
1320,1335
1349,1346
1319,1326
1337,1359
1335,1319
1345,1337
1318,1332
1322,1336
1337,1350
1314,1347
1350,1321
1333,1348
1330,1328
1327,1349
1328,1334
1316,1345
1323,1340
1319,1325
1330,1335
1325,1350
1340,1338
1332,1337
1334,1345
1318,1331
1298,1328
1319,1331
1315,1359
1314,1335
1345,1360
1340,1348
1326,1349
1343,1357
1321,1363
1317,1338
1360,1351
1315,1346
1312,1350
1340,1358
1301,1363
1328,1352
1337,1367
1335,1369
1334,1377
1353,1364
1322,1377
1358,1367
1361,1370
1377,1386
1370,1365
1345,1374
1340,1373
1373,1389
1360,1384
1352,1374
1367,1361
1385,1364
1373,1388
1384,1392
1397,1372
1364,1399
1383,1397
1378,1412
1373,1393
1392,1392
1409,1406
1385,1403
1389,1415
1381,1427
1428,1396
1398,1420
1414,1395
1402,1426
1380,1410
1402,1416
1398,1415
1403,1428
1405,1414
1432,1437
1400,1415
1407,1426
1419,1432
1436,1424
1424,1419
1446,1423
1410,1438
1439,1461
1452,1429
1457,1451
1440,1420
1419,1458
1431,1447
1448,1444
1459,1443
1446,1467
1442,1472
1454,1445
1463,1446
1433,1465
1454,1457
1469,1463
1442,1470
1467,1463
1483,1461
1456,1471
1456,1455
1476,1467
1466,1450
1488,1471
1476,1449
1470,1451
1451,1474
1455,1474
1491,1438
1468,1455
1472,1458
1470,1464
1470,1461
1494,1476
1471,1471
1493,1468
1472,1458
1471,1445
1479,1465
1482,1449
1478,1463
1476,1447
1468,1466
1481,1466
1463,1465
1459,1438
1468,1464
1467,1439
1476,1457
1482,1461
1480,1461
1440,1456
1467,1442
1464,1435
1467,1449
1463,1448
1449,1448
1458,1441
1486,1427
1443,1437
1463,1430
1435,1433
1454,1421
1457,1429
1474,1428
1457,1430
1444,1436
1444,1427
1435,1412
1427,1433
1434,1429
1409,1420
1429,1411
1436,1417
1437,1412
1439,1422
1413,1428
1423,1413
1417,1396
1419,1411
1424,1407
1425,1397
1413,1386
1420,1366
1398,1403
1410,1381
1405,1404
1404,1389
1384,1367
1362,1363
1396,1385
1385,1387
1389,1391
1363,1379
1401,1365
1412,1365
1365,1366
1379,1356
1368,1353
1368,1377
1359,1363
1374,1349
1373,1367
1367,1344
1384,1361
1387,1349
1360,1351
1381,1356
1361,1340
1352,1346
1360,1352
1343,1334
1374,1355
1339,1335
1342,1311
1351,1355
1332,1331
1339,1341
1360,1343
1364,1361
1333,1336
1349,1327
1345,1356
1338,1341
1328,1317
1340,1336
1333,1325
1305,1346
1341,1335
1308,1325
1339,1332
1324,1336
1304,1343
1322,1335
1323,1334
1314,1331
1333,1332
1311,1344
1327,1344
1322,1341
1285,1330
1328,1340
1319,1350
1330,1326
1309,1335
1312,1337
1318,1350
1313,1331
1348,1347
1353,1326
1326,1352
1333,1340
1328,1332
1333,1357
1324,1365
1312,1351
1325,1350
1351,1352
1350,1365
1334,1358
1330,1371
1336,1360
1321,1340
1335,1366
1315,1348
1376,1377
1350,1350
1335,1364
1350,1345
1347,1358
1335,1387
1352,1364
1354,1353
1349,1373
1355,1393
1343,1380
1386,1411
1364,1378
1382,1392
1360,1405
1368,1392
1380,1393
1356,1377
1393,1387
1378,1396
1358,1401
1395,1399
1392,1431
1393,1421
1405,1382
1384,1416
1409,1402
1410,1409
1409,1416
1420,1422
1411,1432
1412,1418
1389,1423
1403,1419
1418,1435
1404,1434
1414,1425
1426,1456
1422,1424
1424,1426
1445,1438
1430,1443
1425,1456
1440,1440
1418,1444
1430,1464
1403,1449
1416,1468
1456,1447
1449,1457
1448,1451
1444,1448
1462,1449
1459,1455
1450,1479
1481,1443
1445,1435
1462,1447
1446,1447
1463,1451
1472,1462
1495,1475
1457,1463
1459,1451
1468,1468
1480,1471
1488,1475
1488,1480
1459,1452
1460,1471
1467,1474
1455,1448
1481,1454
1461,1471
1465,1477
1467,1455
1475,1459
1493,1455
1464,1472
1483,1471
1462,1458
1491,1463
1463,1463
1471,1450
1464,1452
1484,1460
1471,1435
1459,1454
1496,1472
1489,1435
1481,1459
1472,1461
1492,1450
1473,1456
1457,1453
1474,1456
1470,1465
1489,1463
1454,1440
1453,1441
1467,1436
1456,1439
1457,1421
1456,1442
1469,1446
1474,1446
1466,1425
1448,1416
1477,1434
1437,1431
1450,1426
1437,1418
1459,1421
1454,1436
1447,1421
1463,1391
1424,1426
1414,1426
1411,1418
1444,1398
1422,1421
1407,1406
1416,1386
1422,1399
1391,1402
1436,1402
1441,1394
1424,1387
1405,1391
1402,1382
1411,1404
1383,1371
1387,1404
1410,1384
1389,1379
1408,1372
1391,1356
1389,1366
1402,1385
1390,1370
1389,1364
1385,1368
1397,1362
1389,1370
1374,1348
1366,1364
1362,1360
1358,1374
1382,1347
1369,1346
1361,1346
1358,1344
1336,1350
1352,1340
1364,1346
1364,1344
1361,1341
1330,1341
1368,1333
1359,1352
1339,1330
1328,1340
1331,1348
1316,1330
1341,1329
1359,1337
1333,1339
1339,1338
1338,1351
1322,1336
1329,1331
1335,1333
1324,1329
1320,1336
1327,1330
1295,1320
1311,1339
1320,1315
1318,1334
1315,1329
1300,1338
1304,1344
1312,1324
1320,1324
1318,1341
1326,1327
1322,1338
1344,1320
1322,1330
1327,1341
1333,1345
1333,1342
1321,1333
1319,1338
1306,1349
1351,1354
1319,1358
1316,1345
1301,1350
1325,1344
1323,1366
1332,1356
1325,1345
1327,1337
1335,1368
1329,1363
1330,1355
1340,1383
1327,1363
1333,1375
1338,1361
1349,1361
1352,1365
1333,1370
1363,1378
1363,1370
