ch1,ch2
1561,1588
1564,1576
1589,1574
1566,1576
1596,1584
1602,1612
1588,1630
1615,1597
1639,1624
1611,1666
1631,1666
1666,1642
1619,1644
1678,1633
1672,1662
1668,1635
1650,1655
1680,1675
1681,1653
1700,1645
1693,1645
1686,1669
1689,1641
1672,1651
1656,1656
1643,1617
1679,1635
1653,1618
1639,1632
1632,1596
1620,1589
1613,1613
1635,1565
1596,1576
1607,1561
1573,1581
1560,1555
1577,1515
1539,1553
1532,1535
1543,1490
1497,1494
1524,1487
1503,1494
1498,1455
1469,1472
1491,1438
1503,1440
1472,1435
1475,1428
1448,1460
1448,1426
1410,1466
1472,1426
1406,1442
1423,1440
1437,1442
1427,1456
1439,1441
1430,1434
1391,1430
1453,1452
1433,1434
1423,1464
1465,1484
1437,1489
1457,1463
1469,1507
1451,1493
1462,1495
1475,1519
1505,1510
1525,1528
1539,1547
1534,1541
1538,1575
1563,1583
1559,1585
1575,1587
1580,1590
1559,1601
1593,1611
1606,1628
1630,1623
1646,1633
1636,1656
1643,1625
1684,1657
1665,1629
1659,1634
1681,1637
1635,1642
1702,1669
1643,1689
1694,1690
1678,1680
1705,1670
1688,1672
1678,1655
1670,1633
1673,1641
1647,1671
1675,1645
1660,1627
1634,1630
1652,1592
1631,1614
1608,1596
1615,1594
1610,1602
1597,1544
1587,1565
1551,1572
1573,1529
1560,1555
1526,1536
1556,1503
1532,1494
1498,1516
1500,1469
1484,1503
1464,1468
1480,1481
1485,1451
1455,1460
1450,1446
1433,1461
1427,1472
1420,1447
1450,1426
1417,1428
1394,1419
1424,1445
1416,1450
1407,1450
1383,1434
1431,1436
1421,1448
1421,1461
1421,1482
1430,1467
1458,1483
1457,1489
1468,1489
1451,1486
1482,1518
1499,1538
1480,1515
1496,1518
1530,1546
1530,1550
1538,1567
1550,1552
1561,1597
1562,1605
1562,1590
1575,1621
1631,1598
1587,1623
1634,1627
1628,1601
1647,1643
1640,1643
1665,1628
1659,1642
1667,1677
1706,1662
1671,1655
1684,1678
1643,1675
1699,1663
1696,1661
1698,1656
1641,1660
1708,1644
1646,1643
1664,1643
1667,1663
1662,1639
1659,1607
1674,1587
1666,1606
1619,1592
1664,1615
1587,1572
1598,1574
1596,1562
1598,1558
1610,1547
1568,1543
1554,1550
1535,1513
1549,1502
1517,1501
1532,1483
1489,1470
1487,1493
1487,1482
1471,1468
1455,1460
1441,1464
1452,1441
1452,1459
1455,1404
1427,1424
1415,1452
1423,1426
1409,1455
1436,1456
1412,1457
1431,1430
1421,1447
1407,1425
1419,1458
1435,1436
1450,1439
1455,1462
1423,1491
1430,1466
1461,1498
1482,1492
1475,1478
1462,1525
1503,1529
1501,1540
1520,1528
1506,1550
1535,1532
1533,1577
1560,1582
1600,1592
1570,1593
1593,1596
1594,1624
1613,1599
1640,1628
1631,1619
1642,1631
1620,1663
1654,1642
1669,1624
1672,1671
1717,1638
1679,1678
1709,1657
1677,1703
1655,1691
1686,1664
1712,1633
1686,1644
1671,1656
1675,1658
1649,1672
1663,1659
1661,1634
1622,1618
1661,1624
1621,1634
1654,1623
1644,1619
1588,1572
1583,1600
1587,1551
1562,1559
1538,1544
1557,1570
1543,1542
1528,1506
1494,1527
1502,1513
1505,1471
1514,1486
1495,1488
1465,1457
1454,1449
1422,1427
1435,1438
1425,1447
1441,1440
1426,1438
1447,1410
1409,1431
1427,1431
1389,1431
1394,1420
1418,1429
1436,1460
1416,1435
1419,1464
1422,1447
1443,1453
1419,1465
1425,1468
1455,1503
1454,1502
1466,1477
1458,1493
1475,1500
1499,1512
1499,1542
1508,1522
1520,1524
1536,1538
1518,1549
1534,1555
1563,1594
1577,1585
1551,1600
1576,1623
1609,1596
1595,1623
1579,1644
1627,1641
1646,1663
1640,1652
1643,1690
1670,1654
1674,1678
1676,1668
1659,1676
1679,1671
1689,1672
1727,1682
1674,1663
1702,1681
1704,1665
1711,1651
1643,1676
1663,1660
1659,1648
1697,1640
1650,1647
1660,1609
1623,1627
1643,1620
1613,1583
1610,1617
1603,1551
1580,1560
1589,1548
1563,1568
1563,1518
1550,1549
1527,1525
1522,1518
1525,1525
1548,1489
1482,1487
1454,1489
1466,1483
1475,1465
1475,1437
1459,1469
1437,1441
1452,1435
1403,1452
1420,1412
1414,1413
1380,1443
1415,1445
1420,1421
1437,1413
1419,1456
1410,1444
1409,1428
1402,1457
1410,1421
1413,1459
1420,1459
1426,1454
1450,1458
1465,1508
1477,1492
1454,1502
1469,1507
1458,1517
1511,1538
1511,1538
1524,1514
1529,1555
1573,1582
1554,1580
1595,1581
1600,1617
1571,1612
1596,1632
1612,1635
1611,1634
1633,1615
1609,1640
1651,1651
1666,1676
1678,1699
1672,1647
1680,1676
1683,1673
1675,1675
1674,1677
1692,1667
1670,1670
1699,1672
1673,1665
1665,1639
1687,1656
1658,1662
1665,1638
1679,1625
1665,1631
1653,1639
1665,1618
1614,1609
1626,1600
1596,1594
1620,1575
1585,1589
1582,1552
1563,1544
1564,1551
1541,1530
1544,1515
1539,1495
1528,1535
1479,1487
1503,1500
1489,1484
1509,1478
1467,1473
1455,1438
1447,1443
1429,1447
1423,1417
1413,1444
1451,1445
1417,1427
1416,1440
1404,1421
1422,1403
1387,1420
1405,1427
1437,1415
1441,1413
1405,1476
1414,1447
1432,1436
1407,1442
1422,1440
1472,1495
1442,1486
1464,1472
1478,1507
1468,1524
1488,1537
1497,1531
1495,1521
1516,1545
1496,1547
1536,1578
1576,1580
1562,1563
1564,1594
1573,1588
1613,1615
1598,1611
1648,1599
1628,1643
1642,1647
1655,1645
1660,1630
1675,1632
1682,1645
1685,1660
1663,1675
1678,1665
1686,1671
1714,1666
1718,1670
1698,1679
1679,1652
1719,1672
1682,1639
1660,1644
1678,1665
1643,1658
1650,1640
1634,1630
1646,1634
1639,1617
1613,1576
1618,1592
1599,1599
1585,1543
1559,1562
1588,1552
1549,1545
1544,1539
1558,1529
1504,1505
1527,1516
1520,1511
1496,1537
1494,1476
1488,1475
1428,1452
1465,1450
1460,1448
1446,1452
1394,1440
1456,1418
1440,1418
1426,1399
1426,1428
1420,1441
1389,1436
1417,1420
1418,1434
1407,1457
1407,1440
1427,1454
1424,1440
1432,1444
1412,1450
1449,1486
1456,1479
1451,1476
1442,1494
1476,1501
1520,1533
1482,1507
1490,1497
1494,1538
1524,1523
1543,1545
1553,1555
1547,1581
1547,1607
1587,1585
1563,1563
1581,1614
1640,1606
1618,1627
1636,1618
1643,1651
1613,1645
1670,1660
1650,1672
1660,1647
1700,1668
1701,1677
1688,1678
1684,1683
1691,1666
1685,1681
1681,1662
1695,1649
1681,1664
1699,1641
1637,1674
1679,1644
1661,1637
1659,1644
1691,1648
1652,1633
1637,1628
1626,1616
1651,1596
1615,1577
1620,1566
1595,1584
1558,1547
1587,1550
1549,1506
1539,1518
1508,1500
1550,1524
1491,1491
1496,1490
1471,1501
1493,1482
1456,1451
1463,1454
1416,1445
1450,1431
1431,1467
1415,1420
1442,1459
1412,1420
1413,1413
1430,1424
1418,1433
1408,1427
1421,1419
1419,1430
1413,1445
1438,1419
1405,1436
1406,1419
1416,1427
1420,1493
1463,1448
1442,1493
1475,1471
1477,1503
1470,1519
1498,1494
1468,1519
1525,1530
1468,1570
1527,1547
1528,1542
1549,1545
1555,1586
1580,1581
1562,1586
1621,1609
1591,1601
1596,1613
1628,1653
1654,1657
1641,1649
1642,1657
1687,1649
1652,1674
1665,1675
1649,1693
1672,1693
1702,1661
1670,1646
1694,1704
1668,1666
1693,1670
1665,1660
1664,1683
1707,1644
1677,1629
1697,1658
1651,1641
1672,1660
1661,1643
1681,1589
1637,1623
1619,1598
1614,1613
1604,1581
1627,1567
1593,1557
1585,1532
1547,1565
1544,1551
1572,1530
1535,1545
1487,1508
1511,1475
1487,1490
1465,1447
1446,1454
1478,1441
1443,1456
1437,1445
1455,1465
1451,1452
1414,1429
1428,1436
1408,1435
1417,1434
1391,1413
1459,1423
1413,1458
1415,1422
1402,1411
1376,1451
1420,1460
1403,1440
1433,1463
1444,1441
1467,1474
1463,1524
1458,1441
1486,1495
1486,1495
1491,1510
1510,1522
1532,1562
1515,1539
1534,1533
1541,1562
1554,1572
1563,1581
1587,1563
1574,1612
1606,1601
1622,1602
1608,1667
1635,1658
1632,1639
1654,1683
1663,1658
1678,1663
1693,1645
1666,1672
1693,1668
1660,1699
1696,1679
1715,1713
1687,1667
1680,1681
1684,1684
1665,1688
1686,1680
1713,1663
1688,1669
1653,1639
1684,1617
1659,1638
1655,1626
1636,1602
1624,1594
1623,1609
1615,1619
1619,1598
1588,1541
1598,1532
1612,1523
1562,1544
1562,1501
1543,1538
1522,1508
1535,1481
1477,1486
1497,1483
1474,1463
1467,1462
1487,1437
1456,1475
1438,1442
1445,1471
1424,1442
1444,1423
1421,1409
1390,1414
1401,1442
1389,1423
1416,1412
1381,1413
1414,1437
1395,1452
1418,1433
1419,1463
1415,1436
1424,1439
1449,1453
1463,1474
1444,1449
1433,1492
1484,1498
1457,1514
1513,1496
1511,1530
1494,1526
1527,1555
1548,1540
1535,1550
1537,1559
1569,1577
1572,1601
1586,1612
1594,1651
1594,1618
1617,1633
1640,1661
1651,1644
1642,1636
1617,1649
1650,1663
1678,1653
1639,1666
1707,1694
1693,1691
1670,1647
1710,1692
1677,1674
1702,1651
1663,1674
1688,1647
1700,1654
1698,1654
1699,1628
1666,1657
1675,1634
1670,1642
1693,1660
1620,1637
1639,1607
1636,1590
1610,1585
1640,1572
1603,1567
1554,1538
1597,1555
1549,1536
1537,1512
1543,1521
1534,1522
1529,1495
1529,1493
1519,1465
1464,1452
1478,1466
1457,1459
1435,1455
1416,1439
1431,1451
1427,1406
1416,1420
1408,1440
1421,1448
1393,1439
1398,1445
1421,1416
1428,1449
1388,1436
1393,1416
1430,1457
1393,1436
1396,1428
1423,1494
1412,1447
1404,1468
1435,1480
1486,1465
1441,1509
1476,1499
1490,1512
1464,1518
1543,1527
1513,1538
1503,1534
1534,1578
1532,1570
1565,1601
1564,1604
1577,1584
1598,1617
1596,1600
1616,1619
1639,1649
1633,1660
1683,1657
1654,1666
1670,1622
1695,1677
1677,1674
1688,1686
1701,1661
1682,1684
1682,1678
1706,1671
1684,1681
1680,1662
1727,1666
1681,1667
1692,1664
1694,1641
1681,1630
1666,1653
1688,1635
1673,1600
1617,1628
1648,1634
1639,1611
1602,1596
1619,1577
1597,1579
1540,1560
1588,1571
1546,1549
1533,1530
1525,1527
1525,1487
1522,1501
1487,1483
1467,1505
1482,1446
1481,1447
1461,1450
1458,1455
1427,1424
1427,1436
1430,1434
1427,1437
1412,1432
1402,1439
1387,1410
1414,1408
1398,1429
1401,1426
1404,1423
1410,1442
1371,1402
1407,1436
1418,1440
1418,1430
1427,1446
1428,1479
1443,1468
1434,1471
1455,1476
1459,1513
1514,1518
1501,1523
1528,1532
1508,1529
1540,1540
1528,1571
1531,1568
1564,1591
1561,1613
1578,1593
1595,1649
1583,1636
1610,1629
1616,1635
1642,1637
1651,1666
1643,1640
1673,1672
1679,1671
1660,1688
1670,1680
1672,1677
1684,1690
1689,1697
1703,1663
1704,1661
1714,1658
1673,1677
1689,1689
1697,1638
1675,1656
1708,1671
1660,1631
1664,1641
1669,1639
1628,1628
1643,1615
1615,1593
1617,1580
1621,1612
1569,1568
1584,1577
1556,1549
1555,1542
1512,1549
1534,1515
1512,1470
1528,1515
1506,1488
1491,1470
1492,1490
1470,1460
1457,1468
1436,1447
1458,1452
1410,1449
1431,1415
1384,1437
1418,1447
1424,1432
1414,1421
1371,1404
1398,1435
1373,1440
1395,1399
1397,1429
1410,1436
1409,1435
1429,1465
1379,1447
1423,1463
1398,1484
1438,1495
1418,1491
1448,1509
1439,1511
1482,1536
1467,1505
1483,1539
1525,1530
1543,1535
1562,1598
1542,1575
1563,1585
1582,1618
1583,1605
1592,1627
1609,1596
1613,1625
1617,1645
1650,1645
1644,1657
1684,1646
1667,1634
1690,1673
1652,1681
1674,1658
1706,1674
1699,1715
1712,1684
1701,1678
1666,1659
1706,1676
1686,1682
1672,1644
1681,1663
1691,1622
1669,1653
1686,1645
1677,1652
1669,1612
1664,1609
1651,1578
1636,1578
1606,1554
1613,1584
1602,1589
1592,1571
1560,1553
1540,1566
1590,1521
1546,1508
1529,1488
1522,1499
1494,1453
1496,1495
1483,1480
1459,1454
1486,1474
1461,1435
1444,1446
1416,1446
1425,1417
1427,1431
1422,1420
1388,1426
1401,1409
1413,1422
1396,1399
1390,1421
1426,1438
1397,1452
1421,1444
1455,1433
1407,1421
1417,1434
1407,1439
1421,1429
1429,1463
1450,1476
1448,1479
1477,1501
1473,1492
1500,1533
1486,1487
1553,1550
1509,1548
1534,1535
1543,1576
1537,1590
1579,1600
1605,1609
1605,1605
1610,1640
1636,1616
1625,1653
1650,1651
1654,1655
1642,1664
1665,1661
1656,1641
1647,1686
1642,1677
1681,1657
1715,1692
1693,1688
1711,1661
1683,1673
1681,1645
1705,1693
1697,1636
1675,1645
1670,1638
1660,1652
1668,1643
1655,1651
1640,1651
1659,1614
1667,1622
1598,1610
1628,1590
1600,1583
1609,1564
1616,1587
1562,1568
1539,1540
1557,1542
1552,1505
1525,1483
1541,1479
1505,1483
1539,1476
1484,1476
1473,1467
1458,1427
1434,1410
1435,1427
1452,1434
1434,1446
1449,1448
1413,1445
1419,1413
1386,1419
1387,1432
1414,1431
1395,1414
1410,1447
1393,1422
1407,1431
1391,1447
1400,1438
1416,1423
1435,1463
1399,1476
1439,1464
1464,1507
1472,1481
1465,1474
1471,1540
1489,1502
1475,1540
1492,1521
1514,1548
1531,1592
1530,1563
1534,1577
1553,1590
1574,1614
1610,1623
1587,1603
1612,1624
1608,1658
1632,1632
1679,1659
1642,1652
1662,1691
1684,1681
1673,1666
1692,1687
1676,1681
1684,1686
1721,1688
1675,1677
1684,1655
1677,1673
1727,1669
1684,1669
1696,1645
1680,1651
1661,1662
1653,1632
1672,1636
1640,1623
1649,1640
1633,1629
1630,1606
1606,1607
1632,1581
1572,1553
1587,1559
1576,1552
1573,1530
1555,1528
1535,1505
1518,1531
1491,1505
1503,1490
1525,1476
1465,1466
1463,1467
1475,1430
1443,1439
1428,1446
1426,1459
1447,1435
1426,1426
1423,1438
1403,1432
1408,1429
1410,1427
1394,1424
1394,1442
1419,1424
1412,1431
1389,1449
1425,1439
1397,1434
1418,1471
1425,1457
1407,1452
1445,1470
1423,1510
1459,1500
1469,1518
1457,1499
1479,1514
1520,1511
1541,1545
1540,1520
1537,1542
1548,1576
1577,1589
1570,1563
1602,1602
1591,1610
1625,1606
1620,1641
1630,1608
1630,1631
1617,1652
1656,1677
1656,1659
1635,1657
1673,1673
1675,1655
1670,1662
1669,1681
1696,1716
1682,1669
1695,1671
1653,1651
1663,1676
1670,1648
1684,1671
1696,1674
1687,1665
1672,1660
1663,1655
1657,1626
1663,1612
1625,1591
1637,1594
1638,1596
1613,1581
1623,1577
1591,1553
1558,1573
1550,1555
1539,1554
1537,1535
1539,1529
1522,1495
1503,1497
1507,1477
1476,1448
1467,1458
1466,1485
1451,1429
1439,1434
1416,1415
1430,1431
1430,1407
1423,1428
1418,1438
1418,1417
1401,1422
1435,1437
1381,1417
1418,1434
1410,1430
1409,1431
1410,1452
1444,1439
1438,1455
1447,1449
1428,1478
1411,1478
1467,1468
1461,1494
1479,1492
1463,1491
1505,1535
1507,1526
1522,1517
1529,1550
1523,1546
1550,1562
1533,1592
1556,1613
1580,1575
1577,1622
1590,1629
1584,1613
1643,1635
1652,1641
1638,1609
1667,1670
1626,1671
1661,1671
1674,1681
1684,1681
1694,1694
1696,1685
1695,1685
1656,1659
1680,1688
1728,1643
1671,1666
1679,1680
1722,1656
1700,1656
1671,1626
1651,1650
1664,1634
1649,1642
1641,1638
1641,1617
1627,1609
1629,1596
1608,1594
1598,1571
1588,1570
1584,1564
1591,1537
1542,1535
1566,1532
1540,1522
1497,1515
1500,1498
1521,1477
1490,1493
1471,1461
1467,1473
1436,1461
1461,1458
1450,1433
1427,1453
1418,1428
1416,1435
1434,1404
1413,1390
1417,1436
1403,1435
1386,1446
1413,1418
1404,1419
1414,1438
1407,1418
1418,1436
1417,1436
1430,1457
1442,1467
1427,1483
1448,1496
1479,1505
1483,1486
1481,1508
1509,1540
1466,1544
1531,1544
1491,1525
1553,1569
1536,1582
1546,1575
1550,1573
1570,1608
1586,1590
1590,1611
1616,1596
1619,1634
1618,1659
1637,1635
1639,1664
1643,1665
1656,1663
1681,1659
1653,1644
1693,1675
1726,1665
1694,1669
1692,1702
1683,1696
1692,1654
1701,1709
1689,1661
1704,1661
1657,1671
1721,1666
1666,1650
1703,1667
1677,1635
1677,1631
1649,1603
1630,1607
1621,1569
1614,1594
1567,1573
1575,1580
1582,1560
1569,1541
1552,1544
1556,1505
1542,1528
1501,1502
1525,1473
1508,1515
1483,1500
1491,1457
1463,1480
1453,1444
1456,1464
1442,1427
1421,1462
1430,1425
1409,1433
1398,1453
1425,1409
1379,1424
1405,1431
1396,1395
1388,1446
1404,1430
1395,1422
1407,1424
1396,1421
1425,1456
1443,1450
1429,1457
1411,1448
1453,1471
1424,1488
1478,1514
1487,1502
1497,1509
1499,1532
1514,1569
1522,1544
1523,1570
1526,1551
1539,1584
1578,1605
1589,1580
1596,1605
1600,1614
1616,1620
1627,1622
1642,1651
1621,1663
1669,1670
1660,1662
1640,1657
1694,1669
1676,1674
1684,1678
1677,1702
1716,1683
1664,1656
1675,1677
1674,1658
1702,1658
1709,1674
1677,1660
1678,1642
1688,1661
1701,1619
1675,1649
1645,1591
1656,1630
1638,1614
1609,1574
1627,1592
1633,1575
1595,1589
1630,1564
1603,1572
1570,1541
1566,1554
1561,1507
1548,1510
1567,1503
1498,1503
1502,1478
1489,1484
1478,1465
1454,1456
1457,1434
1436,1437
1437,1442
1433,1429
1399,1434
1438,1410
1410,1426
1383,1420
1388,1403
1419,1428
1398,1414
1394,1416
1375,1443
1423,1417
1400,1435
1428,1431
1425,1439
1431,1470
1417,1482
1462,1485
1464,1468
1463,1473
1464,1496
1475,1507
1486,1522
1485,1541
1502,1547
1516,1553
1531,1542
1525,1568
1562,1572
1573,1595
1611,1587
1609,1606
1599,1622
1610,1646
1608,1651
1651,1659
1665,1649
1651,1665
1664,1661
1653,1651
1651,1660
1648,1656
1659,1662
1677,1659
1680,1645
1688,1674
1685,1697
1706,1682
1684,1650
1661,1659
1705,1666
1677,1636
1677,1639
1643,1642
1693,1663
1639,1635
1645,1603
1651,1617
1633,1598
1636,1615
1614,1594
1584,1574
1585,1581
1590,1582
1562,1556
1577,1542
1515,1497
1570,1525
1523,1509
1477,1487
1501,1473
1474,1492
1509,1470
1489,1471
1473,1456
1451,1473
1421,1463
1429,1438
1427,1447
1432,1431
1414,1424
1410,1419
1403,1432
1408,1416
1435,1411
1392,1407
1434,1455
1426,1445
1398,1439
1403,1453
1413,1465
1437,1453
1419,1469
1441,1468
1456,1485
1479,1492
1459,1503
1460,1528
1463,1541
1501,1516
1529,1550
1494,1575
1536,1563
1557,1574
1560,1591
1557,1593
1544,1549
1569,1587
1602,1590
1602,1643
1619,1637
1661,1634
1600,1647
1645,1648
1647,1650
1645,1662
1648,1656
1663,1658
1702,1661
1655,1702
1672,1675
1686,1689
1689,1669
1671,1654
1683,1670
1689,1641
1689,1673
1703,1646
1690,1641
1672,1640
1693,1666
1667,1604
1634,1647
1635,1634
1634,1624
1593,1615
1612,1625
1573,1582
1609,1550
1582,1576
1605,1554
1558,1513
1559,1528
1541,1511
1543,1526
1510,1495
1489,1495
1509,1499
1488,1491
1453,1481
1464,1468
1469,1438
1453,1449
1448,1460
1405,1438
1418,1432
1448,1408
1406,1421
1437,1414
1393,1433
1430,1424
1404,1425
1407,1422
1395,1430
1431,1445
1402,1444
1403,1440
1431,1472
1412,1466
1461,1468
1448,1489
1444,1510
1458,1490
1446,1508
1472,1519
1516,1518
1497,1541
1523,1559
1555,1543
1536,1560
1565,1582
1568,1575
1553,1591
1580,1602
1605,1636
1639,1624
1579,1617
1663,1647
1658,1646
1632,1638
1643,1671
1626,1657
1666,1640
1666,1662
1681,1698
1666,1708
1696,1650
1699,1656
1693,1652
1683,1670
1667,1673
1696,1656
1681,1644
1666,1641
1676,1633
1687,1654
1650,1634
1664,1617
1652,1644
1632,1604
1627,1586
1632,1596
1616,1587
1592,1545
1585,1563
1584,1576
1571,1553
1566,1539
1556,1549
1532,1508
1506,1537
1538,1494
1514,1500
1505,1497
1467,1459
1499,1453
1484,1465
1463,1455
1477,1475
1458,1433
1442,1418
1429,1454
1430,1446
1399,1419
1431,1434
1409,1420
1399,1441
1408,1430
1415,1430
1427,1432
1400,1450
1463,1438
1466,1456
1406,1455
1444,1461
1458,1474
1450,1483
1465,1488
1472,1478
1485,1491
1479,1508
1508,1512
1498,1517
1527,1538
1519,1558
1555,1565
1555,1564
1581,1584
1586,1598
1572,1590
1586,1598
1599,1621
1631,1614
1618,1653
1626,1647
1640,1625
1649,1668
1632,1630
1660,1670
1650,1672
1670,1689
1675,1674
1686,1686
1666,1664
1694,1679
1675,1690
1669,1642
1674,1658
1710,1664
1709,1650
1690,1662
1638,1644
1674,1666
1671,1629
1647,1630
1666,1597
1622,1638
1611,1581
1629,1567
1618,1552
1579,1571
1572,1566
1607,1542
1533,1537
1546,1539
1538,1509
1559,1520
1515,1504
1501,1497
1493,1468
1471,1477
1461,1485
1449,1441
1454,1488
1450,1426
1474,1429
1426,1461
1420,1457
1450,1446
1434,1423
1390,1416
1433,1438
1450,1436
1386,1457
1405,1462
1425,1446
1401,1437
1443,1448
1433,1451
1433,1469
1413,1479
1451,1470
1452,1468
1460,1499
1491,1515
1490,1508
1485,1510
1474,1514
1472,1544
1500,1549
1533,1593
1516,1564
1565,1563
1591,1593
1602,1596
1548,1605
1591,1586
1600,1594
1624,1605
1640,1598
1643,1650
1656,1597
1650,1617
1666,1657
1659,1645
1644,1676
1646,1662
1698,1659
1656,1668
1680,1670
1649,1656
1691,1656
1654,1676
1691,1654
1651,1656
1671,1654
1660,1661
1663,1634
1666,1642
1686,1628
1632,1628
1635,1574
1638,1607
1640,1606
1620,1591
1623,1565
1608,1551
1599,1544
1572,1526
1558,1531
1563,1523
1525,1531
1509,1500
1547,1499
1488,1497
1494,1489
1484,1459
1459,1437
1483,1480
1474,1457
1487,1444
1477,1449
1465,1428
1418,1439
1414,1416
1433,1415
1441,1425
1403,1408
1418,1435
1404,1441
1426,1434
1405,1443
1421,1438
1408,1437
1424,1477
1439,1456
1417,1483
1434,1490
1451,1475
1461,1504
1463,1476
1480,1489
1478,1484
1483,1524
1497,1545
1531,1541
1532,1543
1541,1568
1584,1531
1545,1604
1574,1583
1583,1597
1583,1595
1624,1616
1584,1623
1606,1611
1635,1639
1661,1619
1635,1638
1628,1645
1646,1658
1663,1647
1663,1662
1649,1667
1716,1655
1674,1650
1674,1664
1678,1695
1696,1667
1650,1662
1685,1632
1646,1625
1678,1666
1640,1624
1666,1605
1631,1620
1635,1615
1649,1613
1655,1628
1619,1598
1622,1585
1591,1569
1580,1575
1594,1549
1597,1543
1554,1541
1579,1499
1508,1546
1513,1484
1512,1505
1483,1494
1515,1464
1484,1480
1480,1474
1469,1455
1465,1444
1458,1490
1443,1437
1453,1456
1443,1436
1404,1452
1432,1461
1431,1450
1435,1416
1409,1429
1415,1420
1406,1424
1423,1440
1412,1435
1412,1443
1440,1447
1433,1460
1433,1464
1478,1466
1440,1484
1430,1480
1467,1506
1473,1494
1443,1510
1516,1545
1512,1543
1517,1528
1535,1584
1521,1553
1536,1566
1576,1572
1569,1588
1617,1607
1603,1592
1583,1600
1610,1620
1598,1625
1630,1610
1631,1642
1651,1626
1660,1655
1657,1653
1671,1637
1671,1643
1657,1667
1663,1669
1649,1655
1711,1691
1689,1635
1689,1654
1697,1681
1665,1638
1655,1664
1662,1629
1643,1619
1652,1644
1631,1619
1634,1633
1620,1623
1615,1639
1631,1606
1607,1607
1629,1562
1596,1569
1577,1573
1565,1536
1580,1548
1554,1515
1557,1527
1504,1498
1525,1498
1485,1473
1512,1502
1493,1482
1460,1476
1467,1457
1467,1461
1447,1465
1443,1445
1491,1467
1460,1449
1442,1462
1435,1447
1431,1419
1418,1450
1400,1417
1423,1463
1395,1423
1391,1479
1418,1449
1437,1461
1411,1461
1411,1481
1481,1458
1446,1451
1433,1493
1445,1495
1452,1531
1484,1486
1475,1511
1499,1532
1498,1530
1520,1536
1500,1556
1550,1572
1539,1575
1560,1606
1585,1581
1558,1558
1584,1590
1593,1612
1586,1621
1615,1611
1613,1649
1637,1642
1657,1625
1646,1643
1622,1652
1669,1660
1670,1653
1655,1635
1675,1655
1677,1672
1670,1662
1663,1656
1690,1660
1674,1660
1654,1636
1683,1665
1650,1633
1644,1643
1693,1630
1663,1631
1652,1623
1615,1615
1636,1611
1631,1598
1659,1578
1590,1588
1616,1550
1585,1550
1581,1564
1533,1546
1540,1556
1554,1527
1535,1524
1521,1479
1503,1496
1499,1512
1500,1483
1485,1493
1471,1474
1489,1443
1483,1434
1461,1475
1456,1448
1426,1429
1460,1454
1426,1415
1436,1461
1448,1435
1448,1444
1382,1418
1427,1439
1418,1446
1420,1438
1468,1443
1412,1456
1404,1452
1426,1485
1437,1472
1459,1498
1455,1460
1468,1476
1491,1539
1480,1501
1505,1530
1494,1557
1486,1537
1510,1570
1511,1565
1507,1590
1555,1553
1534,1568
1603,1613
1584,1626
1589,1587
1598,1625
1606,1638
1617,1646
1622,1648
1630,1630
1642,1638
1650,1615
1649,1662
1649,1657
1644,1644
1686,1632
1659,1656
1671,1672
1676,1628
1677,1651
1696,1637
1653,1645
1660,1658
1672,1636
1641,1655
1611,1648
1648,1641
1644,1620
1677,1611
1630,1613
1606,1601
1566,1580
1587,1572
1590,1575
1574,1586
1587,1583
1544,1535
1561,1538
1534,1516
1554,1533
1567,1513
1502,1488
1526,1497
1509,1492
1471,1502
1485,1483
1511,1478
1466,1444
1476,1475
1444,1428
1431,1433
1422,1439
1428,1447
1413,1447
1426,1437
1425,1437
1439,1445
1431,1440
1424,1442
1425,1452
1406,1477
1453,1458
1425,1433
1418,1454
1441,1473
1482,1461
1503,1496
1453,1523
1486,1504
1478,1522
1499,1516
1467,1537
1496,1551
1530,1552
1538,1562
1507,1564
1559,1586
1563,1571
1576,1582
1572,1612
1580,1607
1620,1619
1572,1604
1626,1633
1601,1627
1632,1647
1633,1634
1634,1643
1648,1651
1642,1630
1683,1675
1660,1664
1651,1659
1694,1684
1693,1685
1673,1647
1668,1694
1659,1650
1677,1656
1646,1666
1643,1645
1628,1616
1639,1641
1615,1615
1646,1617
1634,1612
1617,1597
1598,1595
1623,1589
1592,1563
1585,1559
1573,1556
1571,1556
1574,1549
1570,1511
1573,1491
1529,1495
1528,1516
1491,1522
1517,1488
1483,1486
1488,1476
1507,1453
1469,1477
1447,1462
1467,1475
1463,1479
1430,1429
1411,1444
1420,1465
1407,1452
1445,1448
1441,1462
1437,1466
1438,1456
1453,1479
1416,1455
1428,1466
1472,1459
1473,1463
1466,1478
1491,1461
1476,1476
1433,1483
1489,1457
1506,1509
1474,1543
1514,1535
1502,1541
1503,1560
1514,1579
1515,1554
1566,1550
1549,1583
1564,1590
1583,1582
1599,1611
1575,1590
1627,1622
1635,1624
1627,1639
1642,1644
1673,1640
1648,1654
1664,1660
1665,1671
1659,1672
1684,1651
1652,1659
1647,1658
1698,1635
1665,1653
1683,1640
1659,1637
1648,1658
1667,1635
1660,1604
1683,1636
1655,1616
1621,1606
1646,1600
1638,1608
1645,1603
1619,1580
1605,1580
1577,1570
1567,1584
1555,1561
1567,1571
1537,1519
1526,1524
1540,1533
1539,1503
1531,1518
1504,1511
1519,1483
1522,1472
1520,1471
1495,1467
1482,1440
1451,1437
1423,1470
1426,1426
1460,1427
1461,1442
1432,1449
1420,1448
1457,1447
1435,1454
1446,1454
1414,1449
1420,1455
1436,1456
1429,1454
1458,1469
1420,1439
1445,1475
1417,1508
1463,1488
1482,1502
1472,1502
1490,1507
1477,1509
1494,1533
1513,1565
1495,1509
1504,1565
1535,1570
1544,1594
1574,1570
1556,1591
1586,1578
1595,1601
1609,1610
1622,1623
1616,1601
1642,1626
1646,1645
1634,1633
1619,1659
1625,1641
1634,1628
1636,1657
1658,1635
1656,1662
1682,1659
1665,1644
1659,1646
1646,1657
1643,1626
1694,1679
1654,1629
1651,1632
1632,1607
1631,1632
1618,1645
1623,1640
1631,1608
1615,1614
1618,1573
1588,1562
1575,1557
1592,1575
1601,1523
1552,1536
1577,1543
1562,1506
1554,1524
1531,1495
1528,1492
1518,1491
1511,1488
1465,1461
1471,1471
1456,1484
1478,1483
1456,1467
1488,1441
1434,1459
1449,1471
1434,1450
1437,1451
1456,1453
1435,1464
1444,1472
1427,1460
1432,1453
1434,1433
1446,1453
1431,1469
1418,1474
1442,1467
1467,1495
1440,1493
1455,1485
1448,1506
1474,1485
1482,1521
1488,1526
1506,1541
1526,1531
1513,1550
1505,1573
1535,1556
1555,1566
1577,1555
1569,1570
1592,1589
1584,1600
1600,1639
1588,1604
1597,1637
1654,1626
1646,1612
1637,1623
1626,1649
1627,1628
1644,1618
1634,1643
1647,1665
1653,1643
1646,1638
1639,1641
1672,1624
1639,1639
1624,1654
1645,1640
1666,1633
1646,1638
1664,1633
1664,1629
1629,1613
1626,1611
1634,1586
1604,1588
1627,1573
1620,1557
1570,1595
1578,1558
1592,1554
1567,1553
1588,1523
1535,1529
1526,1541
1533,1546
1521,1499
1522,1488
1488,1502
1487,1468
1447,1487
1472,1478
1455,1496
1445,1443
1465,1453
1443,1463
1490,1437
1451,1448
1446,1452
1455,1460
1433,1449
1419,1455
1446,1449
1397,1434
1467,1463
1457,1455
1450,1443
1435,1474
1442,1457
1445,1498
1465,1504
1483,1490
1462,1526
1488,1511
1475,1521
1504,1530
1511,1520
1500,1569
1543,1537
1530,1578
1545,1573
1551,1562
1575,1588
1571,1536
1585,1589
1555,1575
1608,1594
1589,1610
1627,1605
1638,1642
1654,1620
1617,1636
1638,1631
1643,1622
1638,1667
1678,1655
1641,1659
1648,1661
1650,1648
1651,1654
1671,1641
1676,1671
1659,1627
1671,1643
1691,1623
1668,1620
1639,1631
1634,1644
1639,1629
1601,1588
1646,1579
1616,1597
1606,1563
1614,1571
1584,1552
1580,1582
1541,1560
1589,1568
1557,1529
1562,1527
1548,1517
1523,1513
1537,1513
1506,1500
1505,1481
1484,1520
1483,1479
1460,1488
1491,1450
1452,1490
1416,1455
1456,1462
1460,1452
1434,1461
1438,1465
1477,1446
1456,1446
1436,1455
1436,1452
1425,1433
1440,1473
1415,1489
1449,1447
1470,1477
1416,1488
1477,1470
1469,1492
1439,1491
1499,1513
1472,1494
1485,1501
1476,1514
1478,1540
1544,1546
1518,1552
1524,1543
1620,1549
1550,1582
1558,1563
1575,1589
1582,1607
1566,1614
1602,1620
1641,1591
1593,1604
1599,1655
1587,1624
1625,1629
1630,1622
1647,1636
1655,1613
1678,1655
1656,1635
1662,1642
1661,1623
1641,1650
1656,1659
1656,1642
1656,1647
1673,1644
1670,1632
1651,1644
1631,1649
1607,1614
1642,1638
1616,1615
1633,1617
1596,1607
1595,1565
1601,1559
1590,1574
1583,1553
1552,1543
1560,1528
1562,1533
1564,1534
1532,1520
1540,1518
1507,1514
1522,1499
1476,1506
1516,1514
1483,1488
1466,1468
1489,1469
1464,1482
1503,1457
1461,1468
1459,1463
1412,1450
1419,1448
1426,1448
1430,1444
1428,1441
1437,1439
1417,1470
1457,1463
1429,1465
1432,1476
1451,1459
1456,1458
1473,1508
1457,1470
1479,1500
1495,1493
1474,1506
1501,1506
1493,1482
1493,1532
1491,1508
1535,1538
1544,1558
1514,1557
1563,1547
1557,1585
1569,1593
1585,1607
1566,1594
1580,1592
1591,1615
1593,1613
1610,1645
1637,1618
1605,1641
1624,1641
1626,1660
1679,1620
1639,1648
1659,1650
1629,1613
1679,1643
1652,1644
1646,1633
1645,1635
1654,1630
1663,1646
1671,1635
1652,1588
1662,1620
1641,1648
1644,1611
1626,1603
1645,1632
1620,1596
1612,1636
1589,1559
1594,1580
1541,1560
1572,1576
1561,1517
1544,1535
1568,1549
1527,1542
1550,1519
1540,1523
1527,1506
1532,1489
1489,1473
1486,1492
1482,1481
1484,1449
1455,1489
1475,1454
1459,1467
1447,1474
1405,1452
1446,1442
1467,1433
1460,1449
1433,1422
1480,1439
1434,1441
1437,1452
1455,1461
1435,1456
1446,1483
1454,1463
1434,1498
1491,1499
1460,1511
1475,1509
1436,1476
1461,1499
1495,1514
1509,1525
1499,1521
1526,1550
1518,1558
1543,1547
1541,1570
1569,1572
1581,1583
1580,1579
1594,1551
1602,1600
1613,1603
1610,1602
1612,1625
1629,1665
1573,1601
1647,1631
1638,1620
1638,1644
1662,1631
1662,1654
1639,1637
1657,1670
1701,1645
1671,1639
1652,1630
1632,1650
1646,1628
1686,1608
1628,1643
1654,1650
1652,1627
1649,1615
1630,1583
1639,1609
1590,1615
1590,1599
1624,1602
1611,1577
1605,1566
1579,1538
1537,1549
1578,1542
1567,1510
1536,1538
1536,1537
1516,1505
1526,1500
1522,1520
1500,1495
1489,1477
1487,1504
1463,1466
1459,1487
1477,1467
1459,1453
1464,1466
1462,1460
1459,1442
1441,1470
1405,1445
1444,1472
1448,1446
1434,1452
1446,1477
1460,1460
1449,1488
1467,1456
1447,1490
1461,1477
1428,1493
1491,1505
1459,1504
1455,1492
1483,1513
1502,1520
1479,1522
1507,1521
1512,1524
1557,1519
1536,1581
1538,1579
1543,1560
1558,1553
1586,1582
1566,1589
1581,1635
1566,1608
1609,1609
1611,1617
1630,1605
1654,1621
1630,1643
1628,1647
1622,1612
1634,1644
1642,1631
1676,1648
1668,1641
1644,1655
1663,1609
1652,1648
1651,1644
1678,1629
1671,1601
1636,1640
1638,1633
1641,1614
1643,1601
1623,1604
1626,1605
1650,1611
1605,1608
1610,1567
1564,1539
1597,1551
1576,1553
1543,1559
1556,1558
1543,1550
1533,1555
1543,1542
1534,1507
1494,1517
1490,1474
1506,1504
1480,1509
1491,1487
1425,1492
1461,1471
1502,1467
1474,1457
1461,1463
1482,1448
1459,1460
1448,1471
1414,1439
1432,1455
1442,1452
1423,1451
1454,1446
1465,1451
1479,1463
1456,1472
1442,1441
1442,1486
1462,1467
1452,1499
1461,1510
1474,1515
1466,1494
1510,1527
1514,1503
1477,1520
1509,1547
1521,1573
1553,1544
1538,1570
1528,1553
1577,1587
1549,1601
1590,1600
1582,1563
1621,1601
1587,1616
1618,1603
1621,1637
1631,1649
1616,1633
1641,1644
1622,1662
1627,1622
1638,1644
1656,1630
1639,1680
1666,1616
1656,1645
1643,1620
1665,1608
1669,1624
1633,1632
1643,1631
1638,1624
1658,1630
1644,1615
1639,1581
1631,1608
1603,1606
1603,1577
1613,1595
1584,1600
1592,1548
1584,1548
1544,1551
1569,1547
1574,1516
1568,1526
1530,1496
1531,1541
1518,1512
1517,1481
1497,1495
1521,1470
1490,1473
1498,1487
1464,1459
1467,1468
1467,1462
1472,1458
1462,1456
1429,1474
1454,1460
1434,1477
1425,1459
1471,1445
1458,1479
1459,1459
1492,1487
1435,1459
1444,1486
1449,1465
1457,1456
1454,1498
1491,1482
1491,1493
1460,1503
1510,1500
1491,1519
1483,1531
1494,1517
1505,1555
1522,1552
1557,1577
1554,1583
1542,1566
1542,1571
1551,1592
1581,1598
1597,1607
1625,1606
1573,1624
1602,1648
1659,1625
1629,1608
1607,1633
1627,1637
1633,1644
1631,1634
1681,1633
1627,1653
1668,1638
1640,1639
1647,1638
1660,1641
1656,1646
1667,1623
1634,1634
1645,1627
1650,1629
1666,1630
1646,1597
1609,1623
1643,1607
1604,1602
1611,1583
1610,1567
1581,1580
1596,1570
1588,1576
1571,1554
1578,1554
1531,1540
1569,1516
1513,1516
1531,1515
1533,1481
1517,1491
1523,1488
1483,1497
1500,1482
1475,1460
1479,1509
1460,1485
1449,1462
1432,1466
1447,1469
1441,1442
1419,1465
1448,1433
1430,1462
1472,1463
1429,1474
1437,1451
1443,1454
1424,1474
1429,1472
1473,1504
1472,1466
1447,1477
1462,1511
1501,1508
1457,1514
1491,1525
1480,1527
1500,1510
1504,1514
1509,1545
1528,1525
1522,1543
1539,1561
1571,1564
1551,1590
1553,1578
1568,1587
1587,1574
1606,1572
1595,1614
1601,1620
1599,1619
1629,1619
1615,1610
1647,1652
1626,1633
1654,1612
1661,1637
1662,1643
1644,1625
1653,1656
1671,1641
1628,1617
1667,1624
1651,1637
1667,1615
1622,1613
1644,1602
1657,1647
1675,1614
1635,1606
1620,1580
1649,1580
1605,1587
1587,1599
1599,1552
1596,1555
1602,1532
1576,1545
1572,1542
1549,1541
1526,1533
1522,1527
1532,1526
1525,1530
1486,1507
1499,1501
1486,1477
1467,1495
1487,1464
1500,1475
1474,1476
1454,1461
1443,1443
1430,1461
1444,1466
1444,1450
1450,1458
1462,1450
1468,1444
1454,1449
1439,1458
1436,1455
1441,1492
1471,1450
1465,1459
1457,1496
1449,1475
1460,1482
1487,1528
1482,1523
1486,1520
1505,1528
1502,1522
1491,1544
1506,1541
1530,1534
1538,1597
1558,1557
1537,1593
1583,1568
1562,1584
1591,1597
1600,1582
1619,1612
1628,1617
1591,1626
1600,1643
1636,1625
1655,1626
1612,1615
1670,1643
1655,1649
1600,1662
1653,1659
1628,1632
1657,1663
1644,1633
1651,1639
1648,1637
1666,1637
1658,1616
1659,1610
1669,1636
1638,1594
1633,1586
1626,1630
1626,1573
1614,1588
1613,1602
1607,1617
1593,1572
1582,1576
1580,1543
1586,1554
1607,1560
1588,1510
1553,1532
1548,1526
1556,1503
1537,1496
1473,1495
1498,1493
1493,1494
1471,1503
1497,1486
1468,1467
1459,1484
1462,1477
1466,1457
1412,1437
1456,1451
1434,1429
1440,1449
1473,1473
1450,1446
1420,1458
1451,1437
1448,1455
1439,1488
1436,1467
1471,1473
1477,1491
1483,1478
1482,1484
1455,1501
1498,1520
1493,1509
1498,1525
1485,1525
1528,1522
1513,1521
1545,1546
1521,1540
1556,1586
1546,1575
1563,1576
1525,1573
1539,1575
1600,1579
1581,1623
1571,1627
1621,1616
1597,1628
1592,1633
1614,1627
1653,1619
1619,1640
1637,1628
1649,1626
1630,1632
1659,1628
1654,1655
1651,1639
1662,1674
1635,1643
1656,1638
1659,1628
1640,1619
1660,1596
1657,1615
1613,1595
1602,1630
1639,1603
1606,1585
1595,1612
1610,1582
1639,1581
1592,1581
1589,1551
1565,1560
1564,1554
1573,1541
1527,1549
1566,1533
1546,1530
1510,1514
1516,1495
1486,1510
1480,1488
1501,1483
1487,1447
1497,1487
1458,1507
1433,1471
1441,1464
1442,1442
1425,1448
1442,1442
1397,1440
1461,1441
1439,1427
1443,1458
1440,1446
1425,1464
1423,1478
1428,1477
1459,1488
1487,1498
1459,1495
1454,1512
1460,1481
1469,1498
1473,1524
1501,1514
1486,1518
1511,1528
1490,1559
1540,1561
1505,1540
1541,1529
1556,1565
1551,1600
1578,1569
1592,1595
1611,1611
1566,1604
1607,1614
1615,1610
1611,1634
1631,1633
1622,1662
1608,1659
1599,1644
1627,1633
1635,1630
1671,1619
1638,1643
1675,1664
1691,1629
1648,1622
1672,1647
1636,1636
1641,1633
1671,1656
1662,1631
1641,1642
1635,1609
1617,1594
1632,1618
1625,1569
1609,1587
1579,1597
1616,1559
1571,1570
1595,1550
1576,1538
1553,1536
1543,1555
1518,1535
1543,1516
1557,1522
1520,1485
1507,1507
1511,1501
1468,1480
1474,1465
1496,1477
1466,1471
1465,1483
1437,1465
1468,1477
1471,1461
1484,1463
1457,1460
1422,1467
1438,1435
1448,1451
1466,1446
1458,1458
1432,1457
1429,1459
1439,1464
1469,1478
1465,1461
1434,1492
1497,1468
1463,1507
1457,1500
1483,1494
1495,1509
1497,1514
1494,1544
1543,1540
1558,1554
1533,1537
1562,1572
1541,1550
1541,1567
1585,1596
1562,1573
1578,1598
1574,1599
1627,1627
1619,1591
1618,1621
1621,1609
1611,1639
1651,1610
1667,1637
1659,1610
1660,1630
1664,1632
1671,1647
1646,1661
1661,1649
1649,1622
1623,1619
1625,1647
1647,1609
1665,1629
1645,1652
1633,1628
1657,1624
1628,1595
1600,1619
1586,1591
1627,1601
1634,1587
1583,1581
1605,1572
1561,1542
1555,1537
1549,1556
1551,1568
1579,1545
1542,1521
1551,1506
1518,1526
1529,1505
1492,1505
1514,1475
1485,1519
1480,1474
1461,1489
1489,1471
1482,1436
1468,1464
1472,1472
1455,1462
1469,1432
1470,1453
1447,1444
1439,1457
1432,1449
1397,1467
1462,1482
1474,1476
1434,1469
1473,1481
1423,1488
1430,1488
1487,1499
1465,1478
1475,1484
1495,1489
1507,1529
1485,1520
1526,1536
1509,1540
1499,1518
1520,1536
1537,1551
1531,1565
1556,1575
1555,1573
1559,1604
1574,1628
1539,1569
1619,1623
1605,1612
1624,1636
1629,1600
1633,1612
1650,1633
1662,1661
1638,1635
1657,1646
1658,1629
1642,1622
1614,1642
1656,1649
1642,1647
1663,1633
1639,1622
1639,1627
1674,1630
1610,1619
1655,1615
1677,1615
1646,1620
1634,1619
1593,1612
1631,1599
1634,1579
1595,1560
1571,1588
1592,1592
1578,1562
1575,1544
1550,1558
1565,1540
1552,1510
1522,1513
1550,1495
1507,1489
1509,1498
1510,1477
1476,1482
1472,1462
1472,1476
1475,1488
1474,1464
1461,1481
1459,1466
1466,1510
1428,1443
1434,1472
1467,1452
1420,1451
1452,1459
1430,1450
1448,1448
1419,1451
1436,1451
1452,1455
1466,1481
1472,1473
1477,1471
1464,1462
1472,1464
1508,1495
1476,1533
1501,1528
1474,1506
1507,1525
1519,1526
1554,1551
1534,1565
1541,1567
1547,1564
1558,1588
1578,1588
1573,1612
1575,1587
1612,1608
1621,1594
1620,1617
1633,1619
1637,1618
1643,1660
1632,1639
1697,1658
1675,1665
1653,1674
1661,1648
1655,1622
1655,1619
1659,1659
1673,1631
1667,1635
1657,1655
1647,1656
1637,1650
1624,1616
1637,1651
1632,1610
1624,1599
1620,1599
1599,1619
1585,1592
1618,1597
1588,1587
1584,1538
1573,1559
1562,1568
1578,1538
1544,1552
1514,1527
1528,1494
1528,1517
1508,1512
1510,1500
1475,1482
1492,1497
1518,1463
1469,1514
1479,1451
1443,1464
1480,1433
1460,1463
1446,1456
1438,1443
1437,1452
1432,1460
1451,1441
1426,1451
1423,1471
1461,1457
1457,1452
1436,1459
1457,1458
1443,1467
1469,1476
1434,1474
1467,1518
1485,1482
1482,1522
1476,1501
1504,1505
1521,1531
1507,1522
1512,1536
1524,1564
1531,1569
1534,1567
1568,1582
1560,1586
1575,1577
1624,1615
1599,1594
1596,1595
1583,1629
1600,1605
1620,1593
1623,1624
1627,1631
1639,1665
1639,1662
1682,1651
1663,1628
1661,1649
1651,1645
1657,1662
1667,1644
1687,1633
1655,1655
1640,1635
1663,1654
1660,1605
1652,1614
1611,1619
1645,1619
1629,1626
1608,1578
1616,1593
1603,1588
1592,1585
1595,1578
1584,1578
1547,1538
1544,1578
1552,1532
1567,1549
1529,1533
1514,1511
1507,1521
1495,1500
1485,1507
1466,1485
1463,1463
1477,1494
1480,1490
1476,1487
1462,1459
1425,1468
1464,1445
1438,1469
1435,1456
1450,1407
1439,1470
1458,1461
1437,1464
1443,1461
1454,1449
1441,1437
1440,1478
1448,1486
1415,1469
1454,1457
1447,1500
1471,1485
1440,1504
1469,1518
1480,1510
1503,1519
1512,1522
1515,1524
1523,1525
1544,1561
1530,1543
1552,1567
1575,1559
1572,1590
1575,1597
1558,1597
1589,1612
1599,1596
1598,1605
1621,1614
1617,1622
1639,1616
1635,1612
1660,1639
1642,1656
1665,1645
1656,1634
1660,1650
1672,1652
1676,1658
1670,1657
1675,1630
1674,1649
1666,1666
1676,1628
1667,1639
1629,1648
1643,1619
1633,1606
1646,1604
1651,1603
1626,1582
1624,1600
1615,1591
1604,1540
1579,1573
1567,1565
1588,1554
1558,1552
1552,1549
1539,1529
1517,1534
1538,1538
1519,1511
1470,1506
1514,1489
1504,1466
1507,1491
1469,1499
1462,1491
1480,1463
1429,1454
1458,1449
1437,1468
1437,1440
1472,1468
1426,1461
1411,1414
1439,1424
1414,1471
1423,1435
1450,1464
1457,1462
1426,1490
1441,1470
1444,1473
1471,1488
1446,1493
1450,1492
1466,1498
1471,1488
1477,1528
1505,1530
1499,1530
1501,1528
1534,1549
1517,1582
1561,1593
1574,1564
1554,1593
1580,1591
1564,1592
1586,1598
1606,1623
1627,1582
1645,1644
1595,1609
1635,1631
1648,1636
1643,1632
1636,1630
1662,1645
1658,1644
1648,1653
1639,1637
1666,1663
1700,1659
1642,1646
1665,1660
1661,1649
1622,1636
1659,1642
1654,1644
1635,1618
1627,1611
1637,1595
1625,1615
1615,1583
1653,1572
1603,1574
1585,1567
1614,1554
1601,1561
1605,1585
1551,1540
1556,1532
1531,1535
1530,1517
1511,1515
1518,1490
1495,1492
1516,1482
1482,1484
1521,1451
1486,1477
1469,1494
1454,1443
1477,1495
1464,1466
1435,1446
1425,1466
1423,1493
1449,1471
1455,1427
1442,1484
1452,1445
1426,1476
1456,1453
1435,1485
1477,1501
1471,1461
1427,1458
1473,1476
1431,1479
1460,1492
1471,1502
1493,1505
1482,1527
1508,1536
1484,1541
1519,1538
1522,1540
1528,1559
1562,1586
1552,1580
1521,1576
1579,1554
1592,1603
1571,1619
1601,1609
1595,1627
1638,1630
1609,1613
1633,1618
1674,1641
1648,1624
1629,1648
1661,1637
1650,1668
1679,1652
1649,1662
1652,1647
1682,1651
1679,1636
1664,1661
1664,1645
1667,1659
1672,1643
1675,1613
1664,1614
1606,1626
1643,1595
1651,1562
1630,1616
1622,1596
1627,1570
1624,1584
1602,1568
1584,1577
1563,1538
1565,1546
1583,1539
1557,1551
1526,1522
1509,1484
1525,1519
1468,1483
1502,1484
1492,1511
1461,1483
1458,1469
1456,1479
1483,1474
1448,1460
1436,1429
1426,1421
1445,1419
1474,1439
1441,1438
1423,1454
1430,1444
1459,1422
1420,1477
1405,1470
1446,1455
1429,1493
1454,1466
1488,1458
1441,1469
1450,1495
1480,1501
1471,1492
1482,1524
1476,1493
1472,1536
1499,1508
1532,1534
1511,1525
1505,1566
1549,1562
1546,1573
1540,1593
1563,1573
1587,1617
1577,1601
1580,1591
1596,1610
1608,1608
1637,1634
1651,1619
1610,1647
1619,1625
1691,1678
1645,1654
1656,1640
1671,1651
1682,1664
1694,1651
1660,1678
1652,1664
1675,1635
1665,1631
1677,1637
1677,1648
1679,1650
1625,1647
1635,1649
1610,1608
1606,1616
1637,1572
1648,1589
1613,1591
1620,1586
1597,1563
1605,1565
1594,1531
1567,1566
1533,1503
1554,1541
1549,1515
1515,1507
1517,1518
1515,1510
1511,1503
1495,1485
1479,1452
1450,1472
1475,1473
1456,1464
1466,1444
1421,1438
1424,1438
1475,1452
1396,1458
1419,1459
1448,1421
1421,1453
1453,1413
1407,1427
1429,1461
1413,1438
1431,1468
1436,1454
1451,1420
1445,1510
1442,1489
1471,1498
1490,1478
1492,1489
1466,1512
1484,1539
1506,1511
1501,1528
1509,1540
1523,1549
1552,1561
1557,1550
1581,1582
1572,1590
1586,1596
1594,1595
1596,1611
1628,1641
1602,1613
1637,1645
1634,1624
1630,1646
1652,1653
1645,1637
1692,1656
1677,1630
1688,1646
1689,1651
1682,1680
1654,1643
1638,1655
1697,1659
1687,1639
1684,1628
1662,1640
1670,1651
1673,1628
1681,1608
1657,1612
1616,1604
1635,1622
1612,1582
1618,1573
1614,1593
1605,1591
1584,1607
1579,1536
1536,1523
1539,1544
1549,1519
1513,1551
1536,1502
1503,1490
1518,1487
1495,1454
1482,1462
1482,1455
1463,1463
1475,1472
1463,1486
1464,1461
1455,1454
1431,1448
1415,1443
1452,1441
1444,1444
1450,1474
1440,1427
1406,1446
1441,1448
1418,1455
1431,1470
1397,1489
1423,1446
1447,1472
1485,1465
1459,1495
1440,1505
1457,1523
1461,1507
1465,1497
1496,1529
1483,1492
1529,1530
1524,1554
1566,1583
1511,1568
1563,1566
1565,1589
1554,1593
1565,1632
1570,1595
1598,1617
1610,1635
1615,1605
1602,1620
1636,1640
1638,1644
1638,1652
1659,1636
1670,1657
1649,1652
1697,1680
1660,1662
1666,1669
1692,1652
1652,1641
1698,1643
1645,1610
1663,1669
1622,1620
1640,1642
1663,1648
1661,1630
1660,1586
1647,1601
1617,1622
1642,1585
1608,1580
1617,1583
1573,1573
1606,1576
1580,1551
1572,1543
1601,1540
1511,1512
1541,1496
1521,1510
1515,1508
1523,1482
1540,1482
1474,1494
1488,1498
1450,1450
1450,1467
1451,1471
1464,1457
1454,1457
1448,1448
1419,1436
1428,1438
1442,1440
1421,1443
1445,1446
1458,1419
1421,1475
1414,1467
1403,1474
1425,1480
1458,1444
1452,1497
1447,1468
1503,1458
1457,1482
1475,1490
1468,1505
1448,1481
1487,1528
1503,1530
1511,1528
1531,1545
1539,1563
1525,1552
1564,1541
1544,1591
1599,1566
1584,1619
1614,1600
1595,1589
1585,1631
1626,1619
1619,1622
1666,1645
1646,1651
1673,1650
1653,1657
1660,1639
1706,1687
1673,1640
1679,1647
1665,1663
1698,1623
1685,1629
1672,1645
1640,1644
1671,1645
1642,1653
1659,1629
1654,1649
1641,1619
1635,1620
1629,1606
1636,1602
1614,1615
1604,1607
1605,1593
1616,1562
1565,1566
1562,1545
1591,1572
1571,1551
1534,1550
1550,1519
1528,1500
1498,1529
1489,1486
1519,1483
1493,1455
1488,1481
1464,1461
1456,1466
1439,1454
1441,1459
1417,1450
1424,1413
1434,1435
1420,1431
1415,1437
1438,1449
1430,1430
1431,1438
1425,1468
1432,1453
1413,1468
1459,1441
1422,1472
1414,1462
1424,1458
1462,1449
1441,1487
1451,1508
1488,1488
1462,1510
1493,1517
1515,1532
1505,1510
1523,1569
1531,1544
1540,1557
1515,1579
1550,1568
1573,1612
1564,1607
1600,1638
1613,1610
1619,1607
1632,1643
1640,1632
1630,1665
1643,1637
1672,1640
1644,1635
1641,1644
1696,1640
1662,1680
1629,1668
1656,1655
1697,1624
1695,1655
1658,1683
1695,1643
1684,1659
1649,1615
1669,1622
1650,1611
1655,1636
1649,1626
1654,1627
1655,1632
1630,1588
1632,1598
1597,1605
1605,1594
1608,1563
1582,1564
1594,1529
1563,1557
1526,1542
1543,1524
1514,1511
1498,1513
1512,1476
1515,1481
1489,1465
1466,1455
1458,1456
1464,1471
1450,1485
1497,1452
1424,1433
1445,1445
1447,1447
1427,1467
1439,1441
1419,1450
1439,1421
1413,1445
1435,1442
1425,1436
1390,1438
1431,1458
1450,1450
1453,1464
1448,1478
1415,1469
1426,1495
1472,1480
1471,1500
1489,1503
1528,1507
1508,1520
1518,1519
1523,1524
1506,1538
1542,1543
1546,1536
1607,1588
1584,1609
1592,1615
1590,1602
1613,1629
1615,1606
1620,1596
1611,1669
1643,1660
1630,1646
1657,1645
1667,1629
1671,1655
1667,1672
1679,1665
1661,1675
1678,1663
1659,1680
1696,1642
1667,1643
1677,1672
1699,1649
1695,1652
1673,1620
1645,1638
1667,1620
1657,1638
1644,1602
1605,1587
1601,1591
1619,1586
1599,1567
1619,1571
1562,1550
1600,1573
1585,1536
1548,1537
1528,1517
1533,1511
1510,1493
1515,1511
1507,1500
1497,1486
1465,1487
1514,1481
1458,1499
1458,1466
1442,1463
1437,1444
1454,1417
1438,1452
1386,1443
1430,1425
1392,1448
1421,1403
1441,1443
1406,1458
1440,1424
1420,1417
1446,1463
1418,1466
1419,1445
1440,1497
1418,1467
1430,1457
1438,1475
1461,1486
1494,1499
1500,1505
1493,1519
1512,1520
1487,1523
1524,1536
1515,1551
1520,1529
1549,1559
1548,1585
1597,1573
1575,1565
1603,1605
1621,1620
1636,1629
1621,1632
1608,1662
1644,1616
1644,1633
1660,1647
1666,1627
1651,1665
1633,1650
1650,1696
1668,1663
1677,1683
1689,1648
1670,1653
1695,1665
1708,1645
1685,1678
1692,1647
1640,1648
1670,1643
1677,1611
1654,1600
1640,1620
1629,1599
1614,1617
1660,1584
1628,1584
1612,1576
1591,1588
1587,1544
1587,1560
1556,1552
1542,1534
1545,1527
1553,1491
1534,1517
1539,1499
1510,1499
1495,1477
1488,1438
1454,1453
1452,1451
1464,1436
1460,1433
1423,1449
1432,1425
1463,1432
1444,1424
1422,1422
1413,1442
1434,1454
1427,1436
1475,1435
1419,1444
1419,1442
1424,1463
1432,1465
1445,1478
1437,1450
1449,1477
1460,1459
1442,1485
1480,1465
1483,1486
1457,1524
1495,1524
1483,1518
1513,1542
1531,1583
1531,1532
1544,1608
1631,1572
1591,1608
1598,1593
1605,1615
1608,1611
1624,1601
1667,1630
1625,1618
1651,1662
1624,1676
1659,1663
1665,1668
1668,1662
1680,1654
1642,1657
1684,1677
1656,1665
1677,1659
1691,1658
1681,1666
1678,1671
1709,1653
1673,1641
1659,1626
1675,1636
1664,1649
1642,1636
1632,1626
1646,1633
1624,1622
1587,1586
1654,1569
1606,1609
1581,1576
1574,1577
1580,1555
1545,1518
1566,1527
1530,1508
1496,1523
1536,1500
1520,1497
1475,1487
1492,1466
1449,1467
1452,1467
1448,1452
1438,1446
1426,1445
1441,1468
1425,1416
1444,1417
1454,1444
1451,1444
1407,1444
1422,1447
1405,1436
1437,1427
1402,1450
1424,1425
1426,1427
1428,1466
1426,1456
1435,1464
1431,1447
1441,1505
1455,1469
1461,1479
1464,1486
1493,1497
1506,1516
1509,1534
1527,1548
1531,1505
1536,1547
1567,1560
1546,1589
1562,1564
1596,1575
1580,1619
1590,1627
1664,1592
1614,1632
1653,1639
1641,1653
1626,1659
1683,1661
1671,1673
1688,1681
1658,1645
1687,1644
1700,1665
1677,1675
1662,1664
1667,1638
1701,1648
1680,1644
1684,1690
1688,1686
1720,1652
1667,1667
1669,1634
1666,1621
1654,1623
1665,1607
1650,1605
1655,1619
1622,1600
1601,1583
1607,1582
1572,1559
1553,1533
1583,1542
1512,1554
1531,1534
1526,1493
1532,1497
1514,1489
1500,1473
1470,1495
1481,1481
1454,1484
1473,1464
1464,1472
1455,1447
1455,1440
1414,1426
1396,1422
1445,1390
1415,1415
1411,1407
1406,1442
1429,1444
1433,1431
1419,1427
1434,1491
1415,1433
1401,1441
1412,1449
1446,1441
1430,1469
1440,1471
1454,1487
1442,1477
1467,1528
1487,1496
1491,1521
1485,1512
1509,1558
1487,1575
1543,1564
1545,1569
1523,1584
1546,1580
1578,1593
1607,1588
1625,1606
1586,1616
1630,1609
1635,1654
1623,1667
1637,1632
1647,1627
1646,1652
1674,1690
1710,1693
1664,1663
1687,1651
1678,1634
1681,1673
1689,1686
1668,1659
1694,1662
1703,1663
1662,1644
1681,1639
1672,1646
1665,1611
1681,1656
1657,1648
1663,1625
1624,1625
1606,1599
1617,1607
1612,1565
1614,1581
1606,1566
1568,1560
1546,1532
1572,1531
1544,1533
1530,1525
1499,1516
1536,1492
1504,1487
1503,1457
1505,1478
1452,1482
1451,1451
1446,1460
1458,1445
1454,1455
1437,1421
1412,1424
1441,1422
1406,1433
1420,1407
1423,1440
1372,1434
1416,1414
1408,1415
1428,1458
1421,1424
1421,1454
1437,1453
1437,1484
1441,1463
1445,1479
1442,1479
1491,1504
1480,1493
1494,1515
1444,1504
1478,1519
1523,1546
1519,1560
1526,1552
1535,1562
1534,1589
1530,1598
1601,1588
1597,1607
1635,1623
1609,1620
1605,1619
1647,1660
1632,1660
1661,1656
1664,1658
1672,1673
1682,1665
1683,1678
1692,1676
1691,1692
1705,1659
1699,1680
1687,1664
1707,1687
1693,1654
1694,1639
1715,1663
1675,1633
1688,1649
1668,1643
1652,1624
1630,1643
1653,1651
1650,1607
1644,1596
1626,1580
1633,1577
1592,1571
1582,1553
1578,1532
1578,1514
1553,1509
1506,1517
1510,1504
1518,1512
1498,1504
1488,1480
1482,1494
1498,1464
1459,1467
1453,1448
1447,1468
1448,1436
1427,1451
1422,1433
1428,1445
1403,1420
1402,1421
1441,1420
1392,1438
1388,1420
1396,1427
1416,1434
1384,1400
1439,1446
1418,1449
1406,1452
1443,1451
1470,1440
1426,1467
1465,1492
1488,1488
1461,1512
1472,1490
1473,1517
1512,1499
1515,1523
1495,1567
1510,1584
1555,1555
1559,1579
1570,1589
1574,1609
1594,1608
1642,1610
1633,1641
1598,1641
1611,1628
1641,1644
1657,1658
1642,1669
1666,1670
1717,1661
1702,1694
1675,1646
1684,1668
1701,1667
1714,1673
1669,1660
1685,1659
1695,1665
1700,1666
1671,1667
1680,1630
1690,1655
1664,1595
1634,1618
1657,1642
1663,1616
1647,1608
1639,1572
1635,1584
1611,1598
1583,1572
1591,1581
1598,1559
1564,1538
1558,1534
1547,1541
1545,1485
1518,1473
1520,1492
1490,1495
1459,1471
1481,1472
1459,1440
1445,1451
1445,1452
1437,1447
1428,1452
1439,1457
1432,1413
1400,1423
1413,1416
1409,1433
1461,1419
1409,1425
1402,1416
1408,1417
1388,1416
1418,1435
1423,1440
1416,1439
1408,1471
1434,1465
1435,1475
1446,1480
1468,1492
1459,1491
1472,1523
1501,1486
1476,1518
1495,1540
1520,1551
1495,1566
1552,1556
1567,1570
1539,1636
1576,1577
1595,1597
1598,1643
1593,1617
1597,1653
1651,1628
1611,1631
1674,1648
1668,1677
1642,1650
1665,1658
1700,1685
1706,1659
1684,1648
1684,1644
1706,1655
1634,1657
1678,1682
1699,1665
1673,1651
1688,1669
1691,1669
1648,1649
1682,1640
1684,1621
1663,1629
1632,1626
1655,1624
1651,1624
1649,1568
1608,1608
1595,1582
1566,1547
1570,1564
1584,1518
1558,1514
1513,1527
1521,1540
1541,1500
1497,1498
1505,1476
1481,1493
1446,1462
1482,1454
1465,1461
1454,1480
1433,1414
1411,1445
1415,1434
1413,1412
1428,1416
1405,1438
1389,1421
1448,1430
1420,1396
1425,1423
1397,1418
1407,1431
1431,1433
1425,1428
1424,1447
1427,1466
1449,1440
1426,1465
1443,1461
1472,1479
1470,1500
1479,1499
1492,1522
1483,1506
1522,1533
1507,1546
1533,1566
1562,1588
1578,1572
1562,1585
1569,1600
1584,1613
1578,1613
1602,1637
1617,1651
1631,1653
1647,1656
1651,1645
1678,1654
1673,1669
1728,1667
1690,1691
1658,1666
1682,1664
1676,1686
1693,1675
1702,1694
1665,1647
1718,1671
1689,1658
1699,1657
1672,1654
1718,1628
1668,1638
1623,1650
1654,1642
1662,1635
1625,1612
1637,1603
1618,1601
1617,1612
1606,1550
1585,1556
1597,1543
1585,1541
1558,1508
1567,1507
1545,1502
1505,1502
1526,1471
1524,1489
1506,1473
1487,1478
1434,1471
1441,1443
1452,1458
1445,1447
1426,1435
1430,1408
1408,1457
1431,1421
1426,1419
1390,1429
1388,1406
1420,1434
1404,1421
1424,1417
1430,1443
1420,1447
1416,1421
1412,1447
1431,1465
1447,1463
1436,1464
1441,1496
1456,1503
1458,1489
1460,1498
1480,1528
1480,1514
1504,1533
1525,1563
1545,1567
1515,1565
1559,1583
1535,1581
1552,1602
1574,1600
1601,1594
1597,1619
1619,1634
1622,1622
1632,1650
1632,1652
1641,1655
1665,1638
1662,1699
1711,1631
1700,1663
1722,1657
1667,1684
1704,1679
1708,1666
1722,1679
1680,1661
1691,1645
1687,1667
1686,1653
1675,1651
1679,1658
1651,1677
1661,1647
1623,1614
1641,1608
1607,1615
1646,1612
1624,1604
1583,1588
1606,1572
1567,1560
1565,1548
1550,1551
1557,1514
1528,1550
1503,1494
1493,1490
1512,1442
1472,1471
1481,1495
1491,1449
1463,1465
1439,1453
1447,1454
1411,1440
1403,1394
1424,1437
1415,1434
1416,1421
1426,1420
1413,1432
1394,1429
1439,1436
1413,1454
1420,1447
1410,1437
1412,1441
1409,1463
1441,1441
1443,1478
1420,1450
1427,1455
1445,1475
1445,1481
1485,1506
1493,1487
1475,1511
1495,1523
1509,1549
1554,1556
1520,1539
1534,1581
1594,1567
1578,1602
1593,1597
1605,1613
1605,1635
1624,1608
1615,1640
1647,1627
1668,1661
1633,1660
1648,1654
1665,1666
1677,1672
1709,1660
1694,1688
1708,1676
1688,1707
1704,1681
1664,1689
1696,1672
1714,1664
1666,1683
1681,1642
1688,1659
1633,1604
1666,1660
1661,1664
1685,1617
1644,1618
1647,1608
1636,1597
1609,1598
1626,1588
1573,1569
1584,1555
1564,1562
1550,1539
1596,1496
1551,1517
1521,1496
1507,1498
1515,1493
1475,1488
1471,1436
1479,1438
1490,1425
1436,1464
1459,1427
1456,1417
1423,1422
1412,1448
1392,1453
1396,1440
1382,1408
1404,1437
1393,1427
1401,1406
1393,1408
1418,1439
1402,1403
1416,1424
1435,1425
1413,1445
1454,1468
1431,1446
1433,1487
1468,1477
1459,1504
1492,1500
1501,1481
1503,1511
1520,1563
1497,1534
1549,1555
1587,1594
1560,1566
1584,1589
1576,1627
1594,1612
1587,1615
1612,1627
1611,1631
1613,1650
1620,1654
1668,1639
1636,1662
1650,1657
1668,1681
1680,1679
1661,1660
1703,1677
1720,1674
1647,1669
1717,1690
1695,1695
1668,1691
1703,1673
1732,1645
1696,1665
1691,1658
1684,1636
1665,1614
1640,1635
1689,1650
1658,1624
1617,1593
1633,1572
1588,1569
1610,1579
1571,1603
1583,1584
1589,1551
1544,1532
1538,1534
1547,1492
1534,1491
1526,1492
1496,1506
1490,1487
1500,1481
1459,1465
1451,1460
1497,1447
1464,1446
1454,1406
1420,1429
1387,1429
1405,1420
1422,1429
1417,1450
1414,1429
1429,1421
1399,1404
1416,1420
1427,1418
1398,1434
1437,1451
1405,1429
1418,1434
1463,1470
1439,1455
1460,1462
1458,1462
1470,1497
1497,1505
1468,1501
1479,1512
1510,1535
1530,1535
1535,1537
1533,1564
1534,1563
1562,1581
1552,1568
1594,1622
1591,1615
1575,1624
1606,1621
1636,1673
1656,1652
1653,1655
1633,1660
1679,1654
1676,1661
1678,1658
1682,1687
1696,1682
1709,1654
1693,1664
1695,1687
1713,1666
1712,1681
1703,1671
1689,1666
1676,1652
1715,1673
1670,1658
1643,1629
1653,1622
1650,1631
1624,1609
1638,1606
1605,1604
1618,1579
1612,1569
1626,1564
1605,1568
1586,1555
1568,1519
1552,1526
1528,1500
1534,1529
1513,1477
1501,1484
1511,1479
1480,1468
1465,1470
1463,1443
1440,1441
1440,1426
1446,1450
1446,1412
1406,1451
1446,1444
1418,1413
1390,1449
1385,1440
1438,1431
1415,1418
1401,1427
1377,1424
1394,1457
1411,1416
1425,1435
1427,1461
1444,1434
1409,1459
1444,1467
1447,1446
1475,1503
1499,1503
1492,1525
1481,1549
1507,1517
1523,1550
1531,1592
1530,1560
1537,1556
1567,1566
1583,1621
1592,1615
1615,1588
1612,1609
1600,1618
1603,1650
1631,1658
1666,1650
1674,1658
1655,1669
1688,1678
1669,1666
1696,1680
1700,1669
1677,1670
1688,1689
1679,1662
1702,1649
1693,1676
1736,1661
1673,1641
1682,1674
1680,1660
1701,1642
1694,1638
1681,1656
1649,1648
1659,1630
1671,1621
1612,1592
1635,1602
1608,1568
1609,1554
1583,1529
1598,1549
1569,1528
1539,1529
1559,1552
1550,1497
1487,1490
1548,1464
1494,1466
1465,1462
1444,1476
1488,1452
1446,1454
1446,1435
1425,1422
1417,1425
1442,1432
1406,1453
1408,1431
1410,1413
1416,1418
1409,1404
1403,1437
1411,1427
1371,1439
1406,1426
1426,1447
1404,1426
1412,1446
1410,1467
1432,1478
1431,1446
1442,1502
1455,1496
1458,1489
1470,1526
1484,1529
1503,1526
1498,1548
1534,1535
1536,1543
1540,1572
1565,1582
1568,1598
1580,1622
1600,1630
1607,1621
1607,1621
1611,1639
1622,1648
1653,1596
1636,1672
1643,1650
1686,1680
1675,1658
1684,1670
1680,1692
1715,1689
1664,1702
1722,1674
1716,1662
1678,1667
1710,1671
1694,1653
1675,1668
1687,1644
1706,1634
1666,1651
1673,1637
1670,1618
1648,1604
1639,1602
1649,1622
1639,1600
1613,1581
1600,1565
1605,1533
1563,1531
1578,1545
1523,1534
1547,1509
1542,1513
1542,1485
1473,1483
1508,1488
1487,1467
1456,1465
1465,1465
1447,1464
1443,1462
1429,1439
1447,1444
1406,1421
1450,1413
1437,1400
1404,1418
1381,1414
1402,1434
1410,1400
1390,1434
1385,1457
1407,1395
1405,1431
1420,1453
1404,1463
1417,1452
1414,1444
1430,1469
1465,1480
1437,1470
1474,1496
1489,1475
1496,1521
1518,1501
1509,1535
1531,1552
1530,1548
1537,1570
1587,1598
1579,1572
1586,1586
1593,1615
1618,1600
1628,1624
1607,1638
1625,1634
1639,1640
1646,1666
1632,1694
1658,1687
1675,1664
1658,1686
1679,1694
1673,1686
1695,1682
1706,1652
1682,1669
1697,1657
1682,1661
1703,1664
1692,1647
1677,1674
1674,1658
1652,1642
1659,1636
1672,1622
1665,1625
1643,1565
1616,1603
1613,1573
1585,1577
1584,1534
1598,1558
1598,1552
1573,1547
1559,1550
1540,1494
1520,1528
1521,1472
1498,1507
1480,1460
1506,1467
1453,1452
1471,1459
1469,1444
1437,1450
1453,1438
1451,1415
1413,1416
1418,1417
1413,1423
1402,1414
1392,1425
1365,1420
1407,1400
1430,1471
1418,1422
1442,1453
1417,1413
1399,1445
1437,1480
1439,1450
1418,1501
1433,1453
1447,1469
1479,1489
1481,1478
1469,1496
1479,1519
1510,1534
1487,1518
1498,1549
1530,1570
1544,1566
1567,1545
1590,1586
1610,1575
1582,1617
1608,1609
1584,1620
1642,1623
1615,1639
1620,1650
1671,1631
1662,1680
1644,1664
1670,1670
1660,1672
1683,1682
1659,1658
1685,1673
1704,1671
1693,1670
1694,1694
1705,1653
1704,1668
1704,1682
1694,1662
1692,1633
1705,1636
1694,1657
1664,1645
1659,1614
1654,1627
1627,1624
1620,1627
1603,1606
1597,1598
1561,1573
1577,1548
1575,1536
1564,1553
1548,1538
1531,1506
1520,1516
1501,1502
1499,1455
1469,1446
1488,1468
1471,1463
1438,1468
1464,1460
1436,1444
1410,1424
1454,1412
1442,1433
1396,1430
1424,1431
1411,1432
1425,1413
1416,1419
1408,1437
1394,1412
1420,1429
1424,1443
1404,1474
1446,1447
1412,1461
1434,1465
1459,1471
1450,1469
1439,1485
1502,1513
1481,1498
1491,1532
1520,1504
1495,1525
1553,1565
1514,1541
1547,1588
1528,1563
1573,1588
1597,1605
1589,1620
1596,1603
1620,1623
1630,1626
1616,1630
1627,1663
1660,1604
1665,1624
1694,1660
1655,1669
1686,1665
1693,1682
1696,1685
1706,1681
1712,1686
1699,1690
1653,1663
1730,1664
1691,1657
1683,1632
1661,1660
1648,1673
1683,1653
1683,1617
1628,1655
1655,1604
1620,1583
1629,1589
1600,1579
1629,1557
1614,1594
1571,1562
1577,1602
1557,1550
1553,1531
1541,1521
1547,1533
1530,1503
1497,1495
1515,1485
1486,1461
1487,1439
1452,1454
1435,1453
1430,1452
1436,1431
1430,1436
1423,1440
1393,1405
1433,1412
1436,1410
1419,1432
1412,1436
1403,1401
1434,1434
1378,1455
1417,1455
1432,1457
1425,1431
1404,1453
1419,1465
1431,1427
1462,1481
1448,1478
1439,1482
1451,1491
1511,1515
1478,1519
1503,1532
1504,1538
1520,1548
1508,1555
1534,1571
1580,1566
1565,1576
1578,1599
1603,1593
1590,1614
1596,1619
1596,1628
1639,1626
1624,1647
1665,1650
1662,1665
1657,1673
1675,1669
1687,1651
1663,1682
1691,1669
1663,1672
1697,1670
1678,1696
1688,1659
1686,1658
1666,1671
1697,1664
1705,1656
1705,1642
1684,1657
1667,1628
1655,1615
1643,1644
1635,1609
1633,1584
1638,1603
1608,1625
1617,1577
1574,1561
1587,1557
1568,1554
1562,1555
1564,1530
1563,1527
1507,1509
1495,1497
1495,1480
1492,1478
1498,1479
1480,1448
1469,1474
1438,1449
1416,1449
1444,1428
1447,1437
1438,1420
1418,1410
1428,1422
1424,1453
1398,1428
1424,1447
1403,1451
1395,1418
1387,1429
1415,1418
1419,1431
1435,1445
1441,1453
1422,1456
1440,1452
1453,1498
1430,1499
1466,1500
1467,1490
1509,1497
1466,1538
1500,1560
1560,1522
1524,1550
1551,1566
1561,1569
1561,1591
1594,1596
1592,1605
1620,1585
1624,1646
1617,1637
1637,1667
1628,1652
1621,1664
1687,1637
1689,1655
1692,1650
1709,1670
1679,1680
1707,1667
1681,1690
1691,1671
1675,1685
1681,1651
1690,1661
1687,1646
1689,1654
1704,1648
1658,1648
1668,1644
1695,1641
1626,1614
1647,1619
1602,1618
1634,1592
1609,1601
1606,1575
1630,1571
1571,1547
1614,1544
1595,1539
1550,1530
1542,1526
1560,1523
1527,1497
1499,1494
1481,1483
1503,1494
1465,1458
1449,1480
1456,1436
1455,1423
1430,1449
1457,1433
1415,1437
1425,1444
1428,1436
1427,1436
1421,1422
1413,1428
1400,1423
1422,1408
1406,1414
1418,1445
1417,1435
1419,1445
1410,1443
1397,1463
1434,1452
1442,1467
1450,1473
1472,1484
1477,1508
1480,1509
1473,1516
1486,1524
1516,1531
1512,1531
1504,1568
1520,1555
1556,1595
1577,1564
1602,1571
1577,1591
1602,1595
1601,1629
1617,1631
1622,1611
1648,1644
1658,1628
1656,1673
1658,1658
1706,1656
1697,1665
1697,1696
1662,1666
1653,1662
1692,1659
1681,1682
1690,1646
1655,1667
1705,1662
1684,1666
1656,1655
1689,1641
1693,1654
1678,1661
1666,1629
1663,1619
1612,1626
1646,1627
1602,1604
1611,1571
1609,1570
1602,1543
1591,1542
1582,1568
1538,1560
1549,1507
1533,1499
1507,1509
1517,1520
1456,1479
1484,1485
1515,1476
1467,1491
1476,1437
1439,1466
1467,1423
1417,1446
1412,1437
1427,1443
1431,1427
1425,1451
1438,1429
1389,1419
1394,1399
1433,1440
1403,1438
1428,1425
1424,1412
1404,1437
1441,1448
1443,1454
1432,1478
1420,1476
1436,1488
1461,1487
1410,1505
1489,1498
1474,1521
1491,1529
1505,1534
1516,1550
1519,1561
1522,1559
1528,1564
1545,1567
1539,1594
1607,1587
1593,1591
1603,1616
1599,1633
1611,1632
1641,1611
1622,1677
1685,1639
1656,1652
1685,1652
1659,1668
1665,1666
1658,1676
1688,1685
1714,1668
1682,1671
1637,1653
1706,1678
1692,1663
1707,1655
1662,1646
1683,1666
1656,1640
1644,1631
1662,1622
1629,1620
1646,1603
1631,1605
1615,1600
1590,1604
1606,1571
1601,1569
1558,1585
1590,1559
1565,1550
1553,1538
1533,1502
1522,1518
1509,1480
1493,1459
1485,1482
1475,1464
1450,1503
1441,1449
1433,1426
1411,1450
1423,1438
1438,1438
1424,1400
1410,1426
1412,1442
1434,1432
1403,1416
1424,1425
1421,1445
1429,1445
1420,1457
1428,1438
1411,1464
1407,1442
1402,1425
1418,1452
1449,1465
1443,1463
1481,1504
1429,1483
1499,1483
1484,1521
1507,1518
1526,1527
1508,1560
1554,1571
1560,1549
1530,1598
1558,1576
1576,1575
1585,1619
1549,1624
1612,1610
1599,1624
1635,1661
1642,1658
1667,1654
1644,1649
1638,1676
1664,1650
1665,1660
1674,1663
1696,1674
1667,1669
1694,1662
1679,1664
1700,1668
1680,1674
1672,1658
1706,1646
1673,1640
1653,1629
1680,1633
1676,1637
1686,1639
1651,1604
1642,1610
1639,1619
1621,1584
1620,1607
1611,1601
1595,1572
1576,1551
1565,1574
1538,1542
1545,1531
1554,1539
1496,1484
1506,1533
1477,1501
1505,1481
1497,1497
1466,1472
1470,1473
1428,1447
1470,1456
1432,1456
1450,1436
1414,1411
1409,1434
1427,1429
1438,1431
1402,1435
1402,1436
1409,1429
1405,1458
1415,1438
1426,1438
1412,1437
1422,1445
1443,1469
1454,1442
