ch1,ch2
1403,1432
1412,1415
1388,1431
1367,1424
1414,1442
1432,1443
1424,1415
1443,1439
1484,1446
1380,1441
1421,1403
1435,1447
1429,1431
1432,1438
1457,1430
1437,1444
1457,1434
1474,1438
1458,1451
1451,1450
1434,1497
1451,1464
1441,1462
1485,1461
1467,1471
1492,1471
1456,1481
1462,1478
1510,1469
1477,1466
1488,1470
1464,1470
1463,1453
1494,1469
1482,1484
1494,1481
1449,1482
1473,1475
1508,1457
1487,1462
1513,1474
1478,1487
1507,1447
1512,1453
1505,1444
1489,1462
1481,1448
1487,1467
1470,1480
1494,1455
1501,1459
1499,1469
1469,1447
1494,1433
1433,1459
1437,1462
1459,1457
1473,1457
1466,1457
1474,1435
1502,1450
1477,1448
1433,1417
1479,1425
1476,1415
1437,1412
1449,1443
1441,1405
1447,1430
1456,1433
1446,1428
1436,1415
1445,1415
1432,1400
1412,1415
1426,1413
1429,1412
1414,1418
1392,1392
1408,1403
1417,1401
1406,1386
1402,1399
1438,1393
1412,1382
1387,1363
1374,1399
1387,1396
1414,1381
1397,1378
1372,1382
1396,1348
1410,1353
1400,1317
1372,1375
1361,1355
1389,1359
1356,1369
1357,1338
1374,1342
1369,1334
1349,1340
1348,1346
1343,1351
1355,1343
1348,1343
1326,1358
1318,1339
1355,1356
1325,1326
1344,1319
1325,1336
1341,1349
1336,1314
1314,1323
1304,1310
1303,1334
1329,1302
1296,1318
1323,1306
1301,1322
1297,1323
1299,1350
1281,1312
1312,1334
1310,1325
1311,1322
1313,1336
1334,1336
1324,1325
1332,1321
1300,1328
1335,1354
1336,1337
1310,1342
1340,1338
1289,1344
1328,1349
1349,1332
1326,1351
1320,1344
1304,1340
1308,1344
1299,1326
1364,1365
1340,1345
1309,1338
1348,1361
1356,1367
1354,1360
1377,1344
1337,1360
1364,1375
1361,1374
1368,1368
1356,1378
1374,1384
1361,1390
1387,1385
1363,1402
1362,1371
1383,1413
1372,1397
1364,1379
1365,1394
1353,1415
1387,1387
1390,1413
1371,1423
1370,1430
1426,1413
1415,1401
1408,1432
1370,1423
1412,1427
1429,1429
1424,1428
1419,1444
1431,1449
1421,1457
1402,1425
1382,1449
1417,1456
1413,1429
1445,1460
1454,1482
1444,1441
1468,1422
1464,1459
1450,1428
1462,1453
1458,1481
1447,1472
1465,1465
1484,1436
1442,1488
1464,1502
1482,1462
1458,1474
1479,1469
1451,1475
1492,1486
1474,1457
1457,1463
1497,1466
1498,1463
1479,1475
1524,1472
1473,1456
1470,1478
1489,1470
1469,1485
1481,1490
1498,1472
1491,1452
1463,1462
1487,1472
1461,1488
1492,1457
1476,1481
1501,1451
1464,1478
1464,1446
1472,1487
1482,1473
1505,1478
1472,1462
1486,1429
1476,1439
1480,1447
1436,1446
1472,1460
1456,1442
1444,1426
1505,1433
1445,1431
1458,1433
1457,1433
1445,1434
1424,1411
1469,1430
1415,1423
1447,1415
1456,1380
1440,1399
1406,1389
1392,1391
1404,1404
1434,1410
1464,1395
1408,1391
1434,1389
1411,1401
1414,1397
1436,1377
1417,1359
1399,1388
1421,1370
1405,1383
1394,1390
1380,1363
1381,1365
1367,1375
1392,1412
1381,1373
1343,1352
1379,1340
1339,1345
1343,1347
1358,1345
1333,1335
1364,1368
1372,1351
1365,1341
1323,1334
1350,1332
1332,1323
1346,1343
1331,1301
1333,1348
1310,1312
1339,1299
1307,1329
1320,1347
1317,1315
1306,1340
1306,1324
1322,1303
1333,1323
1352,1314
1322,1330
1299,1299
1341,1335
1322,1309
1316,1312
1318,1354
1312,1330
1346,1329
1325,1290
1341,1338
1339,1317
1294,1322
1290,1333
1300,1337
1295,1347
1330,1322
1317,1343
1324,1340
1310,1342
1310,1348
1299,1363
1327,1347
1304,1337
1318,1366
1304,1373
1323,1327
1337,1363
1316,1364
1341,1347
1351,1363
1338,1352
1321,1352
1351,1383
1355,1373
1346,1344
1338,1380
1344,1413
1385,1380
1356,1392
1372,1381
1374,1402
1402,1403
1395,1402
1396,1404
1424,1415
1354,1398
1388,1398
1362,1430
1415,1396
1391,1437
1394,1416
1392,1408
1368,1429
1425,1437
1394,1452
1446,1439
1424,1419
1423,1420
1404,1421
1424,1442
1410,1447
1429,1447
1440,1451
1433,1439
1470,1449
1480,1476
1439,1472
1455,1475
1464,1459
1478,1466
1501,1464
1466,1446
1478,1470
1446,1468
1435,1473
1495,1485
1484,1454
1451,1489
1492,1493
1477,1469
1472,1513
1477,1489
1499,1468
1479,1482
1472,1466
1484,1474
1492,1491
1529,1462
1487,1471
1494,1475
1494,1475
1481,1470
1513,1484
1505,1470
1468,1464
1490,1483
1501,1489
1493,1484
1458,1491
1490,1473
1482,1464
1489,1486
1453,1456
1485,1465
1471,1449
1470,1457
1465,1448
1473,1463
1497,1463
1447,1453
1459,1457
1455,1427
1474,1440
1464,1465
1473,1455
1450,1433
1445,1433
1443,1421
1430,1427
1441,1442
1448,1430
1468,1399
1435,1411
1424,1398
1421,1409
1419,1394
1430,1418
1410,1391
1443,1394
1425,1392
1420,1402
1417,1347
1432,1387
1406,1387
1399,1375
1388,1379
1396,1371
1385,1382
1385,1377
1377,1375
1370,1337
1358,1357
1370,1375
1372,1359
1381,1395
1343,1355
1386,1321
1368,1337
1339,1345
1338,1339
1323,1345
1350,1326
1342,1331
1302,1349
1341,1325
1321,1323
1324,1324
1344,1325
1323,1313
1327,1328
1289,1354
1303,1335
1299,1323
1305,1328
1322,1325
1340,1320
1316,1315
1291,1317
1314,1336
1298,1325
1301,1335
1302,1346
1300,1339
1308,1336
1298,1328
1308,1314
1346,1330
1331,1333
1316,1308
1351,1320
1318,1336
1299,1345
1305,1333
1330,1330
1296,1342
1319,1342
1313,1348
1366,1322
1301,1332
1294,1343
1343,1355
1318,1359
1314,1316
1325,1345
1333,1353
1337,1341
1328,1332
1341,1353
1324,1364
1335,1371
1333,1324
1355,1383
1355,1377
1344,1377
1371,1399
1365,1378
1337,1368
1350,1391
1376,1396
1356,1407
1393,1421
1404,1405
1371,1410
1390,1396
1373,1397
1415,1391
1393,1401
1382,1411
1380,1423
1359,1427
1451,1413
1414,1419
1390,1439
1369,1451
1418,1433
1401,1419
1461,1421
1423,1441
1428,1450
1411,1443
1432,1445
1447,1433
1476,1458
1450,1453
1473,1459
1472,1469
1456,1462
1460,1466
1466,1479
1448,1473
1431,1464
1458,1467
1472,1479
1464,1486
1457,1467
1432,1466
1489,1481
1493,1472
1494,1466
1511,1483
1474,1476
1488,1450
1493,1502
1525,1481
1493,1505
1486,1463
1461,1486
1474,1455
1494,1473
1483,1480
1517,1482
1488,1493
1500,1498
1502,1450
1465,1473
1480,1448
1484,1460
1479,1443
1495,1460
1483,1462
1474,1446
1497,1473
1497,1463
1450,1452
1459,1445
1478,1459
1452,1444
1459,1452
1487,1465
1494,1449
1485,1423
1480,1442
1440,1453
1438,1409
1481,1407
1483,1454
1444,1427
1444,1414
1426,1403
1427,1423
1411,1401
1424,1415
1449,1403
1419,1407
1399,1404
1409,1429
1443,1390
1394,1374
1413,1371
1383,1410
1393,1395
1396,1380
1385,1390
1368,1382
1411,1369
1361,1350
1378,1376
1389,1376
1374,1365
1365,1361
1355,1338
1368,1355
1346,1362
1365,1349
1368,1335
1360,1319
1332,1326
1335,1352
1313,1329
1353,1343
1348,1348
1323,1334
1345,1337
1336,1320
1325,1326
1313,1322
1339,1322
1323,1315
1308,1308
1339,1319
1286,1328
1315,1330
1351,1305
1297,1336
1314,1306
1286,1334
1287,1322
1320,1326
1295,1336
1311,1314
1336,1321
1319,1338
1301,1310
1321,1342
1331,1315
1328,1318
1302,1327
1301,1321
1351,1324
1316,1316
1306,1323
1311,1348
1324,1359
1301,1354
1333,1349
1323,1336
1298,1352
1311,1343
1324,1371
1303,1351
1334,1339
1304,1345
1337,1351
1370,1338
1298,1358
1342,1346
1367,1366
1353,1371
1389,1383
1332,1371
1327,1379
1342,1364
1340,1391
1364,1384
1404,1397
1369,1405
1358,1378
1362,1407
1372,1394
1372,1410
1377,1410
1424,1394
1405,1395
1396,1387
1434,1421
1380,1443
1403,1456
1427,1448
1409,1414
1387,1464
1426,1433
1443,1437
1444,1441
1419,1462
1445,1462
1462,1437
1454,1450
1468,1459
1420,1471
1452,1452
1440,1470
1469,1471
1470,1477
1479,1484
1452,1470
1463,1486
1460,1468
1478,1465
1452,1484
1472,1459
1485,1481
1472,1468
1497,1493
1505,1455
1498,1499
1454,1478
1475,1483
1515,1502
1500,1481
1515,1469
1449,1477
1498,1476
1477,1474
1485,1467
1476,1478
1493,1474
1513,1473
1484,1485
1501,1452
1466,1456
1504,1450
1508,1476
1473,1474
1491,1469
1459,1471
1459,1464
1470,1472
1475,1472
1500,1458
1498,1427
1487,1421
1445,1470
1467,1433
1465,1441
1489,1450
1439,1427
1446,1429
1485,1440
1449,1431
1475,1449
1475,1429
1425,1409
1454,1438
1430,1433
1423,1414
1421,1401
1417,1397
1430,1405
1435,1399
1417,1412
1398,1397
1456,1399
1423,1363
1417,1393
1417,1403
1396,1381
1372,1388
1413,1395
1396,1395
1372,1385
1359,1376
1394,1368
1353,1363
1373,1348
1370,1358
1377,1361
1354,1363
1351,1350
1352,1341
1366,1365
1353,1346
1374,1324
1340,1346
1376,1360
1337,1345
1335,1321
1330,1344
1331,1323
1329,1312
1331,1316
1363,1341
1330,1308
1309,1332
1310,1325
1311,1347
1331,1330
1306,1309
1325,1319
1319,1327
1325,1328
1336,1334
1316,1315
1314,1312
1295,1297
1326,1343
1308,1322
1286,1341
1289,1331
1294,1332
1308,1319
1327,1305
1300,1323
1297,1297
1262,1315
1302,1346
1310,1323
1277,1328
1306,1328
1323,1340
1289,1337
1322,1362
1312,1335
1324,1324
1315,1346
1341,1324
1332,1333
1313,1364
1325,1354
1319,1374
1364,1360
1299,1374
1320,1377
1369,1374
1325,1362
1328,1356
1339,1385
1337,1368
1335,1393
1379,1394
1371,1403
1367,1411
1381,1395
1375,1391
1370,1412
1368,1398
1384,1419
1396,1411
1397,1433
1430,1429
1399,1398
1429,1428
1403,1393
1395,1424
1423,1441
1425,1431
1433,1441
1428,1415
1431,1435
1443,1444
1440,1429
1422,1472
1432,1455
1450,1453
1459,1454
1439,1468
1465,1442
1422,1478
1456,1479
1438,1441
1423,1461
1462,1462
1473,1475
1497,1466
1487,1454
1487,1474
1492,1477
1475,1484
1472,1487
1492,1501
1470,1485
1484,1480
1508,1498
1457,1488
1491,1484
1496,1476
1492,1456
1519,1476
1507,1517
1471,1480
1471,1456
1459,1471
1496,1486
1504,1477
1498,1496
1491,1475
1483,1471
1496,1469
1507,1459
1492,1447
1524,1473
1502,1479
1488,1460
1489,1450
1499,1458
1495,1470
1493,1462
1469,1450
1476,1444
1489,1436
1480,1440
1504,1439
1462,1463
1456,1434
1447,1458
1466,1420
1468,1424
1450,1429
1444,1425
1442,1420
1414,1424
1465,1426
1433,1416
1452,1431
1451,1419
1453,1378
1419,1406
1395,1399
1436,1375
1427,1385
1440,1383
1415,1360
1414,1400
1393,1379
1374,1378
1365,1382
1391,1339
1388,1357
1386,1346
1389,1371
1364,1363
1383,1358
1361,1337
1384,1355
1345,1358
1372,1346
1348,1330
1330,1337
1341,1338
1365,1348
1334,1360
1325,1339
1340,1315
1343,1329
1327,1300
1357,1331
1337,1325
1339,1318
1339,1312
1316,1331
1315,1322
1342,1325
1316,1313
1326,1332
1303,1289
1306,1295
1325,1317
1300,1299
1309,1318
1316,1333
1284,1329
1291,1330
1329,1297
1320,1322
1314,1304
1288,1318
1284,1314
1314,1322
1296,1313
1307,1326
1325,1336
1320,1341
1313,1328
1313,1340
1285,1330
1308,1315
1300,1343
1284,1348
1310,1332
1296,1345
1328,1338
1323,1355
1293,1348
1338,1370
1334,1359
1340,1376
1330,1352
1327,1354
1341,1364
1334,1359
1337,1390
1350,1371
1357,1366
1322,1384
1374,1417
1375,1390
1365,1375
1382,1390
1392,1395
1373,1414
1419,1384
1372,1405
1391,1407
1422,1415
1395,1408
1401,1433
1397,1407
1414,1416
1397,1441
1400,1420
1421,1415
1421,1449
1440,1428
1411,1452
1433,1449
1426,1435
1463,1447
1431,1463
1422,1460
1442,1458
1454,1455
1443,1450
1459,1488
1463,1470
1453,1465
1456,1484
1461,1468
1453,1469
1490,1459
1500,1460
1484,1483
1501,1471
1478,1461
1516,1485
1491,1490
1485,1471
1498,1485
1479,1504
1501,1465
1478,1515
1508,1493
1481,1475
1492,1506
1507,1479
1520,1478
1467,1477
1494,1475
1517,1468
1515,1485
1497,1459
1483,1489
1473,1464
1495,1466
1512,1482
1495,1484
1479,1462
1481,1487
1471,1462
1499,1487
1482,1473
1484,1454
1492,1474
1492,1499
1459,1464
1474,1465
1470,1445
1445,1445
1474,1453
1470,1418
1465,1427
1457,1446
1441,1434
1425,1397
1455,1439
1475,1438
1454,1445
1425,1405
1434,1414
1420,1394
1451,1423
1399,1414
1439,1393
1443,1388
1418,1388
1409,1391
1402,1391
1382,1404
1420,1377
1409,1385
1361,1376
1411,1363
1412,1374
1388,1344
1379,1372
1356,1369
1370,1385
1383,1342
1383,1329
1351,1335
1364,1369
1344,1354
1358,1344
1355,1353
1388,1333
1318,1316
1323,1336
1331,1319
1294,1335
1361,1330
1305,1319
1355,1343
1309,1335
1322,1299
1305,1346
1315,1317
1307,1314
1329,1323
1298,1312
1287,1318
1281,1314
1300,1314
1271,1348
1342,1316
1307,1330
1301,1323
1321,1298
1312,1311
1289,1319
1319,1314
1307,1320
1311,1319
1268,1318
1289,1312
1286,1352
1316,1316
1307,1344
1317,1322
1313,1320
1315,1349
1298,1341
1316,1321
1301,1356
1297,1328
1322,1350
1310,1339
1325,1345
1325,1322
1286,1381
1344,1356
1332,1360
1328,1370
1356,1374
1319,1385
1340,1356
1340,1344
1381,1388
1340,1371
1351,1378
1352,1368
1376,1385
1320,1390
1354,1428
1349,1370
1360,1411
1377,1413
1387,1405
1374,1438
1396,1421
1394,1396
1426,1407
1416,1422
1415,1405
1409,1416
1427,1423
1415,1432
1424,1449
1413,1470
1401,1416
1435,1433
1417,1429
1412,1456
1447,1468
1452,1469
1437,1454
1443,1453
1438,1443
1440,1475
1457,1469
1453,1460
1443,1476
1480,1484
1461,1492
1487,1470
1484,1487
1484,1468
1490,1474
1518,1481
1482,1468
1462,1477
1473,1479
1491,1483
1509,1486
1506,1466
1495,1480
1488,1493
1483,1479
1528,1483
1492,1492
1498,1490
1484,1476
1509,1476
1516,1480
1478,1466
1504,1470
1484,1470
1477,1492
1496,1502
1492,1481
1489,1482
1481,1456
1494,1504
1494,1469
1522,1473
1478,1465
1462,1458
1491,1467
1499,1452
1525,1461
1491,1453
1484,1435
1469,1451
1473,1445
1451,1450
1433,1439
1449,1444
1474,1420
1467,1429
1436,1418
1468,1431
1429,1405
1444,1398
1417,1404
1411,1405
1440,1380
1447,1396
1404,1395
1406,1376
1420,1374
1402,1403
1413,1387
1398,1404
1390,1379
1405,1361
1393,1378
1393,1367
1390,1361
1378,1363
1369,1381
1354,1381
1375,1386
1379,1357
1372,1346
1321,1332
1339,1334
1337,1330
1328,1343
1370,1377
1359,1347
1337,1345
1313,1307
1358,1311
1326,1324
1329,1347
1348,1343
1319,1310
1322,1328
1346,1351
1304,1330
1308,1313
1309,1321
1306,1326
1308,1304
1328,1316
1302,1333
1343,1315
1299,1315
1300,1331
1267,1311
1301,1325
1294,1309
1284,1325
1254,1303
1273,1308
1296,1286
1299,1315
1324,1336
1274,1296
1316,1326
1307,1339
1290,1298
1338,1316
1307,1323
1315,1323
1305,1342
1283,1331
1304,1336
1304,1351
1323,1354
1328,1348
1317,1327
1334,1340
1336,1358
1339,1355
1303,1364
1349,1345
1340,1368
1324,1360
1355,1364
1314,1369
1334,1391
1352,1356
1374,1360
1355,1380
1367,1397
1355,1417
1359,1388
1382,1392
1388,1404
1390,1400
1377,1408
1381,1426
1379,1417
1378,1428
1389,1430
1403,1419
1432,1401
1410,1434
1420,1421
1414,1402
1422,1443
1420,1455
1400,1437
1434,1463
1437,1422
1464,1453
1452,1467
1446,1435
1473,1456
1452,1479
1453,1463
1474,1469
1484,1461
1497,1458
1473,1476
1479,1459
1469,1481
1449,1481
1477,1516
1483,1476
1480,1457
1498,1488
1477,1489
1495,1502
1488,1515
1471,1493
1490,1501
1471,1484
1493,1472
1523,1492
1498,1481
1514,1492
1445,1477
1484,1462
1512,1467
1505,1506
1506,1471
1502,1500
1533,1486
1481,1471
1486,1471
1457,1485
1476,1484
1489,1476
1529,1441
1479,1463
1483,1457
1494,1474
1488,1438
1484,1412
1450,1426
1465,1451
1468,1460
1489,1438
1490,1431
1476,1459
1454,1422
1447,1439
1472,1434
1433,1429
1449,1411
1460,1411
1465,1413
1436,1430
1435,1406
1459,1421
1408,1403
1438,1404
1429,1393
1412,1405
1372,1389
1398,1371
1418,1394
1401,1376
1402,1391
1422,1385
1392,1378
1407,1374
1389,1373
1388,1380
1393,1344
1375,1353
1371,1343
1396,1354
1348,1320
1371,1335
1353,1337
1346,1343
1354,1323
1344,1342
1355,1344
1332,1326
1350,1314
1334,1300
1289,1319
1341,1334
1326,1343
1351,1309
1318,1321
1321,1336
1288,1315
1333,1337
1319,1309
1349,1305
1317,1325
1302,1337
1298,1312
1282,1294
1307,1318
1302,1320
1289,1316
1317,1299
1279,1318
1299,1316
1325,1342
1308,1331
1327,1311
1308,1329
1308,1318
1285,1316
1301,1318
1319,1319
1275,1332
1288,1338
1310,1327
1323,1325
1337,1329
1315,1334
1341,1313
1329,1348
1336,1329
1322,1364
1335,1362
1299,1333
1314,1362
1315,1337
1310,1354
1340,1362
1328,1351
1335,1353
1340,1371
1355,1363
1366,1376
1364,1398
1367,1391
1344,1416
1370,1393
1370,1391
1358,1432
1362,1399
1389,1397
1380,1422
1400,1402
1398,1408
1406,1397
1373,1441
1409,1414
1394,1424
1437,1438
1402,1420
1396,1411
1416,1450
1436,1433
1419,1449
1440,1449
1430,1438
1409,1453
1428,1439
1442,1470
1449,1450
1432,1454
1482,1484
1464,1463
1456,1447
1487,1482
1448,1484
1475,1474
1486,1471
1457,1480
1479,1464
1478,1502
1518,1488
1504,1486
1471,1475
1458,1485
1512,1488
1510,1478
1476,1445
1507,1472
1496,1490
1474,1450
1501,1480
1517,1482
1504,1472
1511,1473
1526,1509
1481,1450
1484,1481
1477,1470
1507,1496
1501,1466
1516,1447
1478,1476
1509,1487
1499,1484
1496,1476
1508,1458
1535,1511
1514,1481
1500,1458
1485,1446
1495,1480
1482,1461
1486,1443
1469,1451
1476,1437
1498,1444
1473,1452
1484,1436
1466,1450
1461,1435
1473,1420
1430,1438
1478,1454
1458,1433
1418,1419
1438,1417
1440,1396
1455,1416
1442,1403
1404,1404
1439,1395
1454,1385
1401,1382
1381,1380
1420,1394
1419,1399
1387,1352
1382,1367
1360,1367
1376,1370
1401,1353
1355,1337
1382,1338
1374,1372
1369,1367
1365,1354
1339,1358
1352,1344
1361,1331
1377,1346
1329,1322
1374,1358
1338,1321
1311,1336
1336,1353
1344,1346
1338,1339
1344,1293
1342,1323
1314,1311
1330,1318
1307,1317
1322,1298
1319,1317
1325,1314
1302,1310
1312,1317
1299,1326
1321,1313
1305,1316
1345,1317
1314,1316
1276,1291
1293,1320
1285,1316
1282,1324
1303,1341
1335,1311
1300,1302
1292,1300
1298,1312
1304,1303
1345,1333
1287,1349
1306,1324
1316,1317
1312,1322
1311,1359
1308,1339
1315,1342
1299,1360
1296,1337
1319,1342
1303,1322
1308,1339
1343,1334
1319,1352
1305,1363
1350,1349
1321,1351
1340,1384
1321,1349
1329,1368
1339,1356
1366,1364
1333,1401
1375,1386
1344,1400
1348,1370
1352,1386
1337,1404
1348,1396
1365,1407
1371,1402
1373,1423
1394,1439
1397,1399
1400,1426
1410,1443
1398,1442
1421,1438
1427,1429
1412,1433
1397,1435
1429,1416
1444,1456
1405,1467
1431,1440
1428,1458
1446,1466
1480,1461
1438,1465
1437,1473
1447,1455
1456,1445
1450,1467
1462,1445
1481,1483
1462,1437
1478,1497
1487,1494
1491,1478
1491,1464
1483,1503
1481,1474
1460,1472
1490,1505
1466,1466
1483,1480
1472,1467
1486,1472
1488,1469
1518,1478
1507,1492
1520,1462
1489,1496
1487,1505
1513,1485
1504,1479
1519,1495
1504,1471
1502,1501
1492,1484
1492,1479
1494,1448
1490,1491
1497,1457
1518,1475
1494,1472
1466,1462
1490,1473
1508,1435
1474,1453
1505,1461
1493,1451
1502,1447
1461,1454
1461,1456
1473,1403
1467,1434
1453,1433
1484,1453
1437,1423
1470,1408
1465,1399
1421,1427
1438,1414
1440,1420
1445,1394
1437,1414
1428,1418
1456,1376
1415,1381
1429,1386
1394,1397
1428,1373
1392,1410
1389,1409
1409,1359
1396,1371
1374,1370
1389,1363
1386,1361
1365,1346
1392,1366
1393,1357
1373,1358
1394,1348
1353,1379
1337,1355
1390,1330
1369,1318
1358,1360
1381,1325
1361,1341
1371,1330
1318,1342
1297,1320
1333,1318
1301,1327
1312,1326
1313,1323
1323,1323
1311,1319
1317,1319
1321,1323
1296,1305
1311,1299
1305,1301
1285,1323
1297,1315
1312,1321
1307,1323
1285,1334
1297,1297
1324,1318
1261,1324
1292,1327
1296,1348
1287,1281
1302,1311
1272,1311
1303,1308
1310,1308
1328,1301
1278,1348
1287,1304
1308,1311
1326,1345
1348,1342
1306,1340
1328,1335
1323,1341
1311,1339
1333,1324
1344,1360
1324,1336
1312,1354
1329,1340
1336,1338
1324,1379
1359,1352
1357,1367
1321,1365
1337,1351
1346,1375
1362,1367
1349,1376
1358,1400
1369,1381
1403,1394
1396,1422
1369,1380
1360,1369
1377,1375
1384,1405
1391,1402
1388,1410
1399,1429
1403,1430
1397,1414
1408,1450
1395,1427
1418,1426
1405,1437
1424,1433
1454,1441
1428,1434
1429,1443
1451,1486
1451,1450
1446,1448
1473,1479
1482,1477
1484,1487
1452,1450
1470,1462
1471,1478
1462,1482
1446,1471
1454,1469
1475,1471
1447,1494
1510,1463
1500,1483
1481,1480
1466,1477
1483,1460
1491,1490
1497,1508
1519,1476
1487,1506
1498,1501
1492,1469
1500,1481
1494,1500
1494,1460
1494,1478
1491,1502
1512,1476
1507,1481
1492,1456
1486,1453
1499,1491
1498,1481
1534,1456
1497,1485
1485,1480
1506,1467
1468,1461
1472,1452
1471,1469
1456,1472
1500,1465
1496,1464
1499,1477
1466,1472
1486,1447
1464,1471
1432,1425
1444,1426
1468,1445
1469,1439
1460,1459
1482,1419
1465,1440
1461,1407
1434,1439
1472,1407
1393,1406
1434,1415
1426,1390
1441,1390
1420,1412
1403,1406
1412,1393
1410,1390
1400,1408
1407,1384
1401,1395
1417,1404
1370,1374
1379,1368
1394,1372
1387,1365
1365,1359
1382,1370
1384,1357
1380,1366
1353,1352
1361,1339
1346,1313
1372,1355
1369,1345
1338,1331
1359,1338
1343,1347
1300,1347
1337,1340
1336,1317
1335,1358
1330,1331
1364,1329
1333,1315
1347,1299
1309,1326
1313,1311
1308,1326
1296,1328
1284,1345
1336,1291
1326,1328
1295,1316
1317,1323
1305,1298
1315,1317
1318,1311
1281,1317
1315,1312
1320,1323
1308,1335
1318,1311
1288,1301
1311,1326
1335,1347
1319,1339
1298,1339
1305,1322
1305,1335
1305,1324
1296,1316
1298,1343
1287,1359
1329,1318
1329,1331
1305,1338
1284,1363
1322,1345
1324,1329
1330,1346
1308,1394
1328,1374
1346,1362
1328,1362
1376,1352
1352,1392
1326,1376
1346,1375
1340,1397
1351,1391
1351,1393
1319,1389
1338,1383
1387,1379
1376,1389
1351,1388
1408,1382
1373,1411
1377,1417
1419,1403
1385,1424
1403,1416
1397,1428
1414,1425
1407,1397
1428,1441
1403,1450
1430,1438
1431,1416
1433,1419
1437,1441
1450,1431
1443,1452
1448,1467
1439,1472
1491,1468
1504,1438
1485,1479
1455,1478
1436,1473
1452,1473
1496,1475
1470,1473
1430,1446
1471,1475
1461,1492
1505,1470
1509,1477
1483,1485
1485,1488
1526,1474
1472,1450
1476,1463
1512,1473
1515,1470
1483,1484
1501,1472
1494,1504
1472,1488
1512,1457
1480,1488
1499,1500
1530,1466
1515,1498
1485,1476
1502,1470
1526,1480
1506,1466
1513,1459
1489,1467
1499,1466
1492,1470
1490,1469
1487,1466
1485,1465
1497,1470
1476,1467
1491,1449
1447,1456
1466,1432
1443,1466
1472,1421
1459,1425
1445,1420
1440,1431
1463,1429
1429,1416
1449,1413
1469,1407
1459,1424
1444,1428
1415,1386
1419,1432
1429,1397
1429,1402
1432,1397
1406,1411
1410,1369
1438,1393
1424,1379
1399,1371
1429,1385
1397,1365
1406,1366
1381,1374
1388,1360
1379,1376
1345,1350
1406,1361
1371,1360
1368,1344
1381,1352
1357,1334
1334,1355
1355,1344
1378,1332
1353,1332
1343,1334
1342,1344
1345,1367
1353,1334
1363,1326
1346,1341
1308,1319
1301,1319
1335,1318
1327,1327
1333,1310
1309,1316
1310,1325
1340,1328
1322,1322
1280,1301
1323,1328
1297,1294
1292,1308
1307,1315
1298,1308
1286,1328
1280,1306
1312,1323
1311,1314
1326,1315
1320,1313
1294,1313
1305,1326
1333,1333
1306,1322
1276,1325
1325,1323
1303,1332
1316,1351
1294,1337
1314,1333
1333,1334
1302,1339
1327,1331
1297,1349
1313,1315
1340,1346
1316,1354
1331,1348
1324,1358
1347,1374
1336,1385
1326,1387
1318,1380
1372,1359
1319,1399
1361,1396
1349,1385
1346,1407
1329,1379
1382,1384
1363,1409
1384,1407
1366,1404
1377,1400
1385,1419
1373,1414
1360,1422
1387,1429
1381,1412
1412,1425
1410,1422
1400,1452
1420,1449
1417,1439
1418,1421
1394,1441
1445,1427
1463,1459
1452,1451
1476,1453
1441,1458
1419,1475
1452,1468
1440,1461
1458,1442
1444,1458
1433,1465
1449,1469
1451,1479
1463,1483
1465,1488
1473,1476
1473,1462
1457,1494
1450,1460
1478,1454
1490,1467
1478,1478
1485,1479
1468,1456
1487,1471
1489,1451
1469,1484
1501,1496
1488,1493
1500,1468
1495,1492
1476,1487
1503,1476
1474,1476
1483,1504
1522,1468
1495,1468
1485,1479
1495,1466
1491,1464
1503,1450
1470,1473
1520,1469
1487,1457
1476,1471
1503,1458
1495,1436
1437,1460
1497,1443
1481,1459
1471,1438
1480,1430
1455,1430
1484,1457
1447,1444
1464,1433
1466,1427
1463,1460
1456,1405
1461,1431
1453,1423
1448,1429
1437,1395
1463,1403
1462,1407
1407,1399
1426,1407
1405,1394
1397,1395
1443,1394
1432,1376
1406,1374
1379,1394
1401,1374
1396,1387
1376,1358
1382,1341
1396,1389
1375,1357
1321,1393
1362,1346
1385,1366
1391,1362
1372,1366
1341,1351
1364,1337
1343,1321
1369,1348
1339,1313
1339,1330
1344,1317
1317,1329
1302,1335
1313,1309
1321,1333
1290,1326
1320,1348
1327,1341
1290,1318
1332,1322
1307,1304
1316,1285
1329,1315
1273,1331
1313,1345
1330,1308
1300,1349
1319,1300
1307,1308
1302,1325
1300,1341
1317,1315
1301,1306
1280,1323
1312,1315
1307,1338
1310,1296
1286,1327
1288,1352
1336,1356
1341,1317
1318,1299
1325,1337
1297,1325
1337,1332
1311,1356
1286,1353
1315,1335
1345,1376
1333,1361
1309,1367
1306,1370
1310,1358
1344,1339
1362,1362
1306,1365
1367,1364
1324,1372
1337,1380
1340,1368
1360,1386
1343,1338
1344,1395
1365,1377
1334,1392
1351,1396
1416,1382
1403,1385
1374,1409
1419,1390
1381,1421
1394,1410
1380,1418
1413,1396
1413,1418
1404,1423
1439,1426
1413,1432
1412,1416
1436,1432
1463,1446
1404,1457
1442,1424
1429,1445
1394,1462
1463,1447
1444,1484
1447,1445
1447,1458
1465,1469
1459,1465
1491,1479
1470,1481
1462,1444
1486,1478
1497,1456
1480,1460
1473,1486
1500,1470
1477,1478
1466,1451
1500,1477
1478,1491
1512,1478
1499,1505
1468,1461
1476,1492
1514,1485
1470,1491
1474,1481
1513,1471
1483,1467
1504,1479
1477,1462
1514,1470
1507,1475
1516,1459
1493,1454
1500,1454
1484,1481
1510,1472
1482,1480
1468,1491
1489,1461
1494,1455
1463,1460
1502,1452
1468,1466
1488,1436
1508,1474
1476,1462
1455,1449
1469,1416
1456,1439
1435,1421
1424,1433
1434,1439
1440,1434
1451,1417
1461,1417
1452,1422
1444,1420
1434,1415
1442,1412
1450,1405
1434,1425
1402,1406
1426,1391
1413,1399
1417,1413
1414,1411
1424,1364
1419,1374
1396,1371
1381,1382
1400,1383
1387,1377
1405,1380
1380,1359
1400,1362
1366,1393
1349,1370
1335,1322
1360,1358
1368,1341
1380,1350
1368,1356
1355,1350
1330,1341
1365,1339
1325,1330
1343,1355
1318,1359
1349,1321
1333,1330
1355,1321
1324,1307
1312,1345
1311,1338
1354,1315
1316,1326
1310,1338
1303,1328
1330,1320
1331,1336
1323,1308
1307,1327
1322,1302
1310,1314
1314,1310
1309,1334
1328,1323
1322,1301
1309,1310
1300,1308
1325,1323
1286,1319
1295,1346
1297,1324
1305,1312
1296,1328
1319,1326
1314,1319
1316,1336
1304,1342
1287,1333
1296,1336
1301,1358
1302,1335
1340,1327
1354,1360
1323,1357
1324,1392
1344,1342
1354,1356
1342,1359
1342,1356
1345,1353
1357,1369
1344,1346
1364,1348
1366,1369
1352,1411
1385,1390
1377,1385
1371,1373
1360,1402
1386,1377
1367,1402
1394,1399
1377,1405
1407,1415
1385,1422
1369,1410
1367,1410
1394,1399
1430,1396
1414,1429
1408,1430
1408,1445
1457,1418
1430,1417
1411,1422
1415,1442
1430,1445
1428,1457
1442,1458
1441,1441
1425,1464
1462,1446
1415,1484
1457,1446
1440,1452
1478,1433
1475,1478
1484,1484
1451,1486
1458,1463
1449,1514
1488,1483
1470,1454
1479,1450
1461,1456
1469,1477
1477,1469
1472,1470
1499,1487
1500,1476
1493,1470
1501,1467
1462,1493
1489,1500
1513,1453
1473,1470
1471,1472
1491,1471
1494,1480
1499,1491
1491,1463
1498,1453
1499,1456
1528,1485
1486,1464
1503,1461
1470,1471
1493,1454
1498,1449
1498,1437
1470,1453
1480,1439
1481,1458
1463,1443
1496,1456
1480,1434
1479,1429
1451,1440
1451,1430
1452,1429
1444,1433
1467,1420
1445,1436
1433,1411
1438,1424
1431,1429
1451,1395
1445,1415
1400,1420
1408,1412
1422,1377
1434,1402
1414,1388
1413,1403
1401,1381
1417,1382
1422,1385
1419,1376
1412,1390
1371,1371
1394,1352
1362,1374
1393,1373
1362,1369
1387,1346
1349,1345
1361,1329
1407,1386
1368,1343
1386,1349
1348,1345
1336,1346
1319,1338
1343,1341
1355,1316
1351,1337
1333,1331
1307,1333
1341,1334
1331,1341
1328,1327
1321,1307
1326,1321
1291,1327
1321,1346
1312,1308
1316,1324
1299,1347
1320,1289
1305,1295
1350,1324
1290,1323
1286,1317
1294,1306
1278,1312
1310,1327
1291,1315
1301,1347
1308,1336
1293,1340
1328,1305
1289,1292
1273,1310
1329,1327
1305,1340
1327,1353
1329,1343
1334,1340
1306,1335
1361,1304
1314,1344
1334,1355
1284,1341
1316,1354
1342,1349
1337,1342
1328,1358
1328,1342
1340,1346
1340,1333
1367,1357
1359,1370
1367,1353
1342,1358
1361,1378
1358,1373
1354,1405
1362,1362
1374,1374
1351,1403
1367,1398
1383,1401
1391,1406
1397,1415
1382,1397
1355,1399
1392,1394
1380,1414
1374,1409
1389,1404
1394,1424
1404,1434
1433,1419
1382,1415
1414,1420
1424,1437
1395,1427
1454,1458
1403,1435
1438,1448
1479,1424
1455,1443
1449,1428
1463,1460
1468,1497
1471,1454
1452,1474
1440,1482
1457,1433
1491,1467
1449,1438
1472,1483
1495,1460
1472,1497
1493,1488
1453,1454
1491,1481
1445,1454
1466,1484
1480,1474
1524,1458
1504,1470
1491,1500
1481,1459
1489,1485
1514,1462
1520,1490
1486,1482
1493,1489
1501,1448
1485,1480
1508,1448
1489,1445
1501,1449
1500,1489
1477,1472
1467,1461
1454,1468
1484,1435
1509,1459
1477,1475
1482,1453
1488,1441
1465,1436
1474,1467
1486,1439
1503,1442
1484,1457
1454,1440
1454,1447
1464,1428
1422,1441
1455,1439
1435,1432
1435,1438
1430,1431
1445,1392
1430,1410
1466,1414
1444,1427
1442,1404
1423,1401
1414,1442
1450,1398
1407,1383
1443,1390
1415,1368
1423,1381
1397,1371
1401,1372
1410,1390
1398,1378
1383,1364
1375,1366
1376,1372
1368,1353
1350,1354
1359,1365
1368,1362
1341,1351
1353,1355
1348,1373
1359,1370
1363,1346
1355,1328
1370,1352
1327,1318
1327,1344
1343,1324
1323,1321
1348,1321
1321,1331
1331,1340
1350,1340
1296,1287
1355,1322
1322,1298
1332,1330
1318,1321
1312,1319
1319,1337
1318,1330
1315,1334
1272,1319
1298,1325
1323,1346
1314,1342
1314,1329
1321,1320
1338,1330
1322,1329
1339,1300
1330,1326
1300,1350
1314,1318
1319,1339
1321,1330
1301,1336
1310,1321
1322,1352
1356,1345
1313,1343
1326,1340
1336,1365
1336,1351
1338,1325
1338,1327
1321,1340
1338,1355
1336,1369
1357,1360
1347,1363
1329,1342
1348,1348
1343,1367
1385,1386
1353,1347
1347,1379
1359,1402
1377,1418
1368,1413
1371,1387
1386,1386
1375,1380
1357,1404
1371,1402
1394,1381
1401,1419
1385,1384
1364,1408
1399,1413
1402,1430
1397,1427
1420,1419
1428,1424
1420,1437
1431,1428
1459,1429
1439,1432
1466,1431
1425,1430
1451,1454
1469,1465
1459,1423
1448,1471
1461,1485
1466,1464
1446,1479
1451,1469
1471,1461
1470,1458
1465,1469
1453,1462
1444,1472
1445,1451
1481,1457
1504,1467
1478,1455
1499,1461
1489,1457
1486,1472
1487,1465
1505,1469
1489,1471
1466,1480
1469,1467
1485,1470
1517,1507
1487,1451
1461,1461
1486,1458
1519,1449
1477,1465
1492,1471
1502,1462
1501,1446
1483,1493
1476,1440
1451,1473
1498,1445
1503,1477
1493,1465
1482,1459
1472,1461
1497,1449
1445,1436
1496,1435
1495,1441
1446,1445
1453,1428
1433,1415
1475,1444
1438,1453
1466,1414
1443,1435
1439,1427
1423,1398
1447,1431
1454,1412
1442,1416
1431,1431
1466,1403
1407,1407
1428,1415
1442,1406
1445,1402
1421,1390
1418,1410
1399,1411
1411,1378
1428,1400
1391,1380
1384,1389
1397,1389
1404,1341
1374,1361
1379,1359
1378,1357
1351,1376
1390,1371
1379,1346
1370,1363
1325,1371
1355,1344
1353,1361
1343,1337
1358,1337
1364,1345
1370,1342
1354,1354
1337,1331
1326,1344
1349,1374
1324,1340
1325,1326
1353,1358
1339,1333
1325,1342
1330,1296
1328,1338
1328,1339
1324,1347
1268,1321
1307,1316
1323,1331
1312,1333
1313,1318
1310,1347
1317,1335
1330,1312
1315,1308
1304,1348
1316,1332
1322,1311
1310,1349
1300,1328
1315,1320
1322,1338
1300,1337
1317,1345
1302,1344
1312,1353
1337,1338
1296,1341
1316,1332
1332,1336
1329,1349
1361,1340
1312,1350
1332,1379
1346,1361
1338,1351
1340,1364
1359,1333
1333,1349
1364,1358
1365,1374
1346,1383
1337,1385
1371,1382
1361,1391
1333,1392
1359,1379
1335,1392
1365,1400
1385,1429
1377,1400
1370,1405
1386,1410
1374,1401
1384,1398
1397,1415
1385,1447
1368,1431
1427,1429
1384,1428
1430,1445
1441,1437
1424,1427
1434,1415
1447,1430
1441,1419
1432,1444
1447,1449
1439,1424
1451,1457
1434,1450
1443,1460
1449,1444
1447,1444
1444,1463
1413,1469
1455,1457
1419,1474
1447,1462
1457,1463
1451,1456
1479,1463
1474,1462
1472,1473
1483,1487
1468,1472
1476,1497
1487,1475
1476,1480
1494,1465
1483,1477
1497,1455
1469,1474
1533,1466
1502,1479
1447,1462
1519,1469
1501,1454
1488,1466
1514,1494
1501,1464
1466,1483
1482,1464
1482,1448
1469,1455
1491,1475
1480,1460
1473,1455
1460,1458
1475,1468
1480,1455
1492,1455
1473,1453
1462,1433
1473,1449
1493,1446
1474,1427
1479,1435
1466,1444
1454,1412
1489,1419
1449,1439
1454,1431
1461,1436
1447,1401
1460,1427
1411,1403
1430,1427
1436,1400
1450,1382
1459,1413
1432,1419
1446,1405
1426,1397
1416,1391
1410,1406
1445,1388
1436,1374
1423,1393
1380,1391
1423,1380
1395,1377
1386,1364
1400,1368
1389,1371
1386,1379
1363,1348
1377,1369
1344,1349
1354,1377
1332,1349
1334,1348
1378,1349
1394,1353
1340,1347
1350,1350
1351,1341
1333,1340
1337,1342
1316,1327
1321,1340
1328,1348
1326,1346
1316,1350
1288,1346
1345,1316
1331,1324
1310,1335
1322,1339
1309,1333
1336,1320
1329,1306
1313,1330
1344,1336
1312,1319
1323,1329
1318,1323
1330,1328
1314,1344
1315,1351
1294,1345
1319,1317
1340,1330
1304,1330
1316,1352
1339,1342
1311,1350
1312,1347
1326,1332
1318,1338
1311,1330
1339,1335
1318,1347
1329,1332
1327,1360
1351,1355
1347,1369
1350,1374
1341,1374
1332,1347
1374,1347
1332,1373
1317,1381
1372,1368
1358,1370
1339,1400
1340,1393
1382,1377
1335,1361
1378,1390
1359,1390
1342,1395
1369,1380
1389,1393
1398,1401
1359,1397
1415,1388
1400,1426
1371,1406
1390,1438
1404,1405
1398,1445
1416,1425
1407,1396
1399,1421
1456,1430
1428,1410
1446,1422
1423,1440
1442,1463
1405,1418
1444,1458
1443,1450
1428,1454
1440,1449
1426,1477
1438,1461
1450,1440
1449,1457
1462,1454
1459,1446
1458,1454
1447,1475
1458,1453
1481,1466
1466,1488
1466,1460
1481,1466
1489,1463
1460,1465
1499,1468
1469,1477
1481,1456
1455,1440
1492,1475
1512,1454
1514,1476
1469,1457
1489,1471
1495,1456
1483,1488
1469,1474
1487,1470
1509,1479
1497,1464
1503,1479
1490,1445
1467,1442
1492,1465
1512,1446
1483,1468
1492,1453
1478,1454
1482,1443
1426,1462
1463,1438
1472,1419
1478,1459
1462,1445
1472,1417
1453,1465
1459,1435
1472,1434
1466,1431
1474,1418
1433,1437
1442,1413
1437,1433
1436,1443
1453,1427
1453,1396
1454,1400
1427,1418
1401,1391
1410,1399
1435,1395
1436,1382
1411,1391
1447,1388
1394,1401
1412,1392
1390,1386
1401,1376
1412,1382
1370,1396
1379,1378
1374,1379
1384,1343
1373,1359
1357,1379
1379,1345
1359,1371
1350,1356
1362,1389
1355,1352
1346,1392
1331,1351
1348,1367
1358,1358
1353,1351
1322,1342
1348,1334
1338,1310
1367,1342
1345,1341
1314,1312
1344,1320
1306,1331
1347,1343
1291,1309
1332,1318
1278,1320
1314,1336
1306,1308
1323,1333
1350,1307
1326,1326
1303,1319
1301,1326
1310,1343
1344,1342
1323,1326
1312,1338
1286,1345
1316,1331
1315,1320
1329,1343
1331,1348
1345,1339
1304,1356
1327,1343
1306,1328
1318,1359
1296,1342
1360,1356
1314,1385
1297,1370
1333,1321
1325,1333
1336,1378
1331,1369
1369,1361
1327,1345
1344,1341
1336,1349
1375,1342
1381,1389
1355,1367
1341,1363
1347,1380
1385,1379
1359,1375
1340,1384
1381,1379
1365,1374
1365,1414
1357,1390
1379,1391
1344,1396
1362,1380
1381,1413
1370,1418
1377,1409
1419,1407
1401,1421
1378,1421
1415,1442
1433,1415
1395,1437
1425,1452
1444,1451
1432,1413
1443,1431
1408,1438
1430,1452
1409,1437
1454,1425
1444,1428
1445,1452
1458,1417
1432,1454
1433,1444
1482,1433
1467,1462
1482,1463
1475,1473
1443,1471
1490,1443
1456,1461
1478,1444
1465,1487
1460,1478
1444,1460
1467,1470
1471,1482
1497,1475
1468,1447
1478,1456
1483,1467
1484,1445
1486,1475
1485,1468
1462,1458
1487,1458
1448,1485
1477,1448
1527,1461
1477,1464
1476,1464
1463,1470
1491,1453
1470,1473
1480,1485
1502,1465
1486,1444
1470,1463
1460,1441
1483,1466
1454,1436
1443,1432
1474,1430
1489,1445
1457,1464
1459,1439
1458,1436
1438,1437
1474,1428
1459,1441
1474,1419
1440,1433
1438,1411
1434,1449
1429,1413
1451,1410
1443,1439
1411,1412
1444,1424
1414,1395
1460,1395
1426,1386
1420,1388
1432,1394
1400,1386
1409,1408
1409,1394
1398,1373
1412,1397
1434,1366
1407,1372
1363,1383
1377,1379
1404,1366
1393,1353
1375,1351
1366,1378
1364,1335
1379,1374
1426,1361
1369,1353
1342,1363
1370,1341
1357,1369
1377,1360
1328,1365
1364,1356
1338,1344
1352,1343
1354,1377
1321,1332
1338,1340
1336,1342
1368,1297
1328,1315
1344,1344
1304,1352
1290,1320
1328,1346
1325,1338
1358,1339
1335,1315
1356,1330
1307,1338
1325,1329
1318,1337
1322,1317
1306,1330
1296,1326
1294,1317
1297,1337
1297,1334
1319,1331
1306,1314
1311,1316
1328,1340
1336,1351
1330,1324
1342,1338
1342,1370
1316,1330
1300,1342
1353,1380
1342,1312
1340,1369
1361,1384
1357,1347
1352,1368
1304,1357
1348,1367
1344,1369
1358,1371
1344,1373
1358,1352
1347,1371
1344,1361
1364,1385
1357,1383
1373,1400
1356,1378
1367,1386
1362,1413
1383,1396
1366,1399
1344,1420
1370,1412
1384,1413
1408,1418
1393,1398
1399,1425
1394,1431
1401,1420
1385,1427
1424,1444
1394,1440
1414,1431
1418,1418
1400,1422
1397,1430
1437,1428
1463,1431
1421,1446
1438,1450
1455,1449
1427,1441
1451,1469
1438,1448
1477,1455
1430,1441
1441,1463
1463,1447
1448,1439
1455,1454
1457,1443
1493,1447
1455,1463
1474,1461
1471,1450
1482,1467
1461,1453
1479,1454
1466,1470
1450,1456
1480,1460
1465,1464
1458,1461
1484,1467
1459,1466
1461,1476
1494,1464
1478,1477
1482,1470
1484,1463
1503,1479
1480,1495
1453,1450
1472,1453
1466,1475
1486,1471
1451,1454
1477,1454
1490,1465
1491,1435
1478,1467
1493,1480
1469,1456
1465,1454
1462,1433
1492,1437
1470,1438
1458,1422
1460,1440
1498,1423
1475,1428
1410,1447
1451,1420
1453,1423
1454,1427
1415,1404
1435,1423
1440,1401
1412,1422
1412,1425
1428,1402
1404,1404
1423,1400
1432,1375
1441,1383
1418,1425
1439,1407
1403,1369
1400,1370
1449,1385
1416,1377
1408,1372
1408,1390
1396,1375
1390,1388
1394,1360
1392,1352
1381,1376
1381,1352
1354,1357
1353,1362
1362,1353
1365,1340
1343,1358
1380,1360
1353,1349
1380,1352
1366,1339
1327,1347
1371,1353
1351,1339
1342,1332
1338,1338
1338,1369
1328,1324
1332,1335
1351,1351
1335,1355
1337,1366
1321,1312
1310,1328
1324,1325
1335,1323
1321,1343
1344,1334
1341,1350
1286,1316
1311,1340
1372,1343
1321,1336
1295,1321
1326,1329
1297,1334
1306,1337
1355,1352
1323,1358
1351,1338
1336,1344
1292,1356
1336,1329
1316,1351
1332,1333
1348,1354
1282,1345
1313,1357
1318,1347
1366,1366
1326,1351
1329,1368
1341,1334
1341,1366
1341,1369
1313,1336
1355,1370
1347,1351
1371,1366
1344,1390
1345,1345
1372,1374
1340,1357
1377,1394
1356,1374
1373,1361
1329,1364
1393,1409
1365,1392
1359,1384
1379,1401
1364,1400
1392,1381
1380,1400
1405,1370
1378,1423
1381,1408
1390,1413
1408,1426
1406,1420
1438,1442
1395,1423
1417,1425
1405,1425
1406,1430
1407,1458
1429,1445
1437,1426
1407,1440
1439,1415
1440,1441
1456,1475
1411,1449
1448,1414
1466,1458
1445,1478
1441,1446
1426,1421
1457,1460
1449,1434
1433,1471
1458,1487
1483,1460
1453,1443
1463,1458
1458,1479
1463,1472
1438,1473
1485,1471
1431,1456
1470,1462
1447,1465
1470,1464
1499,1465
1483,1496
1486,1456
1479,1442
1484,1466
1450,1460
1471,1481
1455,1466
1492,1468
1516,1462
1454,1451
1450,1483
1473,1435
1472,1471
1460,1470
1478,1452
1470,1439
1463,1456
1448,1441
1446,1455
1471,1453
1437,1453
1473,1438
1482,1452
1451,1451
1460,1431
1437,1455
1437,1422
1456,1427
1441,1419
1444,1431
1440,1420
1450,1435
1395,1419
1456,1426
1428,1437
1408,1439
1439,1409
1426,1405
1439,1443
1419,1392
1450,1404
1409,1392
1419,1385
1402,1408
1437,1372
1424,1377
1378,1374
1410,1376
1412,1381
1398,1354
1372,1405
1387,1368
1364,1393
1383,1376
1381,1360
1409,1345
1398,1369
1362,1326
1365,1366
1360,1353
1362,1362
1365,1387
1375,1363
1342,1335
1360,1368
1369,1356
1340,1331
1342,1354
1336,1332
1343,1316
1341,1342
1340,1332
1339,1322
1347,1350
1330,1343
1337,1318
1323,1341
1305,1339
1314,1336
1329,1320
1323,1349
1335,1349
1300,1325
1321,1330
1322,1332
1326,1342
1341,1351
1312,1325
1317,1342
1343,1325
1312,1323
1305,1324
1315,1329
1318,1346
1295,1341
1340,1337
1345,1326
1280,1350
1323,1355
1345,1347
1308,1375
1342,1349
1314,1340
1349,1385
1327,1350
1306,1345
1351,1375
1350,1385
1329,1374
1357,1371
1359,1380
1389,1369
1335,1364
1336,1368
1369,1355
1336,1377
1363,1388
1367,1389
1379,1354
1380,1397
1379,1371
1376,1381
1366,1393
1359,1393
1379,1411
1391,1388
1392,1404
1367,1420
1408,1426
1358,1420
1388,1403
1388,1402
1397,1413
1398,1439
1408,1429
1369,1407
1414,1439
1395,1427
1425,1443
1411,1434
1414,1441
1458,1424
1434,1426
1446,1419
1432,1446
1450,1456
1432,1445
1448,1455
1423,1428
1448,1448
1438,1433
1431,1459
1440,1455
1446,1475
1443,1467
1455,1446
1465,1459
1470,1465
1451,1488
1478,1455
1453,1442
1456,1453
1440,1448
1452,1458
1453,1459
1468,1452
1499,1444
1454,1468
1499,1457
1481,1474
1463,1432
1485,1433
1458,1460
1481,1454
1462,1477
1482,1453
1483,1459
1469,1465
1464,1453
1501,1453
1491,1460
1458,1458
1487,1444
1478,1460
1475,1450
1433,1433
1462,1455
1446,1442
1420,1441
1471,1467
1453,1450
1463,1450
1454,1439
1434,1460
1432,1451
1459,1437
1453,1441
1436,1423
1436,1400
1457,1414
1435,1412
1449,1393
1423,1410
1434,1422
1410,1430
1446,1411
1451,1448
1406,1419
1426,1383
1432,1392
1429,1412
1402,1392
1437,1391
1394,1396
1390,1379
1389,1398
1376,1394
1371,1392
1375,1362
1384,1375
1387,1351
1376,1382
1375,1353
1364,1356
1356,1385
1363,1367
1379,1368
1394,1353
1356,1372
1349,1359
1377,1333
1338,1330
1359,1343
1363,1352
1350,1343
1375,1357
1371,1359
1345,1356
1362,1368
1339,1334
1343,1333
1341,1320
1339,1303
1299,1315
1341,1338
1351,1331
1361,1332
1353,1334
1319,1349
1347,1356
1345,1345
1303,1332
1323,1336
1314,1338
1327,1352
1322,1350
1351,1342
1325,1354
1324,1323
1304,1350
1297,1329
1356,1309
1377,1333
1319,1338
1307,1357
1333,1345
1336,1366
1346,1364
1329,1381
1319,1341
1312,1369
1324,1347
1337,1360
1316,1393
1330,1350
1344,1356
1339,1371
1346,1378
1349,1359
1303,1359
1354,1386
1363,1385
1356,1365
1374,1366
1357,1397
1342,1394
1345,1387
1348,1371
1349,1394
1332,1381
1381,1382
1331,1389
1385,1414
1372,1388
1386,1405
1365,1405
1395,1410
1390,1419
1370,1420
1364,1413
1376,1400
1387,1437
1391,1405
1417,1413
1401,1422
1418,1436
1435,1453
1429,1438
1442,1420
1399,1435
1417,1428
1429,1405
1444,1459
1427,1437
1438,1453
1451,1443
1423,1440
1429,1447
1487,1442
1436,1450
1431,1452
1469,1459
1461,1446
1428,1465
1455,1465
1466,1457
1462,1450
1483,1458
1451,1467
1461,1438
1468,1466
1457,1448
1443,1454
1465,1463
1478,1463
1480,1458
1447,1443
1490,1449
1483,1465
1482,1449
1480,1463
1461,1441
1496,1451
1478,1480
1457,1474
1486,1435
1501,1456
1479,1457
1458,1462
1473,1462
1483,1467
1468,1472
1472,1438
1448,1447
1454,1458
1448,1440
1448,1446
1454,1447
1464,1451
1474,1425
1442,1463
1443,1433
1438,1427
1418,1414
1461,1420
1469,1403
1442,1419
1429,1410
1462,1417
1469,1447
1431,1404
1423,1409
1435,1410
1447,1418
1415,1426
1435,1416
1414,1394
1395,1404
1392,1392
1442,1405
1433,1401
1410,1392
1425,1392
1442,1383
1390,1379
1429,1380
1417,1380
1398,1372
1365,1384
1391,1379
1418,1373
1406,1383
1358,1368
1401,1377
1350,1372
1385,1382
1365,1349
1375,1348
1349,1335
1371,1352
1358,1328
1341,1330
1351,1379
1386,1350
1367,1336
1340,1348
1333,1352
1325,1337
1339,1342
1366,1319
1342,1344
1338,1323
1353,1341
1323,1349
1329,1324
1329,1333
1311,1356
1294,1336
1358,1349
1314,1331
1308,1341
1332,1326
1324,1340
1343,1383
1311,1314
1320,1309
1306,1341
1362,1339
1335,1332
1317,1340
1353,1348
1316,1340
1311,1354
1344,1341
1358,1353
1360,1342
1363,1362
1325,1312
1331,1342
1325,1337
1326,1336
1334,1355
1339,1376
1355,1351
1351,1361
1355,1374
1338,1369
1344,1388
1309,1367
1340,1362
1342,1360
1339,1361
1340,1372
1360,1375
1364,1388
1310,1360
1357,1394
1359,1388
1378,1373
1343,1379
1372,1392
1346,1389
1372,1397
1382,1398
1402,1402
1403,1383
1396,1396
1410,1433
1402,1415
1397,1420
1393,1424
1416,1424
1431,1406
1401,1424
1434,1429
1412,1406
1410,1432
1407,1422
1412,1422
1447,1413
1414,1424
1419,1446
1408,1429
1454,1427
1440,1459
1464,1425
1428,1436
1451,1442
1443,1462
1430,1440
1474,1449
1484,1449
1456,1470
1449,1432
1461,1441
1493,1448
1501,1453
1448,1462
1468,1467
1469,1433
1445,1439
1440,1484
1469,1440
1465,1450
1467,1452
1450,1451
1485,1465
1450,1474
1476,1446
1470,1468
1470,1431
1473,1455
1487,1474
1485,1431
1494,1454
1490,1442
1460,1462
1452,1450
1491,1439
1465,1450
1453,1463
1466,1501
1464,1460
1455,1414
1455,1424
1436,1432
1481,1442
1459,1438
1453,1445
1476,1446
1451,1434
1473,1457
1455,1427
1462,1438
1436,1448
1470,1445
1460,1415
1434,1412
1467,1425
1433,1416
1477,1426
1424,1421
1435,1413
1431,1381
1437,1396
1441,1415
1439,1415
1419,1400
1427,1404
1394,1430
1446,1425
1400,1411
1410,1395
1387,1393
1398,1397
1410,1413
1398,1377
1394,1401
1383,1406
1389,1372
1394,1402
1413,1373
1361,1379
1394,1371
1394,1360
1359,1356
1347,1377
1373,1369
1359,1344
1377,1360
1358,1361
1339,1350
1366,1353
1372,1371
1348,1350
1349,1350
1350,1325
1338,1362
1336,1339
1359,1366
1332,1337
1337,1332
1358,1365
1321,1339
1345,1348
1344,1352
1353,1371
1348,1355
1320,1321
1331,1333
1320,1338
1334,1375
1340,1314
1326,1313
1316,1339
1315,1355
1341,1345
1357,1351
1344,1354
1305,1344
1315,1349
1316,1347
1337,1323
1321,1354
1312,1347
1343,1344
1335,1345
1312,1343
1328,1348
1333,1337
1349,1353
1319,1346
1328,1351
1324,1365
1334,1383
1357,1370
1311,1356
1339,1351
1352,1364
1325,1347
1355,1353
1371,1381
1337,1404
1381,1369
1362,1367
1341,1389
1362,1387
1380,1383
1360,1387
1394,1374
1353,1381
1365,1371
1383,1374
1387,1403
1388,1398
1380,1386
1393,1412
1410,1409
1382,1427
1363,1411
1415,1389
1397,1415
1411,1409
1401,1438
1366,1444
1422,1431
1397,1424
1396,1443
1428,1440
1415,1423
1437,1467
1423,1436
1418,1440
1427,1446
1442,1430
1417,1424
1417,1427
1461,1438
1439,1453
1444,1443
1429,1428
1453,1443
1453,1448
1445,1449
1450,1465
1472,1446
1489,1443
1461,1452
1470,1447
1442,1448
1484,1470
1469,1459
1461,1461
1443,1430
1453,1459
1475,1472
1481,1436
1459,1456
1494,1493
1469,1458
1432,1437
1439,1469
1449,1453
1465,1467
1487,1440
1482,1471
1437,1433
1450,1427
1477,1473
1499,1437
1447,1472
1499,1451
1451,1448
1456,1456
1488,1449
1496,1454
1450,1430
1458,1429
1476,1461
1466,1411
1483,1426
1448,1439
1470,1456
1484,1450
1471,1449
1431,1435
1468,1449
1458,1426
1427,1418
1449,1439
1479,1422
1435,1437
1467,1418
1457,1397
1419,1393
1430,1413
1456,1396
1421,1412
1426,1416
1391,1440
1389,1395
1427,1421
1428,1417
1403,1407
1433,1384
1417,1387
1415,1423
1440,1380
1416,1387
1409,1385
1379,1380
1379,1371
1398,1366
1395,1367
1399,1387
1395,1383
1394,1345
1368,1378
1391,1393
1378,1359
1388,1377
1374,1365
1371,1375
1378,1364
1368,1332
1349,1352
1366,1372
1347,1353
1394,1369
1346,1373
1327,1362
1368,1346
1335,1339
1365,1340
1341,1352
1359,1371
1325,1337
1359,1341
1379,1358
1341,1338
1304,1339
1314,1322
1341,1369
1338,1359
1341,1359
1342,1345
1353,1320
1355,1340
1327,1316
1332,1353
1356,1343
1318,1344
1308,1339
1326,1341
1318,1350
1333,1349
1340,1343
1306,1345
1302,1370
1327,1350
1362,1331
1352,1336
1360,1345
1336,1324
1342,1372
1353,1345
1314,1345
1336,1345
1374,1370
1330,1356
1345,1371
1336,1385
1341,1373
1331,1372
1320,1371
1331,1376
1343,1392
1322,1394
1350,1381
1380,1342
1385,1370
1383,1389
1342,1380
1380,1383
1385,1403
1330,1383
1388,1398
1378,1392
1377,1372
1391,1391
1364,1398
1380,1423
1376,1413
1402,1398
1369,1402
1410,1403
1385,1401
1392,1397
1411,1413
1389,1416
1391,1429
1422,1418
1427,1405
1414,1413
1444,1425
1459,1419
1410,1442
1409,1430
1419,1429
1434,1428
1455,1439
1436,1424
1432,1439
1454,1412
1427,1459
1406,1452
1424,1446
1446,1437
1407,1429
1462,1429
1421,1431
1452,1457
1491,1459
1423,1450
1467,1453
1437,1465
1475,1445
1464,1457
1501,1476
1474,1477
1439,1461
1453,1460
1481,1426
1444,1443
1453,1458
1463,1467
1449,1436
1468,1445
1472,1477
1451,1469
1468,1459
1466,1460
1459,1449
1465,1483
1465,1460
1475,1472
1446,1455
1421,1472
1487,1465
1480,1460
1468,1445
1454,1443
1457,1470
1476,1441
1455,1435
1469,1418
1469,1430
1444,1445
1468,1446
1470,1444
1455,1439
1433,1438
1434,1416
1431,1417
1463,1433
1432,1444
1452,1420
1440,1397
1454,1412
1443,1442
1445,1423
1425,1412
1435,1412
1439,1422
1432,1401
1417,1417
1396,1399
1440,1426
1431,1413
1407,1392
1420,1391
1430,1401
1416,1385
1410,1380
1422,1387
1382,1391
1400,1361
1436,1388
1390,1392
1376,1368
1373,1399
1367,1417
1394,1364
1397,1357
1400,1348
1409,1346
1392,1371
1350,1391
1373,1376
1408,1371
1353,1344
1386,1384
1356,1375
1349,1373
1349,1350
1382,1343
1336,1327
1356,1354
1344,1343
1369,1357
1358,1330
1329,1338
1342,1363
1354,1365
1330,1331
1318,1356
1328,1372
1322,1348
1353,1331
1308,1361
1329,1352
1284,1372
1339,1375
1293,1336
1338,1366
1353,1345
1305,1323
1294,1340
1336,1328
1341,1343
1327,1338
1357,1343
1317,1335
1326,1343
1339,1352
1364,1353
1330,1328
1340,1351
1326,1372
1340,1356
1334,1334
1347,1347
1348,1344
1315,1364
1355,1354
1322,1374
1349,1348
1343,1355
1342,1370
1339,1359
1359,1351
1358,1372
1310,1370
1363,1354
1374,1377
1381,1387
1365,1378
1363,1393
1332,1409
1368,1369
1353,1395
1373,1401
1373,1394
1401,1385
1377,1414
1374,1415
1387,1403
1393,1388
1376,1403
1384,1411
1385,1402
1422,1405
1405,1405
1402,1440
1430,1425
1409,1440
1437,1420
1421,1410
1391,1424
1404,1434
1411,1422
1435,1411
1416,1440
1421,1420
1443,1409
1415,1424
1437,1434
1417,1445
1430,1426
1451,1449
1442,1423
1437,1436
1402,1434
1431,1442
1444,1443
1464,1428
1451,1432
1429,1437
1462,1458
1469,1456
1459,1461
1482,1468
1455,1460
1503,1460
1428,1438
1459,1456
1469,1445
1483,1464
1459,1456
1461,1434
1495,1460
1447,1459
1497,1453
1484,1438
1468,1459
1468,1460
1465,1453
1463,1472
1485,1485
1451,1416
1451,1443
1499,1454
1463,1488
1451,1462
1470,1443
1436,1460
1462,1441
1451,1440
1460,1460
1444,1431
1504,1450
1445,1444
1410,1455
1431,1452
1449,1448
1425,1449
1452,1432
1457,1445
1480,1444
1438,1438
1438,1445
1453,1442
1437,1424
1429,1418
1428,1424
1426,1407
1474,1400
1429,1425
1448,1432
1420,1419
1431,1422
1393,1401
1432,1397
1411,1393
1392,1385
1396,1393
1397,1388
1407,1398
1383,1396
1417,1391
1409,1384
1415,1374
1374,1390
1405,1400
1374,1376
1386,1363
1397,1391
1379,1363
1415,1368
1385,1378
1376,1354
1349,1377
1366,1378
1356,1381
1374,1331
1346,1365
1366,1355
1384,1366
1356,1345
1370,1369
1326,1352
1344,1353
1343,1338
1360,1341
1368,1350
1341,1353
1376,1333
1338,1362
1350,1378
1331,1354
1314,1346
1349,1349
1320,1329
1328,1329
1324,1334
1325,1325
1324,1349
1339,1362
1343,1333
1327,1350
1349,1349
1317,1332
1352,1352
1366,1368
1359,1371
1321,1344
1340,1326
1303,1337
1339,1347
1335,1329
1350,1369
1308,1357
1335,1353
1335,1375
1331,1362
1334,1339
1337,1339
1327,1352
1315,1362
1304,1359
1334,1322
1334,1360
1362,1372
1348,1354
1358,1360
1368,1359
1335,1353
1354,1359
1358,1370
1367,1374
1355,1367
1333,1392
1333,1380
1350,1386
1358,1380
1377,1376
1367,1382
1367,1371
1376,1396
1399,1363
1351,1384
1335,1393
1343,1418
1376,1419
1373,1426
1402,1402
1362,1402
1378,1393
1401,1420
1402,1387
1382,1404
1393,1398
1398,1413
1384,1411
1419,1404
1422,1435
1413,1432
1463,1429
1421,1409
1432,1434
1414,1418
1402,1430
1434,1454
1426,1443
1420,1421
1460,1430
1432,1439
1424,1430
1454,1442
1484,1435
1436,1446
1453,1439
1443,1447
1437,1441
1445,1441
1456,1439
1440,1441
1465,1471
1439,1429
1476,1460
1445,1443
1463,1460
1447,1464
1468,1461
1446,1459
1468,1470
1468,1472
1462,1442
1473,1447
1455,1453
1472,1451
1469,1454
1469,1464
1466,1469
1475,1444
1479,1463
1457,1455
1497,1474
1440,1473
1491,1455
1508,1433
1487,1450
1467,1448
1471,1485
1476,1463
1464,1452
1501,1471
1480,1442
1464,1447
1470,1448
1442,1440
1450,1437
1478,1440
1453,1462
1463,1447
1443,1456
1446,1435
1453,1427
1441,1445
1477,1424
1456,1429
1445,1421
1456,1446
1446,1437
1428,1434
1418,1422
1443,1426
1431,1413
1448,1421
1411,1383
1440,1416
1406,1401
1405,1386
1413,1385
1422,1404
1395,1393
1410,1404
1385,1375
1399,1395
1385,1393
1381,1430
1422,1384
1389,1369
1407,1376
1416,1379
1374,1370
1381,1387
1382,1381
1366,1386
1395,1379
1382,1369
1364,1361
1389,1377
1366,1390
1391,1376
1369,1353
1364,1349
1362,1332
1394,1371
1370,1364
1332,1353
1374,1347
1348,1374
1359,1340
1347,1386
1319,1360
1370,1340
1339,1356
1346,1363
1341,1362
1332,1322
1335,1331
1327,1351
1371,1352
1351,1350
1335,1335
1317,1347
1345,1328
1372,1351
1331,1352
1344,1327
1319,1343
1344,1332
1331,1368
1332,1344
1328,1347
1322,1338
1323,1348
1329,1346
1310,1348
1320,1327
1358,1341
1311,1327
1302,1348
1347,1332
1319,1331
1339,1342
1360,1359
1311,1349
1353,1328
1337,1361
1357,1395
1324,1371
1324,1387
1339,1352
1333,1339
1368,1351
1353,1378
1369,1353
1341,1376
1376,1376
1341,1376
1364,1376
1372,1371
1386,1373
1366,1389
1369,1391
1378,1364
1367,1412
1299,1400
1388,1383
1390,1398
1384,1421
1373,1384
1368,1412
1377,1421
1400,1409
1386,1409
1375,1388
1400,1425
1427,1387
1403,1412
1385,1437
1401,1399
1403,1420
1404,1427
1426,1442
1402,1439
1417,1438
1426,1430
1402,1425
1441,1455
1428,1445
1420,1421
1406,1420
1436,1437
1446,1406
1428,1426
1428,1433
1427,1418
1435,1454
1452,1453
1428,1439
1451,1438
1441,1429
1429,1468
1419,1441
1436,1428
1469,1460
1475,1479
1455,1467
1422,1470
1468,1435
1436,1463
1478,1438
1474,1458
1462,1469
1471,1445
1471,1470
1494,1447
1452,1433
1485,1465
1481,1471
1459,1462
1472,1451
1454,1448
1472,1478
1471,1468
1484,1428
1459,1463
1447,1466
1476,1443
1435,1454
1463,1454
1483,1437
1497,1455
1463,1435
1470,1450
1470,1449
1478,1440
1447,1415
1428,1458
1483,1407
1472,1446
1464,1453
1459,1437
1462,1444
1465,1431
1446,1451
1472,1433
1450,1449
1421,1430
1430,1409
1438,1432
1434,1437
1446,1410
1407,1433
1438,1405
1413,1433
1400,1423
1442,1419
1419,1405
1410,1385
1440,1401
1397,1397
1395,1420
1418,1418
1440,1397
1410,1413
1400,1382
1438,1412
1407,1378
1427,1393
1379,1393
1407,1362
1410,1380
1368,1395
1362,1361
1399,1350
1380,1380
1364,1396
1364,1368
1374,1372
1379,1348
1398,1370
1372,1373
1336,1365
1354,1372
1380,1363
1353,1353
1360,1357
1354,1362
1354,1348
1346,1345
1351,1360
1370,1344
1372,1342
1338,1349
1343,1349
1330,1344
1351,1363
1323,1350
1347,1328
1321,1322
1363,1338
1327,1346
1317,1340
1333,1337
1326,1336
1308,1346
1305,1314
1313,1339
1333,1331
1352,1320
1344,1350
1341,1328
1362,1327
1329,1352
1315,1340
1347,1373
1354,1325
1329,1336
1325,1338
1308,1359
1341,1341
1319,1342
1276,1363
1358,1345
1334,1349
1340,1350
1316,1341
1328,1348
1320,1341
1366,1349
1326,1345
1292,1346
1344,1348
1336,1369
1326,1368
1330,1385
1342,1378
1368,1374
1365,1372
1359,1384
1346,1364
1370,1381
1362,1352
1369,1364
1337,1389
1342,1382
1375,1393
1352,1411
1374,1389
1377,1378
1374,1368
1362,1381
1367,1390
1372,1386
1380,1393
1385,1378
1402,1420
1377,1429
1386,1413
1384,1418
1414,1419
1390,1420
1415,1401
1429,1431
1434,1393
1397,1401
1408,1418
1393,1417
1415,1434
1417,1448
1411,1439
1420,1423
1413,1426
1438,1442
1424,1472
1429,1426
1414,1449
1456,1433
1428,1423
1433,1433
1469,1449
1443,1451
1477,1447
1490,1451
1457,1460
1437,1467
1485,1451
1450,1423
1431,1466
1459,1449
1454,1480
1458,1463
1451,1443
1464,1458
1478,1445
1482,1438
1443,1452
1476,1441
1481,1465
1478,1433
1460,1466
1450,1468
1486,1456
1440,1471
1413,1474
1480,1428
1489,1464
1460,1443
1472,1467
1457,1453
1470,1455
1498,1456
1479,1455
1469,1436
1472,1463
1467,1458
1455,1442
1481,1454
1471,1460
1485,1464
1448,1459
1480,1438
1478,1425
1440,1448
1467,1446
1457,1429
1475,1437
1425,1444
1464,1432
1448,1454
1457,1462
1437,1461
1440,1438
1467,1411
1445,1424
1470,1419
1420,1417
1435,1419
1429,1452
1431,1444
1439,1396
1445,1435
1408,1424
1430,1435
1430,1396
1395,1417
1440,1363
1419,1396
1422,1377
1383,1394
1402,1378
1413,1410
1395,1418
1409,1376
1417,1372
1408,1376
1408,1372
1381,1387
1374,1399
1372,1361
1379,1350
1360,1387
1354,1370
1381,1382
1371,1379
1356,1359
1385,1378
1373,1344
1352,1374
1365,1359
1384,1333
1349,1340
1342,1352
1356,1346
1365,1352
1367,1362
1374,1313
1352,1348
1333,1352
1351,1344
1364,1323
1321,1356
1352,1331
1354,1345
1342,1342
1327,1343
1314,1334
1332,1334
1340,1313
1363,1334
1333,1345
1345,1365
1332,1364
1382,1351
1292,1338
1326,1353
1330,1332
1310,1319
1292,1355
1339,1343
1330,1329
1326,1336
1333,1332
1317,1341
1329,1343
1340,1311
1316,1352
1335,1332
1328,1337
1362,1358
1337,1358
1329,1355
1339,1372
1309,1330
1355,1328
1342,1377
1329,1362
1326,1344
1337,1358
1355,1377
1342,1373
1334,1377
1392,1362
1351,1377
1356,1396
1353,1366
1333,1363
1372,1371
1373,1400
1345,1377
1353,1382
1342,1393
1357,1394
1364,1385
1363,1409
1390,1389
1391,1419
1365,1387
1380,1415
1401,1402
1356,1392
1378,1403
1393,1407
1370,1432
1370,1399
1408,1411
1401,1409
1400,1409
1426,1394
1396,1415
1427,1398
1406,1413
1410,1404
1421,1426
1390,1424
1448,1415
1408,1485
1426,1446
1422,1450
1451,1439
1424,1448
1429,1440
1484,1460
1440,1432
1428,1430
1461,1458
1434,1439
1450,1445
1463,1450
1486,1456
1462,1443
1463,1454
1425,1464
1470,1447
1452,1457
1464,1446
1470,1457
1460,1435
1462,1460
1437,1454
1473,1463
1454,1451
1439,1456
1475,1474
1460,1471
1472,1471
1459,1460
1457,1472
1461,1460
1448,1448
1496,1459
1483,1460
1489,1444
1491,1474
1481,1458
1469,1447
1469,1435
1462,1471
1471,1475
1495,1456
1507,1438
1463,1458
1478,1451
1492,1437
1489,1473
1468,1449
1475,1462
1442,1441
1458,1411
1446,1450
1440,1473
1463,1436
1458,1437
1511,1442
1471,1436
1460,1426
1483,1457
1457,1427
1460,1407
1440,1440
1413,1418
1441,1420
1445,1408
1435,1440
1434,1418
1441,1389
1466,1402
1445,1399
1443,1394
1429,1398
1436,1390
1407,1407
1433,1413
1412,1409
1396,1399
1437,1401
1370,1411
1398,1415
1409,1403
1430,1386
1388,1397
1424,1378
1387,1412
1399,1398
1382,1394
1360,1402
1372,1375
1378,1349
1355,1361
1364,1368
1363,1398
1362,1373
1363,1387
1397,1350
1351,1352
1356,1365
1364,1361
1360,1348
1361,1386
1370,1355
1370,1367
1338,1346
1340,1362
1333,1359
1368,1365
1352,1361
1341,1354
1359,1362
1333,1345
1363,1339
1335,1360
1339,1345
1325,1346
1325,1357
1324,1360
1290,1335
1323,1364
1351,1344
1346,1346
1318,1341
1325,1335
1329,1336
1303,1354
1309,1302
1326,1346
1338,1318
1307,1335
1342,1348
1345,1353
1341,1346
1366,1365
1340,1322
1325,1346
1329,1332
1316,1364
1320,1351
1323,1364
1363,1359
1338,1334
1336,1358
1338,1338
1330,1362
1333,1362
1336,1364
1322,1362
1355,1356
1322,1341
1354,1362
1352,1342
1362,1377
1377,1341
1342,1367
1331,1355
1341,1385
1346,1373
1362,1391
1358,1387
1356,1378
1373,1367
1366,1378
1351,1394
1353,1403
1354,1391
1332,1385
1372,1393
1347,1390
1369,1405
1381,1404
1358,1379
1371,1387
1359,1399
1402,1377
1408,1397
1395,1396
1386,1398
1406,1414
1401,1426
1406,1421
1406,1415
1421,1450
1420,1404
1410,1425
1389,1418
1437,1441
1401,1450
1407,1405
1438,1433
1423,1483
1441,1439
1453,1441
1429,1452
1440,1429
1430,1456
1438,1430
1454,1451
1439,1436
1458,1440
1454,1461
1489,1463
1438,1465
1455,1462
1482,1458
1457,1476
1496,1470
1499,1451
1451,1467
1486,1470
1462,1438
1459,1451
1472,1458
1489,1456
1469,1465
1472,1468
1483,1482
1488,1471
1496,1459
1470,1459
1504,1480
1501,1477
1467,1481
1490,1460
1465,1465
1494,1447
1474,1468
1468,1459
1472,1452
1448,1436
1469,1448
1491,1481
1503,1464
1459,1461
1456,1465
1459,1446
1456,1450
1474,1456
1470,1430
1490,1485
1471,1431
1434,1439
1469,1463
1478,1423
1446,1427
1434,1432
1424,1427
1476,1420
1450,1411
1439,1451
1479,1431
1449,1414
1422,1422
1452,1399
1412,1393
1465,1412
1484,1419
1448,1440
1418,1419
1447,1403
1424,1404
1425,1405
1410,1394
1458,1400
1429,1392
1440,1415
1435,1391
1429,1381
1418,1373
1394,1404
1402,1388
1404,1411
1407,1397
1391,1349
1368,1381
1364,1383
1393,1396
1360,1380
1379,1369
1376,1359
1364,1375
1363,1353
1378,1375
1377,1359
1354,1361
1365,1340
1377,1358
1380,1383
1345,1333
1359,1367
1376,1349
1340,1365
1362,1339
1331,1340
1331,1339
1361,1338
1341,1343
1356,1352
1352,1366
1366,1345
1335,1323
1361,1320
1331,1332
1335,1323
1316,1366
1326,1346
1338,1327
1341,1352
1317,1344
1327,1358
1312,1320
1340,1345
1311,1335
1304,1326
1328,1330
1333,1323
1350,1319
1316,1323
1341,1303
1347,1328
1305,1338
1329,1322
1334,1334
1339,1337
1326,1340
1323,1322
1306,1327
1312,1337
1324,1368
1336,1342
1332,1338
1347,1358
1311,1361
1339,1365
1339,1362
1335,1350
1317,1358
1334,1331
1339,1352
1338,1366
1327,1347
1352,1361
1349,1383
1357,1354
1377,1365
1347,1400
1342,1373
1355,1386
1335,1370
1354,1409
1355,1359
1361,1393
1386,1389
1358,1396
1368,1379
1366,1389
1383,1410
1373,1416
1396,1402
1402,1394
1386,1400
1407,1411
1377,1398
1395,1402
1428,1405
1389,1391
1404,1414
1403,1388
1391,1416
1372,1405
1416,1438
1427,1432
1415,1445
1418,1419
1444,1421
1414,1442
1448,1452
1447,1453
1412,1449
1419,1426
1447,1441
1445,1440
1414,1443
1444,1467
1458,1455
1451,1426
1421,1434
1440,1466
1439,1432
1442,1452
1448,1458
1456,1463
1458,1464
1458,1441
1503,1479
1459,1464
1439,1484
1471,1443
1481,1463
1488,1463
1490,1459
1513,1488
1460,1456
1462,1475
1477,1456
1468,1470
1462,1459
1466,1476
1474,1480
1459,1447
1474,1474
1482,1466
1491,1473
1461,1470
1472,1463
1464,1456
1473,1464
1510,1470
1473,1448
1483,1474
1480,1469
1460,1450
1504,1459
1480,1453
1449,1449
1475,1449
1457,1447
1485,1448
1476,1464
1450,1469
1467,1455
1464,1463
1466,1420
1479,1463
1472,1422
1449,1465
1457,1441
1411,1455
1469,1438
1447,1441
1460,1428
1443,1432
1444,1424
1456,1442
1430,1407
1431,1410
1420,1418
1468,1419
1458,1423
1465,1418
1441,1410
1421,1404
1414,1430
1400,1401
1423,1406
1386,1381
1409,1389
1441,1405
1393,1390
1397,1415
1403,1366
1395,1371
1412,1393
1376,1377
1408,1388
1393,1394
1422,1393
1402,1360
1388,1379
1403,1380
1389,1367
1368,1359
1366,1358
1370,1368
1360,1376
1370,1380
1359,1359
1364,1345
1347,1336
1347,1346
1377,1348
1359,1331
1361,1354
1355,1327
1353,1344
1353,1319
1362,1326
1348,1359
1330,1360
1362,1340
1354,1368
1329,1309
1360,1354
1342,1315
1327,1346
1331,1342
1332,1344
1332,1338
1340,1301
1334,1330
1336,1314
1332,1336
1316,1337
1331,1347
1309,1351
1320,1344
1344,1332
1323,1339
1321,1341
1299,1341
1305,1349
1338,1346
1328,1341
1316,1324
1344,1333
1308,1349
1311,1377
1318,1341
1322,1344
1346,1352
1340,1356
1320,1372
1345,1336
1319,1354
1321,1351
1346,1334
1345,1367
1320,1351
1337,1369
1324,1345
1313,1371
1352,1382
1301,1372
1346,1354
1336,1364
1363,1355
1337,1345
1327,1405
1342,1374
1365,1388
1350,1364
1367,1403
1349,1399
1386,1356
1389,1390
1357,1383
1337,1368
1371,1396
1323,1394
1375,1401
1357,1407
1363,1402
1390,1394
1400,1411
1409,1406
1411,1396
1395,1407
1390,1418
1395,1421
1397,1413
1413,1419
1419,1424
1405,1430
1419,1429
1429,1426
1398,1444
1401,1467
1414,1453
1399,1407
1424,1455
1412,1450
1414,1449
1435,1454
1436,1432
1447,1426
1453,1459
1437,1454
1456,1449
1437,1437
1460,1461
1472,1483
1471,1455
1441,1464
1460,1444
1467,1467
1460,1450
1462,1445
1426,1493
1461,1461
1482,1474
1466,1471
1435,1467
1468,1458
1468,1481
1451,1455
1472,1489
1491,1459
1465,1468
1461,1440
1473,1474
1474,1474
1456,1432
1447,1439
1489,1455
1463,1443
1491,1454
1488,1474
1450,1463
1482,1464
1445,1455
1490,1463
1469,1477
1464,1478
1466,1460
1480,1464
1478,1447
1484,1459
1495,1462
1497,1458
1493,1467
1470,1439
1471,1472
1465,1441
1476,1438
