ch1,ch2
1609,1633
1638,1658
1640,1643
1658,1693
1700,1695
1716,1696
1739,1723
1719,1773
1729,1756
1737,1762
1834,1761
1785,1766
1798,1782
1756,1808
1826,1743
1798,1745
1809,1753
1805,1777
1750,1717
1731,1736
1744,1712
1739,1713
1703,1717
1735,1670
1754,1642
1649,1649
1685,1646
1651,1564
1595,1616
1601,1516
1561,1538
1559,1525
1545,1516
1530,1481
1473,1482
1459,1486
1417,1497
1467,1399
1427,1444
1424,1420
1402,1431
1407,1467
1347,1454
1452,1435
1401,1446
1389,1442
1405,1457
1405,1458
1455,1479
1400,1502
1473,1516
1446,1517
1482,1521
1518,1569
1474,1572
1576,1577
1545,1593
1576,1588
1614,1666
1604,1666
1618,1646
1653,1704
1680,1706
1692,1699
1702,1722
1700,1732
1724,1763
1734,1732
1791,1752
1774,1808
1744,1768
1806,1728
1775,1734
1766,1773
1790,1788
1801,1740
1769,1750
1750,1712
1748,1738
1763,1744
1744,1712
1723,1675
1674,1684
1633,1599
1696,1628
1630,1616
1621,1573
1639,1595
1560,1537
1597,1538
1522,1507
1556,1454
1517,1499
1526,1481
1463,1441
1422,1426
1463,1408
1480,1376
1400,1435
1402,1421
1397,1437
1431,1466
1427,1417
1455,1473
1418,1434
1431,1396
1434,1429
1406,1489
1431,1464
1485,1506
1497,1516
1500,1538
1545,1566
1544,1567
1578,1646
1557,1630
1595,1611
1598,1622
1667,1731
1677,1673
1676,1700
1721,1710
1689,1717
1733,1766
1774,1787
1761,1764
1761,1753
1737,1745
1809,1780
1778,1819
1839,1750
1790,1753
1818,1761
1836,1753
1825,1726
1777,1706
1786,1692
1699,1680
1719,1676
1729,1673
1711,1683
1708,1635
1690,1586
1627,1596
1575,1593
1613,1534
1566,1505
1612,1486
1548,1468
1552,1505
1505,1471
1467,1432
1483,1430
1413,1433
1467,1452
1438,1391
1400,1405
1416,1433
1423,1443
1417,1402
1435,1427
1456,1455
1359,1448
1414,1431
1403,1457
1474,1472
1429,1490
1490,1550
1489,1547
1521,1536
1556,1546
1539,1585
1597,1617
1572,1650
1593,1646
1650,1654
1662,1655
1675,1739
1662,1723
1706,1767
1736,1749
1719,1726
1750,1738
1769,1787
1781,1801
1832,1766
1798,1770
1823,1795
1817,1779
1796,1737
1771,1790
1783,1736
1799,1738
1736,1752
1734,1724
1692,1683
1745,1701
1674,1698
1676,1648
1679,1619
1616,1636
1607,1600
1588,1569
1630,1528
1497,1548
1502,1502
1497,1456
1479,1528
1454,1480
1490,1424
1445,1438
1458,1432
1447,1428
1393,1435
1389,1409
1394,1412
1375,1398
1360,1404
1412,1455
1417,1469
1420,1408
1437,1455
1421,1494
1465,1487
1450,1485
1502,1540
1465,1511
1513,1551
1529,1606
1558,1613
1624,1615
1601,1597
1658,1650
1648,1686
1654,1694
1736,1728
1741,1695
1705,1720
1778,1778
1684,1768
1747,1766
1796,1773
1770,1769
1824,1827
1862,1770
1802,1838
1799,1773
1795,1789
1760,1738
1810,1770
1700,1764
1760,1695
1762,1706
1769,1668
1740,1701
1677,1618
1674,1657
1644,1595
1629,1615
1612,1556
1596,1548
1548,1533
1505,1535
1508,1455
1514,1496
1490,1430
1465,1461
1502,1456
1435,1408
1431,1426
1418,1425
1345,1393
1443,1425
1388,1422
1355,1427
1427,1416
1395,1449
1398,1420
1444,1442
1408,1449
1429,1472
1518,1503
1444,1544
1560,1516
1453,1546
1542,1629
1540,1584
1547,1651
1618,1638
1656,1611
1667,1645
1656,1671
1708,1724
1698,1721
1723,1724
1792,1736
1767,1782
1808,1768
1815,1792
1771,1771
1788,1787
1804,1767
1791,1762
1813,1763
1859,1740
1826,1782
1758,1776
1744,1759
1815,1740
1766,1728
1713,1693
1749,1699
1731,1670
1678,1629
1695,1645
1565,1583
1637,1591
1629,1559
1533,1562
1517,1491
1544,1456
1479,1463
1487,1470
1473,1439
1451,1485
1405,1430
1438,1427
1391,1395
1445,1411
1398,1398
1382,1422
1399,1407
1432,1421
1384,1397
1419,1446
1428,1446
1398,1500
1452,1469
1366,1480
1449,1536
1494,1551
1506,1522
1497,1585
1566,1575
1599,1608
1580,1617
1598,1661
1636,1638
1687,1681
1665,1725
1723,1748
1700,1754
1705,1751
1790,1760
1768,1754
1788,1803
1814,1751
1813,1770
1821,1836
1776,1784
1825,1791
1802,1744
1834,1774
1817,1755
1783,1739
1781,1733
1795,1711
1736,1709
1702,1724
1678,1690
1685,1613
1665,1581
1633,1626
1659,1580
1575,1590
1546,1557
1552,1483
1499,1510
1487,1449
1437,1481
1436,1440
1417,1452
1464,1388
1411,1416
1450,1419
1401,1422
1333,1422
1379,1422
1382,1367
1398,1432
1355,1407
1412,1434
1380,1472
1412,1469
1450,1454
1457,1462
1470,1541
1456,1518
1517,1545
1544,1580
1564,1604
1567,1574
1582,1608
1641,1673
1590,1699
1701,1686
1702,1731
1693,1764
1750,1766
1758,1742
1763,1768
1810,1754
1802,1784
1788,1788
1826,1810
1785,1796
1789,1813
1777,1753
1814,1772
1794,1807
1798,1801
1773,1775
1757,1724
1770,1725
1712,1690
1700,1645
1681,1653
1711,1632
1672,1645
1673,1572
1640,1543
1581,1560
1621,1503
1578,1535
1525,1486
1501,1502
1506,1418
1452,1443
1440,1415
1413,1428
1426,1390
1395,1424
1386,1376
1421,1429
1399,1417
1355,1384
1412,1407
1423,1415
1432,1406
1411,1426
1454,1452
1498,1489
1419,1503
1423,1527
1507,1532
1441,1567
1539,1582
1550,1605
1558,1605
1627,1623
1641,1672
1665,1696
1655,1734
1685,1675
1714,1705
1696,1790
1762,1765
1847,1843
1798,1749
1762,1775
1817,1786
1824,1764
1796,1794
1820,1783
1788,1804
1819,1750
1774,1793
1819,1770
1778,1775
1759,1717
1754,1691
1786,1693
1704,1678
1661,1644
1671,1632
1637,1593
1652,1594
1638,1553
1606,1541
1569,1532
1524,1493
1507,1499
1500,1501
1495,1495
1444,1462
1432,1428
1455,1379
1403,1394
1362,1400
1337,1413
1377,1394
1422,1393
1409,1409
1425,1390
1364,1415
1375,1447
1389,1496
1454,1497
1412,1448
1519,1505
1440,1528
1468,1543
1504,1575
1550,1580
1575,1618
1641,1623
1637,1629
1639,1721
1689,1701
1675,1694
1738,1766
1743,1751
1764,1784
1670,1767
1786,1749
1772,1746
1829,1789
1816,1765
1795,1800
1800,1786
1827,1824
1789,1776
1843,1757
1810,1714
1780,1749
1762,1774
1780,1776
1769,1699
1696,1673
1716,1676
1685,1628
1663,1595
1606,1632
1613,1524
1559,1597
1541,1509
1578,1495
1502,1524
1461,1490
1447,1443
1451,1438
1424,1422
1424,1412
1442,1463
1440,1406
1411,1434
1397,1351
1415,1461
1362,1391
1369,1416
1398,1396
1405,1468
1425,1465
1379,1430
1450,1475
1466,1453
1457,1502
1488,1516
1484,1554
1503,1568
1542,1633
1550,1616
1620,1669
1609,1661
1634,1658
1702,1730
1761,1703
1710,1780
1742,1726
1749,1732
1769,1752
1848,1769
1816,1834
1797,1790
1813,1819
1815,1757
1806,1752
1834,1778
1794,1764
1820,1769
1775,1776
1768,1729
1749,1702
1823,1704
1749,1670
1746,1663
1743,1679
1651,1622
1677,1591
1644,1632
1555,1548
1556,1544
1533,1542
1522,1517
1477,1506
1494,1462
1474,1498
1444,1411
1399,1465
1425,1421
1401,1431
1406,1435
1386,1393
1359,1401
1337,1394
1401,1421
1412,1381
1383,1432
1386,1455
1449,1441
1420,1483
1457,1487
1517,1486
1487,1505
1514,1526
1507,1545
1563,1582
1593,1618
1596,1603
1586,1634
1569,1685
1700,1698
1670,1677
1696,1693
1716,1785
1752,1737
1789,1768
1780,1776
1830,1748
1805,1778
1827,1794
1828,1774
1868,1786
1813,1760
1844,1773
1830,1786
1791,1726
1761,1723
1800,1728
1738,1747
1744,1719
1765,1653
1694,1664
1683,1634
1639,1612
1612,1595
1642,1539
1565,1540
1561,1552
1542,1509
1487,1494
1451,1457
1525,1471
1445,1426
1491,1427
1422,1378
1374,1456
1365,1395
1427,1387
1381,1377
1351,1408
1383,1387
1373,1424
1391,1447
1418,1448
1446,1461
1450,1454
1452,1521
1477,1458
1492,1524
1436,1521
1561,1537
1546,1583
1563,1616
1607,1608
1611,1653
1618,1652
1676,1697
1704,1722
1664,1736
1730,1696
1684,1741
1787,1775
1794,1798
1780,1813
1830,1777
1818,1762
1839,1804
1795,1795
1820,1772
1814,1786
1801,1796
1804,1764
1780,1781
1813,1768
1748,1723
1700,1679
1755,1678
1683,1664
1691,1646
1668,1617
1639,1586
1612,1556
1552,1584
1593,1493
1552,1513
1551,1502
1470,1480
1419,1433
1467,1460
1447,1430
1433,1429
1451,1385
1412,1419
1407,1438
1351,1432
1416,1366
1436,1386
1414,1421
1365,1438
1383,1443
1403,1439
1366,1447
1428,1476
1471,1480
1487,1507
1497,1522
1503,1548
1526,1563
1552,1641
1617,1606
1558,1637
1617,1663
1641,1693
1687,1710
1704,1709
1693,1724
1760,1793
1710,1767
1757,1784
1765,1788
1846,1831
1853,1808
1763,1800
1828,1768
1835,1773
1776,1804
1784,1793
1804,1803
1821,1734
1761,1728
1774,1742
1742,1708
1728,1659
1720,1654
1704,1650
1676,1614
1653,1573
1631,1579
1592,1562
1578,1505
1562,1501
1564,1467
1423,1496
1441,1486
1420,1435
1474,1409
1440,1402
1455,1419
1390,1398
1392,1394
1404,1391
1385,1413
1388,1393
1382,1386
1434,1419
1379,1409
1400,1398
1409,1406
1418,1509
1427,1513
1490,1525
1491,1533
1529,1609
1547,1595
1569,1631
1577,1635
1605,1596
1629,1677
1620,1731
1645,1697
1680,1701
1709,1726
1713,1759
1767,1766
1784,1768
1767,1786
1761,1843
1795,1770
1842,1834
1808,1766
1815,1799
1800,1767
1832,1783
1807,1779
1829,1769
1773,1731
1757,1730
1756,1687
1717,1694
1684,1684
1713,1647
1688,1626
1631,1597
1638,1539
1612,1541
1572,1495
1549,1481
1522,1476
1513,1498
1533,1461
1461,1430
1433,1444
1431,1424
1391,1375
1416,1425
1396,1429
1448,1373
1399,1398
1334,1377
1398,1442
1410,1387
1407,1428
1435,1465
1375,1451
1418,1468
1437,1508
1431,1535
1446,1542
1528,1557
1530,1588
1533,1606
1571,1637
1618,1628
1649,1642
1621,1663
1671,1700
1682,1746
1684,1699
1727,1722
1759,1754
1774,1799
1789,1801
1814,1823
1772,1796
1769,1813
1795,1805
1788,1773
1813,1829
1832,1773
1797,1792
1858,1747
1775,1758
1756,1721
1773,1686
1786,1697
1717,1673
1705,1628
1627,1663
1668,1576
1650,1576
1625,1519
1571,1558
1532,1516
1549,1476
1552,1468
1479,1446
1445,1469
1400,1422
1468,1428
1430,1392
1416,1417
1352,1389
1390,1411
1393,1423
1388,1410
1385,1427
1394,1423
1376,1434
1423,1448
1440,1453
1438,1458
1498,1470
1443,1523
1459,1538
1524,1574
1523,1616
1609,1614
1598,1636
1683,1626
1616,1658
1652,1651
1655,1718
1729,1729
1706,1723
1715,1750
1768,1747
1772,1815
1758,1748
1786,1776
1784,1820
1819,1782
1778,1803
1768,1781
1809,1743
1768,1750
1778,1761
1838,1767
1809,1719
1748,1707
1737,1708
1756,1689
1696,1670
1737,1653
1687,1575
1658,1607
1611,1546
1586,1531
1602,1546
1524,1489
1529,1515
1496,1460
1487,1473
1462,1391
1437,1440
1423,1412
1399,1435
1410,1373
1322,1404
1352,1390
1365,1380
1366,1399
1360,1418
1429,1397
1452,1455
1383,1469
1382,1458
1424,1500
1406,1510
1496,1518
1509,1555
1484,1555
1576,1567
1569,1599
1566,1647
1584,1678
1657,1690
1625,1661
1720,1706
1670,1719
1719,1742
1719,1761
1740,1763
1777,1835
1775,1801
1798,1790
1786,1827
1855,1791
1863,1809
1837,1796
1836,1764
1770,1814
1860,1771
1788,1718
1784,1738
1787,1721
1767,1737
1680,1649
1714,1665
1680,1663
1648,1608
1640,1584
1601,1581
1569,1547
1562,1491
1537,1508
1465,1492
1521,1489
1486,1462
1455,1470
1456,1403
1424,1442
1377,1408
1420,1426
1421,1381
1423,1374
1408,1423
1407,1428
1405,1436
1406,1428
1404,1394
1408,1443
1434,1464
1405,1486
1470,1498
1500,1528
1493,1512
1549,1538
1574,1591
1555,1618
1611,1601
1588,1648
1621,1662
1663,1684
1664,1666
1716,1726
1741,1752
1796,1740
1745,1752
1790,1785
1772,1809
1796,1802
1830,1786
1792,1807
1840,1794
1799,1768
1765,1781
1809,1771
1847,1770
1819,1741
1759,1720
1765,1720
1728,1692
1702,1664
1671,1627
1732,1574
1639,1621
1673,1575
1619,1544
1571,1607
1551,1516
1540,1528
1555,1482
1505,1465
1484,1439
1468,1478
1452,1415
1467,1448
1380,1387
1394,1448
1433,1389
1369,1428
1356,1401
1400,1394
1356,1407
1381,1444
1418,1447
1408,1430
1414,1460
1447,1510
1485,1551
1479,1516
1471,1555
1527,1517
1576,1582
1559,1628
1580,1585
1594,1635
1623,1676
1665,1699
1742,1709
1702,1742
1685,1736
1751,1765
1752,1779
1810,1769
1799,1799
1818,1776
1790,1793
1884,1804
1847,1790
1818,1772
1789,1784
1777,1702
1772,1759
1807,1739
1737,1753
1743,1703
1779,1711
1647,1670
1690,1649
1694,1649
1606,1601
1665,1590
1580,1563
1583,1563
1521,1540
1526,1427
1507,1479
1470,1481
1491,1471
1511,1443
1450,1395
1404,1401
1410,1441
1374,1453
1377,1413
1366,1407
1417,1387
1363,1388
1413,1428
1372,1394
1432,1446
1415,1441
1436,1454
1498,1510
1516,1483
1494,1526
1538,1554
1493,1545
1547,1585
1555,1623
1538,1641
1629,1655
1692,1669
1694,1726
1655,1725
1702,1757
1755,1741
1769,1781
1790,1789
1766,1807
1735,1762
1765,1770
1803,1758
1797,1801
1797,1767
1816,1743
1819,1795
1787,1775
1775,1724
1812,1738
1791,1706
1755,1671
1776,1678
1716,1679
1687,1643
1643,1638
1663,1564
1598,1600
1616,1541
1567,1550
1578,1494
1494,1465
1485,1478
1460,1480
1504,1478
1497,1444
1433,1434
1437,1428
1421,1409
1385,1422
1371,1391
1397,1403
1417,1412
1407,1419
1427,1443
1345,1441
1396,1467
1449,1468
1425,1493
1476,1483
1460,1475
1505,1540
1500,1542
1523,1559
1534,1582
1559,1635
1578,1642
1642,1643
1628,1676
1709,1712
1678,1701
1744,1709
1686,1724
1751,1761
1738,1783
1784,1793
1802,1792
1785,1782
1773,1747
1819,1772
1839,1782
1763,1790
1801,1760
1804,1744
1829,1797
1789,1767
1786,1674
1741,1708
1735,1688
1722,1700
1679,1683
1651,1613
1634,1584
1616,1577
1614,1557
1589,1568
1546,1516
1530,1508
1512,1464
1539,1455
1483,1461
1491,1431
1450,1445
1424,1422
1421,1430
1449,1395
1404,1396
1369,1461
1378,1393
1332,1427
1428,1430
1388,1407
1383,1422
1434,1453
1460,1486
1436,1543
1452,1491
1527,1547
1542,1567
1506,1592
1537,1614
1576,1592
1585,1667
1603,1649
1693,1627
1690,1696
1718,1719
1745,1699
1768,1748
1721,1741
1784,1811
1799,1800
1790,1829
1782,1761
1798,1798
1813,1785
1799,1766
1851,1768
1782,1795
1854,1728
1792,1721
1751,1722
1781,1749
1751,1708
1739,1697
1679,1687
1702,1670
1678,1625
1665,1602
1610,1630
1616,1585
1563,1535
1555,1509
1521,1535
1476,1475
1463,1454
1503,1447
1494,1462
1404,1439
1456,1388
1405,1395
1406,1383
1425,1386
1414,1396
1384,1454
1379,1410
1409,1419
1408,1405
1410,1413
1438,1445
1414,1431
1472,1534
1444,1521
1508,1522
1513,1575
1523,1590
1561,1621
1580,1637
1613,1647
1641,1700
1618,1661
1659,1704
1717,1693
1675,1734
1750,1740
1730,1745
1794,1760
1777,1788
1780,1813
1773,1767
1787,1772
1814,1766
1778,1777
1790,1799
1806,1791
1747,1761
1757,1764
1812,1713
1753,1737
1703,1689
1740,1652
1718,1690
1730,1660
1670,1643
1637,1593
1607,1581
1575,1557
1575,1515
1603,1487
1538,1476
1495,1476
1510,1479
1516,1449
1396,1474
1458,1421
1410,1404
1381,1392
1436,1434
1425,1455
1447,1436
1384,1388
1408,1437
1406,1437
1433,1449
1451,1460
1453,1414
1419,1462
1508,1519
1402,1499
1489,1507
1518,1546
1506,1565
1588,1626
1558,1618
1566,1624
1654,1659
1618,1697
1692,1710
1675,1725
1679,1748
1741,1741
1748,1771
1782,1778
1767,1758
1828,1768
1791,1758
1779,1833
1799,1797
1758,1773
1780,1791
1834,1783
1749,1755
1802,1749
1835,1734
1713,1774
1759,1736
1713,1639
1661,1647
1689,1634
1641,1607
1623,1627
1639,1596
1598,1564
1591,1574
1532,1516
1556,1531
1538,1500
1454,1466
1466,1454
1393,1468
1412,1403
1436,1414
1409,1433
1423,1413
1420,1421
1441,1410
1379,1427
1392,1446
1409,1424
1411,1461
1462,1465
1440,1470
1460,1507
1472,1486
1473,1457
1487,1542
1552,1533
1494,1567
1567,1600
1606,1623
1610,1636
1647,1655
1687,1683
1680,1723
1707,1709
1731,1729
1674,1729
1759,1716
1748,1740
1823,1752
1821,1793
1798,1783
1832,1796
1808,1768
1800,1771
1799,1777
1801,1749
1769,1780
1790,1772
1782,1704
1760,1740
1746,1684
1733,1674
1696,1646
1676,1616
1684,1638
1714,1599
1674,1559
1574,1585
1591,1488
1538,1536
1524,1519
1524,1516
1453,1459
1499,1462
1461,1476
1428,1450
1482,1402
1480,1418
1403,1431
1411,1392
1434,1423
1432,1418
1389,1394
1452,1443
1421,1391
1398,1454
1417,1445
1393,1484
1441,1550
1480,1493
1474,1517
1506,1554
1539,1601
1570,1581
1584,1615
1591,1639
1621,1694
1624,1668
1655,1681
1642,1707
1672,1715
1718,1738
1717,1756
1779,1762
1759,1756
1822,1738
1785,1823
1838,1777
1792,1747
1785,1734
1732,1815
1784,1800
1817,1733
1781,1733
1705,1734
1810,1705
1742,1716
1747,1683
1689,1661
1690,1661
1669,1590
1649,1583
1654,1597
1589,1562
1633,1528
1592,1540
1548,1489
1550,1491
1512,1464
1480,1476
1478,1468
1430,1434
1489,1411
1452,1460
1440,1467
1476,1416
1430,1438
1431,1406
1424,1417
1408,1435
1409,1450
1388,1470
1439,1448
1445,1482
1455,1546
1495,1512
1508,1520
1508,1546
1499,1562
1537,1599
1603,1604
1585,1622
1646,1628
1635,1701
1694,1689
1670,1724
1697,1719
1715,1713
1756,1785
1741,1750
1769,1771
1758,1736
1811,1767
1722,1742
1761,1757
1780,1738
1763,1819
1765,1768
1800,1763
1830,1755
1742,1721
1751,1737
1735,1727
1739,1668
1703,1709
1666,1662
1640,1639
1654,1635
1612,1631
1614,1583
1598,1564
1570,1547
1596,1529
1540,1478
1468,1491
1511,1493
1497,1478
1441,1460
1468,1436
1446,1404
1405,1462
1438,1441
1413,1461
1446,1438
1383,1403
1400,1429
1416,1456
1443,1461
1453,1492
1414,1427
1474,1499
1462,1491
1509,1517
1567,1558
1542,1581
1561,1595
1556,1629
1575,1654
1576,1630
1641,1650
1643,1684
1682,1714
1698,1672
1675,1714
1740,1738
1748,1743
1754,1748
1768,1738
1766,1768
1792,1775
1791,1792
1810,1741
1835,1751
1769,1728
1812,1747
1823,1730
1783,1747
1734,1727
1763,1710
1738,1700
1723,1672
1707,1695
1695,1665
1640,1646
1627,1613
1641,1583
1553,1553
1561,1601
1577,1577
1537,1466
1483,1525
1495,1520
1435,1467
1493,1436
1463,1480
1441,1453
1449,1429
1368,1422
1421,1418
1411,1481
1369,1407
1460,1453
1420,1429
1391,1429
1392,1495
1493,1450
1484,1545
1462,1541
1478,1527
1458,1516
1478,1542
1520,1531
1554,1602
1552,1609
1574,1627
1633,1666
1651,1678
1653,1689
1696,1665
1708,1682
1706,1693
1752,1727
1771,1713
1751,1706
1777,1778
1775,1775
1764,1752
1758,1734
1796,1739
1806,1771
1790,1748
1809,1762
1779,1741
1771,1705
1743,1727
1762,1730
1716,1681
1724,1663
1674,1638
1629,1657
1663,1574
1642,1580
1673,1540
1594,1566
1614,1513
1513,1510
1527,1508
1499,1479
1439,1481
1488,1451
1472,1452
1452,1429
1432,1449
1451,1445
1446,1432
1401,1426
1449,1391
1406,1422
1425,1457
1403,1440
1401,1481
1424,1460
1405,1453
1444,1487
1496,1510
1464,1505
1475,1512
1514,1580
1554,1598
1517,1595
1600,1614
1640,1607
1598,1667
1661,1643
1622,1724
1747,1670
1720,1680
1666,1744
1720,1723
1737,1759
1785,1754
1751,1718
1746,1735
1814,1770
1779,1784
1804,1759
1791,1755
1786,1739
1768,1749
1786,1748
1691,1743
1714,1693
1694,1687
1721,1695
1685,1620
1692,1648
1654,1615
1684,1657
1640,1583
1612,1577
1641,1568
1585,1562
1631,1548
1526,1493
1522,1483
1466,1515
1503,1447
1441,1464
1463,1482
1416,1485
1442,1430
1412,1436
1415,1436
1415,1437
1362,1446
1417,1441
1422,1438
1429,1439
1416,1444
1441,1506
1423,1529
1482,1507
1509,1559
1480,1521
1501,1531
1534,1596
1584,1603
1540,1620
1577,1640
1595,1673
1613,1677
1627,1651
1726,1694
1707,1687
1735,1711
1709,1787
1701,1768
1731,1781
1804,1751
1755,1756
1789,1746
1753,1777
1768,1773
1800,1738
1788,1749
1821,1759
1740,1755
1777,1723
1730,1676
1718,1728
1684,1676
1781,1646
1691,1682
1683,1686
1685,1637
1601,1603
1602,1577
1560,1541
1569,1572
1544,1553
1523,1543
1537,1524
1483,1494
1467,1504
1452,1463
1469,1451
1441,1427
1433,1472
1459,1443
1374,1444
1408,1415
1426,1433
1428,1425
1409,1457
1439,1474
1441,1496
1457,1499
1422,1514
1440,1511
1469,1519
1457,1559
1519,1522
1578,1564
1561,1624
1610,1584
1620,1640
1648,1644
1649,1686
1619,1706
1666,1670
1674,1728
1690,1687
1767,1763
1758,1723
1725,1741
1736,1789
1804,1758
1774,1758
1794,1728
1790,1767
1767,1747
1800,1728
1731,1726
1771,1738
1756,1696
1760,1701
1716,1685
1680,1656
1714,1695
1678,1687
1721,1621
1645,1625
1643,1656
1618,1530
1571,1549
1581,1531
1591,1538
1573,1503
1524,1512
1517,1479
1539,1482
1475,1449
1408,1423
1422,1391
1418,1439
1427,1456
1444,1432
1433,1445
1393,1438
1449,1435
1454,1431
1453,1463
1461,1495
1441,1448
1472,1459
1440,1517
1490,1524
1507,1521
1498,1555
1499,1602
1532,1594
1568,1571
1593,1633
1658,1651
1636,1655
1658,1693
1706,1727
1664,1697
1656,1714
1713,1692
1771,1720
1762,1743
1740,1801
1736,1751
1750,1758
1758,1775
1765,1785
1769,1723
1771,1764
1795,1745
1754,1746
1797,1701
1681,1698
1762,1689
1742,1657
1751,1708
1677,1659
1648,1640
1640,1641
1658,1616
1629,1557
1561,1599
1591,1570
1551,1561
1515,1538
1572,1485
1565,1514
1495,1502
1482,1477
1434,1470
1474,1457
1451,1476
1436,1466
1430,1483
1383,1418
1432,1447
1415,1452
1412,1455
1419,1449
1431,1450
1453,1469
1453,1481
1459,1483
1473,1523
1502,1528
1476,1549
1556,1577
1514,1583
1535,1579
1557,1580
1622,1622
1611,1659
1633,1670
1590,1677
1694,1700
1673,1721
1704,1721
1750,1715
1750,1689
1762,1725
1740,1734
1738,1742
1805,1738
1821,1730
1773,1726
1753,1738
1762,1782
1800,1746
1704,1764
1704,1741
1758,1729
1737,1671
1741,1684
1736,1648
1697,1674
1641,1660
1661,1588
1658,1597
1635,1620
1583,1574
1578,1536
1526,1544
1574,1525
1543,1499
1495,1497
1522,1468
1455,1491
1460,1470
1423,1406
1445,1420
1398,1454
1411,1462
1427,1451
1404,1452
1398,1438
1457,1473
1434,1472
1446,1470
1460,1472
1457,1513
1462,1519
1471,1481
1484,1558
1542,1568
1474,1601
1559,1578
1592,1581
1564,1582
1564,1602
1602,1667
1656,1687
1680,1675
1674,1662
1763,1695
1706,1740
1738,1757
1753,1722
1732,1739
1788,1784
1780,1746
1754,1776
1736,1760
1773,1725
1774,1727
1769,1737
1777,1747
1742,1703
1764,1704
1766,1715
1721,1672
1709,1698
1658,1629
1650,1658
1664,1648
1661,1605
1637,1584
1587,1578
1586,1566
1509,1567
1557,1523
1559,1529
1533,1535
1462,1473
1458,1512
1411,1460
1473,1494
1477,1463
1438,1426
1492,1441
1447,1468
1371,1466
1454,1439
1391,1464
1439,1469
1419,1459
1425,1484
1430,1512
1436,1531
1423,1538
1509,1497
1487,1560
1486,1538
1527,1558
1529,1553
1548,1553
1553,1642
1589,1644
1633,1641
1645,1641
1643,1657
1668,1673
1695,1700
1685,1709
1726,1700
1688,1698
1708,1765
1751,1750
1749,1723
1703,1762
1720,1750
1740,1740
1746,1755
1733,1752
1722,1728
1778,1721
1721,1725
1694,1674
1732,1696
1675,1668
1682,1632
1653,1640
1605,1660
1632,1618
1622,1574
1650,1567
1647,1594
1564,1553
1590,1569
1556,1513
1506,1485
1522,1455
1476,1477
1475,1476
1463,1476
1450,1477
1420,1414
1435,1478
1420,1447
1417,1449
1398,1450
1471,1451
1427,1499
1407,1473
1420,1453
1461,1491
1409,1519
1486,1484
1487,1511
1495,1557
1515,1546
1571,1565
1533,1561
1576,1630
1599,1572
1602,1630
1673,1643
1635,1652
1643,1662
1659,1707
1677,1712
1711,1678
1695,1710
1727,1707
1730,1737
1713,1773
1743,1737
1732,1769
1747,1752
1757,1749
1761,1694
1775,1722
1744,1737
1773,1724
1764,1697
1721,1677
1723,1723
1685,1691
1709,1643
1683,1666
1652,1682
1640,1601
1693,1624
1642,1573
1636,1605
1544,1549
1591,1513
1564,1532
1561,1489
1556,1504
1480,1490
1473,1487
1505,1504
1463,1466
1457,1436
1440,1433
1465,1469
1391,1441
1453,1465
1435,1477
1455,1450
1401,1442
1444,1501
1441,1517
1449,1519
1512,1483
1467,1503
1475,1574
1485,1510
1514,1551
1551,1531
1566,1584
1576,1625
1611,1620
1601,1638
1644,1670
1640,1629
1673,1678
1687,1672
1700,1723
1682,1686
1677,1707
1737,1714
1748,1759
1698,1773
1731,1731
1778,1752
1720,1725
1835,1757
1816,1814
1771,1772
1773,1728
1736,1729
1666,1693
1735,1734
1727,1659
1709,1685
1688,1660
1674,1627
1681,1646
1635,1652
1650,1572
1652,1593
1629,1582
1614,1543
1576,1496
1602,1536
1544,1548
1590,1499
1454,1459
1516,1482
1495,1468
1482,1460
1472,1447
1453,1488
1424,1481
1439,1474
1420,1462
1436,1460
1420,1475
1458,1447
1420,1534
1484,1492
1453,1492
1487,1470
1535,1513
1483,1537
1496,1559
1514,1566
1538,1583
1577,1587
1560,1590
1614,1619
1560,1626
1660,1645
1635,1647
1654,1691
1651,1685
1671,1691
1688,1735
1676,1764
1686,1724
1764,1750
1769,1712
1781,1758
1758,1752
1737,1746
1725,1734
1782,1736
1783,1686
1797,1728
1703,1723
1790,1745
1682,1724
1690,1681
1684,1685
1669,1662
1678,1642
1666,1626
1627,1578
1636,1623
1626,1627
1555,1571
1601,1554
1558,1565
1502,1515
1513,1537
1549,1483
1512,1495
1477,1471
1481,1428
1493,1418
1424,1457
1480,1463
1464,1424
1461,1466
1430,1466
1451,1436
1405,1484
1420,1457
1441,1480
1450,1471
1428,1509
1453,1535
1506,1506
1498,1574
1532,1526
1480,1560
1518,1567
1577,1586
1617,1635
1609,1625
1615,1635
1589,1643
1654,1627
1622,1689
1618,1681
1696,1700
1690,1714
1720,1740
1740,1722
1709,1754
1699,1730
1737,1742
1762,1730
1747,1742
1737,1722
1790,1753
1768,1710
1737,1769
1727,1764
1775,1748
1750,1681
1706,1672
1684,1695
1708,1659
1648,1670
1650,1664
1650,1598
1653,1590
1611,1595
1620,1590
1590,1550
1570,1514
1545,1535
1567,1505
1507,1507
1513,1487
1475,1498
1464,1445
1441,1469
1445,1476
1489,1427
1449,1447
1459,1445
1483,1451
1450,1477
1409,1439
1401,1456
1446,1452
1423,1479
1456,1540
1496,1476
1459,1507
1514,1531
1498,1549
1500,1534
1539,1572
1547,1576
1566,1592
1545,1600
1598,1629
1628,1642
1626,1654
1686,1680
1695,1669
1678,1725
1693,1694
1755,1692
1762,1764
1763,1767
1751,1747
1731,1801
1784,1749
1743,1764
1787,1775
1782,1757
1761,1714
1793,1734
1755,1756
1699,1692
1703,1722
1744,1693
1741,1720
1678,1646
1712,1621
1663,1668
1670,1596
1674,1637
1629,1585
1630,1587
1598,1553
1520,1568
1569,1501
1580,1544
1551,1540
1512,1467
1493,1515
1474,1515
1438,1459
1472,1492
1453,1490
1461,1499
1404,1419
1405,1447
1475,1448
1425,1392
1456,1488
1433,1442
1455,1467
1416,1477
1497,1531
1494,1484
1475,1534
1486,1514
1543,1540
1530,1544
1499,1540
1532,1599
1547,1597
1578,1615
1612,1616
1593,1613
1664,1645
1650,1645
1669,1656
1713,1727
1656,1703
1713,1695
1721,1737
1742,1721
1772,1740
1738,1733
1767,1759
1805,1792
1731,1765
1745,1723
1779,1741
1784,1743
1733,1730
1696,1707
1709,1753
1687,1701
1702,1692
1723,1667
1672,1652
1707,1630
1672,1621
1677,1644
1609,1614
1609,1559
1578,1583
1581,1501
1574,1580
1590,1543
1529,1525
1555,1516
1524,1501
1504,1458
1456,1531
1471,1445
1442,1483
1449,1454
1479,1519
1440,1470
1509,1467
1444,1488
1433,1428
1399,1460
1462,1478
1490,1456
1455,1512
1479,1516
1470,1503
1464,1562
1482,1544
1576,1563
1533,1589
1526,1590
1567,1582
1553,1596
1595,1654
1606,1615
1621,1642
1629,1675
1674,1701
1683,1680
1693,1718
1708,1705
1735,1745
1713,1733
1706,1722
1755,1722
1793,1716
1723,1745
1772,1772
1757,1750
1793,1731
1714,1751
1751,1730
1742,1732
1746,1687
1719,1705
1748,1698
1678,1669
1685,1670
1723,1602
1648,1615
1591,1576
1657,1613
1612,1573
1600,1595
1601,1554
1551,1565
1553,1524
1524,1496
1524,1512
1526,1475
1504,1493
1465,1461
1539,1405
1407,1438
1396,1485
1453,1426
1471,1438
1426,1482
1434,1487
1474,1523
1461,1479
1435,1480
1455,1497
1453,1486
1503,1524
1439,1482
1449,1482
1534,1558
1556,1560
1559,1573
1521,1574
1538,1577
1557,1599
1546,1627
1594,1617
1678,1663
1644,1620
1629,1664
1673,1745
1626,1727
1709,1708
1707,1723
1742,1738
1785,1705
1748,1705
1781,1759
1782,1733
1754,1738
1756,1771
1768,1734
1806,1723
1720,1749
1739,1729
1777,1695
1721,1724
1760,1673
1753,1688
1728,1638
1720,1669
1708,1665
1625,1611
1639,1616
1638,1600
1641,1590
1561,1583
1625,1558
1558,1523
1573,1504
1501,1526
1543,1500
1505,1497
1507,1463
1481,1462
1453,1481
1417,1467
1471,1498
1461,1486
1428,1459
1443,1448
1456,1489
1440,1488
1465,1483
1439,1513
1462,1472
1379,1491
1446,1506
1470,1485
1499,1524
1502,1545
1554,1542
1550,1538
1579,1539
1562,1601
1564,1598
1604,1628
1597,1627
1603,1627
1618,1668
1652,1638
1641,1646
1662,1681
1713,1712
1723,1726
1770,1812
1783,1724
1710,1723
1719,1737
1802,1744
1752,1712
1750,1730
1754,1748
1774,1715
1768,1771
1752,1770
1728,1716
1736,1729
1739,1743
1739,1673
1687,1681
1724,1671
1672,1650
1644,1584
1642,1617
1597,1596
1602,1540
1562,1547
1571,1568
1495,1551
1553,1528
1507,1552
1545,1523
1500,1493
1510,1485
1457,1494
1450,1426
1467,1486
1429,1461
1413,1403
1454,1447
1442,1434
1448,1443
1394,1471
1462,1452
1422,1480
1458,1445
1456,1525
1460,1490
1455,1519
1478,1505
1530,1565
1504,1544
1528,1590
1547,1568
1538,1611
1576,1636
1661,1604
1598,1636
1627,1664
1702,1659
1662,1659
1667,1659
1705,1684
1706,1707
1729,1733
1733,1705
1746,1787
1757,1702
1766,1729
1770,1707
1781,1769
1776,1729
1748,1781
1790,1718
1782,1716
1742,1733
1761,1698
1742,1700
1759,1723
1717,1675
1742,1662
1722,1621
1662,1657
1639,1666
1661,1643
1635,1605
1683,1588
1547,1596
1545,1551
1582,1558
1579,1533
1559,1504
1524,1482
1499,1502
1473,1512
1495,1481
1471,1429
1445,1442
1430,1500
1442,1454
1480,1472
1455,1450
1399,1472
1437,1423
1428,1469
1415,1419
1428,1463
1453,1493
1472,1483
1459,1523
1455,1529
1512,1496
1494,1576
1468,1543
1555,1568
1527,1601
1585,1604
1591,1581
1592,1610
1616,1665
1634,1724
1648,1667
1721,1675
1703,1689
1710,1696
1733,1725
1723,1749
1736,1711
1745,1752
1782,1746
1749,1757
1804,1736
1749,1789
1763,1789
1746,1757
1753,1719
1778,1744
1721,1742
1722,1692
1751,1727
1748,1684
1743,1662
1708,1672
1652,1645
1651,1655
1657,1608
1654,1611
1621,1600
1618,1595
1562,1558
1582,1533
1598,1541
1554,1545
1588,1505
1511,1517
1446,1476
1516,1489
1450,1495
1502,1473
1468,1497
1435,1453
1428,1440
1438,1449
1441,1454
1403,1445
1458,1458
1452,1451
1427,1420
1431,1455
1465,1479
1475,1501
1474,1521
1450,1538
1496,1539
1500,1539
1488,1576
1547,1583
1558,1565
1535,1607
1546,1623
1615,1648
1626,1640
1605,1651
1656,1694
1665,1714
1683,1672
1717,1722
1720,1727
1762,1759
1736,1735
1721,1699
1768,1757
1799,1751
1783,1759
1810,1797
1740,1732
1783,1793
1777,1730
1805,1724
1723,1709
1791,1698
1719,1693
1731,1738
1761,1663
1735,1675
1660,1641
1652,1673
1649,1680
1659,1638
1579,1619
1643,1611
1583,1590
1591,1523
1565,1541
1520,1535
1533,1496
1553,1520
1465,1511
1492,1506
1477,1482
1498,1468
1443,1434
1488,1430
1441,1482
1447,1421
1410,1432
1415,1407
1406,1455
1459,1465
1461,1475
1430,1449
1428,1474
1433,1515
1433,1484
1479,1491
1499,1515
1482,1552
1512,1561
1534,1573
1534,1581
1584,1586
1603,1604
1606,1656
1600,1610
1678,1667
1679,1697
1648,1691
1663,1686
1677,1701
1701,1725
1666,1735
1706,1732
1775,1725
1764,1753
1784,1736
1766,1711
1752,1734
1771,1763
1779,1744
1735,1758
1775,1742
1725,1740
1769,1706
1718,1705
1728,1753
1701,1700
1728,1687
1737,1703
1685,1663
1663,1689
1605,1611
1638,1615
1621,1604
1581,1564
1599,1550
1575,1515
1571,1558
1484,1516
1507,1477
1543,1453
1483,1464
1495,1458
1461,1461
1474,1469
1435,1470
1499,1445
1417,1453
1414,1419
1445,1416
1402,1447
1455,1483
1425,1448
1445,1493
1465,1426
1452,1438
1460,1504
1429,1511
1503,1491
1480,1553
1466,1536
1490,1574
1540,1576
1571,1616
1530,1628
1602,1604
1604,1653
1646,1626
1638,1636
1641,1698
1649,1703
1650,1729
1670,1728
1706,1726
1708,1751
1765,1782
1775,1762
1773,1742
1778,1781
1764,1776
1751,1754
1756,1740
1755,1739
1834,1746
1786,1774
1726,1763
1731,1707
1778,1702
1778,1677
1720,1728
1740,1655
1694,1638
1683,1646
1685,1624
1653,1640
1644,1604
1580,1596
1631,1567
1638,1588
1542,1520
1561,1537
1484,1498
1508,1534
1527,1504
1483,1461
1467,1469
1451,1421
1434,1432
1456,1416
1438,1432
1444,1454
1414,1433
1441,1453
1411,1416
1419,1456
1399,1450
1399,1484
1455,1464
1411,1450
1423,1500
1489,1506
1447,1536
1515,1539
1491,1543
1527,1556
1568,1599
1486,1591
1563,1634
1556,1635
1598,1656
1602,1678
1647,1683
1664,1696
1633,1653
1695,1674
1699,1678
1732,1719
1803,1728
1779,1747
1769,1740
1771,1756
1776,1760
1754,1747
1758,1778
1768,1768
1769,1791
1785,1727
1782,1747
1754,1712
1785,1770
1735,1734
1699,1678
1738,1684
1722,1680
1683,1701
1689,1640
1707,1638
1625,1619
1644,1579
1638,1595
1616,1576
1577,1553
1565,1556
1582,1540
1552,1482
1501,1527
1524,1476
1456,1454
1459,1488
1467,1427
1480,1454
1496,1423
1423,1425
1413,1460
1442,1464
1497,1429
1436,1454
1460,1457
1409,1437
1421,1449
1408,1499
1443,1459
1456,1494
1474,1540
1452,1451
1474,1542
1538,1522
1495,1534
1505,1571
1538,1558
1559,1623
1582,1625
1572,1680
1664,1657
1640,1690
1684,1662
1641,1746
1675,1717
1733,1696
1705,1748
1756,1731
1785,1747
1762,1764
1741,1817
1795,1753
1782,1793
1732,1763
1794,1771
1807,1726
1762,1773
1752,1781
1767,1738
1755,1721
1728,1683
1733,1696
1742,1670
1704,1675
1646,1715
1667,1628
1661,1617
1663,1652
1629,1593
1646,1587
1645,1595
1572,1579
1568,1561
1538,1530
1540,1545
1540,1458
1535,1504
1498,1484
1435,1486
1454,1432
1465,1449
1439,1441
1468,1445
1449,1425
1402,1413
1418,1463
1424,1467
1443,1432
1438,1430
1414,1444
1390,1442
1452,1465
1442,1503
1458,1489
1417,1504
1469,1463
1500,1536
1507,1521
1591,1548
1520,1578
1565,1625
1605,1614
1608,1605
1624,1683
1587,1653
1619,1663
1625,1735
1646,1670
1686,1711
1716,1735
1724,1745
1719,1733
1699,1702
1765,1766
1793,1751
1775,1767
1775,1766
1800,1775
1785,1788
1807,1770
1777,1751
1799,1752
1760,1744
1744,1748
1787,1719
1777,1706
1697,1690
1654,1671
1690,1637
1696,1656
1686,1648
1657,1613
1635,1583
1621,1562
1633,1570
1553,1559
1573,1537
1531,1522
1521,1540
1497,1449
1473,1485
1503,1443
1500,1460
1517,1477
1453,1400
1413,1457
1477,1417
1420,1419
1413,1441
1366,1432
1388,1373
1397,1407
1440,1425
1467,1457
1421,1462
1447,1471
1450,1470
1448,1480
1466,1493
1484,1547
1493,1503
1501,1551
1530,1595
1576,1560
1568,1592
1577,1591
1588,1677
1641,1677
1663,1649
1604,1708
1692,1642
1684,1699
1711,1697
1709,1747
1737,1752
1720,1754
1803,1722
1765,1771
1735,1759
1784,1792
1794,1758
1751,1767
1800,1758
1816,1760
1778,1780
1708,1737
1785,1738
1738,1728
1740,1767
1797,1700
1717,1698
1745,1640
1703,1655
1685,1622
1669,1648
1657,1651
1695,1571
1662,1585
1602,1599
1577,1547
1567,1549
1571,1519
1516,1499
1534,1477
1466,1469
1502,1503
1460,1458
1452,1439
1453,1414
1388,1419
1390,1449
1343,1467
1431,1409
1381,1428
1411,1430
1432,1464
1405,1415
1415,1446
1407,1462
1456,1438
1445,1434
1439,1495
1476,1460
1458,1537
1540,1551
1505,1541
1558,1544
1521,1556
1546,1586
1567,1608
1608,1646
1622,1656
1672,1655
1617,1698
1673,1683
1731,1719
1666,1737
1719,1720
1685,1767
1734,1744
1766,1780
1747,1778
1805,1758
1796,1795
1773,1796
1781,1743
1809,1768
1797,1778
1809,1762
1770,1727
1769,1786
1757,1738
1747,1707
1783,1714
1655,1707
1742,1656
1684,1665
1685,1640
1645,1664
1655,1612
1607,1620
1600,1587
1590,1594
1579,1555
1515,1548
1579,1521
1558,1526
1498,1492
1493,1460
1508,1444
1484,1494
1449,1397
1440,1469
1475,1490
1407,1414
1370,1429
1399,1426
1375,1415
1443,1437
1432,1404
1388,1441
1383,1439
1471,1491
1444,1495
1430,1472
1495,1489
1496,1501
1447,1539
1561,1505
1457,1538
1498,1566
1563,1606
1592,1603
1533,1617
1549,1675
1623,1618
1611,1640
1660,1656
1660,1723
1666,1719
1718,1713
1691,1740
1770,1727
1741,1761
1763,1774
1740,1743
1808,1710
1817,1764
1812,1768
1788,1771
1801,1786
1801,1748
1761,1774
1787,1785
1824,1750
1765,1762
1751,1708
1757,1731
1731,1688
1705,1696
1742,1640
1736,1652
1677,1653
1649,1607
1643,1666
1642,1575
1588,1579
1644,1592
1582,1537
1538,1530
1566,1541
1491,1444
1501,1489
1484,1451
1486,1444
1428,1438
1447,1432
1451,1422
1412,1409
1437,1415
1420,1399
1423,1420
1371,1371
1413,1430
1387,1433
1388,1446
1390,1448
1429,1424
1370,1463
1445,1497
1432,1500
1478,1500
1490,1492
1516,1555
1494,1538
1531,1571
1556,1575
1557,1574
1561,1620
1611,1645
1604,1660
1623,1662
1666,1642
1682,1701
1716,1725
1751,1725
1727,1751
1740,1778
1780,1756
1792,1790
1762,1798
1765,1759
1768,1804
1815,1787
1797,1770
1810,1766
1804,1765
1834,1779
1803,1782
1766,1752
1762,1730
1780,1733
1750,1702
1746,1709
1738,1672
1731,1707
1682,1658
1679,1652
1643,1607
1622,1608
1625,1587
1637,1585
1566,1520
1590,1523
1578,1485
1545,1499
1524,1508
1452,1478
1519,1441
1487,1444
1410,1430
1421,1481
1376,1471
1428,1393
1376,1425
1415,1406
1417,1412
1404,1409
1395,1418
1419,1443
1476,1454
1411,1433
1430,1501
1442,1493
1429,1489
1445,1441
1425,1482
1479,1535
1475,1527
1482,1560
1531,1584
1535,1574
1542,1591
1645,1624
1564,1680
1658,1644
1623,1669
1657,1713
1653,1699
1743,1732
1729,1698
1794,1745
1729,1807
1743,1793
1787,1789
1795,1827
1784,1771
1833,1826
1781,1832
1816,1826
1833,1744
1808,1800
1813,1721
1792,1754
1794,1739
1782,1755
1730,1721
1778,1695
1703,1746
1704,1700
1732,1686
1656,1619
1690,1664
1631,1646
1599,1626
1640,1586
1626,1535
1577,1503
1600,1551
1541,1475
1509,1520
1477,1468
1442,1462
1500,1449
1464,1446
1409,1423
1414,1394
1417,1433
1410,1433
1372,1397
1422,1394
1397,1409
1378,1447
1360,1388
1384,1454
1422,1438
1399,1423
1452,1449
1461,1525
1456,1497
1453,1503
1438,1490
1452,1566
1469,1511
1513,1562
1482,1601
1582,1591
1589,1598
1615,1645
1594,1634
1636,1660
1656,1672
1670,1696
1703,1741
1724,1742
1711,1763
1745,1753
1778,1763
1772,1754
1770,1777
1797,1748
1800,1787
1839,1777
1806,1786
1824,1796
1833,1787
1813,1758
1795,1803
1784,1768
1793,1752
1768,1746
1728,1725
1751,1664
1730,1688
1696,1682
1723,1645
1702,1632
1626,1625
1665,1597
1673,1605
1622,1544
1586,1578
1558,1575
1569,1568
1568,1502
1509,1482
1473,1495
1492,1449
1440,1467
1450,1477
1448,1427
1401,1388
1464,1426
1412,1401
1402,1394
1429,1443
1414,1387
1425,1420
1416,1426
1430,1401
1440,1452
1424,1437
1430,1472
1467,1461
1422,1477
1463,1506
1497,1530
1470,1489
1492,1550
1510,1591
1505,1589
1575,1594
1555,1597
1647,1619
1625,1644
1657,1678
1605,1716
1663,1692
1684,1696
1713,1741
1722,1728
1731,1738
1729,1757
1742,1806
1794,1753
1795,1801
1805,1797
1745,1781
1768,1809
1817,1815
1819,1773
1759,1773
1842,1779
1777,1772
1799,1765
1770,1742
1748,1722
1684,1708
1740,1703
1714,1719
1715,1676
1701,1687
1647,1579
1666,1612
1642,1615
1597,1578
1588,1540
1548,1537
1539,1512
1521,1497
1506,1464
1511,1460
1443,1434
1521,1433
1440,1463
1444,1381
1409,1412
1401,1394
1357,1383
1361,1386
1396,1413
1342,1402
1414,1438
1405,1417
1434,1462
1349,1396
1439,1433
1395,1492
1403,1475
1453,1478
1500,1491
1436,1531
1448,1519
1525,1555
1478,1543
1531,1597
1575,1616
1587,1590
1564,1639
1595,1648
1651,1677
1708,1708
1665,1704
1664,1739
1720,1707
1764,1750
1734,1771
1793,1756
1810,1761
1806,1785
1791,1786
1847,1797
1782,1776
1844,1771
1821,1748
1843,1779
1790,1761
1777,1805
1845,1754
1785,1734
1786,1767
1785,1697
1766,1698
1743,1663
1714,1704
1696,1694
1655,1670
1670,1619
1721,1612
1664,1601
1612,1605
1572,1547
1585,1534
1530,1522
1577,1488
1524,1481
1539,1461
1453,1429
1480,1439
1450,1429
1439,1447
1388,1392
1404,1421
1376,1424
1391,1421
1427,1346
1394,1380
1415,1450
1392,1405
1393,1448
1440,1428
1428,1453
1413,1450
1438,1436
1414,1457
1439,1500
1459,1514
1456,1527
1468,1502
1551,1538
1547,1617
1543,1591
1600,1620
1601,1606
1642,1676
1618,1684
1669,1661
1692,1697
1712,1726
1705,1706
1699,1787
1742,1763
1749,1768
1751,1748
1757,1762
1780,1796
1820,1771
1821,1798
1764,1806
1816,1793
1782,1759
1764,1812
1796,1783
1785,1777
1796,1741
1762,1738
1792,1728
1787,1720
1742,1708
1723,1703
1734,1664
1669,1658
1656,1597
1673,1619
1667,1645
1649,1591
1585,1538
1573,1551
1582,1544
1517,1523
1473,1469
1507,1482
1460,1428
1442,1475
1415,1460
1463,1452
1401,1370
1411,1427
1423,1402
1370,1429
1372,1385
1393,1398
1386,1402
1360,1421
1343,1419
1400,1438
1355,1449
1350,1432
1422,1468
1471,1467
1441,1485
1444,1451
1495,1501
1548,1525
1529,1529
1517,1563
1577,1595
1622,1584
1634,1647
1619,1660
1611,1659
1667,1656
1681,1702
1679,1725
1707,1746
1733,1758
1757,1800
1791,1788
1732,1788
1770,1819
1749,1791
1820,1787
1819,1837
1829,1799
1831,1774
1841,1758
1852,1801
1837,1768
1795,1774
1786,1748
1775,1751
1773,1722
1753,1728
1740,1703
1743,1692
1727,1650
1663,1668
1708,1697
1674,1610
1665,1560
1625,1563
1650,1563
1586,1495
1580,1497
1532,1488
1533,1487
1537,1474
1504,1475
1426,1463
1400,1426
1390,1439
1423,1413
1425,1417
1371,1395
1394,1410
1389,1391
1420,1431
1378,1415
1382,1447
1372,1436
1381,1442
1374,1481
1378,1438
1432,1464
1459,1456
1444,1456
1495,1500
1470,1551
1497,1562
1533,1568
1553,1542
1571,1580
1553,1640
1615,1612
1587,1650
1626,1675
1677,1695
1723,1701
1710,1768
1721,1740
1738,1761
1747,1768
1770,1771
1741,1807
1743,1775
1778,1796
1842,1781
1861,1772
1801,1837
1789,1798
1819,1803
1835,1764
1855,1722
1819,1806
1780,1771
1794,1789
1770,1711
1750,1749
1753,1717
1720,1694
1706,1650
1739,1629
1646,1649
1645,1606
1645,1597
1612,1591
1590,1553
1619,1516
1586,1560
1522,1504
1543,1481
1473,1520
1486,1423
1433,1497
1448,1392
1432,1434
1419,1428
1425,1391
1385,1395
1400,1394
1356,1408
1368,1404
1388,1421
1377,1426
1368,1451
1414,1442
1408,1458
1390,1463
1385,1460
1410,1484
1447,1450
1458,1498
1444,1551
1506,1543
1499,1534
1528,1599
1538,1611
1543,1618
1600,1678
1648,1649
1634,1644
1656,1726
1684,1710
1684,1749
1735,1747
1765,1775
1771,1752
1765,1758
1801,1796
1821,1774
1778,1775
1825,1791
1829,1801
1797,1839
1769,1826
1831,1797
1797,1747
1808,1820
1812,1771
1789,1769
1793,1740
1790,1757
1751,1737
1732,1721
1704,1682
1697,1658
1675,1616
1652,1628
1657,1583
1641,1575
1622,1528
1599,1524
1574,1523
1515,1552
1524,1509
1505,1460
1474,1510
1460,1495
1493,1409
1440,1451
1416,1419
1436,1461
1381,1399
1467,1380
1386,1445
1370,1389
1393,1387
1372,1362
1415,1392
1366,1373
1397,1412
1373,1444
1434,1422
1448,1453
1435,1457
1443,1466
1468,1503
1519,1496
1536,1536
1532,1592
1575,1573
1587,1628
1585,1592
1599,1653
1609,1641
1671,1687
1651,1697
1661,1710
1695,1721
1753,1711
1734,1773
1753,1756
1775,1774
1784,1785
1782,1750
1816,1789
1798,1811
1834,1782
1792,1781
1783,1763
1799,1803
1797,1807
1796,1747
1845,1779
1735,1789
1796,1742
1727,1711
1731,1759
1770,1678
1728,1674
1671,1652
1713,1618
1646,1632
1669,1621
1615,1576
1664,1561
1576,1545
1579,1518
1525,1495
1482,1475
1493,1478
1520,1476
1442,1428
1457,1459
1425,1426
1421,1409
1413,1432
1374,1421
1390,1383
1411,1377
1383,1380
1411,1374
1373,1389
1369,1398
1400,1423
1377,1416
1405,1389
1400,1473
1410,1494
1431,1478
1448,1529
1461,1506
1482,1531
1532,1529
1528,1545
1563,1586
1587,1581
1598,1588
1615,1631
1603,1691
1672,1672
1634,1705
1710,1716
1711,1731
1668,1739
1778,1746
1783,1750
1752,1775
1758,1757
1837,1784
1812,1798
1814,1736
1820,1825
1831,1785
1837,1784
1802,1809
1782,1793
1835,1768
1773,1790
1819,1750
1786,1706
1791,1703
1719,1733
1699,1682
1710,1689
1657,1659
1705,1632
1695,1640
1622,1601
1596,1599
1617,1532
1562,1548
1561,1532
1519,1504
1486,1452
1453,1475
1495,1456
1464,1443
1437,1450
1441,1420
1422,1411
1429,1415
1370,1424
1390,1395
1394,1385
1363,1436
1369,1370
1382,1368
1403,1414
1333,1435
1404,1442
1447,1466
1400,1488
1451,1456
1491,1489
1443,1513
1466,1524
1509,1562
1496,1540
1581,1586
1546,1623
1536,1615
1594,1614
1621,1667
1680,1692
1666,1691
1707,1728
1747,1711
1728,1734
1736,1774
1711,1764
1724,1785
1770,1775
1770,1775
1819,1775
1793,1774
1799,1792
1797,1836
1790,1806
1830,1766
1803,1787
1857,1728
1817,1797
1824,1748
1796,1783
1777,1727
1695,1693
1725,1674
1744,1685
1667,1640
1699,1644
1650,1631
1615,1585
1627,1598
1616,1575
1569,1537
1552,1490
1540,1498
1546,1454
1442,1446
1487,1447
1491,1434
1474,1423
1434,1433
1383,1434
1383,1425
1384,1383
1355,1385
1426,1432
1417,1398
1385,1434
1397,1395
1411,1401
1420,1436
1382,1460
1391,1435
1406,1449
1412,1465
1449,1477
1456,1557
1488,1550
1500,1557
1548,1604
1528,1576
1581,1633
1614,1631
1612,1646
1611,1655
1681,1678
1649,1708
1650,1684
1731,1758
1682,1747
1728,1762
1748,1778
1768,1733
1781,1781
1783,1766
1749,1767
1859,1800
1833,1776
1842,1768
1855,1767
1808,1815
1817,1741
1768,1758
1740,1734
1759,1747
1796,1727
1770,1725
1756,1715
1700,1646
1718,1667
1691,1678
1658,1657
1653,1619
1611,1648
1639,1530
1542,1552
1593,1533
1551,1520
1569,1507
1503,1460
1491,1477
1467,1473
1466,1450
1449,1477
1423,1417
1485,1420
1384,1422
1434,1372
1395,1358
1363,1415
1417,1426
1441,1415
1375,1441
1436,1420
1361,1438
1415,1464
1392,1442
1418,1458
1456,1477
1463,1502
1432,1504
1475,1530
1497,1568
1513,1567
1556,1585
1579,1597
1597,1633
1582,1665
1636,1686
1643,1695
1666,1694
1723,1729
1673,1703
1727,1747
1729,1758
1767,1740
1761,1755
1797,1743
1829,1784
1844,1808
1767,1787
1813,1811
1793,1777
1810,1795
1836,1755
1796,1769
1793,1810
1842,1787
1761,1746
1751,1741
1744,1713
1756,1710
1762,1640
1668,1661
1684,1629
1695,1655
1643,1595
1620,1612
1653,1571
1560,1515
1537,1540
1574,1529
1570,1498
1491,1486
1507,1426
1435,1456
1497,1430
1437,1412
1429,1422
1403,1425
1424,1360
1381,1405
1447,1404
1388,1415
1396,1377
1390,1439
1400,1398
1315,1433
1390,1454
1424,1468
1384,1480
1423,1456
1456,1477
1444,1521
1490,1526
1494,1532
1492,1578
1496,1593
1583,1601
1594,1602
1583,1623
1581,1675
1630,1659
1682,1690
1677,1696
1739,1688
1688,1734
1744,1681
1782,1743
1792,1753
1769,1786
1773,1791
1765,1790
1797,1734
1810,1748
1799,1796
1818,1796
1867,1773
1852,1763
1820,1774
1801,1760
1817,1742
1803,1766
1763,1734
1764,1717
1709,1668
1697,1651
1723,1683
1688,1617
1645,1665
1602,1603
1582,1589
1549,1572
1600,1567
1580,1502
1571,1487
1544,1511
1488,1483
1462,1472
1448,1450
1439,1457
1441,1416
1436,1429
1428,1413
1438,1449
1413,1402
1337,1449
1394,1397
1389,1419
1376,1422
1387,1404
1411,1427
1406,1478
1441,1461
1444,1448
1436,1487
1482,1494
1469,1491
1475,1565
1560,1566
1540,1616
1542,1591
1578,1565
1598,1609
1599,1676
1615,1665
1687,1665
1652,1688
1718,1725
1749,1732
1721,1760
1757,1756
1763,1754
1763,1793
1824,1766
1806,1792
1835,1804
1796,1765
1781,1755
1815,1780
1795,1788
1821,1795
1821,1779
1793,1758
1784,1766
1754,1707
1790,1717
1774,1680
1732,1678
1672,1673
1696,1670
1705,1642
1670,1605
1669,1592
1614,1599
1599,1574
1608,1563
1503,1507
1568,1506
1521,1537
1500,1497
1486,1451
1462,1483
1488,1433
1449,1472
1434,1422
1385,1386
1407,1395
1410,1406
1360,1408
1419,1401
1395,1448
1345,1387
1401,1419
1391,1444
1366,1462
1424,1464
1420,1459
1452,1443
1434,1466
1492,1519
1522,1563
1514,1544
1550,1573
1550,1632
1570,1619
1643,1637
1615,1698
1657,1677
1660,1683
1677,1688
1722,1697
1731,1705
1722,1761
1723,1738
1724,1775
1804,1804
1755,1725
1795,1791
1789,1774
1795,1786
1762,1793
1823,1721
1801,1792
1794,1793
1778,1755
1778,1747
1760,1736
1740,1737
1771,1699
1751,1689
1718,1704
1684,1682
1646,1628
1667,1631
1602,1618
1625,1597
1592,1535
1608,1522
1575,1574
1507,1498
1548,1497
1497,1485
1464,1450
1501,1470
1480,1451
1439,1470
1413,1444
1408,1427
1391,1428
1377,1387
1359,1435
1434,1429
1412,1395
1388,1400
1409,1403
1422,1416
1372,1461
1384,1453
1403,1495
1461,1481
1501,1508
1469,1510
1476,1554
1482,1492
1572,1535
1531,1618
1575,1588
1614,1629
1620,1628
1686,1635
1649,1720
1661,1699
1691,1714
1689,1742
1740,1712
1765,1741
1778,1759
1786,1753
1791,1800
1778,1791
1826,1764
1780,1813
1797,1745
1820,1806
1765,1775
1844,1807
1858,1786
1787,1756
1741,1802
1766,1712
1733,1748
1733,1683
1754,1659
1732,1630
1680,1645
1671,1606
1695,1596
1595,1559
1610,1552
1647,1594
1590,1524
1583,1513
1538,1477
1511,1471
1499,1489
1430,1475
1486,1452
1425,1435
1440,1401
1458,1404
1430,1418
1436,1419
1420,1416
1401,1426
1384,1438
1411,1439
1400,1398
1400,1456
1387,1449
1417,1438
1437,1453
1402,1533
1471,1527
1461,1486
1495,1509
1526,1524
1530,1614
1536,1608
1560,1574
1629,1608
1626,1637
1663,1671
1649,1696
1668,1686
1638,1679
1723,1757
1734,1730
1759,1737
1773,1769
1786,1765
1813,1801
1755,1768
1799,1779
1795,1760
1800,1800
1853,1773
1796,1791
1828,1773
1820,1755
1786,1733
1795,1787
1797,1726
1744,1736
1743,1679
1710,1692
1724,1673
1707,1670
1669,1600
1620,1597
1651,1590
1613,1547
1561,1567
1581,1512
1529,1490
1512,1494
1490,1501
1514,1460
1430,1463
1435,1458
1449,1450
1386,1441
1359,1414
1408,1433
1452,1425
1471,1416
1361,1402
1396,1414
1403,1412
1463,1407
1373,1468
1440,1436
1419,1430
1437,1408
1477,1468
1491,1495
1450,1531
1490,1565
1535,1559
1548,1596
1546,1616
1522,1611
1584,1624
1603,1638
1672,1702
1701,1670
1647,1728
1680,1718
1720,1735
1729,1716
1768,1752
1757,1746
1765,1765
1785,1773
1789,1794
1778,1770
1761,1817
1741,1786
1802,1792
1800,1782
1765,1735
1783,1770
1745,1733
1748,1697
1741,1731
1722,1677
1745,1649
1707,1668
1670,1670
1664,1649
1673,1621
1627,1606
1576,1584
1613,1584
1572,1516
1563,1533
1553,1514
1489,1503
1507,1483
1509,1459
1486,1459
1440,1472
1480,1476
1465,1423
1409,1433
1422,1430
1438,1443
1405,1422
1377,1408
1408,1448
1435,1455
1399,1447
1409,1490
1420,1463
1467,1482
1406,1508
1489,1487
1491,1528
1524,1536
1495,1587
1528,1572
1558,1617
1601,1638
1619,1688
1601,1670
1631,1674
1675,1688
1666,1679
1691,1682
1713,1758
1707,1721
1735,1776
1766,1761
1773,1777
1791,1783
1786,1788
1747,1783
1759,1738
1762,1800
1810,1802
1790,1752
1780,1745
1787,1736
1779,1723
1755,1709
1726,1717
1755,1713
1710,1661
1729,1608
1663,1669
1652,1571
1674,1591
1642,1559
1570,1530
1567,1568
1546,1518
1558,1522
1527,1498
1483,1513
1515,1451
1474,1460
1486,1448
1430,1434
1449,1404
1426,1422
1420,1412
1394,1443
1423,1450
1404,1434
1402,1438
1354,1450
1458,1433
1414,1458
1414,1478
1452,1508
1469,1494
1480,1499
1434,1499
1514,1525
1522,1579
1553,1573
1567,1599
1571,1629
1641,1632
1586,1636
1630,1657
1652,1683
1692,1714
1699,1729
1674,1725
1744,1761
1743,1760
1686,1771
1794,1778
1803,1737
1772,1765
1819,1788
1736,1768
1727,1721
1775,1756
1794,1773
1729,1757
1775,1760
1746,1765
1762,1678
1786,1677
1751,1701
1760,1623
1688,1671
1669,1667
1692,1646
1672,1567
1606,1575
1582,1530
1601,1556
1590,1545
1547,1534
1519,1498
1497,1502
1479,1468
1482,1492
1447,1428
1456,1418
1407,1433
1394,1415
1438,1398
1407,1423
1393,1448
1424,1456
1413,1422
1401,1429
1394,1426
1439,1470
1377,1490
1490,1507
1453,1482
1447,1520
1508,1521
1521,1566
1503,1543
1534,1545
1567,1542
1560,1619
1558,1643
1638,1673
1597,1675
1658,1627
1702,1676
1658,1718
1721,1752
1765,1705
1719,1696
1756,1742
1713,1788
1804,1765
1764,1805
1752,1788
1763,1788
1807,1765
1789,1778
1802,1734
1773,1739
1764,1718
1740,1695
1745,1707
1722,1697
1706,1659
1720,1702
1677,1677
1699,1666
1677,1624
1673,1618
1567,1568
1599,1549
1595,1541
1582,1521
1541,1491
1501,1443
1487,1518
1484,1465
1443,1442
1441,1465
1505,1440
1442,1418
1437,1431
1410,1413
1417,1467
1394,1467
1414,1407
1388,1431
1422,1453
1449,1440
1442,1463
1419,1456
1430,1465
1507,1491
1506,1520
1502,1564
1548,1585
1502,1540
1583,1612
1577,1595
1574,1617
1593,1641
1646,1648
1632,1667
1651,1683
1666,1709
1709,1688
1722,1739
1778,1736
1762,1732
1713,1728
1771,1708
1739,1777
1783,1764
1858,1786
1754,1737
1784,1775
1768,1762
1799,1722
1769,1744
1760,1731
1726,1734
1722,1663
1698,1633
1693,1687
1708,1661
1653,1654
1640,1576
1636,1595
1651,1538
1628,1558
1551,1576
1565,1585
1568,1531
1534,1507
1522,1481
1471,1499
1468,1459
1431,1491
1427,1459
1416,1439
1463,1448
1438,1438
1435,1423
1452,1389
1426,1436
1413,1449
1399,1476
1457,1457
1401,1508
1424,1447
1465,1504
1465,1497
1503,1512
1483,1528
1508,1507
1556,1566
1517,1562
1594,1616
1550,1659
1566,1637
1575,1637
1637,1679
1678,1681
1638,1677
1692,1701
1722,1749
1763,1738
1743,1741
1727,1734
1814,1770
1794,1767
1828,1756
1742,1744
1783,1741
1739,1769
1739,1735
1801,1790
1736,1758
1743,1731
1746,1705
1739,1746
1704,1654
1725,1662
1673,1644
1703,1652
1654,1624
1645,1585
1642,1574
1607,1507
1619,1559
1608,1499
1494,1508
1576,1477
1494,1493
1466,1460
1472,1477
1473,1458
1466,1392
1438,1417
1438,1419
1467,1435
1447,1442
1450,1456
1439,1458
1440,1459
1462,1467
1418,1433
1466,1466
1444,1470
1435,1546
1471,1550
1511,1513
1486,1560
1509,1563
1585,1569
1613,1598
1564,1607
1616,1624
1633,1674
1716,1651
1664,1683
1707,1673
1743,1714
1730,1746
1721,1741
1744,1772
1811,1726
1746,1771
1742,1750
1790,1766
1765,1766
1760,1735
1769,1764
1799,1760
1738,1717
1771,1746
1751,1712
1762,1764
1732,1706
1732,1679
1726,1668
1716,1652
1641,1623
1684,1579
1642,1598
1617,1561
1579,1570
1558,1536
1560,1535
1509,1552
1532,1476
1502,1474
1513,1482
1458,1452
1473,1459
1454,1434
1415,1418
1408,1430
1447,1426
1413,1450
1400,1449
1397,1442
1406,1426
1422,1463
1433,1442
1428,1453
1392,1457
1462,1498
1488,1501
1505,1527
1524,1537
1519,1541
1529,1536
1568,1572
1653,1594
1620,1639
1618,1672
1593,1645
1715,1686
1689,1702
1698,1727
1681,1749
1739,1692
1705,1739
1721,1745
1762,1756
1761,1737
1734,1689
1782,1776
1802,1741
1780,1748
1749,1739
1763,1723
1764,1734
1687,1738
1743,1697
1705,1722
1724,1694
1649,1654
1696,1659
1657,1634
1610,1583
1632,1578
1567,1552
1584,1576
1581,1491
1569,1527
1566,1529
1479,1522
1492,1492
1481,1456
1462,1449
1438,1437
1397,1470
1441,1433
1418,1424
1417,1418
1404,1463
1435,1406
1448,1479
1457,1453
1418,1464
1446,1512
1434,1483
1448,1497
1527,1512
1503,1559
1512,1550
1495,1531
1545,1626
1517,1594
1538,1599
1585,1648
1613,1644
1651,1649
1635,1667
1685,1683
1685,1697
1718,1694
1709,1736
1754,1710
1738,1727
1776,1739
1709,1753
1717,1742
1768,1747
1758,1739
1821,1748
1779,1763
1736,1715
1736,1725
1766,1723
1770,1737
1700,1652
1736,1672
1694,1678
1690,1611
1691,1648
1627,1627
1653,1623
1557,1566
1605,1579
1559,1607
1576,1561
1537,1491
1505,1506
1514,1475
1533,1449
1445,1444
1439,1508
1445,1465
1420,1445
1452,1449
1458,1447
1394,1464
1359,1443
1456,1475
1454,1456
1432,1494
1506,1454
1476,1525
1449,1491
1485,1501
1491,1536
1504,1546
1524,1543
1566,1589
1560,1592
1536,1648
1615,1598
1602,1624
1643,1671
1686,1683
1675,1703
1669,1697
1721,1726
1714,1719
1725,1724
1777,1708
1763,1752
1749,1742
1785,1788
1779,1775
1786,1711
1778,1761
1756,1750
1752,1771
1742,1714
1736,1735
1724,1691
1693,1697
1682,1674
1662,1672
1673,1674
1618,1616
1661,1595
1604,1606
1623,1562
1626,1587
1597,1522
1567,1500
1534,1528
1559,1491
1499,1508
1525,1495
1456,1463
1431,1459
1442,1463
1468,1484
1433,1456
1423,1430
1415,1473
1456,1401
1384,1465
1417,1438
1395,1460
1483,1498
1483,1495
1446,1460
1506,1513
1515,1542
1527,1568
1576,1538
1601,1609
1572,1607
1611,1593
1616,1628
1588,1690
1675,1644
1671,1663
1668,1642
1715,1710
1684,1734
1737,1743
1691,1745
1718,1728
1786,1675
1781,1770
1772,1735
1791,1741
1770,1760
1748,1735
1803,1759
1766,1727
1768,1748
1720,1737
1749,1708
1770,1661
1683,1631
1716,1665
1693,1642
1677,1648
1664,1583
1634,1624
1621,1535
1601,1590
1573,1493
1561,1521
1480,1501
1503,1477
1517,1478
1460,1462
1465,1481
1460,1453
1410,1452
1433,1491
1478,1422
1427,1425
1499,1483
1443,1451
1429,1532
1426,1422
1466,1493
1470,1513
1469,1546
1530,1532
1508,1544
1465,1577
1543,1619
1554,1580
1575,1605
1568,1632
1591,1639
1638,1673
1613,1696
1675,1664
1709,1704
1667,1723
1710,1769
1744,1745
1768,1717
1770,1773
1722,1751
1765,1812
1763,1755
1801,1710
1782,1724
1741,1760
1738,1753
1732,1731
1811,1678
1713,1656
1746,1686
1694,1719
1722,1667
1652,1645
1661,1632
1659,1592
1618,1555
1628,1541
1622,1575
1526,1560
1521,1499
1544,1520
1525,1516
1479,1480
1508,1496
1464,1457
1456,1477
1438,1456
1422,1490
1445,1438
1430,1423
1424,1438
1433,1443
1426,1442
1429,1519
1410,1505
1468,1516
1442,1504
1486,1544
1491,1537
1508,1583
1529,1548
1518,1554
1551,1626
1619,1592
1573,1648
1577,1614
1644,1618
1662,1674
1669,1671
1633,1737
1694,1698
1718,1721
1732,1673
1707,1788
1742,1734
1785,1753
1758,1768
1762,1737
1792,1759
1738,1724
1778,1702
1768,1696
1744,1734
1701,1735
1698,1637
1722,1667
1676,1663
1635,1620
1685,1597
1629,1570
1707,1536
1596,1581
1659,1550
1569,1522
1544,1531
1493,1556
1514,1510
1482,1520
1480,1456
1455,1440
1484,1418
1484,1474
1478,1448
1402,1487
1476,1437
1393,1465
1456,1437
1454,1467
1440,1473
1418,1447
1498,1468
1497,1488
1493,1517
1492,1535
1519,1568
1463,1582
1561,1602
1531,1568
1614,1606
1621,1628
1637,1604
1633,1635
1650,1667
1694,1665
1695,1699
1689,1693
1740,1690
1737,1728
1712,1734
1724,1719
1764,1758
1777,1761
1772,1736
1815,1754
1770,1736
1788,1751
1716,1709
1749,1726
1739,1678
1744,1677
1722,1680
1674,1658
1632,1625
1655,1635
1611,1579
1626,1602
1636,1584
1595,1571
1554,1530
1544,1542
1528,1498
1484,1492
1521,1509
1481,1496
1470,1404
1446,1457
1465,1506
1421,1474
1439,1464
1457,1463
1382,1475
1462,1432
1478,1481
1415,1460
1440,1490
1434,1513
1464,1536
1476,1489
1463,1533
1498,1561
1593,1586
1569,1616
1532,1630
1518,1599
1625,1645
1598,1678
1568,1638
1653,1686
1679,1696
1670,1680
1694,1688
1718,1738
1725,1730
1753,1772
1757,1746
1775,1779
1756,1739
1736,1725
1793,1717
1775,1744
1718,1742
1751,1701
1778,1687
1716,1701
1694,1676
1687,1652
1706,1686
1652,1608
1645,1585
1615,1587
1625,1578
1556,1571
1581,1553
1561,1514
1546,1528
1534,1509
1484,1482
1537,1439
1522,1451
1461,1433
1461,1457
1455,1493
1470,1444
1439,1430
1393,1511
1443,1466
1428,1453
1420,1466
1457,1485
1445,1497
1495,1520
1495,1472
1479,1547
1525,1549
1511,1554
1549,1578
1554,1589
1593,1600
1590,1614
1650,1658
1624,1684
1637,1713
1686,1684
1722,1731
1715,1742
1737,1726
1729,1738
1745,1748
1779,1756
1723,1733
1784,1762
1750,1755
1801,1726
1750,1721
1780,1737
1720,1694
1719,1716
1670,1686
1700,1646
1706,1712
1680,1633
1673,1656
1632,1632
1607,1607
1633,1587
1586,1530
1579,1575
1553,1535
1566,1516
1538,1499
1506,1463
1504,1461
1495,1494
1468,1455
1465,1427
1439,1475
1444,1400
1416,1458
1454,1503
1418,1442
1472,1500
1500,1485
1492,1496
1473,1515
1453,1530
1474,1543
1507,1552
1568,1549
1525,1602
1507,1575
1585,1565
1588,1606
1632,1668
1623,1676
1654,1660
1648,1724
1711,1716
1725,1707
1715,1738
1712,1724
1724,1741
1773,1771
1738,1764
1772,1735
1687,1718
1749,1748
1776,1778
1746,1752
1751,1716
1703,1716
1740,1718
1718,1701
1684,1692
1688,1673
1691,1607
1654,1650
1654,1607
1591,1542
1594,1581
1573,1542
1551,1538
1589,1558
1501,1491
1516,1471
1511,1491
1462,1469
1485,1510
1465,1449
1470,1442
1456,1471
1465,1453
1415,1447
1429,1463
1499,1485
1420,1498
1532,1488
1434,1486
1429,1505
1529,1549
1524,1537
1478,1581
1515,1574
1558,1590
1570,1635
1591,1633
1600,1623
1652,1635
1639,1649
1660,1670
1687,1717
1665,1700
1722,1704
1684,1702
1721,1760
1747,1727
1711,1756
1708,1704
1767,1752
1791,1750
1737,1732
1785,1707
1765,1706
1753,1686
1744,1727
1719,1668
1653,1641
1714,1643
1679,1649
1683,1629
1627,1591
1600,1608
1602,1588
1597,1578
1554,1552
1521,1514
1537,1509
1512,1534
1489,1492
1476,1492
1481,1476
1464,1470
1462,1454
1452,1474
1411,1469
1405,1473
1423,1477
1468,1449
1447,1501
1441,1451
1472,1502
1508,1512
1481,1572
1545,1495
1515,1541
1521,1563
1562,1614
1580,1576
1556,1589
1618,1650
1647,1662
1660,1647
1713,1710
1672,1690
1701,1713
1754,1728
1740,1712
1746,1699
1743,1715
1718,1731
1721,1731
1747,1747
1742,1724
1782,1754
1743,1721
1778,1724
1742,1712
1747,1689
1712,1694
1690,1660
1700,1651
1664,1628
1645,1620
1635,1588
1586,1600
1654,1554
1559,1577
1580,1546
1562,1528
1507,1489
1524,1513
1507,1454
1486,1465
1468,1486
1447,1431
1460,1430
1467,1486
1460,1421
1420,1451
1435,1481
1437,1501
1451,1495
1468,1464
1505,1501
1509,1566
1494,1519
1466,1553
1536,1548
1561,1582
1583,1582
1588,1669
1621,1656
1632,1650
1686,1684
1680,1678
1642,1684
1701,1708
1703,1661
1717,1723
1718,1734
1728,1738
1737,1724
1740,1720
1763,1712
1737,1732
1762,1766
1764,1702
1770,1702
1762,1762
1698,1689
1716,1674
1678,1662
1706,1632
1629,1650
1626,1623
1662,1624
1592,1605
1616,1594
1590,1562
1550,1532
1593,1487
1490,1473
1520,1485
1489,1509
1483,1479
1445,1455
1463,1470
1413,1436
1446,1434
1421,1421
1457,1477
1473,1425
1493,1466
1500,1514
1430,1461
1472,1513
1509,1526
1485,1546
1516,1511
1563,1582
1515,1556
1572,1615
1580,1607
1552,1617
1660,1646
1673,1659
1621,1669
1707,1714
1702,1749
1670,1692
1740,1724
1709,1724
1751,1751
1746,1765
1774,1748
1704,1735
1770,1746
1756,1722
1736,1749
1796,1763
1691,1722
1736,1670
1688,1714
1719,1686
1693,1649
1686,1650
1662,1633
1646,1596
1637,1568
1578,1541
1599,1536
1550,1511
1553,1532
1533,1489
1512,1493
1476,1503
1493,1491
1499,1442
1451,1460
1421,1449
1471,1455
1450,1451
1453,1446
1446,1487
1482,1494
1449,1489
1467,1515
1451,1519
1521,1515
1515,1515
1518,1542
1519,1565
1485,1566
1543,1634
1603,1626
1549,1609
1615,1671
1635,1666
1638,1670
1645,1656
1689,1710
1745,1734
1740,1712
1717,1767
1731,1744
1729,1724
1744,1749
1779,1721
1739,1736
1755,1716
1771,1732
1781,1725
1784,1711
1727,1687
1724,1648
1682,1672
1710,1653
1673,1653
1640,1553
1636,1583
1627,1599
1571,1574
1575,1556
1513,1495
1455,1528
1520,1498
1500,1526
1556,1522
1489,1453
1413,1426
1435,1456
1452,1488
1404,1463
1476,1431
1443,1446
1415,1478
1441,1476
1470,1469
1465,1458
1446,1500
1516,1495
1490,1531
1534,1519
1519,1590
1548,1578
1585,1584
1574,1643
1632,1654
1605,1614
1631,1649
1633,1679
1700,1707
1714,1723
1682,1730
1750,1756
1771,1775
1727,1722
1737,1749
1808,1736
1728,1743
1756,1744
1810,1732
1785,1748
1740,1744
1784,1721
1713,1691
1704,1694
1692,1667
1681,1625
1624,1638
1665,1595
1576,1563
1594,1590
1575,1521
1572,1510
1554,1532
1509,1487
1509,1507
1475,1484
1474,1492
1488,1468
1442,1421
1424,1485
1427,1434
1385,1483
1405,1443
1402,1492
1471,1469
1499,1456
1455,1470
1428,1464
1451,1503
1494,1524
1505,1568
1497,1600
1578,1577
1575,1628
1645,1655
1619,1655
1652,1645
1660,1692
1670,1661
1701,1685
1728,1725
1680,1716
1733,1712
1743,1732
1747,1740
1743,1755
1776,1764
1752,1720
1785,1782
1771,1740
1756,1692
1712,1699
1725,1718
1746,1708
1731,1693
1708,1639
1711,1643
1651,1596
1600,1575
1639,1589
1573,1506
1537,1562
1547,1588
1547,1510
1511,1513
1506,1468
1484,1502
1477,1482
1410,1466
1451,1451
1431,1453
1411,1489
1411,1453
1409,1435
1419,1464
1459,1531
1442,1501
1443,1445
1515,1484
1481,1503
1506,1494
1535,1551
1564,1532
1571,1566
1560,1582
1567,1641
1638,1643
1602,1640
1676,1670
1689,1688
1683,1676
1724,1697
1677,1721
1733,1708
1769,1762
1788,1731
1734,1788
1747,1768
1776,1707
1798,1718
1736,1683
1781,1759
1745,1690
1758,1708
1719,1701
1685,1645
1674,1700
1644,1631
1643,1622
1628,1622
1597,1554
1575,1532
1578,1539
1551,1513
1504,1469
1525,1509
1488,1481
1466,1442
1444,1483
1459,1392
1401,1410
1447,1442
1398,1467
1420,1438
1395,1481
1460,1459
1406,1450
1459,1517
1457,1516
1457,1514
1505,1551
1524,1549
1533,1530
1527,1574
1556,1616
1564,1613
1605,1642
1698,1647
1634,1662
1685,1674
1655,1684
1748,1688
1743,1748
1724,1743
1755,1756
1711,1759
1763,1751
1807,1779
1811,1767
1759,1776
1739,1768
1747,1738
1773,1717
1717,1714
1698,1729
1691,1707
1715,1661
1694,1624
1705,1634
1594,1632
1583,1589
1623,1527
1598,1550
1473,1465
1530,1533
1467,1486
1485,1453
1495,1476
1513,1473
1467,1472
1440,1444
1419,1419
1428,1463
1408,1446
1390,1463
1431,1470
1459,1503
1432,1482
1494,1497
1460,1475
1471,1549
1486,1524
1505,1565
1566,1588
1563,1629
1565,1601
1630,1598
1563,1655
1661,1666
1655,1686
1707,1682
1736,1705
1722,1733
1693,1737
1754,1722
1744,1722
1738,1757
1756,1731
1795,1719
1794,1772
1810,1733
1778,1771
1734,1723
1756,1743
1687,1736
1726,1685
1719,1705
1693,1644
