ch1,ch2
1425,1462
1459,1477
1468,1467
1432,1479
1482,1473
1471,1456
1470,1474
1450,1481
1448,1491
1504,1478
1527,1495
1490,1502
1489,1496
1497,1525
1503,1474
1469,1458
1482,1508
1496,1529
1509,1512
1484,1501
1487,1521
1508,1515
1491,1503
1521,1498
1526,1512
1520,1500
1512,1499
1506,1495
1511,1530
1532,1546
1524,1528
1544,1512
1533,1534
1514,1521
1538,1517
1519,1559
1552,1521
1548,1541
1534,1523
1547,1553
1511,1538
1545,1550
1536,1542
1566,1528
1544,1537
1524,1527
1528,1537
1537,1536
1551,1544
1573,1521
1564,1539
1542,1552
1552,1535
1538,1546
1567,1554
1564,1548
1546,1551
1563,1535
1574,1520
1539,1567
1557,1541
1552,1548
1543,1526
1518,1543
1528,1509
1548,1526
1568,1524
1549,1551
1551,1531
1562,1528
1543,1524
1515,1541
1516,1540
1564,1508
1550,1507
1525,1539
1563,1529
1546,1509
1519,1498
1557,1486
1528,1509
1500,1508
1529,1518
1519,1500
1533,1503
1521,1504
1509,1514
1537,1470
1490,1501
1534,1465
1536,1497
1514,1488
1519,1520
1469,1482
1473,1493
1485,1469
1499,1497
1493,1474
1492,1458
1497,1487
1477,1455
1485,1456
1466,1473
1476,1479
1479,1461
1439,1431
1470,1459
1455,1445
1462,1440
1469,1438
1461,1457
1459,1462
1452,1435
1454,1440
1465,1420
1436,1429
1420,1428
1431,1439
1443,1404
1387,1428
1416,1418
1442,1405
1400,1421
1451,1393
1455,1425
1388,1429
1422,1427
1414,1410
1427,1406
1457,1417
1413,1387
1393,1414
1394,1391
1374,1384
1394,1390
1385,1385
1407,1423
1396,1401
1392,1409
1380,1364
1392,1363
1386,1398
1374,1374
1391,1385
1365,1372
1378,1363
1332,1351
1364,1364
1385,1367
1368,1372
1380,1368
1358,1386
1376,1367
1314,1386
1370,1359
1339,1379
1339,1356
1359,1362
1337,1337
1385,1363
1373,1334
1377,1380
1370,1376
1340,1369
1356,1370
1354,1358
1368,1339
1325,1343
1333,1361
1330,1374
1325,1351
1369,1365
1338,1360
1318,1380
1360,1357
1349,1367
1391,1365
1329,1326
1349,1372
1322,1371
1355,1354
1384,1391
1344,1361
1321,1350
1401,1378
1346,1371
1321,1374
1375,1371
1348,1358
1354,1398
1371,1368
1356,1362
1374,1390
1373,1392
1397,1386
1358,1365
1395,1403
1381,1379
1405,1413
1373,1382
1373,1398
1371,1425
1388,1394
1391,1414
1357,1394
1388,1421
1403,1429
1395,1411
1410,1394
1393,1403
1396,1394
1420,1419
1422,1400
1423,1420
1397,1433
1417,1433
1375,1430
1432,1427
1413,1411
1429,1425
1405,1477
1420,1443
1419,1460
1402,1459
1439,1473
1435,1436
1467,1471
1462,1457
1441,1460
1461,1447
1447,1459
1459,1480
1471,1458
1445,1477
1490,1502
1468,1494
1469,1443
1438,1481
1474,1489
1487,1480
1474,1476
1482,1537
1474,1478
1506,1516
1495,1458
1467,1491
1491,1511
1488,1500
1505,1525
1521,1496
1519,1522
1499,1512
1530,1513
1507,1515
1525,1522
1471,1496
1510,1527
1548,1534
1510,1554
1517,1549
1509,1547
1560,1543
1518,1531
1494,1540
1542,1514
1512,1531
1522,1516
1544,1539
1537,1538
1551,1554
1534,1554
1530,1521
1547,1534
1577,1546
1542,1544
1530,1522
1511,1563
1543,1538
1542,1550
1553,1519
1558,1540
1530,1555
1545,1547
1533,1558
1578,1545
1542,1543
1577,1516
1548,1545
1573,1546
1569,1533
1576,1553
1564,1515
1553,1562
1547,1568
1547,1521
1569,1504
1514,1557
1557,1531
1544,1543
1571,1520
1555,1513
1541,1528
1536,1518
1523,1525
1521,1509
1529,1516
1565,1538
1524,1512
1517,1520
1548,1528
1541,1531
1550,1502
1540,1533
1521,1530
1534,1499
1521,1473
1503,1483
1521,1510
1519,1508
1513,1482
1494,1452
1496,1502
1526,1468
1481,1504
1524,1487
1527,1485
1450,1475
1500,1478
1507,1447
1498,1458
1518,1455
1474,1461
1488,1459
1515,1434
1471,1459
1495,1458
1471,1456
1471,1448
1487,1452
1472,1445
1481,1460
1436,1423
1481,1447
1446,1456
1442,1447
1455,1407
1422,1426
1431,1406
1437,1397
1453,1410
1419,1413
1424,1400
1401,1404
1433,1404
1437,1405
1409,1387
1419,1381
1429,1408
1405,1385
1424,1402
1432,1387
1396,1365
1396,1383
1384,1387
1384,1385
1394,1350
1373,1394
1399,1375
1412,1363
1388,1393
1403,1382
1386,1382
1363,1375
1365,1369
1370,1368
1391,1348
1373,1368
1386,1384
1347,1366
1365,1369
1355,1371
1374,1342
1362,1366
1340,1352
1383,1340
1390,1349
1357,1378
1364,1349
1337,1344
1347,1366
1357,1332
1362,1354
1346,1362
1345,1359
1353,1366
1353,1377
1343,1364
1349,1351
1323,1348
1352,1351
1340,1332
1356,1360
1349,1368
1325,1383
1367,1358
1324,1338
1342,1354
1351,1378
1333,1402
1355,1366
1369,1357
1339,1368
1321,1362
1387,1371
1344,1358
1356,1375
1361,1376
1365,1351
1387,1404
1372,1384
1362,1369
1360,1367
1342,1360
1324,1355
1385,1380
1386,1425
1337,1389
1345,1385
1375,1389
1365,1410
1374,1411
1363,1392
1405,1413
1397,1396
1369,1412
1411,1410
1389,1424
1403,1405
1378,1413
1403,1416
1375,1414
1400,1406
1423,1413
1403,1422
1397,1426
1416,1441
1431,1453
1415,1419
1413,1450
1433,1456
1400,1476
1448,1452
1436,1438
1452,1453
1431,1476
1449,1439
1438,1450
1411,1469
1447,1458
1425,1487
1449,1448
1425,1502
1479,1464
1458,1477
1462,1470
1463,1477
1456,1470
1473,1497
1461,1508
1472,1482
1492,1499
1488,1479
1491,1506
1517,1526
1493,1518
1490,1531
1504,1501
1514,1513
1502,1521
1493,1505
1511,1526
1514,1527
1498,1521
1515,1525
1535,1519
1519,1534
1535,1538
1498,1531
1519,1532
1515,1531
1522,1529
1551,1555
1571,1527
1537,1500
1527,1503
1557,1554
1547,1539
1546,1540
1560,1544
1542,1545
1532,1524
1571,1535
1544,1542
1574,1560
1541,1539
1545,1509
1562,1541
1548,1541
1557,1525
1537,1550
1569,1530
1555,1540
1539,1537
1544,1542
1590,1517
1590,1548
1528,1535
1538,1545
1555,1565
1553,1544
1531,1544
1558,1538
1540,1568
1542,1529
1546,1527
1534,1526
1539,1531
1544,1522
1540,1507
1564,1537
1543,1537
1525,1528
1517,1561
1537,1513
1535,1525
1508,1531
1551,1522
1545,1506
1537,1521
1526,1529
1549,1506
1499,1516
1495,1485
1502,1477
1547,1495
1527,1490
1514,1474
1505,1480
1540,1479
1475,1472
1503,1454
1471,1471
1476,1465
1508,1511
1478,1466
1490,1473
1481,1469
1464,1485
1483,1468
1489,1445
1512,1458
1488,1458
1474,1465
1487,1443
1461,1431
1464,1430
1466,1427
1502,1461
1458,1428
1445,1439
1435,1443
1433,1426
1470,1415
1433,1430
1447,1412
1428,1437
1450,1397
1436,1422
1433,1407
1420,1418
1411,1414
1411,1394
1402,1422
1376,1420
1420,1383
1391,1422
1414,1400
1404,1383
1422,1379
1433,1415
1406,1381
1384,1384
1411,1384
1406,1397
1337,1377
1381,1370
1416,1368
1361,1364
1396,1386
1402,1385
1331,1401
1383,1372
1359,1352
1406,1368
1342,1362
1388,1375
1365,1364
1366,1352
1343,1344
1352,1361
1353,1373
1335,1346
1370,1372
1359,1347
1352,1367
1317,1337
1340,1357
1339,1355
1340,1343
1331,1363
1354,1377
1325,1342
1350,1348
1378,1377
1350,1352
1343,1365
1341,1355
1334,1365
1338,1364
1323,1365
1336,1371
1327,1358
1343,1356
1375,1384
1346,1352
1340,1367
1320,1377
1362,1363
1379,1390
1334,1383
1339,1331
1367,1367
1351,1361
1365,1348
1372,1372
1353,1385
1373,1392
1369,1384
1384,1360
1380,1381
1389,1393
1356,1364
1357,1394
1379,1378
1364,1387
1378,1369
1411,1398
1384,1387
1390,1391
1390,1416
1390,1407
1392,1420
1392,1429
1410,1401
1423,1425
1386,1430
1393,1418
1407,1430
1366,1411
1410,1448
1384,1450
1407,1434
1408,1398
1408,1446
1433,1455
1417,1441
1386,1461
1411,1457
1444,1445
1423,1426
1428,1447
1458,1462
1445,1460
1446,1464
1423,1464
1445,1463
1471,1482
1447,1486
1460,1471
1474,1474
1432,1486
1463,1489
1453,1485
1469,1476
1492,1461
1472,1507
1503,1495
1468,1497
1473,1493
1476,1506
1491,1515
1513,1484
1496,1508
1518,1525
1495,1515
1480,1511
1495,1491
1509,1515
1510,1510
1541,1517
1514,1534
1497,1531
1504,1535
1520,1540
1537,1526
1555,1525
1498,1553
1545,1533
1533,1533
1511,1559
1547,1555
1525,1523
1541,1524
1546,1534
1540,1525
1552,1523
1547,1546
1560,1570
1553,1509
1532,1553
1519,1572
1575,1526
1556,1520
1551,1556
1566,1540
1558,1540
1536,1548
1550,1551
1566,1542
1560,1528
1514,1532
1553,1552
1535,1530
1577,1550
1564,1543
1546,1519
1583,1526
1555,1526
1597,1532
1564,1537
1576,1548
1541,1560
1535,1521
1547,1529
1571,1529
1552,1528
1575,1518
1555,1562
1576,1515
1533,1525
1527,1541
1526,1522
1548,1511
1526,1516
1552,1488
1531,1519
1552,1522
1523,1506
1532,1484
1560,1535
1503,1492
1531,1507
1533,1480
1510,1496
1506,1511
1541,1480
1491,1477
1526,1501
1498,1477
1517,1468
1513,1491
1508,1470
1485,1483
1499,1494
1516,1441
1499,1476
1488,1461
1485,1441
1466,1449
1507,1443
1459,1454
1467,1454
1479,1466
1481,1471
1486,1419
1462,1443
1463,1432
1445,1435
1468,1442
1480,1437
1475,1453
1464,1452
1424,1418
1438,1429
1422,1408
1406,1399
1443,1407
1391,1399
1402,1394
1416,1421
1411,1376
1453,1398
1416,1403
1414,1412
1396,1398
1416,1390
1408,1380
1413,1387
1395,1355
1406,1390
1389,1394
1407,1382
1373,1382
1382,1376
1379,1380
1380,1387
1385,1379
1357,1362
1360,1389
1391,1366
1376,1386
1358,1401
1378,1346
1353,1377
1392,1363
1352,1415
1367,1356
1320,1361
1368,1365
1387,1353
1392,1358
1389,1360
1350,1336
1341,1356
1337,1351
1338,1367
1324,1349
1351,1367
1322,1342
1329,1342
1379,1358
1344,1342
1340,1371
1348,1345
1337,1388
1361,1353
1348,1358
1330,1366
1326,1370
1339,1360
1362,1327
1301,1352
1346,1337
1341,1375
1346,1358
1339,1337
1360,1356
1364,1358
1360,1368
1328,1352
1365,1370
1342,1362
1323,1372
1343,1378
1361,1367
1361,1377
1332,1384
1364,1383
1371,1374
1349,1388
1354,1390
1376,1374
1356,1387
1396,1370
1418,1404
1374,1402
1385,1388
1385,1426
1373,1404
1405,1406
1366,1397
1380,1410
1366,1433
1402,1429
1353,1419
1415,1405
1395,1401
1386,1429
1370,1435
1392,1437
1425,1426
1404,1433
1415,1410
1415,1443
1413,1440
1423,1463
1438,1488
1448,1434
1447,1440
1429,1457
1421,1475
1456,1459
1428,1466
1441,1464
1450,1471
1470,1488
1451,1473
1463,1491
1469,1492
1458,1460
1490,1459
1461,1488
1483,1489
1506,1486
1449,1484
1473,1497
1461,1496
1512,1497
1475,1512
1483,1510
1484,1498
1503,1514
1474,1513
1532,1486
1503,1510
1520,1527
1516,1521
1523,1512
1509,1514
1518,1517
1516,1502
1521,1513
1511,1545
1552,1547
1500,1526
1525,1543
1527,1518
1538,1539
1553,1547
1534,1545
1560,1561
1541,1523
1549,1540
1570,1537
1579,1550
1540,1542
1547,1549
1536,1527
1546,1534
1517,1558
1558,1543
1549,1544
1560,1582
1531,1531
1551,1536
1567,1542
1540,1535
1548,1553
1570,1550
1567,1553
1549,1555
1527,1558
1580,1543
1585,1526
1538,1568
1577,1548
1552,1550
1577,1545
1560,1529
1536,1546
1550,1534
1550,1548
1538,1522
1546,1543
1567,1518
1573,1532
1553,1543
1548,1512
1570,1495
1532,1539
1556,1521
1542,1475
1500,1518
1539,1542
1533,1498
1540,1501
1527,1541
1534,1490
1539,1515
1514,1516
1528,1496
1525,1503
1508,1484
1505,1504
1533,1509
1527,1483
1506,1529
1510,1479
1489,1503
1505,1485
1521,1495
1517,1493
1518,1483
1471,1482
1482,1472
1478,1486
1498,1471
1493,1445
1491,1472
1450,1448
1467,1469
1493,1439
1444,1418
1463,1448
1478,1437
1453,1442
1425,1435
1465,1438
1443,1420
1435,1442
1480,1418
1435,1436
1427,1407
1443,1450
1407,1398
1411,1410
1413,1403
1397,1402
1441,1433
1435,1432
1444,1413
1425,1382
1371,1425
1402,1373
1371,1406
1363,1373
1419,1403
1391,1368
1382,1383
1397,1384
1350,1390
1390,1375
1380,1391
1366,1382
1392,1376
1379,1389
1396,1389
1375,1382
1389,1372
1386,1384
1370,1393
1373,1356
1352,1354
1363,1375
1362,1366
1373,1355
1339,1333
1352,1332
1364,1355
1383,1371
1357,1368
1325,1353
1360,1360
1362,1354
1332,1326
1333,1365
1357,1365
1366,1374
1324,1349
1333,1367
1323,1352
1370,1331
1343,1362
1367,1354
1316,1374
1351,1369
1311,1349
1343,1367
1332,1359
1354,1375
1331,1349
1337,1360
1334,1379
1378,1354
1317,1345
1351,1351
1334,1349
1344,1383
1366,1376
1374,1365
1368,1378
1338,1368
1370,1400
1350,1388
1367,1372
1325,1394
1348,1381
1350,1370
1365,1379
1369,1375
1363,1407
1381,1411
1348,1405
1367,1392
1374,1390
1401,1390
1393,1427
1393,1402
1384,1408
1371,1411
1417,1384
1364,1393
1387,1421
1387,1439
1403,1439
1393,1426
1384,1441
1380,1428
1404,1429
1383,1407
1401,1467
1411,1448
1437,1427
1412,1442
1441,1442
1411,1450
1405,1474
1446,1492
1479,1460
1451,1463
1431,1464
1457,1447
1453,1458
1453,1479
1464,1480
1481,1469
1417,1455
1477,1479
1452,1475
1481,1457
1479,1480
1475,1500
1456,1522
1490,1476
1470,1487
1480,1517
1452,1486
1513,1524
1458,1507
1508,1514
1505,1520
1511,1514
1490,1507
1483,1495
1501,1517
1486,1534
1511,1520
1525,1524
1509,1527
1513,1540
1537,1531
1509,1518
1518,1542
1544,1524
1530,1563
1525,1531
1521,1527
1557,1535
1529,1535
1530,1537
1549,1550
1529,1531
1554,1532
1542,1565
1534,1525
1526,1517
1544,1537
1561,1525
1556,1536
1569,1525
1547,1576
1541,1562
1563,1528
1557,1534
1538,1567
1568,1521
1591,1547
1553,1567
1560,1539
1536,1561
1568,1525
1584,1547
1550,1541
1570,1527
1558,1567
1559,1537
1538,1558
1555,1549
1553,1519
1555,1558
1563,1530
1525,1542
1567,1524
1519,1542
1567,1515
1565,1518
1565,1550
1554,1545
1537,1535
1545,1510
1539,1531
1535,1535
1525,1538
1528,1518
1551,1526
1534,1511
1535,1516
1509,1506
1531,1485
1523,1492
1527,1507
1543,1500
1564,1504
1515,1534
1531,1494
1504,1460
1502,1473
1480,1475
1499,1484
1517,1483
1482,1507
1510,1484
1517,1470
1487,1494
1499,1483
1499,1445
1452,1486
1488,1450
1459,1455
1467,1450
1496,1449
1464,1457
1457,1444
1483,1437
1452,1453
1468,1440
1456,1447
1478,1452
1473,1439
1446,1422
1454,1412
1437,1383
1429,1415
1418,1417
1408,1390
1448,1413
1419,1411
1454,1408
1422,1408
1430,1392
1441,1387
1405,1404
1403,1388
1416,1406
1385,1383
1395,1383
1398,1363
1357,1385
1387,1400
1402,1391
1366,1392
1359,1368
1398,1355
1373,1371
1369,1370
1416,1381
1365,1377
1360,1388
1380,1399
1378,1360
1361,1357
1363,1377
1360,1348
1375,1352
1354,1346
1359,1364
1360,1372
1360,1364
1316,1361
1359,1309
1354,1357
1396,1382
1323,1346
1324,1356
1355,1376
1350,1353
1347,1356
1350,1335
1347,1339
1343,1362
1330,1314
1308,1374
1357,1351
1337,1368
1342,1356
1330,1354
1362,1325
1351,1378
1334,1376
1324,1373
1376,1374
1348,1373
1352,1345
1343,1358
1361,1341
1367,1360
1382,1367
1331,1364
1355,1346
1334,1367
1324,1352
1336,1387
1342,1362
1353,1391
1376,1385
1335,1386
1350,1369
1351,1355
1367,1389
1355,1379
1392,1392
1352,1390
1370,1385
1397,1380
1368,1391
1381,1394
1408,1409
1371,1379
1383,1419
1383,1409
1394,1425
1418,1405
1399,1396
1375,1416
1413,1411
1410,1446
1418,1444
1392,1436
1412,1434
1389,1418
1399,1459
1434,1473
1404,1456
1433,1430
1396,1463
1445,1440
1427,1438
1421,1467
1453,1447
1437,1456
1460,1445
1457,1481
1444,1464
1457,1479
1451,1466
1444,1489
1458,1464
1469,1471
1468,1449
1476,1502
1445,1505
1449,1487
1511,1500
1508,1493
1500,1513
1492,1483
1489,1502
1486,1487
1496,1501
1513,1482
1504,1505
1487,1526
1526,1506
1507,1521
1506,1506
1521,1516
1518,1526
1528,1574
1504,1522
1532,1557
1503,1533
1535,1527
1533,1530
1518,1521
1523,1513
1558,1542
1522,1545
1572,1529
1562,1533
1551,1523
1526,1519
1554,1541
1583,1530
1528,1540
1575,1555
1563,1543
1570,1560
1547,1557
1561,1565
1589,1527
1557,1562
1548,1553
1515,1557
1570,1546
1551,1572
1602,1554
1575,1533
1566,1551
1558,1507
1545,1552
1536,1552
1558,1549
1541,1534
1562,1530
1580,1535
1576,1556
1549,1535
1548,1559
1565,1523
1541,1541
1552,1516
1587,1543
1569,1521
1551,1514
1545,1528
1556,1503
1551,1520
1534,1507
1547,1508
1572,1522
1552,1523
1579,1533
1530,1509
1538,1506
1521,1529
1533,1506
1522,1488
1544,1473
1549,1493
1549,1512
1484,1483
1505,1506
1526,1489
1514,1470
1515,1496
1500,1466
1514,1480
1521,1500
1515,1502
1518,1481
1504,1461
1483,1475
1463,1501
1477,1464
1468,1462
1465,1457
1494,1429
1464,1444
1472,1445
1521,1468
1460,1453
1489,1441
1482,1444
1457,1421
1475,1440
1463,1426
1445,1456
1445,1415
1428,1418
1429,1425
1445,1428
1445,1399
1443,1411
1439,1417
1432,1372
1403,1396
1413,1395
1459,1417
1440,1405
1435,1426
1385,1390
1399,1373
1390,1379
1407,1388
1396,1412
1417,1376
1423,1386
1390,1389
1406,1398
1390,1364
1379,1363
1360,1387
1372,1373
1364,1385
1372,1345
1389,1368
1374,1361
1346,1370
1385,1348
1332,1372
1372,1362
1404,1377
1342,1352
1362,1371
1354,1376
1336,1365
1373,1361
1353,1360
1342,1349
1358,1334
1333,1358
1324,1345
1338,1351
1366,1353
1359,1369
1384,1356
1322,1357
1318,1355
1383,1328
1338,1372
1343,1328
1339,1372
1354,1364
1368,1340
1348,1353
1359,1379
1348,1348
1360,1366
1322,1356
1323,1346
1328,1350
1357,1378
1319,1360
1356,1362
1347,1372
1311,1359
1328,1342
1336,1366
1369,1395
1362,1383
1343,1376
1334,1371
1351,1359
1379,1378
1378,1399
1361,1370
1373,1368
1360,1398
1348,1366
1361,1373
1340,1400
1354,1405
1401,1390
1339,1365
1373,1400
1363,1412
1382,1390
1378,1367
1403,1384
1370,1384
1397,1409
1408,1429
1394,1393
1382,1436
1405,1429
1415,1445
1425,1446
1408,1458
1418,1437
1427,1456
1393,1446
1421,1420
1413,1441
1434,1451
1420,1432
1443,1466
1411,1456
1454,1443
1433,1494
1455,1452
1430,1465
1473,1464
1447,1457
1459,1488
1464,1451
1445,1487
1474,1495
1445,1480
1481,1472
1490,1476
1471,1490
1473,1514
1448,1491
1466,1493
1502,1519
1488,1498
1538,1527
1491,1539
1493,1500
1511,1537
1525,1531
1510,1522
1536,1527
1521,1533
1493,1533
1493,1530
1552,1525
1547,1518
1533,1525
1534,1522
1518,1533
1520,1522
1542,1552
1519,1549
1545,1520
1558,1560
1564,1558
1511,1540
1539,1522
1531,1553
1551,1567
1533,1547
1551,1536
1554,1549
1555,1554
1545,1566
1567,1558
1561,1570
1551,1551
1598,1543
1546,1579
1565,1541
1572,1540
1556,1562
1548,1527
1565,1557
1536,1547
1537,1553
1572,1541
1560,1524
1536,1533
1563,1514
1551,1544
1553,1524
1550,1526
1545,1558
1582,1523
1566,1502
1539,1553
1543,1532
1565,1512
1566,1525
1584,1517
1546,1507
1573,1534
1545,1545
1530,1542
1507,1540
1554,1497
1540,1524
1543,1504
1555,1499
1551,1510
1525,1502
1518,1525
1505,1503
1510,1475
1529,1476
1536,1513
1521,1491
1503,1494
1510,1482
1541,1469
1490,1479
1516,1500
1496,1501
1524,1463
1469,1479
1523,1443
1495,1493
1486,1471
1502,1485
1494,1484
1459,1452
1473,1464
1477,1450
1477,1448
1484,1429
1453,1466
1442,1435
1469,1446
1460,1415
1458,1443
1465,1444
1438,1432
1450,1410
1464,1461
1436,1411
1459,1446
1438,1418
1433,1385
1459,1422
1439,1425
1430,1415
1442,1413
1402,1397
1429,1395
1420,1406
1396,1424
1382,1383
1405,1410
1400,1394
1394,1366
1398,1406
1396,1381
1410,1377
1381,1384
1388,1349
1403,1375
1350,1387
1380,1392
1378,1362
1357,1376
1377,1382
1358,1382
1371,1359
1397,1349
1382,1353
1345,1384
1374,1342
1374,1373
1360,1342
1341,1350
1342,1360
1346,1358
1340,1371
1353,1362
1328,1353
1373,1345
1365,1350
1355,1369
1342,1330
1353,1359
1348,1355
1355,1346
1357,1360
1354,1338
1312,1349
1326,1368
1325,1369
1319,1333
1322,1366
1359,1348
1335,1368
1380,1369
1306,1377
1342,1337
1353,1340
1353,1377
1345,1352
1343,1355
1312,1346
1348,1379
1338,1356
1331,1364
1349,1384
1366,1375
1342,1396
1333,1391
1362,1353
1339,1351
1337,1361
1349,1375
1397,1382
1369,1392
1374,1378
1357,1380
1374,1368
1398,1378
1349,1385
1367,1380
1376,1400
1361,1394
1371,1390
1389,1428
1384,1413
1414,1422
1363,1406
1388,1427
1387,1415
1381,1439
1409,1429
1415,1424
1380,1448
1391,1453
1425,1435
1430,1436
1395,1419
1393,1436
1434,1424
1411,1453
1435,1446
1436,1434
1433,1440
1451,1485
1429,1497
1455,1470
1455,1462
1432,1478
1429,1484
1468,1467
1476,1462
1457,1451
1459,1490
1492,1481
1463,1483
1461,1484
1474,1490
1511,1485
1480,1483
1491,1499
1488,1512
1485,1518
1510,1510
1475,1496
1509,1505
1496,1496
1484,1517
1527,1532
1500,1539
1504,1543
1485,1516
1536,1519
1504,1504
1516,1522
1556,1519
1517,1521
1566,1541
1503,1517
1544,1548
1521,1514
1537,1548
1545,1532
1543,1533
1552,1525
1534,1518
1543,1582
1549,1535
1517,1539
1532,1531
1523,1532
1567,1558
1532,1530
1568,1544
1539,1546
1549,1525
1565,1529
1569,1548
1548,1571
1548,1570
1565,1550
1531,1558
1555,1560
1534,1538
1542,1576
1579,1522
1588,1573
1570,1556
1596,1553
1557,1554
1560,1562
1586,1528
1567,1525
1548,1518
1553,1508
1565,1527
1531,1538
1571,1538
1564,1532
1558,1528
1588,1548
1529,1519
1539,1510
1530,1528
1519,1499
1569,1519
1536,1514
1540,1544
1531,1521
1514,1509
1534,1561
1516,1527
1525,1521
1529,1508
1503,1497
1506,1530
1545,1489
1521,1490
1532,1508
1525,1472
1505,1502
1520,1486
1522,1483
1495,1526
1554,1475
1523,1477
1484,1473
1505,1454
1525,1472
1511,1432
1485,1486
1466,1450
1476,1481
1460,1466
1451,1471
1472,1456
1489,1443
1449,1430
1450,1453
1459,1426
1474,1455
1455,1408
1408,1432
1447,1422
1437,1453
1449,1460
1457,1390
1449,1414
1454,1408
1452,1414
1418,1420
1409,1427
1426,1386
1426,1384
1428,1392
1404,1411
1405,1403
1411,1405
1393,1387
1420,1359
1395,1381
1414,1372
1415,1399
1391,1376
1379,1414
1356,1387
1406,1382
1384,1376
1379,1382
1349,1379
1383,1383
1377,1376
1369,1351
1369,1339
1349,1394
1372,1363
1357,1387
1326,1333
1375,1354
1351,1357
1350,1350
1366,1353
1345,1342
1368,1353
1332,1374
1342,1374
1361,1369
1342,1348
1330,1364
1334,1352
1362,1345
1326,1347
1357,1337
1362,1363
1348,1346
1339,1345
1360,1347
1339,1339
1332,1343
1331,1353
1331,1341
1333,1353
1361,1378
1345,1381
1340,1360
1339,1355
1365,1337
1326,1322
1329,1333
1346,1351
1315,1369
1316,1367
1328,1337
1361,1344
1379,1346
1387,1328
1381,1366
1341,1379
1325,1350
1360,1387
1383,1367
1337,1389
1370,1399
1361,1359
1367,1387
1341,1369
1390,1375
1373,1413
1377,1377
1365,1415
1385,1386
1382,1399
1378,1397
1371,1411
1385,1372
1357,1426
1395,1398
1362,1408
1401,1444
1384,1414
1397,1401
1409,1400
1384,1433
1393,1438
1416,1412
1412,1440
1418,1425
1413,1437
1431,1453
1409,1453
1434,1439
1432,1457
1421,1443
1439,1449
1460,1456
1443,1463
1463,1460
1425,1485
1440,1460
1461,1481
1469,1460
1481,1487
1478,1504
1497,1464
1470,1496
1472,1496
1457,1487
1474,1522
1479,1488
1459,1516
1502,1510
1477,1487
1485,1496
1469,1509
1492,1505
1491,1531
1515,1506
1476,1501
1492,1521
1480,1517
1504,1508
1510,1529
1515,1533
1533,1523
1518,1511
1550,1518
1499,1533
1533,1526
1517,1545
1522,1530
1491,1530
1550,1539
1545,1533
1546,1537
1521,1540
1512,1549
1528,1545
1522,1560
1578,1536
1581,1561
1536,1566
1534,1545
1574,1562
1580,1558
1548,1539
1562,1551
1585,1531
1541,1527
1575,1547
1568,1550
1593,1551
1588,1545
1551,1544
1553,1543
1569,1549
1540,1542
1569,1548
1604,1518
1552,1543
1561,1563
1539,1533
1543,1533
1551,1551
1568,1550
1528,1513
1526,1554
1554,1539
1553,1549
1545,1535
1539,1524
1558,1525
1572,1518
1530,1538
1558,1504
1565,1508
1544,1521
1544,1512
1550,1499
1543,1521
1546,1511
1539,1504
1512,1492
1542,1483
1530,1502
1527,1507
1563,1469
1499,1487
1505,1498
1535,1479
1513,1498
1503,1473
1507,1469
1501,1489
1531,1487
1474,1498
1485,1500
1478,1469
1501,1462
1503,1470
1464,1448
1461,1441
1467,1464
1478,1452
1466,1445
1486,1455
1484,1457
1468,1441
1469,1499
1479,1434
1480,1426
1442,1414
1452,1423
1440,1413
1433,1418
1429,1421
1418,1433
1423,1426
1471,1404
1435,1422
1435,1389
1412,1411
1415,1390
1424,1413
1386,1387
1389,1395
1404,1387
1375,1375
1422,1383
1394,1386
1413,1361
1413,1404
1410,1390
1381,1376
1396,1409
1373,1396
1405,1345
1356,1384
1354,1390
1377,1369
1381,1360
1385,1356
1374,1370
1349,1361
1383,1370
1369,1359
1341,1339
1344,1348
1374,1344
1326,1329
1391,1358
1343,1368
1334,1375
1351,1366
1342,1373
1360,1349
1336,1348
1354,1360
1374,1350
1375,1338
1368,1345
1361,1353
1332,1344
1318,1354
1306,1367
1323,1330
1345,1338
1345,1373
1355,1353
1353,1356
1329,1340
1309,1336
1339,1359
1334,1369
1345,1341
1324,1372
1356,1333
1344,1354
1335,1344
1329,1373
1354,1372
1352,1362
1345,1360
1327,1342
1337,1382
1327,1372
1363,1363
1350,1382
1349,1371
1371,1372
1365,1392
1361,1404
1357,1375
1351,1369
1352,1377
1341,1387
1357,1389
1385,1375
1359,1364
1326,1401
1394,1431
1392,1424
1413,1396
1372,1411
1372,1403
1393,1423
1372,1433
1381,1432
1393,1429
1402,1450
1416,1430
1393,1407
1381,1413
1431,1422
1458,1412
1403,1446
1427,1407
1427,1448
1424,1464
1447,1436
1471,1421
1429,1463
1420,1417
1418,1473
1454,1460
1447,1484
1431,1459
1484,1489
1461,1458
1452,1476
1493,1469
1467,1478
1459,1486
1443,1485
1480,1460
1464,1488
1449,1472
1496,1521
1498,1491
1466,1487
1477,1501
1498,1510
1509,1503
1519,1518
1477,1543
1494,1505
1504,1520
1520,1515
1509,1538
1521,1510
1518,1527
1507,1530
1516,1520
1516,1546
1523,1509
1557,1501
1512,1522
1540,1526
1511,1521
1542,1525
1536,1527
1544,1547
1557,1543
1540,1544
1541,1548
1541,1566
1549,1516
1554,1529
1540,1565
1536,1562
1542,1560
1561,1537
1551,1541
1572,1545
1570,1558
1571,1578
1561,1519
1564,1544
1570,1542
1558,1543
1555,1542
1577,1537
1546,1558
1577,1555
1556,1552
1553,1554
1567,1528
1547,1550
1554,1559
1514,1527
1537,1537
1573,1538
1538,1535
1540,1532
1552,1537
1571,1546
1581,1520
1572,1543
1538,1542
1537,1509
1587,1550
1547,1530
1546,1523
1522,1504
1554,1506
1504,1490
1552,1506
1537,1509
1533,1511
1526,1541
1507,1501
1540,1506
1512,1507
1528,1502
1536,1497
1524,1516
1530,1486
1522,1478
1495,1538
1488,1482
1507,1489
1518,1489
1472,1488
1490,1464
1508,1494
1484,1495
1479,1480
1481,1461
1487,1463
1489,1452
1481,1449
1486,1487
1472,1478
1472,1467
1492,1453
1464,1454
1456,1442
1452,1453
1490,1465
1470,1447
1466,1424
1442,1454
1410,1439
1428,1433
1436,1430
1458,1405
1429,1390
1424,1415
1406,1392
1456,1424
1395,1402
1425,1406
1402,1389
1414,1391
1429,1382
1457,1382
1398,1365
1399,1361
1417,1381
1386,1388
1370,1365
1426,1385
1365,1381
1384,1376
1390,1397
1402,1355
1393,1374
1404,1374
1383,1354
1362,1368
1345,1389
1377,1383
1352,1339
1360,1346
1334,1378
1348,1368
1352,1333
1343,1343
1350,1363
1359,1359
1341,1350
1339,1353
1346,1349
1350,1363
1346,1342
1352,1355
1347,1375
1363,1373
1337,1342
1347,1356
1330,1348
1345,1364
1335,1346
1313,1367
1317,1339
1338,1333
1329,1339
1352,1349
1343,1330
1352,1356
1340,1377
1333,1344
1364,1374
1346,1360
1381,1351
1331,1355
1374,1347
1330,1353
1318,1374
1322,1390
1350,1352
1366,1351
1352,1392
1345,1392
1367,1369
1348,1370
1337,1378
1354,1361
1349,1387
1364,1387
1356,1378
1344,1385
1355,1375
1355,1379
1375,1387
1362,1397
1373,1365
1324,1405
1380,1373
1382,1406
1365,1398
1371,1394
1366,1385
1398,1393
1398,1377
1384,1395
1399,1413
1394,1411
1416,1394
1405,1435
1435,1428
1418,1400
1418,1413
1392,1412
1418,1445
1421,1438
1420,1468
1416,1429
1419,1441
1465,1463
1447,1473
1444,1448
1449,1448
1431,1473
1474,1435
1434,1451
1452,1478
1460,1465
1468,1465
1465,1469
1465,1451
1462,1491
1495,1493
1502,1489
1503,1497
1482,1509
1485,1482
1481,1486
1470,1498
1500,1500
1497,1496
1469,1519
1472,1511
1491,1500
1509,1519
1478,1505
1497,1516
1524,1505
1543,1505
1533,1533
1511,1532
1518,1515
1497,1513
1525,1544
1522,1529
1533,1534
1532,1540
1543,1583
1531,1528
1542,1547
1530,1561
1550,1521
1560,1520
1548,1502
1559,1538
1538,1526
1565,1541
1520,1538
1562,1537
1547,1538
1530,1551
1565,1572
1552,1542
1586,1514
1555,1545
1544,1524
1586,1562
1571,1551
1524,1532
1560,1540
1561,1556
1567,1550
1540,1529
1553,1560
1540,1551
1532,1551
1550,1539
1558,1534
1521,1519
1549,1541
1524,1557
1551,1521
1580,1525
1528,1548
1576,1564
1545,1552
1564,1551
1558,1535
1537,1545
1559,1519
1556,1525
1553,1527
1524,1529
1539,1537
1529,1534
1551,1523
1555,1507
1511,1523
1540,1530
1547,1491
1498,1477
1514,1517
1490,1493
1516,1487
1553,1488
1547,1509
1535,1491
1518,1487
1524,1476
1493,1462
1523,1515
1515,1470
1514,1449
1521,1459
1502,1470
1517,1474
1488,1470
1480,1443
1496,1475
1503,1459
1460,1468
1464,1462
1453,1456
1488,1481
1479,1417
1435,1443
1445,1429
1431,1410
1453,1443
1474,1418
1477,1439
1464,1434
1452,1407
1477,1406
1415,1409
1429,1445
1441,1426
1428,1422
1435,1403
1438,1398
1413,1398
1400,1394
1429,1414
1415,1390
1419,1397
1415,1403
1421,1372
1419,1397
1374,1377
1405,1413
1355,1360
1404,1400
1382,1365
1417,1393
1421,1377
1393,1369
1382,1385
1369,1348
1382,1360
1360,1355
1373,1380
1375,1385
1385,1363
1372,1375
1408,1356
1342,1370
1354,1361
1373,1371
1365,1349
1320,1354
1344,1372
1360,1382
1361,1357
1362,1345
1369,1369
1325,1363
1365,1352
1334,1337
1340,1364
1320,1354
1374,1359
1359,1349
1327,1376
1375,1363
1328,1361
1365,1346
1333,1375
1323,1358
1318,1374
1334,1347
1341,1375
1337,1333
1352,1356
1344,1370
1350,1362
1343,1351
1339,1384
1323,1368
1374,1395
1368,1377
1323,1374
1336,1364
1346,1367
1321,1399
1363,1385
1335,1370
1339,1371
1350,1374
1354,1375
1372,1354
1377,1382
1378,1383
1367,1401
1408,1403
1366,1404
1354,1397
1361,1363
1395,1403
1357,1367
1385,1397
1378,1402
1411,1432
1385,1422
1392,1434
1380,1394
1402,1411
1395,1412
1391,1439
1417,1413
1394,1404
1420,1450
1416,1435
1421,1440
1421,1458
1405,1437
1430,1435
1411,1457
1440,1451
1449,1466
1442,1462
1425,1432
1448,1469
1446,1457
1453,1474
1440,1468
1453,1484
1444,1441
1467,1462
1461,1480
1457,1470
1461,1495
1448,1487
1487,1511
1454,1492
1470,1513
1467,1498
1495,1499
1483,1530
1495,1485
1512,1467
1474,1485
1492,1515
1523,1513
1523,1522
1508,1520
1502,1519
1537,1517
1514,1511
1556,1529
1501,1538
1492,1533
1538,1520
1517,1540
1518,1530
1522,1551
1528,1542
1567,1523
1526,1514
1545,1545
1524,1499
1564,1552
1544,1565
1570,1521
1560,1536
1567,1542
1558,1545
1552,1503
1544,1557
1549,1544
1582,1551
1524,1559
1554,1552
1533,1564
1569,1533
1565,1551
1556,1548
1553,1521
1585,1533
1569,1549
1542,1532
1523,1551
1545,1535
1573,1554
1573,1548
1570,1517
1556,1536
1546,1535
1549,1507
1544,1571
1574,1544
1552,1553
1552,1519
1565,1534
1593,1548
1567,1522
1565,1516
1556,1538
1538,1527
1541,1540
1550,1538
1566,1530
1544,1515
1550,1520
1526,1543
1546,1502
1504,1509
1535,1539
1528,1504
1526,1534
1549,1511
1541,1498
1539,1493
1514,1478
1518,1525
1482,1475
1531,1490
1513,1477
1524,1493
1493,1472
1523,1476
1503,1461
1510,1493
1479,1497
1462,1490
1510,1468
1485,1442
1489,1465
1491,1453
1476,1434
1485,1478
1460,1429
1497,1452
1490,1448
1475,1426
1446,1435
1466,1433
1463,1437
1476,1431
1457,1447
1437,1425
1455,1426
1437,1430
1444,1406
1424,1410
1439,1421
1438,1413
1400,1409
1402,1397
1413,1426
1436,1412
1392,1431
1418,1389
1376,1401
1435,1395
1422,1374
1388,1400
1385,1362
1389,1379
1363,1376
1378,1406
1395,1380
1394,1342
1396,1380
1366,1379
1381,1368
1356,1375
1397,1369
1389,1365
1382,1376
1392,1363
1350,1338
1404,1380
1369,1371
1390,1364
1363,1367
1379,1344
1335,1384
1337,1345
1315,1358
1353,1371
1350,1334
1353,1313
1362,1367
1360,1358
1380,1345
1330,1333
1360,1375
1295,1344
1360,1331
1334,1340
1351,1366
1361,1342
1363,1324
1384,1377
1390,1335
1349,1359
1328,1363
1341,1325
1381,1364
1337,1344
1370,1356
1358,1397
1361,1339
1361,1332
1353,1360
1335,1356
1334,1371
1339,1389
1359,1353
1352,1356
1344,1363
1326,1389
1364,1364
1369,1351
1359,1381
1373,1376
1339,1376
1364,1378
1355,1397
1343,1395
1370,1371
1347,1388
1384,1399
1366,1401
1350,1396
1378,1381
1417,1402
1375,1418
1385,1407
1368,1407
1413,1421
1390,1421
1362,1428
1381,1393
1416,1411
1427,1442
1412,1414
1391,1424
1400,1429
1397,1412
1405,1451
1391,1439
1420,1477
1426,1432
1434,1430
1419,1451
1456,1457
1427,1435
1425,1461
1447,1434
1448,1461
1452,1458
1450,1450
1459,1453
1441,1448
1435,1455
1470,1479
1427,1491
1471,1496
1427,1495
1464,1494
1439,1506
1466,1500
1494,1507
1512,1490
1466,1509
1473,1495
1499,1492
1496,1509
1476,1506
1502,1504
1469,1517
1503,1507
1507,1508
1546,1494
1518,1514
1504,1527
1513,1519
1557,1512
1536,1551
1509,1529
1484,1523
1534,1517
1495,1545
1541,1560
1541,1512
1553,1545
1537,1528
1565,1519
1550,1552
1548,1523
1524,1536
1549,1552
1511,1549
1560,1537
1541,1568
1542,1540
1542,1545
1553,1523
1568,1536
1552,1521
1548,1551
1555,1535
1570,1525
1578,1549
1537,1552
1570,1565
1557,1525
1569,1558
1542,1572
1530,1545
1555,1538
1556,1539
1559,1555
1554,1542
1533,1528
1548,1520
1511,1552
1533,1519
1561,1552
1545,1525
1538,1533
1573,1526
1527,1544
1546,1542
1546,1533
1538,1515
1515,1516
1558,1526
1518,1515
1560,1534
1550,1518
1552,1511
1504,1514
1556,1508
1538,1476
1545,1506
1507,1500
1540,1517
1525,1498
1528,1500
1490,1496
1504,1489
1515,1488
1529,1497
1525,1496
1525,1469
1517,1492
1489,1486
1499,1480
1493,1470
1492,1497
1491,1472
1514,1439
1501,1477
1489,1442
1491,1491
1436,1441
1476,1452
1479,1449
1430,1427
1486,1440
1455,1447
1475,1452
1464,1440
1453,1454
1434,1425
1457,1446
1437,1430
1455,1433
1425,1409
1457,1427
1447,1411
1407,1416
1391,1416
1423,1430
1436,1407
1407,1397
1397,1418
1389,1387
1411,1393
1398,1393
1403,1354
1389,1384
1420,1410
1393,1386
1399,1389
1370,1394
1400,1377
1393,1402
1370,1387
1356,1375
1369,1371
1370,1377
1384,1394
1380,1391
1357,1377
1344,1373
1397,1378
1364,1337
1328,1364
1356,1367
1367,1371
1373,1357
1348,1350
1379,1377
1356,1327
1378,1357
1351,1357
1351,1367
1329,1363
1367,1361
1338,1339
1346,1338
1362,1346
1358,1346
1360,1334
1366,1357
1321,1336
1324,1356
1348,1373
1340,1338
1341,1337
1363,1371
1368,1335
1368,1351
1345,1365
1339,1381
1350,1352
1343,1335
1361,1372
1326,1357
1358,1359
1318,1371
1357,1358
1364,1370
1369,1381
1314,1395
1338,1359
1348,1365
1316,1362
1339,1367
1355,1377
1342,1370
1373,1397
1381,1372
1351,1383
1400,1362
1362,1385
1393,1391
1388,1392
1343,1404
1379,1405
1368,1367
1359,1390
1415,1404
1367,1413
1404,1376
1396,1388
1389,1412
1390,1396
1410,1409
1418,1411
1422,1423
1389,1421
1374,1381
1414,1430
1400,1431
1429,1446
1437,1401
1425,1442
1408,1439
1420,1448
1431,1448
1430,1441
1425,1454
1432,1447
1442,1448
1454,1437
1452,1466
1459,1491
1441,1478
1454,1474
1475,1498
1443,1456
1442,1460
1459,1466
1482,1486
1482,1498
1490,1468
1504,1460
1483,1507
1491,1479
1469,1514
1483,1481
1516,1477
1473,1522
1512,1511
1469,1524
1506,1510
1519,1541
1546,1536
1493,1516
1512,1510
1499,1529
1519,1518
1515,1533
1526,1518
1519,1533
1533,1532
1503,1510
1532,1517
1525,1517
1528,1520
1531,1525
1533,1536
1536,1566
1528,1542
1552,1545
1564,1530
1544,1517
1553,1555
1551,1518
1552,1538
1546,1542
1562,1535
1552,1553
1559,1554
1540,1554
1521,1568
1563,1545
1578,1553
1560,1543
1535,1553
1564,1536
1569,1566
1550,1524
1581,1545
1566,1541
1532,1548
1566,1530
1527,1542
1556,1531
1546,1526
1540,1561
1524,1558
1546,1543
1569,1540
1556,1554
1508,1520
1578,1508
1533,1516
1525,1538
1529,1550
1535,1524
1543,1511
1549,1521
1533,1549
1559,1532
1543,1506
1509,1517
1505,1499
1522,1506
1524,1517
1501,1500
1534,1515
1549,1512
1537,1544
1544,1497
1505,1504
1514,1466
1512,1493
1519,1506
1525,1492
1494,1516
1500,1477
1503,1494
1520,1485
1503,1475
1489,1486
1489,1461
1474,1459
1454,1450
1457,1464
1501,1476
1494,1472
1502,1460
1481,1462
1457,1441
1457,1453
1481,1477
1458,1448
1474,1430
1459,1430
1485,1443
1470,1428
1435,1416
1455,1441
1434,1431
1452,1418
1430,1441
1416,1432
1422,1407
1411,1405
1395,1411
1405,1398
1419,1412
1408,1412
1380,1380
1398,1417
1434,1400
1412,1405
1397,1406
1393,1406
1399,1389
1411,1385
1402,1378
1391,1381
1383,1386
1412,1383
1383,1403
1392,1379
1361,1390
1384,1351
1392,1366
1386,1379
1374,1365
1384,1373
1356,1363
1362,1361
1360,1360
1322,1353
1356,1374
1363,1380
1373,1362
1351,1351
1353,1333
1370,1354
1322,1349
1342,1328
1347,1381
1334,1361
1366,1360
1345,1369
1373,1356
1330,1359
1328,1335
1311,1369
1341,1361
1332,1348
1397,1355
1336,1336
1335,1366
1357,1360
1347,1362
1330,1380
1349,1355
1367,1373
1377,1375
1339,1353
1354,1370
1362,1388
1338,1349
1337,1342
1371,1361
1337,1361
1326,1412
1333,1374
1338,1391
1352,1358
1366,1372
1382,1389
1345,1387
1383,1357
1355,1370
1373,1389
1343,1360
1364,1399
1371,1400
1358,1386
1376,1382
1389,1404
1375,1403
1403,1404
1373,1406
1378,1410
1395,1432
1381,1409
1370,1414
1419,1400
1391,1429
1403,1415
1414,1476
1411,1419
1409,1416
1414,1450
1404,1410
1397,1438
1410,1420
1406,1445
1392,1450
1411,1460
1410,1455
1413,1457
1425,1452
1436,1463
1421,1466
1453,1434
1435,1453
1443,1460
1464,1476
1464,1473
1451,1452
1478,1493
1478,1491
1455,1459
1482,1481
1458,1489
1468,1476
1470,1519
1469,1484
1485,1509
1505,1501
1459,1487
1491,1465
1466,1516
1486,1524
1499,1532
1517,1529
1498,1510
1495,1532
1541,1517
1471,1535
1532,1519
1525,1507
1517,1506
1512,1540
1511,1493
1532,1541
1528,1514
1515,1524
1569,1520
1556,1523
1549,1558
1516,1529
1519,1523
1550,1521
1526,1530
1520,1523
1548,1537
1526,1519
1568,1546
1530,1535
1542,1541
1548,1545
1541,1559
1559,1543
1518,1540
1554,1543
1540,1532
1534,1551
1554,1545
1560,1534
1590,1545
1570,1510
1579,1551
1558,1547
1556,1539
1528,1519
1563,1537
1583,1529
1555,1532
1555,1537
1532,1509
1561,1527
1530,1529
1539,1511
1546,1540
1526,1531
1541,1556
1578,1535
1545,1527
1538,1511
1547,1535
1554,1541
1549,1524
1556,1538
1546,1544
1563,1510
1549,1504
1532,1493
1530,1521
1535,1498
1497,1498
1533,1520
1490,1488
1498,1489
1511,1499
1521,1496
1537,1486
1480,1490
1509,1513
1508,1457
1517,1486
1514,1492
1496,1481
1509,1486
1507,1477
1490,1446
1505,1483
1491,1477
1493,1475
1486,1477
1482,1435
1448,1448
1466,1453
1474,1439
1478,1469
1457,1473
1473,1470
1478,1439
1449,1431
1464,1422
1423,1461
1451,1444
1451,1420
1451,1415
1431,1411
1447,1434
1427,1422
1431,1422
1450,1416
1439,1403
1430,1394
1440,1407
1413,1422
1444,1432
1403,1387
1392,1400
1394,1401
1416,1382
1406,1397
1420,1386
1403,1409
1408,1384
1370,1387
1399,1377
1388,1368
1390,1361
1392,1401
1388,1378
1400,1368
1385,1387
1385,1361
1379,1358
1391,1378
1390,1372
1398,1372
1354,1356
1380,1355
1377,1359
1380,1378
1356,1356
1376,1356
1336,1348
1367,1372
1388,1351
1346,1351
1346,1336
1348,1359
1365,1390
1328,1339
1353,1371
1359,1355
1348,1341
1329,1348
1328,1384
1384,1345
1327,1360
1372,1380
1330,1347
1368,1359
1339,1392
1358,1377
1358,1366
1337,1379
1357,1346
1346,1327
1333,1373
1326,1356
1345,1414
1353,1380
1337,1350
1383,1368
1361,1358
1376,1358
1339,1373
1349,1382
1351,1372
1383,1380
1363,1362
1382,1384
1365,1374
1369,1378
1361,1406
1368,1369
1365,1394
1387,1369
1381,1416
1365,1382
1373,1381
1376,1386
1355,1404
1401,1421
1407,1427
1407,1404
1350,1410
1363,1422
1377,1399
1377,1425
1393,1402
1394,1444
1403,1457
1416,1415
1390,1417
1394,1426
1417,1465
1403,1434
1384,1411
1421,1448
1418,1465
1407,1443
1406,1488
1422,1471
1434,1468
1425,1466
1438,1483
1429,1463
1452,1473
1446,1481
1460,1492
1448,1465
1479,1485
1463,1430
1468,1484
1449,1488
1481,1495
1455,1492
1453,1492
1458,1495
1465,1475
1513,1489
1489,1486
1496,1475
1503,1489
1504,1491
1506,1482
1483,1502
1534,1518
1521,1505
1544,1524
1538,1518
1528,1517
1542,1513
1501,1541
1499,1530
1527,1507
1479,1500
1515,1535
1538,1514
1550,1535
1529,1528
1576,1530
1545,1543
1537,1525
1494,1521
1565,1542
1538,1578
1539,1559
1520,1536
1510,1537
1543,1547
1560,1547
1546,1531
1563,1543
1553,1578
1585,1533
1515,1567
1566,1539
1533,1569
1571,1558
1555,1537
1533,1533
1588,1529
1556,1539
1544,1550
1536,1555
1519,1545
1559,1540
1584,1529
1535,1545
1542,1561
1553,1544
1543,1553
1500,1538
1569,1537
1520,1557
1510,1519
1575,1512
1549,1529
1560,1506
1526,1524
1515,1534
1560,1526
1545,1507
1513,1509
1535,1512
1575,1520
1539,1537
1504,1521
1536,1515
1504,1514
1492,1512
1535,1511
1574,1537
1524,1491
1502,1510
1516,1500
1539,1493
1508,1496
1532,1485
1516,1473
1511,1467
1516,1500
1505,1494
1482,1481
1483,1437
1512,1487
1489,1464
1480,1471
1479,1448
1475,1477
1477,1469
1505,1462
1448,1429
1480,1465
1479,1463
1442,1441
1462,1442
1477,1435
1441,1431
1447,1439
1441,1421
1449,1437
1446,1449
1439,1418
1427,1417
1447,1400
1417,1418
1431,1375
1461,1422
1413,1395
1422,1423
1460,1410
1406,1399
1412,1395
1440,1383
1422,1391
1420,1368
1408,1372
1383,1402
1417,1390
1415,1386
1390,1417
1357,1394
1389,1391
1396,1388
1391,1380
1371,1379
1370,1371
1364,1370
1355,1357
1370,1383
1344,1371
1356,1383
1362,1356
1369,1373
1367,1353
1313,1385
1369,1356
1347,1384
1379,1334
1377,1339
1375,1335
1390,1381
1327,1357
1328,1343
1356,1366
1392,1374
1350,1362
1354,1357
1366,1349
1347,1359
1337,1331
1319,1346
1387,1336
1367,1366
1343,1355
1329,1373
1343,1355
1357,1354
1357,1350
1311,1367
1331,1373
1358,1349
1355,1337
1350,1374
1342,1353
1380,1367
1343,1385
1350,1367
1348,1378
1375,1373
1331,1352
1369,1357
1363,1373
1361,1381
1355,1373
1352,1384
1365,1357
1350,1382
1346,1390
1364,1377
1362,1408
1359,1374
1358,1376
1377,1394
1374,1408
1350,1416
1391,1404
1362,1386
1357,1408
1390,1417
1387,1415
1383,1413
1397,1415
1393,1416
1433,1424
1386,1421
1388,1416
1402,1429
1406,1433
1386,1434
1386,1471
1414,1437
1418,1442
1436,1453
1412,1435
1429,1442
1447,1432
1459,1440
1456,1451
1438,1450
1436,1444
1440,1469
1449,1468
1458,1474
1461,1479
1444,1454
1446,1472
1471,1471
1455,1445
1459,1478
1468,1482
1476,1483
1483,1518
1506,1488
1477,1483
1471,1511
1485,1488
1492,1485
1492,1476
1488,1502
1464,1487
1503,1496
1490,1507
1504,1539
1483,1498
1495,1515
1512,1544
1492,1515
1501,1525
1524,1511
1507,1516
1522,1502
1491,1543
1519,1532
1533,1505
1546,1531
1530,1544
1537,1556
1541,1508
1537,1510
1539,1553
1537,1530
1545,1536
1575,1537
1554,1553
1555,1539
1530,1557
1524,1551
1557,1537
1524,1558
1555,1541
1550,1544
1543,1562
1544,1524
1529,1554
1552,1525
1531,1504
1526,1535
1555,1542
1540,1530
1550,1527
1546,1538
1544,1554
1563,1537
1575,1532
1557,1576
1542,1518
1564,1520
1555,1535
1536,1529
1548,1527
1561,1522
1547,1559
1570,1545
1565,1532
1538,1500
1546,1501
1572,1522
1512,1521
1554,1537
1527,1540
1533,1523
1562,1527
1554,1522
1538,1530
1531,1499
1535,1509
1520,1494
1517,1504
1543,1475
1530,1512
1540,1490
1539,1526
1510,1496
1510,1498
1498,1469
1487,1498
1527,1459
1508,1465
1511,1478
1496,1490
1470,1459
1486,1479
1501,1452
1482,1450
1509,1450
1485,1459
1485,1474
1472,1455
1499,1438
1476,1448
1481,1462
1468,1454
1473,1454
1440,1440
1486,1446
1428,1420
1479,1426
1444,1435
1456,1417
1419,1420
1443,1405
1430,1441
1455,1414
1440,1404
1420,1420
1455,1394
1446,1429
1411,1404
1405,1414
1431,1402
1422,1385
1416,1396
1400,1394
1405,1369
1392,1360
1428,1411
1415,1382
1387,1391
1370,1392
1407,1398
1414,1363
1354,1364
1392,1378
1379,1363
1344,1379
1403,1381
1368,1361
1378,1355
1377,1371
1373,1382
1363,1367
1366,1393
1363,1357
1351,1374
1350,1363
1372,1372
1389,1351
1367,1361
1384,1380
1345,1349
1380,1355
1347,1360
1347,1361
1365,1360
1369,1351
1348,1355
1362,1367
1347,1348
1360,1362
1365,1368
1337,1356
1357,1369
1339,1344
1337,1357
1339,1356
1353,1362
1366,1366
1325,1361
1290,1356
1341,1331
1339,1379
1332,1369
1332,1371
1363,1375
1363,1366
1371,1343
1339,1370
1338,1383
1365,1359
1385,1365
1318,1375
1383,1364
1347,1376
1368,1370
1345,1387
1355,1377
1367,1387
1366,1364
1357,1366
1371,1389
1361,1387
1389,1388
1370,1408
1400,1386
1370,1417
1368,1406
1374,1393
1426,1405
1395,1401
1386,1371
1376,1401
1362,1395
1403,1406
1385,1439
1401,1416
1428,1459
1396,1436
1388,1419
1391,1440
1410,1428
1423,1430
1420,1454
1407,1434
1441,1473
1419,1443
1426,1436
1443,1456
1440,1458
1421,1457
1438,1455
1452,1470
1386,1480
1460,1469
1461,1476
1444,1469
1475,1470
1462,1451
1469,1487
1459,1447
1454,1475
1442,1475
1488,1489
1495,1466
1474,1497
1496,1501
1490,1492
1495,1502
1494,1516
1487,1509
1504,1508
1502,1489
1496,1517
1499,1513
1517,1498
1509,1504
1530,1517
1485,1506
1488,1532
1566,1531
1533,1561
1497,1568
1516,1548
1537,1513
1518,1552
1517,1540
1551,1525
1556,1499
1548,1535
1543,1539
1540,1575
1540,1537
1579,1516
1558,1562
1546,1505
1560,1545
1540,1520
1557,1534
1568,1541
1531,1549
1576,1533
1542,1534
1545,1546
1510,1519
1559,1534
1537,1546
1507,1546
1557,1504
1526,1561
1554,1527
1561,1528
1538,1566
1531,1503
1570,1506
1554,1518
1564,1542
1557,1522
1519,1509
1556,1537
1541,1521
1547,1523
1536,1526
1539,1516
1532,1530
1561,1548
1526,1513
1549,1504
1553,1525
1544,1516
1533,1510
1556,1521
1522,1483
1549,1524
1526,1527
1562,1504
1524,1514
1525,1485
1489,1497
1537,1495
1515,1493
1537,1481
1502,1479
1510,1489
1513,1485
1482,1490
1512,1493
1499,1491
1494,1491
1502,1478
1489,1472
1481,1472
1482,1498
1510,1481
1463,1447
1469,1446
1466,1470
1478,1441
1474,1443
1475,1428
1463,1477
1470,1477
1468,1429
1447,1430
1446,1435
1450,1461
1445,1448
1460,1447
1460,1431
1454,1428
1475,1444
1419,1438
1454,1431
1458,1427
1430,1400
1423,1426
1424,1432
1428,1408
1431,1380
1377,1395
1365,1398
1418,1403
1396,1395
1426,1390
1416,1411
1386,1388
1411,1391
1383,1396
1400,1375
1407,1383
1390,1404
1385,1377
1370,1392
1404,1413
1368,1386
1365,1375
1376,1342
1389,1364
1375,1361
1388,1375
1414,1373
1361,1348
1384,1360
1370,1370
1334,1367
1359,1360
1362,1360
1339,1371
1364,1341
1376,1387
1366,1368
1356,1370
1364,1382
1327,1348
1355,1337
1338,1365
1372,1343
1346,1346
1361,1355
1356,1365
1336,1360
1349,1353
1366,1377
1351,1391
1341,1370
1341,1356
1337,1371
1355,1390
1339,1352
1346,1357
1367,1353
1354,1352
1308,1358
1355,1384
1341,1345
1366,1392
1382,1345
1341,1384
1349,1388
1355,1378
1343,1385
1351,1381
1380,1407
1375,1360
1332,1399
1335,1375
1371,1380
1338,1381
1346,1364
1407,1371
1383,1398
1365,1370
1383,1409
1369,1407
1403,1390
1372,1390
1353,1388
1386,1387
1389,1426
1408,1415
1398,1403
1366,1415
1425,1408
1427,1418
1407,1413
1398,1426
1402,1411
1420,1429
1421,1437
1454,1428
1429,1457
1416,1450
1442,1464
1410,1456
1428,1459
1441,1425
1444,1478
1445,1475
1425,1468
1432,1455
1421,1480
1418,1461
1468,1452
1466,1461
1480,1474
1468,1481
1451,1456
1472,1485
1431,1472
1455,1469
1462,1486
1479,1505
1480,1475
1450,1497
1457,1489
1494,1520
1516,1504
1443,1502
1495,1510
1492,1505
1504,1496
1502,1500
1512,1516
1510,1522
1499,1517
1487,1496
1513,1534
1524,1530
1507,1520
1523,1528
1494,1522
1516,1529
1529,1543
1536,1514
1546,1527
1524,1535
1509,1531
1547,1532
1549,1520
1499,1487
1527,1545
1531,1521
1539,1544
1542,1541
1536,1547
1553,1529
1547,1556
1540,1542
1561,1533
1530,1547
1555,1528
1533,1515
1541,1554
1541,1526
1534,1523
1522,1548
1535,1542
1549,1520
1536,1530
1536,1552
1553,1556
1570,1553
1555,1568
1592,1517
1540,1519
1561,1545
1534,1523
1546,1542
1533,1534
1546,1513
1534,1546
1531,1517
1533,1534
1505,1517
1535,1525
1545,1500
1531,1508
1534,1502
1501,1534
1534,1534
1559,1499
1538,1484
1539,1504
1526,1525
1550,1515
1540,1516
1519,1504
1517,1492
1523,1534
1510,1500
1478,1497
1484,1493
1486,1490
1512,1485
1498,1500
1507,1490
1505,1465
1499,1462
1460,1463
1485,1473
1499,1501
1498,1456
1509,1475
1506,1462
1470,1452
1476,1456
1455,1445
1486,1470
1454,1458
1463,1446
1471,1439
1456,1446
1486,1431
1462,1436
1431,1424
1435,1440
1445,1412
1450,1413
1456,1432
1456,1430
1453,1429
1437,1445
1434,1397
1421,1433
1469,1418
1441,1428
1447,1444
1436,1402
1425,1411
1401,1411
1398,1411
1422,1401
1425,1426
1429,1390
1411,1406
1400,1398
1383,1409
1387,1379
1407,1382
1384,1382
1391,1403
1404,1365
1353,1359
1376,1369
1388,1386
1384,1364
1396,1372
1366,1386
1376,1382
1369,1349
1381,1387
1381,1386
1389,1354
1366,1359
1383,1370
1322,1362
1355,1368
1351,1358
1338,1383
1361,1375
1372,1368
1343,1347
1354,1360
1361,1364
1399,1361
1354,1384
1370,1365
1336,1360
1333,1363
1372,1356
1338,1386
1356,1352
1374,1377
1341,1386
1328,1369
1387,1349
1363,1379
1342,1366
1355,1365
1343,1369
1355,1357
1342,1366
1373,1353
1328,1392
1381,1379
1362,1361
1367,1387
1334,1408
1357,1388
1330,1365
1342,1383
1346,1375
1379,1384
1384,1389
1370,1391
1381,1372
1373,1369
1364,1383
1386,1383
1359,1378
1374,1386
1391,1407
1400,1389
1397,1391
1385,1411
1405,1424
1374,1389
1405,1405
1392,1417
1393,1414
1410,1424
1390,1422
1407,1401
1420,1405
1382,1443
1407,1433
1415,1407
1378,1415
1439,1431
1407,1457
1422,1430
1393,1441
1425,1479
1423,1492
1452,1494
1384,1442
1448,1463
1468,1470
1451,1479
1446,1434
1429,1452
1461,1441
1475,1457
1431,1468
1456,1484
1473,1498
1499,1497
1454,1495
1443,1495
1448,1471
1487,1485
1444,1505
1478,1497
1468,1498
1494,1481
1507,1487
1498,1509
1497,1499
1494,1527
1496,1491
1536,1528
1518,1517
1490,1511
1494,1532
1526,1510
1539,1510
1508,1507
1548,1495
1521,1518
1503,1527
1514,1492
1503,1506
1494,1505
1532,1507
1512,1522
1506,1531
1519,1539
1500,1535
1555,1546
1517,1547
1547,1524
1547,1531
1555,1539
1555,1515
1545,1531
1531,1520
1504,1512
1506,1529
1555,1532
1544,1561
1526,1542
1566,1546
1568,1553
1530,1534
1545,1525
1537,1523
1530,1530
1530,1538
1535,1522
1517,1524
1551,1539
1513,1520
1552,1552
1529,1541
1564,1527
1544,1518
1552,1527
1528,1548
1570,1535
1528,1534
1565,1542
1517,1514
1549,1530
1549,1540
1529,1511
1530,1482
1520,1508
1482,1510
1552,1524
1494,1494
1529,1521
1497,1509
1531,1497
1527,1513
1523,1499
1530,1517
1519,1500
1477,1491
1514,1459
1508,1487
1463,1485
1515,1471
1539,1492
1479,1462
1485,1487
1497,1461
1494,1476
1476,1471
1483,1446
1499,1446
1505,1463
1485,1454
1471,1469
1482,1459
1479,1442
1491,1465
1470,1453
1480,1429
1466,1456
1429,1446
1447,1446
1486,1438
1447,1454
1476,1475
1445,1447
1436,1415
1462,1408
1485,1411
1475,1445
1469,1425
1423,1401
1418,1434
1409,1428
1456,1399
1441,1405
1438,1420
1432,1411
1424,1422
1413,1409
1411,1419
1395,1425
1408,1423
1403,1392
1389,1397
1407,1399
1405,1406
1413,1366
1404,1390
1380,1383
1414,1397
1385,1384
1374,1407
1404,1378
1374,1361
1376,1374
1406,1360
1373,1369
1388,1377
1341,1389
1380,1354
1357,1343
1347,1384
1336,1390
1358,1360
1375,1389
1360,1389
1383,1351
1357,1337
1382,1378
1361,1369
1373,1363
1344,1354
1379,1351
1375,1358
1356,1362
1342,1356
1346,1372
1362,1353
1377,1381
1336,1335
1364,1340
1366,1379
1363,1374
1341,1368
1340,1367
1337,1365
1337,1394
1347,1352
1372,1333
1361,1361
1350,1361
1392,1381
1347,1373
1354,1392
1356,1370
1354,1353
1383,1380
1381,1364
1380,1397
1353,1376
1368,1390
1366,1378
1356,1393
1340,1393
1343,1373
1376,1413
1380,1379
1364,1387
1388,1410
1375,1373
1399,1407
1381,1417
1406,1422
1390,1399
1360,1423
1388,1395
1434,1400
1406,1405
1405,1416
1380,1412
1409,1411
1417,1406
1407,1413
1403,1437
1386,1416
1398,1458
1395,1428
1439,1420
1408,1428
1418,1452
1429,1440
1418,1469
1433,1469
1447,1457
1437,1466
1434,1473
1430,1483
1437,1456
1403,1463
1446,1475
1469,1452
1468,1474
1435,1451
1468,1450
1485,1480
1451,1482
1450,1496
1486,1485
1487,1474
1447,1487
1476,1474
1490,1490
1491,1485
1479,1510
1457,1500
1484,1504
1473,1514
1502,1514
1500,1508
1506,1496
1488,1501
1488,1519
1491,1522
1528,1506
1518,1548
1493,1505
1512,1511
1501,1500
1512,1514
1554,1509
1555,1537
1539,1541
1553,1526
1523,1508
1531,1518
1561,1529
1524,1526
1510,1531
1567,1549
1506,1511
1519,1521
1521,1541
1529,1528
1515,1550
1554,1534
1534,1535
1544,1513
1552,1531
1545,1528
1548,1544
1539,1543
1585,1532
1524,1514
1543,1540
1569,1545
1554,1548
1550,1515
1532,1529
1543,1550
1572,1541
1535,1558
1571,1541
1540,1555
1545,1533
1550,1508
1549,1505
1519,1530
1502,1534
1528,1501
1533,1520
1545,1521
1549,1516
1540,1515
1530,1523
1541,1539
1540,1518
1528,1508
1552,1508
1512,1500
1537,1490
1503,1497
1521,1522
1486,1514
1521,1505
1532,1484
1507,1498
1480,1481
1547,1500
1497,1482
1504,1480
1530,1491
1515,1467
1502,1501
1479,1468
1474,1485
1460,1475
1484,1496
1478,1448
1507,1455
1498,1470
1459,1424
1480,1465
1460,1472
1454,1436
1484,1463
1479,1453
1464,1477
1499,1466
1451,1402
1454,1421
1453,1422
1468,1436
1455,1445
1452,1415
1462,1444
1478,1415
1425,1429
1457,1416
1448,1427
1446,1391
1448,1398
1451,1436
1388,1401
1458,1418
1429,1409
1436,1411
1403,1407
1439,1402
1397,1410
1377,1408
1386,1407
1388,1414
1407,1417
1416,1413
1386,1411
1429,1377
1395,1403
1373,1376
1397,1385
1391,1365
1404,1394
1376,1382
1379,1336
1392,1369
1399,1404
1414,1366
1376,1379
1384,1368
1369,1358
1379,1373
1377,1391
1367,1370
1359,1326
1348,1356
1349,1351
1347,1382
1349,1358
1343,1372
1338,1372
1396,1369
1382,1355
1366,1367
1336,1363
1377,1363
1340,1374
1353,1335
1331,1355
1339,1377
1363,1343
1348,1360
1400,1363
1383,1357
1354,1375
1360,1357
1374,1349
1370,1362
1331,1394
1359,1358
1322,1377
1384,1351
1356,1369
1390,1376
1343,1392
1359,1371
1376,1375
1402,1396
1362,1401
1359,1372
1343,1407
1362,1362
1352,1380
1354,1410
1380,1389
1346,1377
1385,1411
1386,1384
1368,1399
1395,1413
1383,1406
1387,1403
1383,1392
1405,1399
1397,1406
1400,1411
1418,1433
1419,1412
1377,1428
1368,1428
1409,1414
1384,1429
1393,1451
1397,1401
1417,1415
1417,1437
1431,1428
1434,1434
1433,1427
1422,1459
1455,1445
1416,1456
1423,1461
1415,1455
1449,1462
1421,1421
1435,1460
1440,1417
1433,1432
1461,1464
1450,1456
1460,1481
1464,1463
1447,1479
1459,1515
1464,1499
1456,1483
1465,1468
1461,1501
1481,1487
1462,1468
1483,1475
1470,1471
1475,1502
1465,1472
1510,1510
1483,1493
1484,1503
1510,1492
1521,1495
1472,1497
1488,1490
1493,1524
1473,1530
1531,1517
1521,1505
1519,1538
1513,1485
1516,1535
1478,1522
1535,1511
1530,1528
1518,1535
1513,1517
1540,1554
1537,1525
1542,1520
1540,1562
1529,1535
1541,1543
1540,1533
1538,1538
1544,1516
1525,1531
1533,1516
1542,1532
1538,1528
1521,1538
1539,1532
1544,1525
1522,1518
1533,1545
1530,1551
1557,1544
1526,1523
1538,1542
1561,1554
1540,1509
1561,1528
1534,1539
1559,1527
1534,1538
1543,1543
1525,1543
1554,1524
1558,1537
1529,1529
1502,1527
1543,1542
1570,1518
1552,1533
1537,1510
1539,1570
1530,1504
1541,1500
1544,1508
1535,1521
1562,1511
1516,1507
1524,1504
1507,1481
1516,1485
1528,1484
1506,1494
1512,1496
1507,1494
1533,1509
1551,1492
1528,1532
1505,1476
1539,1471
1498,1492
1474,1469
1504,1486
1489,1483
1526,1485
1525,1465
1500,1444
1498,1461
1490,1455
1477,1439
1482,1456
1472,1461
1458,1466
1466,1464
1471,1449
1457,1432
1476,1463
1460,1451
1451,1433
1458,1446
1420,1442
1451,1447
1465,1413
1433,1439
1455,1429
1459,1441
1429,1432
1414,1427
1450,1422
1432,1437
1435,1402
1376,1415
1415,1401
1461,1403
1393,1404
1428,1394
1430,1397
1399,1393
1403,1382
1410,1398
1430,1410
1403,1393
1418,1402
1396,1385
1408,1394
1402,1392
1377,1409
1393,1382
1395,1388
1397,1394
1363,1385
1357,1368
1387,1380
1378,1371
1373,1353
1337,1369
1376,1372
1378,1405
1393,1396
1368,1366
1398,1383
1392,1380
1383,1379
1371,1366
1333,1361
1339,1376
1385,1387
1374,1364
1371,1363
1366,1347
1345,1365
1370,1370
1369,1370
1376,1376
1378,1374
1346,1366
1346,1351
1347,1340
1368,1381
1369,1348
1366,1381
1370,1368
1386,1410
1359,1403
1362,1360
1367,1369
1369,1380
1381,1383
1368,1367
1347,1389
1379,1376
1348,1372
1338,1352
1329,1393
1368,1376
1380,1375
1355,1374
1370,1376
1348,1381
1380,1393
1386,1381
1356,1394
1367,1399
1391,1408
1359,1400
1403,1385
1402,1419
1357,1392
1376,1394
1394,1427
1386,1433
1373,1411
1377,1392
1408,1439
1383,1414
1392,1434
1405,1422
1404,1420
1422,1421
1410,1401
1407,1417
1411,1441
1403,1418
1413,1421
1424,1443
1402,1417
1429,1441
1411,1444
1434,1465
1415,1449
1465,1458
1418,1444
1436,1489
1437,1454
1457,1451
1443,1483
1429,1459
1434,1485
1469,1465
1433,1463
1468,1474
1468,1474
1460,1454
1460,1455
1460,1485
1485,1491
1479,1482
1494,1492
1490,1495
1486,1510
1463,1459
1488,1512
1474,1479
1503,1494
1460,1494
1529,1501
1496,1528
1463,1513
1522,1507
1509,1516
1525,1517
1489,1519
1527,1511
1497,1538
1494,1526
1466,1527
1491,1510
1538,1501
1537,1526
1515,1517
1522,1514
1524,1532
1531,1546
1513,1503
1545,1542
1537,1538
1520,1515
1490,1521
1543,1515
1548,1519
1520,1533
1577,1544
1527,1533
1483,1524
1546,1519
1539,1538
1534,1562
1529,1532
1556,1564
1550,1548
1567,1519
1550,1518
1538,1534
1570,1513
1560,1542
1546,1519
1558,1540
1543,1512
1529,1523
1546,1537
1543,1565
1548,1509
1539,1522
1569,1546
1546,1512
1509,1524
1525,1516
1518,1482
1522,1523
1556,1500
1523,1529
1549,1524
1540,1517
1547,1504
1545,1492
1528,1524
1511,1544
1515,1513
1528,1501
1525,1476
1521,1497
1499,1526
1511,1496
1542,1516
1501,1514
1530,1508
1517,1496
1521,1484
1531,1501
1528,1477
1481,1509
1506,1466
1517,1472
1500,1465
1506,1503
1477,1458
1498,1459
1497,1474
1488,1467
1501,1473
1456,1456
1475,1430
1449,1451
1496,1434
1487,1438
1445,1443
1471,1431
1470,1449
1472,1418
1423,1430
1429,1456
1429,1417
1444,1451
1456,1425
1448,1442
1443,1394
1457,1430
1454,1424
1424,1431
1433,1403
1404,1399
1448,1415
1387,1417
1419,1397
1422,1401
1416,1393
1425,1409
1415,1388
1419,1380
1377,1401
1415,1399
1417,1420
1398,1414
1397,1383
1400,1388
1397,1378
1400,1384
1414,1374
1404,1393
1377,1367
1368,1402
1369,1386
1369,1364
1412,1377
1378,1393
1412,1385
1366,1373
1358,1369
1368,1366
1355,1397
1393,1371
1379,1365
1368,1371
1363,1398
1387,1364
1359,1383
1351,1371
1332,1349
1378,1329
1356,1370
1365,1367
1350,1338
1356,1380
1357,1375
1395,1368
1383,1364
1353,1345
1330,1337
1358,1374
1349,1377
1365,1363
1380,1378
1374,1352
1364,1372
1383,1379
1360,1352
1337,1376
1346,1386
1379,1374
1364,1369
1338,1391
1373,1396
1343,1364
1323,1354
1339,1364
1382,1407
1364,1376
1334,1385
1370,1396
1369,1379
1380,1387
1368,1392
1367,1407
1361,1383
1393,1398
1354,1390
1381,1393
1416,1398
1382,1394
1376,1410
1385,1418
1384,1433
1374,1397
1399,1423
1367,1432
1410,1423
1420,1411
1414,1421
1390,1431
1400,1416
1418,1406
1419,1431
1440,1432
1438,1451
1439,1446
1413,1438
1407,1452
1433,1459
1401,1449
1442,1439
1424,1428
1447,1453
1423,1477
1449,1443
1414,1441
1477,1485
1461,1459
1442,1458
1426,1453
1456,1481
1462,1475
1472,1494
1458,1492
1435,1469
1474,1487
1462,1474
1475,1493
1481,1476
1480,1510
1521,1503
1469,1482
1469,1507
1486,1493
1499,1483
1499,1498
1507,1498
1495,1493
1494,1487
1489,1489
1492,1517
1509,1517
1511,1538
1489,1526
1529,1503
1547,1509
1532,1517
1516,1523
1499,1520
1551,1520
1540,1501
1551,1546
1558,1518
1560,1527
1505,1530
1515,1533
1515,1518
1481,1521
1515,1524
1538,1518
1554,1517
1526,1535
1522,1541
1543,1525
1548,1562
1549,1554
1529,1538
1522,1535
1549,1517
1558,1520
1550,1517
1543,1549
1531,1544
1530,1556
1534,1530
1539,1510
1542,1536
1547,1547
1535,1520
1537,1529
1533,1525
1534,1535
1538,1532
1521,1532
1532,1512
1588,1521
1510,1512
1500,1521
1536,1511
1560,1511
1528,1534
1542,1530
1522,1516
1478,1520
1511,1516
1496,1494
1524,1494
1537,1506
1526,1528
1517,1493
1495,1477
1535,1478
1503,1495
1512,1513
1533,1477
1531,1487
1512,1480
1501,1491
1511,1488
1507,1496
1509,1461
1500,1491
1488,1475
1469,1489
1468,1474
1483,1463
1490,1463
1448,1468
1497,1456
1480,1447
1510,1461
1529,1452
1461,1466
1482,1463
1452,1442
1470,1473
1462,1420
1464,1429
1437,1436
1488,1457
1450,1417
1443,1403
1451,1452
1472,1429
1442,1421
1448,1421
1428,1406
1407,1425
1456,1420
1443,1395
1438,1428
1429,1417
1414,1396
1437,1390
1412,1408
1413,1411
1430,1405
1454,1422
1405,1405
1408,1415
1432,1397
1420,1388
1396,1407
1396,1403
1350,1370
1392,1370
1405,1382
1362,1420
1412,1401
1382,1369
1396,1372
1357,1385
1371,1338
1402,1403
1405,1380
1389,1377
1359,1351
1357,1351
1384,1366
1370,1352
1354,1366
1362,1339
1352,1355
1372,1380
1333,1364
1346,1367
1358,1385
1371,1384
1360,1363
1363,1368
1370,1363
1343,1359
1347,1381
1363,1367
1359,1373
1353,1369
1384,1376
1342,1360
1372,1354
1363,1357
1329,1361
1333,1339
1354,1369
1337,1379
1352,1348
1360,1393
1325,1374
1355,1367
1379,1377
1358,1392
1344,1395
1378,1384
1387,1383
1335,1406
1362,1376
1375,1391
1381,1396
1382,1380
1383,1395
1382,1402
1375,1382
1397,1401
1363,1395
1349,1401
1364,1383
1394,1403
1393,1379
1399,1410
1430,1396
1367,1414
1363,1397
1402,1412
1417,1423
1398,1422
1389,1426
1396,1403
1412,1436
1419,1404
1417,1400
1424,1440
1418,1412
1390,1435
1433,1427
1434,1464
1439,1447
1438,1440
1380,1453
1453,1447
1413,1471
1442,1453
1424,1441
1422,1462
1437,1462
1402,1436
1459,1474
1455,1456
1450,1464
1468,1477
1460,1461
1465,1484
1469,1461
1459,1468
1455,1480
1462,1462
1450,1498
1492,1475
1473,1480
1467,1480
1462,1461
1481,1494
1480,1469
1466,1480
1496,1520
1463,1475
1500,1529
1471,1475
1497,1502
1496,1505
1524,1520
1517,1483
1482,1508
1500,1527
1485,1523
1508,1520
1525,1544
1506,1526
1488,1526
1533,1489
1524,1524
1551,1518
1501,1535
1511,1503
1557,1526
1544,1514
1492,1533
1514,1526
1515,1527
1503,1524
1533,1509
1522,1547
1549,1528
1552,1533
1531,1535
1532,1553
1556,1532
1544,1531
1522,1520
1510,1509
1534,1547
1535,1540
1548,1516
1552,1512
1536,1519
1546,1552
1522,1525
1548,1536
1524,1526
1527,1534
1542,1497
1529,1523
1569,1514
1562,1515
1543,1538
1549,1525
1522,1506
1549,1517
1528,1511
1538,1498
1542,1501
1541,1504
1538,1524
1537,1516
1502,1513
1510,1505
1511,1513
1505,1472
1511,1490
1549,1514
1529,1491
1543,1508
1550,1499
1510,1470
1520,1494
1505,1501
1512,1477
1484,1486
1486,1479
1506,1477
1484,1481
1499,1477
1500,1454
1498,1504
1487,1470
1498,1482
1446,1468
1483,1484
1466,1476
1481,1457
1472,1460
1468,1445
1454,1463
1474,1486
1460,1455
1497,1469
1455,1439
1458,1427
1483,1426
1453,1449
1457,1454
1453,1457
1462,1456
1450,1447
1450,1466
1419,1447
1453,1427
1437,1431
1441,1419
1461,1412
1434,1415
1438,1389
1441,1407
1402,1412
1425,1392
1393,1422
1422,1406
1432,1412
1433,1390
1391,1398
1413,1430
1410,1387
1403,1416
1385,1418
1354,1386
1372,1395
1416,1405
1414,1397
1398,1395
1369,1366
1385,1376
1394,1371
1390,1382
1398,1382
1368,1390
1395,1373
1390,1396
1393,1342
1378,1401
1386,1364
1394,1360
1389,1380
1359,1365
1362,1357
1367,1363
1381,1386
1386,1385
1363,1367
1380,1384
1363,1364
1348,1394
1348,1375
1360,1364
1339,1369
1383,1377
1367,1397
1361,1360
1370,1354
1355,1379
1372,1358
1385,1367
1347,1351
1337,1395
1356,1396
1343,1362
1354,1375
1329,1385
1354,1392
1320,1386
1385,1361
1370,1376
1359,1375
1388,1367
1403,1371
1390,1390
1343,1377
1383,1402
1383,1380
1350,1403
1365,1397
1367,1403
1390,1388
1390,1398
1386,1367
1379,1373
1390,1393
1351,1393
1399,1397
1385,1390
1427,1402
1382,1393
1398,1421
1400,1403
1429,1429
1374,1409
1392,1428
1401,1401
1387,1422
1393,1420
1408,1447
1397,1439
1412,1436
1400,1416
1418,1420
1431,1443
1472,1451
1439,1439
1424,1447
1420,1458
1432,1428
1444,1467
1426,1433
1431,1452
1444,1455
1455,1467
1458,1446
1448,1477
1416,1493
1391,1467
1437,1468
1461,1474
1455,1473
1455,1466
1450,1464
1503,1486
1474,1484
1464,1485
1454,1500
1488,1511
1468,1462
1480,1502
1467,1508
1476,1493
1515,1505
1502,1509
1500,1497
1487,1496
1494,1468
1471,1511
1496,1542
1496,1498
1501,1509
1507,1532
1496,1524
1525,1526
1495,1502
1509,1512
1517,1506
1505,1490
1523,1522
1551,1506
1519,1538
1515,1524
1494,1525
1528,1523
1533,1530
1530,1520
1533,1513
1543,1518
1529,1523
1537,1531
1521,1539
1539,1543
1538,1509
1534,1543
1519,1518
1533,1544
1543,1528
1578,1521
1528,1546
1570,1540
1575,1501
1572,1530
