ch1,ch2
1501,1563
1520,1557
1526,1530
1477,1573
1493,1495
1527,1510
1454,1548
1600,1565
1465,1532
1557,1500
1542,1556
1527,1555
1576,1621
1468,1552
1522,1531
1570,1568
1595,1589
1518,1545
1580,1577
1552,1581
1515,1667
1575,1608
1592,1620
1589,1574
1592,1591
1537,1608
1520,1617
1646,1599
1617,1560
1527,1571
1640,1516
1627,1631
1558,1631
1620,1596
1581,1602
1614,1624
1578,1579
1562,1602
1621,1619
1650,1590
1594,1535
1629,1574
1600,1542
1627,1623
1617,1612
1653,1563
1642,1609
1589,1591
1627,1590
1622,1621
1590,1578
1593,1525
1607,1562
1569,1567
1657,1573
1570,1572
1606,1561
1587,1528
1652,1531
1532,1567
1593,1580
1590,1558
1638,1603
1601,1577
1593,1533
1588,1516
1535,1506
1639,1532
1598,1506
1487,1504
1649,1539
1609,1508
1599,1561
1631,1538
1581,1595
1530,1457
1508,1413
1552,1480
1453,1425
1475,1418
1532,1527
1540,1468
1479,1472
1565,1517
1543,1528
1566,1563
1416,1414
1574,1534
1450,1460
1481,1412
1467,1404
1525,1462
1592,1492
1501,1437
1546,1442
1485,1434
1389,1440
1493,1435
1368,1418
1608,1505
1410,1425
1448,1524
1396,1366
1458,1479
1466,1488
1334,1346
1358,1413
1401,1400
1404,1359
1326,1433
1345,1428
1378,1425
1390,1363
1523,1439
1406,1395
1524,1438
1330,1444
1385,1455
1379,1371
1403,1407
1427,1479
1352,1452
1387,1439
1452,1502
1404,1341
1438,1453
1400,1405
1378,1405
1444,1436
1487,1438
1354,1442
1359,1421
1483,1412
1377,1421
1384,1369
1521,1473
1591,1619
1437,1375
1378,1406
1378,1424
1363,1373
1334,1402
1342,1337
1451,1515
1483,1475
1488,1593
1391,1440
1588,1659
1367,1377
1334,1427
1477,1497
1568,1586
1418,1411
1390,1436
1553,1523
1336,1415
1432,1499
1502,1573
1607,1584
1372,1372
1469,1490
1550,1613
1511,1525
1613,1540
1428,1385
1488,1512
1467,1477
1484,1551
1627,1605
1534,1516
1418,1479
1661,1575
1409,1470
1376,1461
1593,1593
1638,1550
1620,1556
1671,1618
1512,1530
1654,1574
1650,1607
1376,1384
1589,1603
1391,1381
1576,1574
1546,1591
1632,1546
1536,1577
1590,1579
1563,1492
1644,1580
1611,1665
1481,1458
1583,1533
1572,1575
1632,1565
1604,1608
1614,1589
1619,1554
1576,1632
1543,1479
1642,1604
1527,1582
1513,1439
1574,1570
1520,1555
1370,1419
1442,1415
1630,1597
1441,1421
1569,1480
1638,1600
1669,1590
1587,1581
1366,1317
1563,1482
1329,1408
1637,1618
1513,1481
1612,1476
1465,1429
1601,1593
1492,1403
1435,1439
1656,1599
1611,1516
1423,1399
1615,1579
1665,1483
1564,1526
1359,1344
1661,1598
1585,1547
1591,1570
1431,1388
1452,1410
1419,1384
1610,1607
1571,1606
1408,1418
1454,1407
1455,1451
1514,1422
1577,1647
1637,1556
1458,1497
1329,1416
1337,1394
1655,1591
1499,1459
1634,1573
1551,1471
1426,1412
1358,1419
1358,1434
1523,1464
1358,1428
1508,1514
1451,1394
1417,1433
1385,1457
1380,1391
1368,1400
1413,1508
1480,1452
1634,1597
1361,1401
1356,1406
1535,1555
1354,1388
1367,1408
1375,1428
1366,1409
1396,1390
1430,1505
1489,1515
1484,1457
1552,1616
1445,1395
1549,1540
1664,1542
1401,1502
1598,1527
1524,1579
1533,1484
1409,1439
1459,1475
1363,1361
1430,1395
1644,1641
1609,1594
1531,1606
1605,1607
1470,1487
1552,1488
1383,1352
1438,1385
1408,1442
1550,1457
1379,1359
1383,1419
1595,1606
1639,1650
1323,1332
1667,1562
1549,1514
1544,1559
1675,1502
1414,1387
1386,1422
1616,1590
1363,1397
1537,1521
1616,1547
1609,1503
1431,1504
1403,1441
1550,1612
1488,1541
1638,1547
1417,1453
1554,1545
1598,1530
1475,1485
1636,1600
1620,1633
1524,1518
1536,1539
1456,1522
1540,1499
1610,1562
1355,1406
1589,1604
1643,1605
1436,1443
1488,1531
1371,1384
1610,1629
1528,1477
1388,1435
1678,1525
1523,1436
1315,1347
1646,1569
1405,1477
1558,1601
1650,1587
1575,1566
1436,1534
1477,1488
1551,1618
1619,1512
1410,1444
1366,1372
1347,1364
1625,1614
1455,1482
1636,1585
1573,1525
1407,1392
1572,1556
1603,1550
1392,1373
1571,1543
1375,1446
1589,1558
1407,1423
1485,1494
1630,1552
1585,1598
1537,1506
1655,1573
1574,1581
1677,1573
1605,1556
1491,1479
1404,1360
1705,1603
1483,1493
1591,1500
1375,1434
1487,1536
1454,1452
1409,1455
1625,1560
1373,1418
1588,1517
1633,1594
1609,1623
1591,1658
1479,1531
1646,1636
1639,1574
1503,1491
1648,1578
1403,1436
1615,1591
1606,1596
1590,1637
1676,1586
1363,1412
1353,1464
1563,1522
1503,1451
1494,1428
1607,1487
1647,1541
1510,1612
1497,1396
1416,1477
1347,1474
1376,1488
1597,1581
1569,1539
1628,1525
1527,1589
1554,1558
1441,1382
1570,1634
1641,1602
1609,1574
1575,1585
1566,1503
1542,1525
1388,1435
1680,1600
1577,1551
1465,1494
1348,1402
1631,1622
1650,1631
1364,1364
1416,1394
1454,1460
1370,1395
1580,1526
1528,1574
1704,1648
1414,1431
1529,1433
1498,1481
1448,1557
1471,1522
1676,1655
1523,1536
1414,1433
1594,1529
1423,1428
1649,1557
1374,1447
1445,1514
1571,1563
1663,1619
1649,1524
1453,1546
1528,1456
1608,1555
1380,1396
1632,1511
1341,1408
1330,1396
1351,1453
1563,1519
1395,1424
1284,1417
1642,1583
1655,1579
1462,1435
1556,1503
1453,1457
1535,1509
1474,1586
1323,1441
1594,1613
1592,1533
1487,1545
1477,1380
1395,1377
1520,1475
1485,1468
1413,1442
1391,1366
1510,1488
1563,1624
1614,1618
1360,1410
1368,1404
1489,1470
1426,1471
1563,1582
1579,1583
1526,1502
1701,1615
1627,1518
1620,1558
1632,1539
1638,1552
1457,1428
1547,1474
1344,1356
1338,1403
1514,1468
1655,1633
1609,1612
1589,1568
1292,1411
1457,1515
1373,1424
1410,1352
1366,1406
1653,1619
1335,1407
1647,1608
1393,1369
1353,1367
1694,1576
1520,1520
1399,1387
1383,1359
1357,1409
1462,1439
1487,1559
1320,1400
1407,1361
1583,1555
1432,1448
1552,1582
1365,1360
1437,1447
1568,1555
1367,1435
1602,1529
1614,1535
1490,1594
1374,1369
1367,1413
1445,1436
1497,1530
1383,1387
1463,1530
1466,1459
1641,1617
1519,1516
1647,1618
1368,1420
1604,1565
1643,1651
1363,1389
1640,1546
1482,1456
1605,1620
1532,1579
1554,1492
1619,1539
1639,1576
1592,1535
1316,1403
1621,1580
1416,1455
1548,1462
1512,1440
1488,1530
1652,1677
1489,1511
1316,1381
1418,1452
1415,1509
1477,1467
1443,1357
1334,1397
1583,1507
1490,1469
1376,1411
1630,1553
1589,1578
1356,1368
1306,1404
1476,1505
1608,1564
1439,1539
1519,1542
1416,1388
1326,1409
1489,1494
1384,1420
1458,1336
1595,1537
1513,1539
1575,1585
1549,1559
1582,1514
1374,1413
1424,1371
1602,1627
1344,1444
1569,1588
1532,1519
1433,1416
1605,1603
1568,1592
1331,1455
1573,1562
1564,1511
1465,1466
1619,1557
1589,1502
1650,1609
1451,1484
1636,1625
1313,1458
1386,1431
1295,1322
1611,1618
1609,1526
1386,1404
1494,1464
1681,1505
1650,1664
1497,1593
1665,1618
1486,1517
1556,1590
1311,1399
1375,1411
1539,1556
1360,1415
1327,1441
1552,1560
1331,1411
1375,1328
1511,1542
1457,1514
1514,1460
1576,1512
1544,1537
1461,1465
1516,1463
1606,1612
1368,1426
1598,1547
1579,1503
1542,1575
1462,1464
1501,1387
1503,1444
1654,1562
1669,1613
1424,1412
1582,1525
1495,1509
1421,1440
1389,1465
1626,1536
1407,1511
1417,1434
1669,1586
1511,1557
1574,1598
1371,1406
1568,1562
1539,1506
1688,1603
1411,1459
1567,1462
1358,1405
1513,1532
1591,1563
1421,1420
1531,1568
1410,1414
1415,1517
1604,1616
1666,1607
1361,1350
1617,1563
1697,1597
1353,1364
1381,1363
1453,1407
1597,1593
1388,1372
1380,1399
1553,1427
1545,1562
1357,1426
1387,1389
1392,1330
1344,1419
1388,1346
1661,1584
1382,1431
1426,1421
1515,1567
1583,1573
1416,1482
1599,1544
1392,1515
1565,1567
1581,1519
1351,1447
1443,1510
1420,1410
1532,1589
1474,1525
1628,1551
1429,1527
1515,1507
1613,1659
1556,1571
1611,1647
1380,1450
1495,1525
1350,1349
1610,1638
1406,1417
1585,1630
1426,1490
1486,1530
1354,1393
1597,1611
1527,1545
1642,1593
1390,1553
1351,1406
1437,1340
1377,1366
1541,1518
1495,1487
1410,1411
1604,1521
1631,1636
1623,1651
1321,1414
1593,1633
1633,1607
1659,1611
1403,1456
1456,1476
1424,1507
1536,1513
1644,1579
1572,1505
1531,1499
1619,1530
1337,1414
1535,1550
1473,1537
1720,1605
1503,1474
1386,1351
1344,1379
1601,1500
1353,1392
1434,1479
1320,1348
1522,1537
1596,1613
1567,1562
1581,1596
1320,1369
1350,1424
1601,1561
1433,1342
1390,1488
1440,1496
1638,1629
1619,1555
1531,1636
1488,1536
1551,1463
1415,1403
1365,1374
1639,1581
1582,1541
1466,1538
1662,1648
1392,1360
1641,1604
1332,1414
1585,1572
1432,1484
1640,1588
1619,1579
1479,1506
1519,1490
1372,1481
1471,1434
1510,1540
1578,1560
1423,1474
1629,1652
1507,1582
1659,1558
1386,1421
1620,1635
1515,1524
1584,1585
1658,1633
1584,1547
1592,1627
1557,1542
1522,1512
1317,1380
1530,1558
1430,1401
1349,1349
1622,1598
1644,1573
1447,1517
1612,1644
1609,1532
1423,1329
1438,1390
1571,1559
1668,1608
1647,1629
1372,1398
1379,1435
1555,1578
1605,1494
1518,1426
1644,1609
1432,1424
1601,1559
1333,1425
1667,1631
1666,1591
1606,1529
1346,1413
1669,1553
1467,1442
1672,1604
1333,1342
1456,1536
1376,1394
1410,1376
1505,1522
1627,1564
1550,1511
1460,1367
1558,1560
1579,1517
1431,1407
1670,1565
1436,1457
1349,1433
1591,1546
1402,1398
1330,1406
1666,1581
1348,1456
1390,1422
1338,1362
1357,1410
1611,1564
1370,1432
1551,1580
1304,1383
1521,1509
1310,1387
1441,1507
1511,1492
1418,1451
1413,1443
1610,1573
1579,1502
1375,1410
1581,1579
1595,1555
1612,1590
1452,1468
1546,1554
1614,1595
1536,1526
1527,1633
1581,1470
1603,1545
1431,1414
1470,1464
1384,1434
1570,1525
1500,1414
1383,1373
1503,1550
1493,1464
1375,1446
1520,1501
1411,1475
1671,1605
1653,1619
1433,1516
1353,1442
1527,1531
1537,1568
1575,1649
1328,1382
1479,1437
1709,1636
1477,1559
1387,1486
1444,1487
1495,1487
1607,1578
1477,1401
1549,1447
1559,1546
1467,1482
1388,1412
1633,1638
1554,1543
1652,1619
1628,1622
1330,1422
1367,1348
1642,1548
1342,1365
1614,1612
1390,1463
1587,1535
1582,1530
1386,1405
1705,1608
1360,1357
1663,1648
1566,1531
1634,1656
1385,1423
1605,1563
1624,1599
1404,1357
1502,1486
1549,1387
1655,1564
1437,1434
1397,1414
1359,1412
1428,1423
1429,1456
1640,1567
1698,1569
1314,1401
1394,1409
1497,1458
1389,1312
1581,1598
1346,1433
1517,1558
1325,1399
1589,1668
1378,1367
1351,1397
1590,1635
1363,1315
1523,1483
1476,1424
1371,1423
1619,1648
1327,1448
1423,1423
1485,1550
1351,1411
1422,1505
1614,1499
1364,1405
1430,1457
1575,1568
1474,1473
1657,1607
1675,1650
1357,1427
1645,1666
1675,1616
1418,1423
1671,1600
1493,1454
1356,1411
1453,1410
1407,1407
1511,1568
1359,1420
1606,1576
1414,1419
1642,1586
1345,1415
1641,1629
1352,1384
1487,1482
1649,1578
1494,1529
1598,1497
1648,1525
1369,1391
1502,1559
1625,1667
1358,1406
1407,1465
1680,1568
1681,1574
1616,1621
1648,1631
1589,1539
1528,1577
1349,1402
1397,1442
1366,1474
1692,1612
1422,1467
1497,1543
1603,1613
1467,1504
1578,1591
1378,1465
1446,1471
1386,1422
1489,1439
1377,1470
1377,1367
1371,1426
1647,1624
1493,1534
1470,1459
1372,1425
1565,1485
1393,1458
1363,1418
1595,1564
1397,1351
1382,1317
1545,1601
1525,1507
1504,1503
1557,1506
1495,1465
1361,1398
1370,1462
1370,1466
1516,1479
1419,1446
1521,1554
1605,1583
1458,1501
1343,1419
1624,1632
1355,1416
1464,1450
1340,1403
1437,1501
1399,1450
1667,1659
1720,1630
1541,1586
1351,1366
1652,1631
1610,1651
1377,1396
1611,1636
1536,1445
1467,1521
1415,1393
1613,1653
1574,1616
1537,1497
1388,1451
1628,1592
1395,1360
1520,1437
1674,1656
1636,1558
1343,1361
1444,1386
1679,1643
1660,1553
1422,1374
1646,1600
1623,1633
1416,1477
1608,1505
1400,1422
1534,1603
1405,1360
1430,1437
1291,1377
1468,1541
1630,1615
1686,1624
1491,1435
1568,1540
1638,1614
1532,1551
1501,1573
1509,1426
1363,1430
1280,1399
1633,1584
1658,1569
1580,1554
1337,1414
1514,1487
1480,1442
1644,1627
1694,1625
1627,1584
1438,1521
1461,1468
1512,1525
1577,1605
1501,1524
1411,1485
1504,1529
1379,1341
1682,1597
1499,1442
1407,1417
1434,1470
1521,1590
1653,1646
1608,1616
1600,1633
1457,1519
1434,1504
1622,1547
1618,1626
1369,1445
1426,1474
1550,1512
1561,1631
1527,1442
1357,1345
1499,1557
1332,1402
1483,1463
1609,1624
1383,1438
1438,1414
1561,1635
1571,1658
1673,1618
1600,1570
1438,1380
1309,1398
1524,1502
1525,1438
1292,1363
1529,1450
1429,1487
1476,1475
1385,1459
1691,1643
1529,1523
1475,1473
1633,1617
1433,1571
1586,1577
1348,1423
1681,1531
1577,1500
1293,1417
1338,1417
1439,1460
1642,1549
1614,1613
1490,1487
1515,1589
1328,1436
1378,1499
1575,1572
1657,1552
1686,1526
1333,1389
1377,1428
1431,1306
1677,1609
1574,1641
1577,1526
1585,1563
1623,1650
1464,1528
1397,1334
1451,1488
1331,1396
1351,1403
1350,1387
1574,1545
1517,1529
1592,1533
1352,1378
1566,1592
1523,1488
1600,1519
1684,1651
1609,1575
1354,1384
1390,1401
1569,1602
1644,1522
1370,1494
1534,1548
1309,1386
1349,1401
1549,1608
1571,1610
1354,1393
1373,1416
1519,1492
1475,1536
1340,1369
1388,1410
1427,1428
1642,1582
1454,1435
1666,1580
1630,1609
1626,1555
1507,1520
1625,1543
1666,1584
1363,1380
1478,1583
1363,1396
1597,1573
1592,1635
1385,1388
1574,1601
1696,1594
1704,1528
1399,1442
1613,1632
1337,1386
1595,1504
1462,1473
1641,1595
1610,1596
1440,1426
1589,1585
1416,1420
1387,1387
1325,1391
1374,1355
1410,1401
1610,1521
1590,1527
1607,1617
1430,1399
1678,1636
1400,1426
1444,1477
1619,1539
1375,1467
1473,1541
1416,1487
1660,1616
1385,1395
1430,1395
1608,1546
1449,1493
1372,1441
1486,1506
1460,1444
1642,1609
1314,1396
1644,1574
1328,1313
1559,1529
1606,1608
1573,1587
1563,1545
1429,1392
1382,1387
1480,1436
1550,1532
1319,1323
1592,1529
1370,1327
1449,1409
1588,1561
1628,1528
1700,1604
1427,1471
1467,1468
1533,1385
1495,1410
1633,1591
1505,1568
1406,1389
1381,1407
1570,1466
1482,1486
1508,1462
1444,1530
1655,1607
1360,1394
1478,1572
1561,1510
1309,1411
1603,1587
1375,1412
1333,1378
1518,1532
1544,1597
1396,1360
1485,1439
1546,1553
1452,1390
1532,1496
1634,1551
1659,1620
1465,1477
1349,1319
1352,1401
1558,1523
1365,1454
1389,1364
1333,1369
1458,1476
1573,1592
1503,1542
1600,1577
1415,1403
1322,1368
1428,1417
1586,1549
1522,1501
1652,1601
1583,1560
1368,1426
1418,1358
1551,1524
1571,1632
1401,1447
1638,1643
1548,1556
1380,1364
1437,1426
1629,1684
1416,1557
1405,1473
1503,1526
1619,1630
1392,1504
1402,1352
1475,1470
1414,1431
1362,1376
1369,1425
1539,1535
1466,1447
1615,1557
1600,1533
1329,1421
1541,1517
1379,1363
1395,1363
1617,1583
1374,1403
1381,1395
1673,1594
1473,1465
1598,1545
1628,1641
1626,1624
1514,1534
1436,1493
1413,1483
1558,1644
1619,1616
1490,1449
1497,1465
1379,1471
1581,1545
1619,1485
1529,1566
1359,1410
1396,1479
1336,1400
1463,1403
1452,1531
1313,1424
1423,1433
1342,1400
1447,1483
1564,1516
1489,1574
1318,1402
1582,1531
1606,1584
1439,1420
1599,1543
1449,1366
1646,1622
1578,1554
1531,1563
1323,1351
1637,1609
1433,1509
1559,1540
1620,1558
1551,1496
1472,1470
1523,1562
1503,1406
1573,1503
1556,1547
1631,1613
1604,1584
1693,1675
1672,1565
1608,1629
1424,1398
1364,1453
1341,1412
1417,1559
1283,1425
1473,1481
1455,1517
1657,1615
1345,1450
1345,1403
1629,1589
1413,1409
1571,1618
1663,1511
1394,1340
1653,1580
1670,1576
1563,1610
1418,1448
1461,1565
1370,1446
1419,1400
1481,1477
1584,1491
1373,1472
1661,1582
1428,1479
1660,1646
1610,1595
1564,1516
1391,1410
1350,1409
1652,1612
1404,1471
1426,1483
1587,1579
1533,1468
1504,1577
1597,1521
1579,1614
1380,1343
1630,1618
1451,1419
1394,1386
1661,1619
1388,1503
1445,1494
1594,1547
1602,1442
1660,1596
1327,1411
1519,1484
1353,1360
1564,1555
1484,1456
1415,1445
1400,1411
1436,1512
1509,1495
1477,1456
1652,1583
1580,1554
1403,1386
1517,1535
1450,1476
1386,1405
1598,1519
1538,1501
1479,1561
1648,1546
1644,1593
1595,1526
1604,1668
1345,1415
1580,1563
1634,1568
1427,1362
1492,1513
1572,1585
1392,1366
1377,1400
1492,1534
1620,1588
1654,1531
1613,1621
1386,1445
1366,1428
1394,1396
1405,1358
1551,1637
1705,1629
1328,1482
1513,1583
1639,1621
1427,1386
1584,1504
1480,1549
1529,1522
1407,1437
1588,1595
1399,1432
1438,1442
1343,1375
1700,1563
1567,1559
1577,1607
1378,1375
1552,1459
1488,1462
1434,1505
1506,1560
1628,1592
1527,1581
1382,1448
1583,1606
1639,1548
1455,1425
1511,1449
1377,1384
1414,1415
1606,1594
1585,1607
1348,1410
1592,1669
1603,1580
1405,1485
1615,1556
1385,1365
1374,1431
1429,1517
1358,1442
1405,1536
1620,1648
1637,1623
1334,1393
1635,1540
1526,1537
1455,1475
1431,1442
1595,1593
1425,1410
1687,1602
1634,1607
1405,1417
1600,1613
1645,1638
1348,1401
1576,1540
1603,1573
1625,1614
1559,1566
1634,1613
1606,1606
1442,1463
1383,1383
1380,1435
1352,1437
1580,1613
1307,1425
1444,1551
1646,1547
1385,1450
1413,1453
1584,1494
1398,1368
1647,1556
1601,1598
1378,1402
1599,1623
1389,1439
1605,1636
1338,1456
1400,1447
1391,1414
1310,1403
1365,1386
1443,1393
1436,1473
1624,1605
1542,1482
1659,1580
1366,1394
1565,1504
1370,1420
1361,1403
1313,1424
1442,1444
1437,1492
1628,1613
1608,1608
1469,1475
1682,1590
1430,1531
1557,1460
1655,1546
1524,1545
1383,1432
1598,1561
1602,1655
1628,1589
1428,1494
1413,1384
1592,1567
1533,1455
1480,1516
1594,1460
1515,1507
1414,1412
1552,1564
1620,1635
1708,1601
1548,1558
1606,1604
1347,1342
1395,1435
1658,1564
1686,1590
1609,1561
1422,1375
1362,1392
1611,1643
1350,1344
1671,1580
1420,1497
1614,1606
1417,1371
1356,1380
1578,1536
1385,1387
1550,1553
1521,1464
1679,1609
1541,1417
1552,1565
1363,1374
1572,1545
1568,1535
1436,1417
1598,1619
1549,1410
1670,1528
1353,1432
1509,1490
1439,1489
1380,1383
1638,1567
1643,1536
1658,1582
1472,1527
1421,1407
1404,1414
1454,1429
1688,1542
1424,1433
1556,1528
1590,1639
1536,1583
1565,1520
1535,1512
1489,1378
1368,1495
1504,1535
1568,1544
1431,1467
1364,1437
1511,1490
1388,1448
1554,1506
1633,1617
1507,1594
1381,1411
1383,1350
1672,1572
1570,1597
1596,1499
1483,1464
1303,1448
1566,1624
1364,1397
1652,1614
1446,1488
1569,1551
1653,1635
1604,1616
1367,1381
1488,1498
1480,1494
1456,1439
1344,1411
1520,1544
1462,1528
1594,1601
1413,1319
1545,1582
1436,1431
1399,1359
1386,1399
1675,1583
1632,1622
1412,1505
1653,1596
1564,1578
1371,1380
1461,1460
1456,1511
1393,1337
1352,1373
1355,1366
1628,1586
1365,1414
1586,1555
1406,1413
1631,1618
1365,1392
1356,1428
1531,1561
1418,1471
1557,1623
1368,1445
1563,1517
1318,1422
1477,1526
1632,1626
1489,1361
1412,1397
1438,1481
1559,1592
1681,1596
1634,1635
1470,1523
1581,1574
1406,1465
1539,1507
1357,1432
1424,1570
1425,1472
1641,1568
1427,1419
1552,1605
1621,1603
1447,1512
1627,1625
1654,1627
1463,1494
1421,1413
1539,1516
1376,1405
1459,1406
1470,1426
1515,1520
1508,1551
1393,1413
1410,1448
1373,1339
1544,1455
1607,1518
1446,1384
1340,1474
1639,1638
1583,1599
1497,1473
1591,1548
1350,1440
1391,1492
1651,1531
1589,1584
1629,1569
1514,1555
1492,1407
1559,1487
1446,1468
1508,1499
1490,1476
1439,1467
1545,1606
1629,1633
1391,1326
1595,1574
1442,1412
1433,1493
1455,1395
1375,1414
1369,1344
1632,1560
1561,1589
1309,1401
1374,1384
1568,1587
1607,1642
1570,1634
1596,1574
1341,1425
1432,1482
1438,1486
1465,1498
1480,1406
1556,1593
1584,1567
1355,1499
1451,1440
1468,1514
1566,1606
1340,1431
1412,1411
1594,1588
1398,1471
1533,1574
1517,1489
1577,1551
1537,1501
1600,1590
1385,1420
1429,1438
1312,1423
1366,1502
1537,1600
1325,1427
1615,1642
1326,1367
1564,1549
1465,1394
1424,1440
1539,1570
1359,1358
1422,1340
1573,1529
1626,1596
1618,1540
1462,1471
1596,1487
1688,1596
1496,1493
1404,1453
1409,1523
1487,1476
1553,1585
1556,1528
1499,1590
1442,1367
1359,1416
1417,1450
1614,1571
1438,1469
1417,1406
1561,1510
1572,1525
1468,1436
1463,1487
1530,1477
1422,1472
1357,1502
1636,1515
1544,1518
1610,1608
1420,1424
1368,1444
1467,1408
1521,1581
1605,1598
1449,1556
1645,1612
1593,1588
1607,1551
1617,1605
1415,1446
1342,1379
1394,1382
1515,1468
1476,1518
1626,1603
1580,1603
1381,1438
1426,1425
1577,1575
1482,1604
1593,1631
1566,1601
1548,1490
1354,1414
1539,1594
1371,1387
1544,1457
1372,1439
1613,1579
1386,1391
1541,1467
1656,1603
1369,1397
1432,1433
1636,1534
1603,1552
1622,1594
1548,1456
1673,1696
1509,1580
1527,1457
1639,1624
1494,1563
1376,1430
1474,1418
1380,1469
1428,1502
1647,1556
1536,1506
1588,1560
1595,1606
1441,1459
1495,1512
1457,1437
1370,1455
1408,1384
1592,1574
1391,1471
1582,1616
1641,1609
1571,1541
1527,1556
1390,1354
1599,1512
1589,1496
1382,1469
1621,1606
1352,1385
1436,1377
1419,1382
1655,1620
1331,1395
1421,1494
1629,1661
1369,1384
1590,1603
1513,1507
1576,1570
1593,1494
1596,1516
1562,1496
1386,1461
1350,1408
1351,1410
1637,1594
1605,1484
1390,1408
1355,1385
1451,1518
1568,1509
1659,1633
1464,1474
1537,1521
1687,1615
1538,1521
1594,1581
1431,1438
1444,1478
1349,1392
1594,1587
1552,1543
1557,1512
1625,1618
1450,1444
1344,1406
1630,1544
1637,1560
1657,1600
1537,1544
1576,1467
1358,1455
1485,1496
1593,1621
1423,1385
1568,1462
1509,1395
1322,1378
1658,1541
1662,1589
1609,1619
1371,1397
1591,1572
1592,1498
1649,1570
1606,1595
1427,1485
1615,1592
1555,1555
1583,1588
1444,1429
1456,1523
1426,1481
1510,1543
1516,1491
1647,1600
1469,1414
1568,1575
1440,1475
1599,1573
1533,1576
1595,1563
1617,1538
1515,1516
1700,1587
1560,1609
1550,1573
1406,1543
1466,1509
1442,1518
1457,1447
1488,1510
1571,1557
1335,1435
1609,1570
1609,1590
1377,1425
1657,1600
1456,1538
1594,1581
1426,1437
1594,1521
1371,1392
1562,1571
1433,1467
1679,1568
1497,1561
1639,1592
1646,1578
1576,1537
1356,1468
1481,1593
1442,1441
1671,1627
1374,1447
1472,1474
1351,1392
1595,1608
1388,1382
1374,1427
1480,1460
1387,1426
1592,1602
1367,1425
1541,1561
1534,1522
1315,1388
1652,1575
1663,1527
1534,1574
1477,1488
1611,1482
1572,1565
1561,1550
1412,1441
1572,1609
1452,1484
1540,1542
1517,1546
1439,1420
1389,1375
1607,1493
1533,1578
1361,1362
1415,1378
1409,1491
1549,1482
1435,1483
1637,1605
1405,1499
1594,1480
1479,1424
1631,1600
1555,1570
1575,1490
1571,1588
1619,1609
1523,1547
1386,1471
1537,1506
1411,1496
1481,1528
1612,1613
1532,1504
1472,1458
1376,1348
1590,1552
1633,1592
1424,1436
1389,1384
1439,1428
1419,1473
1504,1459
1632,1592
1544,1550
1421,1392
1529,1522
1395,1379
1675,1604
1403,1423
1621,1574
1537,1633
1657,1540
1385,1376
1503,1432
1480,1474
1589,1623
1580,1529
1678,1615
1440,1449
1418,1430
1595,1507
1524,1426
1565,1618
1560,1578
1650,1619
1448,1443
1585,1623
1460,1467
1648,1537
1379,1409
1415,1466
1393,1408
1571,1653
1366,1382
1512,1526
1481,1580
1603,1579
1398,1433
1459,1514
1659,1640
1636,1524
1594,1440
1458,1481
1591,1517
1627,1583
1517,1481
1442,1422
1423,1452
1457,1574
1658,1541
1516,1548
1612,1548
1406,1452
1412,1511
1470,1570
1607,1582
1367,1487
1553,1476
1606,1582
1600,1629
1446,1498
1419,1461
1416,1411
1366,1380
1397,1430
1460,1483
1461,1460
1632,1593
1386,1425
1610,1525
1625,1637
1581,1608
1624,1578
1567,1553
1576,1575
1516,1476
1477,1478
1407,1414
1408,1446
1542,1504
1533,1548
1578,1610
1473,1496
1338,1402
1516,1521
1419,1371
1589,1628
1445,1484
1375,1338
1364,1433
1552,1515
1503,1560
1319,1396
1384,1427
1656,1600
1603,1675
1525,1572
1640,1594
1452,1392
1375,1421
1364,1382
1563,1602
1533,1583
1379,1396
1400,1440
1596,1565
1377,1416
1618,1562
1561,1551
1431,1415
1495,1436
1486,1487
1393,1416
1380,1452
1515,1626
1554,1581
1405,1391
1481,1424
1352,1359
1511,1521
1407,1483
1555,1582
1524,1533
1497,1456
1435,1443
1471,1498
1406,1405
1579,1528
1450,1477
1547,1458
1414,1448
1567,1576
1382,1418
1480,1403
1335,1384
1562,1516
1548,1491
1585,1595
1666,1594
1558,1464
1486,1479
1397,1372
1341,1393
1547,1556
1345,1442
1608,1594
1572,1482
1398,1442
1580,1648
1430,1437
1392,1406
1477,1443
1499,1449
1373,1415
1365,1436
1481,1575
1371,1446
1350,1418
1590,1605
1617,1544
1585,1531
1365,1357
1585,1580
1579,1587
1520,1485
1593,1595
1627,1584
1400,1412
1334,1464
1626,1598
1431,1486
1509,1504
1586,1594
1521,1522
1571,1493
1562,1510
1367,1462
1472,1498
1621,1552
1546,1509
1497,1528
1434,1442
1423,1423
1398,1424
1646,1536
1681,1573
1429,1442
1641,1607
1378,1376
1421,1473
1622,1589
1409,1387
1393,1460
1444,1536
1428,1397
1576,1593
1425,1384
1429,1475
1471,1413
1586,1480
1385,1413
1469,1455
1612,1558
1495,1528
1487,1492
1610,1655
1546,1568
1572,1523
1384,1423
1599,1553
1401,1436
1576,1489
1438,1415
1642,1535
1526,1508
1563,1653
1627,1529
1406,1386
1390,1391
1389,1431
1369,1420
1568,1566
1544,1501
1404,1501
1443,1491
1596,1570
1372,1403
1446,1464
1577,1549
1456,1498
1612,1568
1473,1478
1429,1462
1501,1424
1596,1612
1576,1522
1546,1529
1524,1576
1481,1494
1621,1615
1454,1458
1339,1407
1574,1571
1390,1475
1612,1562
1416,1442
1533,1559
1318,1423
1584,1560
1399,1460
1653,1623
1593,1530
1483,1400
1586,1483
1400,1470
1338,1430
1409,1432
1612,1545
1575,1518
1556,1588
1398,1437
1538,1486
1662,1555
1330,1420
1386,1407
1419,1573
1390,1408
1628,1580
1502,1525
1332,1388
1415,1463
1477,1427
1463,1537
1430,1419
1586,1577
1400,1388
1482,1455
1500,1524
1334,1452
1418,1415
1552,1533
1595,1562
1487,1482
1386,1539
1432,1441
1618,1561
1346,1404
1553,1511
1630,1554
1549,1536
1519,1508
1461,1476
1398,1421
1494,1554
1572,1543
1596,1573
1557,1547
1625,1560
1613,1575
1619,1614
1468,1382
1581,1585
1546,1671
1539,1543
1416,1512
1409,1444
1644,1542
1490,1572
1532,1605
1573,1556
1376,1366
1592,1604
1388,1391
1561,1574
1460,1473
1367,1492
1611,1603
1306,1395
1534,1545
1429,1463
1379,1430
1506,1548
1403,1448
1652,1588
1391,1385
1607,1564
1642,1570
1472,1416
1460,1401
1611,1553
1429,1413
1468,1448
1560,1598
1623,1578
1542,1438
1479,1438
1510,1533
1545,1597
1573,1575
1478,1496
1554,1562
1438,1488
1548,1544
1444,1483
1658,1599
1700,1517
1318,1411
1402,1478
1334,1439
1445,1473
1391,1379
1554,1547
1447,1556
1563,1577
1434,1448
1636,1516
1562,1560
1396,1399
1368,1429
1407,1516
1441,1422
1371,1446
1383,1429
1637,1586
1453,1495
1382,1437
1614,1636
1580,1519
1601,1487
1552,1489
1422,1413
1603,1557
1437,1406
1564,1569
1454,1531
1558,1534
1448,1422
1525,1523
1579,1589
1612,1519
1444,1452
1566,1596
1463,1555
1349,1412
1507,1461
1619,1567
1552,1529
1454,1447
1393,1489
1565,1588
1568,1559
1506,1471
1390,1387
1525,1525
1472,1418
1620,1548
1427,1426
1554,1558
1473,1476
1567,1647
1362,1384
1580,1609
1357,1441
1481,1397
1551,1605
1503,1511
1586,1633
1631,1527
1538,1380
1477,1430
1368,1455
1499,1497
1347,1411
1576,1637
1370,1455
1664,1573
1430,1455
1603,1581
1532,1529
1509,1531
1510,1452
1437,1439
1408,1400
1590,1504
1404,1459
1413,1465
1560,1563
1667,1546
1498,1414
1533,1637
1630,1558
1461,1613
1419,1472
1542,1557
1608,1596
1575,1580
1621,1579
1492,1526
1435,1447
1620,1579
1470,1489
1406,1465
1411,1430
1338,1424
1448,1437
1487,1518
1579,1568
1631,1542
1560,1513
1636,1543
1615,1650
1502,1454
1433,1385
1614,1607
1535,1545
1415,1380
1635,1628
1338,1452
1614,1614
1430,1462
1556,1578
1458,1425
1547,1498
1531,1530
1488,1508
1418,1455
1410,1505
1609,1684
1366,1487
1404,1377
1616,1559
1597,1597
1435,1431
1635,1543
1363,1423
1531,1534
1494,1579
1510,1443
1409,1450
1418,1452
1643,1547
1541,1542
1423,1448
1551,1565
1665,1573
1547,1536
1420,1426
1535,1529
1514,1511
1532,1476
1515,1471
1384,1408
1582,1523
1556,1608
1638,1536
1422,1454
1429,1404
1407,1349
1568,1533
1503,1499
1541,1477
1552,1568
1612,1581
1434,1469
1396,1496
1440,1405
1509,1525
1610,1571
1562,1580
1426,1462
1394,1458
1364,1454
1419,1416
1637,1575
1401,1381
1567,1513
1436,1455
1434,1483
1589,1561
1386,1453
1410,1428
1440,1411
1452,1389
1609,1597
1610,1643
1484,1481
1537,1548
1527,1607
1419,1363
1351,1427
1556,1527
1484,1451
1618,1537
1578,1649
1616,1607
1488,1461
1474,1433
1581,1492
1520,1494
1530,1534
1518,1493
1673,1614
1429,1426
1559,1604
1348,1424
1419,1452
1543,1514
1433,1358
1405,1474
1510,1513
1547,1573
1598,1612
1417,1437
1475,1429
1479,1538
1459,1437
1545,1451
1528,1411
1575,1552
1641,1561
1402,1400
1358,1472
1484,1515
1554,1437
1420,1423
1465,1514
1486,1603
1574,1527
1442,1427
1491,1460
1594,1524
1594,1500
1570,1575
1461,1421
1390,1396
1599,1541
1551,1629
1324,1387
1467,1473
1619,1595
1577,1522
1447,1467
1463,1389
1550,1513
1362,1474
1589,1597
1467,1387
1568,1601
1462,1430
1332,1417
1479,1535
1472,1539
1481,1478
1576,1569
1613,1626
1569,1566
1457,1531
1569,1539
1391,1443
1577,1525
1419,1414
1553,1582
1462,1489
1423,1459
1593,1524
1527,1500
1430,1421
1436,1393
1524,1548
1544,1528
1383,1350
1420,1439
1499,1521
1424,1469
1537,1523
1356,1412
1388,1377
1519,1605
1403,1432
1570,1561
1524,1556
1610,1574
1597,1570
1545,1538
1640,1590
1466,1464
1362,1388
1635,1585
1421,1385
1400,1399
1527,1484
1435,1427
1496,1478
1478,1450
1395,1416
1599,1565
1587,1540
1407,1407
1382,1441
1450,1397
1418,1474
1502,1478
1631,1549
1444,1422
1467,1416
1561,1492
1558,1577
1453,1428
1431,1443
1597,1559
1373,1433
1395,1406
1529,1556
1581,1516
1522,1560
1457,1515
1400,1418
1490,1604
1382,1449
1490,1565
1551,1560
1578,1562
1564,1468
1561,1531
1470,1470
1407,1409
1502,1576
1407,1424
1434,1400
1362,1406
1339,1422
1348,1500
1458,1404
1561,1565
1575,1491
1522,1538
1484,1501
1452,1410
1450,1513
1562,1601
1542,1535
1499,1484
1372,1418
1401,1470
1555,1541
1534,1542
1564,1529
1470,1496
1622,1602
1589,1614
1397,1447
1480,1497
1480,1498
1626,1561
1428,1411
1527,1514
1596,1455
1536,1567
1447,1412
1587,1496
1653,1558
1619,1584
1378,1471
1570,1524
1405,1442
1537,1490
1584,1538
1472,1469
1597,1599
1581,1529
1381,1368
1447,1534
1430,1401
1480,1406
1617,1610
1348,1337
1453,1504
1652,1512
1610,1619
1656,1539
1547,1431
1467,1419
1538,1447
1669,1542
1604,1593
1613,1495
1656,1568
1476,1530
1443,1421
1523,1575
1409,1454
1420,1407
1625,1591
1491,1433
1425,1415
1568,1472
1514,1453
1557,1485
1440,1407
1521,1492
1562,1578
1504,1482
1587,1580
1393,1420
1425,1413
1307,1380
1546,1558
1542,1535
1474,1478
1574,1566
1471,1485
1522,1534
1405,1396
1573,1512
1510,1485
1461,1444
1431,1350
1496,1533
1543,1519
1550,1578
1366,1413
1456,1499
1408,1478
1592,1585
1635,1546
1587,1621
1650,1578
1545,1524
1491,1458
1561,1562
1606,1519
1301,1393
1385,1422
1615,1570
1372,1458
1460,1396
1514,1611
1475,1532
1465,1524
1434,1402
1394,1418
1610,1628
1435,1427
1534,1456
1551,1518
1565,1548
1448,1432
1524,1521
1376,1395
1556,1509
1501,1534
1533,1634
1589,1568
1553,1491
1565,1546
1537,1587
1593,1512
1467,1470
1430,1342
1469,1468
1453,1420
1517,1601
1490,1447
1654,1531
1468,1475
1478,1502
1532,1543
1561,1584
1466,1511
1549,1548
1437,1457
1514,1543
1514,1384
1417,1388
1436,1439
1463,1477
1431,1422
1506,1595
1405,1428
1568,1600
1643,1607
1601,1555
1446,1473
1451,1449
1643,1514
1461,1513
1544,1584
1572,1532
1472,1461
1553,1536
1443,1401
1691,1607
1588,1570
1392,1400
1434,1548
1514,1459
1379,1489
1433,1533
1521,1440
1362,1442
1484,1563
1474,1450
1377,1470
1425,1423
1566,1579
1451,1465
1588,1575
1418,1561
1527,1460
1488,1445
1560,1555
1418,1450
1426,1429
1528,1554
1420,1504
1547,1597
1479,1492
1594,1556
1535,1562
1484,1539
1612,1600
1593,1596
1419,1483
1562,1618
1430,1458
1492,1450
1637,1544
1468,1438
1371,1528
1591,1599
1546,1467
1570,1579
1545,1443
1435,1453
1589,1563
1575,1520
1468,1481
1579,1521
1588,1497
1522,1562
1358,1371
1555,1535
1539,1496
1387,1397
1577,1539
1514,1472
1436,1408
1365,1363
1407,1415
1535,1556
1646,1609
1496,1466
1353,1410
1385,1458
1365,1360
1516,1517
1448,1505
1595,1625
1529,1545
1551,1544
1439,1421
1604,1570
1403,1429
1567,1525
1442,1411
1619,1600
1602,1547
1643,1633
1513,1562
1573,1529
1493,1477
1392,1460
1620,1617
1465,1431
1504,1522
1577,1558
1638,1565
1468,1459
1587,1589
1595,1539
1421,1442
1412,1416
1431,1492
1491,1548
1381,1481
1444,1443
1391,1414
1400,1478
1521,1532
1631,1623
1597,1564
1533,1539
1512,1497
1537,1488
1385,1409
1635,1591
1462,1507
1362,1424
1625,1578
1427,1447
1477,1441
1339,1441
1649,1591
1489,1469
1505,1426
1582,1621
1575,1581
1507,1425
1693,1560
1587,1538
1524,1396
1545,1515
1438,1459
1316,1424
1496,1516
1537,1539
1598,1587
1479,1473
1419,1440
1569,1617
1452,1528
1603,1590
1622,1609
1381,1468
1511,1500
1607,1601
1600,1573
1504,1450
1531,1612
1517,1487
1589,1561
1532,1524
1509,1443
1447,1521
1597,1559
1598,1559
1403,1355
1387,1415
1453,1491
1575,1564
1459,1427
1420,1448
1568,1560
1528,1511
1378,1404
1487,1458
1548,1534
1607,1559
1528,1534
1573,1592
1406,1471
1551,1536
1439,1446
1546,1536
1418,1400
1413,1459
1596,1572
1520,1504
1666,1620
1365,1418
1408,1382
1644,1558
1447,1442
1445,1455
1531,1394
1555,1558
1494,1494
1605,1531
1588,1570
1595,1503
1435,1436
1419,1418
1617,1581
1331,1390
1385,1479
1594,1509
1633,1565
1485,1543
1570,1521
1599,1584
1361,1432
1551,1511
1510,1520
1401,1406
1554,1561
1469,1476
1609,1600
1421,1484
1664,1535
1522,1551
1617,1554
1511,1527
1467,1543
1564,1529
1352,1433
1450,1438
1631,1558
1402,1456
1434,1422
1562,1577
1580,1559
1580,1563
1476,1530
1492,1455
1614,1608
1506,1514
1422,1428
1604,1565
1497,1517
1502,1481
1520,1499
1500,1465
1489,1443
1502,1518
1491,1447
1505,1425
1510,1518
1638,1549
1474,1550
1601,1530
1485,1522
1430,1479
1451,1474
1489,1431
1515,1526
1456,1460
1546,1503
1444,1529
1551,1593
1625,1595
1459,1397
1393,1475
1396,1491
1376,1421
1573,1539
1437,1413
1468,1451
1576,1489
1446,1459
1595,1607
1358,1462
1474,1392
1383,1429
1497,1459
1538,1514
1376,1491
1543,1519
1338,1402
1419,1424
1461,1407
1559,1578
1541,1553
1385,1371
1406,1458
1426,1467
1498,1468
1582,1590
1392,1420
1587,1513
1527,1587
1543,1518
1566,1597
1549,1571
1389,1414
1369,1440
1413,1451
1622,1600
1477,1495
1562,1580
1391,1474
1581,1552
1424,1429
1617,1538
1402,1387
1547,1558
1528,1574
1611,1546
1617,1623
1505,1578
1463,1531
1492,1501
1519,1508
1464,1460
1563,1576
1484,1527
1518,1545
1371,1452
1637,1573
1620,1532
1418,1427
1401,1412
1390,1509
1609,1570
1475,1477
1620,1623
1529,1587
1439,1398
1510,1481
1365,1426
1399,1422
1347,1384
1398,1361
1517,1540
1594,1566
1460,1552
1520,1474
1425,1449
1426,1461
1472,1560
1525,1566
1579,1608
1526,1532
1544,1587
1436,1419
1597,1649
1470,1468
1415,1459
1546,1471
1655,1570
1433,1359
1611,1489
1557,1470
1461,1496
1443,1410
1430,1382
1425,1506
1598,1573
1392,1445
1567,1588
1574,1521
1423,1453
1397,1446
1495,1418
1592,1507
1551,1589
1570,1554
1564,1486
1603,1607
1392,1475
1444,1566
1602,1575
1497,1482
1441,1460
1379,1419
1402,1449
1470,1462
1449,1531
1374,1385
1595,1590
1457,1467
1396,1441
1573,1630
1421,1430
1432,1431
1524,1557
1571,1577
1421,1481
1478,1473
1556,1608
1657,1561
1544,1551
1563,1545
1527,1503
1494,1464
1383,1434
1548,1530
1452,1410
1462,1500
1493,1498
1581,1554
1441,1413
1582,1533
1623,1556
1449,1479
1394,1403
1444,1400
1632,1587
1341,1450
1596,1567
1617,1541
1487,1451
1317,1432
1427,1399
1441,1445
1625,1621
1482,1454
1416,1318
1391,1430
1504,1471
1583,1629
1409,1408
1458,1498
1505,1488
1443,1493
1647,1592
1441,1494
1552,1522
1551,1555
1488,1390
1355,1342
1536,1487
1429,1416
1583,1559
1565,1597
1618,1577
1419,1414
1410,1411
1447,1545
1356,1470
1472,1440
1494,1493
1370,1424
1357,1467
1413,1380
1457,1499
1411,1464
1595,1647
1541,1525
1420,1478
1583,1634
1438,1501
1601,1591
1435,1433
1506,1393
1448,1512
1370,1439
1426,1374
1360,1427
1493,1438
1529,1499
1437,1417
1564,1591
1470,1417
1561,1516
1480,1514
1443,1420
1389,1457
1551,1565
1457,1538
1576,1474
1409,1465
1582,1539
1497,1549
1537,1454
1426,1434
1387,1464
1614,1543
1425,1464
1531,1479
1582,1568
1445,1350
1415,1449
1458,1472
1412,1421
1424,1428
1545,1439
1565,1517
1571,1580
1512,1490
1479,1425
1616,1535
1390,1418
1490,1473
1371,1507
1538,1499
1352,1381
1661,1621
1491,1438
1502,1598
1496,1442
1565,1579
1619,1514
1642,1628
1580,1518
1441,1476
1524,1533
1579,1626
1447,1416
1607,1594
1476,1442
1569,1408
1429,1554
1659,1572
1464,1478
1557,1575
1542,1601
1398,1401
1416,1478
1541,1571
1596,1467
1385,1420
1451,1471
1435,1349
1529,1528
1653,1574
1428,1458
1419,1408
1400,1418
1432,1436
1496,1467
1678,1570
1588,1524
1393,1452
1355,1406
1573,1549
1444,1470
1635,1562
1605,1600
1438,1434
1408,1407
1466,1474
1412,1449
1532,1454
1482,1478
1431,1434
1616,1647
1395,1442
1429,1470
1390,1400
1588,1553
1413,1407
1467,1533
1540,1538
1666,1586
1509,1420
1567,1600
1581,1574
1428,1388
1486,1497
1572,1568
1491,1452
1591,1613
1514,1567
1509,1593
1560,1558
1517,1479
1540,1586
1511,1477
1434,1466
1477,1430
1550,1512
1591,1562
1514,1509
1527,1560
1421,1479
1416,1395
1543,1538
1573,1601
1482,1389
1412,1459
1358,1432
1424,1410
1487,1521
1459,1509
1583,1495
1572,1586
1489,1511
1352,1425
1427,1456
1543,1542
1419,1435
1488,1522
1589,1537
1407,1431
1352,1428
1591,1618
1450,1391
1450,1469
1616,1584
1629,1559
1485,1546
1561,1530
1377,1429
1586,1589
1573,1518
1520,1564
1511,1523
1520,1606
1624,1652
1594,1540
1439,1428
1558,1559
1440,1362
1398,1451
1615,1543
1406,1390
1509,1504
1601,1583
1544,1551
1579,1611
1600,1608
1624,1539
1495,1478
1391,1464
1400,1393
1474,1445
1405,1364
1483,1579
1496,1526
1396,1436
1449,1477
1543,1612
1512,1511
1504,1453
1362,1426
1454,1434
1517,1509
1489,1494
1432,1355
1512,1570
1518,1544
1544,1525
1530,1564
1358,1434
1499,1566
1528,1582
1428,1490
1477,1475
1347,1476
1517,1614
1560,1500
1523,1587
1569,1556
1418,1416
1465,1475
1461,1454
1545,1531
1570,1549
1469,1463
1473,1404
1575,1550
1595,1595
1432,1475
1445,1543
1419,1389
1546,1572
1572,1561
1479,1400
1591,1530
1614,1525
1455,1471
1539,1641
1470,1408
1390,1386
1432,1565
1427,1515
1528,1569
1522,1578
1455,1488
1584,1533
1516,1557
1429,1539
1551,1539
1500,1457
1447,1478
1521,1432
1607,1642
1417,1424
1497,1522
1398,1449
1419,1397
1574,1585
1553,1452
1596,1489
1526,1520
1572,1578
1586,1580
1392,1477
1561,1575
1585,1581
1388,1395
1418,1464
1573,1482
1598,1553
1552,1595
1603,1589
1513,1500
1644,1619
1554,1535
1406,1432
1560,1593
1377,1493
1462,1458
1451,1457
1540,1538
1562,1548
1676,1555
1517,1580
1566,1545
1471,1585
1619,1572
1502,1472
1537,1570
1602,1521
1501,1405
1408,1457
1532,1508
1580,1514
1532,1469
1538,1462
1515,1527
1498,1510
1543,1529
1493,1540
1510,1460
1660,1582
1551,1514
1406,1421
1383,1515
1559,1585
1379,1420
1412,1438
1539,1447
1364,1438
1625,1587
1404,1414
1654,1566
1342,1429
1599,1548
1457,1408
1608,1589
1389,1390
1487,1577
1575,1614
1623,1570
1591,1514
1473,1460
1387,1451
1525,1581
1529,1504
1584,1487
1487,1453
1554,1574
1413,1426
1491,1522
1367,1448
1274,1450
1520,1608
1461,1489
1508,1517
1535,1549
1551,1579
1356,1395
1440,1449
1495,1517
1407,1445
1488,1567
1359,1435
1600,1601
1504,1635
1445,1441
1422,1489
1492,1491
1453,1435
1596,1574
1531,1509
1642,1577
1644,1553
1381,1396
1520,1540
1344,1378
1447,1548
1411,1440
1408,1442
1490,1484
1435,1456
1449,1554
1510,1388
1406,1473
1459,1480
1429,1399
1654,1563
1373,1357
1575,1569
1404,1403
1473,1503
1474,1404
1600,1453
1511,1606
1431,1483
1512,1547
1448,1575
1443,1441
1399,1408
1390,1435
1614,1586
1578,1610
1423,1380
1487,1486
1496,1503
1386,1409
1362,1407
1553,1624
1623,1574
1529,1585
1576,1642
1372,1387
1502,1530
1374,1405
1378,1407
1421,1396
1449,1487
1472,1478
1347,1453
1561,1509
1621,1625
1516,1544
1630,1623
1645,1575
1483,1546
1508,1563
1366,1501
1389,1401
1367,1440
1590,1586
1482,1451
1647,1596
1359,1373
1531,1585
1385,1419
1638,1559
1516,1528
1479,1534
1653,1678
1527,1471
1431,1459
1367,1474
1396,1432
1537,1548
1391,1478
1525,1591
1574,1617
1398,1488
1458,1367
1636,1572
1452,1517
1357,1416
1417,1444
1380,1477
1446,1461
1452,1502
1439,1433
1432,1466
1629,1566
1492,1482
1504,1546
1488,1532
1421,1384
1419,1410
1426,1461
1364,1393
1401,1453
1525,1655
1468,1508
1527,1503
1333,1384
1406,1506
1409,1437
1579,1641
1608,1593
1450,1444
1580,1541
1426,1473
1602,1550
1376,1441
1403,1520
1434,1403
1626,1592
1389,1352
1490,1415
1467,1477
1428,1533
1602,1598
1458,1516
1500,1483
1619,1591
1452,1603
1569,1495
1355,1364
1571,1579
1391,1430
1516,1567
1600,1563
1522,1564
1618,1572
1365,1430
1481,1397
1656,1595
1567,1485
1666,1619
1552,1585
1372,1451
1452,1470
1566,1620
1471,1432
1601,1592
1428,1395
1403,1406
1573,1572
1461,1434
1494,1395
1452,1468
1390,1430
1537,1659
1563,1541
1575,1549
1380,1443
1475,1477
1424,1404
1408,1399
1520,1462
1464,1507
1486,1548
1690,1535
1562,1535
1443,1508
1360,1429
1416,1540
1453,1538
1579,1626
1557,1487
1411,1404
1485,1553
1542,1526
1546,1555
1654,1581
1354,1447
1462,1429
1612,1626
1497,1486
1418,1461
1530,1546
1587,1585
1436,1413
1439,1421
1594,1594
1583,1503
1404,1421
1453,1561
1322,1438
1597,1583
1494,1594
1590,1589
1438,1473
1411,1480
1592,1576
1429,1466
1403,1423
1644,1584
1384,1398
1422,1477
1596,1569
1389,1441
1330,1434
1559,1561
1385,1419
1535,1478
1604,1593
1550,1567
1361,1438
1327,1426
1391,1382
1391,1413
1418,1370
1643,1595
1559,1516
1607,1587
1482,1488
1389,1472
1406,1496
1596,1585
1457,1440
1393,1393
1619,1614
1575,1484
1549,1490
1364,1488
1418,1419
1607,1558
1568,1519
1376,1464
1546,1502
1393,1425
1396,1424
1419,1557
1380,1320
1447,1492
1597,1588
1511,1448
1379,1367
1474,1514
1514,1533
1548,1552
1353,1401
1330,1434
1364,1483
1558,1591
1557,1485
1583,1573
1636,1496
1468,1515
1453,1450
1595,1590
1418,1422
1440,1384
1514,1459
1420,1461
1516,1511
1615,1641
1412,1438
1647,1603
1479,1513
1595,1539
1538,1468
1337,1458
1495,1441
1499,1519
1440,1413
1566,1519
1621,1545
1509,1525
1453,1467
1590,1557
1625,1599
1550,1515
1389,1392
1571,1518
1610,1596
1511,1475
1551,1535
1582,1555
1418,1385
1354,1444
1501,1567
1653,1624
1488,1414
1409,1437
1576,1589
1411,1491
1393,1524
1648,1637
1437,1459
1495,1466
1507,1500
1485,1472
1425,1429
1352,1350
1502,1492
1667,1528
1419,1445
1579,1571
1527,1485
1392,1405
1537,1561
1405,1431
1418,1528
1396,1422
1563,1547
1556,1526
1623,1624
1616,1606
1650,1569
1449,1403
1378,1437
1614,1598
1565,1507
1470,1558
1625,1596
1422,1416
1563,1439
1387,1367
1463,1547
1553,1538
1610,1514
1388,1542
1588,1578
1553,1482
1587,1598
1362,1404
1577,1581
1416,1351
1644,1576
1381,1418
1580,1525
1458,1481
1559,1522
1353,1440
1604,1522
1406,1318
1457,1493
1610,1592
1433,1453
1385,1389
1524,1561
1623,1606
1432,1564
1628,1538
1492,1424
1433,1390
1604,1594
1466,1507
1429,1374
1406,1514
1457,1543
1632,1562
1439,1505
1532,1537
1470,1510
1621,1568
1390,1337
1596,1649
1519,1491
1533,1497
1615,1626
1379,1497
1550,1509
1535,1550
1619,1515
1526,1412
1583,1556
1412,1411
1692,1601
1618,1618
1459,1529
1386,1395
1656,1569
1461,1558
1421,1466
1488,1486
1514,1513
1345,1442
1423,1421
1373,1401
1392,1406
1607,1525
1612,1557
1455,1519
1664,1539
1438,1406
1319,1482
1504,1453
1357,1397
1419,1475
1419,1378
1362,1435
1651,1582
1469,1483
1403,1481
1596,1574
1503,1470
1470,1433
1574,1583
1589,1579
1516,1624
1619,1541
1554,1481
1641,1610
1564,1628
1573,1515
1443,1477
1454,1451
1608,1544
1421,1431
1390,1418
1353,1366
1598,1564
1588,1590
1547,1502
1527,1592
1470,1446
1602,1521
1343,1452
1600,1558
1660,1585
1495,1454
1481,1508
1535,1514
1573,1610
1528,1493
1387,1390
1531,1443
1373,1370
1431,1385
1385,1432
1566,1527
1446,1407
1605,1636
1575,1525
1382,1337
1538,1540
1596,1592
1522,1488
1592,1575
1472,1501
1380,1500
1583,1521
1365,1455
1579,1638
1386,1448
1660,1592
1400,1417
1348,1462
1552,1483
1501,1504
1635,1592
1423,1442
1493,1451
1434,1446
1520,1498
1374,1413
1403,1417
1655,1685
1390,1372
1440,1412
1620,1574
1424,1387
1535,1485
1593,1599
1641,1585
1589,1548
1457,1470
1660,1551
1473,1440
1412,1416
1435,1461
1583,1622
1506,1615
1425,1391
1495,1576
1510,1452
1494,1511
1587,1569
1562,1544
1506,1542
1475,1472
1406,1406
1505,1563
1498,1471
1323,1383
1466,1538
1410,1403
1562,1528
1366,1460
1563,1533
1444,1413
1345,1434
1302,1433
1558,1481
1642,1652
1473,1537
1597,1547
1644,1588
1467,1353
1680,1597
1570,1534
1459,1490
1652,1601
1670,1553
1375,1405
1597,1595
1614,1565
1357,1405
1427,1432
1504,1483
1483,1430
1342,1384
1405,1429
1462,1376
1558,1535
1589,1521
1626,1582
1594,1549
1388,1399
1604,1637
1630,1619
1389,1417
1484,1505
1612,1588
1497,1544
1623,1595
1376,1437
1571,1474
1350,1447
1647,1502
1467,1384
1489,1410
1584,1572
1575,1539
1636,1527
1387,1420
1336,1403
1504,1502
1485,1526
1550,1543
1332,1415
1619,1525
1439,1398
1490,1442
1337,1441
1481,1463
1601,1578
1570,1524
1497,1553
1580,1496
1584,1600
1591,1577
1421,1448
1425,1385
1493,1605
1577,1589
1580,1582
1507,1411
1602,1581
1662,1560
1433,1447
1560,1515
1591,1584
1539,1517
1487,1605
1655,1611
1551,1485
1414,1373
1452,1501
1474,1444
1498,1442
1573,1526
1467,1408
1566,1543
1444,1453
1389,1440
1577,1559
1670,1592
1379,1440
1642,1588
1614,1561
1513,1548
1580,1534
1418,1467
1593,1513
1612,1633
1637,1581
1596,1557
1362,1421
1594,1553
1584,1582
1402,1398
1427,1378
1500,1493
1410,1395
1673,1662
1395,1387
1410,1458
1531,1467
1588,1619
1426,1435
1514,1476
1363,1386
1624,1623
1471,1471
1331,1438
1418,1445
1497,1492
1412,1520
1677,1623
1525,1422
1567,1588
1458,1507
1512,1466
1664,1566
1354,1450
1662,1615
1547,1490
1426,1537
1378,1465
1596,1556
1502,1512
1650,1547
1363,1447
1326,1399
1524,1566
1646,1571
1412,1424
1597,1588
1654,1571
1377,1363
1590,1661
1352,1452
1433,1506
1367,1414
1591,1559
1523,1485
1671,1544
1350,1431
1665,1583
1567,1560
1443,1450
1616,1561
1485,1421
1434,1400
1537,1516
1504,1509
1533,1560
1386,1387
1469,1434
1529,1493
1585,1576
1448,1506
1376,1370
1467,1461
1578,1568
1454,1437
1527,1539
1342,1442
1588,1476
1645,1537
1644,1554
1388,1482
1445,1425
1521,1497
1657,1623
1406,1404
1654,1537
1580,1568
1380,1475
1599,1564
1580,1484
1372,1398
1656,1553
1636,1572
1409,1504
1410,1393
1469,1437
1517,1505
1325,1438
1603,1579
1543,1505
1690,1638
1372,1457
1647,1494
1416,1428
1544,1612
1593,1646
1362,1370
1653,1556
1536,1461
1419,1397
1530,1530
1409,1505
1700,1569
1332,1425
1339,1413
1574,1567
1479,1541
1572,1521
1607,1502
1405,1386
1445,1475
1382,1384
1659,1605
1395,1507
1612,1626
1498,1435
1429,1461
1491,1489
1554,1560
1394,1462
1538,1577
1647,1586
1602,1590
1668,1615
1360,1442
1414,1461
1611,1589
1648,1591
1502,1505
1634,1599
1383,1474
1578,1604
1615,1559
1413,1363
1564,1483
1592,1587
1600,1567
1452,1374
1464,1451
1350,1438
1561,1587
1309,1399
1561,1518
1646,1618
1439,1457
1580,1603
1394,1431
1568,1547
1622,1546
1501,1480
1531,1546
1396,1422
1355,1396
1492,1527
1597,1519
1515,1437
1333,1411
1618,1570
1498,1451
1523,1396
1705,1561
1384,1422
1364,1422
1527,1467
1353,1405
1446,1426
1613,1562
1436,1513
1595,1491
1295,1350
1478,1443
1461,1556
1362,1385
1498,1482
1339,1438
1647,1541
1605,1602
1515,1435
1429,1444
1595,1567
1521,1518
1582,1604
1548,1581
1430,1460
1580,1592
1596,1642
1472,1407
1550,1585
1568,1568
1612,1516
1493,1506
1550,1448
1623,1644
1593,1584
1342,1474
1529,1459
1533,1517
1445,1557
1409,1355
1509,1440
1593,1583
1396,1436
1526,1499
1651,1577
1393,1439
1443,1390
1587,1567
1496,1447
1395,1489
1354,1379
1442,1413
1393,1408
1602,1616
1370,1415
1481,1524
1420,1420
1577,1542
1666,1623
1473,1421
1610,1583
1626,1546
1599,1564
1527,1594
1453,1468
1436,1509
1673,1559
1564,1471
1467,1470
1642,1624
1566,1623
1577,1646
1584,1656
1360,1389
1427,1430
1413,1357
1403,1423
1465,1431
1639,1633
1568,1532
1437,1434
1317,1347
1490,1506
1409,1443
1575,1570
1557,1440
1688,1555
1629,1579
1422,1426
1538,1548
1582,1610
1647,1607
1698,1583
1389,1392
1354,1452
1469,1465
1432,1354
1470,1490
1519,1528
1649,1606
1409,1453
1509,1449
1365,1409
1456,1450
1493,1484
1580,1595
1378,1403
1398,1435
1552,1561
1482,1558
1577,1601
1426,1466
1633,1649
1370,1414
1559,1478
1401,1396
1508,1600
1596,1570
1611,1493
1388,1400
1608,1514
1392,1395
1395,1458
1381,1410
1507,1550
1359,1453
1525,1587
1375,1402
1519,1483
1317,1418
1556,1555
1546,1576
1639,1619
1626,1558
1619,1556
1616,1495
1335,1401
1337,1429
1373,1371
1640,1543
1362,1482
1356,1472
1575,1449
1709,1588
1319,1426
1582,1538
1318,1385
1400,1542
1599,1591
1452,1442
1432,1404
1463,1560
1489,1472
1583,1567
1481,1423
1403,1476
1639,1591
1399,1433
1614,1622
1546,1558
1391,1330
1380,1417
1405,1417
1559,1522
1406,1429
1577,1587
1579,1570
1408,1413
1341,1408
1304,1400
1343,1412
1486,1544
1545,1467
1394,1404
1413,1399
1400,1412
1365,1460
1364,1380
1542,1512
1587,1603
1599,1600
1657,1580
1390,1434
1511,1455
1592,1514
1625,1546
1398,1401
1573,1534
1583,1640
1318,1387
1395,1393
1617,1613
1482,1447
1537,1600
1511,1561
1606,1605
1605,1589
1466,1407
1379,1419
1538,1532
1410,1356
1616,1593
1601,1575
1397,1398
1594,1581
1564,1523
1424,1426
1502,1613
1350,1398
1425,1424
1391,1377
1416,1487
1595,1595
1460,1408
1449,1447
1461,1432
1488,1457
1614,1566
1331,1441
1560,1538
1527,1540
1572,1565
1563,1537
1641,1549
1644,1609
1348,1393
1491,1512
1590,1610
1483,1433
1556,1592
1626,1558
1396,1450
1588,1571
1436,1434
1426,1449
1351,1366
1427,1393
1532,1571
1410,1490
1609,1545
1452,1517
1320,1391
1504,1503
1721,1635
1381,1395
1391,1459
1625,1632
1587,1486
1499,1490
1466,1592
1397,1404
1577,1567
1493,1516
1604,1536
1359,1437
1501,1485
1493,1543
1349,1416
1560,1568
1486,1485
1650,1625
1405,1378
1371,1412
1326,1374
1378,1381
1492,1522
1335,1372
1697,1621
1582,1483
1376,1466
1367,1449
1394,1515
1538,1589
1476,1527
1532,1455
1468,1532
1601,1604
1369,1406
1432,1380
1641,1597
1581,1612
1545,1549
1575,1622
1306,1407
1639,1664
1657,1592
1587,1525
1519,1574
1591,1549
1620,1490
1561,1519
1491,1461
1399,1440
1339,1459
1701,1534
1386,1423
1517,1601
1392,1399
1504,1527
1696,1535
1484,1490
1695,1630
1363,1398
1488,1518
1492,1377
1468,1482
1704,1590
1319,1357
1544,1395
1589,1517
1509,1527
1620,1673
1679,1576
1557,1500
1340,1413
1461,1437
1464,1467
1569,1499
1430,1490
1558,1583
1387,1505
1579,1508
1588,1586
1355,1429
1589,1568
1391,1377
1343,1399
1481,1462
1559,1569
1348,1413
1357,1467
1548,1646
1397,1440
1493,1452
1407,1446
1349,1406
1430,1448
1380,1351
1504,1486
1584,1632
1409,1371
1418,1476
1372,1391
1426,1429
1650,1613
1371,1417
1540,1608
1413,1428
1514,1509
1360,1357
1363,1394
1358,1418
1421,1442
1352,1425
1396,1414
1289,1386
1381,1451
1510,1503
1426,1453
1613,1597
1620,1596
1334,1435
1443,1451
1575,1530
1576,1566
1350,1424
1672,1653
1362,1394
1347,1399
1409,1408
1650,1585
1446,1563
1330,1407
1359,1396
1576,1517
1371,1371
1407,1393
1467,1455
1492,1541
1451,1385
1570,1642
1564,1524
1427,1470
1672,1579
1631,1639
1480,1562
1391,1495
1642,1558
1558,1596
1330,1391
1352,1412
1380,1392
1444,1487
1558,1566
1616,1596
1672,1658
1336,1410
1634,1649
1394,1428
1521,1569
1547,1590
1473,1499
1366,1473
1436,1531
1452,1549
1495,1561
1450,1462
1643,1595
1541,1575
1404,1497
1426,1449
1617,1587
1409,1482
1410,1358
1428,1427
1492,1438
1292,1409
1391,1431
1549,1526
1629,1568
1400,1378
1343,1447
1522,1572
1679,1561
1622,1635
1560,1562
1389,1484
1452,1424
1534,1520
1510,1492
1431,1454
1528,1531
1380,1402
1626,1638
1527,1512
1518,1528
1517,1495
1370,1375
1571,1543
1460,1482
1476,1554
1605,1627
1409,1412
1636,1567
1631,1551
1636,1580
1409,1407
1489,1593
1392,1420
1603,1550
1397,1386
1414,1436
1399,1425
1383,1517
1391,1417
1503,1465
1585,1462
1556,1432
1446,1513
1389,1382
1323,1415
1506,1526
1440,1353
1486,1493
1620,1655
1507,1443
1652,1595
1625,1607
1525,1432
1382,1439
1412,1415
1548,1587
1496,1465
1618,1555
1654,1605
1593,1637
1674,1589
1608,1634
1571,1612
1592,1627
1371,1406
1477,1471
1587,1557
1438,1349
1412,1388
1522,1576
1378,1387
1349,1359
1606,1581
1574,1592
1513,1427
1582,1549
1371,1394
1644,1634
1410,1450
1392,1432
1397,1386
1649,1546
1564,1455
1301,1341
1555,1509
1322,1426
1651,1644
1452,1515
1401,1320
1605,1520
1485,1478
1641,1577
1656,1576
1575,1591
1334,1392
1387,1383
1512,1536
1559,1561
1588,1511
1651,1577
1566,1651
1661,1570
1643,1597
1356,1466
1504,1480
1510,1547
1655,1631
1542,1554
1510,1469
1378,1412
1611,1644
1300,1413
1536,1558
1422,1391
1639,1588
1498,1560
1678,1594
1554,1467
1607,1603
1543,1549
1365,1429
1644,1663
1427,1422
1354,1398
1350,1413
1476,1394
1666,1583
1659,1600
1505,1623
1619,1566
1365,1376
1544,1609
1348,1371
1464,1440
1493,1483
1320,1425
1533,1608
1662,1593
1349,1432
1525,1469
1531,1507
1437,1455
1380,1426
1616,1571
1562,1644
1589,1497
1613,1607
1330,1356
1578,1518
1577,1562
1585,1626
1449,1420
1664,1639
1455,1569
1328,1337
1609,1473
1431,1420
1566,1567
1610,1606
1556,1581
1628,1613
1471,1459
1484,1490
1411,1428
1433,1476
1547,1515
1609,1588
1497,1472
1547,1551
1516,1485
1629,1546
1675,1617
1500,1549
1538,1542
1352,1440
1446,1395
1552,1482
1608,1626
1323,1387
1379,1354
1624,1531
1526,1592
1366,1375
1627,1550
1467,1493
1502,1391
1363,1414
1414,1430
1420,1471
1378,1320
1552,1452
1358,1323
1471,1442
1403,1422
1504,1578
1633,1563
1398,1353
1373,1380
1533,1562
1352,1428
1515,1556
1304,1385
1559,1609
1638,1656
1641,1545
1359,1420
1459,1350
1558,1549
1529,1496
1624,1541
1622,1532
1443,1456
1347,1411
1349,1438
1402,1400
1613,1499
1394,1394
1657,1601
1621,1582
1417,1377
1652,1580
1623,1626
1362,1430
1609,1631
1607,1605
1638,1580
1406,1363
1581,1629
1282,1391
1336,1396
1331,1398
1578,1622
1559,1494
1501,1455
1599,1580
1542,1607
1344,1463
1384,1367
1471,1509
1497,1450
1596,1542
1557,1568
1363,1348
1450,1385
1632,1557
1561,1626
1612,1621
1364,1411
1596,1546
1659,1547
1597,1525
1390,1401
1389,1375
1345,1428
1625,1586
1532,1487
1467,1459
1607,1595
1380,1329
1603,1635
1319,1357
1573,1626
1395,1371
1326,1410
1600,1564
1631,1637
1473,1432
1552,1559
1506,1538
1383,1426
1552,1524
1325,1411
1464,1548
1410,1452
1574,1588
1595,1599
1349,1368
1390,1423
1593,1627
1705,1563
1367,1371
1638,1555
1626,1634
1556,1514
1382,1454
1630,1598
1456,1503
1651,1575
1637,1650
1377,1352
1684,1520
1533,1500
1480,1468
1642,1551
1367,1386
1624,1645
1516,1475
1477,1561
1628,1524
1570,1602
1479,1384
1445,1449
1631,1599
1619,1516
1436,1420
1409,1407
1668,1623
1653,1551
1414,1511
1599,1530
1274,1365
1353,1390
1352,1350
1306,1331
1392,1361
1320,1391
1484,1503
1587,1522
1471,1530
1488,1443
1457,1528
1358,1371
1596,1606
1620,1568
1603,1597
1642,1535
1390,1472
1694,1574
1504,1443
1487,1537
1472,1430
1495,1445
1579,1567
1356,1356
1570,1609
1316,1420
1428,1411
1390,1472
1562,1559
1544,1569
1456,1482
1682,1639
1371,1324
1556,1549
1493,1579
1369,1379
1485,1436
1362,1406
1339,1425
1651,1571
1446,1444
1465,1475
1359,1400
1404,1384
1589,1494
1583,1571
1639,1597
1404,1445
1447,1487
1555,1529
1675,1583
1458,1398
1510,1522
1495,1512
1514,1507
1358,1398
1709,1647
1359,1418
1668,1584
1402,1378
1403,1408
1484,1518
1590,1585
1495,1454
1274,1363
1575,1573
1386,1356
1593,1608
1490,1492
1546,1601
1401,1350
1333,1379
1686,1629
1528,1560
1444,1473
1410,1377
1442,1421
1409,1488
1348,1396
1457,1463
1658,1573
1677,1574
1619,1643
1652,1652
1470,1526
1291,1408
1598,1615
1472,1532
1437,1373
1403,1416
1380,1500
1491,1480
1464,1516
1465,1488
1417,1507
1476,1465
1463,1490
1497,1543
1412,1354
1377,1394
1677,1618
1414,1383
1558,1589
1614,1602
1450,1411
1358,1341
1384,1507
1368,1435
1710,1572
1348,1391
1660,1605
1402,1413
1461,1506
1466,1386
1430,1384
1544,1614
1461,1426
1485,1443
1355,1388
1435,1489
1479,1574
1382,1413
1651,1536
1440,1420
1670,1622
1459,1560
1579,1560
1598,1530
1438,1466
1546,1493
1485,1498
1679,1598
1448,1503
1545,1548
1372,1392
1423,1471
1664,1593
1433,1450
1497,1525
1431,1471
1549,1478
1397,1386
1624,1595
1470,1490
1338,1479
1423,1488
1594,1617
1437,1399
1614,1650
1606,1620
1495,1606
1383,1378
1532,1567
1370,1383
1608,1630
1621,1616
1579,1527
1339,1522
1426,1426
1671,1556
1579,1659
1453,1460
1579,1559
1396,1462
1385,1464
1497,1551
1329,1473
1599,1598
1561,1503
1688,1623
1368,1417
1485,1530
1602,1587
1513,1411
1507,1423
1447,1392
1419,1401
1496,1549
1358,1368
1566,1518
1367,1400
1337,1441
1345,1464
1381,1411
1640,1582
1561,1536
1477,1568
1395,1392
1573,1617
1635,1633
1577,1527
1335,1445
1388,1438
1389,1432
1659,1636
1630,1558
1597,1665
1615,1631
1370,1484
1586,1657
1632,1582
1679,1552
1641,1576
1416,1342
1367,1472
1629,1633
1559,1554
1379,1436
1484,1422
1603,1608
1379,1430
1427,1463
1423,1463
1544,1601
1502,1561
1439,1446
1668,1625
1657,1615
1382,1409
1385,1419
1447,1506
1450,1397
1567,1521
1437,1502
1322,1343
1675,1624
1541,1512
1635,1558
1394,1456
1619,1614
1531,1586
1323,1392
1380,1444
1340,1358
1499,1504
1387,1336
1543,1580
1649,1611
1468,1474
1330,1375
1364,1422
1620,1538
1481,1412
1325,1390
1521,1535
1483,1545
1403,1437
1646,1609
1375,1464
1482,1502
1402,1426
1691,1644
1631,1633
1425,1369
1449,1508
1626,1584
1662,1584
1551,1464
1601,1557
1352,1471
1561,1468
1408,1520
1468,1435
1566,1494
1628,1650
1391,1430
1612,1494
1377,1451
1299,1357
1453,1456
1680,1578
1518,1488
1473,1537
1662,1630
1621,1600
1329,1389
1582,1503
1641,1601
1552,1566
1648,1556
1612,1585
1407,1469
1584,1566
1621,1601
1533,1524
1394,1452
1328,1413
1562,1548
1688,1569
1558,1550
1402,1370
1505,1500
1618,1600
1488,1435
1589,1536
1464,1408
1453,1489
1578,1554
1597,1518
1508,1610
1626,1538
1640,1555
1450,1401
1645,1592
1424,1383
1391,1401
1369,1419
1506,1467
1713,1557
1550,1500
1593,1556
1427,1402
1645,1614
1623,1601
1610,1555
1580,1581
1427,1467
1623,1623
1431,1394
1639,1642
1606,1564
1627,1561
1557,1588
1623,1641
1647,1625
1478,1466
1337,1408
1436,1399
1675,1657
1647,1608
1341,1396
1485,1405
1598,1530
1498,1513
1600,1626
1411,1409
1610,1585
1353,1452
1589,1637
1385,1399
1449,1427
1630,1617
1515,1434
1442,1360
1634,1577
1691,1613
1519,1546
1347,1307
1593,1639
1366,1428
1409,1357
1666,1664
1448,1392
1593,1540
1495,1512
1666,1590
1432,1402
1506,1598
1650,1623
1513,1417
1351,1373
1407,1488
1485,1566
1327,1429
1515,1514
1520,1513
1368,1437
1345,1312
1548,1472
1377,1361
1490,1394
1577,1623
1652,1596
1646,1619
1468,1562
1639,1593
1527,1530
1314,1371
1555,1534
1505,1532
1344,1400
1677,1601
1361,1388
1419,1515
1321,1412
1559,1466
1503,1545
1517,1470
1442,1394
1529,1494
1594,1539
1663,1584
1504,1425
1546,1555
1552,1569
1565,1539
1334,1367
1333,1414
1388,1425
1650,1579
1566,1550
1522,1478
1657,1543
1340,1416
1524,1634
1404,1428
1440,1429
1458,1435
1366,1341
1538,1479
1593,1617
1580,1501
1617,1515
1618,1616
1532,1429
1663,1576
1360,1404
1418,1548
1506,1505
1377,1423
1671,1649
1368,1427
1617,1617
1600,1598
1433,1520
1620,1485
1458,1486
1400,1523
1349,1494
1371,1405
1362,1378
1465,1462
1580,1605
1394,1425
1619,1644
1633,1547
1393,1408
1640,1511
1610,1586
1621,1594
1647,1551
1546,1495
1704,1580
1460,1523
1471,1407
1610,1595
1645,1578
1632,1602
1530,1454
1342,1404
1519,1509
1473,1520
1594,1457
1490,1530
1602,1575
1465,1505
1498,1455
1392,1475
1326,1386
1505,1528
1297,1352
1631,1645
1395,1384
1398,1467
1323,1390
1550,1445
1450,1399
1420,1422
1340,1408
1593,1575
1568,1651
1449,1455
1399,1472
1599,1545
1636,1549
1564,1597
1528,1557
1535,1571
1518,1628
1519,1450
1386,1471
1360,1411
1608,1597
1425,1546
1455,1403
1421,1429
1422,1342
1453,1427
1501,1487
1605,1650
1606,1512
1556,1606
1654,1582
1515,1493
1512,1429
1551,1413
1590,1615
1432,1436
1382,1395
1331,1440
1374,1435
1583,1493
1562,1535
1397,1379
1673,1618
1720,1592
1370,1393
1722,1630
1353,1382
1289,1353
1675,1586
1433,1426
1535,1533
1588,1698
1603,1563
1425,1411
1423,1429
1482,1561
1322,1448
1388,1400
1472,1513
1457,1398
1529,1511
1565,1543
1345,1335
1600,1568
1504,1451
1570,1469
1386,1375
1590,1629
1631,1578
1363,1420
1404,1424
1695,1611
1480,1531
1474,1408
1396,1416
1404,1476
1376,1393
1409,1471
1434,1452
1611,1608
1574,1483
1525,1515
1437,1442
1441,1472
1462,1388
1697,1636
1660,1553
1489,1471
1428,1418
1447,1378
1575,1532
1365,1499
1440,1443
1553,1486
1451,1420
1505,1496
1362,1453
1624,1586
1639,1623
1486,1578
1564,1623
1515,1444
1381,1506
1660,1642
1645,1621
1384,1388
1607,1597
1577,1587
1473,1458
1510,1560
1376,1413
1437,1415
1361,1406
1651,1597
1450,1415
1370,1401
1543,1566
1527,1550
1406,1451
1365,1396
1418,1438
1621,1515
1421,1451
1429,1531
1499,1513
1600,1522
1399,1380
1554,1644
1621,1622
1386,1490
1585,1644
1566,1478
1549,1540
1628,1627
1402,1452
1456,1475
1648,1576
1568,1614
1379,1404
1648,1608
1617,1631
1590,1647
1611,1591
1410,1474
1418,1414
1501,1505
1555,1502
1594,1543
1612,1573
1394,1421
1582,1537
1514,1525
1581,1623
1603,1580
1616,1570
1337,1432
1539,1484
1607,1546
1566,1625
1435,1485
1298,1359
1431,1457
1621,1523
1373,1400
1395,1412
1613,1657
1645,1567
1605,1554
1473,1543
1429,1397
1385,1390
1377,1355
1420,1390
1564,1463
1482,1466
1386,1449
1412,1400
1633,1573
1668,1606
1469,1493
1360,1436
1540,1535
1446,1433
1376,1437
1608,1554
1548,1538
1599,1629
1496,1489
1599,1596
1355,1429
1574,1479
1372,1524
1492,1539
1374,1428
1479,1379
1350,1466
1577,1488
1495,1606
1656,1656
1417,1398
1623,1666
1441,1459
1448,1484
1598,1568
1537,1616
1394,1361
1567,1585
1498,1564
1397,1489
1659,1619
1597,1553
1580,1587
1466,1555
1383,1459
1528,1535
1394,1381
1601,1631
1607,1601
1578,1529
1661,1623
1461,1482
1523,1536
1422,1455
1402,1387
1547,1523
1407,1415
1413,1390
1527,1533
1389,1439
1482,1557
1575,1459
1636,1635
1623,1611
1656,1632
1594,1549
1666,1594
1587,1494
1341,1378
1604,1543
1436,1406
1432,1421
1415,1456
1479,1438
1443,1382
1581,1546
1529,1589
1515,1590
1447,1437
1444,1437
1649,1624
1515,1540
1359,1390
1491,1513
1672,1551
1705,1658
1421,1427
1360,1470
1374,1438
1648,1606
1569,1582
1645,1664
1563,1594
1398,1459
1395,1573
1627,1559
1623,1635
1366,1402
1453,1447
1655,1617
1596,1618
1638,1563
1395,1393
1585,1547
1643,1618
1495,1549
1603,1626
1391,1401
1605,1606
1614,1552
1393,1427
1541,1485
1577,1592
1481,1407
1404,1436
1551,1497
1466,1518
1371,1386
1633,1621
1679,1557
1459,1546
1464,1546
1530,1514
1668,1613
1344,1410
1640,1567
1560,1648
1572,1572
1623,1633
1618,1597
1587,1617
1519,1585
1648,1716
1342,1416
1369,1417
1375,1470
1521,1488
1408,1469
1329,1385
1510,1471
1652,1623
1465,1389
1645,1570
1552,1529
1380,1383
1662,1487
1660,1634
1405,1415
1370,1427
1562,1599
1390,1371
1590,1586
1360,1399
1394,1401
1304,1382
1595,1557
1612,1523
1476,1582
1627,1581
1580,1520
1322,1410
1569,1563
1377,1388
1454,1411
1565,1675
1550,1547
1354,1387
1504,1535
1365,1410
1571,1618
1586,1588
1664,1603
1602,1568
1363,1364
1374,1369
1566,1618
1562,1505
1392,1537
1543,1485
1499,1468
1535,1612
1488,1422
1257,1389
1580,1567
1409,1416
1624,1625
1464,1450
1367,1401
1469,1489
1613,1594
1377,1474
1612,1556
1295,1425
1562,1586
1365,1474
1557,1535
1564,1563
1640,1601
1391,1465
1397,1386
1363,1423
1600,1536
1575,1478
1562,1560
1552,1574
1389,1376
