ch1,ch2
1458,1478
1438,1443
1452,1479
1458,1478
1460,1466
1460,1470
1473,1466
1457,1482
1476,1476
1463,1479
1498,1482
1486,1481
1477,1486
1478,1494
1480,1493
1482,1500
1487,1479
1494,1493
1505,1511
1488,1487
1489,1532
1491,1493
1502,1513
1494,1514
1529,1498
1498,1484
1504,1510
1503,1531
1521,1530
1510,1520
1533,1498
1538,1522
1515,1538
1521,1515
1533,1555
1514,1534
1522,1499
1533,1522
1560,1535
1557,1502
1521,1543
1527,1545
1536,1536
1530,1524
1530,1541
1532,1551
1523,1507
1535,1528
1532,1521
1556,1535
1557,1526
1565,1552
1517,1531
1558,1562
1551,1512
1538,1530
1541,1542
1541,1537
1526,1540
1517,1527
1545,1535
1533,1528
1540,1530
1531,1559
1544,1528
1547,1525
1555,1554
1563,1523
1547,1545
1558,1533
1535,1527
1531,1526
1547,1543
1567,1542
1521,1528
1527,1515
1523,1522
1534,1515
1526,1529
1562,1532
1546,1512
1526,1514
1543,1536
1522,1514
1538,1514
1547,1514
1532,1510
1523,1502
1507,1522
1559,1510
1497,1515
1529,1508
1527,1489
1550,1500
1550,1511
1525,1532
1498,1476
1491,1486
1529,1481
1525,1506
1504,1499
1504,1476
1520,1474
1503,1480
1494,1488
1494,1493
1481,1470
1497,1475
1517,1465
1480,1484
1486,1467
1482,1473
1514,1445
1496,1466
1464,1440
1466,1474
1470,1460
1506,1464
1464,1458
1457,1459
1463,1454
1453,1432
1479,1452
1468,1441
1457,1419
1450,1429
1454,1439
1453,1423
1447,1446
1441,1426
1469,1431
1461,1423
1429,1427
1429,1433
1453,1401
1443,1435
1444,1410
1399,1423
1420,1421
1408,1411
1397,1403
1418,1397
1417,1397
1448,1409
1405,1415
1403,1394
1433,1389
1397,1390
1399,1403
1416,1397
1410,1385
1407,1395
1380,1381
1393,1384
1369,1394
1372,1391
1375,1394
1401,1385
1375,1379
1399,1395
1372,1389
1377,1388
1372,1365
1386,1359
1376,1372
1363,1376
1370,1348
1382,1359
1353,1381
1398,1382
1367,1383
1374,1361
1359,1372
1377,1377
1364,1356
1367,1342
1382,1371
1376,1370
1380,1353
1345,1352
1374,1365
1344,1350
1363,1363
1381,1368
1354,1357
1346,1373
1327,1362
1363,1347
1346,1360
1375,1367
1362,1361
1350,1370
1346,1362
1347,1349
1346,1361
1344,1374
1352,1353
1370,1356
1383,1359
1360,1367
1362,1390
1330,1382
1355,1371
1353,1382
1372,1361
1346,1375
1358,1359
1354,1373
1382,1401
1367,1381
1356,1353
1368,1365
1389,1401
1354,1380
1380,1395
1382,1368
1368,1388
1357,1390
1378,1381
1372,1379
1383,1393
1378,1406
1397,1401
1391,1405
1332,1399
1367,1439
1410,1405
1384,1426
1385,1435
1418,1400
1401,1438
1399,1441
1380,1421
1374,1406
1398,1427
1407,1423
1393,1423
1407,1423
1401,1427
1416,1419
1416,1419
1414,1439
1408,1431
1434,1464
1419,1459
1411,1446
1437,1451
1429,1441
1419,1471
1430,1438
1406,1454
1428,1458
1442,1434
1432,1468
1446,1475
1453,1478
1445,1488
1462,1468
1453,1469
1463,1458
1467,1463
1470,1487
1449,1480
1466,1483
1460,1479
1480,1499
1481,1504
1472,1476
1506,1504
1493,1475
1490,1486
1472,1499
1461,1508
1484,1479
1493,1510
1493,1483
1527,1508
1481,1498
1498,1507
1493,1494
1516,1523
1514,1506
1518,1530
1499,1519
1518,1485
1498,1520
1532,1528
1509,1539
1528,1510
1519,1522
1513,1527
1505,1532
1505,1498
1535,1556
1544,1513
1525,1538
1520,1495
1520,1544
1534,1538
1553,1536
1535,1539
1546,1516
1568,1548
1538,1531
1545,1523
1532,1525
1532,1518
1532,1526
1560,1553
1548,1516
1535,1530
1543,1518
1531,1545
1538,1531
1512,1543
1540,1549
1549,1534
1537,1533
1537,1516
1507,1507
1536,1524
1560,1529
1514,1552
1528,1545
1541,1531
1551,1537
1540,1511
1515,1524
1527,1532
1552,1524
1564,1523
1553,1546
1531,1514
1553,1519
1540,1524
1531,1529
1531,1524
1517,1534
1533,1520
1518,1493
1534,1519
1520,1515
1541,1514
1504,1500
1518,1505
1505,1505
1527,1512
1542,1497
1539,1509
1511,1495
1497,1498
1500,1499
1506,1479
1533,1493
1522,1501
1495,1500
1497,1468
1520,1500
1525,1464
1491,1496
1503,1486
1484,1509
1476,1466
1491,1464
1482,1465
1486,1460
1491,1471
1496,1449
1478,1433
1495,1455
1463,1455
1502,1444
1465,1467
1465,1439
1486,1454
1464,1453
1471,1442
1481,1431
1491,1439
1460,1432
1478,1425
1467,1445
1418,1420
1465,1435
1452,1432
1424,1409
1474,1417
1429,1411
1436,1418
1437,1425
1449,1418
1441,1408
1426,1417
1415,1428
1426,1404
1414,1418
1441,1393
1398,1427
1397,1391
1420,1399
1416,1412
1405,1403
1396,1371
1401,1390
1399,1412
1394,1388
1382,1376
1396,1410
1406,1394
1373,1391
1401,1370
1393,1384
1388,1382
1381,1375
1376,1381
1364,1371
1388,1370
1385,1375
1369,1378
1350,1376
1377,1393
1370,1370
1362,1360
1387,1359
1370,1377
1344,1373
1377,1380
1351,1368
1331,1364
1351,1371
1365,1371
1351,1361
1364,1358
1372,1383
1368,1391
1366,1371
1361,1344
1351,1357
1335,1360
1365,1351
1348,1366
1360,1383
1349,1341
1349,1371
1356,1375
1352,1333
1343,1348
1341,1355
1343,1361
1362,1360
1338,1343
1357,1353
1366,1360
1347,1350
1362,1356
1339,1383
1351,1372
1365,1347
1359,1357
1376,1351
1383,1367
1353,1378
1355,1356
1348,1368
1341,1374
1369,1399
1365,1369
1369,1384
1353,1402
1357,1383
1360,1382
1385,1369
1368,1387
1372,1379
1375,1408
1369,1408
1388,1399
1368,1398
1370,1398
1382,1387
1368,1417
1398,1405
1387,1412
1403,1405
1413,1410
1390,1430
1398,1418
1390,1416
1366,1426
1421,1407
1406,1425
1409,1433
1391,1451
1397,1442
1400,1431
1425,1444
1451,1432
1389,1435
1419,1434
1417,1412
1433,1459
1437,1435
1442,1455
1409,1451
1425,1451
1438,1443
1442,1457
1455,1455
1433,1452
1448,1472
1461,1458
1456,1486
1456,1479
1452,1478
1448,1472
1459,1476
1468,1458
1454,1484
1494,1488
1459,1494
1464,1494
1457,1482
1457,1497
1449,1501
1478,1498
1482,1495
1483,1499
1491,1507
1496,1512
1497,1498
1490,1500
1492,1494
1500,1504
1496,1508
1473,1521
1507,1524
1506,1517
1517,1494
1513,1511
1502,1520
1512,1515
1520,1516
1515,1512
1509,1515
1525,1519
1510,1540
1544,1514
1518,1522
1533,1529
1555,1529
1549,1568
1533,1564
1521,1552
1518,1540
1528,1543
1548,1534
1532,1541
1551,1514
1547,1548
1521,1516
1546,1531
1551,1538
1544,1549
1555,1516
1550,1531
1542,1544
1522,1535
1547,1545
1545,1542
1561,1538
1549,1520
1554,1531
1567,1515
1536,1548
1568,1533
1518,1527
1552,1514
1550,1526
1561,1535
1546,1560
1557,1520
1551,1534
1536,1551
1545,1524
1547,1527
1562,1509
1551,1526
1537,1515
1539,1530
1538,1545
1542,1525
1539,1534
1541,1513
1544,1510
1507,1527
1513,1536
1574,1522
1514,1505
1517,1519
1518,1515
1542,1505
1512,1503
1541,1520
1514,1511
1527,1484
1530,1495
1521,1506
1510,1479
1521,1500
1532,1500
1496,1498
1537,1486
1496,1503
1509,1486
1482,1482
1510,1498
1487,1492
1508,1469
1518,1490
1506,1476
1507,1468
1480,1467
1492,1474
1487,1486
1475,1449
1488,1463
1497,1448
1476,1473
1476,1436
1469,1460
1461,1441
1455,1446
1464,1418
1462,1429
1452,1442
1429,1448
1436,1439
1477,1432
1431,1445
1480,1428
1448,1423
1418,1425
1442,1418
1425,1432
1438,1412
1456,1415
1433,1435
1416,1410
1391,1400
1428,1404
1426,1398
1397,1412
1405,1412
1413,1411
1423,1398
1415,1400
1390,1399
1414,1397
1383,1382
1406,1373
1395,1384
1404,1389
1399,1385
1412,1398
1416,1381
1373,1374
1384,1383
1396,1373
1379,1374
1369,1378
1385,1362
1393,1363
1372,1370
1366,1369
1356,1345
1366,1370
1383,1375
1366,1384
1378,1366
1357,1350
1362,1376
1399,1370
1369,1369
1354,1355
1365,1365
1353,1349
1366,1329
1367,1374
1367,1362
1364,1372
1361,1372
1337,1384
1360,1371
1357,1364
1329,1358
1341,1370
1350,1375
1353,1358
1399,1348
1333,1374
1344,1346
1381,1357
1353,1336
1337,1338
1361,1366
1370,1362
1333,1349
1366,1366
1353,1364
1349,1358
1369,1371
1335,1371
1359,1366
1366,1363
1357,1349
1351,1372
1350,1389
1364,1362
1353,1384
1361,1354
1416,1368
1367,1378
1374,1385
1343,1382
1376,1376
1365,1385
1390,1375
1374,1364
1377,1391
1379,1392
1381,1374
1373,1397
1402,1352
1374,1378
1388,1413
1367,1381
1391,1397
1392,1413
1386,1414
1379,1403
1391,1430
1395,1425
1425,1423
1391,1409
1377,1431
1405,1419
1415,1430
1416,1435
1396,1428
1401,1429
1407,1431
1421,1415
1434,1425
1442,1424
1421,1422
1456,1467
1439,1456
1438,1452
1451,1449
1441,1449
1435,1448
1422,1448
1461,1451
1436,1449
1444,1448
1449,1464
1474,1459
1443,1486
1479,1456
1460,1478
1488,1475
1458,1476
1477,1468
1482,1485
1473,1492
1475,1504
1482,1492
1476,1461
1471,1496
1490,1508
1519,1470
1463,1489
1485,1504
1505,1493
1456,1512
1477,1497
1483,1504
1485,1530
1503,1486
1472,1517
1499,1516
1526,1505
1501,1518
1509,1506
1510,1527
1510,1519
1498,1532
1532,1540
1511,1509
1522,1509
1504,1539
1517,1535
1504,1537
1528,1543
1521,1562
1545,1546
1539,1535
1527,1533
1537,1510
1553,1541
1527,1519
1531,1541
1540,1526
1545,1531
1534,1524
1539,1534
1540,1554
1557,1539
1535,1549
1542,1553
1551,1530
1559,1540
1553,1537
1575,1545
1563,1528
1532,1566
1548,1546
1570,1550
1555,1532
1568,1572
1536,1537
1542,1526
1559,1535
1555,1555
1530,1539
1578,1533
1527,1527
1566,1523
1530,1535
1541,1521
1535,1519
1542,1531
1533,1531
1553,1519
1529,1543
1543,1521
1527,1513
1531,1534
1544,1523
1534,1518
1522,1507
1548,1512
1536,1498
1553,1515
1509,1499
1539,1513
1538,1532
1520,1503
1513,1519
1539,1501
1538,1485
1524,1489
1503,1493
1535,1508
1529,1521
1504,1483
1514,1493
1501,1493
1511,1505
1516,1475
1523,1486
1505,1487
1508,1482
1504,1474
1499,1462
1503,1478
1493,1472
1471,1498
1483,1465
1473,1476
1481,1464
1490,1457
1489,1471
1483,1459
1465,1465
1482,1487
1468,1459
1474,1434
1470,1440
1449,1430
1441,1420
1439,1447
1462,1429
1448,1427
1463,1447
1425,1438
1433,1423
1422,1410
1442,1431
1424,1414
1433,1398
1433,1434
1424,1419
1424,1422
1412,1391
1434,1418
1425,1416
1413,1401
1415,1407
1411,1399
1405,1422
1381,1400
1408,1394
1402,1420
1402,1396
1379,1375
1430,1373
1418,1396
1387,1381
1392,1387
1392,1380
1393,1393
1387,1374
1381,1382
1372,1364
1370,1385
1365,1387
1381,1378
1393,1356
1394,1375
1344,1361
1368,1346
1333,1377
1359,1359
1340,1369
1376,1351
1385,1376
1359,1388
1379,1390
1332,1370
1350,1385
1356,1360
1366,1358
1329,1376
1360,1360
1355,1354
1340,1368
1326,1360
1339,1372
1307,1364
1330,1338
1344,1355
1381,1340
1332,1335
1357,1372
1369,1354
1350,1355
1345,1373
1355,1358
1371,1368
1356,1368
1354,1351
1346,1363
1355,1357
1336,1380
1335,1395
1348,1371
1350,1354
1362,1365
1353,1345
1357,1382
1364,1357
1373,1369
1351,1359
1342,1342
1354,1352
1370,1381
1371,1386
1329,1387
1373,1383
1375,1388
1372,1384
1378,1399
1370,1391
1369,1404
1365,1366
1365,1406
1392,1392
1354,1371
1376,1382
1377,1402
1388,1394
1380,1392
1383,1390
1374,1396
1389,1424
1389,1410
1400,1438
1399,1417
1401,1416
1398,1418
1378,1403
1431,1438
1416,1422
1412,1443
1418,1440
1382,1426
1397,1434
1430,1446
1420,1441
1433,1434
1431,1455
1428,1457
1430,1462
1426,1440
1444,1448
1448,1456
1430,1464
1443,1445
1444,1446
1423,1470
1437,1480
1451,1469
1469,1480
1425,1469
1467,1470
1494,1469
1467,1482
1474,1486
1487,1481
1462,1475
1450,1479
1476,1479
1464,1485
1486,1495
1466,1483
1470,1487
1501,1504
1473,1487
1509,1497
1484,1506
1531,1515
1504,1500
1488,1497
1522,1502
1500,1500
1528,1518
1515,1529
1505,1517
1488,1529
1510,1507
1525,1503
1513,1494
1522,1531
1520,1509
1504,1540
1517,1534
1519,1530
1528,1531
1516,1542
1535,1535
1537,1550
1528,1535
1541,1540
1545,1547
1544,1541
1526,1568
1565,1535
1538,1547
1541,1555
1545,1538
1535,1565
1537,1538
1564,1558
1537,1540
1544,1550
1525,1538
1547,1545
1539,1541
1571,1551
1563,1551
1548,1527
1560,1548
1571,1537
1564,1547
1549,1553
1527,1541
1571,1531
1546,1548
1583,1527
1521,1542
1553,1533
1517,1532
1546,1528
1531,1532
1565,1535
1543,1535
1562,1528
1551,1527
1550,1550
1523,1542
1539,1521
1519,1513
1526,1506
1516,1516
1530,1521
1530,1535
1543,1526
1534,1508
1515,1541
1551,1493
1532,1512
1549,1494
1519,1500
1518,1505
1502,1502
1554,1503
1521,1513
1512,1492
1505,1487
1533,1494
1537,1469
1481,1500
1540,1480
1498,1497
1521,1473
1506,1500
1520,1474
1484,1481
1503,1489
1473,1466
1481,1484
1492,1447
1497,1470
1482,1462
1496,1477
1470,1456
1468,1470
1478,1465
1482,1468
1460,1442
1456,1457
1480,1457
1480,1440
1472,1472
1440,1455
1421,1441
1468,1418
1444,1428
1432,1431
1447,1437
1428,1433
1451,1420
1461,1422
1421,1426
1434,1411
1442,1420
1433,1421
1432,1428
1437,1420
1420,1421
1402,1388
1439,1406
1410,1382
1420,1409
1378,1403
1403,1399
1386,1396
1399,1392
1394,1381
1393,1385
1396,1404
1408,1386
1398,1376
1390,1388
1358,1378
1390,1381
1364,1398
1387,1358
1376,1369
1387,1401
1358,1371
1365,1379
1359,1359
1363,1377
1362,1357
1359,1377
1389,1370
1331,1347
1345,1356
1354,1355
1391,1378
1339,1358
1330,1366
1343,1362
1372,1367
1347,1372
1339,1336
1347,1353
1353,1378
1332,1366
1349,1349
1363,1363
1346,1347
1381,1355
1342,1372
1363,1350
1347,1363
1374,1341
1350,1353
1335,1354
1324,1362
1362,1348
1347,1346
1357,1337
1364,1371
1318,1351
1333,1365
1338,1349
1376,1360
1337,1365
1340,1366
1358,1364
1346,1371
1356,1369
1361,1343
1353,1367
1344,1382
1342,1363
1376,1362
1382,1391
1360,1374
1357,1374
1364,1362
1333,1377
1350,1394
1362,1376
1346,1384
1365,1388
1343,1391
1381,1399
1376,1399
1397,1391
1390,1420
1378,1395
1372,1398
1351,1410
1369,1395
1354,1394
1361,1419
1384,1382
1384,1414
1395,1393
1387,1403
1425,1428
1385,1422
1405,1432
1390,1415
1424,1423
1409,1413
1402,1436
1429,1451
1422,1434
1403,1453
1417,1447
1407,1433
1420,1431
1410,1462
1429,1446
1415,1448
1430,1444
1440,1450
1445,1463
1428,1455
1458,1476
1448,1480
1431,1466
1432,1469
1450,1465
1454,1452
1478,1456
1466,1474
1461,1483
1445,1482
1475,1475
1459,1495
1498,1483
1485,1476
1473,1488
1481,1491
1479,1500
1496,1493
1479,1505
1473,1515
1496,1498
1477,1491
1509,1520
1518,1520
1471,1503
1520,1484
1495,1553
1519,1514
1509,1518
1508,1521
1505,1521
1522,1525
1491,1525
1531,1537
1520,1511
1521,1568
1534,1521
1514,1545
1527,1520
1533,1531
1520,1521
1548,1519
1520,1537
1557,1532
1508,1536
1534,1536
1555,1536
1527,1545
1533,1534
1530,1555
1522,1548
1555,1549
1533,1558
1546,1541
1564,1548
1534,1547
1563,1533
1557,1536
1548,1526
1570,1543
1521,1547
1540,1545
1570,1536
1566,1552
1560,1535
1531,1534
1570,1553
1570,1536
1562,1521
1546,1542
1540,1533
1543,1559
1580,1558
1565,1541
1556,1540
1554,1542
1554,1539
1530,1524
1552,1514
1540,1535
1545,1534
1531,1529
1567,1520
1554,1545
1554,1529
1542,1542
1536,1524
1542,1542
1520,1518
1543,1517
1534,1524
1525,1521
1550,1517
1533,1516
1527,1546
1522,1511
1540,1507
1530,1505
1522,1503
1538,1507
1548,1472
1515,1508
1530,1506
1514,1497
1515,1495
1499,1491
1502,1479
1486,1482
1498,1477
1504,1493
1500,1475
1469,1468
1497,1477
1468,1475
1489,1497
1498,1458
1494,1455
1482,1474
1502,1463
1492,1453
1448,1466
1483,1469
1473,1454
1498,1471
1454,1464
1469,1446
1470,1439
1448,1447
1426,1438
1440,1439
1436,1431
1448,1422
1452,1437
1452,1436
1415,1423
1425,1425
1431,1423
1419,1415
1400,1416
1432,1426
1408,1385
1424,1406
1412,1404
1401,1417
1421,1393
1425,1396
1408,1415
1395,1399
1383,1372
1418,1408
1373,1365
1414,1399
1414,1386
1414,1385
1386,1389
1386,1390
1366,1373
1411,1374
1402,1382
1389,1344
1391,1381
1407,1361
1420,1384
1374,1352
1389,1361
1374,1375
1366,1360
1359,1373
1377,1365
1359,1371
1372,1357
1368,1367
1338,1370
1365,1350
1388,1362
1372,1351
1368,1355
1367,1351
1340,1363
1359,1358
1358,1351
1347,1354
1345,1368
1340,1378
1358,1343
1342,1348
1347,1336
1349,1366
1348,1365
1351,1348
1355,1347
1311,1365
1324,1360
1332,1370
1338,1347
1357,1337
1335,1346
1348,1352
1359,1381
1333,1351
1349,1356
1345,1364
1349,1359
1336,1370
1344,1368
1355,1352
1333,1362
1350,1390
1348,1357
1366,1366
1354,1369
1348,1380
1334,1372
1353,1384
1396,1387
1369,1380
1358,1374
1369,1379
1358,1382
1349,1371
1368,1375
1385,1400
1380,1394
1367,1383
1367,1413
1381,1399
1384,1397
1362,1391
1382,1398
1357,1424
1363,1395
1387,1418
1388,1403
1399,1419
1367,1413
1422,1428
1389,1418
1388,1424
1377,1398
1384,1420
1408,1420
1398,1439
1397,1417
1409,1412
1416,1432
1438,1443
1370,1441
1438,1465
1428,1454
1427,1430
1448,1452
1430,1454
1437,1464
1436,1428
1442,1475
1436,1471
1453,1470
1469,1469
1438,1438
1446,1442
1451,1471
1450,1481
1456,1471
1462,1475
1475,1474
1479,1474
1468,1472
1474,1489
1482,1478
1472,1481
1477,1509
1454,1503
1506,1519
1500,1527
1498,1504
1490,1498
1488,1506
1508,1514
1507,1520
1491,1523
1480,1515
1491,1518
1510,1533
1524,1534
1533,1529
1502,1521
1501,1531
1524,1528
1518,1533
1557,1518
1545,1535
1526,1535
1524,1520
1542,1523
1522,1541
1522,1539
1547,1536
1530,1536
1562,1530
1560,1528
1523,1543
1558,1535
1551,1548
1551,1546
1559,1526
1525,1535
1522,1526
1569,1524
1548,1554
1548,1527
1556,1544
1550,1550
1562,1553
1538,1558
1570,1534
1557,1540
1556,1551
1524,1537
1572,1529
1545,1537
1533,1560
1537,1529
1536,1538
1542,1547
1556,1543
1553,1555
1560,1531
1579,1543
1564,1524
1538,1527
1545,1542
1550,1500
1553,1538
1542,1523
1549,1522
1551,1522
1540,1532
1552,1529
1536,1520
1568,1529
1528,1528
1563,1535
1543,1525
1525,1535
1549,1526
1565,1519
1524,1510
1531,1522
1531,1510
1542,1520
1545,1498
1505,1521
1517,1517
1531,1508
1524,1510
1524,1523
1509,1495
1514,1481
1521,1489
1509,1482
1507,1482
1522,1485
1507,1464
1496,1460
1516,1472
1472,1486
1498,1471
1499,1477
1505,1464
1478,1475
1492,1466
1498,1490
1496,1475
1471,1479
1479,1463
1495,1440
1495,1430
1479,1445
1468,1458
1462,1426
1454,1428
1450,1448
1444,1425
1462,1437
1422,1444
1445,1428
1455,1428
1424,1417
1436,1433
1428,1411
1431,1438
1449,1423
1418,1405
1419,1418
1415,1417
1450,1392
1390,1409
1432,1400
1416,1420
1411,1406
1415,1411
1392,1395
1408,1397
1398,1400
1401,1398
1398,1376
1397,1390
1393,1400
1396,1383
1408,1395
1410,1372
1390,1376
1381,1388
1366,1387
1384,1387
1396,1373
1377,1358
1375,1360
1364,1388
1383,1374
1348,1373
1379,1359
1333,1385
1356,1359
1348,1360
1359,1349
1365,1343
1334,1380
1369,1359
1348,1360
1335,1373
1325,1377
1369,1362
1367,1359
1347,1357
1354,1340
1357,1354
1345,1362
1339,1336
1349,1375
1378,1348
1346,1348
1336,1357
1330,1362
1348,1360
1367,1352
1372,1358
1349,1367
1325,1338
1351,1340
1336,1364
1338,1366
1367,1362
1347,1338
1337,1352
1353,1349
1336,1359
1348,1382
1349,1369
1329,1371
1342,1359
1359,1369
1349,1369
1358,1352
1357,1373
1348,1373
1352,1379
1356,1379
1370,1368
1358,1385
1366,1376
1376,1382
1352,1373
1344,1384
1379,1361
1374,1414
1368,1396
1369,1377
1350,1402
1338,1408
1383,1393
1385,1397
1372,1404
1391,1415
1407,1399
1396,1408
1387,1411
1379,1401
1391,1403
1410,1427
1393,1409
1405,1428
1386,1441
1396,1405
1378,1415
1426,1441
1412,1442
1388,1422
1418,1426
1432,1435
1408,1425
1399,1446
1404,1439
1426,1427
1417,1441
1448,1449
1418,1445
1436,1459
1428,1459
1449,1458
1462,1460
1442,1465
1445,1473
1430,1499
1457,1481
1465,1479
1463,1472
1457,1488
1456,1467
1493,1483
1466,1460
1473,1494
1496,1496
1481,1499
1473,1509
1474,1494
1496,1495
1498,1515
1497,1479
1482,1501
1484,1504
1500,1513
1512,1516
1496,1518
1510,1515
1503,1529
1506,1516
1504,1504
1498,1520
1518,1512
1521,1504
1507,1500
1521,1523
1513,1511
1524,1519
1523,1521
1496,1518
1491,1522
1532,1526
1533,1542
1546,1530
1523,1539
1534,1525
1562,1540
1526,1547
1529,1539
1523,1548
1530,1550
1540,1523
1546,1543
1533,1543
1552,1576
1566,1543
1560,1528
1546,1548
1545,1538
1552,1563
1562,1549
1538,1543
1553,1530
1571,1536
1526,1534
1560,1532
1531,1549
1559,1551
1550,1548
1539,1528
1570,1534
1544,1537
1562,1563
1565,1520
1546,1533
1566,1541
1567,1546
1532,1537
1556,1547
1566,1548
1584,1537
1531,1539
1552,1527
1572,1539
1559,1529
1532,1517
1548,1525
1548,1521
1559,1531
1555,1539
1522,1529
1543,1531
1563,1521
1542,1515
1540,1525
1541,1513
1521,1510
1547,1493
1515,1502
1540,1506
1526,1500
1514,1505
1529,1508
1524,1505
1529,1482
1524,1485
1523,1518
1522,1486
1492,1482
1526,1479
1524,1480
1533,1487
1505,1494
1493,1488
1490,1486
1489,1478
1491,1493
1496,1473
1498,1464
1489,1464
1474,1466
1520,1468
1471,1483
1467,1463
1478,1455
1458,1465
1475,1448
1452,1434
1482,1456
1451,1428
1470,1429
1469,1440
1450,1458
1443,1427
1458,1433
1470,1429
1411,1433
1445,1391
1447,1409
1446,1434
1430,1426
1417,1422
1449,1420
1429,1407
1412,1398
1407,1407
1405,1379
1427,1398
1426,1417
1388,1414
1391,1397
1385,1399
1404,1389
1407,1411
1407,1401
1406,1410
1392,1406
1391,1386
1381,1378
1398,1375
1380,1379
1391,1382
1358,1374
1382,1369
1384,1364
1375,1377
1384,1351
1360,1372
1367,1363
1365,1364
1360,1354
1363,1357
1361,1374
1337,1353
1377,1350
1367,1352
1343,1365
1376,1357
1345,1375
1362,1372
1355,1365
1338,1352
1347,1355
1363,1366
1364,1377
1338,1356
1332,1339
1357,1377
1358,1358
1346,1357
1359,1370
1358,1357
1346,1365
1351,1354
1355,1352
1354,1351
1351,1348
1336,1369
1336,1362
1322,1378
1337,1351
1379,1348
1346,1361
1346,1374
1342,1381
1349,1365
1338,1359
1353,1356
1346,1364
1352,1374
1359,1354
1350,1374
1366,1372
1354,1362
1365,1394
1364,1368
1354,1382
1388,1372
1364,1368
1360,1379
1351,1367
1361,1371
1348,1371
1367,1370
1379,1405
1370,1373
1374,1415
1362,1399
1384,1393
1393,1405
1381,1402
1397,1403
1374,1387
1368,1381
1356,1404
1407,1412
1391,1409
1414,1409
1384,1409
1401,1413
1418,1423
1426,1404
1412,1401
1396,1426
1399,1418
1410,1407
1429,1421
1406,1428
1397,1439
1436,1427
1420,1428
1392,1439
1406,1439
1458,1444
1428,1446
1425,1449
1430,1474
1431,1487
1446,1476
1440,1461
1440,1472
1458,1461
1445,1463
1430,1469
1461,1463
1454,1462
1460,1465
1472,1469
1464,1466
1500,1475
1471,1485
1469,1490
1466,1476
1461,1494
1488,1498
1480,1496
1488,1486
1501,1485
1466,1503
1485,1494
1497,1502
1493,1504
1504,1501
1492,1505
1497,1507
1493,1514
1496,1538
1505,1504
1493,1521
1532,1521
1527,1506
1522,1532
1524,1515
1518,1533
1515,1512
1518,1541
1503,1535
1506,1521
1522,1541
1506,1548
1533,1548
1534,1546
1532,1547
1548,1540
1531,1552
1545,1529
1539,1552
1551,1540
1546,1535
1538,1532
1551,1545
1541,1552
1545,1520
1551,1540
1556,1549
1537,1544
1536,1573
1550,1567
1540,1542
1537,1561
1557,1553
1571,1534
1563,1533
1543,1547
1549,1550
1543,1576
1537,1537
1573,1539
1549,1540
1539,1526
1540,1518
1572,1522
1548,1529
1562,1548
1556,1555
1557,1536
1541,1506
1575,1530
1536,1523
1551,1529
1566,1536
1543,1526
1554,1553
1547,1541
1544,1521
1530,1533
1544,1494
1530,1515
1539,1509
1522,1538
1538,1509
1524,1509
1526,1502
1539,1517
1532,1510
1539,1532
1528,1488
1542,1494
1517,1512
1497,1496
1511,1481
1499,1495
1514,1487
1495,1484
1531,1499
1487,1495
1500,1481
1490,1495
1502,1451
1508,1495
1508,1475
1488,1464
1475,1470
1476,1470
1484,1479
1508,1448
1472,1477
1474,1446
1477,1471
1483,1440
1476,1437
1486,1443
1462,1436
1468,1429
1484,1437
1446,1434
1465,1469
1467,1437
1460,1424
1461,1431
1428,1433
1449,1402
1448,1438
1445,1441
1444,1436
1436,1421
1418,1416
1428,1404
1432,1414
1453,1418
1449,1420
1430,1420
1420,1397
1414,1398
1426,1401
1430,1421
1418,1395
1388,1397
1413,1395
1388,1391
1384,1365
1401,1387
1403,1391
1388,1386
1437,1368
1372,1371
1401,1386
1397,1370
1394,1366
1364,1389
1359,1368
1373,1363
1384,1376
1391,1342
1379,1354
1368,1341
1379,1354
1384,1371
1379,1347
1375,1373
1392,1349
1353,1383
1345,1348
1348,1360
1348,1359
1371,1357
1343,1340
1354,1347
1342,1361
1379,1355
1336,1343
1353,1337
1357,1363
1355,1361
1371,1354
1334,1330
1324,1339
1371,1355
1323,1359
1356,1357
1359,1346
1325,1356
1350,1358
1318,1367
1360,1366
1322,1350
1362,1348
1349,1370
1342,1368
1364,1383
1322,1367
1353,1350
1364,1374
1317,1361
1328,1377
1364,1359
1362,1369
1348,1376
1367,1347
1359,1391
1358,1371
1361,1382
1356,1353
1370,1382
1320,1393
1348,1389
1353,1392
1360,1375
1350,1389
1339,1372
1389,1381
1377,1382
1373,1380
1389,1406
1370,1388
1376,1405
1374,1409
1380,1392
1383,1412
1381,1391
1379,1409
1388,1391
1375,1418
1411,1412
1400,1407
1400,1427
1392,1423
1407,1427
1423,1460
1406,1405
1394,1422
1416,1413
1399,1438
1398,1464
1429,1440
1412,1423
1441,1433
1429,1434
1431,1445
1429,1439
1428,1459
1446,1442
1435,1442
1427,1465
1429,1468
1464,1443
1430,1473
1464,1462
1442,1466
1417,1487
1444,1486
1452,1455
1426,1459
1465,1486
1469,1458
1477,1498
1457,1496
1468,1500
1458,1487
1473,1481
1497,1496
1482,1503
1475,1507
1488,1495
1506,1518
1488,1492
1501,1522
1499,1529
1495,1508
1507,1508
1484,1508
1516,1518
1529,1523
1475,1517
1518,1533
1507,1538
1524,1515
1526,1517
1490,1533
1522,1541
1520,1523
1541,1532
1522,1528
1543,1528
1538,1552
1520,1545
1522,1540
1508,1552
1535,1535
1551,1547
1553,1521
1531,1537
1546,1531
1542,1557
1548,1535
1552,1551
1550,1560
1542,1531
1561,1542
1562,1568
1571,1553
1552,1536
1545,1546
1561,1549
1559,1548
1560,1530
1561,1549
1542,1551
1539,1541
1557,1555
1560,1541
1532,1528
1561,1560
1543,1553
1552,1542
1558,1532
1557,1534
1562,1537
1540,1543
1549,1517
1559,1546
1546,1557
1550,1535
1556,1552
1537,1529
1546,1534
1545,1546
1528,1510
1535,1514
1536,1522
1543,1513
1532,1515
1532,1501
1532,1499
1532,1507
1550,1523
1531,1501
1527,1512
1526,1519
1542,1511
1530,1502
1529,1499
1536,1496
1514,1499
1502,1499
1509,1486
1518,1494
1517,1510
1526,1478
1537,1477
1518,1498
1514,1492
1507,1477
1502,1467
1507,1491
1498,1467
1492,1449
1491,1457
1490,1452
1497,1465
1493,1470
1482,1463
1470,1467
1462,1477
1483,1448
1439,1447
1450,1451
1453,1453
1465,1454
1467,1455
1491,1450
1476,1444
1452,1442
1465,1434
1446,1429
1433,1422
1466,1433
1441,1407
1459,1400
1403,1413
1429,1416
1444,1423
1408,1414
1412,1409
1427,1414
1419,1393
1436,1397
1433,1439
1425,1377
1425,1359
1408,1384
1390,1389
1412,1386
1420,1389
1391,1387
1424,1411
1405,1394
1372,1388
1404,1385
1382,1385
1391,1390
1392,1387
1383,1393
1388,1376
1386,1379
1394,1375
1361,1376
1386,1364
1365,1364
1372,1358
1351,1389
1365,1366
1376,1372
1353,1367
1364,1367
1340,1354
1376,1366
1350,1380
1362,1357
1358,1351
1359,1348
1337,1357
1350,1373
1351,1354
1352,1365
1374,1371
1351,1361
1327,1360
1330,1365
1333,1365
1332,1362
1356,1346
1335,1369
1346,1357
1358,1354
1367,1375
1340,1369
1337,1359
1353,1352
1387,1346
1355,1347
1334,1365
1334,1359
1351,1376
1346,1373
1357,1368
1360,1342
1358,1344
1341,1386
1382,1366
1365,1355
1348,1386
1345,1384
1344,1361
1362,1381
1340,1366
1343,1378
1334,1373
1365,1374
1348,1383
1346,1386
1325,1370
1354,1383
1360,1391
1342,1387
1358,1390
1351,1377
1380,1393
1398,1400
1341,1408
1387,1402
1385,1376
1381,1416
1360,1413
1367,1390
1373,1394
1396,1415
1385,1403
1398,1419
1387,1403
1392,1394
1414,1423
1395,1444
1389,1428
1397,1436
1393,1419
1428,1429
1387,1430
1422,1439
1424,1446
1436,1462
1437,1441
1434,1436
1399,1438
1438,1439
1433,1439
1443,1442
1443,1463
1439,1452
1425,1457
1454,1455
1467,1471
1468,1476
1451,1484
1456,1494
1444,1453
1454,1478
1463,1474
1446,1501
1473,1488
1479,1484
1472,1511
1458,1503
1475,1493
1478,1490
1509,1495
1501,1505
1470,1507
1461,1503
1494,1524
1494,1512
1493,1496
1491,1517
1499,1515
1497,1512
1505,1494
1489,1506
1525,1510
1515,1527
1511,1524
1517,1535
1518,1523
1503,1535
1524,1546
1541,1522
1534,1525
1551,1542
1541,1534
1523,1547
1553,1534
1511,1535
1541,1519
1545,1527
1541,1535
1505,1533
1551,1542
1539,1544
1551,1555
1547,1541
1530,1557
1565,1528
1540,1543
1550,1533
1542,1525
1542,1531
1560,1535
1547,1537
1578,1527
1577,1533
1550,1545
1549,1528
1554,1529
1539,1549
1563,1556
1555,1537
1569,1540
1545,1553
1546,1543
1558,1547
1528,1548
1558,1537
1576,1540
1569,1544
1531,1536
1555,1531
1538,1537
1561,1540
1547,1537
1554,1536
1562,1519
1559,1548
1519,1542
1559,1521
1555,1516
1541,1531
1529,1515
1580,1522
1542,1526
1529,1524
1549,1529
1546,1516
1539,1516
1526,1539
1527,1519
1528,1508
1537,1503
1517,1517
1533,1503
1547,1517
1528,1515
1508,1494
1527,1484
1518,1495
1524,1478
1499,1488
1490,1500
1501,1508
1490,1493
1491,1483
1501,1492
1495,1488
1509,1466
1495,1480
1475,1485
1499,1485
1493,1489
1492,1467
1488,1459
1454,1473
1471,1457
1487,1461
1448,1458
1457,1430
1464,1445
1447,1469
1496,1457
1472,1433
1470,1449
1430,1428
1425,1426
1454,1417
1474,1432
1428,1435
1457,1409
1442,1416
1419,1418
1469,1422
1451,1427
1444,1402
1412,1405
1450,1444
1402,1405
1421,1399
1416,1405
1444,1389
1429,1392
1449,1388
1424,1406
1429,1402
1419,1404
1378,1407
1396,1417
1414,1391
1393,1403
1392,1394
1409,1383
1358,1392
1371,1381
1377,1368
1399,1385
1397,1385
1362,1370
1373,1389
1364,1394
1358,1356
1376,1357
1368,1377
1395,1370
1382,1378
1370,1367
1357,1353
1339,1352
1377,1356
1342,1352
1365,1377
1344,1346
1354,1350
1355,1346
1352,1373
1359,1363
1343,1367
1350,1352
1356,1367
1362,1354
1338,1363
1365,1355
1341,1359
1336,1337
1372,1335
1351,1359
1327,1355
1346,1355
1351,1358
1344,1342
1353,1354
1352,1351
1358,1373
1352,1349
1353,1338
1363,1340
1317,1367
1361,1348
1357,1353
1324,1380
1353,1349
1344,1371
1354,1363
1357,1363
1325,1378
1334,1390
1338,1358
1365,1367
1347,1391
1352,1377
1349,1399
1351,1382
1330,1354
1373,1374
1360,1387
1359,1370
1351,1404
1364,1392
1337,1399
1374,1388
1340,1411
1376,1420
1399,1396
1359,1403
1379,1402
1372,1402
1384,1409
1370,1412
1374,1407
1385,1414
1399,1420
1403,1428
1393,1407
1418,1443
1380,1446
1425,1420
1420,1428
1423,1425
1420,1430
1416,1436
1408,1446
1414,1424
1419,1439
1435,1443
1412,1449
1407,1448
1419,1443
1451,1437
1436,1459
1436,1449
1445,1459
1435,1484
1431,1455
1442,1462
1466,1460
1452,1462
1454,1452
1481,1495
1438,1471
1440,1483
1473,1485
1456,1473
1488,1485
1500,1487
1455,1491
1508,1494
1479,1478
1478,1517
1490,1496
1500,1514
1491,1487
1511,1500
1477,1508
1493,1514
1496,1510
1503,1522
1511,1506
1505,1532
1518,1528
1516,1531
1508,1530
1517,1496
1533,1521
1542,1521
1516,1532
1507,1527
1537,1526
1515,1543
1526,1525
1522,1535
1531,1538
1529,1551
1519,1531
1548,1540
1552,1543
1506,1516
1538,1539
1539,1535
1529,1507
1539,1531
1571,1533
1546,1566
1579,1541
1529,1551
1545,1532
1537,1547
1555,1549
1538,1549
1535,1536
1535,1552
1551,1550
1529,1540
1570,1540
1554,1533
1567,1538
1552,1558
1541,1528
1561,1529
1558,1519
1553,1565
1542,1563
1558,1551
1535,1548
1588,1530
1534,1536
1546,1544
1536,1531
1543,1538
1527,1548
1559,1549
1549,1514
1538,1540
1570,1530
1537,1529
1526,1519
1523,1516
1540,1510
1531,1519
1534,1508
1548,1525
1523,1514
1526,1507
1559,1508
1521,1527
1551,1503
1538,1526
1524,1517
1524,1507
1546,1490
1521,1515
1530,1499
1521,1511
1523,1487
1514,1508
1502,1491
1502,1468
1513,1494
1528,1475
1528,1491
1496,1491
1510,1479
1517,1487
1517,1490
1477,1442
1473,1467
1502,1488
1475,1466
1499,1480
1476,1466
1469,1463
1467,1433
1487,1471
1475,1450
1482,1456
1488,1453
1451,1440
1491,1468
1457,1429
1459,1444
1437,1437
1453,1444
1465,1426
1447,1423
1467,1428
1455,1410
1445,1398
1454,1419
1446,1438
1440,1400
1437,1394
1392,1403
1433,1407
1420,1422
1427,1400
1405,1402
1427,1408
1411,1389
1419,1393
1419,1385
1399,1408
1393,1407
1402,1419
1392,1409
1395,1372
1392,1378
1367,1386
1380,1371
1411,1373
1406,1373
1378,1372
1380,1386
1391,1382
1395,1365
1398,1385
1384,1367
1384,1358
1372,1359
1360,1372
1368,1361
1362,1374
1343,1364
1338,1377
1367,1356
1363,1362
1353,1356
1352,1363
1359,1361
1360,1360
1381,1345
1368,1375
1343,1362
1353,1335
1342,1337
1350,1353
1381,1338
1355,1372
1330,1343
1340,1350
1353,1340
1349,1375
1340,1354
1327,1362
1362,1348
1356,1372
1356,1376
1339,1376
1370,1351
1331,1338
1336,1364
1326,1350
1360,1374
1344,1375
1344,1358
1348,1373
1343,1351
1335,1362
1360,1361
1345,1357
1324,1377
1353,1363
1359,1386
1364,1394
1370,1366
1330,1378
1366,1383
1385,1381
1367,1370
1359,1378
1351,1377
1390,1365
1364,1401
1344,1380
1379,1377
1367,1388
1361,1395
1364,1360
1368,1394
1359,1398
1380,1404
1388,1400
1371,1423
1372,1411
1397,1414
1398,1426
1373,1410
1377,1406
1395,1414
1390,1394
1393,1426
1415,1426
1397,1422
1383,1440
1413,1440
1415,1414
1400,1438
1407,1418
1431,1420
1381,1459
1445,1450
1417,1453
1429,1451
1433,1452
1423,1444
1449,1436
1440,1457
1430,1470
1459,1460
1442,1462
1460,1454
1447,1461
1453,1464
1462,1464
1450,1492
1444,1474
1454,1480
1451,1475
1447,1475
1482,1490
1456,1482
1440,1484
1498,1473
1492,1490
1481,1501
1476,1502
1473,1502
1483,1516
1478,1458
1497,1500
1489,1516
1496,1497
1516,1512
1503,1491
1490,1510
1499,1520
1490,1513
1510,1487
1523,1526
1522,1529
1520,1524
1548,1523
1496,1528
1506,1521
1494,1527
1570,1528
1549,1519
1519,1500
1488,1515
1520,1514
1533,1514
1524,1535
1538,1527
1544,1558
1534,1546
1542,1544
1533,1554
1508,1545
1551,1522
1545,1559
1539,1537
1535,1544
1545,1540
1557,1528
1517,1524
1555,1531
1548,1541
1531,1540
1538,1530
1538,1543
1558,1527
1568,1547
1550,1518
1566,1556
1526,1525
1533,1519
1553,1554
1526,1542
1558,1533
1543,1535
1569,1542
1535,1560
1515,1528
1544,1517
1570,1536
1535,1541
1517,1530
1544,1526
1545,1528
1552,1532
1528,1551
1550,1536
1539,1515
1531,1509
1567,1541
1544,1513
1544,1521
1540,1525
1531,1503
1559,1519
1527,1518
1507,1515
1555,1507
1521,1507
1519,1516
1534,1506
1498,1504
1498,1493
1531,1519
1528,1484
1534,1510
1513,1482
1533,1501
1516,1484
1472,1497
1494,1502
1506,1475
1518,1473
1507,1488
1498,1460
1506,1495
1491,1460
1502,1473
1487,1472
1485,1467
1463,1450
1479,1454
1478,1449
1495,1463
1467,1462
1456,1438
1485,1438
1465,1450
1443,1454
1486,1449
1461,1423
1447,1456
1455,1411
1440,1429
1427,1423
1478,1434
1440,1431
1429,1422
1428,1401
1451,1440
1437,1424
1419,1436
1444,1391
1432,1388
1423,1401
1444,1417
1416,1399
1410,1408
1404,1408
1399,1370
1402,1407
1398,1410
1405,1392
1433,1395
1393,1382
1421,1362
1404,1390
1384,1401
1394,1376
1384,1393
1372,1363
1386,1381
1392,1389
1373,1388
1390,1386
1376,1363
1368,1354
1385,1363
1362,1367
1372,1358
1369,1364
1342,1361
1363,1375
1376,1353
1363,1362
1360,1356
1369,1361
1389,1369
1324,1364
1375,1362
1369,1373
1367,1371
1366,1346
1352,1371
1341,1357
1358,1362
1341,1360
1370,1359
1349,1364
1340,1358
1319,1358
1377,1347
1341,1356
1351,1361
1340,1372
1342,1356
1346,1353
1340,1390
1352,1377
1335,1346
1360,1356
1357,1374
1357,1357
1335,1360
1354,1372
1340,1360
1325,1382
1351,1376
1338,1366
1364,1354
1328,1375
1339,1394
1327,1360
1360,1365
1361,1381
1355,1387
1361,1378
1369,1383
1364,1355
1356,1382
1369,1395
1409,1382
1381,1383
1385,1386
1378,1404
1364,1400
1365,1374
1368,1396
1391,1412
1367,1416
1375,1401
1375,1394
1394,1384
1404,1388
1400,1416
1416,1405
1375,1434
1393,1397
1385,1409
1401,1415
1387,1409
1390,1435
1398,1423
1413,1431
1420,1434
1396,1420
1420,1435
1413,1440
1408,1413
1400,1440
1429,1457
1428,1459
1433,1431
1411,1442
1432,1438
1441,1450
1428,1441
1445,1463
1460,1445
1454,1458
1458,1474
1462,1477
1438,1477
1471,1466
1472,1482
1444,1448
1465,1448
1490,1487
1449,1465
1471,1489
1468,1471
1473,1507
1483,1491
1482,1473
1467,1472
1488,1492
1492,1496
1453,1510
1468,1504
1480,1521
1492,1510
1485,1495
1507,1494
1497,1498
1525,1502
1501,1513
1513,1527
1501,1520
1491,1506
1506,1543
1478,1501
1527,1528
1518,1524
1517,1530
1540,1540
1517,1522
1514,1537
1524,1535
1516,1513
1538,1539
1532,1536
1509,1552
1522,1532
1523,1535
1556,1549
1540,1507
1528,1532
1547,1529
1540,1547
1525,1528
1550,1542
1539,1542
1559,1554
1516,1535
1523,1527
1556,1526
1547,1537
1557,1520
1539,1527
1544,1535
1537,1551
1569,1564
1549,1529
1543,1557
1561,1538
1548,1517
1564,1542
1552,1527
1562,1543
1543,1530
1551,1519
1548,1543
1548,1549
1538,1523
1529,1540
1542,1547
1543,1524
1535,1531
1529,1525
1553,1525
1564,1507
1562,1542
1556,1509
1562,1543
1551,1514
1516,1531
1539,1510
1542,1512
1562,1516
1556,1514
1523,1524
1514,1532
1521,1534
1507,1519
1533,1499
1534,1504
1520,1519
1513,1521
1525,1491
1529,1501
1500,1485
1512,1471
1517,1486
1499,1497
1526,1497
1529,1480
1501,1494
1514,1483
1502,1480
1492,1491
1506,1471
1491,1469
1497,1470
1483,1479
1483,1480
1510,1488
1491,1462
1480,1450
1476,1454
1471,1431
1475,1453
1473,1463
1490,1453
1465,1445
1462,1439
1471,1462
1464,1444
1448,1449
1457,1442
1450,1434
1457,1434
1432,1438
1429,1440
1455,1395
1434,1413
1443,1419
1432,1421
1427,1419
1424,1411
1429,1395
1427,1412
1438,1405
1432,1397
1415,1402
1421,1403
1419,1386
1392,1404
1395,1405
1421,1400
1397,1385
1385,1410
1396,1375
1409,1409
1380,1371
1351,1386
1370,1366
1383,1373
1390,1394
1385,1376
1417,1346
1387,1389
1383,1382
1382,1387
1361,1386
1402,1372
1379,1344
1356,1355
1374,1381
1395,1360
1380,1369
1355,1376
1371,1364
1360,1373
1370,1357
1348,1377
1353,1357
1361,1380
1375,1366
1365,1371
1363,1358
1378,1374
1345,1335
1355,1363
1360,1381
1333,1371
1360,1359
1370,1357
1312,1356
1349,1353
1364,1359
1361,1382
1366,1364
1347,1365
1346,1371
1333,1368
1344,1373
1352,1378
1363,1360
1336,1350
1354,1363
1355,1346
1344,1355
1351,1369
1355,1385
1320,1364
1319,1368
1365,1379
1361,1359
1366,1364
1348,1387
1364,1369
1348,1361
1380,1385
1353,1361
1361,1387
1362,1371
1349,1387
1351,1388
1354,1390
1374,1403
1349,1372
1367,1398
1394,1404
1367,1413
1384,1397
1352,1414
1387,1392
1366,1408
1367,1402
1370,1389
1416,1418
1388,1391
1360,1421
1397,1422
1370,1422
1372,1431
1389,1436
1391,1445
1399,1436
1411,1424
1386,1403
1400,1431
1428,1440
1411,1426
1420,1445
1428,1438
1428,1436
1425,1411
1432,1452
1422,1447
1455,1430
1446,1480
1424,1448
1461,1470
1446,1465
1453,1460
1436,1471
1413,1455
1460,1460
1464,1465
1413,1477
1441,1494
1461,1504
1467,1486
1477,1488
1468,1481
1472,1485
1456,1493
1476,1508
1491,1491
1506,1489
1484,1504
1490,1484
1487,1495
1487,1514
1481,1486
1508,1488
1483,1515
1513,1520
1494,1499
1500,1505
1514,1511
1499,1516
1503,1516
1511,1516
1510,1522
1513,1515
1537,1534
1517,1524
1500,1526
1523,1543
1510,1531
1533,1537
1529,1530
1538,1553
1540,1521
1540,1523
1522,1543
1526,1531
1533,1540
1541,1528
1538,1514
1526,1517
1537,1552
1546,1510
1535,1523
1551,1531
1541,1523
1540,1548
1542,1543
1552,1547
1547,1532
1543,1530
1534,1541
1541,1515
1524,1548
1541,1551
1538,1552
1540,1529
1545,1529
1540,1541
1558,1535
1561,1536
1550,1545
1549,1532
1588,1526
1515,1545
1573,1526
1554,1522
1575,1522
1564,1527
1535,1517
1556,1542
1551,1521
1550,1523
1518,1547
1540,1521
1543,1534
1526,1533
1539,1497
1543,1502
1542,1526
1527,1515
1529,1523
1530,1518
1519,1510
1520,1519
1545,1497
1502,1525
1530,1479
1536,1506
1493,1515
1498,1498
1514,1491
1531,1512
1508,1510
1520,1496
1534,1477
1525,1484
1503,1467
1504,1474
1488,1476
1496,1502
1499,1470
1482,1479
1468,1477
1523,1469
1478,1458
1491,1469
1468,1469
1486,1460
1494,1482
1470,1433
1491,1465
1477,1431
1467,1451
1499,1448
1477,1442
1481,1454
1451,1434
1461,1437
1456,1446
1448,1435
1454,1452
1465,1413
1448,1447
1433,1428
1450,1437
1457,1424
1419,1439
1424,1407
1445,1432
1447,1410
1437,1430
1443,1415
1423,1424
1446,1423
1430,1421
1400,1398
1421,1422
1404,1418
1406,1408
1438,1400
1422,1382
1390,1397
1412,1400
1399,1398
1398,1387
1375,1390
1401,1386
1391,1374
1369,1376
1379,1376
1395,1358
1410,1373
1378,1372
1387,1376
1388,1373
1371,1370
1382,1393
1382,1385
1371,1374
1377,1383
1378,1365
1383,1371
1371,1374
1395,1356
1388,1377
1349,1354
1362,1376
1383,1370
1357,1355
1349,1373
1346,1369
1364,1363
1367,1349
1372,1363
1358,1358
1362,1347
1342,1358
1333,1355
1327,1364
1349,1359
1352,1360
1363,1378
1359,1368
1353,1361
1360,1397
1354,1372
1370,1336
1347,1372
1329,1363
1374,1365
1361,1363
1350,1380
1346,1377
1365,1343
1357,1367
1362,1388
1337,1364
1355,1381
1339,1357
1363,1361
1363,1374
1356,1374
1370,1388
1345,1379
1376,1385
1383,1403
1358,1362
1351,1383
1374,1363
1357,1391
1365,1378
1329,1393
1370,1373
1371,1397
1385,1401
1376,1380
1384,1411
1370,1399
1380,1407
1400,1380
1374,1417
1381,1399
1384,1404
1383,1384
1384,1415
1371,1432
1378,1408
1405,1422
1394,1418
1380,1436
1404,1424
1402,1432
1407,1436
1418,1416
1425,1431
1418,1432
1419,1450
1398,1432
1415,1427
1428,1438
1407,1453
1412,1453
1429,1460
1442,1445
1446,1462
1448,1481
1442,1448
1463,1457
1435,1481
1442,1468
1469,1424
1442,1452
1475,1473
1450,1482
1488,1474
1477,1475
1475,1483
1456,1487
1458,1504
1465,1472
1480,1493
1428,1502
1479,1512
1491,1504
1473,1509
1486,1503
1490,1493
1464,1510
1488,1493
1498,1513
1503,1509
1490,1502
1521,1511
1490,1531
1510,1520
1513,1525
1500,1530
1519,1520
1519,1507
1513,1536
1525,1513
1503,1525
1520,1523
1548,1506
1529,1537
1534,1529
1524,1541
1511,1520
1514,1531
1499,1518
1543,1550
1523,1537
1532,1541
1538,1518
1564,1539
1529,1545
1532,1542
1516,1518
1540,1523
1554,1550
1569,1545
1535,1566
1521,1535
1553,1529
1517,1556
1536,1547
1531,1539
1546,1531
1545,1532
1541,1557
1545,1527
1563,1532
1525,1535
1550,1550
1550,1530
1555,1552
1547,1524
1520,1545
1519,1530
1572,1551
1541,1526
1563,1521
1530,1536
1558,1532
1536,1550
1539,1527
1529,1510
1518,1529
1539,1514
1521,1523
1537,1502
1538,1514
1542,1523
1518,1514
1525,1508
1540,1498
1537,1504
1538,1522
1518,1515
1525,1521
1543,1518
1499,1500
1544,1489
1525,1495
1531,1489
1516,1498
1505,1477
1526,1513
1508,1487
1500,1465
1499,1491
1497,1484
1500,1496
1551,1484
1504,1457
1494,1473
1502,1470
1509,1477
1476,1487
1497,1469
1494,1499
1502,1458
1480,1458
1499,1470
1466,1473
1468,1443
1471,1467
1475,1456
1481,1459
1458,1452
1473,1424
1462,1449
1455,1434
1473,1443
1452,1410
1470,1448
1419,1436
1473,1441
1431,1425
1452,1422
1440,1414
1440,1421
1433,1430
1453,1420
1420,1398
1426,1431
1423,1425
1439,1415
1403,1419
1451,1383
1402,1418
1430,1404
1401,1379
1412,1410
1426,1398
1397,1398
1406,1413
1387,1398
1409,1391
1390,1403
1409,1382
1402,1367
1394,1382
1408,1377
1377,1391
1395,1383
1382,1375
1411,1379
1386,1375
1388,1355
1372,1355
1368,1369
1403,1377
1390,1374
1383,1350
1366,1367
1361,1379
1367,1356
1377,1352
1370,1390
1340,1344
1346,1379
1359,1360
1367,1349
1365,1379
1384,1356
1362,1379
1352,1378
1355,1346
1359,1380
1365,1357
1368,1361
1354,1351
1370,1370
1361,1347
1337,1394
1373,1395
1363,1358
1364,1363
1367,1367
1338,1355
1350,1374
1384,1363
1352,1371
1358,1355
1349,1379
1344,1374
1367,1368
1358,1351
1349,1377
1369,1353
1368,1359
1365,1390
1360,1376
1354,1373
1332,1377
1370,1380
1356,1375
1360,1370
1345,1384
1356,1373
1343,1361
1361,1382
1344,1386
1361,1388
1359,1405
1383,1388
1369,1403
1354,1393
1389,1409
1350,1385
1362,1426
1391,1377
1417,1407
1391,1370
1395,1398
1381,1430
1399,1414
1383,1421
1419,1414
1409,1403
1389,1423
1388,1408
1420,1428
1412,1403
1400,1426
1387,1416
1382,1432
1414,1431
1395,1434
1423,1436
1407,1418
1436,1456
1428,1434
1421,1445
1424,1458
1427,1443
1437,1452
1440,1485
1430,1455
1417,1466
1426,1464
1468,1454
1433,1441
1427,1476
1440,1470
1450,1478
1465,1463
1464,1468
1458,1466
1443,1494
1429,1487
1469,1484
1452,1496
1465,1480
1487,1490
1499,1491
1461,1501
1479,1495
1485,1506
1487,1500
1505,1494
1485,1528
1489,1514
1504,1510
1471,1504
1493,1486
1488,1496
1505,1494
1505,1515
1485,1527
1501,1514
1529,1509
1501,1504
1523,1511
1508,1526
1504,1524
1502,1534
1501,1519
1500,1516
1539,1513
1515,1535
1527,1528
1524,1522
1532,1521
1512,1531
1522,1529
1541,1534
1538,1537
1548,1528
1553,1519
1547,1515
1529,1531
1543,1529
1554,1535
1552,1524
1516,1523
1538,1543
1529,1523
1539,1530
1564,1525
1534,1545
1538,1537
1556,1542
1565,1543
1542,1526
1555,1559
1534,1549
1536,1542
1561,1544
1554,1501
1535,1532
1530,1505
1533,1520
1546,1534
1539,1516
1563,1530
1521,1513
1556,1536
1580,1522
1552,1558
1548,1539
1553,1520
1546,1529
1533,1514
1538,1510
1533,1539
1543,1498
1541,1533
1521,1518
1535,1516
1514,1513
1560,1527
1531,1494
1511,1499
1531,1497
1532,1497
1527,1505
1523,1477
1519,1502
1520,1497
1513,1501
1535,1486
1512,1485
1529,1504
1526,1488
1514,1496
1508,1477
1480,1461
1491,1500
1505,1480
1489,1484
1480,1458
1502,1487
1500,1479
1501,1468
1475,1458
1502,1463
1471,1469
1486,1428
1481,1472
1475,1458
1462,1463
1452,1484
1478,1439
1486,1440
1459,1441
1472,1433
1468,1439
1462,1468
1463,1448
1443,1431
1430,1450
1452,1433
1454,1442
1450,1409
1457,1408
1456,1400
1412,1424
1447,1413
1450,1439
1435,1427
1433,1435
1432,1409
1418,1412
1413,1397
1425,1443
1424,1411
1428,1407
1432,1401
1387,1402
1440,1397
1399,1413
1400,1391
1412,1406
1405,1403
1408,1388
1377,1388
1408,1382
1392,1403
1379,1390
1391,1382
1387,1381
1404,1371
1391,1379
1402,1368
1388,1373
1390,1385
1367,1392
1378,1354
1365,1368
1362,1394
1383,1385
1368,1375
1351,1371
1342,1396
1382,1381
1352,1347
1369,1390
1338,1366
1354,1373
1366,1372
1363,1398
1357,1356
1355,1380
1341,1364
1367,1357
1345,1357
1388,1369
1357,1347
1333,1358
1350,1363
1342,1370
1353,1369
1360,1360
1355,1364
1362,1376
1357,1369
1342,1386
1352,1357
1375,1367
1343,1368
1393,1376
1354,1377
1365,1358
1360,1361
1373,1376
1353,1367
1367,1383
1378,1389
1381,1379
1348,1380
1355,1375
1353,1377
1340,1374
1372,1380
1354,1378
1348,1403
1365,1381
1371,1406
1363,1402
1392,1394
1385,1380
1384,1391
1388,1419
1368,1397
1385,1411
1364,1392
1381,1393
1374,1367
1399,1435
1356,1419
1378,1392
1395,1411
1390,1414
1412,1408
1427,1409
1411,1402
1400,1432
1415,1434
1422,1438
1398,1441
1408,1417
1414,1446
1405,1431
1426,1424
1412,1431
1384,1416
1415,1426
1413,1426
1458,1437
1435,1458
1440,1461
1425,1453
1439,1452
1433,1460
1424,1442
1463,1454
1453,1460
1447,1472
1465,1465
1441,1451
1438,1492
1440,1491
1471,1469
1474,1480
1456,1490
1450,1499
1473,1490
1470,1498
1515,1476
1462,1494
1499,1510
1460,1490
1479,1489
1478,1480
1482,1490
1493,1495
1473,1508
1488,1508
1498,1511
1507,1500
1477,1505
1499,1505
1538,1496
1525,1525
1522,1489
1479,1502
1522,1555
1515,1518
1512,1516
1488,1515
1507,1523
1546,1539
1544,1539
1495,1517
1519,1536
1522,1540
1507,1534
1543,1528
1535,1528
1554,1526
1527,1528
1553,1528
1528,1531
1528,1525
1520,1528
1548,1534
1527,1502
1535,1543
1535,1522
1540,1540
1527,1530
1536,1531
1530,1536
1540,1542
1556,1537
1531,1541
1531,1537
1560,1504
1543,1527
1552,1538
1560,1534
1558,1548
1558,1531
1524,1542
1536,1522
1523,1523
1534,1545
1550,1508
1557,1540
1520,1508
1544,1530
1525,1528
1528,1511
1515,1547
1522,1520
1522,1496
1533,1520
1510,1498
1531,1523
1525,1534
1544,1531
1546,1531
1535,1511
1519,1521
1548,1523
1532,1501
1535,1509
1523,1497
1548,1519
1538,1508
1527,1474
1520,1477
1509,1496
1534,1505
1518,1500
1548,1520
1493,1485
1480,1494
1496,1499
1502,1476
1502,1469
1517,1492
1511,1482
1515,1489
1502,1477
1482,1475
1497,1459
1481,1448
1477,1474
1480,1474
1490,1473
1467,1464
1497,1460
1478,1450
1475,1440
1485,1457
1451,1447
1480,1452
1451,1432
1466,1446
1471,1446
1488,1446
1453,1450
1469,1444
1462,1431
1447,1449
1443,1420
1460,1442
1443,1407
1426,1427
1459,1428
1429,1421
1417,1431
1444,1433
1437,1415
1423,1429
1458,1400
1420,1414
1428,1406
1430,1401
1427,1406
1414,1399
1401,1386
1424,1409
1438,1389
1413,1386
1405,1377
1379,1387
1421,1384
1406,1403
1393,1395
1413,1393
1387,1378
1391,1389
1392,1370
1388,1363
1405,1396
1398,1394
1373,1371
1365,1380
1377,1395
1385,1358
1379,1384
1371,1382
1385,1365
1388,1359
1371,1365
1389,1372
1382,1365
1359,1365
1382,1355
1341,1356
1349,1375
1352,1373
1363,1374
1355,1391
1344,1359
1373,1347
1366,1380
1359,1370
1355,1362
1338,1356
1363,1373
1374,1372
1357,1355
1391,1364
1365,1384
1351,1364
1355,1366
1348,1369
1371,1381
1350,1357
1370,1372
1351,1367
1382,1374
1355,1377
1368,1356
1375,1369
1334,1389
1344,1380
1365,1388
1372,1382
1346,1382
1365,1369
1369,1381
1347,1390
1372,1366
1346,1390
1400,1367
1393,1390
1369,1392
1376,1377
1372,1401
1360,1386
1377,1394
1364,1392
1378,1384
1377,1409
1367,1407
1376,1391
1372,1393
1398,1404
1379,1399
1379,1406
1396,1403
1385,1410
1425,1403
1375,1415
1412,1419
1409,1412
1420,1411
1387,1418
1416,1445
1403,1411
1377,1417
1427,1430
1404,1411
1413,1455
1420,1451
1424,1442
1406,1439
1442,1419
1416,1438
1398,1440
1414,1461
1441,1443
1443,1440
1467,1471
1426,1458
1441,1442
1457,1470
1449,1461
1457,1466
1433,1493
1429,1452
1454,1485
1469,1487
1436,1449
1445,1483
1487,1478
1453,1467
1465,1488
1457,1484
1480,1479
1474,1495
1476,1481
1484,1495
1462,1488
1489,1504
1469,1490
1501,1504
1451,1508
1508,1498
1487,1497
1504,1523
1497,1516
1505,1495
1523,1504
1484,1508
1505,1504
1497,1525
1493,1502
1517,1512
1529,1511
1500,1523
1506,1500
1505,1529
1505,1518
1514,1528
1516,1519
1512,1523
1513,1541
1530,1514
1533,1538
1528,1527
1526,1515
1532,1527
1549,1540
1500,1511
1526,1524
1545,1531
1529,1543
1554,1523
1549,1537
1544,1525
1557,1549
1540,1531
1561,1544
1554,1562
1545,1534
1554,1548
1512,1540
1532,1540
1548,1526
1521,1533
1525,1520
1567,1534
1561,1519
1545,1518
1534,1521
1554,1530
1546,1523
1548,1529
1515,1516
1549,1522
1530,1535
1559,1531
1544,1534
1546,1538
1556,1527
1532,1536
1531,1528
1558,1537
1541,1515
1541,1512
1511,1522
1519,1521
1528,1517
1546,1516
1518,1496
1532,1499
1498,1510
1551,1514
1524,1481
1525,1510
1537,1509
1503,1516
1522,1502
1515,1508
1535,1512
1522,1476
1488,1511
1542,1502
1491,1469
1531,1514
1510,1482
1504,1480
1512,1491
1510,1459
1496,1474
1493,1471
1469,1474
1476,1493
1489,1471
1473,1457
1486,1449
1471,1447
1469,1468
1499,1437
1482,1474
1489,1443
1468,1463
1461,1451
1473,1448
1469,1431
1466,1438
1468,1461
1435,1433
1449,1444
1424,1464
1446,1422
1444,1435
1423,1438
1430,1406
1476,1439
1442,1429
1443,1405
1441,1423
1445,1425
1432,1417
1426,1419
1444,1403
1415,1416
1404,1401
1423,1408
1429,1398
1421,1414
1446,1427
1439,1403
1422,1410
1395,1400
1414,1400
1375,1394
1397,1403
1398,1403
1390,1406
1389,1386
1372,1371
1384,1406
1392,1377
1384,1395
1369,1387
1404,1384
1388,1400
1392,1391
1397,1361
1370,1369
1373,1358
1381,1381
1348,1400
1358,1376
1396,1354
1376,1388
1392,1380
1357,1384
1375,1360
1370,1366
1352,1366
1333,1362
1351,1369
1368,1347
1361,1354
1373,1382
1361,1374
1354,1357
1358,1373
1370,1374
1383,1372
1382,1386
1366,1349
1335,1369
1334,1371
1356,1370
1370,1386
1351,1369
1373,1370
1351,1368
1367,1345
1382,1381
1337,1394
1357,1380
1351,1379
1384,1376
1383,1360
1374,1368
1366,1372
1365,1378
1354,1373
1386,1381
1372,1385
1350,1384
1380,1379
1350,1376
1350,1384
1360,1399
1345,1379
1360,1376
1355,1398
1371,1387
1350,1388
1410,1414
1367,1388
1353,1420
1386,1386
1345,1372
1366,1414
1388,1378
1378,1417
1395,1425
1401,1408
1414,1414
1396,1405
1391,1414
1357,1412
1387,1399
1390,1425
1432,1433
1385,1426
1413,1429
1424,1420
1414,1424
1408,1450
1390,1440
1400,1436
1415,1430
1413,1448
1416,1429
1427,1448
1429,1438
1461,1439
1411,1441
1417,1472
1427,1468
1428,1466
1423,1453
1408,1476
1437,1452
1450,1450
1447,1479
1457,1449
1438,1458
1465,1480
1458,1481
1455,1473
1460,1486
1468,1475
1461,1489
1464,1501
1478,1463
1461,1466
1455,1507
1480,1480
1482,1477
1478,1467
1470,1491
1483,1483
1474,1486
1503,1503
1499,1498
1486,1496
1471,1505
1505,1501
1494,1506
1503,1522
1517,1482
1493,1506
1496,1516
1511,1493
1507,1514
1530,1526
1524,1516
1532,1526
1497,1518
1493,1524
1520,1526
1510,1509
1514,1534
1531,1541
1493,1515
1527,1538
1519,1523
1524,1534
1530,1537
1516,1518
1529,1527
1542,1518
1539,1542
1545,1530
1533,1536
1528,1528
1543,1505
1526,1547
1532,1534
1527,1542
1544,1532
1510,1539
1553,1534
1542,1522
1522,1514
1557,1531
1548,1523
1528,1522
1543,1525
1551,1535
1546,1531
1562,1528
1561,1527
1565,1531
1524,1541
1533,1524
1558,1529
1541,1540
1534,1517
1522,1501
1529,1527
1528,1534
1532,1512
1526,1511
1515,1495
1535,1517
1551,1539
1547,1505
1532,1512
1555,1506
1542,1508
1527,1505
1526,1504
1515,1498
1514,1509
1497,1510
1526,1489
1543,1521
1513,1483
1517,1501
1508,1500
1542,1499
1480,1486
1534,1479
1479,1471
1517,1501
1519,1503
1505,1489
1524,1481
1532,1485
1487,1474
1497,1482
1482,1459
1488,1474
1497,1461
1514,1461
1490,1477
1491,1470
1485,1465
1481,1464
1467,1462
1450,1458
1449,1453
1458,1464
1485,1451
1458,1462
1471,1436
1464,1442
1485,1429
1470,1428
1463,1437
1472,1436
1448,1435
1425,1435
1466,1419
1441,1451
1429,1433
1438,1437
1444,1426
1444,1427
1441,1417
1448,1441
1449,1437
1434,1404
1412,1429
1427,1428
1421,1398
1420,1412
1406,1414
1410,1405
1403,1426
1423,1403
1412,1399
1415,1377
1408,1395
1394,1392
1380,1392
1405,1375
1397,1405
1425,1376
1390,1406
1392,1392
1386,1382
1393,1392
1401,1388
1384,1387
1358,1377
1398,1384
1374,1384
1404,1394
1364,1377
1373,1386
1378,1382
1380,1355
1368,1375
1367,1365
1388,1376
1359,1364
1361,1384
1388,1361
1380,1374
1344,1374
1375,1367
1347,1365
1371,1379
1364,1372
1377,1377
1351,1368
1373,1356
1384,1367
1366,1388
1367,1360
1358,1347
1383,1379
1351,1365
1374,1361
1370,1386
1366,1387
1346,1362
1347,1373
1366,1379
1351,1355
1375,1377
1359,1391
1348,1365
1383,1373
1376,1365
1382,1384
1353,1391
1365,1377
1365,1390
1359,1390
1356,1370
1382,1386
1359,1413
1363,1410
1350,1392
1364,1392
1374,1398
1393,1406
1365,1397
1374,1394
1378,1393
1366,1371
1367,1419
1348,1399
1375,1418
1410,1397
1395,1403
1378,1403
1363,1404
1376,1409
1386,1410
1393,1421
1413,1425
1417,1395
1383,1439
1402,1445
1424,1430
1400,1396
1411,1400
1436,1411
1420,1427
1411,1438
1380,1440
1411,1429
1413,1417
1408,1432
1431,1444
1435,1441
1464,1463
1428,1461
1434,1446
1437,1470
1416,1458
1445,1442
1431,1468
1434,1446
1468,1471
1421,1490
1447,1457
1475,1472
1455,1461
1461,1465
1446,1477
1424,1490
1449,1480
1488,1480
1450,1493
1456,1462
1474,1489
1460,1496
1503,1486
1475,1470
1469,1497
1485,1505
1479,1501
1473,1472
1476,1486
1502,1501
1475,1507
1507,1506
1504,1512
1500,1476
1508,1520
1481,1497
1511,1533
1503,1487
1521,1495
1486,1513
1507,1501
1508,1495
1534,1533
1504,1505
1504,1499
1523,1511
1506,1515
1508,1507
1515,1527
1528,1516
1504,1528
1514,1520
1530,1512
1522,1519
1539,1517
1524,1516
1542,1537
1536,1529
1502,1533
1541,1536
1539,1530
1558,1510
1534,1521
1483,1514
1535,1545
1563,1527
1517,1530
1535,1515
1524,1523
1554,1537
1554,1520
1523,1524
1548,1537
1545,1528
1561,1534
1533,1530
1542,1517
1576,1520
1529,1507
1531,1519
1536,1536
1539,1507
1559,1515
1517,1511
1525,1507
1544,1514
1544,1511
1525,1529
1541,1503
1538,1540
1545,1507
1522,1515
1522,1521
1527,1518
1512,1532
1514,1490
1525,1508
1531,1514
1556,1529
1545,1509
1533,1516
1518,1502
1509,1494
1513,1500
1498,1491
1503,1492
1518,1482
1507,1501
1490,1484
1495,1501
1517,1473
1507,1471
1513,1476
1488,1463
1523,1478
1490,1487
1494,1469
1493,1478
1486,1459
1506,1476
1486,1502
1488,1448
1487,1470
1490,1462
1502,1466
1462,1468
1506,1465
1456,1446
1469,1463
1460,1449
1490,1464
1463,1455
1450,1440
1427,1441
1448,1443
1444,1417
1439,1430
1444,1416
1430,1435
1450,1433
1442,1438
1421,1409
1447,1425
1436,1423
1451,1425
1435,1420
1420,1413
1426,1434
1419,1421
1405,1410
1412,1400
1421,1403
1405,1407
1414,1389
1398,1414
1408,1379
1433,1391
1425,1403
1404,1404
1401,1402
1415,1382
1407,1410
1392,1399
1406,1402
1346,1376
1396,1410
1382,1396
1408,1377
1363,1395
1366,1393
1390,1395
1393,1389
1376,1384
1372,1389
1379,1374
1374,1386
1360,1372
1372,1384
1369,1389
1377,1390
1369,1379
1380,1362
1379,1354
1361,1366
1363,1377
1366,1367
1353,1387
1362,1384
1372,1379
1378,1385
1359,1371
1382,1384
1352,1375
1348,1367
1375,1370
1368,1375
1362,1365
1357,1356
1370,1376
1356,1383
1373,1376
1331,1389
1348,1381
1353,1377
1371,1370
1360,1390
1357,1380
1350,1390
1351,1365
1369,1384
1370,1362
1356,1377
1387,1380
1380,1379
1372,1391
1347,1383
1371,1400
1367,1390
1345,1377
1356,1392
1368,1411
1358,1401
1359,1394
1376,1391
1374,1386
1357,1390
1374,1380
1393,1423
1359,1388
1368,1407
1390,1414
1391,1388
1396,1401
1377,1387
1390,1393
1388,1406
1412,1385
1407,1388
1408,1421
1403,1413
1392,1396
1403,1419
1425,1410
1408,1431
1407,1418
1424,1423
1400,1417
1412,1413
1412,1433
1417,1439
1391,1434
1438,1414
1423,1424
1438,1413
1424,1438
1434,1421
1429,1451
1394,1454
1430,1458
1431,1441
1471,1463
1446,1440
1438,1441
1430,1482
1468,1436
1438,1452
1437,1458
1451,1498
1453,1459
1450,1465
1472,1457
1436,1472
1454,1467
1469,1493
1471,1490
1480,1485
1471,1494
1487,1486
1474,1495
1490,1511
1490,1468
1497,1490
1472,1490
1474,1493
1489,1500
1493,1499
1480,1496
1499,1492
1496,1515
1513,1510
1509,1503
1505,1484
1493,1499
1503,1505
1502,1495
1507,1520
1507,1512
1518,1531
1511,1506
1532,1542
1521,1534
1515,1519
1534,1513
1519,1511
1532,1519
1528,1522
1502,1522
1521,1532
1512,1525
1527,1527
1519,1528
1555,1515
1521,1525
1542,1531
1555,1524
1527,1515
1520,1531
1529,1516
1562,1529
1532,1548
1531,1533
1554,1533
1540,1532
1559,1537
1518,1534
1538,1511
1528,1523
1541,1550
1553,1530
1537,1541
1530,1524
1535,1519
1547,1531
1522,1519
1512,1537
1536,1516
1540,1523
1539,1525
1540,1513
1515,1502
1521,1521
1533,1517
1547,1530
1540,1514
1565,1503
1538,1508
1523,1522
1521,1512
1523,1519
1517,1514
1539,1506
1525,1534
1539,1501
1502,1505
1511,1509
1496,1504
1507,1493
1527,1488
1531,1517
1493,1493
1514,1487
1515,1495
1510,1503
1515,1464
1513,1494
1506,1490
1497,1502
1489,1490
1521,1492
1475,1489
1522,1480
1505,1488
1495,1465
1498,1453
1494,1449
1494,1468
1461,1461
1493,1456
1482,1476
1481,1484
1469,1478
1472,1449
1469,1460
1480,1447
1468,1466
1485,1446
1466,1435
1444,1428
1462,1450
1464,1421
1456,1427
1438,1446
1422,1448
1459,1444
1441,1431
1458,1434
1473,1430
1456,1441
1467,1429
1443,1421
1435,1426
1416,1409
1427,1414
1430,1426
1445,1414
1410,1425
1425,1422
1445,1421
1426,1413
1425,1405
1398,1402
1413,1399
1405,1394
1411,1393
1412,1373
1402,1414
1406,1386
1403,1382
1380,1391
1390,1407
1386,1387
1385,1412
1380,1364
1382,1394
1367,1369
1392,1394
1372,1383
1396,1391
1396,1374
1416,1387
1361,1376
1394,1354
1380,1379
1381,1379
1400,1375
1377,1382
1382,1372
1368,1357
1364,1370
1354,1394
1375,1367
1367,1368
1381,1366
1381,1373
1376,1372
1354,1365
1356,1375
1345,1374
1378,1377
1363,1348
1386,1388
1360,1370
1369,1360
1357,1362
1398,1365
1356,1341
1353,1364
1363,1376
1349,1351
1362,1369
1349,1370
1385,1378
1363,1380
1368,1367
1362,1393
1375,1374
1363,1365
1363,1381
1367,1372
1384,1381
1392,1382
1366,1372
1360,1382
1372,1393
1371,1392
1374,1404
1380,1406
1361,1407
1383,1383
1374,1396
1402,1405
1397,1381
1377,1401
1379,1389
1373,1406
1391,1410
1396,1386
1371,1401
1376,1419
1366,1406
1387,1418
1388,1414
1374,1411
1420,1427
1364,1396
1418,1410
1394,1417
1421,1416
1394,1421
1389,1423
1432,1435
1393,1418
1397,1432
1448,1434
1394,1433
1403,1440
1428,1442
1416,1422
1430,1428
1421,1464
1419,1455
1432,1445
1425,1453
1431,1443
1452,1468
1440,1455
1429,1474
1443,1466
1426,1453
1449,1450
1446,1439
1444,1444
1435,1466
1450,1455
1445,1464
1451,1452
1452,1477
1464,1488
1480,1476
1485,1501
1460,1482
1462,1495
1459,1496
1460,1472
1477,1482
1483,1496
1478,1485
1483,1499
1488,1506
1491,1471
1477,1507
1489,1496
1484,1510
1495,1513
1494,1505
1510,1516
1488,1503
1485,1492
1523,1503
1479,1512
1499,1513
1495,1522
1496,1537
1510,1509
1510,1535
1520,1509
1493,1520
1526,1524
1519,1529
1499,1524
1510,1508
1520,1541
1522,1513
1529,1526
1537,1503
1519,1513
1543,1536
1535,1524
1540,1524
1514,1521
1548,1548
1545,1527
1520,1544
1529,1511
1515,1506
1540,1537
1507,1540
1532,1537
1518,1535
1531,1524
1545,1544
1545,1534
1508,1518
1546,1532
1511,1523
1546,1504
1539,1535
1549,1541
1547,1531
1499,1507
1539,1522
1559,1512
1541,1530
1545,1508
1537,1534
1527,1524
1538,1514
1523,1515
1529,1494
1540,1533
1530,1499
1515,1512
1535,1516
1508,1520
1513,1499
1513,1523
1527,1497
1536,1518
1530,1503
1522,1486
1524,1505
1537,1486
1513,1510
1538,1511
1512,1478
1511,1499
1519,1485
1515,1485
1514,1505
1500,1480
1514,1476
1501,1480
1504,1468
1518,1467
1488,1473
1478,1471
1482,1482
1491,1475
1514,1476
1487,1475
1468,1483
1512,1475
1489,1451
1457,1471
1489,1473
1478,1467
1463,1452
1487,1447
1459,1449
1480,1444
1482,1460
1466,1444
1470,1451
1455,1452
1443,1460
1427,1429
1464,1443
1444,1445
1466,1436
1468,1442
1464,1422
1468,1436
1440,1426
1428,1429
1467,1440
1425,1425
1427,1419
1414,1429
1407,1424
1450,1422
1421,1413
1454,1421
1413,1392
1416,1415
1404,1408
1416,1410
1413,1406
1424,1401
1439,1407
1405,1419
1412,1415
1410,1391
1411,1404
1406,1387
1398,1376
1391,1395
1393,1391
1396,1410
1393,1383
1415,1401
1401,1397
1396,1385
1371,1383
1414,1375
1385,1381
1373,1357
1392,1389
1378,1378
1394,1385
1360,1381
1392,1368
1368,1390
1372,1373
1376,1383
1353,1362
1362,1375
1361,1367
1366,1383
1367,1346
1360,1389
1373,1394
1353,1373
1355,1376
1360,1393
1361,1376
1370,1363
1335,1383
1368,1378
1358,1357
1364,1363
1363,1364
1376,1390
1341,1369
1345,1373
1369,1386
1347,1377
1365,1371
1334,1366
1336,1389
1353,1387
1328,1364
1358,1361
1354,1378
1375,1391
1357,1382
1370,1392
1367,1372
1399,1368
1378,1383
1362,1394
1369,1385
1380,1406
1371,1392
1363,1388
1346,1390
1377,1389
1368,1392
1395,1390
1377,1409
1406,1381
1369,1398
1401,1384
1396,1399
1386,1416
1386,1407
1390,1415
1380,1410
1400,1400
1406,1400
1408,1433
1398,1381
1412,1429
1406,1419
1419,1389
1405,1413
1402,1434
1393,1416
1411,1418
1402,1434
1433,1444
1412,1429
1399,1437
1427,1441
1413,1423
1422,1452
1423,1461
1449,1446
1449,1426
1432,1455
1428,1461
1434,1463
1441,1459
1431,1445
1433,1485
1443,1465
1447,1446
1448,1477
1470,1457
1468,1467
1450,1459
1456,1456
1450,1464
1473,1474
1488,1465
1469,1486
1456,1474
1473,1509
1461,1489
1506,1498
1456,1493
1478,1511
1458,1484
1466,1500
1459,1508
1508,1496
1500,1471
1468,1516
1483,1504
1478,1525
1509,1488
1474,1515
1511,1485
1494,1491
1511,1506
1500,1498
1517,1508
1511,1532
1508,1507
1508,1532
1518,1518
1496,1519
1507,1520
1519,1527
1524,1526
1528,1516
1503,1516
1521,1534
1513,1531
1544,1514
1504,1523
1522,1523
1518,1511
1526,1521
1525,1520
1524,1506
1517,1527
1532,1510
1533,1551
1560,1503
1521,1537
1552,1540
1536,1513
1552,1513
1534,1514
1534,1518
1563,1536
1517,1539
1538,1516
1538,1505
1533,1521
1549,1529
1549,1538
1556,1504
1514,1524
1529,1517
1537,1527
1546,1522
1537,1518
1504,1517
1527,1530
1521,1526
1527,1515
1540,1540
1525,1514
1527,1515
1550,1527
1541,1506
1524,1523
1538,1515
1506,1535
1511,1517
1529,1513
1544,1498
1524,1499
1543,1499
1528,1495
1514,1513
1509,1520
1509,1513
1514,1527
1508,1488
1523,1484
1519,1493
1484,1483
1539,1507
1512,1497
1526,1505
1497,1491
1488,1501
1493,1484
1488,1475
1489,1473
1476,1477
1487,1480
1472,1474
1503,1496
1501,1459
1475,1477
1495,1471
1488,1462
1465,1441
1480,1470
1482,1463
1482,1467
1494,1435
1467,1459
1466,1431
1491,1428
1453,1449
1470,1442
1471,1431
1420,1430
1460,1445
