ch1,ch2
1517,1497
1542,1548
1531,1555
1479,1550
1487,1603
1488,1611
1553,1545
1539,1542
1534,1553
1565,1542
1546,1613
1587,1595
1541,1557
1634,1545
1571,1520
1489,1567
1556,1553
1546,1534
1525,1594
1540,1568
1609,1614
1554,1531
1590,1567
1571,1599
1547,1526
1516,1602
1666,1594
1527,1544
1613,1540
1590,1588
1575,1624
1677,1605
1595,1502
1563,1589
1605,1593
1603,1556
1598,1602
1614,1608
1572,1547
1546,1524
1601,1562
1574,1613
1612,1633
1600,1591
1534,1564
1573,1590
1581,1613
1652,1628
1683,1609
1612,1616
1539,1650
1660,1570
1548,1555
1667,1562
1655,1616
1666,1636
1557,1517
1561,1554
1548,1474
1660,1582
1614,1531
1590,1548
1616,1574
1553,1563
1585,1540
1597,1544
1525,1568
1622,1509
1618,1549
1621,1506
1559,1540
1481,1494
1522,1533
1478,1376
1630,1572
1463,1446
1606,1536
1614,1507
1412,1452
1604,1506
1435,1479
1498,1505
1401,1367
1536,1527
1612,1456
1446,1425
1567,1457
1506,1455
1446,1434
1546,1539
1489,1502
1537,1429
1433,1401
1424,1383
1396,1369
1412,1427
1473,1441
1526,1442
1451,1433
1474,1361
1387,1420
1506,1464
1407,1460
1396,1387
1630,1589
1383,1385
1381,1360
1420,1381
1366,1410
1339,1331
1428,1493
1482,1459
1372,1366
1384,1382
1420,1469
1334,1430
1372,1388
1419,1437
1333,1381
1432,1447
1385,1449
1393,1418
1361,1397
1447,1467
1517,1423
1348,1443
1400,1438
1434,1472
1495,1513
1436,1415
1341,1440
1383,1452
1458,1528
1423,1458
1439,1478
1467,1553
1615,1560
1576,1449
1423,1444
1397,1411
1523,1518
1620,1526
1521,1478
1410,1529
1405,1451
1398,1451
1474,1610
1511,1505
1478,1481
1569,1601
1519,1582
1383,1484
1572,1554
1363,1486
1419,1370
1475,1498
1594,1587
1395,1357
1543,1522
1540,1543
1416,1476
1455,1503
1438,1469
1670,1661
1519,1521
1432,1445
1458,1499
1615,1629
1387,1409
1532,1487
1655,1539
1528,1563
1600,1609
1523,1597
1620,1585
1432,1448
1465,1508
1488,1548
1566,1632
1666,1593
1543,1579
1628,1562
1484,1539
1583,1540
1631,1666
1424,1507
1672,1513
1623,1572
1541,1660
1510,1537
1656,1534
1540,1487
1647,1560
1381,1402
1575,1599
1561,1613
1579,1525
1475,1408
1516,1475
1634,1535
1398,1456
1459,1449
1605,1572
1418,1422
1556,1521
1495,1529
1594,1554
1637,1621
1635,1593
1516,1496
1639,1544
1688,1566
1540,1596
1451,1398
1478,1575
1472,1497
1511,1530
1568,1585
1655,1629
1648,1587
1574,1533
1671,1616
1649,1622
1682,1575
1453,1480
1603,1474
1449,1399
1424,1388
1666,1508
1579,1584
1519,1536
1454,1446
1611,1518
1488,1451
1606,1553
1632,1562
1424,1379
1409,1360
1704,1635
1518,1483
1458,1525
1496,1493
1421,1387
1427,1499
1608,1582
1349,1333
1432,1410
1364,1359
1564,1579
1638,1621
1695,1599
1372,1436
1598,1608
1389,1371
1363,1413
1599,1591
1405,1411
1464,1419
1394,1432
1322,1390
1403,1451
1611,1544
1416,1433
1417,1375
1346,1394
1400,1377
1505,1542
1553,1484
1521,1404
1480,1547
1490,1439
1343,1399
1547,1435
1434,1452
1350,1484
1370,1389
1485,1574
1703,1576
1589,1653
1545,1574
1524,1489
1442,1372
1407,1419
1381,1358
1497,1454
1600,1629
1457,1472
1544,1555
1471,1436
1487,1455
1581,1595
1435,1490
1599,1591
1384,1484
1451,1477
1622,1494
1446,1422
1703,1563
1460,1474
1393,1454
1497,1433
1691,1655
1374,1454
1471,1500
1372,1495
1653,1628
1631,1516
1400,1401
1531,1537
1543,1537
1437,1435
1594,1548
1563,1537
1512,1518
1428,1469
1490,1534
1591,1522
1658,1541
1502,1590
1514,1518
1357,1393
1332,1397
1328,1389
1696,1671
1370,1414
1644,1539
1587,1503
1419,1469
1601,1616
1357,1367
1397,1407
1604,1514
1440,1453
1497,1544
1460,1426
1638,1534
1429,1421
1553,1492
1505,1477
1463,1442
1360,1399
1383,1374
1490,1420
1479,1456
1633,1587
1645,1610
1552,1458
1385,1421
1640,1592
1456,1421
1537,1489
1428,1435
1574,1562
1613,1605
1647,1556
1626,1562
1374,1480
1414,1380
1497,1463
1381,1402
1334,1415
1379,1395
1643,1637
1370,1443
1496,1610
1662,1551
1408,1376
1493,1581
1473,1484
1334,1373
1592,1588
1578,1571
1421,1423
1334,1387
1502,1502
1591,1592
1600,1625
1670,1556
1413,1452
1586,1553
1573,1481
1628,1606
1561,1614
1501,1438
1377,1386
1564,1516
1593,1670
1375,1447
1381,1389
1483,1468
1415,1415
1605,1550
1366,1414
1586,1615
1511,1435
1633,1594
1433,1352
1337,1379
1423,1446
1570,1584
1447,1407
1478,1488
1595,1575
1565,1619
1419,1582
1493,1538
1550,1619
1665,1560
1358,1444
1586,1565
1521,1571
1452,1389
1605,1540
1431,1418
1535,1404
1352,1494
1325,1428
1349,1344
1557,1624
1499,1605
1609,1586
1649,1604
1518,1686
1444,1398
1348,1420
1610,1567
1594,1532
1618,1512
1585,1606
1669,1538
1569,1465
1564,1581
1511,1514
1365,1379
1635,1620
1498,1549
1627,1674
1614,1539
1447,1421
1350,1433
1396,1461
1468,1439
1456,1470
1550,1467
1408,1461
1470,1498
1406,1500
1364,1521
1606,1567
1337,1442
1534,1483
1379,1488
1548,1509
1607,1643
1503,1565
1476,1496
1383,1447
1668,1583
1397,1422
1623,1595
1687,1686
1486,1469
1485,1560
1689,1632
1277,1400
1394,1470
1405,1495
1376,1440
1393,1446
1370,1444
1562,1640
1556,1555
1393,1390
1543,1490
1383,1365
1611,1541
1589,1482
1530,1613
1562,1409
1566,1576
1655,1565
1489,1463
1523,1581
1613,1604
1404,1438
1576,1542
1557,1535
1594,1536
1543,1395
1672,1585
1480,1498
1497,1600
1449,1475
1359,1385
1645,1596
1507,1557
1630,1502
1582,1554
1528,1467
1432,1419
1474,1486
1386,1385
1475,1423
1518,1496
1336,1379
1629,1621
1364,1453
1540,1522
1524,1431
1681,1569
1655,1583
1393,1385
1383,1471
1549,1581
1377,1427
1642,1628
1526,1516
1601,1558
1507,1448
1537,1538
1443,1392
1592,1589
1423,1410
1339,1416
1403,1460
1406,1479
1626,1536
1361,1357
1621,1630
1390,1367
1320,1401
1606,1597
1635,1602
1350,1432
1336,1389
1473,1485
1413,1448
1584,1545
1574,1528
1631,1606
1637,1598
1556,1496
1389,1483
1341,1420
1516,1521
1667,1595
1484,1480
1365,1361
1348,1365
1354,1357
1425,1433
1533,1546
1639,1623
1507,1562
1548,1509
1671,1580
1523,1464
1424,1476
1443,1473
1407,1482
1467,1438
1386,1482
1572,1553
1478,1499
1454,1410
1664,1587
1458,1383
1647,1600
1385,1375
1645,1609
1604,1661
1385,1410
1628,1571
1409,1469
1458,1445
1579,1535
1624,1577
1463,1430
1600,1514
1539,1494
1508,1560
1560,1518
1683,1658
1609,1649
1474,1495
1614,1553
1481,1525
1600,1536
1381,1369
1521,1496
1416,1399
1631,1608
1360,1406
1605,1624
1456,1429
1497,1467
1683,1633
1529,1617
1550,1560
1634,1608
1420,1426
1574,1617
1463,1421
1515,1481
1719,1611
1385,1355
1331,1488
1365,1476
1534,1529
1643,1588
1451,1513
1438,1385
1715,1660
1653,1613
1474,1515
1406,1474
1677,1610
1480,1500
1467,1414
1410,1475
1684,1646
1346,1390
1499,1496
1361,1416
1517,1491
1412,1475
1447,1470
1338,1401
1588,1544
1402,1438
1493,1405
1653,1551
1392,1399
1343,1393
1410,1362
1634,1594
1397,1569
1480,1472
1618,1559
1502,1519
1536,1534
1505,1505
1418,1409
1651,1580
1408,1415
1393,1397
1504,1481
1411,1534
1470,1377
1408,1411
1391,1431
1412,1406
1458,1479
1550,1620
1371,1336
1666,1546
1454,1514
1571,1595
1358,1441
1411,1417
1378,1412
1620,1489
1291,1364
1447,1483
1573,1431
1441,1522
1456,1483
1399,1454
1514,1644
1499,1430
1414,1466
1439,1416
1389,1415
1400,1373
1621,1570
1349,1523
1504,1503
1476,1454
1548,1588
1442,1448
1443,1414
1582,1547
1514,1507
1370,1426
1631,1613
1394,1400
1511,1541
1583,1490
1475,1435
1557,1609
1372,1402
1652,1624
1501,1465
1351,1395
1385,1434
1342,1383
1582,1560
1505,1551
1343,1404
1582,1594
1407,1332
1505,1478
1511,1473
1637,1619
1542,1452
1592,1480
1499,1416
1409,1388
1357,1389
1414,1461
1427,1399
1634,1559
1449,1485
1366,1440
1692,1564
1376,1519
1661,1594
1503,1579
1544,1513
1327,1403
1585,1526
1554,1531
1546,1493
1520,1538
1425,1390
1382,1418
1646,1648
1630,1512
1388,1477
1655,1606
1451,1455
1644,1531
1533,1424
1620,1586
1548,1518
1330,1465
1393,1365
1541,1567
1629,1520
1532,1555
1350,1371
1392,1440
1454,1484
1553,1442
1558,1527
1636,1529
1676,1625
1579,1625
1504,1519
1510,1407
1657,1592
1649,1661
1431,1421
1429,1443
1472,1399
1435,1454
1407,1490
1609,1604
1414,1377
1368,1445
1663,1586
1648,1619
1581,1503
1374,1450
1517,1455
1398,1450
1444,1421
1400,1416
1558,1610
1723,1604
1547,1526
1566,1572
1597,1619
1620,1507
1677,1626
1478,1581
1397,1461
1501,1454
1368,1370
1398,1454
1640,1562
1648,1539
1621,1580
1644,1589
1666,1674
1577,1537
1645,1552
1606,1595
1355,1417
1371,1354
1470,1485
1550,1572
1354,1395
1457,1351
1642,1639
1461,1499
1403,1448
1676,1618
1390,1430
1625,1644
1476,1529
1614,1578
1556,1546
1431,1362
1404,1452
1492,1489
1423,1450
1331,1393
1530,1543
1655,1602
1317,1418
1493,1594
1372,1423
1539,1546
1399,1421
1528,1484
1306,1345
1620,1660
1599,1553
1363,1458
1479,1429
1531,1521
1461,1520
1653,1621
1658,1514
1604,1636
1367,1421
1384,1406
1480,1525
1444,1502
1503,1506
1587,1587
1617,1563
1408,1469
1572,1535
1380,1424
1527,1498
1392,1484
1345,1456
1368,1374
1725,1667
1587,1532
1631,1592
1509,1454
1325,1395
1496,1477
1417,1399
1534,1543
1455,1476
1346,1418
1383,1504
1623,1582
1517,1494
1349,1410
1515,1550
1430,1469
1442,1537
1462,1512
1460,1444
1316,1376
1556,1568
1665,1570
1711,1563
1666,1661
1543,1565
1408,1416
1616,1583
1394,1413
1425,1416
1655,1605
1538,1600
1523,1494
1475,1456
1557,1534
1651,1570
1617,1571
1399,1435
1322,1397
1339,1374
1574,1613
1578,1529
1558,1479
1555,1478
1586,1564
1443,1455
1335,1342
1715,1529
1333,1416
1428,1492
1613,1592
1375,1400
1603,1554
1462,1414
1598,1570
1409,1457
1522,1406
1498,1546
1668,1605
1371,1426
1665,1557
1348,1490
1622,1674
1312,1421
1454,1414
1494,1437
1643,1679
1460,1534
1586,1565
1454,1527
1543,1574
1367,1390
1568,1599
1633,1551
1399,1402
1505,1500
1615,1625
1461,1478
1559,1473
1658,1583
1447,1497
1400,1396
1368,1359
1516,1512
1385,1461
1504,1584
1642,1558
1333,1418
1544,1504
1449,1497
1491,1426
1475,1476
1411,1402
1647,1536
1647,1515
1326,1462
1334,1404
1364,1375
1546,1493
1646,1575
1520,1489
1461,1493
1688,1627
1511,1559
1620,1632
1522,1569
1580,1623
1422,1445
1473,1527
1382,1487
1554,1569
1346,1355
1516,1452
1633,1607
1330,1388
1394,1481
1586,1591
1581,1553
1460,1573
1519,1573
1362,1406
1585,1508
1459,1380
1648,1564
1443,1418
1502,1507
1556,1550
1510,1540
1354,1403
1407,1391
1702,1589
1539,1498
1680,1638
1649,1606
1386,1534
1497,1473
1494,1486
1486,1521
1643,1693
1566,1586
1598,1638
1407,1489
1508,1584
1658,1584
1477,1452
1409,1409
1579,1563
1364,1447
1384,1390
1351,1369
1420,1387
1573,1529
1397,1462
1374,1450
1548,1617
1394,1362
1633,1666
1443,1349
1468,1503
1438,1475
1414,1575
1435,1477
1611,1585
1573,1469
1535,1538
1660,1619
1419,1415
1658,1574
1540,1567
1444,1522
1472,1509
1407,1495
1504,1490
1647,1603
1443,1559
1615,1530
1371,1339
1472,1472
1354,1354
1435,1464
1355,1334
1662,1686
1502,1556
1575,1576
1615,1546
1376,1454
1405,1404
1623,1616
1419,1366
1437,1391
1487,1485
1433,1497
1514,1450
1372,1442
1400,1400
1559,1530
1643,1633
1315,1432
1618,1631
1632,1616
1351,1342
1533,1501
1398,1431
1578,1598
1535,1620
1387,1490
1546,1528
1598,1593
1594,1577
1611,1628
1502,1481
1669,1671
1651,1586
1578,1587
1626,1469
1659,1507
1530,1557
1374,1374
1667,1612
1383,1432
1526,1495
1362,1378
1663,1572
1491,1490
1388,1475
1524,1544
1416,1326
1365,1462
1517,1449
1435,1408
1416,1469
1588,1598
1663,1621
1506,1468
1544,1548
1505,1609
1560,1471
1601,1601
1677,1586
1522,1469
1688,1618
1545,1492
1307,1379
1380,1444
1504,1422
1327,1363
1441,1467
1533,1548
1535,1451
1455,1338
1631,1623
1572,1610
1383,1377
1493,1454
1382,1448
1610,1585
1640,1569
1418,1420
1477,1529
1606,1555
1519,1556
1447,1566
1608,1631
1435,1495
1552,1515
1539,1481
1377,1387
1398,1412
1474,1378
1507,1447
1593,1602
1400,1463
1615,1532
1412,1378
1637,1641
1537,1569
1577,1561
1574,1562
1535,1486
1481,1479
1374,1471
1409,1459
1552,1497
1561,1494
1315,1376
1600,1590
1433,1433
1559,1634
1340,1389
1462,1436
1486,1428
1662,1550
1470,1482
1685,1626
1606,1619
1609,1621
1425,1459
1570,1444
1548,1478
1598,1620
1612,1555
1425,1435
1523,1400
1461,1383
1482,1421
1378,1442
1654,1578
1531,1566
1355,1423
1441,1444
1371,1375
1345,1460
1469,1458
1662,1611
1377,1387
1427,1536
1489,1418
1432,1452
1422,1457
1573,1606
1329,1336
1358,1372
1469,1486
1493,1323
1408,1411
1454,1352
1386,1437
1322,1423
1581,1568
1620,1510
1341,1472
1636,1556
1504,1518
1565,1607
1577,1625
1629,1592
1605,1628
1480,1465
1359,1390
1574,1510
1681,1615
1620,1563
1685,1594
1402,1417
1648,1548
1676,1614
1664,1585
1484,1636
1455,1439
1363,1395
1723,1566
1447,1551
1577,1601
1500,1614
1403,1386
1360,1524
1387,1401
1572,1467
1654,1575
1366,1384
1607,1645
1545,1571
1623,1590
1510,1433
1504,1465
1367,1430
1603,1603
1364,1462
1578,1534
1363,1391
1538,1580
1624,1682
1530,1571
1641,1589
1345,1462
1433,1446
1435,1374
1558,1480
1424,1375
1566,1502
1572,1456
1551,1618
1481,1484
1388,1380
1574,1525
1613,1642
1550,1572
1408,1375
1402,1414
1509,1530
1544,1657
1334,1437
1648,1568
1452,1427
1488,1491
1481,1572
1646,1588
1439,1449
1538,1628
1611,1593
1394,1465
1442,1423
1339,1348
1512,1509
1613,1582
1661,1620
1609,1634
1353,1393
1542,1584
1604,1589
1561,1560
1543,1532
1551,1528
1504,1550
1647,1581
1416,1455
1694,1588
1440,1417
1424,1525
1332,1442
1618,1572
1576,1573
1338,1458
1568,1603
1597,1516
1466,1527
1513,1491
1593,1515
1363,1497
1382,1428
1661,1597
1532,1538
1603,1613
1519,1627
1500,1493
1564,1567
1435,1479
1366,1411
1624,1600
1383,1399
1462,1541
1410,1475
1390,1410
1346,1442
1566,1509
1523,1572
1591,1563
1378,1395
1507,1592
1497,1430
1626,1501
1313,1336
1504,1571
1561,1558
1418,1487
1679,1553
1583,1420
1328,1415
1586,1573
1319,1408
1662,1634
1557,1551
1628,1611
1433,1557
1459,1447
1469,1510
1479,1411
1544,1517
1607,1577
1436,1480
1587,1472
1376,1418
1371,1382
1471,1408
1381,1418
1591,1558
1488,1421
1438,1524
1665,1548
1335,1393
1385,1453
1629,1554
1565,1597
1362,1429
1532,1659
1557,1619
1528,1540
1405,1372
1432,1549
1558,1560
1462,1413
1558,1602
1394,1433
1572,1481
1442,1489
1337,1416
1451,1451
1646,1509
1412,1489
1399,1350
1510,1630
1668,1580
1516,1542
1689,1598
1485,1462
1402,1477
1594,1530
1434,1404
1419,1484
1364,1375
1396,1385
1431,1504
1517,1443
1682,1596
1286,1408
1374,1279
1440,1427
1396,1430
1620,1530
1592,1484
1470,1535
1599,1603
1297,1391
1481,1382
1353,1469
1463,1508
1303,1451
1518,1531
1291,1489
1601,1538
1448,1590
1638,1526
1489,1522
1472,1517
1569,1411
1530,1593
1559,1498
1281,1353
1417,1412
1451,1477
1587,1421
1605,1609
1652,1615
1608,1574
1408,1394
1383,1399
1419,1369
1557,1534
1556,1607
1475,1408
1560,1499
1610,1571
1554,1541
1621,1645
1543,1558
1446,1507
1562,1584
1592,1571
1409,1434
1593,1550
1458,1467
1636,1588
1652,1635
1620,1570
1360,1356
1545,1597
1405,1426
1415,1415
1435,1486
1239,1344
1467,1446
1457,1505
1527,1520
1412,1396
1580,1511
1574,1604
1663,1600
1412,1454
1419,1401
1608,1544
1673,1575
1571,1547
1522,1563
1403,1396
1357,1379
1488,1402
1359,1524
1397,1463
1515,1552
1604,1593
1520,1498
1443,1414
1375,1401
1373,1440
1661,1651
1609,1507
1643,1572
1488,1501
1581,1557
1615,1566
1597,1563
1664,1593
1453,1539
1414,1430
1365,1445
1647,1608
1387,1410
1435,1408
1501,1418
1611,1489
1432,1386
1536,1576
1470,1385
1581,1604
1365,1382
1639,1608
1671,1595
1541,1508
1377,1495
1385,1395
1467,1499
1551,1592
1370,1383
1398,1480
1634,1617
1635,1591
1530,1577
1508,1565
1406,1425
1385,1398
1529,1550
1367,1458
1367,1385
1359,1438
1494,1500
1511,1448
1536,1647
1493,1458
1389,1454
1455,1404
1469,1491
1593,1596
1460,1493
1392,1460
1634,1592
1569,1582
1434,1420
1346,1385
1483,1587
1447,1413
1698,1631
1442,1450
1465,1395
1385,1444
1406,1467
1612,1567
1481,1597
1567,1651
1449,1409
1612,1629
1560,1475
1421,1363
1543,1573
1482,1475
1447,1448
1529,1560
1355,1426
1429,1481
1360,1313
1658,1511
1369,1416
1604,1627
1614,1666
1528,1539
1537,1548
1309,1369
1361,1383
1474,1455
1632,1617
1451,1579
1574,1555
1588,1592
1499,1506
1614,1640
1593,1547
1579,1624
1455,1516
1361,1426
1448,1509
1497,1519
1587,1553
1528,1564
1432,1403
1593,1606
1415,1406
1432,1348
1302,1438
1639,1588
1454,1363
1642,1648
1440,1423
1583,1587
1331,1482
1618,1656
1608,1623
1529,1533
1579,1604
1580,1533
1495,1391
1318,1418
1385,1498
1609,1533
1481,1499
1322,1398
1579,1607
1587,1557
1571,1515
1531,1518
1472,1444
1416,1396
1427,1425
1352,1372
1375,1425
1497,1591
1640,1631
1617,1564
1595,1596
1541,1437
1573,1546
1407,1366
1441,1493
1475,1469
1666,1598
1330,1396
1484,1528
1553,1509
1661,1533
1482,1430
1606,1574
1623,1563
1616,1642
1657,1642
1428,1440
1549,1501
1531,1483
1620,1573
1497,1535
1418,1439
1369,1313
1359,1425
1367,1375
1651,1566
1509,1567
1389,1389
1498,1511
1395,1406
1484,1500
1438,1367
1530,1518
1376,1429
1410,1420
1598,1553
1453,1418
1537,1528
1524,1531
1365,1421
1428,1495
1412,1482
1456,1423
1565,1564
1575,1457
1380,1383
1546,1434
1625,1579
1634,1560
1393,1405
1416,1411
1560,1519
1440,1560
1464,1363
1712,1655
1435,1487
1475,1386
1638,1547
1639,1569
1414,1378
1572,1551
1525,1602
1621,1585
1379,1402
1620,1565
1430,1513
1336,1415
1491,1425
1405,1420
1627,1613
1416,1512
1482,1486
1566,1531
1415,1420
1312,1375
1601,1527
1679,1578
1391,1408
1430,1485
1368,1382
1397,1409
1613,1607
1570,1574
1501,1474
1596,1548
1563,1481
1343,1375
1380,1424
1418,1496
1605,1643
1619,1544
1337,1455
1435,1341
1540,1528
1613,1587
1614,1514
1413,1469
1620,1542
1345,1382
1598,1591
1599,1495
1597,1552
1390,1448
1597,1580
1574,1595
1469,1455
1519,1459
1452,1364
1386,1400
1451,1362
1387,1413
1395,1412
1475,1458
1376,1444
1582,1488
1427,1405
1379,1486
1598,1598
1501,1572
1387,1414
1595,1610
1373,1335
1655,1616
1413,1419
1703,1542
1489,1459
1391,1423
1470,1395
1444,1389
1395,1396
1410,1520
1490,1481
1670,1560
1413,1422
1631,1622
1421,1414
1360,1448
1525,1540
1630,1580
1659,1625
1536,1548
1424,1405
1631,1524
1431,1487
1385,1371
1544,1466
1447,1533
1458,1516
1557,1589
1439,1367
1401,1408
1667,1623
1576,1608
1434,1544
1511,1507
1497,1396
1634,1537
1619,1539
1414,1504
1592,1542
1407,1384
1382,1355
1634,1614
1402,1459
1686,1689
1620,1587
1636,1649
1639,1551
1601,1608
1435,1401
1616,1608
1509,1433
1477,1608
1340,1354
1561,1506
1673,1564
1559,1639
1465,1447
1580,1629
1403,1412
1413,1552
1640,1612
1625,1575
1567,1576
1409,1409
1542,1592
1470,1511
1520,1439
1614,1585
1350,1427
1471,1430
1372,1329
1400,1403
1551,1515
1447,1461
1403,1491
1390,1403
1457,1415
1336,1453
1389,1449
1496,1446
1452,1511
1496,1556
1658,1576
1550,1543
1458,1425
1696,1588
1581,1586
1346,1398
1513,1518
1332,1387
1609,1593
1338,1439
1576,1545
1406,1470
1470,1504
1614,1579
1385,1361
1664,1588
1418,1428
1500,1518
1440,1409
1654,1609
1484,1526
1398,1360
1391,1438
1505,1668
1605,1610
1598,1589
1377,1444
1682,1572
1435,1385
1423,1402
1555,1551
1366,1353
1548,1529
1360,1476
1391,1341
1483,1507
1598,1622
1403,1446
1584,1616
1616,1546
1412,1389
1458,1510
1509,1609
1644,1623
1510,1497
1590,1496
1409,1442
1592,1556
1533,1379
1527,1462
1553,1568
1459,1454
1432,1467
1705,1634
1596,1502
1509,1620
1509,1408
1562,1552
1366,1410
1501,1475
1403,1363
1353,1345
1414,1428
1410,1486
1594,1608
1676,1598
1456,1490
1632,1620
1373,1436
1591,1501
1357,1392
1495,1443
1494,1443
1545,1607
1549,1453
1603,1527
1390,1440
1457,1508
1526,1484
1613,1622
1569,1488
1604,1478
1547,1462
1503,1505
1515,1462
1494,1496
1346,1439
1469,1502
1372,1440
1572,1602
1548,1442
1636,1572
1616,1520
1358,1370
1586,1591
1530,1497
1608,1514
1619,1553
1712,1536
1521,1362
1472,1556
1468,1438
1407,1425
1583,1575
1701,1630
1618,1525
1416,1474
1493,1455
1528,1426
1467,1525
1561,1507
1459,1425
1657,1596
1502,1503
1584,1545
1442,1403
1413,1444
1506,1525
1623,1587
1667,1650
1524,1525
1394,1354
1323,1386
1485,1484
1560,1648
1455,1512
1405,1456
1471,1439
1629,1585
1573,1572
1436,1426
1410,1410
1461,1407
1455,1456
1489,1516
1625,1604
1438,1361
1661,1570
1369,1435
1514,1587
1422,1460
1341,1359
1624,1535
1416,1430
1570,1575
1634,1624
1579,1559
1617,1676
1412,1485
1551,1581
1485,1479
1559,1560
1367,1393
1375,1418
1480,1445
1653,1626
1564,1607
1564,1499
1474,1377
1457,1494
1301,1464
1409,1376
1381,1429
1381,1373
1509,1536
1620,1535
1538,1535
1668,1592
1606,1557
1557,1534
1365,1466
1453,1371
1510,1526
1460,1459
1430,1427
1458,1536
1428,1521
1387,1455
1627,1583
1355,1411
1599,1573
1631,1581
1504,1562
1354,1458
1354,1398
1398,1370
1702,1583
1597,1558
1575,1534
1592,1577
1414,1362
1554,1591
1608,1673
1411,1468
1371,1436
1621,1522
1332,1428
1532,1448
1416,1412
1342,1396
1364,1399
1573,1612
1600,1514
1304,1427
1430,1448
1400,1491
1471,1450
1603,1505
1502,1559
1424,1400
1597,1554
1475,1556
1551,1517
1481,1562
1402,1391
1392,1437
1594,1575
1548,1561
1566,1469
1511,1410
1538,1503
1546,1505
1603,1579
1428,1348
1317,1416
1546,1506
1468,1528
1361,1350
1518,1537
1438,1476
1601,1582
1485,1486
1582,1609
1563,1618
1369,1463
1672,1582
1465,1416
1364,1380
1461,1490
1518,1534
1552,1596
1393,1394
1527,1458
1564,1589
1610,1597
1545,1492
1574,1600
1437,1456
1498,1514
1355,1448
1490,1442
1405,1504
1562,1651
1368,1424
1488,1545
1675,1579
1620,1553
1434,1381
1514,1578
1359,1467
1579,1588
1391,1427
1351,1409
1355,1395
1411,1403
1589,1576
1529,1484
1403,1397
1566,1583
1583,1488
1570,1577
1565,1447
1609,1561
1478,1425
1649,1567
1458,1427
1637,1602
1495,1516
1483,1458
1602,1567
1540,1558
1334,1384
1418,1439
1442,1500
1585,1497
1429,1396
1512,1550
1456,1492
1615,1584
1537,1536
1410,1442
1450,1504
1421,1369
1541,1537
1589,1545
1644,1605
1540,1581
1604,1600
1571,1645
1447,1495
1631,1662
1542,1515
1370,1403
1433,1487
1704,1552
1410,1432
1565,1513
1371,1391
1466,1538
1545,1484
1407,1461
1496,1538
1425,1445
1595,1630
1556,1513
1434,1465
1440,1522
1530,1450
1388,1468
1526,1557
1459,1506
1476,1360
1444,1391
1639,1578
1574,1562
1368,1355
1509,1505
1416,1378
1616,1552
1387,1428
1482,1401
1635,1609
1554,1582
1533,1576
1489,1585
1416,1464
1368,1414
1343,1463
1361,1396
1358,1417
1605,1560
1413,1466
1607,1590
1630,1567
1365,1440
1550,1546
1381,1431
1497,1491
1558,1535
1484,1476
1502,1486
1519,1516
1549,1545
1376,1398
1602,1594
1568,1582
1564,1544
1492,1490
1612,1629
1594,1572
1653,1553
1362,1421
1446,1519
1628,1560
1469,1397
1618,1642
1603,1492
1471,1477
1408,1394
1391,1419
1609,1546
1644,1501
1391,1451
1581,1530
1475,1503
1661,1545
1482,1411
1338,1472
1487,1469
1370,1414
1512,1537
1582,1616
1427,1515
1460,1483
1520,1630
1391,1416
1588,1569
1642,1577
1448,1483
1377,1500
1559,1564
1619,1577
1480,1440
1425,1463
1671,1613
1361,1318
1339,1483
1577,1526
1555,1531
1653,1512
1502,1608
1624,1585
1476,1437
1627,1623
1350,1441
1453,1415
1567,1542
1488,1466
1593,1591
1531,1605
1503,1575
1635,1613
1542,1483
1608,1530
1446,1427
1390,1448
1351,1468
1512,1514
1413,1373
1435,1456
1395,1455
1551,1582
1632,1587
1488,1439
1443,1462
1465,1417
1401,1535
1476,1513
1584,1612
1411,1414
1412,1470
1457,1351
1511,1498
1485,1538
1341,1425
1582,1578
1531,1524
1597,1603
1599,1445
1548,1501
1684,1590
1484,1509
1528,1528
1403,1410
1347,1369
1420,1412
1441,1511
1488,1435
1529,1517
1437,1470
1417,1471
1583,1541
1624,1630
1407,1348
1373,1380
1380,1430
1456,1556
1653,1556
1497,1519
1490,1538
1307,1463
1643,1549
1506,1388
1632,1616
1644,1583
1541,1525
1329,1530
1422,1390
1376,1418
1578,1552
1607,1626
1405,1459
1502,1561
1424,1469
1538,1491
1494,1466
1581,1637
1648,1613
1559,1574
1362,1438
1605,1577
1512,1454
1385,1343
1434,1531
1444,1436
1548,1488
1471,1395
1428,1383
1540,1545
1477,1401
1421,1423
1440,1478
1540,1453
1513,1533
1645,1540
1645,1620
1601,1634
1635,1572
1594,1562
1468,1472
1440,1395
1479,1575
1381,1484
1387,1399
1341,1433
1470,1426
1624,1622
1449,1449
1387,1404
1604,1548
1573,1530
1428,1403
1442,1446
1574,1552
1585,1570
1544,1472
1644,1592
1355,1393
1351,1446
1616,1533
1450,1368
1592,1448
1382,1444
1473,1516
1418,1425
1516,1570
1480,1594
1374,1458
1394,1378
1352,1411
1396,1454
1493,1607
1627,1557
1512,1526
1296,1389
1368,1475
1538,1524
1484,1471
1428,1498
1544,1502
1483,1456
1463,1407
1441,1443
1494,1589
1397,1457
1361,1484
1385,1448
1447,1430
1590,1457
1384,1462
1487,1513
1454,1516
1377,1390
1571,1645
1596,1643
1566,1518
1566,1606
1639,1665
1494,1452
1469,1530
1594,1519
1395,1416
1603,1517
1435,1524
1382,1398
1622,1628
1520,1464
1466,1546
1431,1462
1465,1399
1541,1628
1576,1621
1404,1422
1607,1605
1443,1450
1568,1439
1572,1526
1606,1577
1549,1424
1548,1506
1414,1466
1330,1414
1595,1591
1417,1414
1581,1605
1377,1438
1471,1474
1502,1552
1535,1544
1550,1488
1403,1455
1568,1521
1377,1427
1436,1397
1582,1654
1607,1573
1356,1370
1426,1375
1600,1590
1495,1502
1533,1543
1460,1429
1564,1489
1518,1596
1571,1477
1490,1503
1477,1598
1581,1588
1481,1429
1401,1413
1359,1412
1575,1518
1486,1559
1632,1618
1621,1539
1489,1494
1344,1393
1517,1502
1594,1592
1560,1529
1602,1495
1443,1450
1581,1571
1351,1447
1424,1454
1546,1453
1637,1620
1375,1372
1626,1625
1605,1567
1519,1499
1478,1581
1424,1467
1381,1368
1473,1500
1528,1520
1431,1421
1528,1594
1488,1563
1605,1540
1387,1398
1576,1516
1613,1559
1483,1519
1560,1540
1560,1580
1492,1456
1581,1488
1385,1408
1567,1611
1347,1419
1651,1602
1371,1352
1601,1505
1384,1473
1439,1406
1458,1458
1454,1547
1622,1511
1479,1480
1695,1557
1386,1411
1496,1445
1634,1609
1449,1475
1463,1460
1588,1568
1431,1494
1622,1574
1506,1518
1419,1516
1384,1462
1589,1561
1608,1646
1443,1435
1584,1531
1621,1529
1491,1513
1623,1525
1505,1426
1480,1488
1453,1415
1467,1494
1633,1562
1379,1432
1426,1422
1370,1494
1465,1543
1537,1544
1630,1571
1464,1470
1502,1543
1409,1405
1477,1417
1602,1541
1561,1538
1421,1517
1354,1413
1508,1631
1639,1546
1650,1524
1415,1454
1508,1452
1448,1450
1604,1620
1455,1325
1683,1536
1403,1469
1397,1463
1392,1392
1320,1426
1404,1432
1424,1396
1433,1332
1435,1425
1544,1522
1598,1504
1536,1571
1462,1459
1616,1544
1481,1435
1514,1498
1621,1534
1458,1496
1578,1538
1581,1576
1501,1562
1513,1542
1423,1495
1628,1588
1463,1397
1622,1560
1484,1538
1531,1510
1529,1503
1360,1458
1554,1625
1431,1417
1594,1603
1413,1417
1523,1499
1508,1591
1367,1406
1452,1493
1430,1418
1561,1548
1611,1566
1561,1533
1547,1518
1653,1599
1425,1476
1356,1398
1358,1440
1612,1508
1394,1440
1484,1348
1472,1475
1368,1462
1599,1610
1511,1535
1349,1408
1597,1556
1397,1428
1597,1574
1480,1536
1437,1455
1437,1478
1506,1374
1437,1398
1596,1494
1525,1420
1412,1463
1427,1481
1445,1388
1536,1547
1359,1481
1355,1426
1483,1518
1593,1529
1455,1434
1592,1565
1568,1550
1438,1469
1390,1393
1522,1491
1478,1438
1436,1470
1426,1389
1530,1534
1509,1565
1650,1581
1597,1557
1384,1503
1425,1437
1387,1433
1464,1481
1459,1414
1559,1491
1376,1415
1563,1538
1565,1580
1564,1529
1535,1580
1359,1436
1575,1574
1508,1423
1381,1429
1517,1569
1399,1341
1427,1355
1426,1574
1578,1495
1526,1572
1422,1566
1409,1419
1561,1544
1367,1485
1395,1406
1602,1579
1413,1442
1443,1494
1590,1558
1583,1549
1464,1445
1417,1386
1533,1471
1448,1483
1520,1461
1382,1450
1576,1525
1502,1496
1461,1553
1594,1581
1478,1509
1431,1418
1447,1482
1448,1603
1490,1566
1443,1459
1453,1532
1486,1606
1452,1423
1666,1541
1544,1516
1408,1396
1580,1597
1549,1590
1396,1404
1576,1571
1386,1423
1432,1438
1537,1462
1527,1446
1393,1463
1356,1419
1455,1557
1419,1433
1518,1553
1630,1535
1424,1484
1571,1555
1407,1416
1467,1451
1473,1431
1578,1612
1398,1407
1469,1415
1613,1560
1588,1554
1502,1540
1494,1472
1545,1488
1600,1516
1418,1468
1355,1469
1455,1471
1395,1496
1559,1589
1426,1399
1407,1427
1460,1461
1591,1499
1609,1601
1600,1629
1601,1491
1666,1536
1424,1460
1423,1418
1563,1567
1645,1558
1615,1568
1515,1470
1469,1454
1532,1494
1361,1335
1576,1601
1518,1533
1574,1537
1327,1437
1670,1649
1559,1493
1527,1562
1463,1487
1632,1545
1458,1447
1440,1452
1413,1351
1517,1518
1529,1556
1426,1423
1546,1572
1632,1642
1380,1433
1599,1540
1471,1523
1598,1613
1541,1637
1431,1427
1651,1526
1475,1486
1467,1470
1562,1544
1442,1425
1452,1511
1597,1568
1482,1497
1503,1605
1395,1386
1609,1522
1580,1552
1606,1599
1585,1536
1445,1429
1540,1535
1346,1517
1554,1559
1427,1446
1466,1493
1568,1569
1426,1384
1433,1482
1492,1489
1592,1533
1359,1443
1575,1530
1570,1530
1547,1610
1589,1531
1482,1535
1387,1449
1490,1425
1661,1566
1605,1603
1455,1528
1512,1493
1651,1652
1392,1488
1599,1602
1393,1523
1560,1586
1388,1446
1390,1407
1446,1418
1474,1454
1567,1537
1466,1423
1402,1410
1468,1431
1602,1539
1645,1578
1523,1639
1419,1397
1503,1590
1402,1390
1372,1488
1360,1428
1524,1522
1465,1485
1331,1425
1480,1510
1402,1401
1417,1457
1589,1546
1411,1413
1609,1590
1538,1558
1414,1455
1447,1455
1411,1454
1577,1526
1462,1427
1528,1553
1585,1561
1448,1441
1516,1485
1534,1566
1529,1584
1576,1559
1583,1610
1542,1520
1601,1533
1364,1492
1519,1518
1665,1537
1374,1423
1555,1559
1383,1406
1377,1373
1512,1483
1332,1380
1490,1515
1499,1426
1547,1550
1350,1400
1590,1606
1596,1560
1567,1566
1549,1565
1461,1475
1413,1430
1520,1543
1473,1422
1414,1507
1604,1619
1551,1452
1497,1485
1468,1480
1428,1408
1461,1459
1606,1572
1369,1468
1570,1597
1404,1374
1448,1481
1406,1414
1336,1527
1457,1439
1433,1378
1566,1512
1413,1394
1587,1528
1493,1432
1384,1493
1444,1426
1559,1501
1454,1512
1393,1447
1583,1594
1401,1491
1402,1421
1569,1606
1432,1503
1333,1380
1653,1599
1439,1437
1500,1465
1446,1458
1395,1536
1614,1533
1378,1455
1544,1534
1577,1543
1582,1616
1547,1590
1481,1454
1431,1371
1460,1427
1333,1442
1466,1575
1679,1575
1489,1527
1561,1575
1455,1488
1412,1442
1578,1594
1476,1446
1421,1467
1515,1386
1365,1453
1502,1409
1600,1576
1387,1435
1398,1456
1327,1463
1516,1546
1444,1491
1467,1384
1588,1554
1444,1457
1391,1415
1572,1514
1557,1577
1502,1525
1348,1413
1329,1423
1412,1414
1494,1409
1541,1501
1415,1490
1430,1524
1430,1433
1534,1579
1529,1486
1349,1453
1430,1422
1414,1451
1584,1574
1621,1599
1433,1456
1629,1583
1564,1588
1590,1567
1467,1422
1545,1553
1374,1448
1430,1494
1354,1428
1601,1608
1415,1433
1573,1483
1443,1463
1490,1455
1602,1530
1523,1475
1483,1546
1447,1505
1419,1474
1471,1415
1339,1428
1603,1555
1489,1528
1479,1433
1513,1652
1432,1492
1431,1542
1434,1437
1607,1433
1621,1622
1382,1370
1474,1472
1374,1427
1549,1527
1502,1588
1583,1546
1548,1560
1445,1476
1550,1544
1415,1473
1421,1399
1562,1595
1653,1588
1356,1448
1436,1465
1395,1436
1439,1444
1587,1535
1458,1440
1551,1516
1474,1456
1573,1575
1551,1568
1448,1443
1448,1467
1441,1480
1470,1425
1406,1416
1445,1424
1474,1557
1584,1545
1568,1590
1528,1472
1596,1568
1628,1507
1616,1628
1524,1418
1449,1548
1448,1466
1595,1576
1564,1508
1583,1613
1562,1525
1425,1447
1585,1655
1391,1418
1342,1388
1393,1384
1403,1433
1517,1500
1504,1615
1562,1555
1448,1388
1459,1541
1519,1456
1409,1548
1557,1618
1492,1525
1588,1505
1496,1529
1412,1339
1410,1413
1561,1509
1592,1542
1614,1554
1556,1582
1603,1599
1494,1418
1470,1467
1521,1568
1412,1435
1505,1470
1469,1489
1343,1473
1437,1484
1642,1541
1444,1470
1393,1392
1390,1412
1495,1464
1569,1485
1638,1541
1413,1547
1523,1492
1459,1385
1433,1429
1507,1482
1639,1535
1615,1518
1468,1426
1562,1529
1455,1522
1428,1511
1525,1569
1494,1552
1486,1448
1595,1582
1358,1436
1449,1361
1571,1514
1620,1544
1566,1595
1659,1598
1561,1575
1619,1581
1621,1551
1485,1527
1396,1430
1485,1484
1557,1582
1372,1416
1514,1442
1427,1461
1417,1432
1638,1539
1567,1606
1475,1450
1366,1408
1450,1481
1528,1425
1381,1440
1486,1463
1573,1563
1469,1552
1452,1362
1413,1386
1317,1396
1423,1367
1550,1524
1447,1465
1360,1429
1419,1431
1379,1413
1450,1554
1510,1502
1354,1417
1571,1590
1593,1583
1547,1634
1467,1516
1578,1546
1578,1585
1420,1365
1450,1394
1550,1591
1421,1413
1470,1525
1408,1429
1390,1390
1579,1569
1468,1435
1416,1464
1519,1527
1652,1576
1429,1447
1585,1463
1408,1422
1434,1448
1454,1465
1418,1400
1623,1631
1463,1406
1478,1468
1506,1511
1380,1397
1401,1433
1352,1342
1384,1446
1430,1425
1537,1531
1535,1551
1606,1588
1501,1503
1524,1512
1482,1454
1543,1546
1438,1523
1486,1527
1602,1536
1355,1408
1581,1544
1460,1446
1536,1559
1485,1420
1462,1454
1670,1577
1369,1464
1552,1498
1553,1658
1567,1492
1626,1568
1401,1400
1568,1546
1535,1582
1631,1543
1448,1420
1504,1481
1428,1375
1548,1606
1653,1583
1482,1474
1575,1554
1572,1525
1363,1469
1401,1518
1442,1400
1415,1376
1373,1412
1370,1436
1521,1544
1443,1402
1570,1475
1547,1585
1470,1467
1604,1551
1503,1461
1457,1474
1338,1424
1558,1593
1590,1576
1475,1408
1549,1573
1422,1417
1481,1521
1505,1427
1535,1511
1634,1530
1446,1476
1500,1443
1355,1424
1486,1510
1503,1525
1446,1506
1560,1545
1375,1421
1601,1501
1476,1444
1450,1531
1604,1517
1386,1493
1419,1415
1604,1571
1486,1559
1526,1601
1402,1422
1325,1448
1477,1536
1596,1603
1390,1367
1415,1335
1391,1442
1504,1570
1526,1530
1350,1417
1560,1549
1570,1592
1377,1467
1600,1589
1519,1531
1477,1484
1447,1498
1573,1593
1637,1590
1381,1409
1608,1578
1427,1402
1450,1395
1561,1457
1384,1414
1541,1547
1450,1468
1572,1608
1563,1488
1560,1481
1643,1588
1492,1475
1534,1559
1616,1569
1557,1545
1528,1563
1594,1497
1535,1468
1604,1528
1439,1430
1423,1464
1526,1550
1404,1434
1337,1406
1429,1428
1384,1410
1602,1475
1416,1463
1575,1498
1546,1509
1591,1518
1561,1553
1592,1610
1371,1507
1563,1551
1403,1378
1299,1373
1646,1593
1446,1503
1507,1504
1587,1516
1463,1414
1436,1479
1435,1461
1531,1498
1543,1526
1374,1436
1525,1591
1440,1481
1474,1429
1510,1426
1646,1627
1554,1533
1440,1372
1491,1554
1532,1563
1319,1441
1609,1592
1404,1407
1607,1615
1414,1502
1561,1516
1626,1687
1419,1433
1510,1526
1564,1591
1415,1474
1578,1567
1613,1614
1602,1622
1583,1500
1580,1599
1478,1479
1484,1428
1556,1624
1574,1584
1539,1569
1553,1500
1469,1444
1586,1502
1621,1603
1485,1520
1512,1526
1378,1399
1674,1575
1484,1495
1515,1472
1372,1388
1411,1385
1554,1572
1507,1453
1505,1459
1593,1534
1425,1546
1443,1489
1512,1437
1580,1534
1522,1523
1373,1372
1633,1590
1407,1449
1576,1545
1446,1482
1484,1508
1463,1475
1479,1504
1458,1413
1558,1527
1452,1415
1650,1581
1679,1583
1425,1542
1613,1555
1547,1524
1332,1443
1395,1438
1552,1590
1396,1332
1572,1549
1523,1518
1599,1587
1399,1429
1479,1430
1471,1519
1595,1551
1514,1567
1597,1569
1553,1542
1577,1526
1393,1525
1474,1413
1540,1480
1418,1457
1413,1385
1448,1427
1590,1626
1360,1443
1407,1418
1519,1594
1571,1521
1583,1540
1543,1526
1422,1450
1398,1437
1429,1387
1412,1442
1572,1576
1493,1382
1612,1467
1565,1624
1508,1532
1480,1545
1372,1482
1497,1483
1588,1605
1477,1400
1468,1617
1597,1540
1506,1591
1610,1586
1589,1580
1558,1466
1433,1513
1550,1550
1373,1430
1572,1475
1425,1542
1543,1591
1534,1550
1538,1550
1570,1613
1453,1462
1428,1546
1458,1505
1412,1376
1523,1536
1394,1361
1578,1497
1401,1458
1588,1615
1590,1579
1566,1532
1399,1430
1526,1526
1630,1541
1438,1453
1573,1590
1531,1509
1573,1548
1460,1473
1365,1398
1570,1539
1428,1559
1532,1456
1539,1527
1697,1612
1590,1535
1419,1494
1597,1593
1413,1432
1541,1509
1499,1469
1414,1449
1566,1625
1456,1498
1408,1482
1397,1417
1482,1489
1404,1420
1381,1464
1406,1428
1523,1508
1406,1413
1433,1474
1575,1548
1442,1404
1580,1582
1396,1498
1452,1465
1595,1576
1571,1551
1431,1412
1544,1612
1483,1507
1424,1544
1576,1427
1600,1573
1431,1459
1620,1615
1389,1380
1350,1422
1372,1437
1422,1455
1528,1592
1613,1580
1611,1534
1567,1505
1414,1429
1528,1510
1324,1391
1631,1560
1550,1511
1434,1483
1650,1528
1341,1464
1430,1455
1573,1488
1638,1643
1464,1533
1465,1371
1425,1411
1587,1591
1530,1542
1566,1572
1571,1569
1591,1620
1510,1475
1537,1555
1609,1519
1588,1551
1367,1450
1535,1459
1615,1541
1570,1494
1392,1380
1561,1546
1446,1476
1487,1531
1571,1625
1596,1543
1395,1436
1537,1553
1674,1529
1599,1531
1454,1524
1569,1476
1397,1459
1644,1507
1512,1571
1570,1452
1376,1438
1356,1389
1655,1503
1523,1530
1673,1607
1442,1406
1586,1590
1360,1470
1569,1433
1501,1595
1624,1617
1596,1555
1453,1428
1513,1489
1574,1554
1571,1529
1619,1562
1565,1587
1460,1425
1449,1524
1423,1408
1453,1521
1493,1560
1481,1600
1381,1391
1512,1515
1337,1485
1385,1379
1374,1382
1440,1354
1565,1525
1502,1465
1553,1570
1445,1425
1520,1493
1448,1462
1411,1497
1448,1475
1547,1518
1517,1469
1543,1537
1366,1446
1457,1489
1393,1475
1437,1490
1366,1448
1384,1435
1533,1563
1533,1534
1405,1444
1559,1587
1487,1516
1588,1595
1520,1580
1482,1447
1392,1428
1398,1399
1552,1518
1488,1468
1514,1584
1505,1497
1527,1507
1499,1546
1412,1509
1463,1476
1687,1610
1443,1456
1399,1429
1473,1440
1438,1377
1670,1507
1573,1562
1464,1464
1627,1536
1346,1461
1610,1525
1482,1539
1664,1556
1404,1476
1554,1494
1602,1575
1616,1595
1476,1446
1510,1514
1480,1464
1673,1588
1629,1593
1555,1531
1491,1428
1546,1525
1643,1561
1629,1568
1534,1574
1439,1513
1627,1595
1506,1409
1402,1400
1586,1610
1401,1479
1636,1573
1423,1451
1605,1561
1364,1494
1434,1497
1402,1510
1358,1379
1578,1527
1614,1581
1410,1414
1458,1457
1482,1520
1528,1484
1490,1453
1416,1453
1323,1421
1479,1543
1421,1479
1516,1559
1544,1581
1675,1557
1528,1536
1648,1590
1473,1486
1473,1432
1471,1433
1437,1425
1344,1426
1524,1460
1466,1456
1405,1372
1421,1463
1382,1474
1546,1542
1414,1440
1534,1576
1463,1506
1550,1543
1587,1570
1647,1519
1463,1490
1552,1570
1327,1435
1546,1552
1438,1481
1569,1550
1461,1470
1429,1449
1644,1551
1491,1457
1538,1591
1575,1564
1447,1585
1627,1620
1515,1524
1467,1501
1560,1546
1511,1618
1381,1488
1442,1481
1514,1561
1468,1446
1392,1428
1445,1509
1539,1504
1397,1415
1601,1618
1449,1365
1440,1418
1509,1561
1351,1387
1537,1509
1488,1598
1459,1559
1602,1588
1552,1642
1482,1468
1347,1425
1478,1453
1362,1431
1606,1542
1469,1437
1413,1455
1616,1555
1580,1605
1634,1538
1547,1536
1615,1541
1555,1535
1502,1511
1464,1436
1317,1446
1485,1414
1542,1542
1426,1454
1545,1580
1414,1483
1588,1569
1574,1500
1497,1471
1585,1622
1576,1632
1487,1528
1486,1561
1510,1533
1482,1380
1462,1421
1550,1520
1622,1598
1469,1483
1368,1567
1365,1422
1624,1591
1555,1538
1349,1382
1377,1439
1516,1453
1508,1571
1605,1531
1459,1417
1590,1649
1511,1507
1429,1466
1594,1589
1467,1484
1404,1443
1349,1439
1543,1502
1393,1520
1372,1442
1465,1404
1596,1527
1587,1538
1532,1548
1432,1434
1666,1511
1641,1592
1411,1474
1451,1512
1521,1547
1601,1594
1471,1505
1471,1480
1582,1556
1508,1434
1364,1438
1523,1547
1591,1646
1374,1457
1549,1544
1583,1593
1618,1611
1581,1566
1536,1497
1467,1534
1460,1454
1588,1526
1603,1561
1467,1404
1412,1510
1455,1426
1561,1497
1607,1596
1393,1450
1567,1524
1348,1406
1550,1511
1413,1418
1392,1510
1524,1497
1421,1433
1603,1618
1599,1525
1615,1626
1576,1525
1463,1531
1496,1485
1551,1460
1598,1585
1387,1424
1595,1617
1477,1498
1402,1460
1424,1463
1638,1588
1592,1481
1472,1505
1482,1545
1603,1573
1627,1561
1683,1569
1449,1368
1452,1451
1488,1548
1505,1433
1482,1410
1430,1507
1477,1485
1639,1528
1576,1568
1443,1489
1582,1596
1422,1459
1415,1440
1599,1603
1400,1467
1427,1535
1462,1501
1515,1553
1441,1442
1372,1429
1382,1472
1627,1558
1550,1557
1614,1578
1388,1469
1493,1424
1518,1536
1455,1551
1570,1578
1370,1408
1556,1508
1464,1447
1495,1431
1634,1630
1428,1481
1498,1551
1530,1548
1421,1417
1334,1449
1381,1458
1373,1493
1594,1516
1461,1505
1535,1568
1247,1466
1632,1548
1671,1558
1419,1441
1590,1607
1597,1575
1641,1561
1549,1572
1426,1440
1421,1501
1606,1580
1608,1555
1478,1446
1482,1563
1603,1490
1494,1524
1424,1517
1338,1394
1546,1559
1609,1589
1655,1570
1553,1613
1472,1419
1564,1541
1400,1368
1445,1391
1540,1478
1447,1566
1399,1388
1387,1438
1633,1572
1553,1530
1382,1437
1587,1609
1436,1409
1403,1400
1500,1568
1626,1598
1496,1456
1396,1502
1592,1592
1571,1593
1537,1633
1558,1538
1557,1581
1373,1438
1397,1367
1456,1462
1494,1560
1580,1557
1414,1461
1597,1607
1562,1545
1512,1522
1502,1541
1504,1568
1485,1568
1296,1411
1435,1379
1540,1532
1493,1577
1476,1426
1594,1575
1386,1403
1514,1467
1623,1566
1410,1400
1531,1539
1483,1443
1492,1510
1514,1503
1301,1408
1413,1419
1608,1510
1567,1491
1579,1603
1611,1515
1524,1456
1570,1601
1443,1463
1412,1471
1394,1395
1495,1521
1467,1479
1411,1426
1338,1344
1345,1491
1421,1481
1494,1521
1593,1529
1627,1622
1452,1441
1422,1377
1355,1423
1588,1578
1606,1590
1592,1608
1437,1365
1627,1565
1585,1573
1590,1554
1478,1382
1633,1548
1399,1389
1533,1549
1585,1591
1421,1475
1453,1470
1395,1402
1623,1549
1375,1439
1534,1495
1381,1388
1594,1540
1597,1524
1439,1357
1424,1459
1550,1478
1432,1405
1648,1634
1363,1464
1404,1404
1359,1379
1498,1546
1543,1513
1515,1511
1611,1587
1552,1542
1580,1540
1425,1393
1570,1543
1705,1540
1380,1411
1374,1369
1592,1491
1322,1399
1357,1457
1443,1450
1551,1520
1463,1502
1614,1609
1485,1459
1597,1645
1599,1515
1618,1594
1647,1574
1457,1489
1602,1588
1418,1466
1551,1562
1392,1435
1466,1420
1606,1587
1546,1544
1632,1613
1545,1499
1451,1470
1422,1396
1580,1523
1457,1486
1355,1404
1508,1571
1627,1588
1378,1417
1555,1545
1550,1507
1435,1339
1615,1613
1419,1392
1332,1478
1557,1581
1446,1381
1332,1382
1496,1569
1580,1569
1307,1457
1601,1603
1550,1541
1402,1444
1580,1525
1587,1615
1387,1459
1602,1569
1607,1599
1368,1502
1402,1442
1421,1431
1496,1446
1667,1553
1427,1461
1575,1580
1402,1459
1520,1499
1446,1558
1596,1545
1607,1576
1585,1584
1427,1397
1549,1575
1534,1585
1442,1514
1454,1568
1389,1415
1351,1458
1611,1549
1368,1425
1607,1542
1573,1469
1486,1579
1595,1608
1408,1386
1484,1550
1436,1437
1364,1442
1448,1487
1564,1637
1316,1398
1594,1619
1541,1415
1331,1394
1526,1551
1482,1573
1584,1526
1543,1532
1446,1397
1451,1539
1568,1544
1650,1594
1469,1546
1440,1392
1392,1387
1519,1500
1585,1584
1383,1413
1630,1525
1406,1421
1571,1584
1459,1514
1638,1557
1452,1477
1390,1399
1573,1603
1562,1581
1430,1419
1593,1509
1448,1441
1433,1536
1353,1474
1501,1546
1598,1623
1481,1431
1575,1514
1451,1427
1540,1524
1445,1510
1655,1558
1654,1530
1627,1594
1538,1529
1428,1476
1427,1424
1398,1411
1484,1448
1418,1408
1335,1410
1537,1506
1393,1382
1685,1591
1564,1560
1612,1596
1585,1562
1655,1586
1517,1561
1467,1475
1670,1471
1611,1524
1529,1621
1407,1377
1458,1478
1421,1435
1477,1516
1441,1476
1575,1515
1506,1541
1568,1543
1417,1453
1396,1446
1325,1416
1580,1550
1439,1414
1422,1491
1533,1483
1471,1453
1410,1509
1589,1521
1436,1425
1568,1468
1612,1604
1659,1571
1557,1545
1490,1490
1401,1406
1273,1416
1591,1542
1413,1425
1510,1496
1545,1571
1364,1342
1611,1618
1447,1461
1645,1647
1505,1481
1456,1578
1651,1571
1492,1433
1348,1461
1408,1425
1414,1515
1445,1358
1576,1600
1483,1435
1531,1441
1489,1442
1507,1498
1438,1499
1384,1391
1548,1496
1371,1374
1486,1461
1620,1488
1618,1600
1673,1578
1357,1402
1377,1447
1382,1406
1576,1440
1626,1515
1457,1531
1503,1580
1688,1520
1531,1609
1436,1475
1403,1405
1420,1476
1421,1474
1426,1404
1616,1580
1543,1589
1619,1603
1544,1532
1387,1484
1629,1567
1552,1544
1468,1502
1579,1508
1410,1468
1358,1420
1623,1490
1488,1600
1618,1550
1471,1417
1539,1452
1429,1441
1615,1610
1348,1396
1352,1428
1604,1576
1348,1470
1621,1597
1388,1416
1471,1521
1432,1491
1667,1621
1501,1481
1584,1550
1594,1619
1595,1564
1437,1449
1321,1427
1615,1608
1528,1551
1530,1554
1404,1389
1515,1493
1671,1531
1596,1544
1414,1406
1552,1610
1469,1562
1429,1430
1631,1570
1586,1592
1487,1443
1611,1670
1693,1609
1415,1465
1544,1465
1618,1515
1429,1459
1531,1491
1494,1525
1532,1556
1640,1627
1594,1573
1581,1591
1606,1615
1390,1435
1612,1550
1337,1405
1580,1486
1475,1545
1643,1475
1642,1567
1407,1433
1410,1394
1586,1570
1565,1555
1430,1386
1623,1580
1413,1500
1639,1606
1510,1546
1476,1410
1449,1452
1608,1599
1354,1446
1501,1550
1421,1423
1619,1511
1447,1439
1401,1460
1507,1478
1689,1627
1623,1603
1428,1412
1660,1640
1531,1472
1577,1553
1717,1576
1368,1427
1651,1634
1368,1393
1544,1621
1449,1532
1394,1369
1340,1392
1440,1417
1564,1549
1588,1593
1454,1440
1367,1410
1651,1553
1536,1559
1402,1482
1358,1404
1333,1388
1371,1374
1414,1494
1576,1634
1493,1484
1388,1435
1502,1542
1531,1526
1536,1522
1626,1589
1620,1653
1480,1409
1578,1448
1376,1453
1542,1623
1616,1531
1589,1493
1581,1575
1440,1460
1516,1496
1443,1477
1486,1468
1310,1398
1466,1479
1624,1640
1555,1529
1468,1502
1459,1403
1519,1509
1571,1501
1574,1512
1451,1440
1627,1623
1566,1613
1585,1619
1385,1415
1524,1461
1440,1425
1631,1617
1390,1408
1640,1569
1539,1585
1399,1466
1492,1445
1390,1488
1580,1583
1434,1403
1605,1609
1569,1606
1420,1435
1536,1591
1380,1459
1576,1623
1551,1553
1504,1394
1496,1593
1486,1458
1552,1596
1604,1497
1400,1447
1313,1379
1448,1465
1653,1639
1379,1394
1658,1612
1501,1466
1649,1599
1486,1465
1499,1503
1564,1596
1437,1331
1380,1479
1651,1650
1511,1463
1646,1568
1434,1406
1467,1471
1685,1591
1480,1552
1584,1543
1311,1449
1441,1453
1396,1412
1453,1458
1554,1545
1441,1414
1592,1557
1591,1612
1491,1546
1642,1593
1385,1415
1351,1364
1527,1564
1598,1543
1369,1367
1633,1506
1555,1527
1433,1402
1488,1518
1577,1618
1412,1386
1394,1471
1542,1529
1373,1372
1407,1469
1421,1485
1481,1466
1353,1421
1617,1541
1453,1490
1569,1597
1616,1535
1433,1391
1608,1667
1421,1385
1380,1388
1641,1625
1574,1492
1374,1434
1408,1463
1547,1564
1587,1532
1417,1402
1449,1395
1352,1423
1583,1599
1414,1391
1572,1467
1596,1619
1516,1536
1326,1418
1467,1481
1672,1564
1335,1430
1526,1467
1428,1490
1513,1525
1446,1523
1287,1349
1396,1482
1581,1518
1409,1437
1337,1434
1500,1599
1526,1501
1477,1491
1359,1505
1443,1419
1607,1575
1509,1517
1438,1424
1466,1617
1560,1511
1405,1439
1439,1450
1420,1413
1533,1499
1620,1632
1612,1581
1610,1544
1594,1605
1463,1491
1529,1556
1617,1569
1577,1639
1500,1469
1558,1540
1490,1550
1587,1539
1506,1507
1422,1372
1639,1648
1337,1423
1627,1550
1416,1341
1445,1455
1513,1504
1636,1632
1392,1421
1387,1433
1491,1534
1359,1499
1451,1438
1574,1588
1445,1423
1457,1414
1465,1502
1476,1459
1652,1545
1500,1539
1380,1394
1441,1425
1639,1657
1323,1339
1541,1606
1475,1487
1357,1411
1519,1526
1407,1387
1406,1433
1522,1447
1635,1616
1577,1586
1541,1464
1380,1395
1587,1518
1471,1506
1393,1439
1559,1593
1496,1496
1596,1583
1578,1603
1583,1650
1600,1520
1628,1617
1636,1502
1397,1383
1454,1542
1594,1574
1528,1566
1400,1407
1524,1430
1554,1558
1456,1560
1567,1493
1295,1382
1658,1619
1416,1393
1462,1341
1427,1429
1467,1477
1487,1485
1554,1630
1603,1623
1615,1680
1631,1538
1585,1665
1427,1394
1553,1576
1496,1503
1615,1543
1387,1393
1569,1607
1374,1459
1605,1638
1586,1484
1523,1529
1336,1376
1466,1412
1385,1373
1479,1440
1635,1586
1418,1442
1580,1548
1357,1381
1424,1384
1569,1578
1423,1385
1635,1579
1582,1511
1446,1529
1424,1463
1570,1550
1473,1552
1469,1494
1430,1456
1558,1548
1556,1563
1529,1512
1528,1551
1513,1587
1574,1558
1420,1411
1421,1442
1575,1554
1552,1532
1625,1584
1496,1404
1552,1642
1374,1457
1576,1571
1504,1462
1396,1402
1576,1600
1330,1310
1427,1398
1464,1439
1553,1616
1603,1610
1407,1412
1657,1592
1347,1394
1594,1624
1339,1369
1504,1575
1446,1457
1458,1410
1412,1393
1518,1509
1528,1644
1627,1530
1583,1607
1536,1452
1567,1606
1609,1604
1320,1396
1488,1497
1550,1421
1417,1401
1332,1436
1543,1568
1435,1365
1439,1468
1640,1655
1528,1541
1400,1550
1301,1373
1574,1540
1450,1393
1390,1410
1642,1580
1487,1486
1486,1489
1561,1620
1515,1529
1429,1434
1357,1443
1634,1560
1438,1433
1586,1504
1661,1550
1621,1580
1626,1654
1340,1393
1582,1544
1700,1614
1655,1596
1480,1516
1449,1509
1408,1418
1564,1567
1438,1417
1510,1522
1485,1469
1507,1463
1582,1673
1549,1606
1592,1535
1437,1566
1626,1498
1594,1570
1358,1380
1680,1631
1462,1492
1614,1607
1372,1462
1495,1408
1459,1535
1411,1485
1450,1434
1452,1514
1421,1501
1321,1367
1595,1631
1642,1619
1501,1518
1427,1449
1558,1581
1574,1529
1399,1480
1361,1461
1623,1590
1447,1438
1666,1588
1601,1556
1417,1475
1519,1548
1673,1628
1388,1514
1499,1576
1608,1522
1449,1374
1631,1560
1629,1607
1387,1497
1309,1449
1614,1643
1353,1424
1347,1397
1437,1429
1432,1388
1642,1593
1553,1485
1520,1501
1573,1481
1698,1583
1417,1377
1642,1564
1506,1514
1370,1386
1476,1409
1486,1444
1527,1502
1583,1505
1383,1373
1517,1549
1399,1369
1590,1508
1552,1610
1488,1454
1372,1452
1742,1641
1587,1596
1370,1428
1634,1605
1442,1479
1506,1505
1624,1571
1443,1343
1594,1578
1413,1468
1440,1474
1391,1463
1605,1606
1393,1360
1340,1386
1637,1579
1457,1363
1379,1388
1582,1524
1392,1468
1509,1531
1421,1517
1456,1520
1639,1540
1419,1428
1354,1393
1466,1512
1434,1438
1354,1457
1436,1378
1362,1478
1525,1503
1574,1638
1381,1345
1516,1397
1469,1515
1631,1528
1534,1498
1402,1466
1414,1482
1347,1453
1304,1342
1492,1549
1441,1431
1393,1395
1587,1538
1387,1410
1410,1404
1579,1567
1420,1404
1326,1427
1663,1626
1525,1583
1292,1468
1653,1516
1603,1602
1389,1442
1564,1645
1500,1572
1398,1460
1556,1462
1463,1456
1406,1402
1528,1501
1417,1390
1608,1528
1618,1550
1441,1472
1577,1558
1382,1361
1409,1431
1510,1543
1452,1421
1571,1570
1423,1387
1342,1404
1498,1490
1462,1408
1570,1606
1602,1606
1604,1604
1576,1638
1657,1604
1672,1649
1495,1563
1451,1462
1547,1485
1407,1429
1360,1492
1611,1522
1606,1562
1577,1459
1505,1406
1563,1607
1546,1540
1427,1371
1641,1579
1514,1535
1432,1385
1613,1630
1644,1605
1537,1545
1551,1454
1338,1371
1399,1399
1388,1373
1525,1581
1661,1554
1588,1595
1371,1352
1591,1496
1369,1376
1502,1572
1547,1576
1433,1390
1647,1578
1646,1606
1358,1401
1463,1521
1436,1416
1378,1401
1423,1509
1653,1620
1322,1296
1350,1387
1511,1463
1464,1547
1426,1490
1495,1477
1625,1533
1346,1461
1513,1471
1579,1585
1388,1439
1593,1521
1615,1662
1413,1512
1586,1527
1362,1396
1328,1412
1428,1460
1573,1511
1572,1557
1314,1370
1467,1435
1333,1361
1601,1562
1411,1412
1381,1470
1497,1603
1329,1502
1428,1428
1462,1518
1599,1574
1410,1322
1583,1575
1333,1380
1436,1388
1600,1506
1372,1393
1421,1394
1551,1465
1579,1612
1409,1429
1482,1507
1319,1453
1399,1526
1367,1377
1554,1494
1573,1522
1358,1361
1545,1530
1415,1462
1572,1614
1351,1425
1606,1552
1557,1554
1589,1599
1416,1408
1433,1440
1466,1468
1566,1574
1668,1601
1550,1573
1374,1426
1640,1561
1516,1557
1634,1636
1607,1609
1498,1496
1413,1388
1542,1631
1442,1433
1554,1529
1615,1641
1650,1507
1695,1610
1539,1539
1545,1525
1589,1554
1326,1402
1635,1587
1510,1455
1504,1525
1367,1398
1573,1584
1379,1351
1425,1394
1386,1385
1431,1399
1642,1610
1617,1572
1576,1573
1416,1383
1326,1439
1617,1594
1544,1592
1639,1610
1441,1452
1684,1575
1355,1370
1628,1644
1407,1430
1581,1523
1682,1598
1521,1577
1535,1563
1419,1409
1588,1600
1426,1384
1570,1523
1449,1501
1662,1537
1396,1484
1599,1638
1631,1541
1428,1541
1472,1441
1608,1571
1385,1420
1564,1539
1336,1377
1333,1365
1319,1404
1390,1312
1426,1412
1662,1537
1382,1419
1387,1444
1356,1423
1690,1563
1502,1534
1402,1396
1621,1611
1571,1538
1650,1641
1611,1658
1616,1563
1385,1372
1389,1450
1541,1558
1541,1537
1617,1588
1385,1426
1625,1567
1466,1474
1434,1512
1552,1550
1639,1572
1429,1346
1464,1520
1620,1541
1596,1577
1424,1438
1587,1562
1567,1652
1472,1478
1350,1423
1414,1408
1585,1659
1411,1381
1641,1531
1477,1331
1378,1421
1405,1394
1564,1632
1359,1395
1550,1590
1609,1566
1523,1452
1414,1424
1519,1488
1355,1421
1513,1469
1628,1591
1546,1568
1470,1486
1344,1399
1416,1550
1561,1501
1329,1439
1543,1544
1609,1594
1435,1456
1353,1443
1365,1336
1541,1507
1585,1632
1402,1455
1615,1583
1510,1511
1473,1453
1378,1387
1634,1616
1445,1414
1334,1364
1421,1471
1555,1445
1613,1534
1312,1425
1348,1446
1387,1334
1530,1488
1589,1580
1652,1594
1655,1573
1552,1572
1600,1616
1351,1461
1398,1354
1484,1436
1667,1649
1497,1413
1341,1421
1563,1440
1598,1617
1623,1539
1444,1533
1678,1617
1676,1578
1617,1640
1568,1489
1593,1521
1617,1607
1384,1406
1587,1481
1655,1597
1436,1372
1609,1564
1444,1360
1564,1575
1442,1506
1542,1569
1337,1415
1604,1621
1311,1420
1357,1375
1343,1398
1619,1575
1506,1471
1605,1689
1510,1556
1533,1537
1578,1493
1490,1520
1324,1367
1307,1474
1298,1418
1588,1612
1604,1582
1412,1441
1619,1618
1591,1590
1672,1623
1472,1475
1435,1450
1621,1589
1442,1379
1508,1485
1434,1433
1390,1479
1653,1659
1439,1457
1382,1459
1651,1579
1493,1405
1491,1534
1336,1402
1662,1610
1654,1637
1573,1535
1642,1584
1580,1560
1471,1488
1610,1560
1431,1467
1410,1372
1482,1390
1635,1585
1473,1545
1394,1438
1373,1371
1400,1384
1629,1574
1467,1410
1590,1586
1633,1537
1634,1551
1447,1428
1370,1458
1684,1579
1494,1446
1558,1549
1423,1495
1668,1610
1413,1501
1373,1472
1664,1574
1347,1371
1396,1452
1375,1392
1558,1511
1422,1410
1612,1549
1576,1633
1429,1377
1354,1350
1511,1549
1484,1478
1572,1528
1376,1413
1585,1627
1502,1535
1674,1554
1404,1439
1614,1650
1586,1526
1477,1428
1519,1575
1460,1485
1454,1431
1656,1613
1542,1489
1619,1528
1627,1553
1553,1562
1649,1604
1621,1577
1664,1604
1507,1560
1394,1516
1500,1508
1361,1395
1477,1447
1625,1503
1470,1408
1337,1389
1438,1489
1485,1456
1496,1537
1350,1526
1376,1399
1543,1488
1534,1456
1343,1357
1667,1599
1434,1549
1362,1400
1617,1651
1474,1479
1324,1419
1481,1410
1438,1420
1471,1538
1592,1579
1555,1635
1464,1534
1668,1612
1440,1427
1432,1497
1540,1616
1648,1659
1415,1400
1573,1624
1579,1538
1614,1601
1351,1364
1615,1563
1407,1455
1585,1621
1474,1499
1645,1671
1599,1566
1398,1383
1404,1380
1488,1526
1606,1531
1542,1548
1445,1545
1564,1569
1426,1380
1671,1604
1359,1448
1617,1652
1600,1626
1627,1602
1483,1506
1542,1567
1415,1427
1317,1377
1653,1626
1546,1539
1489,1552
1443,1649
1506,1444
1518,1453
1446,1478
1530,1565
1583,1554
1552,1468
1616,1606
1359,1435
1636,1477
1619,1631
1315,1367
1375,1355
1403,1377
1347,1423
1669,1564
1389,1408
1521,1536
1518,1534
1428,1540
1688,1623
1607,1601
1455,1564
1671,1542
1428,1391
1617,1643
1563,1467
1368,1374
1695,1530
1437,1390
1559,1546
1589,1633
1377,1422
1612,1574
1572,1621
1405,1415
1395,1391
1412,1460
1351,1448
1338,1381
1565,1590
1416,1476
1633,1592
1394,1373
1562,1573
1357,1405
1423,1468
1588,1539
1489,1444
1479,1435
1404,1399
1678,1657
1537,1606
1613,1609
1400,1435
1407,1384
1420,1340
1557,1554
1377,1377
1491,1523
1520,1462
1480,1505
1649,1600
1603,1533
1372,1353
1576,1531
1426,1432
1390,1402
1289,1383
1370,1358
1671,1591
1416,1468
1456,1394
1557,1591
1580,1475
1640,1600
1527,1505
1336,1357
1409,1441
1394,1442
1387,1385
1539,1595
1669,1541
1543,1568
1463,1510
1660,1597
1620,1533
1446,1456
1552,1595
1543,1565
1375,1380
1396,1500
1398,1346
1605,1527
1474,1518
1423,1366
1634,1607
1493,1565
1660,1523
1335,1362
1581,1476
1349,1319
1438,1437
1439,1396
1319,1366
1524,1516
1613,1547
1525,1475
1355,1441
1622,1633
1623,1564
1347,1404
1374,1399
1581,1555
1647,1621
1410,1418
1508,1472
1550,1530
1465,1556
1511,1364
1433,1438
1334,1399
1491,1464
1440,1379
1425,1421
1372,1534
1583,1600
1659,1619
1378,1383
1599,1589
1338,1380
1407,1441
1438,1418
1342,1417
1374,1359
1639,1637
1580,1534
1651,1670
1661,1620
1523,1465
1565,1661
1593,1683
1656,1560
1467,1469
1531,1540
1423,1352
1586,1551
1567,1491
1545,1580
1337,1381
1616,1605
1415,1473
1407,1493
1435,1543
1562,1619
1678,1597
1573,1544
1567,1534
1655,1644
1400,1428
1362,1471
1616,1594
1477,1616
1349,1395
1628,1642
1455,1458
1697,1597
1580,1569
1330,1399
1350,1352
1511,1520
1526,1587
1416,1428
1563,1550
1418,1381
1464,1508
1625,1556
1472,1478
1436,1350
1544,1484
1554,1528
1643,1523
1568,1576
1448,1575
1692,1600
1553,1487
1550,1542
1453,1542
1457,1454
1320,1449
1316,1461
1601,1439
1595,1553
1453,1370
1444,1480
1634,1609
1449,1464
1493,1463
1288,1463
1422,1408
1517,1451
1579,1541
1668,1649
1432,1415
1362,1399
1545,1593
1482,1463
1427,1395
1590,1543
1502,1610
1523,1610
1586,1593
1638,1596
1439,1445
1636,1595
1387,1351
1513,1477
1561,1632
1567,1496
1418,1450
1379,1390
1459,1501
1546,1501
1566,1567
1394,1399
1335,1432
1555,1513
1650,1574
1618,1619
1523,1439
1308,1382
1608,1630
1475,1530
1398,1408
1295,1368
1337,1410
1372,1391
1636,1609
1407,1374
1389,1416
1645,1556
1508,1443
1529,1489
1560,1577
1656,1573
1649,1551
1615,1656
1534,1495
1420,1447
1600,1633
1494,1502
1581,1510
1373,1386
1551,1554
1428,1484
1599,1549
1586,1584
1558,1548
1343,1385
1631,1537
1513,1450
1481,1520
1480,1556
1423,1480
1626,1601
1388,1385
1595,1668
1597,1639
1526,1576
1560,1560
1610,1563
1406,1403
1617,1581
1422,1460
1316,1417
1444,1501
1554,1581
1624,1667
1568,1480
1407,1460
1468,1467
1604,1590
1318,1354
1543,1605
1588,1524
1651,1597
1451,1443
1380,1433
1554,1601
1384,1427
1334,1380
1350,1402
1743,1603
1547,1448
1415,1489
1503,1532
1488,1441
1391,1374
1353,1400
1330,1418
1405,1417
1508,1539
1644,1590
1463,1475
1629,1607
1244,1367
1679,1537
1643,1559
1477,1436
1449,1469
1306,1384
1619,1608
1490,1501
1452,1541
1588,1496
1576,1549
1509,1433
1434,1463
1534,1606
1448,1457
1509,1507
1502,1502
1405,1396
1599,1626
1450,1406
1374,1395
1466,1594
1371,1455
1347,1453
1675,1625
1370,1455
1377,1346
1373,1408
1400,1378
1625,1547
1620,1523
1613,1540
1455,1476
1611,1587
1492,1482
1444,1521
1617,1573
1425,1489
1414,1495
1514,1465
1390,1417
1522,1605
1646,1653
1595,1594
1428,1403
1681,1603
1339,1358
1513,1504
1570,1580
1447,1400
1361,1417
1584,1542
1649,1603
1366,1414
1478,1479
1429,1541
1430,1392
1616,1589
1458,1543
1460,1557
1411,1375
1558,1416
1352,1348
1601,1633
1385,1461
1518,1502
1548,1492
1382,1436
1417,1393
1455,1419
1588,1564
1552,1532
1621,1593
1632,1559
1731,1576
1637,1609
1654,1530
1600,1652
1603,1516
1528,1570
1663,1623
1582,1592
1563,1601
1629,1558
1522,1525
1656,1674
1578,1597
1377,1472
1343,1462
1350,1409
1707,1631
1586,1552
1642,1589
1535,1512
1547,1578
1486,1492
1361,1464
1640,1620
1440,1460
1444,1439
1499,1555
1374,1398
1574,1663
1628,1584
1656,1565
1625,1584
1605,1658
1359,1404
1484,1547
1604,1459
1421,1506
1391,1442
1471,1428
1626,1579
1310,1336
1437,1543
1598,1547
1660,1581
1604,1623
1292,1421
1665,1545
1531,1549
1347,1434
1645,1513
1433,1420
1385,1417
1317,1388
1293,1370
1431,1395
1562,1512
1509,1602
1317,1385
1449,1438
1426,1368
1624,1610
1646,1532
1416,1379
1514,1632
1485,1512
1537,1437
1523,1531
1320,1383
1414,1393
1409,1352
1452,1361
1676,1565
1358,1412
1551,1521
1266,1383
1572,1564
1323,1452
1510,1425
1607,1585
1397,1366
1417,1369
1440,1449
1440,1462
1431,1469
1589,1636
1590,1656
1360,1381
1595,1653
1333,1427
1642,1608
1672,1535
1338,1374
1366,1379
1550,1570
1384,1404
1539,1584
1528,1582
1401,1365
1476,1540
1431,1412
1666,1613
1542,1541
1572,1586
1594,1527
1365,1470
1504,1516
1581,1484
1397,1437
1375,1446
1581,1553
1406,1375
1588,1515
1572,1576
1546,1542
1394,1398
1448,1463
1397,1464
1347,1490
1557,1539
1553,1627
1414,1441
1479,1413
1278,1346
1715,1607
1387,1401
1480,1536
1570,1564
1656,1592
1554,1485
1404,1390
1302,1370
1616,1618
1628,1558
1445,1375
1484,1482
1543,1480
1507,1601
1588,1531
1468,1479
1589,1528
1514,1423
1343,1419
1449,1345
1627,1570
1569,1561
1330,1425
1387,1379
1650,1600
1617,1586
1673,1591
1372,1448
1649,1571
1600,1527
1629,1524
1388,1434
1422,1462
1620,1599
1603,1625
1503,1495
1544,1496
1469,1410
1638,1607
1369,1361
1540,1589
1696,1636
1382,1447
1310,1437
1445,1394
1378,1432
1536,1525
1624,1616
1506,1551
1746,1533
1318,1440
1673,1614
1487,1572
1481,1490
1487,1515
1501,1489
1629,1571
1565,1547
1581,1531
1397,1387
1555,1557
1451,1413
1604,1565
1385,1512
1483,1512
1547,1464
1590,1587
1595,1609
1634,1609
1632,1611
1455,1405
1363,1447
1566,1574
1653,1591
1357,1327
1659,1630
1343,1438
1657,1632
1536,1475
1542,1479
1608,1652
1620,1550
1448,1438
1429,1464
1496,1425
1556,1605
1381,1417
1344,1392
1548,1570
1534,1475
1576,1480
1564,1559
1295,1346
1527,1528
1368,1394
1404,1433
1477,1403
1510,1435
1622,1592
1401,1377
1340,1483
1408,1435
1561,1502
1415,1346
1599,1500
1597,1615
1445,1416
1571,1573
1403,1515
1498,1638
1599,1627
1548,1528
1496,1506
1477,1422
1568,1555
1343,1320
1599,1503
1370,1372
1648,1537
1619,1590
1578,1604
1569,1571
1385,1469
1610,1642
1409,1429
1511,1536
1409,1430
1422,1423
1620,1541
1425,1387
1482,1507
1477,1455
1527,1437
1361,1420
1528,1586
1445,1467
1369,1429
1564,1600
1412,1510
1574,1586
1345,1440
1585,1659
1495,1499
1588,1539
1504,1618
1634,1613
1407,1395
1471,1464
1492,1503
1463,1434
1343,1437
1449,1443
1473,1488
1423,1475
1352,1416
1482,1513
1394,1408
1514,1459
1564,1614
1474,1438
1605,1648
1441,1458
1444,1388
1422,1373
1364,1449
1576,1525
1488,1558
1646,1628
1491,1459
1665,1627
1521,1539
1540,1570
1438,1452
1463,1570
1534,1498
1494,1490
1371,1368
1489,1538
1411,1339
1401,1424
1623,1601
1353,1439
1614,1558
1439,1487
1500,1525
1650,1605
1552,1543
1503,1549
1502,1513
1656,1558
1435,1419
1335,1429
1627,1638
1476,1395
1494,1455
1390,1385
1595,1576
1372,1437
1463,1451
1660,1592
1526,1486
1451,1500
1416,1396
1572,1541
1673,1595
1398,1426
1482,1511
1560,1459
1431,1467
1339,1430
1520,1425
1450,1471
1466,1421
1541,1463
1605,1513
1474,1443
1595,1627
1569,1570
1338,1332
1584,1587
1628,1603
1579,1569
1426,1469
1398,1381
1516,1560
1481,1459
1482,1509
1669,1587
1419,1367
1581,1524
1576,1619
1560,1605
1331,1403
1702,1585
1446,1418
1395,1473
1621,1630
1609,1601
1299,1449
1478,1458
1445,1516
1500,1458
1540,1578
1407,1372
1507,1403
1467,1439
1615,1562
1549,1519
1527,1559
1406,1537
1621,1581
1616,1601
1367,1423
1370,1334
1513,1529
1635,1537
1342,1444
1637,1588
1365,1372
1531,1541
1391,1478
1555,1536
1354,1374
1529,1511
1355,1444
1595,1505
1570,1497
1402,1463
1580,1497
1497,1437
1611,1531
1359,1435
1620,1544
1439,1372
1572,1613
1496,1322
1372,1398
1418,1403
1525,1426
1553,1540
1685,1578
1421,1425
1630,1586
1514,1572
1614,1601
1485,1482
1472,1510
1535,1471
1604,1582
1368,1443
1518,1517
1605,1655
1342,1440
1347,1386
1355,1421
1467,1478
1580,1600
1461,1362
1424,1451
1614,1647
1441,1392
1414,1431
1525,1441
1445,1421
1354,1449
1587,1570
1421,1403
1412,1446
1558,1591
1622,1582
1386,1336
1432,1409
1591,1552
1438,1471
1713,1587
1427,1473
1432,1457
1636,1513
1496,1571
1412,1449
1624,1525
1427,1383
1486,1566
1508,1511
1539,1534
1561,1499
1360,1371
1559,1441
1495,1498
1685,1595
1425,1441
1583,1615
1530,1531
1506,1513
1468,1519
