ch1,ch2
1538,1535
1554,1471
1488,1558
1510,1523
1530,1597
1566,1519
1499,1506
1578,1548
1531,1550
1466,1594
1505,1579
1515,1569
1565,1529
1649,1531
1510,1578
1583,1604
1606,1561
1614,1507
1626,1579
1525,1511
1569,1609
1668,1591
1569,1522
1567,1633
1618,1613
1631,1588
1739,1646
1541,1654
1648,1661
1607,1622
1612,1503
1652,1600
1616,1627
1654,1514
1629,1552
1647,1653
1595,1562
1671,1563
1634,1587
1584,1646
1577,1615
1638,1590
1663,1597
1639,1568
1606,1616
1725,1590
1636,1611
1550,1496
1605,1601
1645,1541
1601,1602
1646,1570
1611,1590
1583,1619
1582,1539
1541,1449
1564,1520
1559,1488
1598,1580
1544,1546
1566,1425
1542,1499
1525,1530
1685,1604
1464,1510
1588,1510
1525,1558
1679,1518
1524,1417
1521,1507
1456,1475
1400,1446
1447,1473
1454,1466
1450,1488
1464,1407
1458,1403
1490,1486
1458,1530
1439,1497
1431,1484
1534,1524
1326,1506
1458,1373
1492,1445
1445,1396
1414,1373
1502,1451
1406,1411
1382,1329
1378,1423
1303,1428
1345,1404
1355,1385
1337,1343
1396,1432
1380,1399
1371,1436
1382,1472
1417,1434
1347,1380
1382,1326
1417,1472
1487,1462
1413,1415
1375,1401
1384,1426
1400,1424
1400,1449
1477,1464
1441,1370
1401,1466
1415,1366
1392,1400
1299,1400
1443,1527
1473,1397
1390,1431
1374,1432
1382,1423
1375,1361
1341,1366
1502,1413
1427,1572
1385,1332
1429,1415
1359,1441
1378,1442
1553,1503
1438,1477
1381,1492
1359,1446
1383,1538
1392,1445
1422,1504
1514,1500
1412,1453
1562,1584
1340,1485
1527,1567
1401,1613
1617,1537
1460,1444
1404,1527
1632,1595
1462,1516
1408,1505
1402,1457
1516,1586
1346,1431
1505,1567
1580,1611
1537,1573
1496,1508
1578,1566
1563,1519
1575,1604
1639,1618
1549,1612
1616,1604
1583,1568
1435,1477
1339,1427
1622,1604
1640,1588
1555,1599
1566,1500
1407,1405
1593,1513
1632,1604
1405,1464
1707,1647
1521,1555
1652,1583
1666,1612
1496,1486
1661,1568
1650,1637
1542,1578
1624,1576
1641,1572
1583,1514
1453,1389
1666,1594
1661,1579
1547,1471
1535,1579
1569,1634
1454,1449
1490,1513
1473,1462
1617,1589
1576,1607
1547,1570
1529,1481
1571,1651
1582,1529
1572,1602
1533,1533
1631,1515
1311,1560
1544,1572
1595,1591
1501,1524
1514,1570
1588,1584
1461,1373
1536,1520
1447,1425
1660,1593
1379,1395
1373,1406
1396,1409
1617,1598
1435,1517
1630,1594
1528,1560
1562,1531
1469,1353
1469,1424
1528,1473
1525,1518
1606,1599
1357,1454
1479,1489
1409,1421
1547,1448
1667,1576
1665,1487
1315,1449
1559,1486
1538,1510
1536,1626
1445,1308
1530,1568
1269,1379
1459,1604
1471,1414
1450,1465
1389,1376
1387,1446
1613,1602
1457,1417
1381,1462
1440,1532
1394,1470
1501,1436
1396,1415
1423,1475
1358,1413
1540,1572
1637,1553
1427,1460
1387,1443
1400,1492
1608,1532
1438,1351
1567,1539
1355,1382
1491,1501
1503,1599
1459,1517
1394,1429
1460,1442
1536,1543
1469,1534
1352,1409
1441,1573
1380,1439
1403,1391
1600,1596
1597,1616
1546,1486
1552,1620
1367,1438
1660,1495
1460,1463
1446,1488
1416,1449
1434,1417
1649,1569
1668,1535
1612,1565
1640,1573
1452,1479
1489,1518
1562,1584
1430,1381
1480,1536
1624,1618
1550,1629
1668,1651
1684,1562
1325,1374
1616,1573
1619,1647
1486,1434
1638,1687
1611,1621
1478,1479
1435,1348
1510,1482
1407,1480
1365,1487
1483,1510
1430,1492
1500,1419
1635,1583
1347,1394
1536,1470
1575,1508
1562,1528
1568,1482
1384,1387
1569,1582
1572,1607
1571,1505
1432,1514
1332,1446
1459,1528
1578,1486
1625,1560
1379,1386
1452,1474
1664,1565
1473,1444
1504,1562
1570,1593
1594,1513
1397,1351
1673,1650
1624,1581
1360,1367
1372,1563
1537,1611
1548,1566
1374,1538
1311,1376
1611,1565
1505,1440
1585,1506
1487,1425
1492,1396
1503,1558
1500,1448
1353,1405
1525,1693
1420,1435
1670,1609
1398,1441
1592,1523
1648,1523
1623,1534
1393,1410
1548,1610
1519,1605
1380,1383
1382,1427
1393,1390
1543,1576
1326,1452
1497,1448
1507,1549
1643,1597
1507,1607
1447,1486
1433,1480
1653,1616
1616,1639
1397,1405
1423,1489
1636,1613
1497,1496
1458,1466
1596,1585
1339,1462
1463,1428
1424,1371
1492,1579
1503,1539
1361,1557
1563,1607
1704,1585
1614,1578
1444,1505
1626,1592
1436,1406
1455,1416
1463,1505
1394,1509
1351,1438
1473,1440
1307,1351
1577,1524
1418,1522
1455,1441
1506,1563
1523,1493
1593,1554
1393,1413
1498,1492
1416,1403
1660,1622
1548,1526
1421,1435
1454,1385
1356,1405
1601,1545
1502,1461
1362,1417
1436,1504
1369,1472
1641,1568
1663,1579
1377,1355
1631,1511
1617,1560
1343,1431
1547,1492
1442,1457
1500,1566
1388,1363
1479,1460
1617,1508
1621,1537
1361,1356
1602,1579
1483,1504
1493,1505
1400,1404
1390,1417
1628,1574
1421,1410
1484,1490
1358,1361
1618,1630
1623,1628
1451,1424
1471,1571
1538,1504
1539,1473
1466,1489
1422,1333
1453,1413
1576,1450
1494,1438
1488,1434
1631,1585
1429,1411
1617,1579
1465,1602
1407,1437
1316,1440
1357,1445
1449,1392
1463,1525
1513,1525
1497,1485
1403,1462
1452,1379
1296,1391
1431,1535
1264,1379
1625,1572
1343,1368
1473,1500
1592,1578
1611,1609
1553,1492
1584,1549
1437,1441
1453,1558
1558,1494
1438,1332
1387,1466
1460,1406
1531,1542
1355,1387
1541,1591
1474,1541
1592,1576
1595,1584
1633,1661
1297,1372
1562,1613
1569,1583
1512,1525
1571,1585
1360,1389
1537,1634
1434,1421
1377,1405
1602,1643
1366,1427
1399,1563
1576,1599
1628,1638
1394,1393
1349,1392
1606,1603
1450,1378
1422,1503
1653,1643
1567,1563
1566,1506
1500,1443
1632,1614
1630,1599
1447,1646
1342,1473
1399,1419
1662,1622
1349,1352
1514,1669
1314,1390
1580,1603
1379,1380
1334,1397
1532,1462
1394,1364
1521,1395
1368,1439
1581,1612
1690,1636
1346,1434
1612,1595
1493,1498
1514,1341
1340,1474
1420,1425
1534,1579
1419,1418
1471,1517
1384,1355
1482,1459
1527,1551
1532,1503
1629,1563
1487,1508
1537,1493
1384,1466
1583,1579
1406,1423
1559,1460
1618,1595
1558,1562
1541,1507
1330,1423
1603,1628
1491,1512
1422,1405
1603,1519
1413,1424
1640,1651
1580,1623
1691,1643
1655,1556
1496,1543
1503,1550
1598,1623
1355,1392
1362,1389
1446,1520
1444,1542
1286,1436
1460,1448
1431,1398
1411,1362
1571,1589
1614,1545
1403,1442
1404,1381
1520,1598
1350,1447
1363,1416
1603,1628
1433,1476
1596,1533
1437,1484
1340,1361
1552,1577
1328,1385
1358,1454
1348,1418
1376,1356
1336,1410
1548,1515
1359,1334
1493,1477
1494,1543
1601,1660
1439,1478
1400,1398
1477,1447
1542,1580
1554,1644
1401,1518
1436,1581
1624,1626
1577,1518
1403,1412
1485,1443
1403,1387
1598,1522
1631,1565
1425,1447
1599,1563
1616,1568
1343,1320
1560,1648
1421,1448
1369,1420
1551,1507
1586,1616
1445,1401
1542,1604
1362,1392
1423,1436
1447,1451
1543,1557
1627,1637
1584,1576
1355,1453
1414,1452
1537,1556
1444,1477
1559,1616
1670,1583
1528,1471
1330,1406
1610,1623
1496,1569
1476,1460
1598,1576
1438,1448
1424,1408
1687,1585
1678,1591
1446,1357
1602,1640
1574,1621
1376,1352
1497,1526
1669,1552
1410,1383
1311,1505
1686,1600
1417,1375
1598,1600
1691,1599
1529,1691
1532,1549
1498,1515
1443,1402
1554,1590
1642,1660
1668,1560
1495,1478
1490,1524
1601,1601
1592,1614
1395,1442
1406,1437
1516,1441
1550,1483
1364,1464
1532,1534
1494,1540
1545,1518
1473,1557
1578,1566
1543,1620
1342,1390
1499,1426
1489,1411
1578,1441
1531,1460
1647,1608
1390,1444
1412,1314
1593,1583
1459,1424
1577,1537
1321,1457
1601,1615
1517,1431
1505,1448
1542,1517
1620,1635
1404,1445
1584,1623
1602,1559
1473,1470
1369,1378
1413,1463
1551,1572
1526,1591
1619,1638
1579,1540
1536,1542
1440,1476
1629,1633
1481,1540
1544,1449
1517,1447
1310,1400
1641,1524
1604,1581
1430,1446
1484,1476
1414,1382
1338,1462
1434,1328
1559,1432
1427,1396
1544,1536
1542,1546
1534,1411
1553,1528
1494,1491
1406,1495
1639,1595
1623,1526
1593,1618
1344,1430
1627,1573
1495,1447
1651,1582
1584,1627
1653,1630
1636,1622
1665,1614
1553,1441
1505,1543
1548,1578
1350,1436
1523,1575
1614,1666
1511,1406
1555,1606
1421,1501
1490,1546
1574,1478
1650,1561
1577,1675
1496,1535
1642,1645
1667,1599
1571,1515
1472,1592
1538,1554
1427,1398
1564,1609
1490,1380
1490,1428
1463,1430
1678,1558
1545,1492
1673,1612
1535,1487
1501,1456
1596,1617
1738,1608
1426,1408
1681,1676
1611,1536
1331,1494
1373,1374
1399,1477
1375,1345
1434,1397
1643,1626
1618,1610
1692,1622
1610,1636
1569,1603
1427,1480
1626,1477
1433,1549
1282,1356
1491,1561
1359,1368
1426,1471
1372,1423
1401,1451
1398,1394
1422,1371
1355,1368
1543,1500
1687,1570
1398,1499
1691,1584
1418,1444
1336,1435
1517,1543
1560,1540
1593,1577
1701,1649
1714,1619
1307,1355
1422,1492
1494,1622
1560,1496
1484,1458
1585,1577
1435,1429
1609,1595
1396,1397
1409,1471
1553,1567
1489,1478
1329,1479
1613,1627
1420,1418
1432,1556
1376,1419
1563,1585
1549,1494
1604,1546
1405,1398
1501,1533
1630,1470
1367,1447
1502,1550
1472,1458
1484,1508
1548,1526
1496,1504
1613,1556
1644,1555
1655,1581
1339,1308
1377,1361
1465,1395
1594,1489
1406,1439
1438,1435
1557,1604
1409,1419
1393,1503
1555,1590
1365,1400
1593,1534
1398,1497
1550,1501
1592,1569
1616,1551
1542,1434
1621,1490
1486,1484
1455,1390
1597,1636
1593,1613
1562,1536
1583,1550
1454,1475
1487,1443
1441,1476
1529,1487
1482,1529
1503,1423
1423,1370
1445,1502
1314,1400
1477,1477
1493,1471
1622,1569
1427,1465
1343,1406
1519,1514
1347,1547
1371,1443
1553,1570
1444,1470
1453,1438
1422,1508
1502,1525
1371,1445
1491,1567
1442,1480
1565,1455
1573,1576
1365,1422
1352,1432
1418,1455
1501,1603
1472,1487
1572,1607
1351,1369
1416,1415
1569,1512
1486,1445
1558,1489
1355,1374
1414,1392
1431,1399
1436,1424
1456,1477
1628,1470
1496,1384
1631,1573
1337,1458
1652,1559
1579,1468
1413,1452
1639,1657
1451,1444
1590,1492
1366,1400
1415,1441
1359,1440
1396,1315
1674,1636
1523,1505
1367,1383
1599,1479
1347,1319
1592,1495
1581,1544
1687,1653
1464,1426
1410,1408
1587,1590
1423,1445
1732,1637
1451,1360
1403,1452
1607,1622
1372,1431
1636,1572
1612,1607
1565,1568
1585,1441
1412,1431
1569,1498
1485,1475
1707,1554
1471,1515
1527,1534
1353,1355
1467,1418
1431,1504
1461,1481
1494,1459
1585,1497
1546,1590
1343,1511
1400,1343
1565,1554
1350,1367
1582,1487
1619,1507
1642,1568
1612,1504
1530,1526
1416,1393
1527,1536
1389,1411
1417,1425
1364,1529
1349,1418
1490,1602
1374,1476
1538,1474
1484,1529
1388,1393
1526,1551
1669,1550
1687,1532
1408,1348
1480,1405
1578,1652
1314,1372
1336,1412
1602,1545
1596,1558
1617,1592
1613,1551
1391,1435
1413,1423
1374,1440
1424,1314
1552,1492
1538,1465
1369,1427
1608,1495
1628,1529
1435,1420
1412,1390
1336,1466
1390,1402
1381,1478
1346,1347
1417,1381
1333,1387
1341,1445
1438,1461
1567,1634
1378,1367
1394,1535
1618,1610
1403,1429
1585,1544
1340,1376
1652,1551
1489,1505
1525,1499
1655,1570
1385,1461
1693,1582
1456,1455
1412,1409
1623,1642
1360,1555
1360,1459
1436,1492
1387,1407
1356,1436
1599,1629
1345,1489
1469,1466
1343,1400
1346,1444
1549,1434
1583,1566
1636,1538
1383,1425
1394,1409
1525,1686
1508,1586
1583,1585
1483,1501
1568,1473
1674,1566
1443,1464
1620,1587
1591,1519
1520,1444
1384,1557
1505,1613
1400,1364
1581,1557
1637,1654
1532,1515
1393,1390
1539,1574
1410,1411
1616,1588
1377,1409
1367,1348
1531,1584
1471,1420
1597,1490
1353,1444
1591,1627
1343,1412
1275,1385
1379,1426
1439,1340
1353,1387
1544,1448
1599,1653
1454,1482
1533,1552
1597,1526
1369,1459
1379,1418
1530,1360
1505,1406
1624,1582
1441,1449
1367,1368
1571,1488
1644,1603
1358,1447
1478,1535
1560,1592
1393,1375
1428,1484
1635,1633
1563,1535
1552,1599
1435,1385
1581,1620
1540,1428
1459,1471
1403,1384
1644,1616
1560,1653
1299,1421
1419,1410
1578,1571
1370,1443
1641,1558
1439,1377
1358,1599
1313,1413
1465,1492
1378,1423
1496,1479
1456,1523
1633,1594
1315,1444
1402,1436
1593,1575
1520,1530
1359,1435
1396,1425
1418,1359
1432,1499
1602,1518
1653,1609
1390,1489
1497,1589
1619,1604
1472,1490
1544,1465
1614,1619
1534,1519
1457,1446
1387,1376
1677,1556
1570,1597
1301,1357
1559,1623
1384,1372
1683,1631
1490,1453
1657,1547
1496,1384
1536,1546
1325,1380
1595,1559
1367,1401
1608,1553
1388,1408
1495,1547
1444,1537
1481,1578
1774,1608
1394,1418
1341,1439
1422,1409
1675,1565
1540,1584
1667,1591
1464,1475
1585,1551
1666,1650
1355,1374
1589,1678
1562,1540
1356,1509
1480,1478
1543,1453
1512,1567
1534,1415
1458,1490
1488,1428
1432,1496
1351,1474
1399,1345
1368,1335
1512,1537
1540,1476
1465,1460
1409,1425
1622,1601
1590,1614
1659,1583
1564,1572
1376,1399
1505,1450
1549,1434
1437,1598
1595,1567
1391,1443
1405,1398
1373,1445
1373,1414
1470,1497
1401,1495
1620,1491
1360,1440
1397,1407
1418,1386
1346,1412
1380,1440
1397,1413
1472,1564
1363,1417
1427,1350
1644,1573
1399,1351
1552,1687
1538,1554
1482,1527
1358,1323
1400,1468
1549,1522
1388,1366
1518,1507
1374,1312
1535,1429
1494,1516
1469,1419
1336,1464
1524,1524
1392,1482
1486,1500
1612,1617
1374,1427
1423,1513
1481,1514
1544,1483
1408,1422
1539,1613
1639,1634
1500,1653
1345,1395
1600,1660
1494,1481
1678,1553
1307,1314
1573,1573
1320,1417
1540,1478
1636,1590
1552,1627
1271,1414
1389,1385
1558,1558
1404,1420
1485,1386
1481,1431
1581,1445
1665,1582
1443,1448
1369,1410
1559,1609
1348,1409
1458,1458
1549,1578
1532,1562
1590,1595
1529,1544
1676,1609
1540,1535
1547,1529
1462,1393
1623,1628
1363,1338
1399,1350
1636,1583
1614,1627
1429,1501
1468,1377
1453,1508
1353,1302
1590,1638
1605,1493
1412,1445
1689,1633
1350,1368
1512,1544
1597,1547
1530,1435
1386,1447
1660,1562
1451,1393
1391,1367
1428,1486
1630,1604
1595,1435
1364,1455
1510,1574
1420,1458
1604,1560
1431,1568
1454,1387
1647,1611
1642,1650
1576,1575
1370,1439
1442,1405
1629,1572
1586,1519
1432,1452
1585,1613
1425,1482
1629,1663
1359,1472
1690,1601
1611,1601
1355,1388
1265,1423
1580,1511
1633,1555
1401,1378
1631,1610
1488,1550
1404,1436
1584,1607
1597,1634
1371,1427
1484,1492
1453,1491
1475,1444
1553,1471
1422,1393
1548,1511
1434,1377
1619,1556
1346,1325
1580,1596
1471,1422
1384,1385
1384,1451
1577,1418
1397,1492
1543,1637
1441,1473
1619,1503
1624,1638
1452,1506
1556,1644
1733,1493
1682,1673
1614,1476
1523,1659
1625,1630
1513,1561
1641,1638
1340,1373
1455,1480
1453,1457
1465,1576
1551,1469
1389,1585
1624,1559
1639,1552
1304,1397
1599,1665
1630,1594
1554,1636
1642,1542
1360,1413
1323,1438
1665,1594
1671,1608
1509,1575
1407,1465
1625,1613
1474,1550
1612,1579
1325,1368
1516,1495
1422,1556
1463,1523
1392,1383
1523,1554
1356,1424
1602,1593
1369,1427
1380,1339
1599,1628
1319,1402
1352,1373
1654,1609
1400,1363
1705,1621
1584,1634
1396,1389
1293,1355
1506,1434
1664,1637
1543,1517
1496,1501
1480,1451
1616,1647
1479,1389
1599,1520
1567,1588
1655,1632
1519,1503
1413,1442
1567,1577
1626,1618
1459,1452
1567,1544
1274,1362
1580,1620
1617,1626
1498,1525
1467,1435
1365,1471
1451,1433
1364,1406
1545,1511
1449,1480
1382,1359
1508,1474
1578,1598
1512,1446
1716,1552
1683,1599
1545,1649
1535,1595
1459,1422
1614,1555
1616,1573
1601,1571
1552,1557
1401,1349
1455,1413
1585,1564
1596,1554
1413,1447
1661,1581
1498,1365
1614,1573
1543,1572
1595,1672
1432,1408
1687,1624
1409,1395
1617,1599
1626,1501
1437,1507
1526,1494
1423,1402
1407,1397
1435,1449
1723,1549
1480,1472
1415,1479
1372,1434
1475,1537
1412,1523
1523,1395
1554,1576
1527,1587
1342,1482
1406,1521
1362,1368
1573,1565
1583,1602
1609,1585
1593,1635
1460,1520
1638,1595
1608,1517
1432,1449
1590,1636
1407,1434
1607,1547
1469,1486
1421,1491
1378,1543
1595,1533
1633,1610
1346,1441
1655,1664
1634,1585
1535,1568
1670,1608
1617,1563
1403,1441
1308,1342
1530,1483
1455,1429
1563,1578
1488,1435
1508,1454
1497,1473
1404,1393
1362,1366
1496,1500
1471,1523
1545,1570
1678,1612
1486,1374
1371,1407
1594,1615
1597,1597
1546,1506
1421,1369
1514,1549
1383,1427
1398,1427
1606,1693
1314,1359
1607,1588
1308,1423
1455,1485
1547,1603
1460,1421
1599,1636
1457,1504
1350,1392
1347,1399
1607,1573
1546,1509
1424,1361
1509,1552
1395,1314
1397,1334
1545,1637
1480,1513
1420,1444
1582,1594
1378,1465
1541,1567
1333,1398
1346,1446
1556,1521
1438,1458
1500,1409
1441,1411
1537,1522
1471,1525
1487,1412
1576,1472
1471,1503
1425,1376
1545,1545
1406,1489
1466,1474
1578,1547
1424,1472
1418,1430
1628,1609
1674,1630
1485,1557
1426,1384
1356,1391
1647,1540
1473,1605
1574,1569
1483,1513
1607,1576
1593,1555
1541,1528
1501,1484
1372,1383
1451,1495
1559,1595
1350,1458
1614,1630
1421,1415
1448,1545
1519,1424
1501,1446
1591,1506
1397,1458
1705,1646
1485,1417
1402,1366
1540,1629
1657,1553
1449,1354
1445,1427
1587,1628
1484,1425
1400,1432
1346,1389
1436,1487
1563,1538
1620,1577
1438,1452
1507,1432
1537,1552
1652,1592
1684,1499
1411,1365
1536,1438
1661,1580
1359,1349
1565,1535
1311,1406
1432,1537
1397,1397
1531,1529
1526,1540
1655,1613
1619,1561
1626,1573
1402,1507
1527,1584
1616,1601
1297,1449
1478,1530
1435,1384
1319,1435
1415,1496
1682,1607
1593,1613
1438,1379
1578,1530
1312,1344
1577,1682
1298,1448
1608,1476
1383,1455
1453,1533
1541,1652
1535,1536
1550,1571
1589,1606
1372,1397
1596,1586
1545,1559
1472,1500
1570,1570
1443,1409
1606,1632
1517,1571
1352,1383
1464,1481
1383,1428
1620,1556
1464,1439
1344,1360
1592,1522
1670,1568
1619,1587
1387,1426
1477,1434
1543,1590
1455,1570
1480,1537
1552,1615
1614,1590
1452,1429
1560,1498
1452,1486
1319,1358
1384,1397
1574,1597
1451,1433
1447,1517
1418,1408
1349,1354
1474,1447
1395,1350
1351,1409
1462,1598
1348,1436
1601,1633
1513,1466
1742,1568
1727,1617
1539,1551
1582,1529
1595,1598
1387,1426
1401,1425
1594,1632
1454,1424
1350,1404
1621,1532
1603,1675
1378,1431
1592,1675
1387,1453
1376,1389
1523,1551
1542,1586
1483,1533
1405,1361
1617,1608
1670,1572
1616,1541
1383,1433
1409,1369
1528,1522
1642,1613
1534,1622
1482,1378
1595,1583
1326,1439
1484,1403
1517,1430
1437,1505
1569,1535
1413,1357
1423,1423
1571,1425
1593,1552
1667,1646
1418,1400
1552,1607
1560,1462
1517,1499
1525,1514
1655,1507
1372,1433
1364,1421
1336,1319
1712,1668
1588,1608
1691,1621
1384,1417
1579,1521
1377,1429
1369,1336
1640,1636
1443,1481
1721,1632
1680,1606
1544,1519
1600,1600
1441,1400
1533,1590
1396,1470
1396,1382
1560,1588
1579,1646
1422,1394
1370,1427
1469,1533
1595,1529
1361,1450
1617,1638
1366,1415
1354,1356
1469,1462
1362,1481
1547,1543
1472,1435
1447,1525
1420,1460
1539,1559
1392,1439
1672,1609
1617,1544
1573,1456
1548,1631
1397,1438
1612,1650
1673,1602
1539,1537
1433,1415
1617,1550
1622,1613
1375,1425
1390,1550
1603,1637
1441,1525
1698,1589
1566,1514
1317,1458
1381,1412
1432,1523
1597,1564
1652,1611
1489,1534
1589,1610
1420,1449
1456,1478
1417,1438
1420,1488
1448,1343
1318,1390
1602,1499
1443,1375
1665,1548
1440,1494
1501,1506
1441,1453
1639,1618
1431,1442
1428,1432
1553,1475
1319,1406
1429,1448
1520,1383
1640,1566
1699,1579
1441,1410
1661,1655
1428,1494
1361,1379
1416,1497
1463,1427
1271,1457
1532,1533
1414,1363
1487,1475
1619,1583
1581,1423
1620,1604
1661,1649
1543,1564
1631,1484
1647,1584
1627,1574
1499,1526
1666,1573
1671,1513
1635,1625
1373,1370
1565,1557
1385,1412
1465,1379
1472,1567
1556,1653
1432,1490
1429,1468
1632,1532
1518,1677
1300,1436
1324,1389
1470,1499
1558,1632
1456,1464
1454,1481
1476,1378
1415,1470
1573,1624
1503,1427
1357,1416
1566,1573
1550,1594
1342,1423
1532,1455
1439,1428
1444,1547
1571,1615
1508,1524
1375,1415
1601,1535
1445,1414
1436,1516
1422,1376
1375,1404
1514,1579
1584,1503
1556,1520
1349,1372
1454,1561
1476,1341
1438,1435
1456,1407
1543,1565
1494,1411
1445,1388
1492,1510
1455,1429
1489,1518
1589,1589
1362,1412
1369,1453
1615,1582
1558,1637
1520,1569
1648,1587
1356,1443
1510,1390
1471,1500
1347,1390
1375,1364
1529,1536
1676,1516
1401,1434
1493,1525
1407,1417
1601,1562
1635,1537
1517,1411
1602,1587
1653,1619
1398,1381
1622,1564
1604,1646
1616,1554
1557,1432
1462,1483
1689,1579
1568,1450
1674,1575
1593,1580
1660,1682
1612,1595
1419,1386
1599,1580
1410,1482
1482,1394
1383,1428
1377,1439
1451,1469
1581,1524
1383,1448
1539,1590
1501,1530
1366,1297
1584,1436
1654,1587
1417,1359
1409,1453
1424,1430
1434,1397
1469,1489
1414,1482
1641,1602
1554,1544
1487,1379
1555,1572
1418,1444
1649,1662
1637,1611
1393,1448
1628,1551
1378,1375
1409,1454
1429,1352
1407,1318
1554,1494
1406,1519
1571,1540
1575,1575
1380,1380
1578,1599
1661,1656
1453,1420
1378,1596
1645,1636
1570,1445
1594,1541
1449,1363
1397,1386
1354,1453
1391,1367
1601,1559
1616,1592
1411,1408
1612,1592
1614,1542
1506,1463
1533,1581
1407,1381
1433,1443
1443,1404
1384,1463
1606,1582
1381,1452
1531,1535
1638,1546
1569,1608
1302,1387
1473,1478
1661,1559
1612,1433
1611,1582
1738,1497
1371,1454
1461,1504
1383,1450
1386,1523
1430,1385
1511,1465
1632,1457
1530,1541
1458,1578
1400,1358
1521,1553
1543,1551
1567,1599
1361,1434
1460,1547
1384,1434
1637,1574
1372,1455
1373,1416
1607,1554
1444,1374
1630,1546
1366,1378
1617,1591
1485,1468
1347,1358
1628,1588
1627,1582
1575,1566
1589,1570
1569,1515
1412,1462
1515,1596
1562,1477
1592,1664
1543,1487
1616,1540
1604,1581
1591,1584
1658,1541
1431,1528
1509,1540
1652,1578
1585,1452
1605,1592
1582,1621
1465,1536
1573,1560
1472,1399
1441,1451
1529,1566
1370,1438
1385,1383
1636,1562
1409,1393
1566,1573
1482,1528
1368,1368
1436,1439
1587,1604
1571,1408
1386,1419
1449,1497
1465,1461
1532,1539
1621,1562
1632,1534
1430,1435
1718,1567
1473,1438
1465,1460
1589,1455
1560,1506
1616,1607
1588,1624
1480,1366
1505,1417
1640,1594
1591,1588
1514,1472
1468,1370
1552,1561
1426,1433
1567,1509
1672,1523
1483,1419
1507,1524
1572,1527
1618,1476
1341,1421
1456,1505
1688,1616
1349,1447
1532,1573
1497,1403
1386,1472
1346,1454
1590,1535
1469,1462
1507,1520
1645,1591
1371,1421
1450,1367
1646,1596
1494,1560
1654,1588
1535,1607
1638,1628
1364,1445
1588,1560
1588,1586
1452,1544
1435,1411
1392,1383
1471,1367
1543,1572
1519,1422
1526,1582
1449,1524
1347,1414
1409,1371
1476,1407
1591,1593
1563,1557
1572,1604
1507,1542
1387,1514
1529,1601
1360,1370
1509,1462
1580,1600
1566,1619
1523,1481
1400,1386
1422,1490
1525,1476
1617,1626
1500,1473
1408,1452
1399,1364
1376,1393
1617,1586
1559,1644
1440,1479
1462,1513
1490,1452
1414,1383
1571,1533
1479,1498
1559,1576
1390,1358
1460,1402
1616,1614
1430,1367
1344,1384
1596,1548
1550,1503
1389,1337
1537,1526
1623,1530
1514,1564
1648,1533
1519,1473
1388,1436
1623,1604
1527,1470
1555,1515
1543,1507
1627,1578
1428,1498
1401,1399
1565,1611
1362,1374
1379,1425
1435,1460
1509,1535
1427,1437
1577,1547
1428,1424
1379,1414
1421,1463
1345,1451
1610,1612
1596,1569
1513,1454
1491,1499
1451,1422
1547,1512
1299,1505
1541,1450
1541,1596
1557,1430
1652,1562
1418,1435
1455,1512
1395,1367
1570,1553
1528,1490
1362,1387
1512,1512
1572,1643
1493,1467
1614,1613
1513,1529
1681,1581
1612,1525
1440,1410
1485,1522
1577,1602
1407,1451
1395,1448
1650,1503
1518,1501
1646,1569
1465,1362
1550,1654
1517,1490
1621,1611
1333,1426
1582,1622
1431,1478
1628,1606
1496,1493
1446,1477
1540,1625
1439,1400
1613,1471
1729,1607
1629,1573
1527,1439
1400,1456
1586,1607
1380,1453
1596,1593
1375,1444
1486,1429
1409,1431
1522,1481
1389,1373
1447,1442
1431,1439
1523,1611
1620,1583
1557,1488
1487,1530
1628,1521
1458,1401
1420,1453
1468,1449
1354,1340
1693,1584
1635,1585
1627,1546
1499,1494
1498,1466
1502,1478
1520,1556
1612,1571
1424,1431
1411,1323
1592,1512
1538,1458
1532,1486
1558,1501
1361,1537
1585,1516
1521,1549
1317,1421
1497,1569
1552,1626
1485,1567
1608,1602
1578,1475
1679,1597
1564,1548
1551,1538
1578,1595
1626,1539
1377,1400
1546,1494
1615,1464
1440,1429
1462,1416
1504,1439
1476,1415
1550,1594
1595,1492
1462,1501
1597,1578
1384,1403
1540,1552
1593,1626
1352,1363
1388,1449
1477,1559
1577,1472
1323,1353
1523,1415
1626,1525
1387,1446
1452,1494
1451,1432
1387,1446
1604,1540
1393,1382
1570,1593
1304,1449
1528,1515
1572,1614
1436,1423
1548,1517
1454,1409
1677,1541
1570,1509
1404,1412
1606,1583
1643,1678
1536,1440
1548,1542
1477,1533
1551,1598
1582,1526
1507,1434
1342,1457
1591,1529
1388,1382
1469,1493
1380,1442
1447,1456
1579,1574
1417,1513
1565,1584
1454,1400
1576,1491
1547,1515
1363,1459
1406,1398
1492,1498
1612,1574
1612,1552
1558,1616
1539,1544
1378,1539
1457,1465
1413,1453
1399,1404
1599,1531
1488,1524
1506,1368
1461,1521
1401,1380
1295,1424
1374,1490
1503,1480
1537,1519
1599,1546
1600,1603
1543,1592
1343,1388
1446,1456
1439,1466
1540,1501
1293,1407
1499,1512
1589,1496
1609,1569
1513,1593
1594,1531
1610,1598
1464,1512
1364,1425
1454,1413
1354,1487
1576,1556
1517,1618
1655,1545
1373,1426
1626,1508
1351,1429
1384,1486
1668,1595
1435,1423
1430,1507
1403,1384
1355,1413
1492,1505
1632,1511
1454,1394
1609,1556
1494,1507
1627,1522
1491,1507
1379,1407
1415,1409
1511,1539
1636,1583
1570,1565
1411,1411
1614,1584
1416,1431
1544,1571
1530,1493
1435,1436
1574,1607
1517,1542
1351,1395
1522,1613
1502,1480
1463,1445
1528,1549
1590,1541
1457,1439
1539,1604
1619,1601
1628,1607
1560,1587
1368,1376
1461,1450
1500,1624
1468,1598
1556,1604
1457,1396
1589,1504
1613,1586
1624,1557
1525,1579
1507,1483
1250,1451
1649,1531
1361,1421
1525,1564
1337,1362
1452,1429
1526,1593
1431,1464
1522,1543
1550,1605
1553,1573
1421,1452
1572,1465
1315,1422
1393,1390
1420,1402
1490,1561
1628,1613
1569,1495
1580,1533
1282,1435
1520,1550
1367,1385
1489,1448
1468,1475
1455,1565
1626,1593
1364,1340
1551,1587
1598,1552
1391,1522
1457,1550
1529,1536
1620,1535
1334,1444
1502,1541
1432,1395
1413,1455
1429,1405
1355,1370
1476,1584
1390,1408
1563,1546
1441,1473
1588,1547
1608,1571
1611,1618
1360,1391
1394,1423
1562,1410
1322,1416
1566,1583
1587,1533
1414,1506
1454,1437
1513,1555
1643,1568
1323,1460
1622,1603
1615,1544
1401,1442
1623,1531
1407,1438
1415,1459
1647,1608
1422,1371
1608,1607
1373,1396
1562,1589
1617,1557
1356,1404
1530,1472
1505,1533
1403,1423
1431,1452
1446,1406
1555,1587
1358,1495
1526,1471
1596,1601
1373,1449
1428,1410
1593,1593
1397,1408
1444,1524
1433,1444
1385,1424
1430,1430
1394,1364
1493,1464
1440,1411
1582,1564
1470,1450
1334,1371
1442,1454
1498,1553
1387,1398
1595,1554
1487,1418
1435,1473
1427,1604
1520,1525
1394,1429
1343,1447
1521,1492
1568,1530
1426,1400
1430,1413
1336,1456
1418,1424
1547,1551
1553,1515
1410,1416
1361,1453
1443,1418
1591,1534
1633,1566
1528,1432
1548,1597
1635,1624
1593,1594
1577,1547
1499,1560
1481,1445
1304,1391
1520,1646
1402,1379
1566,1552
1485,1552
1596,1522
1480,1511
1406,1426
1425,1459
1577,1528
1651,1689
1395,1429
1591,1560
1622,1566
1462,1532
1325,1530
1332,1470
1547,1613
1479,1462
1463,1484
1630,1559
1534,1535
1525,1534
1631,1622
1440,1500
1381,1481
1551,1474
1538,1580
1507,1439
1505,1502
1397,1469
1487,1473
1408,1415
1529,1504
1537,1464
1519,1464
1434,1396
1601,1563
1641,1591
1388,1363
1622,1546
1373,1434
1675,1558
1618,1513
1545,1576
1620,1629
1408,1453
1668,1590
1415,1436
1524,1663
1509,1566
1581,1555
1431,1435
1574,1478
1538,1553
1509,1516
1418,1460
1318,1366
1547,1562
1430,1511
1372,1396
1600,1476
1543,1551
1587,1556
1391,1484
1618,1524
1507,1441
1445,1368
1434,1437
1597,1570
1492,1443
1391,1391
1528,1502
1430,1409
1475,1436
1381,1412
1544,1590
1421,1441
1529,1490
1478,1456
1441,1444
1378,1439
1552,1452
1354,1398
1447,1436
1562,1496
1449,1379
1509,1603
1578,1579
1619,1577
1525,1476
1416,1421
1403,1470
1655,1563
1542,1370
1587,1613
1501,1452
1614,1559
1475,1486
1427,1417
1416,1471
1505,1462
1381,1435
1438,1415
1614,1603
1667,1484
1562,1530
1339,1452
1514,1493
1367,1462
1542,1531
1534,1600
1510,1554
1456,1420
1568,1498
1469,1426
1477,1522
1450,1395
1378,1376
1373,1345
1456,1448
1560,1551
1328,1484
1453,1599
1526,1624
1371,1468
1527,1453
1474,1433
1512,1510
1496,1562
1395,1482
1586,1538
1565,1643
1659,1587
1579,1432
1535,1532
1413,1335
1358,1462
1551,1510
1639,1562
1555,1605
1303,1396
1406,1460
1576,1494
1400,1422
1535,1569
1605,1550
1533,1568
1441,1415
1461,1416
1632,1560
1386,1467
1593,1561
1461,1448
1538,1493
1446,1466
1494,1416
1585,1637
1543,1551
1421,1425
1462,1386
1572,1543
1508,1472
1607,1556
1491,1490
1564,1654
1378,1389
1557,1540
1490,1517
1388,1440
1468,1460
1608,1560
1577,1583
1451,1513
1508,1551
1603,1630
1606,1591
1377,1355
1549,1501
1607,1606
1538,1600
1522,1582
1445,1413
1595,1566
1549,1669
1530,1550
1383,1447
1382,1544
1343,1395
1529,1642
1443,1357
1687,1504
1601,1542
1573,1605
1515,1565
1315,1433
1387,1440
1635,1593
1611,1599
1369,1458
1581,1521
1596,1596
1421,1472
1544,1584
1464,1582
1605,1572
1651,1534
1309,1395
1375,1427
1600,1505
1512,1577
1540,1534
1532,1570
1517,1578
1632,1526
1415,1541
1487,1496
1591,1460
1488,1474
1557,1594
1558,1532
1438,1446
1516,1605
1550,1597
1516,1543
1374,1414
1408,1402
1448,1516
1510,1493
1464,1501
1581,1563
1477,1422
1386,1395
1510,1582
1579,1549
1524,1566
1311,1445
1487,1550
1449,1576
1480,1432
1408,1477
1551,1595
1409,1459
1564,1547
1430,1477
1430,1493
1497,1516
1475,1517
1565,1520
1444,1451
1477,1442
1422,1438
1552,1547
1391,1441
1533,1529
1561,1501
1443,1402
1389,1341
1499,1477
1652,1535
1584,1551
1551,1486
1451,1459
1485,1517
1572,1560
1525,1583
1520,1570
1603,1550
1487,1430
1518,1513
1502,1369
1339,1450
1522,1501
1563,1587
1466,1460
1576,1614
1450,1529
1443,1468
1471,1453
1418,1363
1548,1510
1607,1477
1416,1455
1372,1439
1438,1387
1575,1573
1422,1491
1404,1420
1573,1531
1360,1450
1402,1405
1483,1425
1550,1642
1390,1496
1563,1565
1445,1422
1544,1490
1419,1460
1565,1500
1531,1533
1342,1432
1576,1620
1466,1467
1593,1565
1538,1631
1425,1362
1421,1435
1562,1580
1403,1479
1523,1556
1491,1456
1547,1514
1474,1380
1612,1526
1382,1472
1533,1578
1601,1500
1623,1602
1549,1511
1462,1530
1412,1452
1588,1559
1505,1500
1582,1558
1379,1461
1473,1639
1588,1486
1487,1503
1548,1657
1540,1542
1498,1550
1566,1532
1410,1437
1533,1614
1382,1415
1527,1550
1382,1498
1409,1450
1572,1456
1364,1434
1401,1441
1625,1569
1500,1485
1531,1603
1481,1560
1487,1473
1521,1575
1565,1572
1662,1588
1593,1559
1579,1608
1496,1483
1426,1442
1415,1367
1592,1534
1437,1434
1395,1460
1425,1439
1448,1507
1424,1488
1395,1437
1460,1558
1416,1418
1483,1553
1408,1457
1435,1490
1357,1414
1417,1406
1559,1558
1607,1605
1575,1570
1445,1356
1454,1578
1443,1438
1429,1534
1665,1501
1455,1377
1391,1452
1608,1577
1545,1548
1580,1574
1536,1583
1370,1406
1592,1571
1525,1441
1533,1529
1408,1452
1565,1531
1609,1592
1416,1482
1430,1483
1379,1415
1436,1507
1408,1418
1510,1494
1506,1491
1473,1446
1516,1518
1431,1448
1503,1438
1610,1599
1434,1466
1659,1523
1498,1500
1614,1549
1619,1580
1376,1422
1618,1565
1357,1459
1496,1428
1572,1558
1395,1485
1411,1400
1379,1449
1592,1547
1533,1445
1481,1390
1416,1365
1648,1629
1417,1504
1594,1436
1408,1407
1572,1530
1550,1489
1607,1549
1462,1454
1398,1494
1464,1417
1452,1375
1372,1448
1439,1438
1504,1445
1464,1498
1463,1439
1407,1422
1574,1502
1366,1315
1561,1477
1639,1571
1368,1447
1494,1446
1409,1406
1449,1572
1427,1370
1531,1557
1626,1549
1509,1520
1605,1516
1384,1483
1400,1365
1434,1443
1337,1450
1430,1568
1568,1499
1529,1543
1567,1627
1543,1642
1416,1408
1613,1519
1529,1546
1451,1457
1490,1571
1412,1421
1410,1478
1519,1494
1443,1497
1568,1623
1509,1587
1573,1538
1607,1610
1527,1424
1531,1598
1580,1427
1428,1522
1632,1531
1591,1674
1685,1555
1462,1432
1632,1618
1636,1513
1538,1594
1519,1508
1565,1513
1551,1554
1404,1465
1385,1467
1454,1442
1415,1504
1630,1560
1588,1593
1392,1459
1530,1566
1558,1518
1473,1533
1449,1602
1654,1566
1383,1434
1649,1579
1380,1518
1490,1446
1464,1509
1390,1371
1580,1550
1457,1496
1533,1566
1620,1512
1408,1454
1376,1443
1397,1461
1366,1381
1668,1568
1405,1430
1511,1544
1581,1572
1403,1482
1487,1481
1624,1556
1477,1448
1563,1537
1626,1615
1584,1561
1517,1594
1470,1449
1576,1461
1623,1579
1545,1548
1497,1483
1469,1451
1406,1444
1519,1512
1432,1470
1550,1554
1529,1532
1635,1544
1582,1474
1328,1528
1428,1498
1596,1583
1545,1541
1605,1552
1418,1526
1550,1570
1456,1491
1528,1520
1487,1447
1572,1646
1533,1598
1380,1523
1428,1452
1584,1458
1469,1481
1476,1532
1525,1579
1415,1428
1463,1532
1390,1479
1429,1469
1484,1541
1572,1549
1375,1505
1507,1429
1487,1433
1552,1571
1528,1627
1480,1479
1399,1509
1427,1454
1538,1566
1487,1403
1522,1523
1570,1546
1543,1600
1576,1545
1584,1608
1411,1442
1612,1528
1405,1465
1470,1488
1583,1522
1373,1382
1430,1451
1538,1442
1530,1580
1464,1536
1467,1450
1490,1541
1426,1408
1392,1469
1610,1545
1404,1445
1367,1512
1433,1459
1434,1401
1559,1585
1434,1457
1466,1449
1446,1486
1308,1488
1548,1603
1527,1530
1550,1489
1442,1404
1507,1526
1434,1527
1421,1517
1487,1426
1628,1599
1395,1420
1549,1615
1554,1592
1511,1447
1576,1532
1595,1510
1416,1467
1489,1389
1418,1404
1443,1471
1446,1455
1539,1620
1472,1553
1611,1545
1415,1428
1626,1603
1575,1449
1509,1494
1706,1526
1547,1537
1517,1502
1625,1618
1464,1379
1449,1576
1394,1423
1510,1526
1534,1560
1516,1591
1460,1510
1365,1458
1381,1475
1485,1436
1382,1428
1614,1591
1467,1430
1442,1417
1588,1492
1428,1351
1475,1572
1627,1560
1582,1595
1391,1482
1468,1543
1645,1609
1397,1442
1380,1475
1539,1514
1390,1419
1416,1403
1537,1469
1402,1475
1317,1423
1459,1551
1655,1581
1422,1506
1386,1470
1476,1452
1618,1572
1452,1452
1634,1592
1457,1409
1459,1562
1701,1592
1498,1431
1464,1431
1406,1433
1542,1596
1408,1469
1461,1551
1644,1523
1577,1583
1548,1484
1399,1425
1656,1535
1409,1460
1373,1435
1496,1458
1434,1397
1475,1474
1466,1453
1568,1622
1524,1383
1620,1592
1544,1591
1434,1394
1479,1510
1399,1428
1582,1518
1692,1615
1652,1610
1543,1600
1378,1379
1533,1498
1438,1499
1411,1429
1454,1426
1401,1441
1621,1620
1436,1475
1652,1510
1386,1438
1412,1418
1430,1359
1474,1528
1305,1453
1424,1462
1559,1559
1424,1409
1667,1558
1656,1586
1375,1454
1419,1392
1575,1606
1593,1471
1463,1415
1459,1436
1643,1560
1648,1588
1555,1568
1462,1454
1494,1556
1385,1485
1460,1467
1463,1438
1633,1563
1550,1586
1562,1528
1398,1492
1442,1439
1639,1599
1594,1564
1549,1512
1512,1560
1525,1395
1439,1505
1500,1551
1456,1436
1468,1510
1551,1594
1512,1515
1437,1459
1487,1466
1482,1488
1511,1540
1376,1455
1481,1447
1684,1546
1586,1557
1594,1566
1521,1537
1495,1498
1416,1434
1600,1612
1481,1425
1529,1553
1466,1423
1676,1550
1507,1528
1474,1534
1434,1401
1460,1554
1482,1480
1502,1553
1461,1497
1467,1528
1577,1588
1595,1609
1552,1530
1527,1525
1462,1451
1548,1545
1523,1493
1393,1520
1528,1595
1621,1531
1608,1544
1466,1461
1439,1471
1508,1568
1590,1534
1406,1376
1467,1515
1430,1432
1533,1626
1571,1554
1462,1499
1619,1602
1449,1505
1431,1413
1542,1630
1489,1493
1475,1480
1345,1434
1558,1586
1502,1647
1603,1499
1550,1556
1528,1617
1425,1428
1561,1531
1729,1554
1509,1563
1427,1488
1551,1558
1585,1529
1586,1513
1395,1446
1541,1576
1465,1481
1623,1606
1458,1465
1525,1420
1519,1500
1360,1518
1566,1567
1562,1546
1439,1375
1443,1519
1437,1454
1611,1550
1436,1444
1328,1445
1625,1493
1524,1369
1497,1482
1636,1500
1463,1477
1635,1495
1554,1528
1438,1505
1461,1490
1412,1542
1457,1348
1454,1445
1603,1598
1512,1549
1615,1588
1409,1476
1508,1640
1551,1611
1444,1489
1599,1637
1352,1406
1491,1489
1558,1525
1456,1440
1558,1447
1360,1382
1617,1608
1583,1561
1426,1397
1648,1585
1327,1417
1415,1414
1404,1398
1517,1442
1661,1564
1543,1563
1618,1550
1583,1561
1485,1433
1544,1597
1465,1556
1633,1622
1507,1565
1494,1546
1481,1469
1611,1516
1567,1537
1502,1481
1605,1512
1577,1503
1626,1502
1398,1449
1483,1474
1576,1581
1450,1402
1558,1571
1505,1430
1649,1490
1540,1462
1419,1474
1643,1551
1625,1567
1572,1485
1335,1395
1474,1493
1408,1439
1579,1548
1457,1508
1356,1406
1352,1386
1594,1588
1446,1494
1470,1472
1362,1437
1411,1418
1570,1601
1391,1411
1422,1456
1508,1518
1494,1420
1470,1558
1424,1411
1581,1553
1554,1515
1518,1529
1536,1588
1655,1617
1649,1644
1533,1479
1506,1457
1380,1458
1545,1584
1457,1471
1544,1456
1427,1401
1393,1426
1468,1349
1639,1558
1435,1472
1629,1548
1438,1520
1477,1449
1649,1537
1395,1510
1371,1458
1473,1459
1622,1531
1567,1575
1412,1443
1393,1506
1559,1553
1387,1401
1505,1460
1633,1602
1414,1453
1563,1502
1482,1525
1539,1520
1393,1417
1518,1433
1373,1456
1613,1460
1432,1625
1512,1454
1390,1493
1608,1560
1472,1511
1595,1597
1596,1557
1514,1441
1580,1420
1501,1520
1545,1584
1403,1461
1517,1611
1531,1525
1557,1585
1554,1579
1596,1614
1515,1415
1450,1489
1445,1470
1487,1588
1573,1529
1353,1343
1583,1559
1567,1564
1442,1486
1356,1443
1415,1350
1415,1438
1576,1561
1329,1377
1413,1413
1625,1559
1353,1416
1486,1456
1292,1470
1497,1573
1605,1611
1521,1553
1497,1459
1445,1428
1337,1410
1509,1551
1504,1389
1592,1558
1495,1471
1546,1477
1499,1468
1540,1464
1511,1480
1597,1598
1400,1431
1534,1513
1466,1414
1445,1590
1538,1388
1482,1535
1511,1415
1562,1509
1344,1399
1470,1544
1471,1395
1333,1367
1362,1373
1558,1568
1440,1456
1422,1388
1524,1605
1596,1529
1560,1553
1496,1599
1524,1495
1531,1503
1567,1597
1460,1480
1407,1409
1380,1457
1478,1564
1480,1381
1530,1446
1428,1393
1498,1609
1313,1406
1638,1566
1342,1423
1426,1495
1482,1525
1391,1335
1595,1546
1504,1445
1506,1543
1568,1575
1533,1538
1420,1456
1402,1498
1487,1444
1574,1543
1391,1480
1553,1612
1582,1486
1530,1445
1440,1385
1465,1609
1491,1476
1576,1523
1625,1486
1398,1383
1406,1437
1495,1450
1466,1500
1470,1465
1374,1401
1495,1479
1604,1523
1466,1559
1528,1568
1399,1433
1358,1449
1569,1607
1424,1410
1558,1620
1414,1490
1649,1505
1405,1438
1353,1365
1493,1498
1560,1543
1512,1492
1449,1479
1627,1637
1386,1459
1365,1508
1591,1551
1484,1386
1418,1440
1672,1635
1589,1529
1502,1577
1580,1515
1478,1507
1639,1573
1612,1570
1466,1503
1603,1573
1615,1481
1642,1543
1501,1463
1576,1513
1606,1608
1469,1445
1595,1509
1526,1608
1387,1427
1610,1564
1654,1511
1419,1444
1596,1562
1405,1422
1607,1582
1588,1650
1617,1541
1389,1429
1675,1544
1577,1532
1486,1433
1487,1427
1373,1490
1620,1552
1464,1515
1660,1662
1625,1600
1480,1538
1603,1500
1448,1499
1478,1433
1459,1458
1536,1516
1540,1542
1499,1511
1685,1612
1550,1502
1428,1468
1595,1490
1532,1567
1549,1595
1549,1479
1578,1546
1462,1482
1544,1516
1556,1605
1451,1555
1481,1426
1463,1448
1511,1620
1677,1523
1504,1527
1537,1565
1467,1550
1570,1558
1569,1549
1578,1517
1564,1564
1436,1328
1341,1450
1672,1639
1390,1460
1430,1398
1502,1399
1441,1420
1488,1498
1640,1550
1399,1457
1563,1589
1483,1402
1555,1616
1664,1559
1435,1474
1531,1594
1403,1443
1540,1614
1438,1409
1443,1487
1405,1370
1610,1542
1372,1459
1393,1417
1429,1577
1459,1468
1584,1514
1621,1559
1516,1463
1602,1566
1519,1467
1628,1557
1476,1376
1404,1423
1539,1516
1587,1512
1480,1383
1613,1490
1361,1403
1550,1450
1546,1463
1548,1598
1540,1564
1485,1451
1497,1338
1463,1476
1532,1536
1443,1373
1547,1579
1508,1518
1505,1512
1397,1417
1537,1562
1529,1553
1658,1550
1616,1630
1424,1369
1467,1458
1435,1426
1591,1601
1635,1573
1434,1355
1495,1430
1501,1503
1530,1556
1600,1525
1418,1502
1325,1420
1540,1578
1656,1582
1385,1344
1569,1593
1429,1447
1595,1523
1445,1438
1381,1420
1449,1440
1482,1459
1508,1494
1361,1463
1404,1436
1562,1560
1446,1557
1461,1497
1356,1475
1537,1587
1619,1553
1411,1433
1588,1535
1499,1555
1483,1443
1650,1582
1416,1383
1569,1605
1538,1413
1455,1443
1593,1573
1348,1452
1603,1594
1576,1621
1478,1405
1634,1519
1487,1475
1584,1554
1583,1607
1573,1512
1331,1401
1517,1479
1603,1600
1620,1593
1537,1457
1534,1451
1596,1547
1568,1560
1513,1434
1586,1598
1482,1447
1624,1604
1430,1447
1587,1433
1616,1508
1329,1423
1547,1546
1354,1429
1337,1402
1556,1526
1413,1437
1613,1555
1463,1487
1574,1505
1656,1523
1603,1504
1602,1489
1456,1438
1477,1511
1624,1554
1439,1591
1656,1595
1520,1604
1486,1530
1633,1620
1532,1528
1608,1456
1637,1539
1367,1442
1561,1565
1549,1510
1724,1582
1356,1393
1463,1491
1335,1385
1354,1385
1379,1495
1450,1335
1534,1544
1608,1591
1511,1524
1547,1559
1566,1586
1458,1472
1567,1558
1358,1402
1557,1480
1485,1472
1645,1578
1438,1356
1483,1369
1410,1407
1675,1588
1527,1442
1529,1523
1365,1442
1330,1417
1614,1536
1454,1482
1491,1555
1473,1510
1584,1609
1412,1461
1544,1547
1472,1421
1615,1567
1357,1397
1497,1484
1503,1461
1590,1660
1525,1459
1382,1431
1471,1568
1499,1572
1614,1651
1547,1569
1548,1595
1573,1577
1387,1446
1335,1460
1574,1573
1452,1490
1467,1503
1458,1407
1492,1526
1458,1427
1567,1614
1437,1419
1432,1404
1450,1428
1438,1505
1409,1426
1444,1420
1571,1563
1620,1711
1672,1597
1510,1551
1378,1466
1390,1444
1372,1445
1604,1553
1468,1427
1443,1468
1306,1462
1662,1560
1578,1578
1532,1644
1444,1472
1710,1566
1381,1441
1484,1514
1645,1590
1443,1417
1562,1504
1604,1594
1474,1516
1420,1440
1527,1461
1507,1445
1615,1532
1666,1492
1527,1571
1644,1521
1434,1420
1549,1564
1496,1542
1454,1430
1640,1577
1513,1493
1476,1503
1636,1595
1591,1615
1644,1615
1530,1543
1518,1551
1607,1492
1421,1429
1511,1484
1580,1565
1357,1457
1530,1559
1392,1427
1410,1521
1466,1503
1362,1376
1519,1377
1488,1474
1501,1519
1646,1592
1543,1575
1337,1476
1515,1471
1402,1396
1539,1480
1632,1550
1461,1547
1541,1510
1434,1397
1472,1504
1365,1401
1462,1471
1657,1552
1396,1475
1588,1496
1557,1603
1615,1545
1553,1582
1548,1580
1505,1494
1502,1454
1442,1529
1603,1581
1481,1464
1477,1546
1607,1574
1604,1456
1378,1445
1510,1658
1427,1442
1569,1540
1511,1405
1464,1409
1635,1587
1551,1446
1664,1657
1384,1466
1449,1501
1669,1626
1595,1577
1498,1523
1618,1597
1527,1530
1548,1534
1435,1379
1618,1616
1370,1333
1427,1448
1622,1560
1429,1523
1535,1612
1526,1555
1410,1452
1354,1367
1522,1553
1424,1425
1625,1630
1497,1539
1555,1524
1616,1586
1615,1591
1458,1504
1559,1623
1416,1455
1597,1627
1596,1610
1594,1522
1632,1580
1458,1468
1406,1402
1443,1454
1413,1435
1426,1524
1388,1466
1428,1494
1503,1541
1675,1574
1612,1612
1559,1479
1399,1473
1503,1544
1356,1362
1437,1422
1439,1454
1649,1603
1493,1465
1529,1550
1603,1572
1433,1377
1574,1505
1446,1412
1383,1452
1565,1533
1456,1577
1503,1422
1600,1569
1434,1505
1494,1525
1552,1487
1549,1490
1481,1441
1428,1411
1445,1429
1401,1378
1573,1688
1396,1457
1524,1504
1403,1459
1482,1499
1421,1379
1415,1462
1381,1468
1517,1535
1363,1480
1400,1453
1409,1448
1543,1597
1345,1343
1521,1599
1388,1487
1567,1561
1401,1433
1566,1484
1369,1417
1500,1557
1465,1459
1512,1615
1629,1617
1641,1563
1676,1604
1591,1629
1499,1505
1535,1535
1552,1506
1526,1491
1438,1442
1404,1397
1540,1473
1531,1581
1538,1518
1421,1394
1429,1432
1523,1539
1594,1537
1528,1541
1591,1558
1467,1541
1556,1484
1345,1446
1602,1554
1600,1552
1614,1576
1493,1446
1626,1577
1517,1604
1440,1482
1472,1495
1593,1560
1385,1383
1476,1364
1556,1600
1498,1508
1365,1452
1604,1501
1329,1409
1462,1396
1435,1445
1418,1429
1478,1581
1434,1491
1613,1615
1456,1450
1464,1513
1377,1389
1649,1576
1611,1574
1579,1536
1596,1548
1558,1535
1371,1447
1662,1617
1549,1614
1354,1387
1586,1555
1600,1670
1618,1604
1538,1495
1640,1567
1352,1381
1395,1401
1505,1605
1551,1596
1402,1387
1535,1505
1495,1618
1618,1548
1620,1602
1548,1473
1591,1581
1427,1404
1356,1417
1656,1561
1507,1527
1493,1511
1555,1544
1648,1520
1387,1406
1459,1437
1467,1409
1589,1529
1445,1475
1620,1528
1606,1627
1413,1428
1488,1453
1389,1350
1546,1500
1523,1590
1350,1488
1444,1555
1641,1598
1596,1612
1388,1439
1610,1554
1578,1629
1493,1467
1373,1413
1473,1553
1535,1497
1633,1590
1469,1407
1385,1380
1615,1616
1469,1476
1386,1463
1395,1407
1464,1489
1560,1566
1531,1462
1447,1455
1605,1654
1500,1519
1466,1417
1530,1530
1362,1372
1383,1477
1573,1498
1445,1561
1540,1622
1533,1585
1529,1565
1346,1396
1625,1603
1387,1424
1452,1475
1434,1383
1496,1509
1496,1478
1495,1436
1698,1598
1666,1592
1533,1502
1567,1574
1413,1421
1461,1418
1443,1510
1476,1379
1365,1362
1640,1494
1438,1422
1584,1555
1540,1559
1356,1413
1589,1553
1488,1408
1586,1571
1349,1395
1495,1491
1633,1556
1410,1416
1374,1499
1433,1424
1581,1539
1525,1511
1623,1617
1365,1427
1267,1370
1580,1610
1609,1588
1416,1430
1426,1491
1446,1395
1638,1650
1616,1533
1361,1451
1652,1636
1329,1485
1348,1410
1456,1456
1608,1559
1388,1328
1552,1495
1476,1450
1422,1411
1522,1547
1566,1551
1269,1476
1438,1510
1469,1511
1457,1455
1418,1431
1476,1511
1357,1488
1348,1452
1458,1389
1344,1398
1631,1680
1551,1531
1566,1494
1380,1474
1540,1583
1411,1527
1504,1522
1596,1592
1562,1551
1421,1467
1538,1576
1581,1516
1559,1640
1402,1511
1442,1436
1438,1370
1564,1532
1617,1521
1572,1521
1405,1460
1401,1393
1595,1580
1636,1563
1379,1424
1427,1476
1447,1481
1353,1408
1451,1458
1402,1521
1713,1593
1564,1604
1354,1424
1530,1521
1550,1557
1632,1652
1645,1621
1361,1411
1389,1465
1415,1437
1481,1356
1509,1515
1460,1505
1640,1628
1497,1383
1320,1421
1427,1518
1421,1540
1537,1505
1392,1320
1637,1530
1353,1413
1461,1512
1584,1604
1451,1480
1559,1535
1360,1325
1460,1374
1564,1473
1393,1451
1579,1610
1496,1518
1365,1415
1518,1543
1534,1453
1586,1601
1606,1556
1483,1465
1616,1596
1411,1404
1514,1462
1455,1399
1558,1571
1386,1395
1653,1586
1663,1510
1584,1525
1307,1408
1571,1560
1447,1506
1449,1516
1569,1532
1355,1405
1677,1584
1578,1543
1411,1464
1354,1394
1436,1410
1469,1563
1638,1617
1631,1631
1425,1522
1450,1463
1370,1436
1540,1432
1453,1435
1545,1596
1512,1464
1484,1464
1367,1551
1576,1579
1632,1525
1354,1326
1597,1558
1645,1592
1514,1533
1454,1490
1633,1565
1570,1422
1334,1352
1624,1563
1368,1367
1653,1666
1491,1496
1459,1448
1656,1577
1581,1597
1353,1387
1615,1609
1475,1485
1558,1576
1455,1426
1422,1450
1455,1438
1427,1541
1359,1435
1683,1655
1612,1585
1658,1559
1570,1617
1475,1395
1403,1438
1516,1471
1357,1395
1417,1536
1532,1525
1507,1528
1567,1515
1641,1634
1362,1401
1429,1390
1581,1592
1425,1437
1584,1615
1394,1481
1398,1435
1275,1462
1666,1582
1382,1345
1362,1423
1643,1566
1401,1461
1385,1473
1554,1597
1481,1497
1543,1568
1573,1652
1636,1592
1293,1439
1580,1575
1425,1437
1424,1378
1598,1589
1459,1470
1445,1461
1516,1496
1608,1568
1490,1440
1526,1593
1544,1619
1393,1386
1332,1377
1579,1443
1579,1666
1480,1555
1679,1652
1598,1568
1537,1572
1390,1442
1369,1384
1411,1434
1539,1526
1481,1495
1385,1423
1429,1492
1590,1563
1545,1608
1456,1484
1434,1397
1688,1577
1606,1616
1376,1470
1370,1399
1404,1518
1437,1424
1346,1387
1657,1532
1418,1415
1441,1383
1538,1503
1359,1368
1485,1460
1463,1362
1638,1572
1342,1547
1354,1385
1587,1645
1446,1439
1493,1561
1467,1485
1567,1626
1371,1438
1430,1384
1425,1377
1447,1488
1586,1578
1517,1512
1595,1597
1515,1460
1457,1390
1456,1393
1368,1478
1358,1424
1422,1318
1327,1359
1595,1558
1668,1612
1379,1383
1524,1466
1367,1382
1624,1654
1470,1516
1559,1412
1330,1382
1573,1669
1495,1579
1398,1468
1468,1408
1414,1516
1395,1424
1588,1596
1575,1596
1446,1435
1394,1459
1543,1443
1552,1524
1434,1504
1597,1595
1642,1578
1513,1507
1386,1377
1571,1561
1608,1498
1682,1515
1713,1599
1675,1549
1721,1544
1387,1425
1495,1462
1406,1329
1357,1465
1613,1663
1587,1494
1468,1432
1382,1454
1407,1376
1642,1522
1502,1611
1438,1469
1454,1370
1619,1533
1396,1452
1324,1320
1539,1525
1434,1424
1473,1424
1562,1493
1441,1499
1565,1555
1362,1432
1370,1383
1554,1538
1564,1518
1636,1590
1367,1408
1585,1563
1509,1586
1628,1464
1463,1416
1610,1575
1491,1441
1549,1519
1467,1562
1428,1447
1386,1468
1646,1647
1482,1393
1658,1611
1611,1651
1608,1633
1492,1490
1624,1599
1508,1476
1560,1571
1294,1386
1424,1390
1562,1544
1587,1519
1572,1464
1586,1516
1530,1469
1530,1452
1401,1533
1580,1485
1609,1523
1653,1599
1405,1515
1520,1538
1610,1607
1412,1450
1417,1395
1530,1503
1581,1598
1464,1599
1333,1441
1356,1430
1590,1512
1490,1437
1435,1476
1637,1573
1697,1541
1507,1502
1569,1482
1438,1364
1386,1303
1546,1495
1604,1563
1373,1419
1603,1638
1318,1462
1438,1482
1410,1448
1611,1603
1532,1471
1624,1526
1407,1476
1576,1473
1505,1515
1281,1373
1400,1486
1496,1473
1413,1488
1620,1545
1441,1547
1597,1522
1525,1583
1459,1489
1614,1609
1440,1418
1373,1366
1426,1426
1530,1600
1482,1443
1650,1561
1388,1429
1329,1387
1435,1493
1403,1413
1452,1346
1638,1606
1572,1629
1535,1609
1607,1557
1410,1421
1595,1541
1350,1427
1432,1454
1620,1512
1461,1433
1412,1359
1355,1409
1449,1535
1474,1455
1477,1485
1646,1567
1492,1622
1564,1613
1579,1531
1506,1520
1429,1504
1400,1387
1557,1612
1554,1577
1607,1672
1503,1534
1617,1590
1490,1517
1534,1468
1533,1571
1572,1583
1588,1541
1608,1618
1564,1546
1637,1619
1438,1352
1509,1547
1381,1387
1644,1518
1507,1513
1519,1568
1556,1544
1541,1503
1428,1387
1652,1638
1427,1475
1375,1479
1425,1444
1400,1357
1495,1526
1488,1461
1428,1396
1414,1395
1607,1549
1356,1471
1492,1390
1706,1578
1353,1350
1510,1455
1490,1479
1568,1538
1380,1413
1393,1420
1471,1458
1610,1636
1482,1443
1539,1474
1557,1675
1326,1421
1610,1574
1424,1378
1588,1600
1584,1547
1476,1502
1752,1584
1512,1493
1373,1342
1474,1429
1461,1428
1426,1424
1547,1550
1392,1497
1420,1379
1385,1417
1511,1552
1613,1647
1393,1406
1603,1600
1385,1380
1545,1501
1699,1573
1632,1532
1699,1567
1381,1470
1579,1612
1388,1429
1588,1520
1316,1439
1398,1483
1378,1425
1491,1451
1373,1438
1390,1418
1652,1590
1364,1397
1520,1553
1448,1443
1557,1448
1685,1644
1542,1623
1432,1397
1414,1344
1452,1501
1601,1523
1584,1591
1381,1405
1382,1394
1620,1599
1511,1489
1549,1568
1379,1384
1643,1548
1430,1403
1637,1611
1633,1633
1451,1417
1404,1437
1564,1647
1614,1574
1415,1435
1537,1587
1459,1414
1630,1616
1618,1624
1375,1388
1443,1441
1612,1563
1677,1600
1617,1590
1510,1570
1636,1587
1504,1601
1636,1565
1539,1523
1608,1589
1391,1506
1384,1399
1681,1560
1412,1461
1294,1459
1484,1534
1599,1487
1325,1388
1666,1575
1418,1401
1441,1478
1330,1402
1527,1510
1378,1478
1395,1391
1380,1383
1432,1397
1528,1514
1513,1555
1658,1601
1423,1409
1604,1615
1450,1376
1397,1444
1426,1440
1598,1650
1572,1441
1582,1521
1351,1341
1602,1570
1370,1419
1452,1498
1665,1594
1648,1639
1558,1510
1539,1458
1463,1457
1361,1398
1620,1565
1573,1495
1354,1257
1659,1591
1469,1517
1456,1357
1563,1523
1626,1661
1412,1480
1508,1572
1366,1406
1552,1461
1339,1373
1741,1601
1389,1415
1294,1398
1332,1423
1469,1470
1524,1528
1571,1589
1401,1536
1389,1372
1545,1558
1553,1617
1388,1365
1450,1435
1509,1429
1689,1488
1597,1606
1624,1652
1402,1317
1529,1464
1366,1373
1460,1464
1620,1550
1401,1392
1360,1532
1601,1545
1328,1375
1535,1530
1442,1383
1670,1517
1414,1387
1559,1550
1612,1633
1450,1345
1339,1378
1427,1452
1420,1427
1441,1471
1433,1436
1381,1398
1590,1527
1459,1543
1410,1365
1478,1528
1541,1397
1571,1573
1561,1487
1382,1387
1530,1497
1687,1640
1388,1476
1449,1460
1667,1655
1534,1519
1633,1524
1426,1351
1509,1535
1329,1396
1309,1370
1615,1517
1398,1404
1336,1355
1697,1590
1399,1496
1294,1417
1565,1501
1362,1418
1376,1425
1460,1425
1376,1413
1634,1518
1441,1378
1448,1546
1393,1448
1348,1372
1561,1495
1523,1496
1498,1458
1403,1415
1506,1462
1407,1437
1563,1637
1682,1604
1576,1471
1497,1418
1663,1634
1533,1499
1495,1616
1460,1433
1524,1457
1409,1505
1393,1324
1382,1418
1599,1611
1562,1539
1399,1438
1636,1643
1422,1466
1686,1604
1565,1549
1533,1548
1575,1574
1458,1482
1485,1599
1583,1604
1602,1587
1533,1566
1412,1420
1556,1577
1691,1618
1609,1621
1658,1613
1439,1467
1355,1425
1328,1476
1643,1568
1517,1498
1432,1295
1387,1445
1523,1507
1583,1585
1462,1448
1555,1563
1356,1415
1560,1551
1445,1408
1590,1659
1624,1574
1619,1540
1604,1612
1558,1496
1536,1626
1434,1570
1622,1562
1530,1466
1548,1575
1474,1485
1611,1572
1432,1528
1516,1506
1357,1438
1347,1467
1611,1644
1684,1630
1445,1376
1393,1416
1614,1581
1408,1409
1595,1477
1393,1347
1698,1600
1463,1485
1605,1608
1448,1414
1650,1594
1454,1444
1664,1593
1447,1467
1500,1530
1720,1539
1385,1445
1395,1465
1486,1362
1617,1632
1499,1601
1507,1629
1582,1597
1671,1576
1551,1481
1649,1558
1357,1431
1391,1411
1368,1362
1371,1420
1576,1529
1361,1412
1328,1425
1629,1526
1350,1402
1371,1422
1580,1610
1419,1431
1470,1483
1558,1475
1511,1455
1558,1566
1432,1527
1553,1433
1556,1541
1551,1591
1480,1430
1481,1463
1398,1377
1704,1589
1455,1503
1525,1538
1456,1528
1655,1694
1539,1493
1389,1435
1667,1561
1637,1554
1645,1598
1496,1407
1480,1409
1402,1393
1488,1537
1401,1483
1403,1463
1435,1406
1575,1593
1445,1434
1551,1622
1581,1549
1572,1518
1499,1510
1317,1408
1638,1585
1435,1502
1448,1357
1532,1561
1566,1568
1483,1524
1477,1522
1386,1338
1402,1429
1424,1603
1604,1613
1516,1477
1424,1494
1493,1559
1589,1634
1478,1490
1492,1513
1445,1454
1622,1605
1441,1448
1603,1636
1404,1498
1313,1361
1600,1515
1470,1441
1663,1573
1595,1479
1632,1543
1496,1429
1391,1383
1402,1342
1370,1466
1448,1430
1619,1606
1364,1439
1507,1526
1361,1369
1735,1544
1483,1538
1475,1419
1503,1462
1426,1481
1565,1562
1409,1464
1388,1506
1367,1373
1388,1421
1669,1582
1437,1370
1611,1608
1547,1615
1424,1358
1566,1554
1535,1491
1519,1489
1532,1508
1567,1541
1498,1551
1403,1390
1488,1507
1609,1556
1480,1434
1400,1448
1396,1477
1635,1603
1302,1335
1420,1503
1594,1551
1438,1561
1359,1440
1631,1583
1409,1378
1683,1553
1319,1445
1379,1351
1642,1577
1670,1579
1409,1337
1425,1363
1640,1634
1391,1382
1550,1537
1436,1410
1410,1410
1374,1373
1583,1446
1448,1463
1556,1593
1377,1418
1599,1536
1377,1444
1384,1423
1522,1426
1564,1637
1401,1393
1435,1471
1468,1529
1676,1532
1306,1422
1363,1436
1562,1575
1652,1586
1654,1574
1291,1438
1492,1438
1592,1590
1501,1407
1605,1475
1414,1422
1379,1373
1349,1463
1540,1517
1343,1316
1642,1633
1523,1459
1474,1460
1352,1439
1608,1537
1465,1425
1632,1624
1605,1599
1355,1349
1576,1536
1361,1346
1701,1694
1641,1541
1532,1471
1624,1475
1696,1664
1643,1541
1470,1496
1269,1438
1541,1484
1647,1631
1633,1531
1515,1482
1575,1630
1450,1407
1546,1422
1367,1334
1598,1565
1327,1449
1397,1500
1548,1460
1393,1435
1531,1612
1364,1357
1403,1432
1311,1355
1613,1615
1378,1251
1344,1445
1467,1526
1438,1469
1441,1489
1406,1349
1639,1593
1276,1362
1512,1559
1634,1593
1648,1628
1513,1575
1677,1588
1677,1639
1520,1516
1585,1553
1548,1543
1624,1590
1407,1406
1605,1609
1465,1381
1490,1458
1280,1377
1472,1406
1420,1482
1493,1428
1658,1595
1695,1647
1646,1558
1506,1486
1635,1588
1456,1425
1353,1427
1522,1517
1539,1563
1547,1538
1606,1519
1466,1498
1328,1431
1697,1505
1609,1619
1615,1611
1439,1428
1348,1432
1587,1605
1622,1538
1479,1343
1390,1461
1299,1425
1520,1531
1446,1406
1651,1520
1598,1579
1398,1356
1522,1594
1269,1380
1494,1425
1360,1414
1354,1404
1352,1402
1428,1599
1398,1529
1642,1492
1710,1522
1377,1420
1301,1318
1568,1563
1423,1383
1540,1501
1621,1608
1475,1396
1481,1527
1551,1618
1480,1603
1354,1436
1682,1583
1692,1556
1314,1487
1376,1344
1511,1512
1615,1598
1403,1420
1392,1407
1470,1423
1355,1389
1486,1483
1441,1430
1670,1634
1400,1488
1362,1419
1672,1610
1613,1671
1572,1511
1498,1480
1630,1658
1557,1552
1485,1460
1581,1631
1552,1558
1350,1390
1614,1566
1520,1523
1454,1430
1436,1355
1682,1616
1692,1648
1470,1425
1421,1407
1463,1466
1450,1412
1562,1548
1374,1373
1446,1407
1635,1604
1653,1531
1459,1612
1509,1444
1526,1489
1436,1442
1350,1393
1349,1369
1405,1395
1377,1375
1501,1499
1424,1423
1436,1422
1508,1499
1559,1568
1513,1485
1633,1551
1599,1586
1378,1478
1604,1503
1535,1538
1634,1500
1664,1574
1412,1452
1367,1416
1428,1426
1520,1442
1647,1615
1699,1510
1552,1627
1602,1505
1578,1585
1564,1595
1592,1601
1495,1540
1589,1477
1475,1451
1429,1471
1654,1622
1579,1674
1596,1547
1602,1616
1499,1564
1502,1576
1383,1385
1296,1332
1391,1378
1698,1589
1429,1452
1598,1581
1612,1548
1403,1528
1649,1628
1598,1598
1637,1574
1621,1527
1380,1420
1663,1587
1380,1517
1524,1474
1379,1444
1459,1548
1583,1492
1475,1463
1622,1529
1317,1459
1562,1554
1481,1420
1664,1619
1543,1539
1499,1457
1568,1617
1411,1377
1417,1438
1640,1578
1658,1576
1547,1534
1391,1406
1437,1530
1416,1425
1399,1386
1632,1646
1435,1349
1493,1546
1358,1409
1415,1363
1526,1577
1427,1472
1598,1623
1376,1373
1556,1513
1656,1636
1594,1620
1694,1628
1368,1380
1482,1539
1465,1407
1487,1460
1325,1455
1492,1524
1661,1622
1602,1511
1543,1572
1576,1631
1590,1546
1671,1599
1618,1603
1661,1615
1450,1414
1556,1637
1663,1550
1721,1534
1384,1412
1656,1580
1564,1540
1589,1518
1366,1362
1543,1434
1622,1623
1426,1353
1470,1513
1455,1423
1665,1528
1413,1416
1422,1447
1460,1505
1428,1456
1440,1409
1463,1410
1555,1591
1310,1381
1346,1406
1520,1440
1674,1594
1429,1357
1636,1634
1405,1477
1407,1426
1638,1548
1553,1544
1505,1520
1417,1369
1558,1545
1692,1581
1516,1501
1576,1523
1649,1645
1594,1546
1676,1606
1406,1423
1553,1506
1496,1445
1413,1440
1557,1575
1422,1422
1582,1568
1510,1586
1442,1331
1303,1407
1392,1425
1393,1436
1550,1585
1423,1402
1640,1619
1573,1609
1553,1568
1470,1575
1644,1604
1373,1429
1649,1541
1409,1356
1372,1386
1432,1451
1621,1608
1562,1604
1595,1599
1618,1607
1361,1384
1483,1487
1503,1495
1305,1410
1495,1591
1399,1340
1617,1588
1545,1486
1546,1636
1385,1317
1375,1234
1647,1614
1595,1578
1471,1481
1539,1412
1326,1393
1328,1438
1380,1416
1374,1361
1358,1426
1471,1416
1420,1406
1533,1531
1430,1448
1609,1618
1318,1336
1634,1631
1289,1396
1585,1568
1511,1564
1409,1489
1624,1530
1580,1560
1739,1597
1627,1522
1623,1571
1481,1543
1631,1615
1394,1412
1510,1485
1628,1606
1516,1592
1547,1557
1369,1398
1446,1429
1613,1592
1414,1452
1523,1457
1401,1425
1316,1402
1639,1622
1580,1589
1495,1526
1318,1302
1399,1385
1370,1447
1322,1415
1593,1495
1553,1567
1450,1325
1472,1513
1337,1429
1521,1465
1640,1631
1379,1549
1609,1587
1697,1552
1679,1627
1492,1520
1446,1557
1355,1400
1633,1570
1347,1458
1486,1486
1605,1576
1528,1552
1598,1641
1439,1575
1537,1499
1574,1540
1558,1591
1546,1614
1408,1338
1619,1445
1590,1623
1536,1420
1355,1401
1411,1432
1400,1476
1375,1439
1631,1611
1667,1602
1655,1615
1560,1568
1599,1553
1599,1563
1613,1540
1424,1440
1503,1478
1574,1595
1504,1549
1410,1359
1434,1453
1308,1323
1448,1460
1383,1485
1392,1462
1482,1496
1483,1363
1613,1587
1430,1517
1635,1613
1706,1544
1420,1387
1397,1338
1498,1512
1396,1362
1607,1572
1314,1425
1698,1654
1507,1550
1497,1597
1455,1443
1473,1567
1382,1363
1418,1451
1573,1587
1657,1519
1673,1529
1379,1409
1379,1410
1651,1502
1477,1529
1584,1597
1679,1551
1314,1349
1428,1400
1678,1634
1551,1519
1474,1545
1509,1436
1571,1583
1361,1449
1479,1507
1579,1639
1406,1394
1401,1410
1600,1603
1381,1407
1685,1608
1497,1454
1506,1558
1418,1468
1483,1449
1391,1349
1449,1498
1490,1522
1443,1401
1395,1379
1640,1591
1333,1435
1671,1572
1500,1445
1380,1385
1454,1435
1453,1355
1378,1458
1395,1411
1521,1523
1464,1542
1334,1407
1496,1554
1533,1483
1414,1362
1388,1408
1592,1533
1471,1573
1551,1562
1357,1451
1506,1538
1431,1362
1473,1440
1630,1641
1494,1475
1369,1453
1395,1383
1548,1493
1585,1574
1643,1667
1444,1334
1673,1685
1327,1498
1648,1607
1467,1636
1559,1534
1467,1497
1421,1356
1318,1425
1337,1389
1336,1416
1377,1379
1336,1396
1378,1393
1445,1566
1610,1563
1447,1339
1466,1542
1557,1754
1397,1442
1591,1650
1449,1523
1517,1542
1321,1491
1388,1417
1390,1444
1328,1401
1562,1509
1520,1530
1556,1539
1409,1601
1361,1448
1530,1589
1481,1502
1553,1505
1372,1469
1480,1453
1488,1396
1638,1579
1427,1422
1425,1421
1602,1608
1418,1454
1619,1668
1379,1423
1679,1613
1350,1394
1567,1600
1574,1620
1518,1500
1416,1393
1536,1545
1438,1537
1369,1419
1516,1617
1408,1425
1406,1440
1459,1548
1722,1650
1644,1590
1330,1422
1502,1502
1519,1592
1599,1604
1476,1441
1605,1574
1594,1621
1655,1550
1445,1326
1362,1371
1692,1585
1609,1547
1354,1436
1623,1646
1510,1385
1522,1532
1551,1510
1403,1482
1626,1623
1433,1558
1640,1492
1365,1351
1469,1481
1474,1484
1335,1349
1607,1607
1590,1596
1506,1513
1388,1394
1584,1614
1626,1581
1432,1397
1611,1625
1666,1608
1589,1612
1439,1480
1397,1379
1425,1376
1590,1646
1516,1537
1434,1471
1506,1405
1533,1577
1411,1485
1476,1479
1420,1432
1469,1489
1525,1542
1573,1599
1325,1351
1672,1495
1500,1566
1281,1392
1363,1314
1582,1589
1412,1495
1605,1668
1459,1480
1416,1433
1360,1328
1467,1422
1470,1488
1417,1458
1380,1476
1350,1418
1327,1446
1403,1493
1420,1364
1663,1525
1412,1478
1650,1626
1519,1507
1541,1535
1531,1572
1412,1454
1537,1475
1597,1558
1402,1547
1343,1413
1377,1512
1391,1420
1574,1570
1636,1626
1466,1484
1453,1466
1363,1392
1688,1637
1363,1417
1455,1388
1371,1462
1433,1472
1652,1651
1363,1441
1456,1503
1389,1407
1388,1499
1362,1426
1583,1639
1406,1295
1507,1488
1426,1483
1365,1449
1419,1436
1324,1463
1498,1456
1531,1595
1319,1416
1555,1531
1351,1449
1646,1589
1623,1527
1554,1519
1303,1384
1576,1620
1538,1579
1631,1673
1607,1587
1458,1539
1560,1621
1351,1347
1647,1554
1401,1348
1659,1556
1564,1555
1532,1509
1580,1615
1503,1489
1599,1587
1551,1500
1340,1438
1442,1547
1663,1588
1591,1636
1358,1438
1585,1586
1477,1491
1557,1629
1471,1425
1555,1528
1367,1403
1677,1632
1637,1654
1354,1415
1533,1665
1397,1359
1579,1639
1316,1435
1550,1504
1562,1551
1364,1478
1587,1593
1258,1356
1341,1385
1663,1550
1614,1554
1389,1459
1531,1537
1432,1374
1425,1385
1623,1598
1547,1636
1595,1635
1380,1477
1429,1397
1388,1441
1403,1459
1389,1430
1566,1616
1534,1407
1606,1615
1458,1391
1577,1635
1420,1442
1650,1560
1340,1429
1454,1594
1459,1534
1369,1385
1438,1481
1576,1464
1686,1526
1517,1564
1527,1511
1374,1490
1405,1503
1462,1446
1438,1387
1536,1571
1616,1647
1558,1564
1610,1522
1392,1405
1496,1463
1410,1449
1416,1427
1650,1520
1509,1507
1403,1394
1428,1461
1505,1524
1406,1484
1569,1506
1580,1516
1329,1359
1516,1403
1386,1406
1493,1551
1590,1528
1554,1508
1660,1613
1533,1533
1610,1642
1466,1385
1565,1561
1357,1389
1389,1385
1383,1415
1567,1593
1448,1499
1444,1366
1398,1513
1574,1521
1531,1401
1671,1614
1467,1394
1395,1423
1631,1501
1592,1550
1416,1355
1537,1552
1581,1601
1364,1354
1549,1596
1280,1493
1554,1581
1421,1433
1639,1572
1529,1589
1266,1383
1381,1441
1589,1611
1579,1551
1641,1564
1657,1582
1612,1504
1569,1619
1421,1454
1440,1390
1466,1481
1509,1559
1374,1405
1638,1575
1512,1724
1405,1376
1428,1428
1728,1597
1610,1642
1394,1433
1356,1425
1316,1378
1509,1541
1511,1563
1447,1450
1431,1456
1492,1525
1468,1524
1592,1595
1609,1567
1591,1622
1598,1656
1518,1506
1565,1613
1560,1566
1361,1437
1453,1580
1456,1483
1459,1571
1398,1453
1416,1481
1687,1579
1508,1512
1466,1453
1376,1453
1385,1440
1487,1406
1461,1453
1425,1486
1405,1429
1582,1620
1406,1435
1442,1444
