ch1,ch2
1398,1423
1409,1406
1378,1431
1407,1436
1406,1427
1400,1422
1421,1442
1419,1415
1421,1428
1441,1448
1422,1425
1410,1448
1447,1436
1435,1457
1421,1431
1428,1452
1437,1431
1446,1442
1434,1457
1442,1429
1441,1452
1444,1462
1463,1453
1453,1452
1450,1452
1449,1455
1467,1469
1473,1452
1477,1458
1467,1446
1465,1468
1475,1451
1471,1463
1463,1466
1478,1466
1467,1470
1468,1450
1477,1471
1468,1466
1479,1461
1478,1474
1467,1458
1473,1448
1481,1464
1457,1473
1494,1461
1477,1467
1480,1453
1479,1458
1474,1455
1460,1459
1479,1446
1470,1472
1485,1467
1459,1447
1479,1445
1472,1451
1475,1437
1460,1460
1470,1443
1473,1437
1470,1458
1454,1434
1444,1438
1466,1434
1462,1424
1455,1431
1470,1422
1449,1424
1442,1420
1453,1415
1441,1421
1451,1420
1440,1419
1419,1425
1427,1391
1417,1402
1435,1401
1420,1418
1423,1415
1433,1388
1404,1397
1400,1374
1402,1396
1410,1395
1419,1390
1433,1391
1398,1375
1407,1376
1399,1377
1396,1382
1386,1377
1416,1376
1387,1363
1374,1379
1391,1365
1376,1362
1359,1364
1367,1352
1367,1357
1364,1362
1355,1357
1360,1370
1350,1342
1347,1354
1352,1340
1343,1342
1340,1359
1349,1328
1360,1358
1345,1338
1370,1339
1355,1335
1339,1344
1328,1357
1330,1337
1342,1345
1325,1327
1333,1331
1329,1338
1331,1339
1335,1339
1315,1349
1303,1326
1328,1318
1334,1340
1329,1331
1325,1335
1335,1318
1326,1332
1320,1333
1326,1345
1319,1339
1334,1346
1311,1347
1318,1341
1341,1342
1310,1358
1315,1325
1329,1345
1327,1337
1310,1347
1313,1343
1325,1356
1308,1350
1328,1356
1331,1354
1335,1377
1333,1361
1324,1372
1357,1356
1334,1363
1355,1383
1365,1372
1361,1363
1356,1354
1334,1350
1346,1393
1367,1378
1365,1368
1356,1394
1356,1387
1362,1399
1385,1400
1354,1404
1365,1393
1382,1405
1361,1393
1370,1380
1382,1409
1369,1398
1401,1405
1389,1405
1394,1401
1398,1408
1422,1423
1410,1422
1408,1410
1407,1420
1401,1414
1394,1430
1420,1424
1423,1451
1423,1448
1415,1441
1420,1442
1450,1457
1449,1453
1419,1452
1439,1440
1449,1454
1447,1458
1458,1449
1443,1440
1443,1454
1454,1464
1444,1457
1468,1459
1440,1453
1448,1459
1473,1472
1436,1469
1456,1447
1466,1454
1475,1460
1466,1471
1485,1471
1451,1469
1450,1463
1469,1476
1465,1466
1464,1470
1475,1467
1483,1465
1485,1478
1465,1468
1485,1452
1474,1455
1444,1471
1467,1456
1485,1444
1477,1457
1468,1458
1467,1461
1474,1460
1493,1458
1491,1455
1464,1461
1471,1451
1461,1454
1464,1441
1465,1462
1460,1437
1461,1444
1444,1432
1458,1437
1462,1429
1463,1443
1442,1437
1466,1444
1455,1438
1453,1435
1449,1426
1457,1432
1442,1419
1449,1430
1465,1432
1433,1420
1444,1405
1433,1432
1439,1415
1423,1406
1435,1408
1400,1415
1411,1400
1403,1389
1430,1392
1422,1408
1403,1402
1401,1403
1414,1388
1395,1377
1397,1371
1377,1385
1375,1374
1368,1375
1376,1379
1376,1383
1379,1356
1397,1377
1358,1352
1373,1364
1383,1364
1393,1350
1382,1347
1356,1366
1348,1367
1368,1353
1362,1359
1363,1355
1364,1329
1335,1343
1343,1343
1355,1331
1326,1352
1323,1323
1334,1350
1328,1339
1332,1336
1338,1337
1326,1357
1353,1345
1330,1329
1320,1343
1323,1336
1339,1331
1324,1322
1314,1328
1306,1325
1317,1328
1332,1335
1322,1332
1326,1335
1323,1347
1315,1331
1320,1346
1315,1337
1322,1344
1332,1336
1319,1344
1328,1338
1337,1342
1321,1343
1321,1330
1321,1334
1336,1349
1335,1331
1322,1353
1304,1340
1319,1336
1326,1355
1332,1357
1344,1368
1328,1362
1328,1368
1361,1375
1359,1361
1352,1366
1333,1369
1352,1376
1353,1374
1359,1375
1349,1370
1347,1383
1374,1392
1369,1388
1380,1379
1359,1385
1366,1398
1383,1391
1371,1402
1385,1400
1371,1390
1381,1402
1382,1408
1389,1400
1385,1407
1409,1413
1393,1414
1397,1417
1380,1421
1393,1436
1426,1438
1406,1431
1420,1425
1418,1429
1419,1432
1442,1449
1436,1426
1448,1424
1439,1450
1437,1431
1456,1443
1444,1455
1440,1437
1437,1453
1445,1452
1461,1463
1476,1454
1457,1445
1449,1470
1469,1453
1471,1466
1463,1467
1452,1477
1460,1460
1462,1470
1469,1473
1489,1448
1450,1477
1469,1469
1482,1471
1487,1467
1479,1462
1477,1470
1482,1461
1484,1454
1492,1455
1446,1463
1484,1451
1501,1455
1478,1465
1478,1464
1491,1455
1499,1457
1469,1457
1488,1452
1490,1463
1468,1469
1481,1461
1460,1462
1484,1436
1462,1444
1453,1460
1464,1453
1475,1437
1465,1433
1469,1456
1476,1446
1463,1445
1475,1431
1460,1437
1460,1425
1454,1423
1441,1437
1456,1419
1454,1429
1441,1436
1451,1426
1437,1418
1431,1425
1428,1412
1440,1403
1432,1400
1417,1405
1413,1400
1418,1407
1423,1397
1407,1388
1418,1402
1390,1378
1410,1381
1398,1383
1400,1377
1390,1384
1406,1380
1388,1381
1391,1356
1401,1375
1387,1372
1376,1366
1379,1377
1371,1362
1368,1359
1384,1355
1368,1357
1355,1345
1341,1350
1354,1361
1344,1331
1361,1346
1361,1335
1351,1328
1324,1337
1333,1326
1355,1327
1335,1348
1316,1336
1332,1356
1328,1328
1336,1346
1361,1328
1335,1334
1331,1312
1344,1321
1326,1328
1326,1348
1314,1319
1313,1339
1344,1350
1327,1326
1325,1326
1311,1331
1306,1342
1305,1337
1324,1324
1316,1327
1324,1326
1321,1337
1315,1350
1310,1331
1326,1332
1303,1344
1337,1334
1312,1329
1317,1343
1320,1335
1321,1331
1329,1344
1321,1354
1324,1345
1291,1347
1325,1334
1319,1337
1336,1358
1331,1343
1344,1356
1331,1365
1337,1361
1343,1370
1336,1371
1337,1349
1364,1382
1341,1394
1373,1380
1347,1382
1353,1383
1370,1392
1353,1383
1352,1386
1363,1366
1395,1401
1388,1398
1382,1400
1388,1389
1391,1399
1390,1423
1382,1413
1419,1408
1404,1408
1401,1417
1383,1420
1396,1410
1423,1437
1388,1424
1427,1434
1421,1428
1407,1416
1425,1428
1430,1440
1432,1439
1421,1432
1445,1450
1432,1445
1460,1456
1439,1457
1452,1449
1435,1459
1440,1450
1450,1464
1464,1465
1467,1467
1482,1452
1456,1453
1464,1465
1444,1450
1465,1472
1458,1474
1463,1467
1478,1469
1465,1482
1467,1468
1490,1467
1474,1470
1490,1477
1462,1474
1470,1478
1477,1455
1490,1475
1476,1480
1484,1461
1491,1471
1500,1474
1491,1471
1491,1465
1488,1460
1469,1466
1452,1456
1487,1469
1494,1479
1465,1465
1465,1467
1476,1467
1478,1439
1485,1447
1460,1461
1468,1455
1471,1447
1458,1436
1484,1442
1442,1439
1463,1440
1465,1431
1441,1428
1455,1444
1455,1444
1436,1430
1443,1441
1430,1438
1432,1421
1445,1393
1446,1416
1437,1403
1445,1406
1438,1412
1433,1409
1440,1409
1421,1403
1426,1406
1422,1402
1405,1382
1415,1386
1399,1385
1400,1392
1397,1380
1400,1389
1405,1373
1386,1370
1402,1386
1398,1354
1382,1377
1374,1372
1375,1367
1363,1363
1393,1370
1376,1363
1365,1353
1370,1362
1361,1336
1370,1362
1343,1336
1361,1338
1355,1351
1345,1361
1342,1337
1349,1325
1345,1336
1349,1345
1335,1331
1357,1353
1332,1321
1331,1336
1342,1343
1315,1334
1329,1333
1338,1323
1314,1337
1325,1324
1323,1326
1313,1335
1332,1331
1310,1330
1325,1336
1318,1325
1304,1340
1336,1345
1321,1334
1313,1329
1319,1330
1321,1329
1320,1336
1312,1332
1319,1329
1318,1339
1323,1335
1300,1345
1317,1339
1321,1349
1332,1336
1330,1339
1328,1343
1321,1338
1333,1365
1344,1346
1329,1350
1346,1345
1327,1358
1326,1363
1331,1357
1337,1360
1345,1367
1349,1369
1354,1384
1327,1356
1343,1373
1346,1378
1356,1384
1352,1376
1355,1392
1346,1383
1376,1396
1371,1379
1376,1407
1391,1404
1374,1389
1390,1385
1389,1393
1385,1418
1388,1405
1397,1421
1381,1427
1391,1415
1402,1426
1395,1403
1407,1423
1411,1429
1428,1439
1424,1436
1424,1440
1424,1442
1444,1446
1431,1450
1434,1450
1432,1448
1435,1445
1444,1447
1436,1467
1457,1462
1458,1452
1452,1460
1447,1465
1453,1471
1464,1458
1460,1467
1463,1468
1476,1464
1477,1458
1474,1473
1476,1468
1475,1449
1471,1470
1465,1481
1489,1468
1506,1471
1460,1466
1476,1459
1500,1461
1485,1475
1479,1472
1492,1489
1475,1453
1476,1460
1470,1470
1467,1463
1474,1464
1482,1468
1502,1485
1469,1449
1476,1466
1485,1454
1489,1463
1483,1457
1478,1447
1474,1462
1472,1450
1476,1453
1476,1454
1473,1441
1483,1464
1466,1443
1453,1448
1472,1443
1468,1424
1449,1449
1478,1443
1462,1434
1440,1444
1440,1413
1456,1426
1452,1423
1445,1413
1452,1428
1433,1420
1438,1426
1434,1408
1444,1414
1426,1407
1427,1401
1422,1404
1428,1415
1421,1385
1416,1388
1409,1402
1412,1404
1401,1373
1395,1393
1385,1378
1385,1382
1388,1378
1385,1380
1371,1358
1369,1366
1386,1371
1384,1362
1380,1367
1377,1365
1356,1355
1360,1345
1358,1354
1364,1348
1351,1347
1348,1340
1354,1341
1356,1342
1359,1345
1334,1344
1331,1333
1342,1339
1334,1349
1338,1332
1291,1338
1348,1333
1336,1332
1322,1322
1334,1323
1318,1343
1328,1323
1322,1332
1329,1316
1323,1334
1329,1328
1322,1337
1339,1316
1320,1329
1323,1314
1323,1346
1330,1316
1295,1325
1323,1327
1319,1331
1315,1320
1332,1335
1317,1323
1315,1347
1319,1352
1306,1342
1320,1331
1321,1328
1318,1352
1314,1356
1327,1339
1312,1364
1341,1370
1359,1340
1340,1348
1337,1354
1342,1345
1337,1357
1342,1368
1348,1378
1330,1374
1333,1360
1348,1377
1340,1359
1356,1390
1369,1367
1380,1377
1362,1377
1365,1388
1355,1390
1378,1383
1379,1380
1390,1374
1370,1399
1354,1414
1390,1413
1399,1403
1400,1423
1396,1418
1400,1408
1408,1420
1394,1426
1405,1423
1403,1431
1419,1414
1423,1427
1421,1437
1412,1437
1437,1432
1418,1437
1432,1427
1427,1428
1462,1451
1448,1446
1449,1456
1444,1451
1434,1475
1460,1447
1460,1462
1476,1461
1448,1470
1456,1460
1458,1457
1465,1456
1464,1476
1458,1461
1469,1472
1470,1448
1472,1487
1484,1484
1479,1471
1460,1463
1490,1475
1472,1462
1482,1473
1474,1467
1489,1472
1483,1453
1474,1484
1493,1469
1492,1480
1503,1464
1473,1459
1505,1475
1460,1490
1492,1463
1499,1484
1484,1458
1475,1459
1494,1476
1487,1462
1462,1450
1483,1465
1482,1457
1490,1454
1471,1458
1468,1468
1476,1465
1477,1454
1476,1453
1461,1437
1465,1454
1466,1442
1460,1449
1467,1426
1457,1424
1449,1431
1442,1437
1460,1420
1423,1419
1457,1428
1442,1423
1441,1420
1427,1404
1415,1413
1446,1411
1439,1405
1417,1413
1423,1400
1417,1405
1427,1392
1393,1404
1412,1386
1411,1386
1420,1368
1367,1375
1401,1364
1409,1374
1374,1372
1375,1376
1375,1383
1369,1364
1385,1353
1373,1377
1350,1353
1348,1352
1352,1342
1363,1357
1360,1341
1380,1360
1353,1332
1364,1360
1355,1350
1343,1331
1332,1339
1360,1326
1347,1330
1325,1326
1331,1329
1319,1338
1318,1323
1326,1327
1334,1330
1304,1329
1315,1325
1323,1320
1293,1319
1308,1333
1320,1336
1316,1319
1323,1330
1312,1308
1305,1326
1305,1322
1290,1325
1301,1323
1320,1330
1300,1320
1317,1325
1304,1327
1335,1330
1289,1332
1312,1320
1304,1333
1320,1346
1324,1344
1321,1355
1326,1345
1316,1336
1329,1346
1325,1350
1314,1348
1314,1333
1341,1356
1334,1358
1335,1363
1341,1362
1340,1343
1346,1360
1334,1359
1346,1367
1336,1376
1343,1378
1347,1386
1349,1380
1356,1384
1338,1386
1371,1384
1378,1382
1363,1391
1371,1393
1375,1393
1371,1400
1383,1427
1392,1394
1389,1392
1386,1411
1432,1417
1391,1424
1405,1423
1396,1420
1409,1419
1397,1434
1404,1417
1437,1429
1441,1449
1437,1428
1448,1444
1436,1428
1436,1446
1433,1447
1439,1444
1430,1462
1437,1471
1447,1469
1441,1457
1455,1447
1443,1469
1451,1467
1458,1470
1454,1472
1468,1477
1471,1472
1476,1481
1476,1463
1463,1471
1477,1466
1484,1469
1491,1471
1471,1473
1492,1470
1490,1470
1483,1477
1478,1493
1476,1470
1462,1472
1470,1477
1497,1489
1489,1470
1482,1472
1487,1481
1467,1472
1497,1470
1480,1461
1478,1457
1495,1473
1473,1479
1485,1450
1484,1466
1473,1479
1483,1452
1477,1454
1491,1471
1468,1449
1476,1446
1478,1450
1486,1448
1504,1463
1451,1458
1471,1433
1464,1427
1453,1447
1456,1446
1455,1443
1468,1440
1477,1435
1461,1432
1440,1431
1430,1414
1427,1434
1420,1405
1437,1413
1440,1408
1418,1403
1419,1407
1434,1409
1423,1393
1391,1394
1416,1395
1417,1395
1420,1389
1401,1385
1381,1381
1397,1375
1398,1388
1389,1384
1385,1381
1387,1378
1378,1363
1384,1370
1390,1370
1381,1358
1356,1344
1355,1355
1346,1362
1360,1342
1355,1348
1360,1350
1360,1348
1368,1347
1364,1331
1346,1344
1330,1340
1335,1322
1370,1339
1338,1337
1339,1343
1330,1328
1338,1326
1318,1339
1330,1328
1318,1324
1305,1331
1334,1315
1318,1321
1322,1313
1310,1305
1308,1316
1316,1319
1320,1309
1319,1307
1291,1326
1318,1337
1325,1344
1311,1324
1291,1321
1306,1327
1321,1320
1321,1333
1309,1329
1307,1335
1297,1320
1321,1340
1301,1328
1316,1323
1333,1338
1310,1344
1338,1339
1317,1354
1317,1339
1320,1350
1315,1326
1356,1354
1320,1357
1327,1367
1334,1352
1327,1366
1316,1369
1349,1368
1330,1376
1354,1380
1334,1366
1351,1378
1355,1380
1369,1391
1370,1374
1374,1400
1353,1409
1373,1407
1379,1395
1376,1384
1380,1399
1373,1390
1388,1409
1388,1415
1391,1423
1404,1407
1414,1420
1384,1426
1420,1432
1401,1420
1414,1425
1418,1422
1413,1431
1438,1455
1409,1455
1415,1444
1434,1444
1451,1444
1440,1448
1442,1446
1451,1449
1456,1468
1465,1460
1468,1458
1455,1456
1456,1457
1455,1453
1459,1482
1463,1482
1440,1464
1479,1478
1466,1466
1473,1474
1476,1481
1486,1466
1489,1480
1468,1466
1488,1474
1472,1474
1464,1475
1462,1486
1491,1471
1502,1475
1495,1476
1500,1479
1495,1470
1483,1455
1512,1471
1481,1485
1496,1478
1468,1498
1495,1461
1503,1457
1492,1467
1491,1471
1494,1471
1496,1460
1494,1472
1491,1445
1475,1455
1482,1454
1450,1442
1502,1451
1467,1452
1484,1449
1471,1456
1480,1446
1466,1438
1461,1435
1457,1454
1469,1440
1455,1438
1455,1434
1441,1423
1445,1419
1436,1439
1434,1413
1451,1420
1421,1411
1426,1418
1431,1421
1428,1406
1404,1402
1420,1394
1409,1400
1394,1383
1412,1379
1421,1388
1401,1392
1398,1382
1407,1365
1369,1366
1384,1372
1389,1379
1396,1364
1382,1359
1356,1360
1362,1371
1359,1369
1351,1356
1362,1354
1364,1344
1361,1357
1357,1353
1368,1340
1347,1327
1325,1334
1355,1323
1339,1342
1334,1341
1338,1346
1328,1333
1348,1329
1319,1355
1328,1336
1323,1322
1313,1328
1310,1332
1330,1338
1319,1332
1306,1318
1311,1317
1331,1320
1307,1324
1327,1332
1309,1310
1324,1326
1335,1338
1318,1339
1303,1324
1314,1331
1313,1330
1294,1322
1307,1327
1318,1327
1298,1326
1325,1339
1306,1320
1312,1335
1312,1328
1321,1343
1310,1337
1315,1342
1308,1328
1312,1341
1309,1345
1325,1360
1333,1336
1311,1365
1321,1350
1313,1359
1350,1347
1352,1358
1331,1366
1356,1358
1340,1367
1351,1361
1340,1381
1345,1369
1347,1392
1379,1397
1356,1388
1377,1396
1366,1401
1376,1386
1398,1395
1374,1403
1390,1407
1403,1407
1375,1426
1383,1421
1382,1406
1379,1420
1410,1419
1404,1431
1415,1430
1445,1431
1406,1435
1419,1427
1418,1437
1434,1441
1447,1436
1422,1418
1448,1450
1445,1436
1450,1455
1440,1456
1456,1451
1457,1459
1449,1467
1466,1452
1460,1446
1455,1458
1484,1439
1468,1469
1464,1463
1472,1474
1471,1472
1474,1491
1470,1457
1473,1475
1485,1485
1504,1470
1477,1466
1483,1472
1490,1460
1498,1468
1509,1493
1483,1464
1499,1474
1494,1488
1499,1478
1490,1464
1490,1462
1497,1491
1498,1481
1481,1486
1508,1461
1483,1472
1486,1465
1471,1451
1476,1469
1474,1460
1486,1459
1464,1461
1479,1447
1476,1446
1494,1445
1481,1440
1470,1450
1491,1466
1465,1467
1454,1443
1451,1449
1473,1441
1471,1432
1466,1441
1476,1449
1486,1438
1441,1435
1444,1422
1443,1418
1432,1415
1436,1410
1443,1395
1452,1427
1415,1398
1426,1428
1436,1413
1428,1405
1423,1399
1398,1394
1416,1390
1402,1393
1392,1376
1412,1381
1395,1378
1394,1372
1400,1376
1372,1379
1364,1369
1383,1359
1363,1359
1361,1346
1354,1371
1368,1380
1378,1376
1381,1352
1360,1346
1347,1363
1346,1346
1361,1327
1347,1335
1345,1359
1330,1341
1331,1344
1331,1338
1329,1332
1355,1333
1328,1332
1328,1335
1306,1322
1318,1341
1317,1323
1328,1326
1323,1323
1331,1310
1313,1303
1303,1325
1315,1310
1307,1338
1305,1323
1309,1301
1290,1333
1317,1308
1302,1338
1314,1307
1317,1320
1312,1325
1305,1337
1298,1334
1303,1346
1313,1338
1303,1327
1316,1330
1315,1330
1303,1316
1328,1334
1319,1337
1316,1329
1318,1336
1315,1350
1326,1350
1316,1340
1309,1338
1329,1365
1328,1345
1309,1357
1327,1360
1354,1369
1329,1371
1341,1355
1330,1371
1349,1383
1357,1365
1354,1377
1347,1379
1348,1386
1368,1386
1367,1372
1360,1397
1346,1367
1373,1392
1369,1404
1387,1396
1374,1397
1391,1415
1389,1422
1414,1406
1401,1416
1404,1405
1412,1427
1418,1428
1401,1442
1407,1437
1427,1417
1420,1447
1460,1447
1442,1458
1443,1450
1452,1436
1455,1447
1433,1455
1447,1448
1451,1435
1438,1454
1439,1462
1468,1467
1448,1461
1467,1463
1450,1460
1454,1464
1469,1475
1480,1466
1493,1455
1474,1467
1470,1482
1487,1485
1485,1479
1475,1478
1479,1482
1482,1489
1469,1486
1486,1464
1482,1497
1505,1472
1491,1468
1482,1458
1490,1474
1473,1472
1478,1468
1478,1476
1488,1483
1485,1465
1487,1465
1492,1468
1482,1467
1481,1468
1491,1452
1501,1465
1497,1448
1464,1473
1483,1451
1499,1468
1468,1460
1458,1449
1452,1447
1454,1437
1483,1449
1486,1435
1471,1447
1453,1439
1450,1452
1461,1438
1440,1424
1465,1428
1448,1417
1442,1427
1441,1424
1428,1428
1426,1438
1437,1417
1441,1404
1447,1387
1415,1405
1432,1400
1429,1402
1426,1388
1399,1398
1413,1387
1410,1366
1424,1382
1385,1379
1401,1378
1399,1363
1410,1377
1395,1369
1385,1371
1363,1361
1374,1360
1369,1342
1371,1368
1388,1362
1366,1353
1369,1346
1369,1357
1348,1328
1376,1340
1359,1345
1346,1350
1354,1344
1316,1347
1324,1329
1336,1332
1345,1311
1332,1329
1319,1319
1337,1323
1344,1319
1324,1301
1314,1318
1317,1326
1329,1329
1323,1316
1305,1338
1316,1319
1319,1317
1327,1329
1312,1326
1323,1328
1292,1318
1315,1329
1283,1331
1309,1318
1296,1325
1308,1339
1308,1318
1316,1336
1304,1327
1295,1324
1322,1324
1316,1343
1310,1338
1333,1345
1320,1348
1316,1330
1334,1348
1296,1335
1326,1357
1317,1366
1346,1345
1334,1349
1352,1362
1339,1352
1342,1361
1335,1376
1320,1374
1366,1367
1352,1365
1372,1379
1343,1371
1351,1381
1366,1367
1341,1378
1351,1389
1360,1390
1367,1385
1372,1393
1361,1389
1374,1408
1390,1395
1379,1407
1393,1394
1389,1429
1401,1410
1406,1398
1395,1417
1403,1430
1419,1436
1413,1424
1433,1431
1430,1437
1442,1455
1433,1447
1400,1451
1414,1443
1423,1463
1448,1452
1439,1454
1446,1452
1459,1464
1442,1461
1436,1470
1436,1463
1444,1457
1474,1462
1455,1474
1489,1462
1476,1465
1455,1465
1483,1476
1467,1464
1487,1471
1463,1469
1472,1486
1462,1475
1483,1474
1483,1475
1489,1466
1491,1473
1497,1490
1499,1469
1480,1495
1485,1474
1500,1479
1481,1476
1471,1481
1493,1476
1499,1462
1488,1476
1496,1463
1464,1487
1480,1477
1501,1447
1490,1468
1494,1463
1475,1473
1490,1466
1485,1472
1464,1450
1472,1443
1496,1443
1480,1455
1485,1441
1493,1449
1463,1433
1467,1444
1446,1447
1486,1431
1460,1448
1450,1425
1450,1434
1451,1440
1441,1420
1441,1421
1421,1420
1442,1421
1439,1403
1434,1416
1430,1410
1419,1382
1420,1400
1433,1389
1417,1378
1406,1393
1423,1383
1424,1380
1398,1381
1371,1373
1381,1372
1382,1367
1375,1371
1397,1363
1379,1358
1375,1351
1357,1364
1384,1367
1381,1357
1379,1348
1366,1357
1359,1349
1383,1358
1339,1347
1334,1331
1342,1333
1333,1339
1347,1343
1334,1352
1339,1339
1326,1325
1325,1323
1320,1319
1359,1334
1320,1317
1330,1326
1328,1312
1313,1324
1315,1325
1296,1323
1332,1317
1309,1330
1302,1309
1320,1316
1319,1334
1325,1336
1317,1328
1290,1318
1304,1318
1319,1333
1319,1320
1305,1326
1311,1343
1307,1331
1323,1331
1298,1327
1320,1328
1287,1335
1325,1323
1313,1338
1328,1343
1330,1350
1313,1352
1315,1332
1321,1343
1323,1354
1337,1355
1326,1340
1337,1366
1354,1355
1346,1356
1338,1367
1333,1365
1326,1369
1343,1376
1361,1364
1362,1383
1343,1393
1332,1381
1369,1372
1358,1381
1366,1375
1379,1398
1362,1393
1391,1420
1377,1409
1381,1407
1400,1406
1386,1404
1398,1421
1384,1413
1394,1412
1404,1432
1368,1439
1391,1427
1417,1441
1401,1447
1424,1438
1412,1420
1420,1431
1430,1448
1425,1439
1417,1441
1434,1448
1435,1450
1449,1466
1437,1462
1455,1457
1457,1459
1455,1474
1446,1469
1459,1461
1462,1465
1480,1466
1491,1471
1486,1465
1470,1468
1487,1482
1473,1483
1462,1488
1479,1472
1484,1472
1483,1479
1497,1473
1491,1480
1486,1484
1489,1494
1495,1489
1487,1480
1486,1459
1471,1483
1481,1472
1510,1473
1490,1470
1478,1462
1508,1477
1492,1469
1484,1466
1487,1468
1497,1467
1491,1461
1483,1459
1482,1465
1456,1461
1473,1463
1463,1458
1463,1436
1477,1444
1489,1446
1471,1430
1466,1445
1471,1454
1459,1430
1462,1441
1469,1423
1472,1438
1441,1433
1471,1425
1468,1421
1438,1425
1430,1435
1454,1403
1452,1418
1435,1411
1436,1413
1433,1407
1434,1410
1429,1404
1400,1401
1404,1406
1414,1390
1422,1396
1411,1399
1410,1384
1407,1399
1393,1379
1396,1385
1388,1368
1372,1370
1402,1377
1392,1361
1378,1365
1377,1365
1365,1356
1365,1345
1331,1344
1338,1366
1370,1358
1357,1361
1367,1335
1345,1357
1349,1319
1333,1342
1351,1331
1347,1325
1329,1319
1339,1331
1315,1345
1337,1332
1314,1329
1324,1315
1326,1323
1317,1326
1312,1342
1330,1326
1313,1343
1307,1319
1307,1313
1316,1315
1306,1301
1316,1313
1318,1316
1324,1311
1316,1327
1320,1305
1305,1315
1319,1339
1303,1317
1325,1346
1308,1348
1311,1328
1314,1328
1309,1330
1312,1330
1307,1343
1315,1332
1315,1352
1340,1352
1340,1340
1337,1341
1322,1343
1340,1342
1316,1352
1332,1371
1337,1351
1344,1358
1324,1364
1326,1380
1350,1360
1351,1370
1359,1372
1338,1372
1370,1370
1345,1391
1349,1376
1370,1392
1350,1386
1382,1405
1384,1405
1387,1398
1415,1404
1393,1407
1380,1401
1381,1403
1400,1409
1404,1424
1405,1416
1387,1414
1412,1419
1392,1413
1432,1414
1407,1431
1415,1452
1419,1432
1430,1447
1414,1456
1426,1446
1433,1450
1418,1445
1425,1448
1437,1462
1442,1445
1441,1455
1443,1481
1461,1455
1450,1444
1426,1462
1479,1479
1484,1454
1465,1459
1461,1465
1471,1470
1460,1465
1477,1479
1452,1474
1492,1454
1483,1481
1478,1464
1464,1450
1482,1463
1496,1472
1480,1472
1478,1463
1498,1481
1489,1471
1492,1471
1488,1476
1495,1478
1492,1480
1485,1465
1474,1473
1503,1466
1499,1458
1470,1477
1488,1471
1483,1468
1463,1451
1478,1459
1457,1469
1485,1469
1477,1458
1463,1461
1477,1460
1467,1453
1471,1441
1478,1451
1450,1443
1475,1437
1464,1430
1443,1434
1448,1441
1472,1438
1463,1438
1440,1436
1437,1421
1429,1412
1435,1414
1456,1403
1440,1401
1429,1416
1429,1408
1422,1392
1408,1399
1429,1394
1415,1393
1422,1395
1406,1407
1401,1389
1401,1375
1397,1371
1391,1371
1393,1379
1389,1368
1386,1371
1373,1362
1379,1359
1381,1355
1375,1362
1376,1345
1367,1355
1379,1363
1369,1336
1344,1342
1353,1333
1354,1343
1373,1316
1350,1344
1343,1351
1341,1327
1346,1345
1319,1320
1320,1349
1341,1331
1321,1325
1321,1328
1335,1327
1337,1312
1333,1328
1334,1345
1327,1321
1305,1325
1333,1315
1307,1338
1316,1328
1309,1317
1317,1316
1313,1334
1319,1313
1303,1332
1305,1328
1331,1330
1325,1342
1318,1329
1315,1343
1295,1324
1323,1317
1321,1348
1309,1333
1302,1355
1328,1357
1320,1326
1322,1333
1320,1350
1333,1374
1313,1359
1304,1359
1340,1352
1345,1361
1341,1345
1332,1343
1343,1367
1345,1368
1330,1364
1341,1381
1357,1359
1350,1363
1348,1380
1351,1377
1371,1378
1356,1390
1351,1377
1356,1403
1362,1390
1377,1388
1381,1406
1389,1385
1383,1394
1378,1413
1370,1403
1383,1411
1396,1427
1397,1429
1404,1414
1419,1430
1401,1430
1421,1428
1399,1428
1436,1431
1417,1428
1432,1432
1448,1425
1429,1437
1421,1432
1412,1444
1446,1432
1434,1436
1434,1469
1433,1461
1447,1449
1460,1462
1440,1452
1463,1459
1450,1452
1455,1474
1468,1467
1448,1469
1458,1469
1482,1473
1486,1456
1487,1468
1485,1487
1477,1469
1477,1475
1490,1459
1483,1482
1474,1473
1463,1471
1475,1471
1467,1483
1483,1485
1501,1457
1488,1480
1498,1468
1475,1467
1494,1466
1513,1464
1490,1472
1495,1492
1475,1475
1506,1451
1497,1456
1479,1470
1495,1469
1473,1441
1473,1457
1477,1451
1473,1464
1470,1443
1485,1455
1465,1453
1455,1452
1458,1433
1472,1422
1468,1429
1457,1420
1448,1429
1442,1440
1454,1439
1453,1430
1440,1412
1431,1417
1441,1412
1423,1398
1441,1407
1424,1401
1438,1407
1420,1424
1423,1394
1406,1405
1405,1403
1409,1396
1414,1384
1404,1391
1425,1384
1408,1386
1410,1400
1368,1371
1399,1389
1405,1385
1377,1385
1379,1354
1380,1365
1382,1353
1375,1359
1372,1348
1345,1354
1352,1337
1368,1352
1377,1339
1350,1338
1353,1347
1348,1330
1361,1352
1330,1336
1304,1342
1347,1317
1325,1324
1338,1335
1321,1349
1324,1346
1330,1325
1332,1333
1327,1330
1316,1338
1329,1329
1314,1334
1335,1328
1329,1336
1323,1319
1325,1320
1319,1324
1319,1314
1324,1326
1305,1327
1305,1319
1307,1333
1304,1310
1318,1313
1315,1336
1319,1333
1334,1345
1311,1332
1310,1337
1311,1334
1315,1344
1316,1351
1328,1339
1322,1351
1325,1349
1312,1346
1320,1343
1337,1355
1332,1355
1325,1352
1326,1354
1348,1368
1327,1339
1320,1357
1348,1367
1363,1375
1346,1388
1342,1371
1358,1377
1347,1388
1364,1384
1351,1385
1347,1395
1368,1390
1375,1386
1362,1405
1384,1404
1376,1408
1384,1400
1399,1408
1400,1405
1396,1406
1400,1401
1394,1427
1393,1418
1405,1428
1414,1445
1416,1439
1424,1436
1427,1435
1426,1416
1442,1440
1413,1453
1444,1457
1433,1449
1423,1450
1454,1446
1465,1453
1444,1450
1468,1454
1449,1463
1473,1468
1450,1469
1471,1458
1477,1470
1461,1446
1466,1458
1454,1464
1480,1473
1467,1457
1469,1470
1474,1463
1460,1485
1479,1468
1484,1475
1474,1480
1501,1465
1492,1469
1476,1479
1496,1475
1479,1466
1482,1474
1477,1472
1477,1483
1500,1478
1486,1464
1461,1460
1501,1461
1480,1471
1470,1467
1472,1465
1467,1469
1485,1445
1471,1456
1491,1456
1474,1455
1461,1450
1484,1464
1462,1459
1447,1446
1468,1449
1463,1429
1451,1432
1462,1438
1465,1432
1471,1429
1448,1426
1460,1432
1453,1435
1451,1437
1466,1418
1456,1405
1430,1430
1431,1414
1462,1414
1419,1419
1437,1401
1408,1388
1420,1388
1423,1389
1421,1422
1416,1392
1394,1382
1428,1399
1396,1382
1398,1372
1396,1387
1397,1375
1389,1400
1370,1368
1395,1368
1371,1366
1365,1355
1395,1352
1361,1356
1362,1364
1371,1353
1379,1370
1333,1354
1364,1336
1353,1346
1353,1329
1332,1346
1341,1349
1360,1346
1341,1334
1346,1328
1341,1332
1319,1325
1334,1339
1334,1317
1344,1327
1323,1334
1337,1325
1327,1321
1312,1324
1330,1326
1305,1309
1323,1329
1311,1324
1329,1320
1323,1336
1324,1337
1329,1316
1321,1338
1307,1323
1309,1328
1340,1334
1308,1328
1311,1337
1323,1336
1322,1339
1319,1330
1309,1357
1332,1350
1318,1331
1331,1336
1325,1347
1318,1366
1330,1331
1308,1360
1319,1341
1329,1347
1337,1353
1344,1359
1358,1336
1353,1364
1340,1369
1358,1357
1342,1389
1340,1377
1349,1389
1360,1365
1340,1373
1350,1376
1366,1382
1369,1376
1369,1376
1360,1381
1389,1396
1374,1379
1382,1406
1390,1399
1366,1404
1385,1408
1387,1419
1402,1427
1412,1418
1407,1417
1409,1428
1437,1408
1402,1426
1410,1432
1419,1430
1427,1426
1438,1439
1428,1439
1407,1435
1413,1444
1426,1442
1432,1446
1442,1431
1440,1449
1454,1450
1445,1441
1454,1453
1454,1450
1429,1457
1444,1477
1450,1447
1486,1460
1478,1451
1473,1474
1469,1468
1464,1471
1479,1470
1467,1478
1472,1484
1457,1468
1480,1468
1474,1475
1478,1471
1494,1473
1477,1480
1497,1472
1490,1477
1486,1456
1478,1481
1496,1472
1490,1458
1499,1459
1478,1466
1462,1452
1493,1460
1460,1468
1481,1451
1483,1444
1473,1438
1488,1460
1471,1458
1468,1460
1481,1452
1468,1441
1458,1461
1454,1429
1471,1427
1477,1441
1455,1445
1468,1443
1469,1443
1454,1430
1451,1434
1458,1429
1431,1425
1440,1437
1440,1416
1446,1433
1418,1430
1446,1417
1436,1414
1446,1415
1445,1409
1418,1391
1412,1404
1423,1395
1402,1393
1413,1390
1410,1384
1408,1400
1397,1390
1415,1391
1387,1404
1417,1381
1389,1376
1384,1375
1373,1380
1357,1373
1370,1367
1372,1361
1376,1367
1390,1353
1351,1348
1366,1354
1364,1361
1362,1359
1352,1358
1329,1342
1345,1335
1344,1343
1352,1348
1342,1330
1338,1329
1326,1332
1343,1336
1320,1344
1342,1354
1326,1336
1324,1339
1322,1336
1319,1334
1314,1319
1342,1325
1303,1329
1303,1341
1323,1332
1328,1328
1316,1342
1316,1323
1335,1329
1326,1333
1318,1345
1316,1343
1317,1330
1322,1335
1311,1348
1310,1333
1318,1343
1308,1365
1330,1350
1319,1344
1310,1327
1324,1342
1317,1339
1311,1320
1326,1350
1308,1334
1336,1350
1328,1350
1339,1370
1371,1363
1330,1359
1349,1358
1337,1377
1337,1377
1360,1371
1340,1371
1341,1355
1347,1366
1355,1374
1362,1396
1360,1374
1358,1381
1375,1386
1358,1387
1358,1398
1388,1403
1360,1396
1364,1393
1363,1409
1385,1419
1382,1404
1402,1409
1402,1412
1394,1418
1411,1414
1409,1428
1412,1420
1415,1406
1406,1414
1437,1421
1416,1426
1418,1436
1427,1444
1436,1435
1429,1453
1422,1444
1445,1436
1440,1432
1462,1445
1442,1452
1436,1457
1433,1451
1465,1467
1453,1455
1447,1461
1463,1446
1454,1481
1445,1449
1459,1462
1473,1466
1474,1450
1467,1475
1461,1484
1457,1464
1463,1469
1469,1478
1492,1476
1482,1480
1469,1468
1483,1475
1494,1475
1486,1469
1478,1439
1468,1441
1488,1467
1486,1453
1476,1462
1486,1451
1479,1451
1477,1449
1467,1453
1463,1459
1474,1463
1479,1455
1480,1436
1474,1463
1452,1451
1477,1452
1487,1443
1477,1448
1465,1449
1453,1460
1465,1442
1455,1448
1457,1436
1458,1441
1462,1428
1451,1421
1457,1428
1428,1432
1453,1419
1438,1424
1452,1412
1447,1428
1450,1405
1454,1412
1437,1410
1447,1414
1427,1419
1418,1395
1407,1407
1406,1393
1416,1393
1400,1391
1410,1388
1398,1371
1410,1387
1398,1378
1389,1375
1389,1369
1392,1369
1388,1368
1382,1376
1371,1368
1382,1328
1378,1366
1369,1373
1362,1359
1336,1352
1378,1352
1362,1372
1353,1372
1362,1331
1354,1346
1341,1355
1361,1359
1335,1345
1354,1340
1331,1333
1344,1353
1356,1343
1344,1347
1348,1321
1326,1326
1327,1329
1332,1328
1325,1351
1314,1330
1311,1322
1321,1323
1351,1331
1325,1327
1329,1322
1335,1321
1338,1324
1319,1337
1330,1332
1303,1326
1313,1314
1333,1346
1294,1333
1307,1332
1336,1340
1310,1354
1341,1338
1313,1346
1318,1338
1331,1354
1321,1324
1333,1347
1330,1330
1325,1341
1324,1355
1329,1359
1346,1352
1324,1357
1341,1353
1332,1338
1334,1363
1335,1367
1364,1361
1358,1361
1370,1376
1346,1376
1366,1384
1350,1384
1384,1394
1367,1388
1353,1381
1375,1399
1378,1396
1369,1400
1368,1412
1385,1410
1394,1390
1399,1385
1400,1399
1388,1407
1388,1411
1391,1434
1389,1407
1400,1405
1408,1409
1401,1420
1423,1434
1431,1435
1416,1432
1421,1421
1416,1436
1408,1443
1434,1440
1435,1433
1427,1450
1429,1449
1439,1457
1467,1431
1439,1457
1452,1447
1456,1439
1445,1470
1456,1454
1432,1459
1456,1439
1445,1445
1446,1464
1469,1457
1470,1467
1471,1452
1451,1456
1460,1482
1479,1460
1472,1471
1469,1455
1465,1478
1463,1471
1463,1471
1466,1475
1465,1463
1485,1458
1483,1469
1479,1463
1486,1455
1480,1455
1472,1458
1477,1459
1467,1454
1468,1464
1469,1455
1472,1449
1484,1455
1478,1452
1485,1471
1472,1441
1463,1461
1467,1448
1450,1463
1471,1439
1486,1428
1465,1459
1481,1451
1493,1432
1453,1455
1476,1418
1442,1428
1446,1422
1460,1438
1445,1408
1440,1414
1432,1417
1441,1416
1443,1429
1433,1423
1442,1399
1416,1421
1408,1406
1426,1397
1413,1396
1416,1408
1419,1394
1403,1405
1413,1384
1411,1384
1396,1386
1416,1385
1368,1385
1404,1381
1385,1369
1395,1382
1387,1376
1382,1355
1373,1359
1355,1368
1372,1358
1366,1363
1366,1373
1376,1360
1366,1362
1362,1369
1346,1363
1344,1341
1342,1356
1339,1348
1347,1342
1347,1341
1345,1348
1367,1338
1337,1339
1350,1349
1338,1338
1342,1342
1339,1346
1332,1335
1322,1343
1320,1350
1329,1337
1316,1338
1341,1335
1309,1320
1320,1325
1326,1345
1315,1340
1322,1337
1329,1346
1323,1334
1323,1337
1333,1334
1315,1340
1326,1336
1333,1328
1331,1339
1314,1354
1326,1344
1333,1339
1338,1347
1354,1340
1341,1355
1329,1344
1340,1353
1337,1338
1330,1350
1311,1341
1333,1352
1347,1355
1332,1362
1344,1353
1337,1374
1345,1381
1338,1390
1341,1368
1341,1370
1358,1375
1347,1377
1367,1389
1361,1378
1377,1392
1383,1400
1386,1392
1376,1391
1364,1407
1389,1385
1389,1405
1384,1402
1397,1388
1387,1404
1377,1397
1381,1415
1400,1411
1399,1419
1409,1417
1407,1426
1420,1423
1426,1433
1427,1434
1426,1426
1405,1423
1423,1443
1447,1439
1441,1443
1434,1436
1432,1435
1428,1448
1434,1450
1433,1445
1448,1459
1467,1457
1438,1443
1437,1446
1460,1468
1453,1461
1465,1456
1450,1465
1445,1465
1471,1454
1465,1471
1459,1462
1473,1454
1471,1460
1490,1454
1458,1468
1466,1469
1458,1435
1471,1459
1478,1476
1459,1470
1486,1459
1495,1454
1463,1467
1494,1472
1466,1459
1481,1471
1454,1460
1474,1461
1477,1470
1489,1457
1456,1455
1486,1464
1457,1433
1448,1460
1467,1443
1476,1462
1458,1464
1484,1462
1454,1445
1468,1460
1454,1442
1463,1446
1452,1433
1459,1434
1469,1449
1445,1433
1458,1422
1443,1436
1436,1427
1423,1428
1445,1427
1422,1426
1435,1415
1409,1421
1414,1405
1446,1402
1426,1410
1426,1395
1415,1388
1416,1394
1406,1399
1396,1409
1401,1394
1393,1387
1404,1383
1392,1381
1414,1374
1399,1391
1401,1380
1376,1379
1380,1368
1391,1380
1359,1358
1391,1372
1387,1366
1360,1358
1366,1370
1371,1340
1379,1370
1354,1361
1365,1355
1372,1348
1375,1347
1353,1340
1353,1339
1356,1354
1356,1354
1332,1354
1344,1339
1326,1339
1361,1337
1322,1351
1340,1337
1342,1323
1342,1343
1335,1342
1339,1335
1310,1312
1325,1333
1315,1339
1315,1330
1330,1333
1313,1328
1320,1335
1328,1330
1334,1338
1326,1325
1321,1335
1326,1332
1335,1341
1315,1327
1331,1342
1328,1348
1321,1329
1325,1348
1343,1336
1333,1345
1342,1330
1325,1353
1329,1348
1322,1361
1344,1341
1326,1348
1329,1341
1355,1362
1338,1370
1343,1347
1335,1351
1349,1369
1351,1368
1335,1373
1361,1351
1350,1367
1359,1375
1342,1372
1371,1379
1349,1379
1363,1379
1366,1395
1368,1384
1375,1388
1379,1401
1375,1386
1393,1398
1375,1403
1391,1417
1408,1413
1399,1401
1387,1412
1393,1392
1407,1424
1415,1424
1407,1439
1392,1433
1414,1430
1420,1430
1401,1436
1412,1438
1422,1430
1437,1423
1438,1434
1427,1446
1443,1436
1424,1448
1436,1449
1443,1441
1474,1443
1439,1446
1444,1435
1435,1453
1461,1465
1464,1453
1464,1446
1463,1450
1458,1459
1450,1457
1449,1445
1453,1462
1468,1467
1459,1456
1478,1482
1454,1451
1462,1469
1461,1451
1476,1450
1469,1484
1473,1473
1462,1462
1472,1453
1468,1449
1486,1463
1485,1461
1471,1455
1478,1454
1484,1454
1468,1466
1482,1444
1466,1457
1471,1468
1468,1439
1473,1458
1477,1448
1469,1444
1465,1440
1481,1445
1467,1431
1454,1442
1470,1446
1448,1445
1424,1451
1465,1451
1443,1439
1447,1440
1474,1411
1465,1422
1451,1445
1435,1438
1461,1415
1444,1426
1430,1419
1442,1428
1415,1409
1422,1414
1443,1410
1414,1411
1419,1404
1425,1405
1423,1413
1401,1412
1399,1393
1405,1400
1409,1382
1403,1388
1383,1377
1389,1394
1384,1382
1386,1386
1393,1376
1402,1386
1379,1365
1389,1366
1382,1367
1402,1368
1367,1365
1384,1355
1389,1374
1356,1361
1370,1360
1357,1355
1364,1355
1354,1365
1355,1333
1357,1354
1359,1346
1346,1349
1346,1336
1333,1363
1356,1344
1348,1348
1334,1326
1330,1341
1314,1322
1352,1339
1343,1335
1312,1328
1342,1341
1347,1320
1335,1327
1328,1346
1348,1341
1332,1358
1344,1336
1321,1344
1338,1349
1328,1331
1327,1343
1314,1338
1320,1357
1347,1329
1334,1349
1343,1346
1325,1334
1320,1342
1325,1355
1331,1337
1335,1351
1325,1366
1325,1357
1334,1343
1330,1371
1338,1358
1339,1351
1347,1350
1335,1362
1338,1366
1345,1360
1349,1373
1358,1361
1332,1373
1346,1366
1345,1378
1347,1378
1373,1384
1367,1372
1330,1407
1363,1377
1356,1375
1367,1402
1371,1398
1368,1400
1390,1396
1369,1380
1362,1410
1384,1413
1405,1393
1390,1417
1403,1417
1403,1404
1398,1421
1387,1416
1400,1407
1432,1404
1399,1417
1405,1437
1409,1445
1428,1427
1424,1456
1417,1439
1414,1435
1407,1454
1411,1428
1448,1439
1417,1441
1434,1420
1441,1460
1454,1440
1429,1454
1458,1453
1441,1451
1452,1444
1452,1443
1463,1451
1464,1461
1453,1452
1454,1455
1457,1467
1446,1466
1441,1441
1471,1451
1463,1460
1453,1453
1470,1469
1473,1468
1476,1471
1470,1476
1468,1441
1477,1457
1454,1456
1468,1447
1496,1459
1468,1454
1476,1440
1453,1459
1450,1456
1481,1454
1456,1468
1460,1451
1454,1452
1454,1450
1469,1458
1456,1440
1457,1459
1480,1457
1437,1446
1472,1447
1463,1446
1462,1435
1455,1438
1440,1435
1453,1434
1453,1423
1455,1450
1458,1433
1441,1409
1451,1425
1455,1419
1426,1417
1436,1435
1434,1420
1450,1405
1424,1411
1421,1429
1410,1407
1412,1409
1414,1398
1399,1400
1416,1421
1412,1375
1402,1404
1417,1408
1394,1383
1405,1393
1405,1385
1391,1393
1395,1357
1378,1380
1400,1365
1392,1383
1389,1385
1384,1372
1382,1378
1404,1372
1385,1364
1384,1386
1375,1374
1378,1362
1354,1361
1363,1354
1366,1371
1359,1341
1360,1345
1354,1362
1349,1340
1357,1350
1345,1345
1336,1352
1361,1345
1346,1351
1353,1354
1343,1342
1341,1334
1336,1335
1331,1356
1329,1340
1341,1325
1323,1335
1341,1330
1327,1338
1331,1335
1322,1326
1325,1332
1341,1329
1344,1338
1334,1351
1311,1343
1329,1340
1348,1353
1326,1344
1320,1340
1334,1349
1322,1347
1327,1349
1319,1346
1347,1325
1325,1353
1321,1341
1326,1355
1345,1358
1348,1353
1337,1357
1345,1367
1338,1354
1343,1374
1343,1365
1325,1360
1335,1368
1332,1387
1352,1376
1346,1352
1347,1376
1343,1378
1365,1372
1371,1385
1352,1389
1351,1382
1352,1391
1359,1405
1364,1377
1368,1404
1373,1391
1380,1406
1382,1408
1389,1408
1381,1408
1390,1405
1394,1417
1400,1407
1400,1410
1397,1419
1410,1398
1413,1429
1398,1429
1418,1414
1402,1433
1413,1424
1425,1437
1434,1414
1401,1438
1412,1440
1430,1446
1439,1442
1415,1435
1436,1437
1421,1458
1453,1452
1452,1441
1452,1446
1441,1463
1453,1456
1459,1468
1470,1467
1460,1459
1445,1465
1451,1460
1443,1452
1458,1464
1450,1453
1467,1447
1453,1467
1457,1451
1465,1479
1469,1460
1447,1469
1467,1456
1453,1474
1471,1467
1466,1447
1487,1454
1491,1483
1480,1460
1456,1445
1474,1447
1460,1457
1462,1452
1497,1453
1471,1458
1450,1446
1469,1457
1459,1445
1474,1460
1465,1453
1455,1458
1456,1441
1470,1446
1455,1437
1451,1463
1474,1454
1463,1434
1437,1422
1429,1420
1429,1422
1454,1429
1444,1437
1450,1434
1451,1430
1459,1422
1460,1426
1440,1417
1423,1406
1464,1419
1433,1409
1427,1400
1434,1392
1426,1408
1429,1398
1415,1392
1419,1402
1423,1416
1408,1401
1409,1389
1407,1400
1408,1389
1400,1389
1404,1391
1399,1380
1399,1370
1385,1369
1386,1381
1375,1368
1391,1356
1367,1385
1385,1368
1390,1357
1366,1364
1377,1365
1369,1363
1366,1353
1371,1364
1362,1377
1352,1350
1360,1358
1360,1349
1378,1369
1351,1350
1338,1353
1345,1345
1351,1342
1368,1361
1348,1334
1336,1360
1343,1353
1346,1338
1336,1346
1332,1352
1338,1333
1355,1336
1317,1346
1347,1354
1335,1337
1327,1347
1351,1327
1352,1342
1323,1349
1335,1332
1340,1345
1329,1334
1341,1339
1343,1335
1342,1338
1340,1339
1326,1327
1334,1351
1333,1355
1336,1339
1331,1361
1321,1339
1335,1351
1336,1368
1357,1353
1364,1360
1335,1357
1355,1354
1365,1370
1347,1365
1355,1360
1334,1368
1340,1364
1344,1362
1365,1381
1373,1370
1358,1378
1363,1378
1358,1382
1346,1386
1379,1377
1378,1401
1367,1387
1380,1381
1357,1388
1390,1402
1377,1384
1384,1391
1368,1398
1393,1403
1381,1402
1385,1406
1390,1409
1390,1419
1413,1394
1398,1424
1398,1401
1417,1421
1398,1426
1410,1423
1415,1427
1421,1420
1404,1424
1429,1432
1440,1432
1430,1429
1434,1440
1410,1438
1426,1448
1426,1441
1438,1452
1430,1433
1469,1442
1441,1445
1438,1449
1442,1457
1457,1471
1437,1452
1439,1431
1455,1449
1455,1458
1457,1453
1448,1449
1481,1468
1480,1461
1467,1460
1453,1459
1471,1473
1446,1461
1454,1446
1460,1451
1450,1458
1482,1456
1446,1464
1471,1458
1452,1461
1469,1445
1467,1451
1480,1455
1460,1453
1461,1451
1463,1450
1479,1459
1458,1457
1466,1447
1471,1437
1483,1439
1462,1448
1447,1456
1465,1437
1475,1443
1452,1448
1475,1438
1478,1426
1445,1435
1461,1438
1446,1442
1450,1441
1442,1450
1448,1435
1441,1416
1446,1440
1435,1417
1450,1430
1437,1403
1433,1430
1448,1417
1430,1398
1428,1404
1423,1404
1433,1417
1417,1395
1421,1409
1399,1394
1412,1406
1433,1409
1409,1409
1391,1397
1398,1381
1408,1389
1399,1400
1426,1410
1390,1372
1393,1401
1389,1393
1384,1372
1402,1377
1380,1379
1386,1374
1388,1382
1395,1370
1371,1368
1393,1376
1373,1377
1372,1349
1356,1365
1348,1355
1364,1356
1369,1359
1367,1348
1349,1348
1356,1347
1362,1356
1332,1346
1349,1360
1346,1341
1359,1363
1342,1353
1335,1335
1340,1356
1349,1333
1340,1343
1354,1325
1360,1351
1329,1341
1333,1360
1354,1338
1335,1342
1326,1346
1329,1329
1324,1349
1328,1340
1327,1354
1345,1335
1338,1351
1339,1358
1355,1361
1326,1356
1327,1349
1338,1354
1352,1368
1331,1354
1341,1350
1336,1357
1312,1357
1356,1359
1345,1354
1349,1368
1364,1364
1337,1350
1347,1357
1346,1361
1341,1355
1352,1354
1353,1371
1349,1372
1358,1373
1362,1373
1357,1362
1365,1376
1379,1383
1380,1375
1360,1371
1368,1385
1362,1384
1379,1370
1375,1383
1384,1390
1386,1394
1377,1398
1366,1396
1382,1412
1386,1395
1380,1403
1388,1412
1386,1427
1393,1410
1405,1382
1396,1418
1381,1433
1425,1419
1412,1421
1398,1422
1393,1428
1409,1435
1413,1428
1430,1423
1426,1424
1425,1432
1419,1421
1438,1434
1434,1447
1427,1431
1429,1446
1440,1432
1426,1448
1431,1451
1457,1435
1451,1459
1440,1450
1443,1427
1441,1444
1447,1441
1455,1449
1451,1461
1458,1473
1468,1433
1451,1445
1473,1461
1460,1465
1440,1460
1454,1465
1472,1456
1434,1444
1474,1454
1464,1445
1452,1459
1445,1452
1465,1439
1459,1437
1473,1454
1466,1442
1461,1456
1450,1446
1457,1444
1437,1449
1462,1456
1469,1466
1480,1457
1453,1445
1454,1454
1449,1426
1472,1449
1470,1435
1453,1463
1453,1453
1426,1441
1463,1432
1437,1428
1443,1448
1457,1448
1462,1427
1437,1420
1440,1417
1437,1411
1443,1425
1443,1430
1441,1411
1430,1440
1438,1413
1424,1419
1437,1414
1444,1424
1445,1416
1428,1420
1420,1413
1438,1381
1401,1401
1412,1405
1406,1391
1394,1408
1400,1399
1424,1382
1406,1394
1415,1380
1404,1382
1397,1378
1392,1359
1366,1379
1388,1380
1375,1372
1376,1374
1361,1374
1383,1372
1368,1365
1375,1374
1387,1354
1385,1370
1367,1365
1377,1356
1347,1383
1373,1366
1359,1357
1351,1366
1374,1337
1368,1364
1354,1351
1355,1353
1343,1339
1361,1342
1340,1369
1364,1353
1347,1326
1346,1348
1347,1358
1350,1347
1334,1341
1349,1343
1347,1351
1345,1346
1332,1348
1329,1334
1347,1346
1337,1349
1331,1344
1354,1341
1331,1336
1331,1355
1341,1354
1330,1350
1324,1359
1316,1357
1350,1356
1338,1352
1339,1342
1328,1354
1339,1359
1361,1367
1345,1357
1343,1356
1350,1361
1340,1360
1339,1370
1351,1345
1346,1358
1355,1361
1346,1377
1346,1360
1359,1368
1343,1364
1350,1366
1354,1371
1351,1376
1352,1358
1371,1395
1381,1385
1369,1383
1352,1385
1363,1380
1358,1377
1379,1397
1387,1390
1382,1412
1399,1384
1389,1402
1386,1404
1384,1406
1384,1414
1406,1407
1404,1401
1395,1423
1401,1397
1413,1401
1407,1425
1418,1421
1408,1414
1399,1426
1406,1417
1407,1404
1417,1431
1433,1426
1432,1417
1411,1439
1430,1430
1426,1446
1419,1429
1407,1444
1439,1455
1449,1439
1426,1436
1445,1451
1443,1450
1438,1444
1434,1451
1447,1453
1439,1434
1456,1440
1433,1449
1460,1438
1434,1435
1445,1446
1468,1443
1452,1452
1461,1463
1470,1447
1472,1456
1462,1447
1449,1446
1456,1451
1443,1462
1471,1446
1456,1452
1453,1444
1451,1475
1454,1466
1467,1442
1458,1449
1483,1448
1462,1460
1476,1437
1432,1442
1461,1425
1476,1436
1443,1458
1446,1462
1450,1440
1467,1435
1452,1442
1463,1433
1457,1429
1458,1448
1456,1429
1444,1431
1462,1429
1474,1421
1452,1443
1422,1417
1444,1437
1428,1412
1430,1416
1443,1427
1434,1408
1433,1415
1422,1405
1431,1408
1432,1421
1439,1422
1417,1406
1419,1407
1431,1406
1437,1420
1414,1393
1427,1403
1396,1409
1422,1399
1423,1424
1390,1391
1408,1382
1390,1380
1409,1387
1383,1400
1385,1390
1378,1370
1397,1373
1377,1376
1392,1371
1372,1393
1375,1359
1383,1371
1408,1377
1375,1360
1394,1369
1365,1372
1367,1367
1361,1350
1360,1363
1365,1364
1352,1372
1378,1348
1365,1353
1358,1342
1386,1382
1360,1352
1336,1366
1342,1346
1329,1323
1349,1353
1342,1345
1342,1353
1334,1356
1350,1339
1342,1362
1359,1358
1351,1343
1334,1355
1327,1347
1323,1362
1329,1325
1348,1354
1327,1368
1356,1357
1342,1341
1350,1360
1328,1345
1364,1335
1347,1347
1355,1364
1340,1350
1350,1341
1331,1357
1349,1356
1356,1356
1349,1363
1344,1351
1329,1359
1323,1361
1347,1350
1333,1336
1345,1366
1328,1357
1349,1371
1328,1366
1327,1347
1345,1383
1359,1382
1366,1358
1359,1363
1359,1374
1369,1378
1378,1369
1342,1383
1336,1380
1348,1385
1369,1386
1360,1383
1365,1382
1383,1400
1386,1414
1385,1400
1353,1391
1401,1400
1367,1393
1400,1414
1393,1414
1397,1407
1393,1389
1398,1410
1388,1398
1395,1407
1398,1427
1391,1416
1404,1411
1390,1416
1413,1440
1407,1435
1401,1426
1415,1425
1424,1437
1425,1450
1428,1437
1443,1431
1427,1440
1419,1448
1408,1441
1439,1460
1421,1436
1436,1437
1431,1444
1436,1436
1440,1447
1418,1447
1449,1440
1448,1448
1454,1448
1477,1440
1467,1439
1451,1450
1456,1454
1453,1444
1456,1447
1465,1458
1459,1445
1446,1439
1453,1453
1456,1461
1454,1457
1460,1455
1466,1451
1479,1458
1445,1466
1471,1432
1442,1456
1446,1462
1464,1446
1457,1452
1458,1439
1439,1456
1463,1448
1448,1461
1440,1441
1458,1447
1472,1449
1457,1456
1464,1441
1450,1445
1447,1437
1458,1442
1440,1441
1449,1434
1447,1431
1454,1427
1474,1434
1437,1430
1447,1415
1430,1424
1428,1426
1441,1435
1450,1427
1438,1420
1435,1419
1434,1417
1426,1406
1444,1415
1412,1414
1434,1406
1415,1420
1416,1392
1411,1398
1401,1397
1406,1387
1411,1393
1402,1402
1393,1386
1408,1399
1414,1395
1394,1398
1400,1380
1418,1383
1393,1371
1394,1380
1390,1368
1402,1377
1387,1403
1389,1368
1370,1371
1386,1361
1375,1373
1373,1369
1373,1366
1369,1370
1367,1359
1364,1362
1373,1351
1360,1363
1370,1381
1374,1366
1351,1365
1361,1349
1371,1345
1355,1354
1368,1368
1350,1360
1353,1349
1343,1351
1361,1332
1364,1366
1342,1348
1341,1348
1351,1342
1372,1342
1340,1351
1340,1339
1335,1340
1329,1351
1348,1338
1340,1349
1335,1341
1323,1333
1332,1342
1345,1348
1337,1352
1338,1351
1345,1364
1353,1364
1363,1353
1325,1341
1329,1369
1338,1363
1334,1337
1327,1347
1345,1343
1358,1357
1343,1354
1360,1376
1337,1352
1352,1368
1341,1352
1342,1364
1340,1359
1359,1377
1364,1377
1348,1366
1351,1363
1338,1381
1362,1378
1365,1383
1375,1360
1349,1365
1357,1385
1375,1376
1356,1391
1382,1388
1376,1395
1370,1376
1396,1412
1392,1375
1367,1394
1396,1395
1379,1414
1407,1402
1381,1408
1388,1391
1392,1419
1398,1409
1388,1409
1405,1410
1380,1419
1397,1416
1397,1413
1417,1404
1416,1417
1412,1410
1406,1427
1421,1429
1422,1432
1411,1413
1421,1424
1427,1430
1410,1413
1412,1433
1414,1440
1426,1432
1426,1433
1422,1433
1443,1433
1431,1439
1434,1455
1455,1443
1434,1458
1464,1454
1439,1449
1453,1447
1454,1450
1430,1443
1458,1471
1457,1454
1457,1445
1448,1448
1461,1438
1455,1454
1449,1445
1446,1458
1456,1450
1458,1452
1472,1455
1461,1463
1448,1461
1444,1468
1476,1463
1456,1458
1478,1449
1465,1447
1455,1439
1456,1458
1457,1446
1447,1454
1468,1445
1452,1431
1450,1454
1456,1442
1458,1430
1462,1442
1459,1433
1441,1435
1458,1435
1460,1427
1446,1436
1466,1410
1457,1429
1438,1441
1434,1414
1439,1424
1433,1433
1448,1416
1434,1433
1455,1414
1430,1427
1449,1417
1449,1409
1417,1405
1421,1412
1422,1403
1449,1404
1446,1419
1444,1414
1424,1409
1415,1404
1431,1398
1432,1394
1405,1386
1412,1405
1410,1389
1389,1403
1394,1389
1387,1387
1402,1394
1399,1379
1420,1378
1393,1370
1406,1374
1400,1361
1380,1368
1373,1377
1399,1378
1395,1364
1403,1384
1367,1372
1373,1361
1383,1379
1364,1359
1384,1362
1362,1365
1356,1362
1367,1372
1351,1347
1339,1360
1377,1360
1375,1354
1373,1340
1384,1360
1382,1348
1344,1354
1367,1341
1350,1344
1348,1346
1349,1351
1355,1359
1357,1336
1343,1354
1347,1358
1337,1351
1341,1359
1344,1344
1363,1360
1349,1343
1343,1338
1326,1350
1349,1341
1351,1336
1338,1356
1340,1350
1342,1361
1336,1369
1343,1349
1346,1330
1329,1350
1343,1357
1342,1349
1337,1335
1346,1343
1375,1368
1338,1368
1356,1348
1348,1362
1357,1348
1357,1367
1348,1348
1340,1364
1357,1370
1363,1345
1356,1366
1370,1363
1368,1370
1354,1358
1377,1368
1366,1379
1367,1375
1355,1379
1381,1386
1368,1374
1382,1402
1375,1387
1377,1376
1360,1403
1357,1393
1379,1385
1373,1412
1400,1405
1372,1408
1372,1411
1372,1404
1387,1396
1383,1396
1400,1419
1396,1418
1404,1414
1398,1410
1392,1415
1416,1423
1406,1427
1393,1433
1424,1398
1423,1430
1395,1431
1410,1427
1420,1420
1422,1427
1438,1426
1411,1415
1429,1429
1424,1432
1419,1431
1437,1434
1434,1427
1434,1419
1422,1439
1458,1439
1450,1428
1453,1435
1451,1434
1456,1450
1453,1454
1445,1440
1462,1443
1452,1443
1440,1448
1451,1438
1436,1448
1461,1444
1462,1458
1457,1430
1462,1458
1459,1459
1443,1449
1462,1453
1475,1444
1474,1462
1444,1445
1474,1458
1456,1456
1441,1440
1469,1447
1445,1454
1457,1447
1456,1449
1483,1439
1477,1436
1450,1446
1457,1425
1444,1439
1442,1420
1455,1447
1453,1436
1475,1446
1447,1441
1461,1437
1467,1433
1446,1418
1429,1429
1440,1439
1449,1463
1444,1438
1424,1441
1450,1409
1439,1434
1440,1430
1434,1422
1425,1425
1430,1435
1428,1433
1412,1406
1439,1417
1414,1399
1435,1410
1413,1407
1423,1413
1426,1397
1420,1399
1415,1409
1416,1385
1412,1391
1392,1400
1397,1389
1399,1377
1419,1382
1406,1383
1378,1397
1399,1392
1400,1380
1389,1384
1398,1374
1393,1383
1386,1374
1388,1383
1364,1390
1386,1383
1384,1361
1366,1358
1371,1362
1380,1344
1384,1358
1356,1346
1372,1371
1360,1365
1379,1364
1351,1353
1360,1357
1365,1357
1356,1361
1364,1359
1344,1364
1349,1355
1353,1353
1339,1347
1348,1344
1345,1346
1333,1356
1350,1353
1352,1348
1347,1372
1360,1351
1351,1352
1341,1342
1329,1349
1352,1344
1351,1352
1320,1355
1348,1350
1341,1340
1336,1353
1344,1361
1351,1341
1339,1370
1322,1363
1347,1351
1338,1364
1343,1366
1343,1346
1324,1342
1344,1356
1351,1371
1330,1354
1343,1358
1358,1366
1351,1362
1360,1362
1360,1352
1339,1366
1353,1359
1329,1352
1349,1354
1352,1374
1351,1394
1351,1361
1356,1362
1377,1359
1370,1381
1354,1374
1353,1387
1347,1394
1343,1374
1364,1373
1368,1380
1373,1385
1367,1396
1356,1418
1367,1397
1381,1397
1383,1392
1395,1405
1368,1396
1362,1401
1393,1398
1384,1416
1407,1426
1382,1416
1397,1398
1411,1404
1401,1390
1397,1417
1397,1421
1404,1399
1418,1419
1399,1420
1409,1423
1417,1427
1428,1420
1430,1428
1403,1425
1425,1435
1434,1435
1428,1432
1436,1438
1427,1445
1409,1424
1426,1444
1451,1440
1422,1441
1445,1445
1444,1443
1456,1436
1451,1445
1447,1438
1444,1446
1439,1439
1448,1463
1443,1459
1455,1455
1440,1442
1450,1435
1453,1478
1487,1466
1468,1449
1436,1444
1458,1442
1473,1445
1471,1456
1465,1455
1469,1446
1465,1456
1457,1455
1466,1451
1448,1438
1451,1456
1445,1442
1471,1440
1464,1455
1479,1453
1469,1444
1467,1444
1446,1451
1464,1437
1448,1444
1452,1447
1449,1441
1474,1450
1478,1438
1438,1433
1450,1435
1438,1457
1441,1437
1446,1423
1435,1420
1449,1427
1447,1433
1449,1436
1442,1429
1440,1424
1460,1420
1427,1429
1424,1419
1446,1446
1441,1408
1437,1405
1445,1394
1431,1412
1423,1398
1429,1408
1423,1416
1441,1405
1418,1397
1424,1386
1416,1400
1413,1400
1401,1386
1416,1389
1404,1399
1410,1387
1389,1397
1394,1389
1395,1387
1391,1381
1399,1383
1380,1382
1390,1380
1389,1376
1368,1386
1387,1355
1381,1365
1392,1377
1362,1365
1390,1385
1357,1377
1390,1354
1357,1371
1377,1374
1357,1363
1346,1364
1363,1366
1382,1354
1368,1351
1359,1365
1358,1353
1373,1357
1362,1345
1371,1339
1336,1345
1361,1363
1355,1363
1345,1352
1364,1338
1339,1338
1364,1351
1343,1338
1330,1342
1360,1357
1355,1334
1346,1343
1343,1351
1352,1360
1341,1355
1344,1364
1312,1353
1332,1345
1326,1357
1338,1354
1340,1366
1345,1354
1345,1352
1340,1348
1345,1330
1348,1335
1353,1358
1358,1345
1351,1356
1336,1358
1354,1359
1340,1352
1357,1370
1354,1373
1344,1367
1335,1361
1344,1358
1352,1361
1352,1362
1362,1356
1350,1354
1346,1379
1329,1365
1356,1365
1348,1388
1354,1395
1357,1371
1364,1368
1369,1383
1373,1395
1358,1378
1361,1401
1377,1388
1381,1377
1380,1400
1382,1394
1372,1400
1382,1418
1386,1396
1394,1382
1389,1398
1382,1402
1406,1415
1386,1402
1366,1416
1396,1419
1409,1415
1392,1404
1407,1410
1410,1422
1409,1405
1418,1423
1400,1424
1402,1426
1423,1443
1406,1438
1416,1415
1414,1421
1431,1424
1415,1435
1426,1433
1403,1426
1437,1416
1431,1423
1437,1439
1451,1449
1440,1435
1446,1433
1441,1441
1429,1436
1449,1448
1443,1446
1436,1439
1444,1446
1424,1428
1433,1435
1458,1453
1441,1446
1456,1448
1450,1438
1456,1450
1443,1451
1468,1427
1456,1450
1447,1441
1450,1435
1461,1447
1462,1450
1452,1455
1484,1453
1459,1457
1465,1447
1441,1462
1455,1456
1451,1453
1472,1457
1458,1453
1482,1457
1479,1450
1463,1444
1452,1443
1466,1441
1456,1434
1453,1444
1448,1431
1440,1451
1456,1436
1449,1451
1450,1435
1450,1433
1450,1435
1431,1438
1457,1428
1460,1420
1450,1428
1447,1424
1423,1416
1442,1423
1434,1415
1440,1424
1426,1415
1435,1429
1439,1421
1428,1422
1439,1417
1410,1425
1410,1406
1439,1398
1429,1407
1412,1410
1408,1403
1398,1401
1429,1426
1430,1401
1430,1392
1420,1385
1414,1399
1400,1386
1399,1390
1403,1405
1386,1388
1400,1383
1393,1379
1392,1382
1390,1387
1386,1394
1384,1397
1372,1375
1405,1359
1371,1367
1377,1366
1374,1365
1363,1363
1388,1351
1379,1360
1367,1367
1355,1360
1368,1354
1374,1369
1345,1372
1374,1362
1361,1354
1352,1346
1355,1339
1355,1340
1351,1341
1349,1342
1357,1358
1343,1343
1358,1335
1354,1349
1332,1352
1351,1356
1351,1358
1327,1337
1351,1343
1365,1355
1361,1351
1320,1343
1349,1352
1331,1350
1347,1349
1323,1328
1324,1360
1347,1349
1327,1336
1343,1347
1335,1343
1320,1366
1337,1349
1346,1345
1350,1369
1345,1358
1317,1351
1346,1371
1350,1366
1353,1358
1352,1346
1350,1357
1321,1366
1340,1362
1322,1377
1343,1370
1330,1371
1356,1372
1339,1372
1338,1373
1365,1361
1372,1357
1348,1373
1346,1378
1371,1376
1365,1394
1374,1371
1361,1396
1370,1364
1369,1386
1369,1384
1397,1400
1366,1389
1375,1402
1389,1402
1374,1398
1385,1399
1379,1395
1362,1397
1387,1409
1395,1406
1386,1395
1383,1406
1388,1395
1394,1401
1419,1421
1391,1406
1401,1396
1403,1427
1416,1421
1395,1428
1421,1414
1404,1434
1406,1412
1406,1434
1403,1410
1420,1416
1423,1425
1419,1446
1430,1430
1410,1434
1415,1419
1440,1444
1444,1445
1425,1447
1440,1443
1446,1443
1435,1438
1438,1424
1442,1435
1446,1448
1454,1458
1435,1438
1454,1447
1451,1442
1443,1447
1457,1471
1459,1442
1451,1455
1441,1443
1454,1440
1461,1453
1455,1456
1444,1448
1473,1441
1451,1448
1461,1453
1486,1458
1446,1446
1444,1445
1474,1448
1475,1440
1466,1459
1457,1463
1462,1441
1458,1438
1466,1448
1450,1441
1474,1443
1473,1435
1467,1432
1454,1442
1482,1420
1468,1432
1441,1443
1453,1447
1462,1444
1446,1436
1445,1429
1441,1440
1459,1439
1447,1440
1460,1428
1473,1416
1440,1437
1446,1435
1441,1434
1439,1418
1415,1418
1441,1428
1442,1418
1442,1412
1442,1414
1438,1424
1428,1424
1436,1413
1419,1411
1421,1402
1419,1399
1413,1396
1433,1408
1419,1392
1419,1397
1427,1401
1412,1396
1403,1400
1392,1400
1402,1406
1397,1398
1392,1395
1399,1383
1400,1388
1389,1372
1376,1371
1398,1383
1376,1392
1397,1373
1406,1357
1390,1366
1377,1353
1387,1377
1373,1370
1389,1359
1362,1377
1384,1381
1364,1345
1357,1356
1369,1367
1367,1367
1366,1359
1375,1344
1356,1366
1353,1358
1358,1344
1352,1364
1373,1353
1343,1350
1358,1342
1364,1346
1320,1355
1333,1351
1331,1361
1339,1348
1350,1360
1330,1334
1346,1352
1357,1356
1344,1351
1355,1346
1342,1341
1341,1365
1340,1328
1346,1333
1324,1350
1321,1362
1339,1348
1332,1344
1323,1352
1329,1352
1331,1348
1326,1342
1328,1349
1325,1365
1337,1343
1347,1357
1340,1357
1335,1372
1342,1351
1340,1363
1332,1360
1352,1362
1334,1340
1327,1340
1351,1350
1342,1368
1336,1363
1351,1344
1328,1370
1337,1373
1320,1378
1365,1367
1335,1379
1339,1372
1362,1379
1370,1381
1369,1392
1353,1374
1356,1377
1389,1382
1381,1386
1368,1383
1344,1375
1365,1404
1363,1379
1379,1394
1387,1391
1382,1398
1374,1399
1398,1403
1388,1395
1394,1399
1409,1398
1403,1423
1402,1404
1379,1401
1404,1402
1419,1405
1418,1421
1408,1415
1404,1414
1404,1421
1418,1432
1399,1430
1409,1415
1408,1419
1412,1430
1409,1445
1419,1428
1397,1440
1423,1415
1447,1448
1426,1425
1428,1432
1451,1453
1437,1454
1436,1442
1442,1463
1443,1440
1426,1433
1438,1460
1454,1437
1441,1437
1443,1457
1467,1449
1472,1453
1463,1442
1443,1448
1441,1442
1446,1449
1449,1449
1462,1448
1471,1444
1461,1455
1456,1451
1462,1453
1455,1453
1460,1450
1463,1446
1459,1453
1465,1451
1480,1447
1479,1454
1447,1455
1457,1442
1452,1461
1465,1448
1444,1453
1460,1463
1486,1444
1468,1436
1446,1467
1454,1440
1450,1450
1469,1442
1470,1441
1462,1442
1453,1422
1459,1432
1467,1430
1452,1432
1448,1445
1460,1439
1441,1433
1459,1421
1429,1430
1463,1433
1450,1431
1467,1426
1436,1433
1454,1425
1423,1419
1444,1432
1436,1430
1438,1398
1448,1408
1426,1407
1432,1407
1427,1432
1419,1416
1418,1411
1445,1399
1427,1399
1404,1416
1426,1409
1434,1407
1388,1387
1415,1389
1434,1382
1404,1398
1412,1390
1422,1407
1399,1399
1414,1389
1414,1379
1399,1366
1394,1384
1407,1374
1364,1381
1382,1375
1383,1388
1398,1376
1379,1376
1369,1376
1372,1365
1376,1385
1375,1373
1360,1357
1347,1350
1372,1347
1364,1354
1365,1361
1352,1351
1343,1347
1341,1347
1352,1348
1344,1358
1361,1335
1356,1348
1353,1346
1330,1358
1333,1343
1350,1353
1337,1343
1356,1348
1356,1365
1356,1331
1343,1344
1348,1341
1321,1355
1344,1344
1333,1329
1342,1342
1329,1344
1340,1348
1324,1347
1347,1346
1332,1343
1327,1347
1309,1343
1337,1339
1336,1337
1346,1329
1336,1339
1330,1337
1342,1359
1337,1338
1355,1351
1332,1340
1327,1351
1352,1344
1358,1350
1340,1351
1353,1362
1359,1354
1356,1351
1341,1352
1328,1356
1321,1356
1351,1360
1342,1347
1335,1357
1354,1369
1355,1371
1348,1359
1332,1359
1343,1363
1383,1373
1351,1379
1369,1378
1361,1373
1360,1376
1353,1378
1366,1390
1395,1405
1379,1398
1367,1391
1382,1393
1400,1391
1382,1409
1371,1398
1382,1401
1389,1387
1387,1402
1389,1405
1380,1402
1385,1405
1410,1421
1397,1391
1407,1415
1395,1410
1400,1419
1405,1425
1419,1432
1431,1419
1415,1419
1401,1430
1417,1435
1400,1424
1422,1440
1414,1428
1433,1425
1414,1440
1426,1436
1418,1423
1437,1434
1439,1430
1412,1452
1434,1446
1424,1433
1462,1416
1433,1445
1449,1437
1452,1446
1438,1445
1470,1453
1465,1441
1457,1467
1439,1438
1464,1465
1465,1457
1476,1452
1444,1461
1471,1460
1454,1457
1461,1453
1447,1464
1480,1460
1458,1462
1446,1451
1467,1453
1442,1455
1475,1446
1460,1454
1486,1447
1463,1463
1474,1463
1469,1454
1478,1450
1459,1451
1481,1451
1470,1444
1461,1467
1477,1452
1474,1465
1466,1441
1452,1467
1452,1441
1459,1445
1458,1456
1462,1446
1472,1452
1471,1444
1452,1449
1442,1445
1456,1430
1446,1438
1444,1433
1450,1434
1484,1419
1438,1422
1442,1433
1446,1423
1460,1432
1439,1413
1418,1411
1417,1443
1440,1410
1432,1422
1433,1416
1431,1410
1420,1395
1417,1418
1432,1410
1433,1421
1405,1411
1420,1399
1407,1387
1421,1396
1427,1399
1416,1409
1423,1403
1410,1391
1410,1395
1405,1383
1406,1391
1401,1384
1391,1398
1379,1377
1393,1386
1392,1391
1394,1375
1397,1382
1388,1383
1375,1376
1368,1365
1378,1372
1388,1385
1364,1353
1367,1355
1398,1375
1377,1371
1377,1361
1352,1374
1362,1361
1357,1361
1343,1354
1363,1359
1361,1361
1368,1357
1375,1357
1355,1354
1349,1351
1338,1334
1367,1342
1355,1342
1360,1330
1338,1346
1329,1347
1325,1342
1347,1333
1335,1340
1363,1352
1333,1346
1338,1343
1347,1344
1337,1342
1364,1334
1335,1330
1319,1343
1347,1343
1331,1339
1323,1336
1342,1336
1328,1365
1337,1327
1339,1351
1346,1344
1334,1343
1327,1352
1322,1355
1326,1348
1346,1360
1342,1345
1343,1369
1345,1348
1350,1368
1341,1354
1338,1372
1342,1348
1323,1360
1353,1362
1338,1342
1327,1365
1328,1360
1342,1357
1363,1358
1344,1340
1344,1365
1338,1359
1347,1366
1341,1374
1360,1371
1362,1353
1363,1364
1364,1370
1361,1381
1349,1380
1375,1397
1373,1374
1373,1374
1353,1394
1375,1393
1381,1407
1378,1394
1370,1391
1398,1413
1384,1398
1394,1408
1399,1402
1397,1397
1386,1403
1379,1397
1389,1410
1402,1421
1414,1413
1413,1428
1421,1418
1403,1428
1403,1430
1427,1433
1414,1426
1416,1425
1409,1431
1439,1438
1424,1445
1437,1441
1416,1433
1428,1444
1425,1441
1429,1430
1420,1438
1433,1439
1436,1446
1438,1451
1447,1446
1442,1442
1440,1437
1450,1445
1441,1441
1463,1457
1461,1456
1472,1460
1457,1465
1463,1441
1457,1445
1454,1463
1449,1447
1475,1464
1454,1468
1468,1439
1458,1469
1446,1463
1446,1456
1458,1442
1465,1461
1475,1463
1448,1452
1467,1456
1472,1459
1467,1463
1466,1461
1470,1476
1468,1428
1471,1451
1481,1435
1486,1446
1472,1453
1469,1463
1464,1460
1478,1457
1468,1457
1493,1442
1465,1444
1473,1451
1455,1450
1472,1443
1465,1445
1474,1449
1465,1439
1444,1450
1465,1442
1438,1436
1457,1440
1449,1429
1458,1440
1449,1448
1426,1415
1444,1421
1447,1449
1433,1416
1439,1421
1448,1420
1437,1421
1426,1409
1443,1425
1427,1412
1420,1437
1440,1425
1432,1406
1425,1408
1423,1407
1425,1405
1430,1401
1403,1404
1410,1392
1406,1394
1393,1391
1421,1390
1388,1390
1408,1383
1410,1389
1394,1387
1391,1390
1396,1375
1396,1364
1394,1373
1372,1368
1378,1369
1404,1373
1383,1368
1370,1372
1390,1362
1372,1375
1358,1364
1362,1373
1398,1356
1362,1359
1361,1351
1385,1327
1396,1360
1348,1355
1367,1362
1367,1356
1360,1354
1366,1343
1347,1353
1360,1346
1335,1344
1359,1354
1354,1342
1347,1352
1341,1364
1336,1338
1348,1357
1331,1347
1354,1341
1353,1352
1322,1332
1340,1336
1351,1357
1350,1355
1337,1342
1344,1336
1307,1331
1338,1363
1326,1334
1335,1333
1334,1338
1338,1347
1330,1348
1322,1347
1335,1341
1331,1349
1354,1332
1321,1346
1332,1341
1322,1336
1330,1349
1329,1352
1338,1347
1344,1340
1328,1344
1340,1354
1347,1356
1341,1353
1327,1348
1326,1366
1346,1365
1336,1372
1373,1350
1340,1350
1335,1356
1356,1354
1348,1368
1353,1372
1356,1382
1349,1358
1350,1371
1348,1373
1361,1377
1359,1375
1350,1387
1370,1367
1363,1382
1359,1394
1382,1392
1381,1395
1357,1400
1381,1402
1378,1406
1367,1400
1365,1404
1374,1392
1402,1394
1394,1399
1397,1390
1386,1416
1402,1404
1388,1418
1395,1410
1406,1403
1399,1412
1400,1423
1390,1417
1421,1423
1409,1416
1417,1443
1399,1437
1413,1431
1417,1421
1431,1446
1427,1424
1410,1436
1430,1443
1434,1440
1438,1440
1452,1432
1434,1455
1447,1450
1430,1442
1443,1461
1418,1435
1435,1445
1457,1440
1459,1450
1438,1458
1443,1459
1449,1466
1451,1449
1466,1452
1471,1455
1461,1454
1451,1461
1463,1459
1473,1452
1457,1469
1476,1459
1458,1446
1457,1460
1450,1466
1465,1474
1455,1462
1464,1448
1462,1456
1470,1460
1462,1448
1488,1458
1472,1448
1484,1460
1484,1473
1480,1436
1445,1459
1451,1454
1470,1448
1459,1469
1465,1451
1474,1463
1482,1458
1450,1451
1477,1437
1471,1451
1486,1440
1473,1437
1459,1451
1472,1443
1459,1441
1457,1437
1463,1421
1467,1440
1463,1442
1448,1432
1456,1449
1478,1425
1463,1437
1460,1440
1442,1439
1456,1419
1454,1423
1464,1417
1446,1421
1437,1427
1443,1428
1466,1415
1441,1431
1445,1419
1440,1411
1433,1414
1417,1409
1427,1408
1427,1414
1423,1396
1424,1399
1427,1400
1410,1406
1417,1396
