ch1,ch2
1436,1422
1405,1415
1397,1403
1397,1414
1409,1390
1404,1451
1427,1429
1428,1434
1414,1412
1409,1426
1420,1432
1436,1421
1406,1415
1448,1427
1427,1436
1437,1430
1436,1421
1431,1442
1411,1446
1408,1437
1435,1448
1415,1441
1418,1447
1416,1442
1378,1438
1423,1466
1432,1444
1429,1453
1432,1437
1424,1434
1448,1437
1449,1435
1463,1445
1464,1447
1441,1441
1441,1456
1476,1446
1477,1452
1453,1455
1444,1461
1453,1454
1437,1464
1453,1456
1437,1435
1462,1474
1468,1479
1447,1486
1468,1446
1486,1477
1450,1484
1451,1471
1447,1451
1448,1454
1462,1451
1471,1465
1474,1448
1458,1448
1486,1443
1471,1469
1481,1462
1488,1462
1480,1448
1472,1475
1467,1457
1496,1463
1469,1479
1450,1444
1469,1452
1474,1451
1494,1450
1451,1470
1464,1471
1451,1463
1479,1461
1458,1455
1456,1470
1471,1450
1467,1438
1476,1446
1463,1456
1467,1451
1465,1418
1467,1454
1471,1437
1479,1444
1449,1470
1449,1441
1447,1414
1465,1435
1479,1427
1456,1437
1451,1445
1437,1446
1471,1413
1473,1453
1468,1439
1426,1459
1419,1433
1471,1437
1459,1432
1449,1429
1463,1413
1441,1425
1489,1435
1430,1435
1421,1440
1464,1428
1456,1452
1457,1427
1428,1437
1434,1405
1483,1424
1447,1424
1457,1407
1460,1409
1449,1409
1436,1428
1411,1409
1467,1421
1442,1411
1443,1401
1439,1433
1426,1396
1424,1380
1415,1409
1424,1428
1452,1401
1426,1397
1389,1407
1400,1413
1408,1398
1413,1396
1427,1413
1393,1383
1426,1415
1408,1410
1410,1398
1436,1409
1409,1362
1405,1377
1382,1382
1413,1395
1386,1372
1394,1399
1407,1397
1395,1384
1380,1393
1389,1393
1416,1375
1382,1393
1394,1363
1399,1383
1374,1393
1382,1401
1373,1380
1384,1358
1402,1351
1407,1353
1376,1359
1374,1372
1351,1359
1389,1352
1348,1357
1380,1368
1387,1378
1343,1349
1353,1376
1340,1365
1395,1350
1390,1349
1361,1355
1397,1355
1369,1332
1368,1347
1356,1353
1342,1372
1337,1333
1325,1336
1330,1339
1350,1330
1361,1346
1335,1342
1354,1317
1356,1336
1372,1344
1341,1322
1310,1334
1303,1348
1338,1341
1319,1343
1325,1335
1361,1322
1355,1328
1339,1378
1330,1342
1330,1333
1331,1344
1299,1341
1323,1339
1309,1338
1339,1348
1345,1337
1370,1321
1320,1337
1324,1330
1329,1307
1315,1325
1319,1320
1329,1334
1325,1334
1337,1349
1338,1334
1322,1345
1320,1349
1333,1325
1336,1345
1361,1325
1353,1341
1342,1328
1310,1325
1333,1328
1324,1331
1302,1356
1301,1342
1345,1352
1336,1329
1328,1347
1346,1338
1329,1360
1345,1368
1318,1319
1329,1331
1322,1344
1335,1374
1311,1348
1323,1341
1338,1335
1344,1350
1347,1363
1331,1347
1352,1361
1356,1376
1360,1390
1359,1350
1334,1360
1366,1369
1343,1370
1373,1344
1347,1365
1339,1387
1347,1371
1361,1361
1383,1365
1373,1368
1346,1366
1364,1345
1354,1383
1355,1375
1337,1390
1349,1380
1367,1382
1348,1375
1389,1382
1371,1376
1345,1379
1379,1391
1350,1371
1370,1360
1360,1404
1377,1401
1372,1386
1353,1406
1376,1389
1383,1381
1380,1405
1382,1400
1371,1387
1394,1403
1387,1421
1392,1395
1411,1446
1398,1390
1388,1431
1410,1418
1395,1415
1416,1390
1435,1413
1394,1425
1393,1434
1423,1413
1398,1424
1394,1423
1434,1424
1382,1423
1406,1419
1433,1441
1438,1404
1410,1437
1424,1424
1416,1421
1414,1437
1460,1439
1428,1423
1437,1431
1433,1423
1425,1431
1420,1431
1419,1415
1445,1460
1439,1462
1438,1440
1436,1438
1449,1448
1443,1438
1445,1464
1467,1452
1474,1458
1436,1430
1438,1464
1457,1446
1439,1445
1459,1442
1462,1441
1460,1454
1458,1431
1463,1456
1430,1448
1421,1475
1453,1456
1432,1438
1451,1432
1475,1468
1474,1470
1452,1461
1443,1474
1475,1455
1456,1455
1469,1471
1487,1435
1464,1463
1474,1453
1476,1443
1446,1436
1455,1465
1450,1458
1464,1477
1475,1469
1477,1436
1474,1434
1469,1466
1457,1477
1472,1470
1454,1450
1470,1461
1479,1473
1458,1463
1492,1455
1481,1472
1476,1464
1468,1451
1465,1448
1473,1468
1459,1453
1482,1455
1457,1461
1502,1454
1468,1446
1484,1459
1466,1475
1464,1447
1479,1456
1470,1454
1475,1462
1462,1476
1455,1449
1471,1438
1477,1454
1462,1457
1437,1440
1472,1435
1468,1439
1475,1453
1486,1423
1484,1435
1466,1425
1397,1432
1414,1448
1472,1444
1451,1430
1470,1438
1471,1455
1455,1440
1469,1419
1438,1445
1486,1428
1438,1422
1455,1453
1458,1419
1439,1441
1454,1419
1417,1417
1428,1426
1456,1419
1442,1408
1450,1431
1422,1422
1411,1426
1455,1421
1436,1419
1452,1422
1427,1415
1415,1411
1404,1414
1442,1421
1438,1404
1434,1393
1421,1404
1419,1411
1430,1412
1399,1389
1413,1411
1453,1411
1405,1383
1423,1389
1393,1383
1393,1410
1372,1381
1383,1382
1410,1376
1383,1387
1452,1385
1391,1369
1384,1377
1403,1375
1376,1381
1385,1388
1383,1365
1393,1386
1374,1371
1381,1395
1371,1369
1363,1379
1365,1378
1387,1346
1376,1351
1387,1383
1388,1332
1361,1347
1405,1347
1323,1351
1377,1372
1357,1347
1371,1371
1344,1355
1351,1352
1357,1358
1354,1336
1365,1349
1369,1368
1364,1349
1344,1341
1348,1331
1333,1338
1329,1378
1347,1366
1349,1359
1358,1330
1351,1347
1326,1349
1343,1363
1334,1325
1325,1345
1326,1344
1314,1350
1348,1357
1331,1353
1332,1334
1337,1334
1358,1336
1347,1317
1360,1341
1305,1351
1345,1342
1317,1348
1336,1327
1320,1339
1322,1348
1315,1339
1340,1334
1363,1330
1318,1332
1311,1328
1320,1341
1325,1309
1312,1332
1324,1345
1330,1337
1324,1343
1324,1329
1306,1345
1334,1360
1346,1341
1350,1331
1345,1338
1312,1346
1310,1326
1352,1343
1330,1321
1347,1336
1346,1327
1363,1349
1316,1354
1315,1333
1322,1324
1339,1347
1335,1367
1336,1345
1297,1343
1322,1331
1343,1339
1339,1361
1334,1342
1356,1364
1352,1355
1359,1367
1341,1350
1337,1384
1339,1359
1324,1381
1366,1365
1348,1328
1330,1356
1336,1369
1352,1389
1333,1373
1388,1385
1374,1368
1342,1384
1345,1388
1342,1395
1359,1367
1334,1398
1363,1379
1339,1375
1379,1374
1350,1391
1367,1377
1370,1391
1371,1407
1334,1380
1356,1381
1346,1393
1378,1419
1364,1396
1351,1380
1372,1396
1388,1407
1379,1399
1359,1392
1381,1398
1388,1396
1382,1394
1379,1404
1408,1426
1404,1429
1402,1408
1404,1395
1400,1400
1443,1440
1404,1417
1403,1434
1421,1431
1403,1421
1405,1425
1397,1423
1398,1446
1399,1434
1422,1425
1427,1436
1438,1428
1411,1431
1425,1439
1417,1433
1417,1433
1453,1431
1434,1425
1444,1442
1435,1429
1438,1430
1473,1434
1453,1438
1436,1452
1433,1424
1460,1457
1469,1470
1458,1447
1443,1431
1428,1467
1419,1455
1467,1445
1444,1455
1474,1452
1468,1479
1451,1443
1460,1482
1463,1459
1485,1456
1481,1468
1461,1474
1442,1446
1478,1442
1455,1457
1453,1488
1446,1477
1473,1461
1490,1484
1474,1466
1498,1462
1471,1454
1472,1483
1459,1466
1466,1487
1462,1455
1496,1447
1470,1457
1466,1468
1462,1458
1493,1466
1476,1452
1463,1458
1461,1471
1475,1478
1491,1476
1482,1454
1508,1439
1497,1471
1456,1471
1464,1446
1482,1463
1482,1469
1449,1468
1469,1469
1467,1481
1488,1449
1460,1461
1484,1450
1480,1460
1467,1454
1477,1442
1475,1467
1472,1450
1475,1448
1466,1438
1456,1450
1476,1452
1452,1449
1455,1447
1465,1443
1459,1433
1458,1464
1479,1440
1452,1477
1466,1456
1482,1433
1472,1438
1472,1423
1465,1425
1446,1413
1455,1440
1465,1434
1472,1458
1450,1443
1455,1445
1449,1450
1467,1418
1472,1424
1424,1436
1448,1414
1448,1435
1445,1424
1435,1439
1455,1418
1456,1407
1429,1428
1411,1421
1408,1418
1425,1423
1408,1416
1449,1379
1439,1403
1415,1426
1449,1396
1408,1381
1411,1398
1399,1391
1395,1403
1423,1361
1416,1402
1441,1415
1413,1383
1416,1375
1390,1374
1428,1389
1369,1353
1398,1369
1427,1402
1380,1373
1407,1386
1384,1385
1362,1367
1385,1369
1372,1347
1389,1362
1369,1386
1402,1375
1393,1364
1399,1376
1384,1370
1365,1361
1385,1364
1363,1355
1357,1350
1378,1376
1340,1389
1382,1348
1373,1381
1364,1376
1356,1357
1356,1373
1373,1348
1388,1365
1341,1349
1357,1337
1342,1350
1367,1357
1352,1361
1363,1324
1362,1361
1367,1356
1350,1344
1328,1338
1314,1306
1331,1342
1323,1351
1341,1323
1359,1334
1357,1323
1349,1332
1336,1332
1342,1334
1351,1331
1349,1341
1327,1309
1332,1334
1317,1327
1334,1321
1325,1348
1343,1340
1340,1316
1360,1330
1340,1323
1313,1317
1326,1309
1299,1351
1315,1341
1324,1339
1321,1331
1317,1339
1318,1344
1325,1354
1318,1348
1323,1336
1324,1322
1341,1337
1312,1325
1318,1343
1318,1347
1317,1346
1322,1334
1330,1341
1318,1322
1314,1334
1340,1352
1313,1325
1338,1329
1326,1349
1328,1337
1338,1325
1323,1345
1310,1375
1319,1343
1333,1373
1329,1368
1328,1330
1316,1358
1341,1346
1323,1356
1330,1321
1313,1361
1366,1363
1332,1333
1301,1339
1346,1347
1347,1346
1356,1350
1361,1366
1302,1369
1327,1354
1334,1362
1314,1353
1344,1359
1331,1376
1379,1378
1333,1374
1354,1379
1335,1378
1344,1371
1349,1396
1357,1391
1371,1387
1376,1409
1385,1385
1366,1385
1363,1363
1366,1399
1370,1400
1389,1393
1361,1370
1383,1390
1325,1387
1371,1389
1373,1420
1356,1405
1396,1383
1376,1415
1395,1404
1376,1401
1404,1405
1407,1379
1387,1421
1429,1435
1429,1409
1396,1413
1415,1432
1375,1396
1422,1409
1406,1423
1433,1414
1404,1424
1423,1441
1415,1406
1422,1429
1412,1449
1413,1439
1426,1414
1435,1454
1439,1434
1399,1420
1421,1442
1447,1451
1430,1432
1451,1444
1438,1440
1451,1448
1443,1439
1445,1453
1436,1471
1410,1458
1432,1428
1432,1457
1436,1470
1440,1458
1469,1444
1452,1443
1461,1488
1452,1464
1446,1419
1448,1474
1468,1463
1468,1449
1434,1458
1468,1486
1427,1487
1468,1472
1451,1455
1466,1469
1490,1479
1475,1463
1469,1470
1466,1472
1458,1472
1456,1453
1454,1465
1453,1450
1472,1460
1481,1477
1476,1463
1463,1476
1484,1473
1476,1467
1454,1471
1513,1455
1467,1469
1496,1484
1479,1449
1478,1477
1473,1492
1482,1468
1497,1492
1474,1455
1471,1451
1464,1486
1495,1477
1479,1493
1445,1472
1472,1465
1472,1458
1490,1441
1490,1462
1484,1449
1466,1459
1490,1455
1494,1475
1523,1468
1467,1451
1467,1461
1480,1441
1477,1431
1471,1443
1460,1447
1446,1448
1450,1463
1479,1431
1500,1450
1479,1459
1460,1433
1471,1424
1485,1463
1438,1439
1465,1436
1451,1434
1455,1453
1476,1435
1476,1439
1456,1447
1438,1433
1437,1409
1423,1436
1466,1398
1488,1424
1467,1422
1466,1430
1443,1442
1447,1448
1429,1417
1436,1435
1453,1366
1436,1410
1430,1408
1466,1408
1432,1404
1424,1425
1441,1407
1430,1410
1422,1428
1439,1401
1422,1414
1405,1434
1434,1374
1415,1379
1420,1389
1432,1386
1417,1391
1425,1402
1405,1392
1389,1389
1409,1389
1428,1391
1421,1378
1386,1376
1404,1399
1390,1376
1389,1386
1395,1385
1405,1370
1399,1378
1392,1395
1377,1356
1366,1376
1376,1382
1359,1363
1370,1363
1392,1387
1345,1386
1371,1387
1332,1350
1361,1366
1334,1363
1373,1361
1353,1364
1364,1347
1355,1353
1343,1338
1338,1335
1372,1348
1385,1320
1337,1349
1350,1348
1362,1349
1362,1341
1339,1340
1355,1329
1352,1330
1358,1358
1340,1339
1363,1341
1346,1344
1330,1324
1340,1340
1309,1341
1319,1349
1308,1351
1308,1339
1309,1331
1303,1326
1297,1341
1330,1333
1326,1341
1299,1330
1334,1331
1344,1329
1332,1334
1316,1328
1324,1304
1321,1310
1313,1319
1352,1327
1311,1326
1312,1327
1330,1329
1350,1309
1340,1340
1357,1354
1288,1319
1343,1333
1332,1315
1308,1309
1320,1350
1318,1356
1303,1313
1334,1348
1343,1335
1304,1302
1317,1336
1307,1339
1300,1328
1327,1316
1308,1347
1302,1350
1303,1333
1320,1359
1300,1330
1332,1349
1320,1341
1310,1346
1338,1379
1297,1344
1319,1332
1300,1342
1330,1341
1322,1338
1321,1344
1348,1340
1325,1351
1353,1313
1339,1355
1334,1349
1334,1347
1300,1373
1339,1366
1361,1353
1367,1355
1350,1378
1366,1356
1351,1347
1367,1396
1348,1355
1335,1381
1372,1359
1357,1388
1338,1373
1364,1369
1374,1385
1364,1393
1357,1401
1356,1398
1383,1376
1357,1400
1376,1379
1397,1388
1377,1378
1389,1405
1365,1409
1383,1408
1411,1398
1393,1404
1376,1409
1397,1411
1392,1400
1394,1398
1411,1445
1385,1412
1414,1428
1405,1400
1381,1419
1393,1410
1426,1438
1421,1419
1399,1425
1432,1412
1421,1438
1426,1424
1419,1435
1405,1429
1413,1441
1419,1428
1409,1427
1407,1433
1387,1447
1420,1464
1441,1446
1410,1447
1444,1443
1404,1437
1446,1428
1422,1454
1462,1455
1438,1471
1414,1448
1457,1460
1423,1472
1417,1462
1464,1446
1448,1466
1446,1465
1457,1468
1443,1454
1475,1480
1472,1484
1481,1456
1461,1478
1436,1456
1450,1453
1458,1478
1474,1454
1489,1472
1477,1457
1479,1464
1464,1479
1509,1453
1483,1466
1513,1464
1507,1467
1486,1465
1489,1469
1484,1447
1477,1477
1485,1488
1486,1502
1493,1449
1468,1482
1482,1464
1505,1476
1498,1441
1489,1465
1486,1454
1492,1460
1474,1480
1469,1477
1485,1444
1490,1463
1467,1466
1484,1465
1475,1446
1475,1488
1472,1452
1491,1461
1499,1472
1476,1481
1484,1478
1506,1454
1470,1445
1487,1474
1466,1466
1490,1461
1492,1474
1433,1447
1490,1471
1521,1451
1459,1467
1463,1460
1482,1438
1478,1448
1476,1433
1445,1442
1468,1438
1453,1446
1465,1472
1458,1440
1446,1448
1476,1465
1475,1454
1427,1446
1460,1434
1487,1444
1463,1462
1459,1423
1433,1437
1451,1440
1434,1434
1453,1433
1455,1418
1463,1417
1461,1435
1458,1427
1428,1421
1433,1415
1437,1411
1439,1397
1410,1412
1412,1421
1435,1426
1422,1402
1449,1421
1432,1401
1411,1408
1426,1387
1399,1393
1434,1402
1421,1396
1431,1411
1396,1381
1420,1393
1411,1384
1407,1372
1431,1393
1402,1381
1390,1376
1415,1379
1393,1375
1409,1397
1398,1383
1381,1385
1399,1387
1385,1384
1372,1391
1394,1371
1384,1382
1390,1358
1397,1383
1405,1353
1372,1348
1376,1358
1374,1368
1369,1366
1378,1368
1384,1363
1387,1344
1365,1352
1398,1380
1351,1322
1367,1354
1375,1317
1350,1341
1366,1347
1329,1334
1339,1357
1334,1330
1327,1333
1332,1339
1355,1349
1332,1349
1330,1340
1329,1336
1355,1328
1340,1338
1342,1319
1345,1345
1319,1324
1329,1331
1344,1329
1324,1322
1315,1350
1330,1338
1336,1340
1319,1339
1324,1321
1355,1333
1316,1307
1320,1361
1294,1314
1330,1316
1315,1340
1333,1314
1334,1331
1274,1342
1329,1354
1339,1328
1307,1343
1324,1315
1324,1345
1322,1335
1299,1314
1308,1302
1322,1329
1309,1313
1314,1350
1313,1357
1320,1350
1307,1320
1282,1308
1309,1325
1328,1325
1319,1334
1288,1345
1311,1333
1317,1327
1338,1309
1320,1338
1310,1343
1312,1339
1312,1341
1334,1351
1311,1342
1336,1340
1301,1337
1317,1337
1300,1351
1321,1372
1334,1375
1325,1339
1336,1372
1304,1352
1344,1321
1337,1356
1333,1356
1329,1369
1315,1366
1330,1368
1332,1350
1340,1372
1334,1365
1360,1374
1347,1388
1361,1379
1352,1375
1348,1388
1326,1359
1353,1383
1347,1376
1343,1373
1385,1371
1355,1379
1368,1391
1378,1371
1395,1355
1383,1389
1355,1407
1389,1398
1359,1398
1392,1405
1378,1395
1377,1428
1384,1417
1361,1414
1380,1421
1399,1407
1398,1392
1383,1413
1379,1417
1390,1409
1378,1402
1378,1408
1425,1435
1402,1420
1406,1428
1396,1408
1415,1415
1411,1416
1396,1411
1392,1428
1419,1427
1396,1433
1435,1430
1415,1427
1436,1462
1401,1436
1450,1439
1432,1434
1428,1432
1430,1429
1415,1441
1452,1459
1454,1455
1441,1408
1419,1448
1452,1443
1436,1447
1462,1459
1446,1464
1457,1467
1480,1458
1482,1464
1454,1444
1475,1497
1475,1480
1460,1458
1415,1462
1475,1444
1460,1467
1480,1452
1468,1460
1482,1461
1477,1475
1447,1473
1464,1478
1453,1465
1470,1488
1484,1469
1477,1481
1483,1466
1475,1476
1490,1471
1490,1441
1500,1469
1475,1453
1500,1468
1482,1473
1473,1489
1487,1439
1455,1463
1485,1468
1468,1459
1464,1467
1472,1483
1466,1458
1466,1464
1459,1476
1436,1438
1485,1452
1479,1485
1492,1469
1485,1474
1473,1473
1490,1492
1464,1464
1482,1444
1479,1456
1452,1490
1464,1465
1477,1474
1471,1461
1448,1449
1500,1441
1480,1472
1477,1445
1447,1477
1453,1440
1513,1439
1483,1467
1481,1468
1479,1439
1459,1443
1463,1462
1483,1426
1461,1437
1478,1435
1471,1434
1483,1434
1438,1447
1423,1450
1450,1444
1476,1436
1457,1416
1450,1428
1458,1418
1462,1430
1444,1426
1445,1431
1447,1425
1444,1433
1431,1409
1444,1443
1434,1423
1450,1404
1419,1421
1443,1407
1430,1384
1443,1401
1401,1402
1417,1391
1427,1429
1398,1408
1438,1396
1416,1413
1442,1397
1404,1388
1434,1391
1429,1397
1397,1391
1437,1393
1426,1391
1376,1377
1435,1378
1392,1405
1358,1414
1399,1408
1433,1375
1377,1393
1360,1368
1399,1396
1375,1368
1389,1354
1395,1365
1361,1391
1362,1351
1390,1368
1377,1351
1363,1350
1375,1376
1377,1350
1374,1359
1382,1350
1360,1375
1374,1363
1350,1355
1358,1360
1343,1349
1342,1371
1329,1327
1329,1335
1387,1328
1358,1378
1350,1346
1336,1344
1350,1349
1332,1319
1356,1341
1335,1346
1329,1345
1344,1354
1344,1334
1312,1320
1331,1341
1348,1324
1308,1329
1315,1321
1334,1330
1349,1343
1330,1346
1312,1320
1305,1329
1359,1328
1331,1332
1327,1351
1344,1334
1329,1325
1317,1323
1307,1349
1319,1349
1319,1327
1335,1311
1314,1330
1301,1329
1313,1328
1335,1323
1328,1332
1313,1320
1314,1330
1318,1307
1323,1318
1321,1327
1306,1332
1287,1332
1328,1330
1323,1322
1314,1346
1325,1351
1305,1316
1312,1331
1340,1341
1315,1322
1314,1347
1323,1344
1307,1348
1299,1349
1318,1327
1314,1339
1310,1335
1315,1373
1319,1318
1313,1342
1331,1349
1327,1352
1339,1362
1325,1334
1337,1352
1322,1343
1343,1361
1304,1366
1342,1357
1348,1348
1365,1345
1357,1354
1332,1379
1375,1361
1333,1357
1336,1350
1351,1359
1354,1400
1336,1372
1353,1389
1368,1358
1383,1396
1359,1364
1375,1379
1372,1371
1333,1390
1334,1410
1367,1368
1358,1383
1368,1364
1373,1414
1383,1396
1398,1377
1376,1379
1368,1390
1370,1402
1385,1432
1389,1424
1392,1399
1409,1399
1415,1445
1385,1389
1388,1415
1390,1435
1422,1427
1421,1416
1384,1429
1385,1428
1445,1421
1394,1456
1402,1428
1402,1427
1426,1445
1408,1439
1405,1427
1408,1424
1441,1423
1419,1425
1408,1438
1422,1410
1397,1424
1450,1433
1426,1436
1428,1419
1435,1437
1437,1460
1428,1451
1452,1472
1435,1464
1478,1458
1444,1447
1431,1459
1446,1464
1461,1453
1466,1443
1455,1455
1484,1453
1431,1455
1457,1447
1486,1433
1446,1475
1436,1461
1435,1463
1471,1452
1459,1461
1473,1475
1490,1458
1475,1469
1459,1475
1482,1472
1471,1451
1479,1474
1463,1464
1452,1479
1468,1450
1481,1456
1497,1476
1482,1479
1473,1499
1447,1482
1472,1480
1494,1468
1488,1441
1515,1454
1505,1473
1474,1495
1487,1447
1455,1479
1457,1470
1482,1489
1488,1464
1482,1460
1484,1469
1491,1466
1466,1464
1458,1495
1478,1482
1487,1467
1514,1455
1496,1473
1494,1476
1456,1462
1498,1465
1479,1450
1511,1481
1458,1449
1458,1448
1468,1481
1451,1441
1470,1473
1503,1456
1456,1467
1470,1447
1472,1456
1479,1459
1464,1424
1469,1471
1467,1453
1476,1476
1443,1459
1478,1452
1471,1443
1457,1422
1447,1412
1469,1435
1453,1439
1426,1440
1451,1447
1445,1421
1451,1430
1463,1428
1460,1413
1449,1429
1444,1423
1460,1416
1427,1429
1437,1429
1440,1440
1451,1400
1458,1426
1421,1397
1419,1418
1452,1417
1420,1401
1418,1409
1409,1389
1409,1398
1417,1389
1421,1409
1418,1395
1432,1410
1426,1404
1419,1389
1416,1387
1420,1400
1393,1385
1426,1400
1391,1388
1393,1389
1403,1376
1361,1394
1378,1391
1380,1390
1397,1373
1392,1337
1367,1366
1388,1338
1363,1384
1377,1347
1390,1381
1385,1375
1372,1350
1374,1366
1366,1382
1354,1356
1363,1363
1350,1350
1322,1353
1371,1354
1388,1366
1342,1323
1390,1367
1341,1346
1358,1340
1365,1337
1356,1366
1335,1346
1359,1349
1355,1359
1383,1348
1362,1346
1390,1351
1345,1337
1324,1344
1333,1329
1352,1340
1324,1322
1339,1317
1332,1324
1337,1320
1313,1333
1337,1319
1317,1326
1327,1330
1305,1313
1333,1351
1348,1318
1315,1309
1312,1299
1346,1349
1322,1340
1325,1315
1346,1311
1314,1338
1330,1324
1305,1323
1330,1330
1324,1319
1300,1332
1334,1327
1331,1332
1330,1339
1317,1337
1316,1324
1349,1329
1324,1327
1324,1333
1314,1329
1309,1325
1324,1334
1316,1345
1307,1329
1334,1358
1331,1343
1346,1343
1327,1311
1337,1339
1345,1342
1316,1318
1322,1346
1330,1361
1330,1330
1313,1342
1326,1314
1305,1339
1325,1388
1320,1369
1365,1364
1316,1363
1330,1343
1331,1356
1331,1361
1324,1360
1358,1331
1320,1361
1336,1360
1315,1344
1337,1357
1325,1374
1322,1379
1356,1367
1318,1379
1373,1367
1385,1370
1354,1375
1342,1363
1345,1363
1327,1370
1372,1384
1344,1407
1357,1401
1369,1394
1381,1392
1343,1391
1363,1400
1375,1402
1404,1397
1375,1386
1374,1372
1405,1379
1375,1429
1381,1399
1382,1398
1404,1401
1408,1393
1383,1412
1413,1412
1438,1421
1399,1410
1386,1411
1421,1417
1400,1423
1380,1421
1406,1422
1443,1403
1420,1430
1436,1430
1417,1434
1398,1465
1426,1432
1398,1428
1419,1427
1438,1428
1414,1440
1424,1448
1423,1446
1447,1426
1426,1441
1450,1441
1409,1454
1451,1464
1443,1433
1462,1448
1430,1437
1429,1425
1461,1461
1449,1446
1457,1466
1461,1459
1434,1464
1454,1437
1462,1454
1467,1449
1450,1462
1474,1501
1475,1453
1492,1449
1477,1466
1488,1474
1465,1475
1454,1467
1489,1464
1474,1463
1445,1459
1504,1490
1485,1471
1486,1451
1472,1485
1457,1485
1484,1465
1474,1480
1482,1472
1447,1476
1485,1450
1498,1449
1477,1474
1508,1483
1494,1465
1472,1475
1489,1490
1476,1484
1505,1476
1470,1465
1499,1481
1478,1482
1456,1496
1508,1476
1483,1455
1482,1480
1492,1458
1461,1475
1500,1477
1459,1442
1451,1467
1451,1437
1474,1473
1499,1451
1492,1455
1447,1474
1464,1473
1480,1470
1481,1456
1471,1473
1468,1476
1497,1446
1469,1439
1459,1428
1464,1439
1506,1439
1503,1449
1481,1447
1481,1434
1457,1457
1459,1443
1443,1440
1471,1446
1467,1449
1447,1443
1474,1443
1461,1417
1448,1455
1436,1428
1450,1423
1455,1432
1457,1425
1432,1417
1450,1433
1429,1416
1463,1412
1421,1417
1437,1391
1441,1425
1450,1406
1456,1394
1436,1395
1454,1412
1452,1413
1433,1393
1419,1395
1419,1401
1441,1397
1419,1410
1419,1392
1399,1401
1406,1385
1397,1371
1409,1400
1418,1412
1403,1369
1396,1394
1397,1388
1401,1398
1398,1371
1411,1380
1376,1379
1371,1391
1377,1376
1397,1376
1371,1387
1374,1397
1398,1375
1386,1359
1356,1353
1382,1386
1358,1359
1370,1357
1348,1370
1386,1320
1355,1351
1361,1379
1358,1348
1357,1340
1364,1344
1349,1330
1377,1323
1357,1350
1334,1333
1342,1360
1334,1337
1347,1356
1360,1347
1333,1324
1349,1325
1356,1344
1346,1355
1353,1332
1326,1324
1323,1342
1347,1339
1324,1340
1344,1333
1306,1325
1340,1310
1340,1323
1328,1319
1328,1316
1335,1341
1333,1346
1320,1319
1320,1324
1315,1347
1331,1325
1340,1338
1335,1326
1317,1313
1337,1332
1311,1337
1314,1333
1329,1332
1344,1334
1307,1316
1317,1353
1287,1321
1304,1340
1293,1333
1308,1333
1305,1338
1301,1354
1307,1344
1319,1350
1306,1331
1328,1322
1302,1322
1335,1314
1338,1344
1313,1341
1296,1338
1334,1343
1318,1335
1332,1329
1336,1341
1344,1336
1314,1354
1337,1349
1325,1333
1311,1333
1315,1314
1285,1333
1315,1351
1317,1351
1309,1361
1329,1345
1330,1356
1360,1362
1345,1377
1333,1374
1337,1352
1317,1359
1362,1381
1334,1382
1352,1353
1313,1370
1357,1376
1355,1370
1361,1373
1345,1373
1363,1372
1332,1391
1352,1354
1347,1348
1351,1386
1366,1380
1328,1386
1359,1374
1347,1355
1377,1390
1383,1413
1362,1404
1395,1385
1371,1394
1357,1402
1384,1375
1386,1407
1375,1420
1388,1368
1359,1405
1379,1426
1377,1400
1420,1408
1400,1419
1411,1403
1396,1404
1422,1418
1411,1440
1411,1420
1404,1416
1371,1426
1412,1406
1429,1417
1428,1418
1424,1428
1404,1442
1426,1440
1410,1416
1407,1417
1417,1422
1424,1442
1418,1435
1411,1461
1437,1456
1426,1439
1426,1447
1456,1446
1439,1438
1431,1436
1447,1463
1423,1454
1434,1465
1439,1465
1433,1465
1474,1478
1449,1460
1456,1489
1452,1455
1453,1441
1468,1470
1467,1483
1432,1456
1423,1474
1468,1478
1445,1469
1474,1466
1486,1497
1487,1479
1450,1478
1464,1469
1468,1479
1473,1460
1472,1480
1460,1498
1462,1451
1477,1440
1468,1474
1460,1483
1478,1469
1489,1447
1474,1469
1501,1473
1477,1475
1482,1465
1487,1467
1478,1482
1487,1467
1471,1465
1478,1474
1518,1474
1495,1482
1463,1477
1475,1447
1460,1452
1483,1473
1478,1462
1481,1477
1449,1471
1452,1446
1462,1461
1489,1444
1496,1480
1491,1464
1509,1453
1494,1434
1482,1454
1483,1455
1466,1437
1462,1453
1477,1438
1471,1446
1480,1445
1467,1444
1469,1444
1477,1445
1481,1452
1483,1468
1471,1448
1456,1448
1459,1451
1446,1429
1475,1430
1467,1420
1459,1411
1458,1433
1466,1430
1440,1428
1456,1446
1433,1430
1451,1423
1433,1430
1455,1416
1421,1396
1410,1414
1436,1418
1437,1417
1465,1396
1450,1408
1441,1376
1408,1414
1434,1397
1430,1398
1441,1388
1413,1402
1402,1388
1423,1397
1399,1370
1415,1382
1402,1390
1455,1399
1395,1378
1415,1401
1418,1390
1393,1379
1407,1389
1372,1351
1387,1390
1384,1371
1386,1368
1398,1375
1368,1369
1397,1390
1405,1378
1371,1360
1371,1359
1358,1387
1374,1363
1374,1384
1398,1375
1381,1370
1390,1372
1371,1343
1350,1364
1341,1346
1357,1371
1343,1360
1365,1360
1376,1332
1363,1341
1359,1370
1385,1376
1349,1347
1348,1343
1358,1336
1318,1353
1356,1340
1354,1351
1346,1342
1362,1368
1333,1346
1317,1366
1334,1333
1335,1343
1346,1341
1328,1354
1322,1358
1310,1339
1333,1338
1346,1342
1359,1333
1312,1324
1313,1332
1327,1327
1314,1354
1308,1333
1318,1342
1318,1329
1311,1339
1295,1337
1349,1340
1307,1325
1326,1314
1320,1329
1309,1341
1325,1330
1299,1319
1303,1336
1296,1313
1333,1325
1327,1333
1321,1341
1307,1341
1334,1311
1342,1335
1321,1338
1301,1314
1299,1325
1307,1339
1311,1340
1324,1327
1324,1328
1325,1338
1324,1316
1311,1312
1348,1349
1336,1353
1323,1354
1335,1343
1322,1345
1301,1354
1325,1370
1335,1337
1333,1360
1324,1354
1312,1356
1333,1363
1330,1354
1331,1360
1305,1358
1339,1341
1357,1386
1352,1365
1364,1354
1330,1365
1341,1367
1368,1350
1342,1368
1307,1352
1345,1387
1342,1362
1341,1382
1355,1347
1360,1377
1357,1386
1339,1364
1356,1387
1370,1382
1380,1377
1348,1392
1371,1378
1351,1399
1329,1365
1357,1390
1378,1369
1364,1406
1380,1407
1360,1380
1403,1389
1411,1409
1401,1397
1369,1398
1391,1395
1358,1393
1400,1409
1380,1409
1411,1405
1394,1418
1389,1424
1397,1413
1401,1414
1408,1413
1401,1417
1390,1429
1383,1411
1426,1419
1403,1431
1409,1427
1422,1422
1407,1423
1410,1455
1412,1433
1462,1437
1391,1428
1416,1414
1416,1438
1424,1426
1427,1437
1424,1443
1432,1441
1456,1451
1447,1443
1423,1434
1463,1458
1445,1443
1422,1452
1454,1454
1441,1447
1474,1453
1449,1455
1457,1465
1461,1456
1471,1442
1474,1467
1449,1464
1455,1454
1437,1450
1467,1457
1474,1441
1477,1483
1461,1478
1470,1464
1493,1485
1461,1460
1473,1456
1475,1457
1467,1451
1474,1451
1502,1468
1467,1452
1482,1465
1453,1453
1478,1494
1468,1469
1457,1469
1505,1467
1464,1453
1464,1476
1491,1480
1468,1464
1463,1463
1475,1457
1497,1467
1462,1481
1481,1471
1487,1441
1481,1458
1493,1475
1449,1445
1474,1447
1482,1457
1454,1456
1472,1448
1485,1473
1478,1463
1475,1454
1472,1460
1477,1469
1477,1447
1471,1459
1479,1452
1477,1466
1449,1448
1475,1448
1459,1432
1477,1434
1446,1451
1473,1451
1474,1432
1474,1442
1443,1457
1456,1410
1454,1431
1449,1433
1445,1433
1438,1460
1501,1429
1451,1438
1420,1415
1439,1433
1460,1406
1458,1415
1420,1442
1446,1434
1418,1425
1436,1444
1435,1437
1435,1421
1459,1417
1421,1426
1438,1439
1436,1426
1446,1408
1424,1407
1418,1408
1416,1395
1422,1400
1436,1424
1398,1411
1435,1402
1423,1407
1433,1381
1372,1411
1441,1400
1427,1391
1371,1400
1410,1404
1413,1376
1403,1349
1420,1378
1407,1391
1412,1383
1416,1377
1405,1360
1401,1358
1379,1360
1377,1379
1378,1376
1407,1349
1397,1383
1379,1374
1383,1359
1371,1345
1389,1360
1393,1365
1383,1329
1370,1374
1374,1351
1349,1386
1384,1356
1367,1374
1389,1340
1360,1358
1350,1359
1382,1380
1355,1326
1348,1354
1348,1349
1377,1353
1345,1335
1350,1333
1350,1347
1340,1344
1354,1356
1359,1352
1327,1340
1361,1342
1324,1342
1340,1342
1339,1331
1347,1349
1328,1345
1310,1340
1349,1330
1316,1355
1343,1324
1315,1309
1310,1341
1331,1330
1334,1340
1332,1325
1322,1323
1336,1350
1315,1333
1323,1339
1336,1342
1352,1352
1341,1350
1302,1330
1310,1340
1315,1325
1324,1333
1339,1337
1327,1345
1309,1317
1318,1320
1325,1349
1329,1337
1311,1328
1328,1337
1291,1354
1326,1321
1296,1342
1307,1338
1344,1328
1310,1334
1320,1333
1321,1335
1327,1345
1326,1330
1350,1336
1328,1356
1320,1378
1320,1357
1349,1346
1342,1337
1329,1336
1300,1350
1332,1357
1326,1358
1321,1363
1318,1383
1318,1358
1352,1362
1325,1370
1349,1327
1349,1377
1355,1358
1354,1362
1353,1352
1350,1357
1361,1389
1346,1361
1330,1386
1365,1347
1379,1390
1367,1359
1357,1392
1352,1381
1325,1398
1369,1387
1358,1390
1348,1385
1385,1384
1372,1400
1393,1397
1367,1395
1393,1399
1347,1398
1398,1397
1393,1394
1393,1379
1378,1384
1354,1380
1382,1397
1355,1385
1403,1422
1397,1432
1384,1409
1364,1399
1395,1399
1387,1404
1385,1431
1399,1413
1388,1440
1395,1397
1411,1422
1426,1400
1408,1416
1413,1431
1418,1427
1421,1457
1387,1421
1430,1440
1413,1420
1418,1427
1425,1434
1423,1432
1432,1432
1440,1457
1426,1433
1424,1436
1427,1458
1430,1441
1408,1431
1445,1458
1437,1452
1421,1451
1416,1457
1443,1436
1450,1463
1435,1438
1454,1446
1443,1453
1449,1451
1475,1487
1431,1440
1445,1467
1457,1435
1489,1451
1457,1473
1467,1455
1458,1455
1463,1458
1458,1445
1460,1451
1477,1456
1476,1455
1473,1453
1484,1467
1483,1465
1485,1466
1458,1448
1469,1457
1494,1450
1474,1461
1465,1449
1477,1481
1478,1501
1470,1444
1480,1471
1496,1470
1467,1468
1490,1481
1493,1461
1484,1459
1469,1457
1483,1467
1462,1441
1461,1476
1495,1439
1448,1465
1477,1455
1512,1446
1468,1454
1459,1455
1463,1446
1479,1448
1497,1471
1455,1466
1460,1437
1464,1459
1459,1454
1487,1446
1445,1463
1470,1456
1483,1460
1471,1448
1464,1473
1449,1450
1454,1430
1474,1454
1448,1444
1454,1455
1464,1448
1446,1441
1461,1430
1469,1434
1444,1444
1454,1447
1436,1410
1462,1420
1465,1439
1477,1443
1420,1436
1441,1421
1466,1439
1471,1411
1429,1426
1446,1438
1437,1410
1460,1414
1403,1443
1442,1421
1451,1454
1440,1427
1404,1405
1442,1409
1419,1398
1435,1402
1420,1394
1394,1404
1440,1386
1390,1398
1418,1413
1391,1398
1411,1397
1416,1385
1382,1402
1427,1381
1414,1386
1434,1388
1382,1383
1427,1368
1415,1377
1411,1397
1391,1377
1387,1369
1366,1368
1398,1364
1385,1375
1395,1357
1369,1395
1405,1370
1393,1377
1382,1380
1379,1366
1399,1368
1381,1360
1388,1372
1378,1366
1401,1350
1360,1361
1384,1386
1380,1366
1406,1362
1359,1352
1377,1381
1351,1373
1389,1379
1374,1358
1365,1351
1396,1356
1318,1373
1365,1345
1347,1347
1375,1337
1320,1362
1370,1344
1344,1348
1356,1342
1336,1339
1329,1333
1343,1338
1333,1356
1366,1329
1346,1350
1337,1345
1352,1348
1330,1351
1336,1342
1323,1315
1324,1331
1317,1332
1367,1347
1359,1355
1357,1345
1343,1357
1332,1361
1339,1336
1323,1369
1334,1333
1375,1314
1336,1333
1325,1333
1299,1327
1339,1338
1333,1317
1304,1350
1346,1338
1339,1323
1353,1344
1316,1341
1340,1356
1347,1334
1299,1347
1310,1366
1335,1355
1324,1343
1334,1355
1305,1341
1326,1363
1318,1353
1355,1334
1330,1368
1328,1330
1329,1361
1315,1319
1350,1352
1333,1347
1305,1365
1329,1351
1347,1365
1346,1347
1351,1355
1359,1360
1341,1347
1331,1377
1336,1352
1357,1367
1338,1372
1346,1386
1347,1368
1337,1353
1357,1349
1355,1369
1351,1355
1366,1375
1359,1365
1366,1353
1376,1372
1368,1387
1365,1391
1336,1395
1354,1387
1345,1396
1340,1378
1383,1363
1349,1377
1369,1381
1376,1384
1390,1372
1375,1386
1384,1367
1376,1380
1381,1403
1386,1387
1393,1422
1381,1398
1390,1416
1406,1387
1391,1387
1359,1423
1400,1402
1400,1432
1367,1406
1385,1403
1402,1384
1416,1415
1394,1408
1391,1433
1428,1418
1390,1414
1412,1407
1404,1397
1400,1419
1406,1412
1415,1423
1451,1432
1394,1423
1420,1426
1416,1433
1397,1431
1437,1407
1439,1439
1419,1445
1464,1415
1423,1439
1467,1436
1414,1453
1443,1431
1413,1438
1420,1423
1446,1433
1434,1435
1432,1448
1433,1451
1437,1461
1421,1450
1429,1452
1446,1437
1456,1436
1461,1452
1468,1457
1440,1429
1453,1465
1448,1464
1471,1452
1437,1449
1430,1452
1465,1465
1470,1476
1462,1452
1473,1469
1466,1456
1465,1471
1459,1459
1454,1453
1464,1444
1443,1446
1479,1468
1476,1482
1468,1468
1460,1481
1470,1459
1470,1468
1466,1470
1454,1458
1471,1454
1479,1450
1434,1461
1477,1471
1480,1478
1505,1474
1446,1457
1451,1452
1449,1453
1479,1471
1484,1453
1472,1457
1464,1462
1476,1444
1456,1446
1466,1459
1456,1470
1485,1452
1440,1462
1473,1445
1463,1449
1487,1433
1476,1451
1442,1457
1488,1444
1459,1451
1447,1464
1443,1438
1470,1449
1456,1423
1466,1468
1459,1468
1451,1426
1457,1429
1452,1466
1438,1444
1443,1437
1465,1440
1452,1448
1464,1434
1475,1443
1418,1441
1446,1419
1437,1436
1434,1417
1459,1432
1408,1434
1432,1404
1425,1424
1443,1417
1447,1412
1448,1429
1431,1415
1395,1409
1439,1414
1422,1406
1431,1406
1444,1411
1420,1421
1384,1431
1418,1398
1400,1435
1414,1377
1435,1400
1427,1405
1392,1415
1437,1405
1405,1389
1387,1398
1445,1400
1398,1375
1431,1385
1395,1385
1411,1372
1386,1384
1398,1379
1409,1371
1369,1389
1407,1380
1388,1378
1397,1389
1395,1383
1390,1360
1391,1400
1386,1349
1385,1374
1392,1377
1371,1354
1403,1348
1380,1369
1379,1359
1365,1355
1382,1384
1393,1362
1373,1355
1363,1343
1356,1378
1365,1335
1370,1339
1381,1375
1354,1355
1372,1368
1361,1351
1345,1356
1335,1373
1335,1358
1348,1373
1338,1338
1345,1364
1335,1349
1357,1340
1350,1358
1372,1361
1331,1342
1343,1339
1341,1343
1345,1344
1361,1352
1354,1342
1304,1338
1366,1323
1368,1354
1354,1323
1355,1347
1338,1337
1319,1353
1297,1322
1352,1344
1333,1325
1349,1356
1321,1343
1345,1347
1327,1340
1319,1331
1327,1345
1316,1344
1323,1337
1322,1331
1334,1372
1305,1335
1317,1347
1335,1360
1359,1342
1320,1359
1346,1351
1309,1336
1328,1337
1337,1349
1345,1351
1329,1343
1298,1373
1354,1365
1347,1344
1319,1351
1340,1340
1307,1324
1299,1363
1346,1367
1304,1357
1348,1324
1360,1343
1357,1346
1349,1345
1343,1362
1327,1350
1344,1354
1347,1344
1350,1363
1343,1348
1346,1367
1341,1366
1354,1381
1348,1386
1333,1359
1344,1365
1355,1356
1371,1372
1351,1382
1347,1394
1340,1369
1343,1369
1345,1363
1352,1381
1356,1382
1359,1381
1369,1374
1364,1391
1384,1378
1358,1368
1399,1404
1363,1386
1358,1372
1354,1387
1390,1385
1389,1398
1371,1403
1401,1396
1396,1395
1367,1383
1391,1408
1373,1411
1372,1401
1344,1424
1397,1408
1405,1430
1399,1417
1400,1402
1390,1394
1412,1404
1394,1401
1390,1405
1388,1423
1400,1418
1427,1420
1408,1424
1405,1433
1401,1397
1414,1430
1395,1407
1394,1432
1414,1459
1419,1415
1420,1423
1405,1418
1401,1442
1396,1415
1432,1446
1390,1424
1435,1441
1465,1438
1419,1435
1420,1436
1436,1439
1425,1457
1409,1430
1414,1428
1443,1431
1437,1457
1442,1435
1431,1445
1460,1471
1438,1421
1485,1465
1442,1450
1453,1481
1457,1449
1462,1437
1452,1454
1482,1438
1433,1469
1446,1434
1444,1475
1468,1467
1475,1460
1467,1481
1417,1446
1459,1461
1443,1454
1454,1459
1472,1438
1462,1455
1446,1475
1467,1454
1453,1459
1440,1468
1449,1458
1451,1443
1469,1460
1467,1466
1452,1493
1457,1475
1465,1470
1480,1444
1497,1448
1471,1454
1461,1438
1453,1453
1438,1473
1479,1450
1453,1476
1476,1460
1463,1457
1480,1447
1457,1449
1458,1441
1444,1456
1431,1469
1450,1451
1477,1441
1427,1454
1470,1447
1458,1447
1478,1446
1466,1440
1457,1425
1469,1420
1453,1446
1452,1427
1463,1435
1443,1428
1447,1454
1477,1428
1442,1442
1442,1427
1462,1441
1465,1439
1462,1426
1469,1453
1459,1444
1460,1432
1437,1417
1445,1420
1459,1426
1451,1422
1435,1406
1447,1415
1425,1424
1459,1410
1435,1415
1432,1411
1448,1407
1439,1413
1452,1431
1433,1418
1404,1428
1411,1411
1435,1411
1431,1397
1432,1411
1434,1401
1454,1412
1416,1423
1406,1394
1443,1392
1376,1420
1403,1415
1388,1392
1425,1371
1393,1398
1390,1381
1405,1401
1423,1402
1397,1403
1433,1384
1400,1380
1371,1397
1405,1356
1415,1400
1387,1395
1375,1386
1393,1390
1409,1380
1398,1366
1370,1380
1385,1372
1375,1383
1365,1369
1386,1378
1389,1352
1397,1360
1367,1372
1370,1357
1390,1360
1381,1369
1369,1354
1345,1354
1371,1378
1358,1345
1351,1342
1359,1365
1360,1391
1341,1337
1360,1361
1350,1361
1345,1353
1340,1339
1357,1351
1365,1348
1366,1351
1342,1354
1357,1351
1343,1359
1364,1353
1355,1313
1355,1353
1354,1364
1362,1378
1342,1345
1364,1359
1345,1334
1311,1360
1350,1346
1363,1356
1331,1331
1354,1348
1370,1350
1340,1342
1335,1361
1350,1328
1338,1337
1334,1324
1358,1348
1346,1331
1312,1351
1363,1336
1346,1348
1334,1342
1332,1354
1350,1350
1339,1365
1315,1369
1347,1335
1340,1324
1367,1346
1343,1345
1330,1360
1341,1341
1354,1371
1342,1361
1348,1351
1339,1347
1327,1354
1334,1361
1328,1360
1304,1349
1342,1342
1323,1373
1350,1349
1329,1325
1323,1362
1327,1341
1316,1355
1349,1344
1368,1352
1348,1364
1351,1351
1340,1352
1365,1356
1358,1367
1344,1361
1336,1374
1344,1361
1346,1355
1352,1384
1350,1354
1364,1385
1321,1352
1361,1378
1344,1387
1344,1374
1366,1366
1337,1373
1351,1372
1342,1385
1386,1383
1368,1398
1367,1383
1370,1379
1392,1381
1347,1420
1358,1391
1367,1385
1355,1389
1395,1377
1372,1398
1363,1385
1381,1381
1351,1414
1372,1402
1359,1391
1402,1380
1383,1405
1374,1386
1387,1397
1388,1402
1380,1411
1389,1411
1397,1385
1375,1416
1404,1386
1412,1413
1382,1417
1386,1420
1392,1413
1388,1403
1417,1436
1415,1435
1415,1416
1414,1418
1417,1431
1393,1397
1404,1413
1415,1420
1425,1432
1413,1426
1394,1430
1424,1436
1438,1429
1438,1439
1461,1427
1449,1459
1413,1418
1431,1443
1443,1430
1413,1458
1415,1411
1410,1433
1442,1434
1422,1432
1436,1436
1452,1425
1420,1446
1435,1427
1453,1442
1418,1443
1443,1470
1449,1450
1437,1439
1437,1452
1475,1463
1433,1435
1437,1438
1475,1455
1467,1436
1448,1454
1468,1439
1479,1411
1453,1451
1457,1450
1432,1452
1452,1454
1448,1445
1461,1466
1441,1422
1450,1448
1466,1446
1450,1448
1432,1441
1443,1452
1455,1441
1481,1434
1459,1456
1449,1445
1450,1455
1452,1478
1489,1455
1454,1451
1488,1451
1457,1462
1476,1460
1479,1474
1468,1447
1452,1438
1468,1452
1456,1453
1460,1438
1462,1469
1472,1463
1455,1453
1440,1449
1455,1466
1470,1439
1449,1437
1472,1466
1454,1432
1450,1435
1447,1443
1444,1441
1469,1448
1485,1435
1447,1441
1445,1446
1453,1430
1464,1449
1414,1434
1447,1453
1449,1431
1454,1438
1435,1427
1480,1432
1451,1419
1425,1440
1444,1417
1452,1438
1442,1415
1431,1416
1447,1421
1428,1416
1449,1426
1436,1409
1431,1441
1454,1414
1445,1405
1449,1422
1445,1395
1421,1426
1418,1425
1429,1415
1454,1408
1446,1417
1457,1400
1439,1417
1430,1408
1441,1404
1438,1389
1400,1406
1423,1402
1432,1401
1436,1404
1414,1396
1408,1417
1428,1424
1412,1377
1406,1396
1438,1374
1406,1393
1421,1369
1428,1397
1416,1377
1413,1387
1428,1398
1425,1413
1401,1379
1401,1383
1412,1404
1390,1372
1387,1376
1408,1393
1395,1384
1379,1378
1370,1373
1389,1383
1372,1395
1374,1368
1360,1348
1386,1357
1400,1371
1354,1372
1355,1359
1383,1345
1377,1376
1359,1369
1338,1368
1392,1348
1375,1363
1357,1348
1342,1352
1363,1324
1373,1332
1357,1364
1364,1364
1370,1338
1353,1353
1335,1357
1346,1355
1379,1351
1391,1344
1368,1340
1370,1368
1365,1307
1368,1351
1360,1361
1358,1374
1353,1336
1353,1372
1361,1338
1352,1339
1349,1367
1364,1352
1347,1364
1346,1348
1345,1368
1344,1328
1315,1346
1360,1349
1333,1346
1334,1373
1328,1359
1347,1354
1306,1364
1330,1358
1364,1342
1330,1349
1340,1359
1340,1348
1332,1350
1341,1336
1330,1325
1344,1341
1337,1357
1329,1328
1319,1350
1326,1342
1313,1339
1341,1355
1331,1340
1345,1332
1342,1381
1339,1347
1326,1340
1329,1358
1347,1342
1353,1343
1353,1360
1356,1351
1326,1356
1347,1342
1333,1350
1362,1360
1326,1342
1356,1357
1367,1339
1360,1353
1353,1355
1356,1349
1341,1380
1330,1344
1354,1357
1326,1351
1341,1366
1373,1380
1318,1368
1340,1359
1364,1377
1364,1372
1337,1389
1360,1373
1333,1347
1355,1377
1353,1363
1327,1371
1356,1389
1352,1376
1372,1393
1366,1391
1363,1375
1381,1396
1381,1376
1339,1376
1324,1397
1359,1398
1363,1395
1360,1390
1363,1387
1370,1370
1369,1391
1379,1377
1376,1378
1389,1412
1416,1409
1363,1412
1353,1417
1392,1389
1385,1411
1384,1411
1373,1390
1367,1388
1393,1411
1394,1385
1385,1377
1387,1420
1386,1410
1409,1391
1394,1411
1397,1421
1388,1420
1422,1391
1403,1425
1395,1425
1419,1436
1378,1441
1428,1412
1426,1426
1412,1426
1394,1439
1401,1405
1429,1427
1413,1418
1415,1439
1434,1417
1432,1418
1465,1433
1432,1437
1419,1417
1435,1459
1428,1431
1433,1437
1459,1448
1433,1435
1442,1436
1424,1444
1427,1444
1418,1426
1443,1442
1455,1437
1466,1438
1425,1448
1444,1452
1438,1450
1441,1460
1454,1445
1458,1455
1435,1440
1428,1436
1462,1442
1467,1451
1445,1461
1450,1467
1423,1425
1462,1439
1448,1439
1464,1434
1468,1413
1467,1442
1445,1439
1429,1441
1437,1462
1475,1447
1455,1455
1446,1447
1443,1448
1458,1428
1439,1443
1448,1439
1443,1475
1450,1448
1477,1438
1443,1436
1463,1462
1459,1444
1442,1468
1454,1451
1464,1457
1458,1456
1460,1455
1430,1441
1465,1430
1447,1440
1451,1433
1441,1443
1469,1417
1426,1425
1457,1431
1445,1453
1453,1445
1474,1434
1429,1436
1485,1447
1485,1429
1448,1439
1441,1460
1443,1424
1444,1457
1453,1465
1472,1440
1466,1433
1432,1436
1457,1411
1463,1419
1448,1413
1468,1430
1473,1426
1436,1434
1463,1430
1458,1417
1448,1444
1434,1429
1454,1444
1462,1438
1431,1425
1471,1437
1440,1426
1441,1422
1420,1421
1469,1429
1440,1429
1435,1398
1452,1409
1435,1434
1421,1405
1432,1404
1427,1407
1421,1430
1437,1417
1437,1415
1414,1411
1415,1394
1412,1383
1422,1410
1410,1386
1429,1397
1386,1414
1405,1399
1413,1395
1421,1401
1428,1408
1406,1411
1414,1375
1407,1399
1420,1386
1389,1396
1417,1344
1439,1361
1433,1384
1379,1398
1395,1376
1382,1383
1381,1378
1393,1376
1397,1378
1401,1409
1379,1395
1403,1377
1394,1383
1364,1379
1395,1379
1406,1353
1403,1357
1399,1381
1374,1370
1367,1365
1385,1357
1373,1332
1379,1371
1402,1365
1356,1377
1363,1368
1375,1378
1366,1348
1353,1367
1379,1356
1370,1389
1356,1358
1359,1345
1375,1350
1355,1352
1357,1341
1379,1356
1361,1338
1372,1360
1374,1379
1359,1398
1360,1327
1344,1354
1340,1366
1350,1373
1350,1371
1337,1352
1350,1347
1356,1370
1349,1357
1338,1355
1329,1368
1376,1356
1359,1364
1357,1328
1347,1368
1339,1369
1332,1354
1305,1336
1346,1356
1361,1341
1345,1338
1342,1341
1346,1322
1330,1352
1348,1335
1344,1355
1367,1351
1330,1343
1348,1348
1353,1332
1332,1374
1336,1344
1341,1353
1325,1342
1334,1363
1367,1341
1354,1356
1334,1347
1346,1368
1334,1352
1349,1340
1349,1354
1343,1350
1341,1347
1374,1367
1364,1360
1318,1369
1339,1352
1343,1372
1394,1363
1359,1353
1342,1360
1345,1346
1360,1336
1352,1353
1351,1372
1349,1351
1354,1355
1370,1382
1331,1375
1360,1367
1326,1373
1335,1375
1334,1366
1383,1366
1375,1384
1341,1372
1394,1371
1350,1377
1372,1391
1382,1405
1366,1362
1364,1383
1362,1382
1373,1382
1360,1381
1372,1370
1370,1379
1389,1385
1347,1380
1371,1369
1381,1384
1369,1387
1364,1394
1373,1362
1350,1361
1356,1399
1365,1393
1388,1382
1382,1378
1365,1408
1367,1411
1382,1413
1392,1385
1411,1416
1406,1395
1367,1410
1376,1417
1358,1402
1340,1406
1383,1405
1377,1406
1434,1419
1406,1409
1390,1417
1414,1420
1393,1394
1389,1421
1413,1410
1421,1425
1415,1418
1401,1389
1397,1395
1429,1407
1411,1436
1431,1416
1444,1451
1407,1439
1437,1411
1413,1444
1390,1423
1408,1410
1428,1419
1406,1446
1412,1404
1407,1434
1425,1417
1439,1426
1398,1427
1417,1432
1441,1421
1447,1430
1438,1429
1416,1436
1419,1435
1407,1447
1432,1461
1450,1407
1431,1418
1440,1442
1427,1436
1435,1431
1451,1435
1415,1472
1453,1460
1415,1435
1459,1457
1433,1443
1467,1445
1445,1439
1444,1459
1429,1436
1461,1421
1420,1401
1432,1460
1436,1456
1448,1462
1437,1454
1459,1448
1452,1454
1467,1450
1486,1454
1442,1443
1454,1451
1440,1467
1457,1461
1455,1433
1469,1465
1490,1437
1442,1441
1465,1451
1444,1477
1471,1440
1445,1454
1445,1454
1460,1432
1461,1452
1476,1480
1473,1456
1458,1431
1467,1444
1446,1439
1432,1449
1438,1457
1463,1448
1468,1457
1468,1452
1433,1439
1413,1456
1441,1443
1489,1453
1458,1436
1451,1441
1445,1431
1465,1441
1454,1434
1453,1459
1437,1434
1468,1440
1453,1455
1467,1442
1452,1424
1449,1424
1456,1428
1452,1415
1440,1467
1432,1434
1433,1432
1440,1426
1465,1433
1451,1426
1455,1413
1450,1414
1464,1438
1455,1430
1435,1444
1426,1411
1411,1420
1433,1408
1456,1434
1437,1425
1467,1419
1422,1417
1437,1391
1414,1394
1426,1421
1423,1397
1439,1443
1436,1417
1426,1405
1426,1397
1418,1413
1415,1399
1428,1417
1418,1398
1427,1413
1405,1400
1425,1403
1422,1398
1401,1423
1427,1399
1408,1383
1406,1377
1410,1412
1417,1389
1379,1407
1423,1405
1420,1409
1414,1391
1395,1374
1395,1412
1409,1389
1398,1386
1398,1401
1386,1401
1382,1390
1406,1378
1400,1368
1386,1383
1386,1386
1397,1405
1359,1358
1387,1385
1407,1384
1375,1383
1390,1398
1364,1360
1403,1375
1351,1383
1367,1364
1375,1390
1386,1375
1373,1365
1377,1372
1373,1360
1371,1387
1359,1351
1352,1352
1372,1381
1380,1376
1351,1375
1339,1352
1369,1358
1370,1353
1356,1373
1371,1359
1352,1378
1359,1361
1357,1379
1358,1340
1365,1357
1352,1364
1373,1363
1348,1371
1378,1353
1367,1356
1330,1355
1361,1360
1358,1373
1382,1354
1391,1363
1350,1363
1349,1374
1383,1347
1351,1333
1331,1350
1321,1367
1349,1352
1361,1368
1339,1339
1366,1352
1330,1340
1354,1345
1359,1353
1350,1333
1330,1349
1346,1371
1333,1347
1370,1354
1343,1355
1336,1351
1352,1370
1329,1340
1328,1327
1336,1355
1350,1372
1347,1330
1347,1357
1358,1355
1349,1345
1341,1360
1339,1347
1334,1365
1338,1346
1332,1345
1349,1380
1354,1354
1322,1366
1342,1346
1380,1325
1364,1353
1348,1368
1346,1369
1336,1352
1330,1349
1346,1375
1336,1388
1333,1354
1335,1368
1341,1371
1325,1358
1354,1360
1342,1371
1373,1360
1370,1375
1361,1357
1352,1367
1352,1400
1360,1369
1349,1376
1362,1370
1353,1392
1335,1372
1350,1381
1366,1384
1359,1370
1346,1365
1370,1388
1375,1372
1336,1375
1378,1377
1369,1360
1385,1375
1376,1389
1381,1380
1363,1405
1384,1377
1364,1376
1401,1388
1372,1361
1383,1387
1373,1378
1343,1400
1398,1415
1388,1403
1377,1399
1387,1403
1390,1395
1380,1395
1386,1387
1398,1401
1386,1411
1407,1390
1372,1421
1408,1402
1407,1413
1407,1413
1415,1419
1412,1400
1393,1409
1409,1410
1414,1397
1438,1395
1425,1407
1427,1428
1412,1421
1402,1410
1409,1419
1393,1418
1418,1426
1423,1437
1428,1412
1416,1429
1425,1435
1436,1441
1437,1440
1414,1423
1409,1437
1453,1428
1441,1421
1422,1419
1418,1412
1397,1442
1404,1439
1399,1431
1471,1427
1457,1439
1409,1432
1426,1442
1444,1420
1440,1424
1446,1420
1434,1419
1439,1438
1430,1456
1448,1439
1423,1445
1448,1445
1423,1425
1428,1434
1424,1451
1420,1453
1465,1453
1424,1447
1445,1424
1460,1425
1449,1457
1426,1432
1416,1459
1452,1418
1440,1468
1431,1462
1450,1439
1467,1467
1427,1435
1428,1434
1449,1447
1436,1439
1457,1452
1443,1430
1443,1431
1440,1467
1472,1435
1449,1430
1436,1427
1463,1437
1467,1464
1439,1446
1451,1430
1434,1465
1428,1440
1464,1434
1464,1447
1464,1448
1462,1428
1461,1430
1467,1450
1470,1430
1476,1436
1455,1433
1461,1440
1443,1445
1439,1457
1448,1447
1464,1425
1451,1439
1457,1432
1453,1442
1454,1455
1472,1454
1443,1423
1463,1413
1461,1431
1461,1454
1432,1421
1459,1418
1427,1431
1423,1429
1430,1411
1444,1439
1440,1434
1454,1431
1437,1434
1449,1442
1445,1446
1443,1426
1456,1454
1461,1430
1438,1401
1439,1431
1451,1422
1426,1437
1448,1427
1435,1422
1424,1432
1422,1419
1469,1420
1453,1417
1447,1413
1438,1421
1444,1419
1432,1412
1437,1425
1415,1412
1424,1410
1413,1402
1443,1417
1436,1405
1436,1408
1456,1392
1413,1414
1425,1414
1415,1403
1393,1390
1411,1408
1416,1390
1420,1385
1409,1395
1428,1384
1409,1399
1415,1418
1403,1381
1423,1370
1403,1394
1408,1399
1411,1400
1417,1387
1419,1399
1402,1385
1450,1407
1391,1397
1406,1378
1385,1405
1382,1370
1393,1391
1418,1400
1400,1404
1421,1378
1414,1369
1374,1351
1379,1417
1375,1384
1376,1393
1363,1389
1389,1380
1416,1389
1377,1364
1399,1390
1365,1375
1371,1366
1373,1371
1378,1363
1372,1364
1399,1386
1376,1344
1368,1391
1375,1391
1373,1389
1356,1375
1388,1361
1356,1338
1389,1370
1374,1361
1352,1344
1383,1363
1380,1385
1386,1362
1345,1361
1382,1350
1382,1343
1362,1353
1354,1376
1354,1358
1357,1357
1376,1352
1368,1346
1348,1367
1365,1356
1353,1361
1339,1350
1361,1355
1325,1342
1335,1339
1358,1371
1363,1352
1368,1367
1348,1352
1335,1361
1348,1341
1347,1346
1349,1349
1375,1330
1375,1351
1340,1368
1386,1352
1327,1343
1359,1351
1358,1335
1360,1350
1326,1339
1356,1339
1321,1333
1348,1350
1335,1356
1332,1381
1327,1365
1319,1337
1351,1351
1337,1329
1355,1368
1352,1323
1339,1376
1347,1352
1322,1345
1362,1355
1312,1361
1345,1354
1354,1359
1328,1342
1347,1355
1321,1348
1361,1354
1344,1355
1368,1371
1344,1369
1350,1337
1371,1355
1372,1359
1361,1354
1375,1371
1360,1372
1368,1364
1356,1355
1338,1368
1356,1348
1365,1371
1366,1353
1332,1364
1364,1369
1353,1384
1358,1381
1379,1359
1351,1367
1380,1355
1345,1383
1353,1367
1369,1381
1353,1367
1362,1385
1333,1366
1393,1388
1382,1348
1358,1383
1384,1394
1355,1414
1373,1378
1376,1397
1415,1367
1352,1389
1351,1399
1388,1380
1391,1422
1364,1414
1391,1395
1400,1402
1360,1383
1383,1419
1390,1400
1360,1416
1389,1409
1368,1399
1388,1395
1389,1417
1395,1416
1405,1402
1395,1385
1376,1410
1394,1407
1440,1404
1397,1408
1394,1391
1397,1406
1387,1416
1399,1412
1425,1385
1422,1409
1412,1418
1403,1418
1414,1411
1423,1435
1389,1406
1411,1439
1421,1422
1423,1438
1439,1410
1417,1422
1416,1419
1402,1410
1394,1400
1421,1424
1421,1413
1405,1404
1421,1443
1392,1420
1394,1440
1416,1450
1437,1426
1432,1447
1449,1428
1461,1425
1421,1440
1415,1437
1424,1417
1408,1421
1428,1426
1434,1438
1421,1438
1423,1438
1445,1438
1434,1457
1446,1447
1414,1436
1422,1437
1458,1419
1466,1445
1422,1457
1439,1456
1403,1433
1418,1431
1460,1437
1430,1436
1443,1423
1440,1461
1477,1468
1459,1453
1432,1440
1437,1440
1430,1448
1458,1453
1439,1433
1443,1444
1459,1439
1433,1456
1411,1445
1448,1440
1426,1435
1447,1442
1466,1466
1429,1463
1439,1458
1472,1434
1445,1451
1444,1425
1477,1434
1437,1432
1452,1445
1458,1447
1468,1462
1456,1462
1446,1444
1469,1438
1443,1457
1437,1434
1470,1441
1481,1453
1459,1449
1480,1438
1465,1427
1447,1462
1466,1423
1457,1431
1455,1454
1444,1445
1452,1428
1480,1439
1457,1453
1444,1446
1443,1455
1451,1428
1452,1446
1454,1439
1444,1426
1462,1437
1456,1446
1442,1465
1447,1426
1442,1449
1438,1433
1439,1416
1442,1414
1456,1424
1451,1461
1466,1430
1443,1442
1436,1422
1412,1418
1430,1452
1439,1409
1455,1414
1430,1405
1426,1423
1459,1399
1449,1402
1428,1418
1423,1419
1421,1422
1433,1413
1418,1411
1415,1418
1442,1417
1441,1435
1433,1404
1434,1405
1435,1415
1430,1405
1423,1429
1426,1420
1417,1402
1398,1413
1402,1395
1445,1411
1422,1416
1422,1419
1428,1396
1384,1395
1425,1421
1401,1389
1439,1401
1421,1395
1410,1395
1400,1387
1409,1396
1425,1399
1429,1398
1386,1400
1416,1378
1403,1374
1382,1381
1386,1368
1414,1379
1404,1382
1397,1375
1397,1383
1415,1388
1383,1387
1423,1389
1395,1372
1367,1406
1395,1392
1394,1380
1405,1401
1386,1376
1408,1393
1387,1375
1395,1372
1394,1384
1389,1380
1365,1365
1366,1372
1372,1359
1379,1383
1358,1367
1374,1360
1381,1378
1396,1374
1371,1369
1373,1363
1377,1357
1372,1359
1376,1363
1369,1363
1366,1346
1367,1363
1376,1374
1379,1351
1344,1379
1385,1344
1396,1347
1369,1351
1353,1356
1335,1357
1344,1359
1377,1344
1350,1346
1357,1355
1364,1367
1350,1347
1347,1347
1378,1363
1396,1356
1351,1352
1347,1347
1353,1351
1362,1365
1372,1387
1345,1355
1349,1362
1345,1361
1373,1343
1346,1356
1362,1363
1334,1342
1362,1351
1347,1356
1361,1335
1335,1335
1358,1349
1354,1345
1324,1355
1370,1360
1374,1345
1337,1355
1363,1361
1363,1363
1330,1342
1320,1342
1327,1350
1320,1344
1332,1333
1351,1366
1324,1352
1337,1356
1337,1344
1337,1392
1335,1350
1371,1346
1341,1351
1348,1367
1354,1332
1339,1387
1352,1367
1352,1365
1340,1373
1380,1342
1346,1346
1356,1374
1353,1358
1338,1366
1362,1360
1362,1374
1359,1380
1359,1371
1372,1341
1328,1353
1354,1369
1340,1366
1364,1353
1346,1381
1385,1358
1338,1374
1367,1377
1370,1352
1371,1390
1369,1374
1345,1376
1369,1367
1346,1354
1347,1372
1361,1368
1329,1370
1358,1352
1359,1378
1394,1383
1342,1370
1374,1376
1371,1379
1353,1372
1372,1375
1383,1389
1363,1399
1370,1384
1375,1380
1371,1380
1377,1391
1403,1374
1380,1395
1365,1387
1406,1418
1395,1374
1390,1417
1379,1396
1387,1378
1369,1410
1384,1396
1376,1393
1361,1393
1400,1394
1426,1420
1398,1401
1407,1416
1384,1409
1405,1408
1388,1390
1409,1385
1401,1401
1415,1386
1426,1406
1401,1403
1421,1420
1389,1404
1400,1412
1392,1395
1414,1411
1384,1421
1425,1400
1409,1426
1430,1413
1427,1398
1403,1425
1366,1420
1440,1422
1415,1413
1426,1407
1408,1421
1401,1443
1437,1426
1397,1430
1398,1412
1396,1413
1435,1405
1449,1439
1419,1422
1423,1434
1430,1428
1435,1429
1438,1436
1427,1432
1410,1418
1439,1436
1423,1437
1432,1424
1421,1426
1440,1453
1445,1432
1420,1445
1459,1433
1414,1458
1437,1426
1415,1443
1416,1439
1427,1455
1425,1454
1441,1427
1415,1441
1460,1446
1461,1449
1477,1434
1431,1420
1447,1435
1446,1439
1414,1447
1425,1450
1427,1453
1451,1454
1448,1470
1444,1443
1473,1445
1426,1449
1458,1449
1469,1447
1440,1427
1492,1438
1456,1436
1483,1444
1474,1425
1438,1447
1458,1455
1438,1445
1457,1441
1457,1455
1453,1448
1462,1458
1439,1448
1452,1460
1472,1435
1444,1450
1442,1436
1431,1453
1479,1467
1456,1441
1454,1457
1458,1454
1451,1436
1443,1435
1446,1424
1471,1425
1477,1454
1462,1446
1454,1434
1438,1424
1439,1439
1442,1445
1483,1425
1494,1424
1463,1445
1473,1444
1476,1452
1442,1446
1446,1434
1438,1438
1462,1426
1451,1407
1437,1439
1446,1443
1431,1431
1447,1432
1452,1424
1475,1422
1426,1438
1435,1450
1461,1443
1464,1414
1468,1454
1441,1459
1441,1419
1450,1415
1433,1429
1468,1422
1434,1442
1438,1411
1474,1412
1441,1413
1412,1420
1431,1429
1429,1432
1446,1414
1408,1407
1428,1415
1411,1403
1422,1394
1425,1419
1441,1434
1404,1425
1422,1398
1401,1400
1427,1410
1438,1413
1421,1420
1437,1419
1425,1411
1420,1414
1397,1375
1445,1369
1404,1408
1410,1401
1433,1399
1400,1368
1399,1415
1380,1407
1415,1395
1415,1401
1431,1410
1429,1390
1368,1393
1425,1373
1416,1378
1406,1377
1406,1411
1391,1401
1378,1384
1418,1377
1401,1397
1391,1395
1417,1398
1401,1370
1389,1387
1374,1372
1395,1354
1407,1381
1389,1362
1411,1403
1368,1382
1396,1404
1378,1389
1380,1374
1390,1389
1387,1373
1376,1356
1376,1380
1376,1379
1379,1374
1376,1358
1382,1377
1387,1371
1355,1380
1373,1365
1368,1370
1375,1354
1358,1353
1377,1392
1374,1361
1375,1364
1372,1367
1369,1372
1344,1363
1366,1366
1362,1366
1375,1360
1392,1362
1336,1359
1363,1363
1325,1373
1359,1378
1319,1360
1359,1345
1360,1362
1367,1355
1375,1342
1334,1358
1354,1357
1349,1370
1365,1343
1340,1336
1365,1373
1363,1352
1376,1373
1357,1381
1348,1353
1343,1327
1343,1359
1336,1341
1356,1363
1325,1352
1367,1352
1332,1367
1314,1345
1339,1345
1327,1350
1334,1360
1338,1346
1333,1346
1337,1364
1370,1335
1328,1341
1362,1354
1324,1345
1353,1326
1366,1368
1325,1351
1336,1371
1347,1344
1340,1353
1350,1325
1354,1345
1342,1370
1340,1370
1339,1352
1356,1359
1322,1383
1368,1354
1369,1359
1324,1373
1338,1339
1341,1353
1338,1375
1342,1354
1357,1360
1359,1354
1330,1359
1343,1345
1347,1384
1348,1342
1335,1370
1352,1347
1362,1361
1377,1365
1341,1382
1382,1351
1333,1351
1355,1354
1356,1353
1355,1350
1372,1370
1345,1369
1347,1363
1338,1375
1311,1386
1385,1345
1365,1366
1348,1363
1353,1376
1352,1355
1376,1346
1351,1366
1341,1387
1345,1375
1351,1361
1377,1372
1363,1374
1334,1385
1400,1377
1376,1355
1383,1389
1392,1370
1388,1392
1365,1382
1355,1410
1387,1391
1366,1396
1386,1385
1367,1399
1377,1405
1372,1389
1359,1387
1364,1393
1375,1389
1389,1396
1373,1369
1395,1394
1417,1399
1389,1397
1367,1399
1403,1408
1377,1408
1400,1407
1383,1419
1356,1387
1390,1426
1408,1401
1393,1409
1405,1406
1437,1412
1387,1397
1413,1418
1392,1419
1388,1397
1400,1406
1386,1406
1387,1414
1399,1399
1396,1383
1382,1385
1391,1416
1421,1434
1424,1426
1401,1409
1374,1407
1391,1435
1424,1421
1397,1418
1407,1408
1419,1414
1418,1425
1413,1434
1422,1421
1423,1437
1437,1423
1398,1408
1427,1430
1419,1411
1408,1427
1436,1428
1428,1423
1435,1438
1401,1436
1411,1424
1408,1438
1429,1440
1421,1440
1432,1428
1465,1455
1435,1437
1435,1467
1432,1428
1439,1439
1448,1457
1416,1434
1431,1438
1452,1454
1442,1449
1435,1422
1442,1441
1434,1437
1442,1441
1468,1477
1454,1454
1467,1446
1455,1447
1457,1424
1451,1445
1454,1443
1442,1435
1440,1433
1436,1473
1428,1458
1486,1456
1460,1431
1456,1431
1472,1421
1450,1454
1478,1463
1432,1446
1447,1423
1475,1444
1484,1435
1442,1431
1459,1442
1458,1441
1452,1452
1474,1454
1464,1442
1462,1460
1458,1456
1471,1454
1431,1455
1474,1452
1475,1457
1434,1444
1481,1437
1466,1449
1470,1444
1458,1432
1441,1448
1458,1461
1455,1443
1481,1441
1426,1465
1463,1452
1454,1466
1480,1452
1468,1438
1420,1447
1466,1433
1481,1443
1442,1437
1463,1438
1462,1442
1492,1439
1464,1449
1455,1441
1442,1451
1477,1443
1470,1428
1453,1452
1436,1440
1450,1444
1459,1434
1456,1431
1471,1417
1442,1436
1453,1430
1468,1428
1405,1437
1415,1424
1469,1418
1431,1439
1465,1433
1458,1420
1451,1426
1437,1424
1434,1447
1456,1402
1435,1419
1436,1421
1428,1406
1433,1442
1438,1420
1439,1412
1444,1418
1435,1414
1440,1434
1438,1418
1447,1405
1472,1383
1431,1414
1410,1410
1417,1404
1409,1400
1428,1423
1420,1402
1424,1433
1396,1426
1400,1393
1381,1412
1427,1402
1424,1407
1414,1416
1420,1387
1434,1402
1410,1416
1423,1403
1416,1398
1399,1402
1432,1389
1413,1406
1421,1392
1406,1391
1368,1404
1409,1386
1409,1389
1404,1407
1395,1394
1378,1415
1401,1373
1412,1356
1378,1396
1408,1385
1402,1395
1419,1378
1395,1379
1391,1377
1379,1372
1375,1388
1398,1390
1405,1380
1377,1386
1380,1387
1397,1363
1384,1378
1402,1359
1390,1377
1383,1357
1405,1381
1367,1369
1373,1374
1364,1364
1350,1347
1360,1361
1374,1349
1395,1345
1351,1347
1381,1377
1381,1365
1389,1363
1343,1350
1356,1363
1367,1350
1380,1358
1371,1365
1359,1352
1375,1355
1371,1361
1396,1369
1357,1368
1367,1360
1365,1357
1380,1338
1348,1377
1351,1366
1383,1349
1367,1341
1338,1355
1346,1355
1329,1356
1361,1358
1352,1324
1351,1375
1350,1345
1390,1360
1351,1338
1347,1343
1351,1369
1390,1346
1371,1347
1340,1366
1336,1356
1366,1360
1325,1365
1343,1357
1353,1360
1348,1382
1328,1342
1348,1316
1339,1356
1361,1330
1351,1342
1339,1362
1347,1339
1342,1357
1332,1338
1335,1337
1346,1339
1345,1344
1357,1332
1353,1349
1374,1327
1352,1347
1352,1356
1348,1337
1375,1354
1303,1361
1365,1344
1348,1345
1327,1349
1344,1377
1338,1372
1333,1373
1327,1379
1327,1351
1351,1360
1358,1347
1349,1369
1356,1349
1343,1384
1322,1362
1360,1377
1354,1376
1325,1365
1345,1345
1350,1354
1353,1369
1332,1367
1341,1345
1343,1323
1360,1360
1345,1366
1350,1371
1348,1349
1370,1343
1355,1343
1365,1362
1360,1375
1376,1379
1356,1341
1339,1361
1334,1367
1353,1360
1326,1377
1367,1362
1340,1359
1383,1378
1383,1385
1355,1374
1345,1377
1374,1360
1334,1373
1343,1374
1348,1389
1369,1391
1383,1376
1345,1389
1346,1379
1356,1391
1380,1391
1367,1393
1383,1391
1358,1408
1360,1397
1387,1417
1361,1388
1360,1403
1349,1388
1354,1379
1378,1388
1372,1394
1371,1405
1371,1393
1378,1404
1349,1397
1393,1377
1354,1407
1356,1415
1369,1411
1393,1388
1384,1407
1373,1432
1360,1383
1394,1403
1368,1401
1365,1386
1385,1392
1387,1428
1397,1400
1405,1409
1391,1406
1391,1411
1375,1405
1402,1426
1394,1404
1391,1404
1394,1409
1405,1394
1385,1410
1406,1420
1405,1415
1414,1430
1410,1435
1403,1442
1400,1423
1404,1416
1399,1408
1410,1429
1412,1422
1387,1402
1409,1427
1424,1416
1413,1419
1405,1419
1423,1423
1429,1419
1427,1436
1423,1427
1429,1414
1418,1440
1416,1460
1411,1411
1422,1431
1434,1444
1416,1434
1454,1411
1429,1434
1428,1435
1450,1444
1439,1441
1460,1424
1419,1465
1461,1419
1430,1420
1431,1429
1449,1438
1426,1439
1418,1423
1449,1445
1422,1436
1460,1441
1483,1445
1456,1431
1442,1477
1483,1443
1421,1429
1438,1460
1442,1416
1445,1450
1451,1450
1460,1468
1470,1410
1445,1421
1443,1457
1453,1458
1463,1451
1457,1439
1468,1457
1471,1489
1478,1448
1470,1459
1460,1453
1460,1437
1431,1449
1472,1448
1445,1467
1465,1450
1469,1444
1477,1439
1452,1437
1457,1439
1460,1455
1464,1459
1456,1424
1456,1458
1449,1441
1462,1441
1471,1458
1456,1429
1459,1424
1483,1452
1466,1456
1468,1461
1459,1449
1495,1469
1464,1429
1462,1449
1482,1460
1467,1470
1446,1427
1445,1449
1464,1472
1454,1426
1441,1445
1475,1444
1439,1436
1465,1432
1446,1433
1464,1430
1462,1427
1440,1464
1469,1426
1449,1450
1457,1447
1440,1454
1455,1437
1462,1460
1440,1444
1464,1453
1477,1435
1454,1435
1461,1431
1461,1403
1469,1426
1442,1436
1461,1448
1454,1449
1448,1425
1459,1438
1477,1444
1426,1430
1437,1428
1441,1440
1440,1425
1442,1417
1447,1430
1442,1429
1451,1409
1456,1429
1434,1426
1389,1396
1441,1430
1421,1422
1455,1436
1421,1400
1397,1398
1423,1410
1448,1427
1453,1394
1435,1422
1452,1419
1416,1403
1435,1414
1399,1407
1403,1426
1447,1423
1425,1397
1412,1419
1402,1392
1433,1397
1438,1386
1445,1418
1413,1419
1415,1404
1424,1385
1432,1405
1414,1406
1408,1389
1434,1389
1410,1409
1414,1405
1405,1396
1400,1408
1430,1390
1417,1375
1421,1401
1439,1418
1379,1388
1395,1388
1397,1402
1404,1394
1376,1387
1418,1394
1413,1380
1393,1376
1409,1382
1392,1382
1405,1395
1383,1393
1410,1363
1394,1364
1393,1353
1400,1400
1409,1369
1375,1376
1367,1365
1376,1366
1358,1378
1367,1370
1367,1366
1348,1383
1348,1370
1362,1373
1363,1365
1365,1397
1370,1361
1405,1378
1389,1345
1391,1372
1394,1385
1358,1350
1349,1354
1402,1374
1376,1350
1340,1363
1351,1348
1384,1363
1377,1365
1338,1378
1386,1352
1346,1360
1364,1338
1351,1343
1343,1343
1347,1359
1337,1386
1331,1373
1317,1339
1342,1338
1348,1350
1356,1378
1331,1351
1351,1335
1333,1361
1341,1330
1370,1354
1371,1347
1333,1340
1359,1366
1346,1320
1350,1351
1361,1376
1344,1356
1338,1344
1367,1337
1348,1338
1326,1347
1335,1323
1338,1345
1365,1353
1367,1341
1349,1357
1322,1347
1328,1362
1345,1348
1347,1353
1338,1346
1351,1336
1326,1353
1315,1354
1332,1340
1339,1338
1350,1325
1345,1328
1350,1341
1325,1339
1338,1335
1343,1350
1326,1345
1337,1330
1321,1326
1335,1345
1326,1342
1365,1361
1337,1361
1352,1329
1352,1374
1331,1340
1321,1348
1348,1348
1320,1335
1367,1358
1331,1362
1350,1372
1312,1357
1345,1332
1341,1358
1344,1359
1325,1350
1355,1354
1367,1356
1327,1359
1332,1353
1346,1356
1321,1353
1339,1358
1351,1359
1353,1352
1350,1337
1334,1361
1365,1365
1351,1364
1367,1366
1350,1365
1351,1384
1363,1373
1340,1378
1368,1353
1340,1359
1361,1365
1349,1368
1378,1366
1374,1375
1367,1378
1342,1361
1362,1382
1364,1369
1354,1365
1363,1374
1340,1401
1372,1372
1353,1381
1387,1371
1360,1395
1371,1388
1318,1348
1342,1387
1362,1371
1342,1369
1371,1385
1362,1363
1364,1401
1338,1389
1372,1363
1375,1404
1370,1376
1373,1400
1376,1419
1380,1403
1365,1402
1412,1386
1390,1402
1385,1395
1385,1402
1420,1406
1396,1420
1379,1408
1392,1419
1384,1391
