ch1,ch2
1380,1421
1414,1411
1405,1439
1414,1416
1419,1432
1400,1428
1424,1434
1426,1414
1408,1431
1420,1443
1434,1440
1415,1441
1390,1451
1443,1417
1461,1441
1429,1446
1445,1449
1432,1443
1445,1462
1419,1443
1452,1420
1457,1436
1444,1437
1446,1458
1441,1437
1439,1434
1450,1457
1443,1426
1450,1448
1476,1452
1463,1430
1464,1447
1472,1449
1461,1463
1469,1442
1416,1437
1461,1466
1472,1460
1455,1467
1438,1459
1480,1471
1506,1443
1465,1448
1478,1487
1457,1437
1460,1450
1455,1458
1497,1445
1459,1461
1470,1460
1471,1448
1484,1478
1464,1466
1474,1473
1433,1462
1493,1480
1448,1465
1450,1428
1469,1468
1450,1455
1478,1448
1468,1446
1469,1452
1451,1425
1469,1449
1415,1457
1493,1451
1457,1459
1459,1480
1470,1452
1475,1418
1463,1420
1477,1433
1474,1452
1445,1446
1450,1414
1450,1420
1453,1425
1453,1430
1470,1428
1421,1405
1441,1409
1443,1425
1430,1427
1453,1422
1462,1423
1462,1418
1453,1447
1440,1444
1430,1430
1429,1398
1432,1429
1449,1419
1403,1433
1431,1424
1438,1410
1414,1405
1434,1401
1450,1411
1419,1391
1415,1409
1393,1402
1414,1404
1411,1386
1438,1393
1390,1405
1433,1400
1425,1373
1420,1400
1426,1389
1380,1401
1417,1373
1390,1356
1406,1370
1401,1369
1396,1367
1387,1379
1388,1388
1366,1390
1431,1359
1400,1380
1384,1376
1358,1375
1370,1362
1390,1350
1383,1357
1377,1363
1366,1354
1358,1368
1370,1356
1371,1339
1349,1357
1355,1341
1335,1361
1323,1351
1334,1358
1363,1357
1346,1324
1331,1353
1332,1343
1344,1329
1332,1371
1388,1339
1349,1334
1355,1359
1349,1356
1352,1334
1338,1306
1317,1349
1354,1347
1362,1336
1362,1331
1343,1346
1340,1331
1329,1358
1321,1354
1356,1339
1337,1330
1348,1316
1330,1339
1337,1362
1333,1326
1310,1357
1342,1333
1318,1338
1318,1337
1314,1348
1310,1347
1335,1335
1338,1333
1347,1339
1344,1355
1317,1340
1341,1352
1351,1344
1315,1347
1340,1343
1323,1349
1352,1365
1343,1359
1326,1363
1350,1363
1337,1370
1336,1346
1355,1351
1338,1350
1315,1370
1347,1366
1327,1359
1348,1363
1349,1333
1339,1384
1338,1384
1319,1404
1341,1370
1348,1370
1358,1388
1353,1363
1377,1389
1370,1380
1351,1355
1390,1390
1348,1399
1379,1361
1381,1366
1368,1400
1357,1397
1363,1407
1382,1376
1367,1373
1389,1392
1383,1411
1375,1370
1384,1427
1399,1425
1379,1419
1397,1414
1391,1399
1412,1395
1416,1414
1406,1431
1384,1411
1395,1419
1405,1415
1425,1432
1402,1425
1425,1418
1442,1440
1414,1438
1427,1434
1406,1428
1410,1425
1419,1425
1406,1454
1448,1426
1446,1409
1414,1455
1428,1451
1429,1427
1440,1453
1428,1439
1458,1475
1463,1445
1444,1442
1412,1449
1446,1453
1452,1458
1490,1456
1455,1465
1457,1452
1471,1458
1445,1452
1480,1466
1478,1453
1483,1426
1455,1467
1469,1469
1429,1435
1497,1480
1476,1450
1473,1479
1466,1440
1474,1450
1444,1463
1459,1465
1452,1449
1471,1444
1454,1458
1477,1460
1455,1462
1462,1461
1484,1454
1470,1459
1479,1462
1483,1431
1441,1470
1480,1470
1478,1485
1467,1478
1453,1484
1495,1449
1499,1463
1452,1471
1457,1469
1463,1471
1472,1452
1459,1450
1479,1459
1454,1437
1473,1444
1477,1441
1452,1438
1477,1442
1473,1411
1452,1444
1459,1427
1484,1443
1444,1427
1450,1450
1440,1434
1456,1451
1453,1444
1429,1446
1457,1419
1439,1416
1467,1422
1462,1415
1453,1435
1401,1413
1457,1440
1442,1409
1394,1431
1422,1413
1439,1408
1409,1420
1398,1405
1409,1406
1446,1407
1397,1418
1399,1396
1402,1393
1409,1413
1378,1391
1401,1396
1419,1379
1411,1402
1409,1381
1408,1390
1419,1403
1374,1377
1407,1385
1394,1361
1386,1403
1385,1370
1394,1381
1393,1374
1367,1361
1380,1371
1389,1368
1361,1374
1371,1386
1345,1378
1374,1337
1380,1344
1388,1342
1356,1349
1362,1339
1361,1364
1347,1363
1379,1326
1358,1375
1327,1354
1336,1356
1346,1351
1347,1349
1362,1356
1336,1335
1336,1341
1371,1353
1340,1332
1313,1365
1351,1334
1370,1344
1349,1353
1359,1350
1309,1329
1331,1327
1335,1329
1323,1349
1333,1332
1337,1336
1338,1332
1328,1328
1316,1323
1335,1330
1350,1329
1309,1336
1343,1330
1351,1336
1336,1343
1349,1328
1340,1328
1298,1351
1315,1347
1304,1318
1329,1356
1339,1331
1312,1342
1332,1348
1319,1349
1354,1341
1321,1367
1326,1353
1304,1334
1335,1351
1325,1368
1371,1362
1328,1366
1324,1357
1360,1342
1312,1358
1340,1369
1353,1365
1322,1357
1304,1362
1373,1352
1371,1347
1349,1376
1369,1375
1378,1377
1364,1340
1363,1360
1334,1362
1345,1385
1358,1376
1372,1372
1349,1366
1345,1392
1354,1381
1335,1392
1345,1381
1385,1405
1385,1380
1355,1379
1378,1400
1383,1416
1375,1421
1381,1419
1370,1405
1390,1404
1386,1396
1388,1413
1398,1416
1392,1423
1364,1402
1394,1417
1402,1407
1423,1416
1375,1410
1413,1415
1419,1444
1414,1412
1397,1434
1401,1442
1425,1430
1407,1398
1407,1422
1398,1421
1414,1451
1444,1445
1427,1450
1444,1433
1442,1437
1443,1437
1445,1462
1428,1451
1435,1430
1450,1419
1434,1474
1435,1429
1444,1447
1472,1444
1452,1451
1477,1470
1453,1448
1465,1456
1477,1456
1465,1454
1461,1474
1479,1450
1493,1466
1459,1474
1487,1471
1457,1488
1473,1448
1456,1463
1483,1478
1467,1478
1459,1476
1473,1487
1474,1466
1470,1449
1465,1455
1459,1468
1489,1471
1478,1469
1479,1490
1478,1449
1461,1449
1481,1470
1468,1469
1443,1456
1480,1469
1469,1446
1445,1444
1479,1424
1491,1457
1472,1432
1492,1452
1464,1446
1485,1458
1458,1456
1465,1456
1479,1452
1450,1447
1449,1458
1471,1436
1448,1425
1469,1453
1448,1449
1474,1431
1458,1439
1461,1458
1489,1452
1476,1438
1489,1430
1458,1441
1457,1430
1437,1425
1446,1447
1411,1433
1415,1417
1468,1425
1435,1415
1431,1430
1478,1421
1444,1409
1432,1407
1446,1403
1427,1405
1425,1419
1444,1419
1434,1424
1426,1427
1403,1378
1430,1376
1448,1396
1407,1404
1420,1435
1429,1377
1404,1395
1416,1359
1370,1390
1401,1360
1367,1361
1372,1387
1405,1403
1401,1379
1373,1367
1381,1382
1416,1359
1384,1386
1348,1371
1370,1358
1368,1377
1364,1359
1358,1357
1345,1363
1374,1383
1357,1354
1362,1361
1333,1356
1373,1361
1382,1339
1359,1363
1396,1357
1348,1378
1329,1337
1344,1338
1339,1344
1323,1357
1332,1315
1364,1320
1365,1335
1329,1323
1332,1335
1338,1316
1349,1327
1357,1344
1341,1325
1325,1335
1337,1333
1299,1339
1291,1345
1302,1354
1312,1330
1310,1315
1313,1332
1326,1338
1324,1334
1332,1314
1331,1315
1276,1321
1298,1338
1319,1342
1323,1326
1326,1319
1320,1347
1313,1343
1313,1353
1331,1351
1313,1373
1351,1331
1328,1321
1312,1351
1331,1322
1302,1347
1333,1337
1332,1338
1321,1324
1308,1333
1324,1336
1299,1351
1328,1343
1324,1343
1330,1347
1363,1364
1347,1362
1316,1350
1350,1370
1336,1326
1338,1366
1333,1335
1353,1361
1349,1356
1372,1346
1361,1367
1344,1377
1399,1386
1344,1382
1374,1376
1355,1383
1381,1395
1380,1373
1364,1376
1367,1390
1364,1370
1367,1389
1346,1396
1409,1419
1377,1382
1354,1392
1391,1404
1394,1412
1370,1405
1390,1427
1378,1404
1420,1406
1419,1411
1387,1403
1406,1401
1395,1415
1391,1438
1419,1421
1421,1427
1432,1417
1439,1394
1410,1413
1440,1426
1449,1438
1421,1407
1429,1452
1412,1438
1406,1450
1459,1434
1442,1461
1444,1471
1461,1456
1438,1448
1455,1439
1440,1432
1432,1437
1442,1454
1429,1459
1432,1459
1450,1467
1447,1447
1474,1457
1445,1487
1458,1451
1470,1465
1497,1466
1463,1471
1476,1450
1463,1473
1461,1482
1484,1455
1464,1468
1423,1469
1497,1469
1469,1472
1467,1473
1475,1472
1458,1444
1482,1481
1478,1499
1461,1477
1447,1467
1476,1466
1461,1487
1442,1455
1479,1489
1486,1466
1472,1470
1461,1465
1514,1467
1472,1466
1490,1480
1456,1465
1452,1481
1460,1488
1456,1426
1464,1456
1461,1453
1499,1472
1480,1454
1458,1463
1483,1451
1486,1455
1462,1482
1442,1438
1455,1463
1449,1432
1471,1455
1481,1442
1440,1444
1445,1429
1454,1441
1466,1448
1463,1452
1474,1445
1462,1443
1439,1420
1457,1424
1442,1436
1442,1412
1436,1423
1457,1420
1448,1433
1436,1400
1453,1407
1445,1403
1404,1425
1446,1392
1442,1410
1411,1394
1439,1402
1443,1398
1435,1414
1381,1395
1419,1386
1414,1384
1406,1367
1410,1373
1415,1397
1404,1369
1411,1387
1413,1335
1391,1374
1399,1361
1360,1393
1356,1351
1378,1382
1361,1380
1356,1357
1358,1326
1396,1349
1369,1376
1339,1393
1339,1329
1367,1374
1390,1354
1357,1332
1367,1345
1357,1367
1367,1368
1368,1344
1347,1345
1338,1351
1335,1330
1342,1340
1341,1342
1347,1319
1353,1316
1362,1342
1353,1327
1353,1357
1340,1347
1330,1341
1339,1357
1311,1344
1348,1320
1357,1329
1336,1327
1331,1343
1313,1331
1334,1314
1300,1330
1334,1358
1334,1338
1294,1352
1299,1324
1282,1348
1309,1329
1317,1345
1354,1332
1325,1364
1312,1325
1324,1351
1346,1327
1305,1361
1313,1318
1292,1349
1315,1311
1338,1299
1302,1341
1326,1337
1329,1340
1332,1328
1325,1340
1326,1338
1328,1351
1333,1335
1308,1343
1306,1338
1316,1346
1343,1358
1340,1341
1327,1362
1346,1356
1337,1375
1329,1358
1333,1337
1319,1365
1334,1367
1334,1352
1328,1373
1351,1346
1339,1383
1352,1383
1372,1396
1354,1414
1355,1383
1361,1376
1353,1386
1354,1389
1363,1362
1368,1380
1327,1398
1380,1383
1373,1391
1364,1394
1353,1400
1367,1395
1382,1389
1375,1405
1368,1394
1391,1429
1387,1421
1388,1409
1387,1407
1367,1431
1392,1412
1423,1419
1414,1425
1426,1435
1428,1432
1398,1436
1443,1440
1397,1439
1423,1433
1431,1444
1403,1438
1419,1406
1434,1442
1405,1435
1415,1459
1447,1419
1452,1420
1431,1441
1445,1439
1430,1444
1451,1431
1435,1454
1451,1441
1434,1477
1453,1431
1453,1458
1442,1475
1427,1456
1450,1455
1466,1449
1479,1460
1465,1451
1455,1452
1477,1463
1462,1463
1471,1453
1481,1461
1471,1471
1473,1474
1485,1470
1467,1457
1462,1456
1441,1459
1469,1456
1482,1499
1430,1470
1467,1467
1508,1459
1483,1457
1498,1439
1457,1457
1507,1474
1432,1461
1462,1475
1480,1452
1476,1456
1481,1465
1474,1470
1509,1466
1482,1462
1488,1463
1463,1471
1481,1469
1473,1437
1456,1449
1484,1453
1469,1438
1487,1444
1463,1439
1471,1443
1477,1474
1464,1470
1443,1436
1481,1451
1485,1454
1435,1464
1478,1454
1447,1414
1451,1453
1439,1447
1447,1429
1457,1444
1465,1433
1444,1431
1426,1408
1447,1445
1463,1420
1450,1416
1462,1414
1456,1407
1437,1416
1451,1405
1442,1415
1447,1408
1424,1396
1405,1404
1399,1420
1422,1408
1399,1385
1395,1387
1401,1390
1438,1368
1404,1363
1410,1395
1413,1393
1387,1375
1411,1388
1380,1380
1409,1378
1393,1388
1375,1363
1362,1354
1393,1381
1379,1368
1405,1381
1333,1379
1362,1376
1348,1350
1379,1360
1369,1356
1342,1360
1382,1362
1339,1346
1354,1365
1368,1363
1363,1364
1382,1349
1336,1339
1371,1326
1349,1339
1361,1327
1322,1337
1370,1347
1354,1340
1352,1311
1347,1330
1322,1337
1335,1360
1339,1329
1339,1318
1310,1343
1341,1330
1346,1346
1338,1307
1295,1351
1329,1339
1319,1332
1329,1332
1355,1342
1319,1316
1299,1335
1344,1340
1334,1317
1305,1331
1325,1320
1363,1320
1321,1320
1292,1310
1333,1341
1313,1334
1331,1346
1306,1333
1322,1338
1316,1347
1332,1324
1318,1331
1315,1345
1336,1334
1331,1336
1310,1334
1321,1357
1340,1335
1297,1352
1334,1367
1336,1339
1326,1389
1339,1350
1305,1361
1322,1345
1320,1315
1336,1334
1341,1383
1337,1367
1369,1348
1363,1357
1334,1359
1369,1364
1344,1374
1306,1372
1354,1383
1334,1386
1348,1374
1355,1391
1356,1384
1343,1390
1362,1382
1370,1405
1344,1389
1358,1406
1375,1392
1381,1394
1377,1395
1377,1412
1376,1433
1418,1401
1391,1420
1407,1391
1374,1389
1395,1411
1420,1438
1428,1415
1409,1415
1395,1414
1394,1407
1422,1422
1422,1445
1401,1414
1401,1430
1422,1419
1438,1443
1423,1435
1448,1449
1445,1447
1430,1449
1440,1451
1395,1425
1443,1459
1426,1449
1421,1464
1463,1451
1428,1453
1453,1473
1450,1471
1481,1446
1456,1457
1474,1462
1436,1434
1461,1469
1461,1448
1453,1443
1446,1461
1485,1466
1453,1454
1501,1477
1488,1476
1472,1486
1512,1460
1483,1454
1459,1484
1482,1488
1484,1476
1476,1483
1472,1469
1487,1447
1480,1480
1477,1460
1478,1482
1488,1474
1471,1469
1488,1492
1456,1458
1506,1452
1484,1484
1499,1448
1503,1460
1454,1450
1488,1444
1451,1466
1488,1480
1466,1459
1475,1461
1460,1450
1481,1469
1504,1459
1465,1470
1474,1450
1473,1465
1476,1448
1490,1432
1493,1470
1436,1420
1491,1451
1455,1434
1442,1443
1479,1444
1462,1444
1442,1444
1435,1437
1475,1435
1446,1439
1453,1436
1453,1409
1434,1432
1445,1434
1444,1435
1457,1434
1422,1420
1417,1413
1443,1411
1454,1406
1406,1405
1425,1422
1455,1397
1427,1417
1443,1435
1414,1384
1414,1384
1423,1375
1412,1397
1397,1384
1402,1409
1421,1375
1433,1388
1403,1381
1407,1385
1373,1370
1384,1388
1414,1362
1391,1386
1379,1360
1394,1357
1358,1383
1377,1365
1369,1363
1361,1374
1387,1365
1395,1390
1378,1358
1381,1366
1359,1339
1359,1350
1345,1346
1378,1344
1363,1347
1358,1363
1357,1347
1347,1348
1373,1335
1344,1347
1340,1338
1349,1311
1331,1330
1328,1331
1310,1329
1334,1333
1339,1346
1345,1348
1333,1322
1319,1347
1292,1344
1340,1329
1334,1328
1317,1310
1316,1331
1310,1341
1303,1323
1327,1330
1326,1332
1289,1312
1311,1317
1335,1341
1303,1315
1321,1337
1313,1314
1301,1334
1332,1325
1342,1322
1315,1340
1319,1312
1311,1351
1311,1327
1326,1321
1311,1361
1337,1340
1313,1340
1354,1350
1319,1342
1320,1343
1292,1319
1345,1331
1337,1347
1309,1353
1345,1354
1343,1345
1298,1349
1321,1329
1338,1344
1328,1355
1320,1363
1347,1346
1356,1376
1327,1383
1329,1373
1342,1340
1323,1364
1377,1362
1348,1386
1341,1359
1371,1383
1328,1370
1359,1383
1323,1383
1335,1377
1380,1391
1336,1387
1383,1383
1382,1405
1372,1377
1387,1403
1397,1403
1370,1378
1374,1421
1394,1387
1364,1405
1383,1424
1378,1411
1394,1428
1383,1415
1400,1440
1388,1437
1397,1399
1397,1413
1402,1412
1396,1401
1420,1415
1421,1420
1418,1443
1404,1427
1433,1442
1434,1444
1434,1441
1438,1451
1424,1434
1431,1466
1467,1429
1419,1440
1438,1439
1432,1445
1454,1437
1463,1424
1460,1461
1447,1445
1467,1444
1475,1468
1416,1452
1466,1446
1461,1476
1453,1473
1472,1454
1466,1457
1490,1465
1480,1452
1485,1484
1458,1472
1505,1461
1481,1481
1467,1474
1473,1496
1483,1450
1508,1464
1477,1508
1480,1484
1457,1493
1481,1491
1489,1475
1498,1456
1465,1450
1506,1463
1484,1481
1490,1452
1467,1463
1477,1450
1477,1480
1474,1468
1492,1477
1458,1455
1494,1477
1461,1444
1471,1436
1517,1457
1481,1470
1510,1465
1460,1455
1477,1459
1483,1468
1475,1445
1476,1431
1498,1447
1493,1415
1457,1450
1479,1448
1449,1433
1477,1433
1465,1448
1486,1430
1465,1461
1483,1422
1443,1451
1456,1429
1469,1436
1448,1428
1450,1424
1455,1425
1452,1407
1427,1436
1452,1422
1451,1416
1448,1408
1427,1404
1437,1428
1432,1395
1425,1423
1408,1413
1417,1389
1401,1409
1395,1399
1397,1378
1395,1409
1421,1415
1401,1391
1398,1393
1416,1365
1420,1404
1395,1385
1393,1383
1381,1381
1383,1369
1415,1382
1372,1363
1363,1376
1382,1363
1384,1366
1347,1338
1381,1367
1380,1354
1369,1343
1378,1354
1358,1361
1380,1361
1353,1353
1367,1348
1363,1351
1351,1333
1342,1333
1361,1350
1340,1345
1359,1343
1368,1345
1326,1354
1334,1331
1361,1318
1332,1327
1351,1331
1339,1316
1326,1333
1346,1314
1311,1324
1312,1335
1340,1346
1306,1336
1333,1346
1340,1324
1315,1321
1313,1346
1353,1331
1307,1329
1303,1329
1317,1320
1349,1318
1299,1324
1303,1337
1311,1345
1308,1335
1316,1315
1320,1344
1308,1309
1331,1343
1321,1323
1326,1342
1295,1316
1316,1331
1318,1324
1313,1315
1311,1335
1334,1346
1330,1357
1318,1326
1332,1334
1306,1354
1333,1355
1287,1353
1338,1356
1349,1342
1320,1360
1330,1340
1348,1348
1335,1367
1356,1345
1351,1353
1356,1379
1314,1362
1369,1359
1377,1357
1356,1351
1325,1375
1336,1345
1350,1385
1340,1368
1360,1370
1338,1377
1343,1365
1383,1390
1392,1385
1353,1387
1393,1388
1375,1393
1367,1406
1377,1408
1403,1381
1376,1414
1417,1402
1393,1401
1392,1399
1418,1394
1400,1407
1401,1387
1417,1413
1404,1405
1402,1431
1409,1454
1419,1419
1405,1409
1453,1431
1429,1453
1423,1414
1410,1430
1410,1465
1432,1440
1436,1447
1433,1431
1404,1432
1439,1443
1456,1434
1448,1451
1457,1431
1476,1436
1439,1452
1451,1459
1448,1432
1445,1479
1496,1465
1497,1469
1450,1436
1441,1451
1443,1484
1483,1425
1472,1458
1480,1485
1472,1468
1476,1454
1490,1476
1464,1454
1450,1459
1498,1453
1485,1480
1457,1460
1504,1479
1470,1477
1456,1479
1485,1504
1457,1475
1471,1467
1471,1466
1459,1472
1477,1449
1458,1481
1471,1478
1508,1478
1492,1458
1468,1470
1496,1455
1504,1488
1486,1451
1504,1462
1453,1485
1492,1462
1438,1464
1457,1477
1451,1469
1484,1473
1455,1437
1468,1432
1450,1447
1471,1444
1452,1460
1482,1453
1486,1433
1466,1459
1465,1439
1478,1449
1463,1459
1461,1427
1485,1434
1463,1427
1491,1413
1456,1438
1456,1439
1446,1442
1453,1428
1433,1428
1416,1431
1461,1416
1466,1409
1454,1390
1436,1412
1440,1410
1424,1428
1438,1392
1423,1432
1440,1388
1401,1389
1402,1423
1400,1391
1394,1403
1401,1393
1369,1394
1401,1388
1413,1387
1409,1381
1383,1397
1389,1363
1394,1367
1387,1352
1402,1379
1380,1374
1410,1369
1386,1377
1373,1377
1381,1343
1381,1340
1371,1366
1348,1348
1385,1353
1392,1377
1367,1354
1333,1341
1354,1352
1351,1357
1375,1362
1346,1347
1325,1357
1354,1333
1333,1332
1331,1329
1332,1315
1337,1328
1338,1318
1347,1332
1358,1333
1336,1325
1331,1311
1309,1341
1312,1328
1360,1330
1312,1334
1322,1335
1319,1342
1337,1344
1310,1322
1314,1342
1304,1315
1326,1350
1323,1330
1318,1338
1335,1327
1313,1324
1322,1332
1307,1357
1316,1341
1318,1328
1306,1333
1331,1332
1287,1365
1287,1329
1306,1350
1319,1327
1332,1351
1335,1338
1320,1342
1330,1374
1310,1339
1331,1344
1338,1339
1319,1334
1331,1343
1313,1349
1299,1341
1325,1353
1333,1348
1352,1362
1348,1331
1312,1365
1342,1349
1341,1375
1337,1338
1320,1409
1355,1365
1362,1357
1356,1353
1368,1365
1337,1384
1351,1386
1360,1361
1348,1371
1377,1375
1358,1366
1357,1372
1383,1388
1349,1384
1362,1388
1393,1402
1380,1380
1349,1408
1370,1389
1370,1404
1371,1395
1383,1409
1370,1402
1374,1426
1377,1416
1376,1418
1410,1412
1408,1417
1403,1435
1419,1428
1413,1431
1431,1420
1421,1416
1414,1413
1422,1436
1401,1443
1412,1451
1435,1447
1424,1442
1426,1459
1437,1450
1445,1477
1433,1457
1452,1428
1438,1454
1433,1466
1467,1470
1470,1481
1472,1465
1453,1447
1448,1459
1445,1479
1477,1448
1469,1463
1462,1454
1457,1440
1434,1468
1444,1475
1464,1448
1482,1457
1458,1441
1467,1471
1462,1481
1469,1464
1473,1462
1478,1441
1438,1488
1478,1479
1506,1482
1508,1497
1491,1495
1500,1468
1466,1468
1503,1467
1473,1478
1483,1473
1492,1455
1493,1486
1484,1480
1464,1462
1504,1450
1493,1470
1458,1461
1501,1463
1486,1470
1495,1445
1482,1482
1479,1474
1511,1457
1484,1443
1490,1447
1489,1452
1449,1462
1464,1465
1471,1433
1490,1467
1448,1472
1484,1447
1489,1427
1468,1447
1473,1438
1471,1435
1490,1445
1447,1427
1457,1470
1440,1441
1428,1444
1447,1440
1429,1441
1442,1437
1448,1429
1436,1423
1441,1424
1431,1411
1415,1404
1446,1401
1430,1403
1425,1416
1433,1403
1444,1383
1393,1388
1423,1399
1422,1400
1388,1390
1409,1376
1417,1364
1410,1405
1422,1403
1412,1396
1400,1375
1379,1385
1384,1376
1408,1383
1379,1363
1402,1350
1399,1388
1364,1370
1368,1353
1363,1354
1401,1346
1355,1363
1364,1360
1369,1340
1369,1361
1364,1343
1355,1354
1346,1352
1377,1370
1372,1356
1352,1351
1367,1341
1325,1332
1340,1336
1334,1331
1337,1329
1344,1324
1327,1343
1370,1336
1337,1330
1349,1359
1346,1351
1323,1344
1345,1333
1335,1329
1317,1338
1329,1313
1332,1345
1351,1330
1334,1345
1300,1320
1305,1317
1313,1354
1312,1331
1309,1325
1309,1352
1335,1349
1313,1332
1321,1333
1298,1339
1346,1345
1329,1341
1316,1313
1324,1388
1290,1346
1307,1321
1329,1337
1302,1341
1317,1326
1295,1333
1291,1335
1320,1358
1322,1358
1332,1321
1323,1322
1310,1344
1331,1352
1341,1336
1349,1332
1324,1366
1323,1380
1345,1318
1313,1350
1307,1360
1371,1331
1347,1352
1338,1363
1337,1345
1363,1356
1375,1337
1322,1365
1322,1359
1329,1374
1348,1381
1359,1368
1377,1388
1371,1394
1363,1359
1381,1383
1395,1372
1357,1376
1384,1360
1377,1419
1367,1372
1370,1372
1382,1388
1390,1411
1373,1398
1369,1404
1397,1424
1380,1425
1404,1402
1392,1422
1377,1414
1402,1436
1393,1408
1434,1415
1420,1426
1420,1428
1425,1421
1430,1432
1417,1457
1418,1442
1421,1410
1427,1446
1445,1438
1434,1432
1447,1438
1441,1469
1458,1435
1436,1461
1440,1461
1455,1443
1439,1443
1472,1461
1452,1460
1444,1480
1464,1444
1427,1436
1450,1457
1466,1457
1486,1457
1474,1469
1508,1479
1439,1463
1468,1455
1473,1463
1472,1473
1449,1467
1451,1453
1463,1447
1483,1464
1509,1473
1464,1484
1477,1477
1481,1470
1481,1463
1486,1456
1502,1473
1514,1474
1494,1473
1537,1469
1499,1461
1491,1468
1487,1453
1485,1472
1463,1455
1459,1462
1487,1480
1518,1484
1485,1479
1460,1467
1474,1480
1505,1459
1492,1447
1464,1452
1458,1438
1476,1446
1492,1434
1470,1449
1471,1444
1476,1432
1477,1471
1450,1417
1475,1444
1451,1439
1462,1445
1427,1445
1466,1439
1443,1438
1468,1434
1453,1446
1458,1394
1472,1429
1430,1428
1439,1425
1433,1423
1443,1429
1456,1421
1452,1419
1421,1423
1427,1397
1429,1385
1421,1410
1415,1405
1451,1402
1442,1374
1413,1404
1415,1410
1429,1418
1402,1399
1431,1375
1389,1374
1374,1382
1418,1401
1380,1358
1406,1398
1380,1356
1423,1374
1386,1359
1396,1371
1354,1355
1357,1382
1397,1361
1397,1373
1397,1360
1416,1349
1375,1367
1349,1333
1381,1348
1375,1343
1355,1359
1402,1354
1349,1342
1354,1326
1351,1333
1336,1324
1340,1333
1340,1327
1363,1353
1349,1333
1333,1350
1349,1344
1328,1329
1334,1337
1327,1310
1339,1333
1341,1324
1343,1331
1329,1301
1342,1341
1317,1337
1338,1352
1327,1321
1307,1329
1337,1324
1303,1330
1319,1336
1309,1308
1315,1298
1332,1356
1321,1325
1344,1333
1324,1336
1337,1328
1307,1330
1309,1338
1329,1342
1301,1320
1349,1337
1295,1331
1312,1321
1350,1314
1312,1352
1325,1322
1331,1349
1297,1347
1332,1321
1316,1341
1342,1357
1305,1346
1313,1355
1336,1355
1284,1378
1352,1348
1303,1344
1350,1339
1330,1355
1366,1367
1365,1366
1316,1367
1339,1370
1349,1354
1337,1371
1345,1369
1351,1378
1361,1380
1354,1361
1355,1366
1371,1368
1334,1375
1342,1368
1346,1355
1373,1395
1359,1396
1352,1392
1400,1405
1363,1399
1365,1398
1382,1411
1394,1375
1366,1404
1382,1396
1399,1387
1384,1370
1404,1419
1397,1401
1396,1424
1411,1431
1400,1420
1423,1436
1416,1431
1422,1438
1420,1436
1429,1422
1434,1437
1418,1433
1402,1429
1437,1425
1414,1461
1422,1440
1417,1450
1449,1458
1407,1452
1452,1462
1438,1445
1423,1437
1451,1435
1435,1452
1451,1468
1456,1483
1454,1457
1442,1452
1479,1475
1446,1469
1458,1459
1462,1475
1462,1482
1447,1462
1465,1475
1451,1468
1467,1473
1468,1493
1509,1477
1479,1456
1474,1488
1485,1463
1455,1458
1486,1456
1475,1458
1515,1461
1459,1472
1478,1479
1502,1486
1448,1472
1487,1483
1476,1469
1493,1472
1494,1460
1529,1452
1498,1460
1497,1468
1473,1476
1506,1461
1493,1467
1487,1453
1480,1479
1466,1442
1466,1472
1466,1446
1475,1448
1498,1443
1466,1454
1457,1452
1500,1451
1468,1441
1463,1429
1487,1466
1474,1446
1482,1449
1437,1439
1504,1449
1457,1435
1471,1444
1472,1413
1457,1422
1460,1432
1447,1421
1440,1437
1456,1433
1451,1413
1452,1423
1441,1446
1430,1419
1448,1411
1422,1411
1449,1412
1448,1390
1433,1415
1437,1418
1409,1382
1409,1408
1430,1388
1428,1389
1425,1415
1418,1420
1408,1413
1403,1396
1402,1394
1406,1391
1388,1382
1397,1359
1370,1374
1378,1400
1372,1348
1368,1359
1379,1385
1350,1368
1391,1353
1401,1364
1360,1360
1373,1389
1380,1339
1361,1365
1348,1335
1371,1359
1392,1351
1327,1351
1340,1365
1327,1364
1366,1337
1333,1360
1328,1348
1342,1341
1360,1338
1351,1356
1342,1320
1356,1357
1342,1357
1314,1322
1351,1323
1336,1337
1340,1327
1320,1341
1342,1329
1320,1353
1328,1334
1306,1323
1348,1344
1316,1334
1337,1350
1313,1335
1305,1340
1330,1335
1351,1348
1304,1341
1326,1326
1319,1332
1312,1343
1324,1332
1338,1337
1341,1351
1328,1332
1319,1342
1323,1332
1311,1326
1316,1342
1311,1328
1311,1349
1326,1324
1312,1334
1324,1328
1342,1335
1316,1343
1315,1349
1334,1358
1294,1375
1308,1335
1344,1354
1374,1341
1330,1340
1349,1350
1320,1356
1343,1374
1332,1367
1360,1376
1347,1346
1335,1375
1342,1387
1343,1386
1371,1351
1353,1376
1352,1367
1357,1378
1354,1380
1375,1383
1375,1399
1349,1386
1355,1412
1379,1379
1396,1375
1355,1360
1393,1387
1369,1388
1391,1412
1372,1416
1396,1420
1388,1413
1348,1413
1382,1415
1387,1437
1384,1404
1423,1411
1384,1414
1400,1426
1410,1425
1410,1412
1408,1429
1430,1433
1422,1411
1421,1416
1431,1403
1421,1455
1408,1427
1434,1442
1434,1448
1409,1432
1451,1445
1428,1451
1437,1460
1433,1456
1440,1446
1469,1448
1452,1456
1453,1456
1450,1481
1428,1458
1479,1477
1442,1461
1471,1446
1418,1487
1440,1475
1479,1452
1447,1460
1458,1459
1489,1476
1442,1467
1478,1447
1458,1482
1452,1484
1509,1469
1457,1482
1510,1467
1474,1446
1491,1471
1477,1479
1453,1480
1497,1479
1494,1464
1464,1464
1493,1480
1484,1455
1481,1438
1487,1455
1457,1473
1486,1460
1460,1467
1494,1449
1475,1493
1481,1468
1482,1476
1460,1469
1489,1456
1478,1479
1507,1460
1460,1461
1451,1464
1465,1448
1489,1443
1440,1466
1492,1438
1454,1452
1489,1467
1473,1449
1454,1451
1452,1438
1489,1430
1465,1464
1472,1437
1488,1433
1462,1415
1446,1436
1465,1415
1431,1443
1450,1441
1430,1419
1470,1409
1430,1420
1447,1392
1398,1414
1425,1417
1424,1422
1446,1419
1414,1411
1439,1391
1406,1425
1406,1419
1421,1408
1397,1403
1401,1413
1436,1373
1401,1403
1395,1374
1391,1391
1402,1368
1390,1380
1407,1379
1377,1364
1417,1392
1389,1377
1385,1401
1380,1387
1383,1359
1395,1349
1398,1364
1370,1376
1386,1360
1354,1371
1356,1351
1364,1341
1367,1342
1353,1339
1361,1360
1341,1370
1372,1328
1349,1352
1342,1340
1344,1342
1379,1344
1348,1370
1332,1351
1339,1323
1349,1345
1321,1338
1355,1339
1332,1328
1358,1337
1353,1357
1276,1338
1347,1333
1308,1350
1334,1337
1315,1318
1318,1345
1318,1343
1311,1355
1341,1319
1298,1332
1310,1350
1329,1329
1344,1338
1352,1324
1300,1329
1317,1369
1324,1357
1289,1320
1295,1355
1332,1340
1324,1333
1293,1316
1319,1328
1316,1312
1319,1341
1345,1347
1337,1337
1333,1336
1351,1350
1314,1361
1359,1331
1322,1357
1333,1367
1329,1345
1334,1351
1375,1365
1336,1356
1346,1338
1329,1352
1351,1353
1305,1358
1342,1380
1357,1384
1331,1395
1348,1347
1356,1367
1345,1354
1349,1353
1339,1371
1371,1401
1361,1378
1364,1367
1367,1375
1359,1388
1406,1412
1364,1372
1351,1366
1357,1371
1345,1384
1398,1397
1369,1396
1378,1410
1374,1383
1414,1419
1380,1395
1367,1400
1423,1412
1424,1408
1391,1402
1377,1405
1416,1415
1413,1422
1396,1418
1439,1426
1389,1425
1413,1457
1369,1424
1427,1441
1405,1425
1431,1429
1433,1436
1417,1453
1440,1425
1427,1441
1417,1458
1435,1445
1437,1441
1448,1438
1426,1460
1426,1436
1458,1458
1457,1440
1457,1447
1455,1443
1451,1457
1464,1455
1458,1441
1456,1438
1482,1456
1503,1458
1470,1449
1445,1466
1494,1470
1494,1458
1451,1473
1460,1472
1460,1471
1474,1468
1481,1491
1475,1476
1461,1468
1460,1500
1473,1465
1471,1466
1464,1465
1466,1484
1491,1478
1477,1439
1487,1456
1471,1469
1465,1438
1475,1484
1473,1443
1472,1453
1477,1478
1486,1434
1453,1440
1495,1480
1494,1467
1458,1452
1492,1451
1455,1458
1489,1464
1459,1448
1478,1439
1500,1467
1444,1451
1483,1445
1489,1441
1475,1443
1469,1437
1476,1427
1443,1444
1454,1430
1447,1444
1469,1431
1457,1435
1473,1421
1460,1438
1462,1431
1430,1440
1414,1411
1448,1431
1439,1411
1465,1437
1438,1426
1421,1428
1435,1414
1432,1386
1403,1412
1449,1395
1401,1361
1445,1417
1418,1394
1431,1367
1402,1401
1407,1408
1401,1373
1393,1379
1418,1407
1381,1386
1393,1392
1406,1382
1396,1374
1406,1369
1400,1370
1367,1369
1410,1371
1383,1389
1385,1354
1372,1356
1391,1375
1390,1383
1387,1373
1358,1349
1381,1347
1427,1348
1387,1372
1351,1366
1370,1355
1369,1344
1371,1343
1375,1373
1365,1348
1357,1339
1364,1339
1340,1343
1332,1350
1337,1333
1333,1338
1343,1349
1335,1346
1353,1347
1332,1345
1317,1325
1327,1349
1333,1347
1329,1355
1334,1330
1327,1331
1322,1328
1336,1328
1313,1348
1344,1354
1345,1338
1317,1323
1314,1329
1318,1350
1298,1337
1319,1357
1321,1328
1327,1346
1334,1314
1341,1337
1277,1345
1342,1340
1304,1329
1363,1347
1327,1357
1322,1351
1305,1329
1327,1351
1348,1342
1364,1318
1308,1358
1326,1353
1314,1351
1316,1353
1347,1378
1336,1352
1333,1352
1339,1364
1323,1369
1359,1368
1332,1346
1364,1362
1336,1367
1339,1367
1344,1378
1343,1350
1351,1343
1362,1384
1316,1376
1352,1383
1347,1366
1385,1362
1365,1380
1366,1397
1392,1406
1347,1391
1357,1402
1388,1382
1364,1387
1386,1396
1377,1413
1361,1421
1360,1398
1379,1409
1394,1396
1368,1432
1393,1393
1391,1427
1386,1432
1395,1426
1398,1403
1434,1410
1384,1432
1408,1438
1401,1437
1385,1423
1410,1448
1426,1422
1407,1445
1433,1458
1417,1429
1406,1450
1434,1444
1443,1443
1408,1430
1428,1457
1451,1429
1392,1431
1445,1444
1447,1433
1459,1444
1436,1422
1458,1441
1415,1438
1463,1434
1483,1443
1475,1453
1442,1468
1475,1459
1457,1456
1473,1442
1451,1482
1470,1470
1480,1483
1442,1473
1451,1448
1474,1433
1481,1449
1450,1470
1492,1470
1443,1456
1445,1474
1443,1470
1456,1490
1446,1446
1459,1455
1467,1466
1475,1463
1467,1453
1482,1436
1462,1452
1484,1457
1485,1454
1474,1461
1477,1472
1448,1454
1456,1441
1482,1462
1484,1453
1492,1464
1471,1431
1469,1468
1482,1444
1470,1461
1442,1452
1468,1482
1457,1439
1445,1455
1493,1426
1437,1447
1472,1452
1464,1419
1477,1437
1462,1435
1432,1460
1444,1437
1461,1437
1461,1446
1471,1432
1477,1433
1466,1416
1444,1412
1426,1418
1450,1424
1455,1419
1425,1408
1425,1414
1439,1409
1442,1427
1446,1400
1417,1439
1430,1405
1469,1409
1416,1401
1414,1385
1409,1396
1397,1393
1412,1383
1393,1365
1394,1396
1431,1390
1406,1394
1409,1374
1401,1385
1428,1389
1407,1406
1403,1373
1377,1375
1392,1388
1400,1370
1400,1385
1390,1358
1402,1384
1367,1385
1374,1352
1376,1364
1366,1371
1368,1367
1391,1340
1365,1354
1365,1362
1365,1364
1362,1360
1371,1359
1351,1389
1341,1330
1354,1357
1334,1352
1373,1338
1344,1337
1357,1331
1358,1340
1364,1335
1331,1354
1368,1345
1331,1329
1325,1343
1311,1347
1326,1355
1311,1359
1314,1337
1345,1342
1356,1346
1333,1335
1325,1322
1310,1335
1336,1336
1339,1324
1329,1323
1342,1358
1336,1334
1321,1344
1313,1348
1293,1335
1339,1329
1339,1340
1330,1344
1350,1334
1307,1334
1325,1340
1319,1357
1366,1340
1358,1357
1348,1339
1311,1333
1350,1327
1352,1348
1324,1364
1345,1371
1366,1346
1335,1360
1340,1348
1343,1384
1347,1350
1346,1380
1349,1369
1335,1352
1347,1362
1355,1354
1347,1367
1315,1371
1362,1377
1358,1381
1344,1387
1351,1377
1383,1364
1357,1386
1366,1367
1368,1419
1349,1394
1372,1386
1344,1381
1393,1418
1362,1394
1385,1414
1357,1419
1378,1387
1383,1401
1388,1398
1385,1401
1388,1388
1412,1400
1392,1401
1366,1416
1392,1408
1411,1399
1407,1412
1408,1441
1397,1424
1389,1419
1411,1426
1400,1427
1419,1451
1398,1430
1390,1418
1408,1431
1412,1453
1441,1426
1412,1457
1411,1414
1402,1436
1406,1435
1445,1447
1426,1425
1452,1441
1453,1433
1443,1435
1434,1431
1430,1437
1461,1454
1456,1453
1465,1465
1439,1456
1464,1462
1453,1451
1443,1467
1469,1453
1458,1459
1439,1455
1451,1451
1412,1447
1466,1473
1472,1437
1472,1454
1437,1459
1466,1460
1458,1453
1447,1466
1462,1456
1452,1465
1474,1474
1465,1490
1486,1474
1457,1437
1472,1457
1492,1456
1470,1478
1481,1468
1467,1446
1473,1457
1481,1467
1441,1426
1448,1445
1482,1473
1474,1456
1480,1461
1480,1460
1455,1466
1478,1443
1510,1477
1476,1451
1450,1443
1447,1450
1487,1460
1458,1442
1459,1439
1449,1451
1441,1431
1476,1434
1457,1427
1476,1403
1467,1413
1442,1441
1481,1437
1475,1435
1434,1437
1466,1423
1453,1406
1443,1422
1450,1425
1456,1416
1449,1413
1398,1396
1453,1417
1428,1419
1405,1409
1408,1423
1460,1425
1403,1402
1409,1413
1438,1415
1416,1396
1437,1402
1415,1383
1425,1394
1397,1392
1400,1406
1414,1397
1403,1393
1384,1381
1383,1403
1385,1374
1369,1381
1399,1362
1410,1386
1396,1384
1406,1391
1365,1401
1393,1371
1357,1359
1400,1337
1377,1378
1398,1393
1369,1357
1358,1356
1352,1366
1352,1370
1343,1361
1366,1353
1358,1357
1375,1340
1343,1338
1359,1342
1383,1345
1358,1337
1344,1356
1330,1363
1345,1360
1334,1365
1356,1339
1327,1343
1343,1340
1343,1346
1341,1340
1355,1355
1353,1355
1363,1334
1357,1358
1351,1330
1334,1327
1331,1351
1318,1353
1351,1339
1344,1371
1342,1338
1330,1364
1331,1346
1317,1320
1315,1335
1326,1350
1332,1347
1328,1337
1312,1342
1340,1337
1314,1341
1313,1345
1350,1351
1330,1337
1321,1361
1342,1353
1330,1338
1325,1357
1327,1351
1328,1354
1333,1353
1336,1363
1323,1353
1341,1359
1319,1362
1330,1360
1346,1355
1348,1334
1334,1342
1343,1348
1352,1346
1336,1377
1353,1348
1354,1346
1349,1387
1340,1362
1388,1388
1349,1358
1341,1362
1332,1381
1354,1363
1375,1381
1370,1381
1360,1382
1374,1369
1337,1385
1354,1402
1375,1394
1385,1394
1385,1395
1371,1390
1403,1398
1412,1380
1384,1416
1380,1415
1376,1429
1393,1416
1414,1411
1399,1401
1385,1423
1404,1401
1404,1422
1424,1413
1401,1437
1432,1381
1413,1403
1428,1425
1404,1427
1394,1436
1410,1412
1419,1427
1406,1442
1429,1440
1402,1432
1435,1418
1412,1431
1435,1438
1426,1410
1432,1432
1437,1451
1438,1437
1453,1443
1420,1442
1442,1445
1441,1456
1429,1434
1468,1458
1475,1448
1448,1459
1466,1455
1465,1443
1454,1454
1444,1459
1464,1438
1453,1456
1455,1465
1453,1471
1457,1439
1467,1426
1474,1467
1448,1439
1458,1431
1476,1459
1446,1459
1469,1478
1461,1434
1437,1448
1463,1471
1463,1470
1465,1471
1481,1467
1456,1456
1448,1473
1492,1472
1449,1455
1435,1447
1454,1457
1456,1446
1448,1438
1459,1474
1464,1449
1452,1452
1477,1452
1460,1456
1489,1462
1447,1448
1476,1474
1484,1454
1459,1445
1466,1444
1426,1441
1448,1436
1465,1452
1439,1449
1459,1454
1448,1431
1456,1436
1448,1440
1469,1410
1452,1429
1451,1433
1456,1426
1460,1413
1440,1424
1453,1418
1450,1419
1434,1411
1442,1406
1435,1434
1416,1435
1405,1415
1409,1387
1398,1408
1425,1403
1404,1405
1422,1428
1423,1393
1418,1410
1403,1398
1411,1394
1413,1382
1383,1375
1390,1378
1407,1395
1415,1376
1401,1387
1413,1390
1420,1368
1381,1373
1404,1393
1411,1391
1367,1357
1426,1390
1395,1378
1363,1364
1388,1358
1376,1400
1375,1402
1361,1365
1378,1333
1377,1360
1371,1364
1359,1378
1359,1357
1361,1356
1352,1356
1378,1376
1351,1369
1365,1327
1358,1333
1354,1362
1347,1361
1363,1355
1342,1347
1342,1346
1365,1353
1358,1369
1332,1347
1350,1358
1342,1332
1342,1354
1354,1356
1344,1357
1348,1352
1339,1351
1356,1318
1342,1368
1328,1350
1361,1370
1324,1358
1312,1364
1320,1331
1342,1338
1327,1335
1332,1355
1314,1340
1342,1361
1339,1340
1356,1355
1317,1364
1330,1322
1332,1342
1318,1360
1359,1359
1320,1339
1361,1336
1340,1365
1333,1363
1332,1350
1299,1362
1357,1379
1343,1364
1354,1341
1340,1368
1297,1334
1372,1370
1367,1361
1372,1357
1336,1381
1345,1364
1336,1348
1371,1349
1369,1360
1362,1374
1358,1374
1359,1366
1334,1376
1356,1363
1354,1363
1367,1387
1350,1371
1364,1400
1330,1385
1341,1395
1351,1413
1344,1408
1396,1405
1373,1377
1394,1429
1373,1383
1361,1403
1369,1391
1385,1402
1376,1421
1396,1403
1407,1406
1363,1412
1377,1399
1384,1408
1390,1431
1395,1432
1413,1417
1395,1430
1413,1418
1405,1413
1418,1437
1435,1404
1400,1407
1413,1430
1445,1457
1432,1445
1435,1436
1408,1437
1437,1441
1437,1433
1425,1427
1439,1444
1460,1436
1450,1427
1437,1455
1430,1451
1412,1438
1437,1446
1455,1440
1430,1468
1431,1445
1448,1442
1421,1439
1440,1448
1439,1434
1464,1422
1464,1450
1442,1460
1468,1426
1437,1468
1423,1440
1449,1478
1431,1472
1449,1454
1467,1470
1498,1460
1478,1461
1493,1445
1457,1462
1457,1462
1462,1458
1461,1464
1488,1455
1469,1453
1435,1483
1503,1469
1454,1457
1435,1453
1498,1472
1469,1455
1461,1458
1447,1445
1442,1456
1427,1457
1476,1469
1488,1442
1453,1452
1451,1449
1450,1443
1449,1447
1468,1463
1438,1441
1452,1434
1444,1425
1438,1439
1461,1442
1457,1411
1468,1446
1433,1447
1494,1422
1463,1420
1437,1444
1431,1438
1473,1444
1466,1439
1436,1423
1434,1435
1469,1407
1414,1410
1449,1416
1431,1417
1466,1423
1451,1403
1417,1420
1427,1427
1434,1432
1402,1406
1429,1416
1440,1411
1415,1383
1444,1368
1414,1417
1452,1410
1423,1419
1415,1382
1424,1405
1414,1408
1392,1405
1383,1386
1382,1402
1416,1373
1401,1399
1382,1376
1404,1381
1388,1401
1406,1372
1381,1414
1399,1370
1363,1373
1388,1373
1397,1362
1394,1362
1392,1387
1380,1361
1360,1396
1350,1352
1405,1360
1353,1375
1380,1360
1364,1351
1367,1370
1359,1377
1354,1361
1373,1343
1328,1374
1355,1370
1360,1368
1390,1367
1354,1344
1353,1369
1369,1328
1337,1313
1365,1340
1321,1324
1365,1376
1348,1340
1348,1334
1341,1327
1342,1346
1339,1346
1353,1361
1335,1355
1318,1338
1328,1345
1322,1332
1361,1340
1319,1359
1328,1355
1330,1345
1372,1336
1363,1341
1359,1341
1297,1345
1364,1342
1322,1332
1333,1342
1349,1374
1342,1358
1326,1360
1320,1361
1341,1337
1328,1341
1326,1360
1335,1362
1329,1359
1334,1374
1350,1350
1347,1365
1330,1363
1339,1352
1339,1381
1359,1366
1371,1378
1349,1382
1344,1339
1349,1379
1370,1365
1343,1374
1374,1369
1369,1347
1338,1374
1344,1375
1354,1401
1363,1368
1355,1394
1360,1385
1348,1404
1386,1386
1361,1362
1340,1392
1365,1401
1365,1398
1369,1400
1384,1375
1347,1388
1359,1396
1406,1409
1388,1382
1375,1397
1378,1414
1390,1397
1394,1384
1382,1404
1383,1406
1377,1417
1382,1404
1408,1429
1402,1428
1371,1409
1387,1399
1390,1416
1421,1434
1401,1420
1394,1426
1426,1431
1411,1438
1404,1416
1427,1451
1421,1417
1428,1402
1430,1449
1427,1442
1432,1430
1448,1434
1397,1441
1437,1446
1438,1432
1392,1435
1430,1457
1437,1457
1418,1440
1441,1420
1413,1435
1437,1450
1463,1449
1440,1443
1475,1414
1442,1449
1459,1430
1413,1434
1459,1443
1471,1431
1458,1489
1416,1455
1464,1439
1466,1403
1443,1444
1464,1455
1459,1435
1445,1453
1465,1488
1415,1455
1481,1446
1464,1456
1445,1456
1452,1458
1466,1456
1455,1461
1485,1453
1467,1434
1477,1448
1460,1448
1445,1463
1443,1452
1468,1464
1430,1441
1467,1441
1464,1466
1481,1459
1477,1442
1446,1443
1445,1436
1437,1456
1472,1463
1481,1426
1445,1451
1429,1428
1436,1450
1433,1445
1462,1417
1457,1425
1447,1437
1436,1410
1452,1442
1448,1446
1458,1431
1425,1415
1453,1418
1431,1429
1409,1419
1446,1422
1445,1437
1424,1418
1442,1419
1415,1404
1445,1404
1397,1408
1440,1427
1436,1409
1433,1419
1438,1405
1426,1410
1395,1412
1431,1398
1417,1391
1420,1386
1406,1389
1444,1394
1396,1401
1413,1402
1400,1382
1408,1419
1412,1369
1424,1400
1409,1401
1396,1379
1399,1396
1380,1375
1376,1370
1390,1382
1357,1396
1358,1396
1386,1380
1381,1361
1384,1385
1373,1370
1373,1375
1390,1355
1393,1358
1377,1389
1372,1364
1372,1375
1366,1361
1373,1371
1352,1352
1359,1364
1362,1352
1369,1370
1354,1365
1375,1371
1360,1353
1347,1356
1374,1347
1353,1361
1356,1324
1352,1344
1366,1348
1345,1349
1364,1364
1349,1337
1343,1341
1353,1342
1326,1350
1341,1371
1356,1344
1316,1366
1353,1337
1342,1346
1344,1330
1356,1351
1341,1349
1334,1354
1324,1323
1333,1347
1349,1345
1332,1351
1340,1362
1377,1313
1331,1325
1358,1353
1348,1344
1365,1362
1309,1347
1334,1330
1342,1322
1300,1335
1364,1354
1315,1352
1360,1340
1321,1368
1335,1352
1381,1358
1331,1366
1330,1345
1326,1361
1350,1371
1297,1331
1354,1337
1358,1357
1341,1349
1338,1369
1356,1371
1360,1369
1387,1354
1346,1347
1357,1379
1367,1358
1371,1385
1364,1373
1370,1384
1398,1405
1397,1393
1377,1376
1348,1382
1365,1393
1357,1435
1361,1382
1343,1396
1415,1391
1376,1382
1387,1380
1393,1409
1419,1381
1376,1412
1388,1403
1388,1401
1397,1409
1384,1388
1388,1407
1359,1405
1424,1430
1388,1430
1418,1396
1411,1400
1379,1426
1429,1398
1416,1438
1408,1417
1417,1415
1423,1419
1424,1437
1457,1406
1423,1408
1398,1405
1419,1414
1434,1431
1441,1456
1442,1425
1413,1429
1414,1427
1420,1446
1398,1437
1435,1448
1414,1457
1439,1422
1451,1421
1440,1425
1423,1437
1442,1440
1442,1431
1460,1469
1434,1431
1429,1455
1425,1454
1431,1428
1458,1439
1466,1421
1455,1449
1445,1447
1458,1459
1477,1471
1458,1444
1487,1470
1487,1437
1456,1452
1470,1461
1443,1459
1459,1449
1469,1467
1486,1439
1441,1469
1426,1452
1469,1450
1463,1453
1479,1450
1465,1455
1459,1430
1476,1476
1458,1443
1474,1449
1449,1450
1453,1458
1459,1454
1440,1436
1472,1447
1481,1429
1434,1433
1442,1467
1455,1463
1461,1454
1455,1447
1474,1422
1450,1433
1439,1411
1451,1439
1424,1433
1459,1451
1455,1420
1423,1430
1420,1441
1477,1420
1447,1438
1422,1427
1449,1424
1473,1462
1429,1425
1417,1404
1422,1437
1417,1407
1426,1430
1461,1419
1416,1424
1445,1403
1417,1397
1456,1393
1430,1402
1432,1407
1454,1381
1404,1407
1423,1381
1441,1392
1430,1388
1415,1390
1404,1417
1418,1419
1392,1402
1435,1405
1415,1361
1414,1395
1444,1374
1395,1393
1403,1391
1378,1390
1409,1390
1427,1381
1405,1382
1404,1385
1404,1389
1384,1369
1379,1367
1390,1380
1386,1367
1371,1378
1383,1379
1364,1376
1385,1384
1395,1370
1379,1369
1378,1368
1371,1348
1393,1353
1369,1355
1373,1336
1372,1386
1360,1347
1379,1368
1389,1336
1355,1349
1353,1356
1369,1335
1324,1354
1337,1364
1332,1357
1359,1358
1374,1365
1318,1359
1360,1337
1358,1346
1323,1347
1361,1366
1352,1326
1327,1369
1341,1343
1333,1369
1381,1360
1338,1382
1338,1357
1360,1328
1361,1344
1332,1351
1311,1355
1333,1343
1359,1358
1360,1352
1331,1369
1355,1347
1359,1331
1371,1339
1336,1364
1329,1359
1305,1384
1342,1356
1352,1364
1335,1355
1320,1344
1368,1352
1334,1368
1351,1344
1369,1369
1353,1350
1344,1358
1343,1369
1350,1369
1329,1352
1332,1359
1335,1374
1377,1357
1370,1350
1340,1362
1355,1360
1358,1373
1331,1391
1341,1384
1370,1371
1365,1402
1372,1352
1356,1387
1353,1374
1344,1378
1361,1373
1362,1397
1373,1379
1346,1386
1396,1384
1345,1393
1398,1415
1369,1392
1376,1406
1373,1413
1348,1393
1367,1427
1376,1406
1405,1375
1386,1393
1360,1407
1410,1399
1374,1411
1411,1397
1404,1405
1388,1404
1371,1410
1370,1415
1425,1412
1417,1427
1425,1426
1400,1424
1441,1421
1426,1419
1443,1420
1412,1423
1435,1403
1401,1414
1418,1439
1399,1439
1412,1414
1392,1437
1456,1420
1411,1449
1411,1418
1435,1424
1429,1432
1432,1430
1422,1426
1432,1433
1477,1462
1433,1440
1436,1439
1453,1436
1433,1460
1445,1446
1426,1455
1444,1451
1447,1449
1446,1447
1463,1463
1434,1438
1463,1434
1443,1432
1412,1453
1419,1481
1450,1432
1448,1450
1439,1460
1437,1444
1487,1451
1441,1460
1473,1445
1439,1446
1453,1444
1469,1492
1441,1446
1436,1439
1455,1453
1472,1448
1440,1452
1452,1429
1421,1425
1478,1431
1485,1412
1460,1432
1461,1430
1462,1464
1459,1440
1469,1447
1448,1434
1461,1426
1451,1445
1443,1439
1472,1439
1455,1427
1462,1441
1427,1428
1451,1441
1451,1435
1474,1458
1471,1439
1453,1446
1433,1440
1425,1426
1433,1426
1461,1440
1436,1415
1430,1442
1433,1425
1427,1420
1411,1442
1422,1414
1434,1412
1452,1412
1430,1430
1441,1441
1432,1406
1434,1446
1435,1419
1423,1400
1389,1405
1446,1405
1436,1413
1436,1412
1412,1376
1413,1378
1396,1426
1423,1401
1377,1399
1424,1411
1421,1402
1388,1400
1417,1398
1427,1371
1382,1382
1386,1361
1382,1383
1393,1377
1384,1397
1399,1388
1386,1390
1397,1374
1384,1413
1374,1359
1398,1372
1375,1362
1378,1373
1392,1376
1385,1372
1366,1349
1402,1372
1370,1382
1385,1379
1365,1377
1372,1367
1363,1363
1376,1345
1387,1367
1392,1377
1362,1337
1337,1379
1372,1350
1336,1362
1379,1344
1347,1375
1382,1345
1395,1331
1379,1341
1343,1346
1364,1361
1366,1381
1366,1353
1356,1342
1352,1356
1336,1349
1335,1356
1331,1374
1336,1361
1361,1359
1344,1372
1357,1353
1328,1363
1339,1345
1358,1345
1323,1338
1308,1351
1364,1349
1355,1354
1365,1340
1342,1361
1368,1371
1340,1352
1331,1375
1352,1332
1319,1377
1313,1372
1354,1378
1373,1345
1340,1345
1327,1333
1353,1369
1318,1349
1351,1356
1326,1370
1347,1359
1368,1344
1345,1354
1356,1356
1356,1368
1351,1360
1339,1377
1354,1381
1349,1349
1362,1370
1332,1371
1335,1367
1353,1374
1340,1394
1381,1393
1353,1378
1351,1365
1371,1372
1355,1372
1351,1367
1359,1355
1364,1373
1361,1385
1356,1384
1348,1416
1374,1404
1367,1404
1425,1398
1407,1389
1360,1391
1411,1395
1359,1420
1395,1415
1384,1389
1373,1401
1380,1387
1403,1411
1397,1394
1367,1404
1405,1418
1421,1410
1345,1402
1386,1396
1415,1471
1373,1416
1412,1395
1392,1425
1404,1419
1420,1416
1396,1427
1422,1431
1415,1427
1411,1416
1454,1399
1433,1438
1451,1415
1427,1420
1440,1433
1438,1426
1420,1447
1407,1411
1435,1419
1443,1429
1446,1441
1434,1433
1450,1452
1433,1447
1448,1442
1450,1425
1424,1432
1423,1426
1424,1429
1421,1440
1463,1440
1422,1429
1446,1432
1464,1431
1457,1438
1424,1452
1450,1480
1462,1446
1437,1440
1437,1450
1439,1430
1434,1428
1452,1441
1420,1446
1455,1444
1444,1429
1414,1437
1449,1448
1473,1443
1429,1436
1469,1435
1480,1456
1447,1431
1471,1432
1463,1435
1460,1447
1445,1430
1451,1444
1458,1455
1466,1444
1470,1456
1442,1424
1473,1460
1428,1438
1477,1442
1436,1461
1441,1440
1457,1433
1442,1447
1477,1428
1433,1422
1448,1447
1481,1444
1465,1430
1426,1448
1436,1440
1415,1430
1440,1431
1457,1446
1451,1433
1454,1426
1457,1434
1434,1413
1453,1414
1433,1408
1431,1409
1445,1417
1457,1401
1438,1441
1442,1401
1409,1434
1421,1408
1416,1414
1405,1405
1406,1402
1398,1400
1417,1392
1419,1428
1413,1407
1466,1402
1409,1414
1423,1380
1413,1399
1419,1393
1377,1422
1403,1405
1413,1381
1394,1416
1411,1389
1406,1407
1409,1378
1405,1380
1431,1400
1363,1365
1390,1374
1393,1389
1367,1371
1394,1368
1401,1375
1375,1386
1401,1375
1380,1375
1385,1354
1375,1347
1379,1372
1375,1377
1391,1379
1361,1386
1399,1387
1385,1361
1387,1360
1386,1374
1345,1349
1360,1390
1367,1361
1387,1368
1386,1368
1364,1343
1350,1350
1384,1364
1351,1350
1378,1376
1354,1340
1348,1341
1333,1338
1374,1357
1379,1345
1361,1342
1384,1342
1323,1363
1361,1365
1355,1352
1324,1358
1389,1354
1346,1361
1373,1370
1377,1351
1335,1347
1342,1354
1346,1354
1339,1371
1347,1370
1347,1346
1352,1332
1365,1398
1352,1370
1338,1370
1361,1357
1345,1346
1366,1338
1332,1353
1346,1371
1313,1361
1336,1361
1348,1351
1326,1363
1374,1352
1361,1383
1381,1357
1352,1352
1351,1380
1373,1384
1319,1366
1338,1371
1347,1361
1361,1367
1355,1358
1333,1364
1361,1393
1364,1345
1339,1377
1381,1362
1379,1389
1361,1358
1358,1340
1329,1379
1340,1373
1381,1386
1357,1362
1396,1385
1372,1365
1349,1369
1359,1368
1387,1385
1366,1379
1415,1378
1338,1382
1403,1414
1362,1398
1384,1382
1374,1409
1389,1401
1349,1415
1399,1403
1373,1400
1397,1424
1391,1405
1391,1367
1384,1402
1412,1393
1378,1408
1390,1385
1395,1430
1410,1392
1372,1399
1405,1397
1386,1414
1418,1437
1411,1430
1406,1403
1416,1413
1422,1432
1415,1418
1425,1440
1378,1434
1421,1432
1422,1433
1402,1407
1407,1423
1428,1433
1412,1412
1458,1421
1447,1406
1434,1441
1428,1429
1404,1426
1449,1432
1428,1415
1440,1445
1416,1445
1434,1447
1434,1419
1452,1418
1417,1451
1411,1460
1433,1429
1469,1430
1455,1433
1445,1420
1432,1453
1468,1455
1461,1397
1446,1446
1445,1452
1466,1451
1415,1457
1430,1461
1429,1447
1464,1446
1478,1442
1439,1454
1474,1428
1447,1480
1484,1461
1438,1439
1452,1451
1464,1447
1477,1448
1435,1449
1441,1440
1464,1445
1462,1439
1454,1440
1477,1442
1461,1447
1448,1443
1463,1446
1458,1449
1454,1435
1438,1435
1440,1438
1446,1440
1463,1442
1457,1445
1430,1427
1460,1445
1466,1437
1452,1449
1429,1434
1436,1436
1458,1436
1436,1449
1442,1424
1468,1449
1429,1417
1446,1437
1433,1437
1452,1411
1445,1447
1435,1436
1417,1419
1429,1415
1422,1421
1420,1419
1452,1405
1441,1395
1448,1398
1433,1412
1420,1419
1398,1395
1450,1414
1412,1428
1420,1405
1411,1392
1400,1386
1424,1404
1432,1397
1435,1389
1419,1419
1398,1395
1403,1413
1406,1389
1429,1367
1401,1405
1394,1393
1391,1402
1388,1386
1388,1393
1417,1404
1380,1397
1406,1358
1415,1396
1421,1375
1411,1382
1370,1379
1379,1387
1381,1371
1388,1397
1385,1391
1388,1363
1369,1381
1352,1386
1373,1387
1380,1379
1377,1390
1363,1387
1388,1375
1381,1358
1358,1361
1380,1366
1354,1364
1366,1369
1368,1385
1370,1369
1372,1373
1360,1364
1392,1379
1352,1356
1379,1361
1370,1352
1371,1355
1358,1345
1371,1358
1373,1352
1350,1344
1361,1355
1376,1385
1369,1354
1377,1344
1338,1370
1326,1364
1364,1368
1332,1343
1363,1360
1374,1346
1354,1337
1314,1365
1336,1355
1355,1324
1344,1341
1362,1348
1360,1369
1334,1345
1352,1343
1371,1366
1336,1369
1339,1349
1366,1353
1336,1372
1355,1342
1373,1338
1338,1354
1354,1359
1342,1368
1320,1350
1344,1351
1336,1367
1352,1397
1345,1363
1332,1374
1341,1353
1331,1351
1326,1368
1369,1377
1336,1370
1354,1375
1361,1360
1338,1377
1368,1386
1351,1386
1341,1362
1355,1366
1355,1374
1336,1380
1352,1383
1397,1376
1364,1391
1343,1378
1376,1369
1358,1383
1343,1375
1367,1385
1367,1374
1382,1391
1386,1389
1378,1393
1375,1397
1383,1392
1375,1408
1387,1378
1381,1377
1403,1381
1374,1393
1396,1392
1410,1371
1384,1398
1373,1411
1408,1420
1386,1401
1382,1389
1417,1408
1410,1405
1392,1416
1403,1424
1366,1408
1382,1401
1427,1394
1381,1433
1402,1403
1402,1424
1427,1421
1386,1412
1392,1416
1401,1434
1417,1420
1420,1434
1430,1408
1420,1446
1398,1429
1422,1420
1446,1423
1406,1442
1435,1431
1405,1412
1400,1432
1440,1431
1422,1413
1430,1427
1442,1431
1452,1449
1423,1455
1426,1425
1438,1453
1449,1424
1416,1453
1453,1409
1475,1432
1450,1427
1455,1442
1429,1460
1451,1420
1459,1451
1452,1462
1436,1418
1433,1447
1460,1430
1441,1467
1446,1437
1460,1449
1475,1440
1439,1437
1416,1456
1456,1456
1453,1472
1442,1458
1499,1489
1476,1404
1464,1434
1447,1447
1454,1441
1471,1437
1471,1432
1490,1405
1457,1454
1431,1437
1471,1441
1443,1427
1458,1444
1455,1456
1412,1439
1442,1445
1461,1441
1439,1435
1449,1445
1463,1437
1462,1431
1431,1405
1421,1442
1450,1464
1444,1417
1431,1430
1425,1442
1442,1440
1460,1436
1451,1452
1418,1406
1461,1423
1444,1444
1476,1411
1467,1426
1445,1436
1451,1444
1430,1420
1445,1405
1442,1415
1435,1429
1453,1409
1411,1418
1411,1409
1433,1411
1436,1417
1435,1410
1405,1435
1433,1420
1393,1439
1421,1425
1394,1400
1420,1407
1392,1393
1415,1406
1415,1386
1391,1394
1427,1403
1438,1396
1413,1403
1407,1386
1419,1414
1411,1411
1408,1396
1419,1405
1398,1403
1388,1404
1411,1410
1394,1378
1368,1368
1378,1377
1438,1363
1411,1383
1387,1362
1375,1373
1391,1395
1358,1385
1411,1364
1390,1367
1367,1375
1382,1379
1379,1370
1378,1381
1385,1371
1382,1384
1377,1359
1409,1364
1366,1383
1348,1359
1353,1357
1378,1322
1374,1367
1368,1354
1395,1343
1336,1371
1314,1357
1364,1357
1350,1360
1355,1351
1371,1356
1358,1336
1357,1356
1356,1362
1344,1369
1353,1350
1348,1366
1340,1362
1356,1354
1343,1357
1370,1357
1376,1334
1359,1351
1345,1354
1337,1360
1347,1344
1335,1358
1324,1358
1341,1347
1352,1342
1356,1352
1366,1347
1330,1367
1344,1370
1370,1334
1358,1372
1346,1368
1340,1361
1363,1338
1345,1386
1361,1361
1339,1330
1339,1352
1341,1360
1358,1355
1384,1367
1349,1366
1342,1359
1344,1354
1327,1388
1348,1381
1387,1367
1337,1344
1347,1378
1357,1362
1339,1387
1326,1367
1385,1355
1345,1353
1357,1386
1359,1396
1301,1387
1363,1369
1343,1344
1336,1362
1370,1374
1395,1375
1357,1369
1373,1373
1388,1380
1350,1385
1384,1376
1364,1371
1341,1367
1362,1401
1367,1367
1386,1383
1388,1411
1390,1396
1379,1395
1392,1391
1405,1408
1356,1410
1403,1413
1410,1405
1418,1409
1437,1404
1377,1412
1371,1396
1378,1399
1378,1410
1372,1410
1390,1406
1420,1428
1400,1433
1399,1424
1390,1405
1408,1403
1432,1418
1424,1408
1395,1406
1410,1428
1408,1405
1395,1431
1397,1442
1389,1404
1406,1440
1413,1437
1444,1449
1434,1418
1416,1425
1444,1432
1417,1461
1417,1453
1425,1433
1430,1432
1435,1426
1447,1430
1417,1437
1421,1449
1474,1409
1437,1429
1453,1437
1452,1441
1435,1420
1439,1440
1448,1421
1452,1434
1460,1418
1438,1452
1438,1452
1452,1455
1432,1450
1477,1456
1437,1447
1461,1443
1433,1437
1469,1427
1463,1429
1448,1470
1454,1429
1461,1434
1447,1447
1455,1429
1451,1449
1462,1458
1473,1449
1450,1464
1451,1458
1431,1442
1435,1425
1444,1456
1469,1438
1407,1454
1448,1449
1452,1468
1454,1438
1468,1471
1461,1453
1487,1466
1467,1421
1426,1440
1453,1439
1445,1429
1461,1440
1459,1437
1470,1426
1422,1445
1454,1446
1456,1414
1445,1436
1489,1413
1438,1426
1451,1433
1467,1445
1453,1431
1429,1431
1447,1420
1434,1429
1423,1419
1441,1403
1427,1431
1428,1417
1427,1425
1437,1431
1457,1420
1419,1421
1419,1431
1422,1421
1420,1395
1398,1413
1441,1392
1434,1428
1413,1391
1406,1397
1398,1422
1446,1408
1412,1411
1424,1385
1450,1419
1424,1405
1441,1400
1414,1399
1425,1392
1423,1383
1416,1385
1421,1407
1412,1400
1435,1400
1391,1379
1412,1415
1400,1395
1387,1390
1389,1383
1399,1382
1415,1381
1374,1380
1379,1390
1397,1371
1428,1380
1374,1383
1398,1386
1379,1364
1379,1364
1394,1367
1369,1369
1354,1361
1389,1381
1376,1348
1363,1389
1374,1360
1361,1367
1379,1361
1392,1362
1352,1401
1347,1371
1371,1357
1388,1361
1362,1372
1356,1356
1353,1367
1339,1347
1389,1344
1365,1350
1340,1346
1367,1367
1360,1339
1387,1352
1336,1367
1374,1347
1330,1357
1354,1363
1351,1382
1372,1353
1344,1359
1340,1361
1363,1356
1329,1338
1379,1368
1348,1362
1316,1352
1332,1346
1332,1348
1347,1347
1366,1366
1345,1358
1337,1360
1343,1328
1357,1344
1344,1342
1346,1341
1354,1369
1319,1348
1345,1349
1357,1347
1342,1361
1357,1360
1322,1369
1348,1354
1319,1362
1357,1347
1335,1361
1362,1357
1348,1332
1359,1350
1347,1360
1336,1365
1358,1341
1326,1360
1336,1371
1366,1369
1363,1372
1344,1370
1332,1376
1360,1362
1353,1375
1361,1382
1341,1354
1365,1382
1339,1373
1331,1378
1373,1348
1354,1384
1348,1382
1346,1385
1377,1359
1364,1386
1361,1379
1363,1394
1374,1367
1331,1370
1381,1402
1374,1401
1367,1395
1396,1386
1354,1378
1383,1390
1387,1381
1395,1403
1408,1384
1387,1372
1368,1388
1390,1402
1388,1410
1405,1401
1409,1414
1377,1383
1403,1391
1389,1421
1396,1408
1374,1403
1374,1398
1379,1439
1380,1393
1421,1415
1367,1418
1443,1421
1379,1412
1408,1422
1385,1425
1398,1443
1423,1423
1404,1420
1427,1424
1406,1420
1420,1439
1415,1436
1394,1408
1415,1447
1421,1436
1455,1412
1423,1432
1454,1447
1412,1442
1408,1427
1414,1448
1403,1443
1430,1448
1448,1434
1454,1466
1409,1431
1418,1433
1424,1434
1426,1426
1418,1421
1447,1423
1422,1443
1468,1431
1431,1403
1467,1443
1455,1416
1484,1449
1455,1444
1438,1460
1451,1461
1441,1456
1473,1449
1442,1429
1446,1454
1446,1425
1472,1454
1487,1442
1442,1480
1479,1463
1461,1427
1457,1453
1450,1449
1470,1438
1449,1459
1462,1440
1429,1434
1449,1446
1456,1455
1459,1434
1451,1444
1433,1440
1434,1439
1468,1420
1465,1429
1446,1468
1422,1441
1475,1425
1448,1441
1454,1430
1474,1450
1443,1419
1444,1446
1469,1442
1437,1464
1447,1438
1444,1428
1469,1443
1434,1426
1462,1427
1457,1422
1431,1402
1459,1424
1473,1399
1420,1432
1412,1429
1452,1437
1446,1438
1434,1413
1434,1432
1431,1434
1448,1431
1425,1425
1413,1411
1420,1427
1422,1404
1421,1417
1444,1431
1414,1410
1431,1416
1433,1413
1440,1419
1419,1405
1436,1396
1417,1395
1415,1407
1442,1394
1410,1390
1416,1407
1391,1387
1411,1392
1419,1397
1439,1392
1408,1390
1409,1388
1401,1385
1428,1391
1412,1403
1420,1402
1380,1375
1408,1398
1406,1381
1397,1392
1413,1382
1387,1376
1407,1390
1415,1377
1388,1379
1359,1391
1406,1389
1391,1371
1385,1351
1374,1360
1396,1367
1391,1374
1411,1372
1365,1361
1369,1368
1386,1373
1376,1362
1385,1338
1336,1347
1353,1373
1383,1351
1364,1351
1335,1363
1375,1355
1362,1352
1372,1338
1345,1369
1350,1362
1378,1331
1365,1352
1358,1349
1359,1353
1385,1345
1350,1326
1370,1366
1372,1352
1362,1354
1315,1357
1376,1352
1340,1353
1333,1352
1328,1359
1342,1341
1340,1388
1337,1352
1331,1364
1344,1346
1344,1361
1334,1356
1347,1363
1347,1341
1341,1366
1312,1362
1335,1375
1355,1349
1335,1373
1350,1334
1370,1361
1329,1315
1329,1338
1358,1352
1333,1354
1318,1341
1315,1357
1367,1363
1339,1357
1350,1339
1332,1371
1330,1331
1343,1343
1343,1376
1366,1347
1349,1348
1376,1374
1359,1371
1360,1369
1314,1362
1355,1355
1338,1364
1373,1333
1358,1347
1340,1361
1340,1368
1350,1386
1365,1360
1377,1373
1361,1377
1371,1398
1342,1357
1364,1369
1369,1386
1351,1375
1356,1377
1379,1370
1384,1359
1376,1395
1356,1399
1376,1365
1394,1369
1358,1386
1386,1394
1389,1395
1387,1390
1402,1389
1372,1393
1369,1370
1389,1372
1365,1388
1379,1382
1391,1416
1375,1383
1384,1396
1406,1412
1408,1379
1380,1401
1368,1380
1412,1376
1435,1397
1380,1427
1374,1400
1373,1401
1392,1375
1376,1423
1425,1401
1416,1405
1408,1393
1388,1425
1401,1439
1422,1392
1411,1440
1395,1406
1379,1404
1415,1430
1419,1408
1401,1427
1426,1429
1418,1409
1434,1442
1418,1414
1425,1428
1419,1410
1437,1449
1415,1443
1446,1436
1459,1446
1460,1434
1453,1427
1439,1435
1433,1439
1429,1461
1428,1453
1436,1437
1426,1450
1465,1444
1437,1456
1455,1437
1445,1437
1470,1440
1452,1454
1444,1455
1459,1431
1423,1460
1457,1437
1478,1433
1441,1444
1465,1456
1446,1441
1421,1431
1470,1455
1444,1434
1430,1440
1445,1422
1424,1451
1446,1454
1467,1454
1457,1426
1436,1473
1445,1453
1487,1456
1468,1458
1472,1441
1453,1441
1471,1440
1437,1444
1464,1454
1459,1448
1452,1455
1452,1452
1449,1444
1472,1428
1480,1440
1451,1440
1469,1464
1441,1442
1486,1432
1459,1432
1451,1433
1449,1453
1477,1462
1475,1433
1457,1432
1457,1424
1453,1441
1462,1426
1436,1447
1438,1427
1445,1429
1449,1444
1427,1418
1435,1418
1456,1463
1458,1428
1462,1438
1444,1424
1433,1444
1437,1420
1448,1430
1458,1441
1413,1422
1422,1409
1462,1406
1419,1409
1436,1432
1416,1404
1419,1404
1417,1398
1398,1412
1419,1415
1428,1394
1459,1404
1426,1417
1422,1414
1391,1392
1408,1411
1437,1377
1420,1409
1424,1383
1389,1393
1421,1406
1396,1392
1421,1389
1391,1405
1408,1396
1402,1405
1405,1402
1417,1387
1424,1386
1401,1388
1364,1391
1409,1377
1412,1403
1377,1377
1389,1369
1415,1408
1407,1370
1365,1368
1381,1374
1379,1371
1366,1388
1374,1373
1353,1358
1409,1348
1358,1384
1397,1362
1355,1380
1384,1380
1353,1361
1385,1361
1380,1386
1372,1352
1348,1353
1358,1365
1353,1389
1365,1356
1330,1359
1381,1348
1365,1344
1385,1352
1355,1359
1379,1344
1371,1342
1340,1379
1357,1343
1374,1352
1363,1347
1356,1348
1364,1335
1344,1339
1363,1357
1328,1353
1329,1363
1326,1366
1345,1351
1319,1353
1342,1381
1344,1365
1362,1350
1345,1357
1308,1346
1331,1345
1328,1343
1317,1336
1332,1347
1339,1369
1339,1345
1371,1369
1330,1345
1297,1345
1354,1348
1349,1345
1331,1340
1347,1359
1339,1349
1366,1357
1336,1356
1336,1341
1329,1344
1344,1343
1347,1367
1327,1351
1323,1335
1362,1350
1346,1356
1343,1341
1347,1359
1339,1354
1334,1371
1330,1354
1334,1352
1339,1368
1348,1356
1403,1362
1368,1355
1355,1373
1347,1364
1367,1375
1355,1363
1392,1365
1360,1358
1348,1400
1356,1378
1361,1354
1349,1389
1361,1386
1356,1379
1324,1384
1375,1383
1351,1383
1379,1381
1381,1380
1376,1376
1382,1395
1383,1391
1367,1381
1382,1381
1381,1387
1363,1398
1400,1388
1390,1385
1347,1426
1368,1395
1363,1415
1364,1407
1420,1404
1410,1407
1392,1422
1383,1389
1383,1405
1369,1419
1392,1414
1409,1405
1375,1404
1416,1419
1419,1395
1376,1416
1423,1404
1401,1419
1410,1427
1405,1405
1401,1422
1410,1415
1416,1436
1399,1429
1413,1430
1422,1413
1403,1436
1443,1431
1408,1439
1409,1414
1425,1437
1404,1431
1442,1442
1413,1437
1452,1449
1429,1434
1431,1451
1425,1435
1447,1431
1422,1437
1416,1451
1460,1426
1439,1433
1419,1451
1421,1445
1432,1442
1458,1434
1458,1454
1434,1454
1458,1441
1449,1473
1452,1449
1449,1429
1429,1436
1445,1439
1454,1468
1477,1461
1463,1446
1446,1434
1461,1459
1483,1465
1440,1465
1470,1454
1438,1438
1447,1437
1476,1431
1459,1434
1450,1453
1494,1442
1454,1462
1453,1473
1477,1460
1465,1430
1483,1430
1449,1462
1465,1447
1457,1440
1491,1432
1435,1431
1440,1465
1470,1432
1400,1466
1448,1454
1475,1459
1454,1450
1458,1443
1462,1443
1481,1445
1456,1437
1460,1429
1427,1454
1445,1459
1455,1432
1466,1448
1459,1447
1453,1422
1432,1418
1454,1438
1465,1432
1458,1430
1456,1436
1478,1433
1416,1436
1434,1421
1436,1450
1432,1426
1444,1446
1397,1422
1419,1406
1478,1425
1433,1424
1424,1428
1479,1427
1437,1420
1405,1408
1427,1443
1418,1417
1445,1422
1414,1409
1432,1429
1433,1425
1429,1408
1423,1408
1392,1416
1460,1429
1396,1417
1411,1416
1431,1403
1423,1417
1405,1425
1399,1392
1395,1413
1416,1386
1419,1413
1425,1371
1421,1410
1380,1374
1370,1380
1396,1394
1442,1389
1365,1372
1385,1389
1380,1381
1368,1378
1406,1375
1383,1382
1356,1380
1364,1358
1406,1357
1389,1367
1367,1366
1388,1363
1395,1381
1360,1366
1389,1364
1377,1377
1350,1371
1369,1364
1385,1347
1373,1343
1381,1367
1336,1367
1376,1360
1338,1354
1377,1370
1367,1374
1370,1351
1352,1355
1343,1346
1326,1358
1344,1362
1352,1388
1363,1342
1338,1332
1332,1348
1365,1343
1317,1341
1376,1363
1358,1339
1348,1360
1352,1358
1347,1350
1363,1363
1318,1354
1343,1342
1363,1357
1333,1368
1367,1336
1354,1338
1342,1352
1349,1334
1339,1324
1360,1361
1337,1367
1349,1331
1309,1348
1323,1348
1354,1337
1343,1348
1371,1336
1334,1343
1343,1339
1360,1346
1339,1371
1316,1373
1337,1333
1339,1351
1305,1342
1322,1382
1345,1336
1325,1358
1359,1365
1337,1351
1342,1365
1344,1351
1345,1368
1356,1353
1335,1341
1358,1340
1328,1363
1330,1351
1329,1353
1354,1345
1324,1349
1329,1350
1346,1368
1349,1341
1347,1359
1353,1357
1363,1343
1377,1377
1351,1363
1358,1359
1379,1378
1366,1371
1362,1380
1363,1356
1354,1374
1372,1384
1398,1374
1366,1388
1354,1390
1356,1388
1352,1397
1353,1377
1383,1391
1393,1395
1350,1371
1352,1360
1355,1383
1378,1399
1363,1412
1373,1405
1389,1384
1359,1387
1391,1382
1375,1411
1400,1412
1386,1397
1369,1421
1360,1407
1374,1416
1374,1395
1400,1394
1406,1404
1399,1414
1416,1437
1397,1407
1406,1428
1399,1404
1388,1422
1393,1404
1386,1386
1411,1421
1398,1423
1450,1415
1409,1396
1439,1398
1404,1423
1425,1407
1423,1451
1380,1434
1422,1413
1428,1436
1433,1440
1421,1436
1438,1414
1450,1420
1425,1427
1447,1412
1413,1431
1438,1423
1422,1448
1431,1431
1447,1428
1416,1465
1447,1423
1453,1438
1446,1453
1452,1466
1467,1468
1412,1476
1427,1451
1446,1445
1448,1470
1470,1449
1444,1463
1442,1456
1449,1441
1453,1460
1467,1439
1460,1450
1452,1454
1462,1470
1468,1438
1458,1455
1465,1469
1477,1463
1467,1454
1480,1456
1470,1445
1458,1444
1481,1455
1476,1435
1463,1464
1455,1447
1448,1447
1457,1465
1450,1480
1484,1443
1470,1438
1456,1445
1475,1447
1438,1453
1482,1434
1459,1451
1471,1437
1475,1447
1463,1441
1482,1427
1458,1438
1477,1444
1450,1453
1472,1440
1432,1446
1444,1446
1463,1461
1419,1451
1429,1457
1458,1433
1459,1430
1458,1436
1481,1439
1432,1449
1439,1447
1467,1455
1438,1443
1454,1453
1453,1468
1424,1416
1438,1439
1461,1414
1459,1440
1457,1423
1435,1446
1413,1407
1456,1422
1435,1425
1452,1414
1461,1436
1428,1446
1432,1418
1404,1430
1431,1410
1421,1404
1424,1421
1468,1411
1414,1401
1416,1419
1430,1422
1436,1409
