ch1,ch2
1390,1433
1426,1431
1402,1418
1373,1422
1387,1406
1406,1413
1418,1431
1424,1418
1396,1439
1414,1449
1424,1444
1390,1438
1428,1431
1391,1441
1397,1434
1414,1424
1453,1442
1433,1418
1435,1428
1435,1417
1422,1438
1405,1410
1433,1437
1417,1449
1453,1454
1446,1439
1466,1428
1450,1434
1423,1455
1458,1461
1398,1464
1431,1439
1437,1476
1423,1456
1477,1444
1453,1445
1423,1437
1464,1429
1434,1470
1467,1426
1490,1443
1408,1460
1452,1439
1469,1471
1477,1438
1466,1456
1431,1457
1458,1472
1440,1436
1471,1441
1457,1478
1449,1433
1458,1448
1459,1460
1492,1464
1479,1462
1494,1454
1471,1471
1458,1468
1472,1450
1492,1441
1485,1470
1478,1462
1465,1461
1493,1447
1479,1455
1473,1455
1475,1455
1482,1436
1439,1451
1462,1489
1475,1444
1451,1444
1461,1432
1459,1447
1446,1468
1457,1459
1462,1466
1461,1442
1471,1456
1468,1447
1475,1460
1479,1461
1463,1456
1445,1423
1473,1431
1483,1452
1449,1437
1463,1436
1413,1455
1454,1442
1443,1425
1477,1423
1469,1445
1429,1451
1415,1436
1447,1441
1457,1407
1448,1445
1431,1445
1448,1436
1470,1455
1439,1445
1458,1401
1425,1440
1421,1430
1451,1419
1431,1412
1465,1394
1426,1428
1461,1414
1421,1426
1446,1417
1450,1451
1416,1414
1443,1377
1393,1405
1432,1425
1420,1411
1399,1404
1386,1394
1404,1412
1392,1402
1423,1408
1406,1393
1421,1391
1399,1391
1402,1404
1402,1421
1420,1376
1405,1382
1378,1398
1398,1401
1410,1378
1386,1370
1390,1394
1385,1372
1385,1371
1395,1388
1356,1391
1410,1369
1359,1361
1383,1372
1389,1402
1358,1377
1377,1364
1363,1359
1360,1350
1380,1340
1372,1377
1356,1365
1355,1339
1360,1368
1362,1368
1371,1358
1342,1320
1326,1355
1345,1341
1362,1349
1373,1330
1344,1338
1349,1322
1335,1326
1364,1343
1373,1360
1350,1322
1343,1341
1327,1361
1347,1346
1372,1364
1345,1358
1351,1334
1363,1353
1358,1335
1351,1336
1313,1319
1335,1328
1338,1318
1314,1334
1318,1325
1309,1338
1332,1316
1349,1354
1335,1324
1361,1331
1346,1351
1294,1341
1334,1346
1327,1339
1338,1323
1341,1340
1325,1329
1311,1339
1322,1352
1322,1341
1328,1315
1318,1337
1317,1334
1345,1341
1321,1336
1353,1346
1337,1364
1317,1323
1354,1325
1368,1338
1320,1346
1340,1310
1366,1363
1310,1356
1361,1342
1333,1346
1347,1363
1350,1351
1309,1344
1346,1339
1311,1366
1358,1370
1324,1344
1356,1340
1314,1345
1323,1375
1361,1350
1357,1366
1325,1345
1342,1360
1346,1368
1369,1377
1339,1376
1327,1371
1362,1376
1329,1376
1351,1357
1358,1380
1342,1409
1369,1393
1377,1388
1367,1371
1372,1384
1357,1352
1370,1386
1323,1387
1340,1380
1406,1385
1377,1381
1393,1368
1355,1405
1364,1395
1371,1374
1408,1388
1392,1393
1392,1364
1401,1408
1347,1401
1384,1399
1401,1402
1396,1401
1389,1424
1411,1430
1414,1400
1398,1421
1383,1435
1409,1385
1430,1427
1375,1454
1430,1406
1400,1415
1423,1414
1414,1423
1413,1429
1432,1433
1412,1414
1422,1431
1427,1424
1419,1439
1423,1453
1409,1440
1449,1430
1411,1419
1424,1440
1436,1402
1425,1414
1404,1451
1413,1441
1435,1427
1420,1439
1450,1443
1429,1437
1443,1436
1479,1428
1423,1445
1441,1437
1445,1445
1450,1470
1452,1452
1425,1463
1446,1467
1462,1451
1455,1439
1470,1445
1452,1464
1449,1441
1455,1451
1482,1442
1484,1460
1500,1454
1489,1452
1457,1467
1469,1441
1463,1453
1485,1464
1461,1455
1435,1461
1450,1460
1521,1463
1464,1443
1500,1455
1462,1468
1466,1467
1472,1469
1471,1484
1426,1454
1464,1463
1449,1458
1463,1474
1474,1456
1467,1454
1468,1465
1457,1455
1475,1447
1497,1447
1461,1474
1502,1446
1480,1467
1452,1423
1443,1451
1474,1452
1446,1490
1455,1490
1452,1455
1474,1443
1468,1471
1472,1463
1498,1441
1467,1449
1449,1447
1464,1452
1437,1455
1476,1415
1452,1450
1441,1444
1475,1439
1454,1452
1472,1453
1436,1437
1460,1445
1463,1432
1458,1438
1455,1425
1466,1444
1446,1418
1446,1413
1465,1413
1456,1417
1469,1429
1426,1419
1427,1445
1451,1439
1441,1420
1473,1421
1448,1403
1435,1415
1455,1416
1442,1418
1446,1413
1413,1406
1418,1414
1433,1408
1404,1395
1429,1398
1404,1366
1421,1397
1381,1378
1425,1408
1385,1408
1408,1384
1387,1393
1388,1411
1419,1378
1402,1401
1382,1361
1413,1377
1393,1373
1393,1380
1415,1383
1399,1374
1371,1382
1364,1365
1383,1404
1381,1371
1378,1375
1392,1387
1384,1370
1362,1389
1388,1386
1397,1356
1354,1365
1361,1373
1358,1348
1343,1353
1365,1364
1384,1335
1366,1339
1368,1342
1347,1343
1378,1368
1394,1335
1353,1373
1377,1367
1353,1351
1347,1318
1316,1349
1371,1353
1380,1327
1340,1361
1362,1367
1313,1327
1306,1360
1324,1336
1328,1326
1325,1307
1335,1334
1348,1326
1313,1325
1324,1330
1344,1330
1344,1351
1333,1328
1311,1323
1326,1351
1345,1319
1335,1349
1324,1334
1368,1332
1313,1303
1316,1350
1324,1337
1328,1344
1342,1343
1335,1323
1312,1318
1305,1371
1328,1324
1346,1329
1349,1376
1324,1317
1317,1329
1321,1347
1313,1323
1342,1311
1343,1351
1335,1352
1308,1360
1342,1356
1334,1314
1307,1332
1323,1364
1331,1350
1280,1344
1327,1356
1322,1339
1323,1346
1320,1341
1354,1381
1366,1374
1377,1362
1345,1340
1309,1360
1331,1359
1345,1342
1358,1345
1358,1366
1368,1364
1333,1379
1357,1362
1334,1337
1374,1370
1366,1371
1334,1349
1319,1341
1321,1352
1358,1360
1351,1393
1319,1396
1331,1386
1381,1370
1384,1375
1371,1394
1351,1397
1368,1373
1361,1383
1378,1363
1391,1376
1354,1374
1371,1370
1358,1395
1409,1383
1354,1409
1393,1407
1376,1426
1377,1408
1360,1400
1398,1401
1417,1399
1379,1396
1405,1443
1433,1410
1407,1402
1404,1414
1403,1415
1397,1401
1406,1431
1376,1421
1450,1426
1416,1410
1416,1433
1418,1391
1398,1411
1405,1439
1400,1418
1430,1419
1429,1421
1462,1441
1407,1419
1425,1435
1424,1448
1449,1410
1434,1450
1411,1444
1409,1427
1445,1450
1425,1437
1436,1460
1440,1460
1451,1451
1479,1447
1457,1464
1436,1451
1437,1437
1455,1465
1468,1441
1478,1494
1447,1487
1451,1435
1441,1474
1459,1467
1478,1479
1487,1465
1451,1473
1472,1472
1473,1446
1457,1472
1496,1438
1438,1464
1466,1466
1498,1457
1467,1476
1469,1481
1447,1469
1481,1491
1446,1491
1463,1461
1482,1462
1451,1467
1487,1471
1463,1452
1466,1483
1456,1443
1514,1454
1479,1457
1447,1448
1464,1449
1467,1435
1488,1461
1527,1497
1496,1463
1488,1443
1473,1491
1501,1473
1515,1471
1509,1451
1472,1441
1443,1448
1459,1473
1467,1474
1490,1439
1466,1441
1491,1450
1438,1444
1485,1455
1447,1455
1501,1433
1434,1446
1441,1473
1433,1427
1445,1442
1458,1432
1477,1435
1444,1445
1457,1448
1469,1445
1454,1442
1462,1440
1451,1411
1466,1440
1455,1428
1447,1426
1463,1438
1451,1447
1457,1414
1462,1450
1442,1441
1471,1406
1456,1423
1436,1418
1434,1426
1403,1424
1420,1414
1445,1419
1441,1427
1404,1410
1434,1404
1450,1419
1419,1382
1407,1410
1381,1377
1398,1406
1399,1393
1410,1366
1415,1410
1415,1401
1448,1373
1428,1406
1408,1381
1432,1393
1442,1394
1379,1379
1407,1401
1381,1394
1409,1365
1424,1382
1383,1350
1401,1365
1401,1347
1360,1378
1375,1376
1416,1340
1396,1371
1379,1380
1368,1397
1362,1365
1358,1359
1378,1366
1363,1354
1365,1352
1381,1333
1337,1344
1379,1333
1358,1355
1340,1353
1365,1357
1364,1338
1332,1350
1368,1350
1350,1352
1325,1338
1389,1351
1347,1321
1344,1366
1354,1342
1331,1340
1308,1350
1319,1351
1322,1332
1320,1329
1358,1317
1360,1344
1308,1343
1331,1318
1350,1340
1291,1336
1335,1339
1332,1330
1344,1330
1333,1338
1292,1333
1347,1327
1342,1299
1333,1354
1339,1335
1321,1349
1312,1316
1326,1333
1335,1308
1332,1318
1330,1321
1331,1348
1340,1370
1349,1337
1326,1351
1297,1342
1351,1315
1340,1352
1297,1321
1321,1367
1322,1344
1314,1355
1332,1343
1321,1338
1356,1306
1324,1355
1324,1357
1316,1342
1320,1348
1324,1350
1319,1327
1352,1337
1294,1339
1317,1355
1315,1342
1338,1360
1327,1353
1341,1373
1362,1360
1306,1359
1292,1356
1333,1349
1347,1382
1357,1363
1324,1360
1346,1373
1335,1348
1342,1375
1347,1373
1351,1400
1345,1372
1339,1374
1373,1367
1348,1405
1382,1408
1353,1371
1356,1395
1365,1395
1371,1402
1364,1377
1370,1396
1373,1402
1361,1386
1389,1432
1383,1400
1356,1419
1367,1374
1369,1421
1395,1396
1353,1387
1392,1402
1422,1390
1361,1428
1371,1415
1392,1423
1398,1416
1408,1413
1394,1426
1408,1410
1372,1406
1420,1392
1380,1431
1409,1413
1396,1440
1408,1416
1423,1404
1411,1406
1405,1456
1401,1415
1463,1444
1405,1442
1422,1407
1419,1445
1421,1408
1406,1468
1433,1437
1419,1420
1412,1457
1451,1430
1453,1446
1437,1461
1431,1455
1422,1445
1431,1450
1446,1481
1445,1455
1458,1457
1480,1468
1445,1475
1445,1435
1465,1451
1459,1479
1465,1482
1441,1450
1495,1424
1466,1457
1443,1439
1457,1457
1435,1450
1482,1466
1490,1455
1499,1460
1483,1479
1468,1462
1508,1477
1490,1470
1492,1481
1491,1446
1456,1450
1491,1460
1475,1476
1480,1468
1455,1487
1486,1472
1463,1474
1499,1452
1504,1454
1479,1466
1489,1491
1460,1482
1486,1468
1462,1484
1527,1455
1478,1459
1485,1489
1473,1486
1464,1472
1504,1463
1437,1441
1486,1478
1489,1447
1445,1418
1486,1468
1484,1463
1479,1476
1469,1455
1495,1460
1475,1446
1488,1457
1490,1440
1476,1425
1449,1449
1443,1450
1461,1439
1454,1416
1472,1473
1472,1455
1449,1435
1466,1398
1453,1439
1430,1443
1449,1420
1457,1415
1474,1424
1470,1423
1451,1392
1442,1414
1430,1405
1470,1438
1476,1392
1443,1421
1420,1414
1447,1405
1435,1392
1434,1446
1435,1433
1446,1418
1442,1406
1430,1407
1428,1404
1384,1396
1427,1420
1437,1383
1437,1396
1396,1377
1397,1416
1402,1384
1391,1417
1387,1416
1400,1386
1413,1377
1422,1381
1382,1379
1385,1398
1375,1377
1370,1365
1381,1375
1382,1378
1379,1357
1412,1407
1419,1386
1352,1370
1397,1380
1372,1364
1361,1353
1380,1354
1355,1347
1374,1378
1364,1362
1394,1355
1362,1367
1356,1354
1387,1362
1367,1337
1377,1364
1352,1345
1343,1354
1349,1352
1355,1343
1329,1348
1363,1369
1341,1348
1339,1345
1343,1336
1326,1310
1330,1353
1336,1325
1343,1344
1310,1363
1330,1328
1344,1307
1342,1349
1320,1340
1352,1340
1336,1330
1332,1353
1306,1327
1359,1325
1363,1336
1331,1324
1316,1348
1313,1337
1327,1354
1334,1335
1329,1338
1309,1359
1324,1367
1269,1329
1326,1327
1330,1340
1287,1329
1332,1345
1303,1316
1344,1324
1346,1361
1320,1335
1329,1345
1325,1307
1345,1351
1324,1323
1335,1351
1341,1339
1317,1364
1319,1318
1318,1350
1326,1325
1315,1358
1337,1348
1319,1353
1320,1343
1315,1343
1321,1318
1328,1339
1328,1336
1344,1331
1322,1368
1342,1330
1320,1353
1335,1349
1335,1349
1375,1347
1361,1364
1377,1382
1366,1353
1339,1349
1326,1394
1343,1388
1368,1364
1298,1366
1335,1376
1338,1347
1340,1381
1373,1366
1365,1408
1328,1358
1337,1406
1338,1367
1367,1354
1364,1401
1365,1357
1357,1377
1373,1428
1354,1402
1370,1379
1393,1415
1360,1407
1383,1415
1431,1411
1394,1385
1373,1389
1385,1431
1377,1414
1389,1390
1363,1418
1386,1414
1410,1420
1422,1410
1401,1437
1375,1434
1406,1397
1415,1406
1382,1446
1398,1422
1435,1415
1416,1411
1419,1422
1440,1447
1422,1442
1394,1427
1436,1414
1456,1462
1420,1416
1469,1443
1469,1447
1433,1394
1477,1458
1440,1452
1414,1441
1426,1444
1452,1465
1427,1464
1440,1473
1457,1460
1431,1443
1462,1455
1466,1455
1434,1477
1471,1445
1443,1488
1429,1467
1487,1480
1476,1485
1440,1477
1482,1476
1468,1465
1483,1461
1463,1457
1452,1453
1475,1493
1490,1456
1513,1477
1463,1458
1467,1442
1488,1454
1450,1477
1485,1468
1492,1484
1445,1480
1507,1460
1472,1472
1467,1507
1495,1455
1457,1470
1470,1484
1508,1464
1473,1484
1468,1448
1480,1455
1483,1450
1505,1466
1515,1479
1497,1477
1498,1444
1480,1442
1501,1479
1471,1481
1475,1454
1487,1466
1495,1453
1512,1450
1503,1428
1482,1453
1485,1467
1495,1469
1478,1464
1473,1438
1490,1466
1462,1422
1470,1463
1479,1480
1475,1456
1492,1443
1446,1451
1464,1444
1468,1444
1422,1448
1454,1410
1467,1429
1457,1416
1476,1435
1460,1429
1464,1455
1437,1412
1426,1428
1458,1433
1452,1432
1499,1425
1443,1401
1419,1454
1429,1418
1456,1435
1429,1420
1444,1395
1435,1417
1420,1411
1401,1416
1408,1388
1411,1409
1434,1394
1391,1405
1390,1400
1417,1430
1481,1391
1440,1382
1415,1378
1409,1381
1388,1395
1392,1380
1411,1397
1450,1378
1388,1391
1424,1373
1408,1382
1401,1371
1382,1383
1409,1347
1399,1377
1384,1373
1352,1373
1418,1371
1399,1346
1350,1384
1371,1373
1343,1351
1390,1367
1369,1363
1373,1338
1351,1350
1392,1368
1336,1374
1329,1354
1358,1348
1376,1346
1320,1365
1359,1343
1377,1343
1326,1351
1344,1347
1345,1334
1364,1376
1344,1351
1363,1335
1346,1345
1340,1329
1330,1350
1330,1331
1317,1341
1343,1345
1316,1324
1329,1338
1334,1318
1343,1324
1320,1324
1340,1333
1322,1355
1326,1330
1311,1337
1315,1321
1349,1338
1308,1304
1339,1326
1305,1344
1350,1312
1311,1302
1317,1308
1344,1336
1305,1348
1344,1332
1330,1334
1318,1322
1316,1319
1312,1330
1331,1303
1339,1331
1309,1327
1297,1338
1323,1350
1327,1314
1322,1338
1305,1344
1321,1341
1349,1334
1334,1343
1299,1332
1321,1328
1328,1332
1314,1327
1312,1375
1316,1348
1314,1350
1315,1346
1330,1368
1331,1330
1321,1360
1317,1341
1331,1346
1326,1365
1331,1365
1324,1353
1325,1346
1314,1385
1337,1354
1340,1366
1299,1373
1329,1390
1339,1366
1355,1376
1372,1365
1358,1357
1381,1386
1341,1362
1366,1378
1335,1380
1377,1359
1361,1369
1349,1382
1352,1384
1367,1378
1340,1395
1344,1405
1385,1399
1372,1408
1394,1394
1396,1423
1362,1397
1348,1407
1357,1415
1364,1421
1410,1438
1397,1401
1398,1402
1373,1396
1406,1414
1368,1395
1395,1399
1382,1423
1413,1405
1399,1401
1418,1422
1407,1422
1405,1425
1439,1446
1423,1439
1428,1458
1425,1436
1423,1435
1427,1442
1425,1458
1434,1488
1426,1426
1445,1449
1438,1451
1440,1451
1454,1434
1416,1419
1404,1450
1453,1443
1483,1456
1453,1463
1437,1446
1462,1470
1453,1475
1457,1449
1454,1487
1483,1485
1497,1465
1448,1468
1435,1445
1467,1466
1446,1475
1484,1501
1497,1481
1469,1480
1501,1449
1490,1464
1490,1478
1498,1471
1464,1470
1489,1507
1465,1467
1488,1505
1480,1464
1484,1462
1488,1461
1463,1445
1496,1487
1465,1457
1508,1467
1470,1496
1481,1496
1493,1465
1481,1455
1478,1485
1477,1464
1446,1470
1480,1454
1485,1457
1495,1459
1479,1476
1482,1451
1485,1462
1486,1477
1455,1453
1494,1449
1510,1458
1487,1448
1497,1468
1499,1464
1491,1450
1455,1466
1465,1449
1448,1451
1462,1486
1464,1444
1478,1449
1454,1441
1441,1455
1441,1470
1469,1444
1464,1446
1447,1422
1463,1431
1492,1456
1496,1419
1471,1437
1452,1413
1438,1426
1447,1455
1456,1411
1446,1426
1416,1422
1466,1423
1423,1436
1433,1424
1452,1440
1431,1429
1435,1418
1433,1424
1417,1407
1424,1432
1391,1399
1436,1416
1450,1416
1424,1435
1445,1387
1416,1379
1406,1387
1414,1406
1380,1402
1408,1397
1388,1413
1403,1397
1388,1370
1400,1394
1454,1388
1414,1369
1388,1382
1410,1364
1414,1390
1363,1381
1373,1372
1394,1351
1390,1369
1352,1367
1391,1387
1361,1377
1403,1352
1363,1354
1379,1381
1320,1359
1326,1352
1376,1356
1367,1372
1366,1369
1383,1337
1350,1360
1368,1325
1341,1361
1325,1341
1342,1347
1349,1355
1342,1359
1376,1336
1332,1350
1348,1371
1319,1320
1338,1341
1305,1348
1368,1339
1323,1349
1349,1332
1345,1343
1360,1356
1343,1322
1331,1337
1337,1345
1342,1314
1329,1342
1312,1339
1312,1335
1318,1290
1351,1328
1321,1337
1362,1350
1338,1346
1314,1342
1306,1346
1355,1354
1330,1341
1320,1344
1303,1343
1324,1347
1311,1365
1333,1346
1314,1338
1298,1325
1319,1334
1307,1326
1341,1333
1336,1328
1295,1334
1328,1316
1321,1337
1297,1308
1285,1333
1324,1331
1322,1348
1299,1334
1346,1337
1321,1333
1291,1331
1331,1366
1370,1351
1343,1349
1315,1334
1341,1351
1338,1363
1302,1344
1343,1334
1328,1343
1368,1348
1352,1363
1337,1349
1305,1377
1311,1383
1366,1367
1347,1378
1318,1375
1326,1386
1354,1394
1362,1363
1333,1359
1357,1372
1339,1352
1378,1396
1355,1384
1379,1386
1372,1376
1353,1394
1374,1392
1357,1394
1358,1347
1352,1428
1399,1369
1392,1384
1370,1404
1362,1410
1376,1378
1393,1390
1362,1389
1406,1392
1362,1420
1378,1416
1359,1410
1332,1413
1365,1422
1411,1418
1376,1413
1444,1407
1401,1410
1397,1420
1415,1414
1441,1410
1420,1405
1414,1415
1400,1424
1407,1431
1441,1423
1409,1434
1417,1434
1418,1459
1414,1444
1426,1433
1426,1470
1425,1420
1442,1440
1409,1448
1451,1444
1462,1427
1450,1421
1435,1474
1435,1454
1457,1468
1452,1467
1457,1484
1446,1433
1482,1464
1477,1482
1429,1468
1444,1476
1459,1444
1438,1428
1475,1457
1454,1475
1469,1462
1486,1468
1486,1473
1509,1447
1457,1469
1464,1431
1510,1482
1454,1470
1419,1477
1483,1480
1475,1450
1498,1476
1462,1472
1497,1489
1464,1474
1474,1474
1474,1471
1490,1451
1482,1478
1486,1448
1493,1452
1486,1486
1502,1470
1493,1478
1466,1464
1490,1457
1490,1480
1491,1463
1485,1456
1493,1441
1486,1442
1483,1451
1454,1455
1515,1462
1473,1446
1460,1490
1457,1458
1478,1436
1457,1461
1472,1468
1448,1434
1462,1457
1486,1467
1461,1456
1445,1405
1480,1464
1466,1432
1497,1434
1457,1444
1470,1429
1466,1458
1475,1455
1459,1448
1474,1444
1439,1434
1446,1420
1473,1442
1473,1464
1443,1419
1448,1443
1465,1417
1421,1424
1461,1418
1449,1404
1442,1405
1465,1418
1473,1419
1445,1422
1435,1440
1433,1400
1405,1399
1426,1399
1426,1398
1443,1379
1425,1357
1406,1398
1427,1381
1432,1379
1408,1364
1402,1412
1409,1417
1425,1397
1410,1403
1376,1370
1399,1381
1386,1397
1402,1362
1383,1403
1387,1385
1388,1370
1415,1366
1363,1372
1385,1379
1393,1382
1347,1366
1371,1354
1372,1371
1363,1374
1359,1356
1365,1365
1352,1370
1349,1340
1344,1366
1365,1363
1347,1350
1350,1365
1335,1345
1372,1370
1359,1368
1345,1358
1366,1330
1323,1351
1320,1356
1358,1331
1342,1317
1352,1327
1315,1324
1333,1317
1330,1330
1318,1326
1330,1325
1362,1304
1346,1315
1341,1348
1318,1344
1327,1335
1316,1318
1328,1331
1338,1345
1353,1355
1297,1319
1360,1307
1347,1333
1342,1333
1312,1327
1304,1327
1319,1324
1319,1323
1305,1324
1333,1313
1337,1295
1305,1336
1316,1339
1321,1337
1309,1351
1295,1338
1342,1344
1323,1316
1327,1322
1355,1320
1332,1329
1311,1354
1303,1347
1310,1342
1326,1348
1336,1341
1331,1332
1353,1325
1306,1338
1305,1353
1319,1329
1321,1348
1318,1344
1323,1327
1313,1329
1354,1341
1332,1324
1347,1357
1304,1372
1299,1325
1317,1379
1346,1337
1344,1338
1341,1357
1370,1329
1345,1380
1378,1402
1361,1337
1325,1390
1341,1333
1339,1368
1349,1367
1369,1369
1368,1388
1365,1382
1367,1379
1346,1397
1356,1380
1347,1360
1366,1373
1391,1404
1372,1365
1365,1375
1373,1392
1373,1369
1348,1410
1379,1393
1396,1342
1389,1389
1351,1380
1360,1401
1376,1403
1382,1407
1397,1403
1389,1413
1400,1427
1386,1404
1374,1426
1395,1402
1407,1419
1430,1438
1426,1449
1406,1426
1410,1441
1421,1415
1405,1430
1406,1419
1435,1461
1455,1458
1388,1442
1438,1449
1446,1426
1455,1434
1418,1435
1444,1446
1448,1451
1423,1443
1435,1452
1452,1459
1460,1467
1479,1447
1444,1446
1469,1423
1420,1462
1428,1480
1420,1441
1482,1446
1468,1477
1463,1497
1501,1479
1463,1464
1465,1450
1480,1456
1468,1479
1482,1474
1507,1463
1502,1457
1465,1493
1475,1476
1451,1482
1460,1459
1479,1442
1462,1489
1486,1457
1473,1466
1488,1448
1474,1475
1453,1478
1479,1477
1471,1463
1468,1448
1475,1474
1468,1461
1442,1491
1475,1456
1506,1481
1462,1486
1483,1482
1489,1473
1509,1465
1487,1454
1490,1487
1484,1447
1470,1472
1448,1468
1502,1481
1446,1456
1504,1440
1491,1473
1487,1460
1462,1470
1485,1450
1460,1440
1460,1465
1470,1462
1487,1459
1484,1469
1466,1446
1446,1470
1474,1473
1476,1446
1456,1450
1453,1435
1440,1432
1480,1433
1460,1472
1435,1436
1434,1468
1462,1423
1494,1431
1458,1424
1467,1416
1423,1420
1470,1429
1470,1427
1434,1441
1425,1409
1460,1429
1450,1416
1439,1401
1433,1419
1431,1394
1428,1417
1432,1431
1416,1393
1395,1423
1436,1389
1414,1370
1443,1407
1414,1385
1432,1391
1404,1382
1402,1408
1430,1391
1394,1401
1412,1369
1381,1394
1385,1373
1426,1377
1376,1349
1397,1419
1393,1374
1392,1378
1410,1372
1366,1370
1374,1374
1388,1361
1394,1344
1373,1353
1385,1345
1377,1338
1405,1366
1376,1365
1351,1348
1383,1358
1351,1345
1345,1357
1356,1355
1367,1351
1370,1347
1362,1327
1362,1335
1346,1352
1311,1352
1338,1344
1334,1340
1352,1328
1344,1354
1346,1338
1343,1356
1320,1353
1375,1334
1331,1327
1328,1334
1354,1322
1346,1358
1336,1324
1322,1329
1294,1357
1335,1317
1290,1312
1352,1319
1307,1321
1296,1362
1308,1342
1326,1319
1331,1360
1320,1322
1323,1326
1312,1358
1317,1358
1323,1338
1324,1344
1341,1316
1317,1335
1315,1334
1291,1346
1352,1334
1300,1321
1300,1359
1326,1328
1318,1363
1326,1351
1281,1324
1305,1303
1306,1345
1301,1328
1310,1336
1333,1329
1305,1343
1330,1336
1291,1339
1321,1341
1298,1307
1328,1333
1309,1330
1357,1339
1333,1360
1318,1376
1315,1370
1319,1378
1312,1366
1320,1369
1359,1347
1338,1369
1332,1354
1350,1360
1340,1341
1348,1368
1345,1365
1327,1365
1360,1391
1340,1339
1361,1375
1354,1372
1363,1359
1349,1393
1356,1363
1357,1381
1374,1397
1363,1401
1393,1374
1379,1408
1376,1402
1364,1396
1395,1394
1368,1399
1362,1423
1359,1413
1389,1365
1365,1404
1377,1397
1384,1419
1427,1381
1390,1421
1389,1415
1423,1419
1400,1403
1394,1409
1402,1403
1414,1401
1415,1437
1426,1423
1373,1421
1392,1400
1423,1407
1415,1435
1415,1432
1417,1431
1391,1420
1429,1433
1448,1428
1438,1434
1436,1463
1440,1432
1439,1467
1427,1458
1464,1439
1440,1444
1453,1446
1445,1479
1440,1440
1442,1428
1421,1467
1435,1462
1431,1445
1430,1458
1450,1461
1479,1457
1443,1472
1456,1474
1461,1469
1466,1472
1466,1450
1409,1466
1470,1481
1478,1449
1479,1471
1451,1473
1453,1473
1487,1460
1464,1455
1478,1470
1494,1465
1478,1468
1485,1443
1430,1456
1464,1462
1479,1436
1520,1463
1486,1479
1499,1497
1480,1479
1502,1495
1502,1444
1468,1508
1500,1459
1467,1469
1489,1485
1448,1453
1488,1465
1465,1449
1490,1467
1510,1496
1492,1444
1477,1484
1459,1438
1497,1482
1492,1446
1473,1445
1478,1454
1466,1472
1476,1461
1476,1455
1475,1472
1455,1458
1491,1452
1473,1461
1494,1449
1478,1457
1464,1432
1466,1422
1468,1433
1490,1428
1474,1446
1442,1438
1463,1439
1470,1466
1497,1447
1469,1443
1464,1415
1465,1431
1451,1434
1470,1455
1450,1433
1454,1401
1434,1417
1466,1451
1430,1417
1415,1401
1420,1409
1430,1398
1447,1424
1461,1419
1440,1416
1453,1396
1418,1407
1433,1402
1456,1432
1434,1391
1405,1383
1413,1393
1433,1391
1419,1402
1410,1373
1390,1381
1391,1422
1400,1391
1394,1358
1424,1389
1404,1381
1391,1366
1387,1373
1381,1366
1385,1353
1368,1385
1431,1385
1382,1361
1370,1390
1380,1369
1392,1399
1380,1358
1378,1344
1370,1358
1398,1363
1387,1395
1321,1333
1349,1347
1338,1346
1334,1354
1356,1361
1359,1337
1371,1359
1348,1349
1367,1341
1361,1345
1402,1330
1344,1353
1325,1331
1343,1333
1332,1339
1343,1338
1374,1354
1306,1364
1360,1329
1347,1332
1340,1336
1370,1369
1346,1327
1342,1331
1297,1349
1344,1348
1288,1339
1304,1356
1335,1318
1364,1336
1331,1315
1334,1355
1310,1325
1325,1346
1314,1325
1334,1347
1316,1323
1294,1353
1316,1333
1312,1327
1314,1334
1339,1326
1299,1330
1325,1330
1296,1312
1319,1364
1330,1347
1332,1337
1329,1321
1316,1337
1306,1342
1318,1342
1347,1352
1327,1331
1310,1322
1335,1341
1338,1360
1301,1353
1365,1324
1322,1346
1324,1350
1353,1315
1332,1350
1323,1353
1351,1355
1287,1348
1321,1355
1307,1360
1333,1371
1326,1351
1347,1335
1335,1374
1310,1352
1329,1359
1322,1355
1344,1383
1331,1362
1328,1372
1351,1359
1355,1407
1351,1380
1354,1372
1332,1369
1380,1389
1362,1409
1374,1392
1373,1408
1378,1390
1384,1400
1384,1407
1388,1386
1391,1395
1350,1375
1365,1427
1386,1393
1395,1393
1377,1421
1389,1411
1363,1394
1410,1416
1384,1432
1422,1392
1407,1397
1386,1405
1394,1421
1371,1438
1410,1419
1394,1433
1383,1404
1394,1414
1408,1445
1407,1429
1428,1455
1435,1447
1430,1444
1418,1415
1426,1419
1412,1448
1410,1451
1429,1433
1423,1418
1419,1435
1433,1433
1439,1430
1432,1450
1433,1422
1441,1446
1436,1453
1433,1460
1473,1459
1460,1483
1449,1467
1423,1420
1447,1462
1472,1467
1460,1451
1463,1482
1458,1460
1487,1490
1466,1477
1467,1469
1448,1446
1492,1457
1474,1474
1466,1477
1453,1480
1465,1426
1451,1496
1468,1440
1484,1490
1465,1456
1453,1459
1484,1472
1490,1480
1483,1490
1457,1457
1492,1483
1485,1446
1504,1468
1465,1445
1471,1471
1477,1473
1491,1457
1512,1483
1485,1447
1482,1451
1486,1468
1495,1492
1449,1479
1477,1462
1490,1430
1489,1465
1490,1449
1463,1465
1465,1448
1465,1454
1486,1432
1437,1450
1484,1462
1468,1463
1440,1446
1477,1456
1481,1436
1486,1441
1454,1419
1469,1463
1440,1443
1472,1449
1472,1417
1460,1433
1459,1455
1472,1462
1460,1451
1485,1441
1453,1453
1436,1418
1408,1408
1452,1425
1439,1432
1442,1421
1457,1397
1429,1403
1430,1436
1457,1410
1413,1419
1417,1437
1431,1417
1426,1421
1434,1405
1467,1415
1448,1404
1396,1394
1453,1416
1399,1403
1378,1411
1410,1409
1411,1415
1394,1389
1432,1396
1416,1390
1399,1399
1414,1386
1405,1399
1421,1377
1382,1378
1436,1378
1409,1387
1387,1367
1393,1375
1394,1383
1372,1380
1406,1380
1377,1359
1347,1335
1375,1362
1383,1355
1390,1341
1365,1354
1382,1358
1406,1379
1362,1337
1391,1371
1345,1356
1370,1352
1366,1369
1380,1353
1376,1368
1371,1358
1354,1327
1340,1317
1365,1338
1338,1349
1372,1337
1328,1344
1349,1334
1357,1335
1352,1334
1356,1363
1337,1350
1342,1351
1339,1361
1344,1332
1336,1322
1351,1352
1318,1344
1338,1361
1344,1326
1318,1331
1323,1354
1353,1334
1343,1335
1320,1325
1315,1315
1305,1337
1323,1319
1308,1348
1310,1331
1265,1325
1338,1303
1305,1360
1310,1347
1327,1343
1323,1340
1306,1347
1318,1372
1305,1343
1302,1343
1306,1329
1314,1334
1345,1342
1309,1364
1318,1317
1349,1328
1299,1321
1341,1335
1324,1361
1331,1341
1322,1361
1307,1383
1319,1361
1338,1369
1325,1350
1333,1371
1324,1337
1337,1353
1347,1340
1328,1382
1327,1377
1324,1394
1346,1332
1331,1360
1334,1374
1372,1358
1360,1363
1337,1344
1307,1351
1325,1391
1381,1378
1373,1362
1356,1369
1353,1370
1344,1386
1335,1381
1338,1367
1362,1376
1385,1373
1355,1353
1314,1380
1346,1378
1358,1426
1398,1392
1339,1395
1359,1390
1385,1403
1369,1384
1405,1415
1369,1397
1409,1410
1360,1395
1383,1432
1394,1405
1388,1442
1409,1426
1410,1401
1418,1419
1406,1430
1409,1417
1416,1422
1398,1416
1401,1433
1406,1438
1428,1441
1439,1429
1396,1401
1387,1441
1421,1421
1419,1405
1406,1435
1400,1432
1432,1462
1428,1455
1446,1447
1416,1429
1425,1445
1440,1434
1460,1429
1437,1456
1413,1462
1445,1447
1438,1451
1447,1455
1434,1452
1425,1446
1487,1446
1418,1477
1465,1444
1427,1456
1445,1475
1476,1475
1451,1457
1461,1444
1469,1466
1496,1466
1518,1435
1465,1481
1439,1468
1458,1475
1476,1429
1490,1450
1474,1466
1464,1459
1474,1476
1487,1458
1453,1470
1481,1466
1486,1474
1491,1448
1470,1465
1480,1472
1472,1441
1505,1451
1473,1451
1472,1462
1498,1458
1462,1479
1477,1458
1484,1470
1473,1455
1469,1476
1467,1463
1478,1476
1480,1466
1476,1463
1461,1467
1479,1457
1483,1442
1503,1460
1444,1473
1464,1458
1523,1446
1474,1448
1491,1429
1434,1448
1474,1447
1477,1469
1440,1471
1477,1450
1456,1454
1430,1443
1471,1439
1450,1427
1455,1433
1461,1427
1456,1411
1478,1450
1457,1422
1421,1415
1459,1433
1447,1429
1455,1418
1460,1407
1458,1403
1431,1407
1432,1385
1424,1402
1427,1399
1442,1401
1441,1391
1429,1405
1447,1422
1403,1423
1413,1409
1451,1401
1410,1398
1423,1417
1453,1402
1414,1412
1434,1389
1409,1363
1401,1397
1411,1379
1431,1395
1378,1367
1413,1408
1409,1391
1403,1389
1384,1377
1391,1414
1403,1370
1383,1412
1401,1370
1363,1356
1379,1366
1376,1382
1383,1369
1408,1351
1376,1402
1333,1334
1373,1348
1417,1333
1378,1346
1399,1380
1361,1367
1388,1373
1365,1353
1388,1351
1346,1364
1355,1335
1351,1374
1346,1369
1403,1355
1333,1358
1375,1338
1322,1364
1364,1332
1338,1339
1321,1342
1314,1323
1335,1348
1354,1364
1347,1357
1346,1326
1308,1343
1345,1347
1333,1334
1369,1335
1309,1341
1323,1303
1361,1326
1319,1336
1338,1350
1323,1337
1333,1331
1297,1347
1311,1337
1318,1332
1322,1318
1330,1316
1339,1321
1316,1344
1311,1330
1315,1345
1304,1356
1343,1334
1356,1317
1338,1331
1353,1339
1351,1322
1312,1318
1326,1350
1328,1332
1316,1331
1331,1346
1297,1339
1317,1338
1312,1347
1328,1353
1320,1346
1310,1334
1364,1328
1298,1348
1319,1357
1311,1362
1329,1360
1343,1353
1322,1368
1342,1346
1321,1355
1337,1348
1337,1343
1338,1327
1329,1363
1350,1364
1335,1334
1360,1373
1326,1330
1333,1362
1363,1356
1369,1354
1353,1370
1352,1364
1396,1389
1359,1365
1370,1380
1342,1358
1377,1360
1380,1358
1364,1385
1350,1374
1389,1425
1360,1382
1369,1424
1406,1396
1351,1416
1407,1391
1417,1416
1388,1389
1394,1397
1381,1407
1355,1415
1380,1418
1438,1405
1387,1401
1390,1389
1402,1391
1409,1429
1405,1407
1396,1421
1422,1419
1426,1427
1407,1423
1420,1424
1396,1421
1421,1420
1421,1439
1421,1429
1392,1427
1404,1410
1445,1424
1419,1429
1422,1450
1426,1445
1441,1425
1436,1424
1437,1453
1412,1462
1439,1444
1402,1452
1443,1449
1417,1446
1440,1445
1440,1431
1459,1442
1452,1439
1434,1476
1461,1450
1459,1460
1436,1457
1453,1453
1462,1439
1480,1486
1461,1450
1450,1455
1468,1501
1456,1428
1482,1427
1449,1465
1466,1441
1472,1459
1476,1465
1483,1467
1507,1445
1466,1456
1487,1461
1475,1463
1476,1459
1468,1440
1494,1482
1468,1449
1512,1457
1456,1459
1494,1461
1425,1441
1442,1447
1486,1434
1485,1479
1468,1481
1478,1463
1483,1454
1454,1455
1461,1432
1489,1472
1442,1463
1475,1450
1457,1451
1442,1457
1477,1468
1420,1464
1475,1446
1458,1438
1465,1462
1458,1438
1508,1452
1474,1453
1467,1434
1463,1456
1489,1440
1477,1458
1463,1448
1471,1463
1452,1457
1476,1451
1462,1430
1446,1450
1455,1443
1445,1440
1471,1436
1490,1453
1456,1438
1452,1421
1424,1455
1439,1434
1436,1428
1432,1416
1471,1400
1436,1421
1461,1408
1424,1416
1412,1429
1470,1421
1419,1417
1430,1420
1458,1425
1427,1393
1445,1396
1422,1432
1430,1411
1392,1420
1418,1382
1427,1371
1405,1375
1421,1411
1413,1417
1408,1388
1425,1395
1425,1405
1391,1378
1411,1390
1407,1379
1430,1361
1400,1356
1405,1389
1424,1358
1393,1374
1415,1393
1391,1384
1387,1369
1374,1375
1403,1368
1368,1389
1372,1381
1362,1373
1379,1349
1366,1348
1394,1335
1421,1339
1357,1343
1350,1384
1373,1356
1351,1336
1366,1367
1364,1375
1347,1362
1350,1375
1364,1334
1366,1350
1323,1364
1324,1363
1351,1348
1333,1355
1332,1367
1356,1344
1322,1359
1356,1338
1374,1350
1334,1321
1382,1355
1340,1339
1377,1321
1328,1334
1336,1335
1328,1333
1326,1348
1313,1337
1314,1334
1348,1366
1350,1353
1351,1317
1306,1367
1354,1337
1331,1332
1342,1336
1320,1334
1315,1326
1333,1348
1349,1318
1327,1322
1291,1286
1302,1332
1293,1348
1312,1346
1345,1337
1340,1349
1316,1327
1350,1345
1345,1336
1338,1347
1333,1337
1338,1347
1355,1339
1325,1337
1363,1324
1375,1348
1354,1332
1345,1364
1357,1375
1306,1355
1333,1379
1327,1346
1316,1363
1328,1324
1351,1378
1352,1365
1357,1350
1324,1364
1342,1339
1336,1352
1349,1372
1328,1391
1349,1363
1360,1348
1336,1369
1370,1371
1349,1358
1314,1367
1343,1344
1356,1372
1337,1372
1371,1387
1358,1408
1389,1367
1384,1397
1351,1383
1360,1376
1352,1382
1363,1398
1410,1400
1379,1386
1391,1382
1379,1381
1405,1410
1387,1398
1408,1404
1380,1419
1378,1387
1374,1393
1372,1414
1403,1416
1391,1405
1414,1393
1425,1424
1409,1413
1404,1421
1397,1424
1390,1422
1404,1418
1411,1391
1405,1428
1380,1418
1406,1431
1407,1435
1416,1440
1434,1427
1411,1447
1427,1421
1403,1441
1422,1451
1402,1412
1438,1423
1433,1468
1427,1410
1453,1455
1464,1452
1460,1460
1495,1459
1459,1464
1461,1441
1398,1426
1419,1436
1458,1437
1465,1456
1468,1426
1429,1440
1442,1410
1462,1476
1400,1461
1454,1443
1450,1442
1467,1446
1464,1466
1431,1457
1479,1450
1437,1501
1457,1472
1468,1457
1439,1441
1430,1451
1454,1452
1431,1450
1455,1480
1443,1485
1451,1446
1465,1467
1445,1452
1460,1464
1457,1454
1498,1448
1469,1446
1474,1446
1444,1481
1461,1463
1470,1462
1469,1478
1466,1465
1453,1462
1471,1459
1464,1477
1477,1464
1469,1433
1497,1463
1468,1472
1430,1429
1480,1421
1460,1478
1458,1444
1474,1473
1460,1431
1443,1447
1468,1471
1462,1465
1467,1482
1473,1440
1457,1437
1445,1424
1477,1450
1464,1444
1480,1429
1487,1409
1448,1461
1463,1444
1477,1440
1462,1414
1436,1427
1446,1438
1473,1422
1416,1414
1412,1437
1437,1431
1432,1434
1418,1420
1450,1411
1437,1432
1436,1445
1435,1411
1480,1421
1443,1427
1446,1438
1423,1379
1413,1370
1416,1414
1384,1406
1419,1435
1424,1401
1405,1412
1436,1437
1402,1409
1405,1396
1412,1375
1393,1388
1406,1411
1403,1409
1412,1425
1402,1403
1413,1376
1410,1392
1420,1382
1397,1392
1423,1402
1383,1397
1408,1366
1351,1370
1372,1389
1403,1382
1398,1385
1379,1378
1383,1351
1392,1387
1389,1372
1403,1362
1358,1382
1406,1338
1370,1351
1360,1370
1393,1355
1352,1354
1360,1341
1388,1370
1341,1354
1355,1363
1363,1355
1359,1343
1373,1362
1353,1371
1362,1345
1350,1341
1333,1343
1325,1356
1393,1328
1340,1351
1373,1333
1341,1333
1359,1324
1336,1326
1350,1349
1328,1349
1342,1366
1349,1363
1343,1326
1351,1340
1332,1329
1330,1351
1331,1347
1315,1371
1364,1352
1336,1335
1339,1331
1334,1321
1325,1339
1296,1351
1350,1343
1338,1337
1313,1319
1318,1334
1338,1335
1336,1332
1316,1336
1317,1342
1300,1347
1307,1350
1359,1306
1305,1359
1373,1345
1338,1352
1340,1343
1321,1325
1340,1340
1309,1354
1331,1365
1301,1342
1339,1364
1340,1364
1335,1359
1334,1356
1353,1344
1361,1326
1317,1362
1372,1347
1361,1344
1334,1386
1330,1348
1309,1372
1297,1341
1339,1367
1340,1368
1339,1355
1329,1362
1339,1371
1348,1355
1354,1391
1328,1382
1331,1364
1365,1365
1343,1392
1367,1390
1360,1386
1351,1380
1356,1392
1377,1373
1360,1396
1343,1403
1364,1357
1370,1402
1390,1399
1370,1400
1373,1394
1366,1399
1400,1406
1327,1379
1376,1401
1390,1411
1421,1413
1381,1439
1354,1393
1364,1427
1385,1415
1382,1427
1365,1423
1430,1433
1427,1398
1396,1421
1415,1414
1392,1406
1382,1412
1412,1406
1404,1427
1435,1418
1406,1416
1409,1410
1378,1409
1421,1456
1412,1422
1425,1432
1412,1434
1408,1441
1435,1414
1458,1468
1436,1473
1439,1445
1436,1427
1415,1415
1392,1457
1442,1481
1438,1423
1429,1429
1419,1445
1462,1439
1464,1455
1442,1459
1457,1472
1442,1447
1455,1452
1468,1457
1450,1458
1451,1471
1446,1452
1461,1482
1463,1464
1444,1447
1443,1467
1439,1458
1472,1449
1464,1477
1450,1464
1485,1466
1420,1444
1468,1428
1442,1450
1475,1484
1462,1459
1461,1468
1455,1485
1502,1458
1488,1414
1472,1461
1483,1435
1499,1464
1470,1452
1459,1433
1450,1453
1480,1460
1487,1477
1479,1441
1476,1454
1479,1447
1465,1440
1484,1458
1475,1463
1452,1476
1471,1444
1469,1453
1478,1446
1461,1460
1480,1479
1458,1446
1427,1421
1465,1484
1497,1426
1485,1451
1480,1435
1460,1443
1470,1467
1477,1460
1472,1453
1440,1433
1470,1446
1412,1451
1442,1443
1493,1449
1487,1413
1435,1437
1450,1431
1433,1453
1447,1445
1442,1420
1434,1427
1466,1455
1460,1405
1447,1414
1445,1417
1441,1419
1446,1426
1411,1420
1452,1411
1432,1388
1415,1420
1461,1416
1420,1410
1436,1410
1427,1420
1408,1419
1368,1410
1424,1395
1422,1391
1419,1418
1412,1394
1403,1410
1432,1407
1421,1403
1411,1362
1385,1371
1424,1380
1376,1411
1401,1366
1415,1396
1385,1365
1355,1384
1386,1396
1399,1382
1391,1368
1395,1364
1366,1388
1400,1345
1392,1385
1382,1368
1391,1385
1389,1360
1379,1364
1370,1388
1383,1374
1383,1373
1378,1375
1359,1355
1366,1346
1361,1364
1354,1347
1354,1350
1398,1353
1363,1350
1358,1356
1361,1337
1368,1329
1367,1345
1362,1330
1356,1343
1342,1357
1332,1349
1370,1342
1327,1357
1348,1353
1334,1332
1328,1371
1305,1345
1333,1348
1337,1360
1333,1376
1363,1334
1336,1364
1367,1364
1383,1330
1337,1313
1337,1355
1320,1332
1355,1342
1322,1348
1333,1323
1364,1329
1361,1343
1355,1352
1335,1367
1330,1362
1343,1343
1376,1343
1356,1332
1339,1342
1306,1326
1341,1341
1329,1359
1343,1340
1353,1363
1332,1346
1343,1322
1339,1330
1368,1352
1311,1346
1341,1352
1362,1354
1335,1351
1348,1357
1339,1355
1333,1342
1321,1357
1309,1325
1344,1363
1330,1378
1347,1366
1355,1357
1347,1371
1367,1371
1358,1365
1364,1381
1337,1359
1335,1374
1322,1368
1356,1375
1333,1372
1389,1383
1333,1339
1347,1361
1367,1373
1345,1394
1343,1387
1377,1385
1388,1401
1343,1399
1360,1376
1360,1350
1393,1370
1364,1349
1364,1372
1362,1398
1379,1385
1379,1383
1356,1389
1376,1387
1383,1404
1421,1407
1368,1406
1359,1407
1396,1394
1369,1438
1343,1409
1378,1426
1429,1433
1389,1409
1417,1409
1392,1419
1383,1420
1384,1404
1395,1389
1401,1379
1404,1435
1409,1412
1428,1425
1390,1421
1397,1374
1403,1436
1436,1406
1401,1437
1421,1410
1413,1454
1445,1461
1434,1461
1410,1441
1411,1427
1432,1426
1425,1425
1428,1450
1456,1456
1423,1432
1432,1406
1423,1459
1454,1434
1475,1421
1432,1457
1417,1436
1422,1422
1448,1447
1438,1444
1470,1441
1444,1412
1422,1454
1468,1437
1431,1458
1428,1452
1442,1459
1447,1425
1448,1414
1423,1446
1463,1464
1474,1455
1435,1456
1410,1450
1458,1457
1462,1454
1472,1443
1472,1446
1450,1490
1478,1461
1470,1429
1451,1440
1461,1453
1452,1460
1464,1454
1451,1466
1476,1453
1466,1450
1442,1436
1410,1445
1497,1457
1461,1459
1429,1425
1475,1442
1457,1439
1462,1438
1460,1442
1464,1472
1461,1424
1489,1460
1492,1454
1467,1445
1443,1430
1445,1426
1436,1454
1450,1454
1449,1442
1456,1453
1456,1451
1431,1459
1455,1428
1469,1446
1430,1447
1473,1449
1444,1433
1430,1415
1439,1432
1490,1418
1455,1430
1450,1449
1435,1443
1456,1430
1492,1448
1414,1436
1450,1433
1438,1434
1463,1417
1460,1407
1430,1432
1416,1433
1435,1410
1439,1410
1445,1403
1429,1426
1451,1418
1441,1428
1435,1383
1404,1424
1420,1423
1441,1422
1425,1391
1446,1414
1412,1402
1420,1390
1405,1390
1408,1393
1420,1398
1447,1383
1428,1419
1436,1420
1407,1381
1386,1385
1395,1380
1417,1412
1390,1388
1399,1367
1404,1379
1416,1390
1427,1385
1383,1388
1411,1381
1408,1352
1402,1379
1366,1376
1362,1384
1385,1382
1398,1366
1365,1359
1344,1365
1377,1373
1398,1386
1376,1351
1371,1345
1356,1347
1341,1360
1334,1365
1411,1359
1362,1377
1363,1361
1348,1358
1371,1366
1365,1367
1392,1368
1378,1365
1371,1371
1361,1341
1382,1345
1361,1363
1327,1338
1362,1359
1353,1374
1371,1342
1345,1355
1334,1356
1362,1330
1348,1343
1330,1355
1371,1364
1328,1384
1353,1373
1363,1347
1326,1357
1334,1333
1330,1374
1349,1326
1303,1323
1344,1340
1326,1364
1315,1330
1321,1351
1328,1348
1302,1324
1340,1345
1357,1329
1321,1369
1350,1342
1313,1350
1335,1343
1342,1334
1313,1363
1359,1328
1347,1327
1321,1356
1354,1363
1334,1345
1327,1350
1316,1359
1328,1351
1332,1338
1351,1348
1354,1350
1302,1399
1324,1357
1325,1341
1347,1350
1343,1373
1375,1358
1359,1349
1292,1364
1354,1370
1351,1369
1354,1359
1324,1317
1336,1386
1351,1363
1343,1385
1337,1377
1358,1374
1363,1368
1357,1359
1348,1389
1358,1391
1343,1362
1366,1354
1358,1380
1395,1356
1371,1399
1364,1389
1362,1401
1372,1371
1362,1378
1369,1416
1380,1408
1376,1362
1365,1350
1372,1374
1377,1371
1380,1410
1393,1375
1379,1393
1341,1399
1363,1382
1419,1406
1414,1387
1426,1419
1402,1396
1364,1415
1408,1400
1389,1408
1402,1426
1376,1412
1408,1395
1393,1421
1402,1415
1400,1423
1397,1404
1403,1408
1436,1413
1409,1397
1389,1426
1398,1425
1412,1406
1420,1427
1367,1423
1405,1448
1428,1439
1439,1403
1449,1450
1399,1428
1438,1430
1457,1429
1407,1467
1423,1439
1436,1434
1400,1454
1414,1414
1424,1414
1445,1445
1443,1412
1439,1430
1442,1434
1447,1457
1437,1436
1428,1442
1445,1457
1486,1457
1454,1431
1457,1462
1423,1451
1442,1445
1434,1410
1461,1459
1446,1474
1464,1447
1475,1466
1425,1468
1480,1468
1463,1442
1454,1469
1459,1445
1449,1443
1459,1461
1465,1426
1472,1435
1460,1461
1420,1461
1452,1454
1455,1448
1448,1460
1434,1458
1440,1466
1439,1451
1442,1417
1441,1448
1484,1459
1453,1464
1471,1434
1460,1441
1478,1445
1453,1452
1463,1447
1464,1451
1438,1449
1452,1423
1425,1430
1486,1452
1445,1424
1472,1440
1442,1457
1481,1451
1447,1456
1470,1421
1472,1459
1432,1463
1443,1425
1445,1404
1458,1437
1475,1435
1420,1461
1455,1416
1471,1445
1443,1455
1397,1417
1451,1428
1436,1393
1430,1408
1407,1452
1466,1409
1425,1455
1423,1437
1435,1420
1448,1460
1408,1425
1456,1413
1411,1425
1448,1424
1441,1437
1377,1436
1445,1430
1455,1420
1419,1420
1448,1424
1417,1405
1422,1425
1416,1388
1417,1405
1440,1409
1388,1415
1443,1399
1412,1419
1428,1454
1402,1393
1409,1419
1418,1417
1399,1410
1405,1396
1405,1383
1414,1401
1419,1366
1418,1382
1404,1377
1432,1369
1429,1395
1412,1386
1399,1386
1384,1402
1388,1405
1384,1375
1365,1357
1385,1403
1369,1356
1381,1384
1383,1386
1359,1367
1397,1383
1406,1377
1355,1348
1379,1378
1387,1371
1377,1358
1402,1367
1374,1379
1390,1386
1389,1384
1389,1382
1349,1372
1379,1381
1342,1387
1387,1356
1361,1386
1335,1357
1350,1359
1351,1365
1386,1363
1363,1372
1349,1344
1364,1369
1379,1358
1373,1381
1337,1377
1343,1352
1327,1360
1338,1347
1359,1346
1329,1359
1335,1337
1370,1323
1328,1362
1315,1357
1339,1349
1361,1335
1349,1355
1330,1373
1350,1358
1329,1340
1327,1351
1308,1339
1361,1350
1363,1355
1354,1360
1340,1349
1348,1335
1370,1348
1350,1358
1319,1352
1344,1352
1360,1365
1354,1367
1356,1316
1356,1363
1353,1356
1322,1361
1345,1367
1340,1343
1339,1369
1343,1377
1307,1353
1342,1364
1345,1333
1364,1356
1359,1358
1345,1353
1362,1355
1386,1349
1354,1372
1345,1380
1370,1355
1372,1363
1367,1330
1343,1343
1356,1368
1361,1363
1351,1365
1374,1389
1346,1367
1338,1360
1341,1374
1362,1406
1346,1359
1368,1369
1346,1365
1363,1398
1369,1363
1355,1379
1346,1359
1343,1368
1352,1382
1346,1403
1384,1389
1374,1371
1408,1392
1358,1365
1392,1378
1327,1355
1382,1392
1395,1397
1400,1396
1391,1404
1354,1375
1389,1387
1344,1393
1403,1394
1397,1382
1414,1419
1361,1420
1386,1445
1406,1418
1404,1412
1398,1396
1417,1415
1437,1401
1410,1423
1410,1423
1419,1390
1399,1426
1405,1415
1405,1403
1406,1425
1446,1417
1411,1436
1399,1415
1430,1431
1401,1413
1424,1440
1405,1432
1398,1438
1395,1416
1435,1440
1410,1415
1449,1413
1430,1421
1452,1428
1421,1431
1426,1442
1431,1447
1439,1443
1423,1452
1434,1440
1460,1428
1434,1424
1430,1425
1450,1430
1430,1457
1430,1434
1427,1452
1412,1422
1434,1436
1457,1442
1470,1433
1409,1460
1453,1448
1436,1443
1460,1473
1452,1462
1428,1444
1416,1453
1442,1458
1434,1460
1450,1459
1439,1430
1445,1441
1460,1459
1481,1422
1455,1443
1473,1465
1461,1448
1450,1444
1451,1463
1413,1474
1472,1439
1460,1459
1472,1449
1470,1454
1453,1462
1458,1440
1483,1434
1437,1440
1457,1456
1467,1459
1419,1464
1425,1434
1464,1461
1446,1447
1456,1486
1454,1468
1433,1431
1467,1437
1473,1480
1437,1455
1415,1427
1429,1426
1456,1455
1440,1447
1432,1421
1434,1424
1461,1463
1433,1423
1454,1449
1453,1425
1453,1430
1450,1414
1464,1439
1443,1414
1467,1390
1456,1434
1440,1442
1456,1412
1450,1442
1427,1427
1442,1412
1439,1427
1458,1438
1441,1437
1447,1433
1422,1405
1411,1413
1460,1390
1443,1409
1438,1426
1422,1434
1401,1431
1448,1415
1387,1436
1432,1390
1411,1389
1439,1402
1447,1410
1430,1394
1416,1374
1418,1420
1409,1418
1425,1418
1407,1404
1421,1427
1383,1411
1423,1389
1432,1403
1401,1409
1379,1429
1402,1407
1399,1417
1416,1403
1390,1387
1401,1390
1405,1416
1409,1422
1386,1382
1386,1392
1391,1399
1366,1385
1368,1366
1393,1408
1374,1374
1380,1357
1368,1375
1377,1368
1365,1377
1373,1360
1369,1364
1381,1349
1370,1362
1361,1368
1395,1387
1345,1354
1360,1361
1340,1346
1325,1355
1342,1345
1344,1357
1373,1391
1344,1362
1360,1357
1337,1384
1366,1374
1350,1361
1355,1359
1368,1325
1352,1334
1334,1354
1324,1364
1346,1348
1346,1352
1360,1367
1371,1359
1361,1348
1367,1330
1355,1344
1353,1344
1374,1341
1338,1385
1360,1369
1355,1371
1391,1354
1322,1349
1348,1346
1352,1349
1360,1360
1366,1361
1344,1358
1334,1360
1344,1338
1323,1337
1347,1368
1344,1378
1344,1340
1379,1345
1321,1337
1325,1376
1374,1370
1344,1340
1365,1346
1340,1374
1388,1378
1333,1361
1334,1345
1346,1357
1297,1352
1330,1335
1358,1374
1293,1351
1316,1379
1313,1377
1338,1371
1329,1337
1386,1368
1349,1381
1377,1367
1322,1359
1352,1340
1385,1393
1341,1353
1349,1339
1364,1368
1335,1380
1327,1365
1342,1355
1324,1368
1351,1351
1342,1339
1378,1380
1334,1370
1341,1372
1341,1374
1351,1376
1392,1397
1340,1328
1358,1415
1363,1421
1341,1384
1366,1396
1397,1365
1363,1383
1379,1367
1373,1398
1377,1387
1345,1402
1377,1391
1390,1417
1388,1410
1403,1407
1385,1389
1425,1380
1362,1381
1387,1396
1389,1391
1355,1400
1358,1406
1395,1409
1383,1377
1421,1383
1362,1406
1383,1406
1390,1421
1417,1449
1368,1403
1396,1413
1408,1404
1413,1416
1394,1426
1412,1415
1392,1419
1427,1408
1430,1427
1392,1407
1410,1407
1403,1414
1433,1441
1439,1413
1423,1428
1421,1417
1432,1434
1442,1431
1425,1426
1394,1431
1429,1442
1447,1419
1424,1433
1411,1448
1433,1434
1426,1442
1423,1431
1446,1432
1415,1401
1465,1451
1437,1436
1415,1441
1423,1449
1435,1420
1461,1464
1439,1453
1414,1446
1475,1436
1453,1454
1434,1414
1401,1439
1423,1435
1475,1422
1429,1443
1443,1442
1458,1439
1465,1444
1466,1398
1422,1436
1416,1420
1460,1461
1467,1442
1418,1450
1483,1435
1425,1454
1447,1429
1454,1448
1456,1437
1441,1425
1476,1446
1423,1457
1458,1453
1457,1459
1455,1433
1454,1425
1481,1450
1452,1481
1447,1443
1480,1434
1460,1442
1426,1444
1454,1444
1432,1460
1452,1441
1486,1455
1445,1419
1467,1452
1461,1464
1461,1429
1463,1426
1466,1452
1431,1470
1460,1430
1445,1438
1439,1441
1462,1455
1429,1414
1461,1429
1459,1460
1474,1461
1450,1410
1457,1458
1477,1417
1410,1423
1447,1415
1443,1450
1424,1422
1451,1431
1430,1420
1455,1428
1411,1413
1460,1450
1440,1409
1444,1418
1437,1425
1429,1420
1435,1404
1389,1417
1433,1397
1431,1431
1430,1414
1427,1422
1435,1420
1446,1442
1424,1400
1459,1439
1418,1423
1434,1397
1403,1411
1427,1386
1431,1397
1416,1415
1412,1398
1443,1397
1419,1417
1415,1382
1410,1384
1381,1428
1403,1418
1423,1376
1444,1394
1399,1408
1407,1378
1402,1367
1414,1407
1393,1389
1431,1354
1373,1386
1392,1399
1394,1358
1393,1383
1392,1368
1409,1390
1417,1394
1402,1377
1375,1370
1425,1386
1398,1376
1358,1396
1400,1372
1382,1371
1379,1380
1374,1365
1367,1379
1367,1387
1362,1353
1386,1373
1394,1359
1402,1357
1348,1379
1348,1376
1361,1329
1385,1353
1388,1373
1372,1353
1353,1392
1387,1345
1355,1354
1359,1358
1358,1373
1365,1389
1368,1345
1351,1339
1353,1371
1305,1382
1348,1349
1374,1390
1352,1384
1336,1345
1371,1350
1352,1363
1336,1337
1367,1358
1347,1361
1388,1348
1362,1343
1338,1362
1358,1355
1360,1358
1337,1343
1356,1378
1347,1371
1339,1376
1344,1353
1370,1340
1333,1346
1337,1364
1334,1355
1320,1368
1354,1346
1366,1379
1348,1329
1347,1343
1315,1338
1341,1341
1359,1353
1332,1366
1324,1359
1309,1342
1355,1353
1352,1347
1305,1354
1349,1364
1341,1354
1339,1351
1350,1341
1375,1349
1386,1357
1398,1364
1337,1370
1337,1367
1318,1351
1325,1380
1339,1364
1361,1368
1357,1355
1350,1404
1351,1364
1370,1349
1362,1381
1340,1379
1343,1391
1369,1363
1378,1375
1396,1369
1364,1378
1352,1372
1362,1354
1350,1362
1376,1401
1392,1399
1349,1390
1392,1369
1371,1375
1403,1402
1344,1365
1357,1398
1372,1374
1384,1351
1392,1369
1374,1368
1392,1405
1368,1378
1372,1390
1382,1411
1375,1383
1373,1377
1392,1397
1374,1396
1365,1401
1379,1408
1399,1412
1385,1425
1372,1401
1363,1372
1380,1418
1413,1386
1416,1416
1401,1431
1411,1412
1377,1377
1391,1421
1392,1443
1375,1404
1410,1417
1431,1387
1440,1420
1404,1436
1412,1381
1398,1400
1430,1412
1415,1437
1414,1412
1427,1424
1410,1391
1444,1413
1398,1427
1424,1407
1446,1409
1440,1436
1396,1391
1408,1455
1433,1439
1383,1418
1431,1445
1410,1420
1441,1425
1441,1402
1453,1412
1423,1444
1385,1402
1422,1448
1418,1426
1420,1440
1408,1409
1471,1443
1478,1443
1436,1469
1415,1453
1437,1438
1406,1437
1462,1455
1413,1459
1469,1411
1438,1450
1436,1422
1457,1450
1434,1445
1401,1433
1409,1437
1447,1420
1456,1420
1478,1437
1479,1412
1468,1448
1440,1444
1442,1436
1446,1448
1424,1453
1462,1422
1466,1449
1435,1484
1454,1424
1459,1438
1433,1449
1432,1435
1440,1457
1449,1463
1466,1462
1452,1440
1473,1411
1466,1423
1469,1452
1458,1442
1461,1436
1457,1455
1434,1420
1463,1412
1470,1441
1467,1444
1463,1436
1490,1445
1463,1447
1454,1441
1460,1469
1474,1444
1435,1470
1443,1456
1443,1437
1446,1456
1443,1449
1436,1398
1432,1454
1418,1439
1442,1440
1455,1422
1456,1458
1421,1428
1461,1426
1461,1426
1430,1426
1438,1440
1470,1434
1457,1434
1412,1437
1435,1420
1417,1417
1451,1428
1415,1389
1422,1410
1439,1407
1394,1406
1435,1430
1426,1418
1409,1402
1430,1440
1406,1402
1415,1426
1391,1414
1451,1418
1403,1409
1420,1435
1419,1393
1423,1416
1416,1414
1411,1421
1430,1413
1413,1403
1429,1410
1428,1427
1426,1406
1431,1405
1418,1383
1405,1386
1437,1403
1411,1405
1396,1388
1405,1400
1411,1400
1414,1371
1387,1390
1388,1393
1376,1410
1413,1385
1384,1385
1381,1377
1373,1372
1413,1377
1392,1387
1399,1368
1371,1385
1413,1378
1375,1344
1391,1386
1384,1369
1368,1350
1396,1391
1372,1384
1361,1387
1355,1371
1391,1371
1397,1362
1358,1396
1370,1351
1369,1351
1335,1397
1355,1365
1352,1355
1375,1350
1342,1368
1395,1339
1348,1365
1368,1384
1347,1393
1323,1357
1356,1364
1332,1382
1373,1351
1363,1353
1335,1379
1358,1361
1374,1349
1366,1355
1347,1357
1365,1357
1351,1347
1379,1357
1347,1378
1341,1342
1326,1344
1352,1368
1345,1348
1363,1365
1354,1337
1349,1332
1335,1374
1332,1340
1336,1373
1352,1364
1347,1367
1364,1353
1304,1329
1330,1317
1382,1357
1386,1354
1342,1339
1305,1329
1332,1350
1343,1359
1354,1352
1348,1349
1339,1379
1343,1353
1350,1380
1309,1369
1374,1364
1367,1362
1312,1369
1359,1355
1344,1387
1341,1342
1336,1361
1363,1341
1334,1375
1351,1364
1360,1361
1342,1347
1354,1339
1335,1368
1357,1349
1373,1376
1368,1324
1325,1364
1338,1369
1335,1384
1379,1355
1364,1381
1356,1346
1356,1356
1364,1348
1378,1386
1358,1356
1371,1395
1344,1361
1356,1393
1316,1374
1324,1380
1361,1365
1360,1344
1371,1368
1359,1407
1358,1380
1414,1375
1365,1371
1396,1378
1377,1369
1353,1417
1363,1377
1380,1382
1361,1409
1377,1385
1367,1391
1380,1400
1384,1360
1372,1386
1380,1396
1367,1390
1372,1381
1357,1379
1380,1393
1411,1400
1368,1386
1388,1405
1395,1420
1388,1415
1376,1402
1404,1375
1394,1404
1410,1402
1381,1403
1385,1403
1409,1410
1413,1414
1404,1420
1396,1422
1439,1424
1417,1426
1395,1432
1410,1414
1397,1414
1383,1415
1386,1436
1412,1425
1383,1404
1415,1415
1412,1427
1424,1428
1398,1444
1415,1421
1398,1395
1378,1428
1422,1421
1428,1429
1390,1436
1425,1440
1422,1426
1433,1430
1409,1437
1430,1424
1419,1418
1439,1461
1463,1420
1449,1443
1392,1433
1420,1436
1435,1460
1410,1423
1434,1434
1433,1442
1439,1432
1442,1470
1447,1438
1440,1437
1451,1464
1435,1452
1456,1406
1448,1421
1441,1448
1453,1450
1479,1431
1430,1451
1458,1441
1419,1456
1409,1458
1461,1472
1469,1433
1442,1443
1431,1483
1439,1441
1471,1439
1454,1440
1467,1431
1454,1448
1423,1469
1475,1437
1435,1458
1456,1469
1453,1447
1445,1484
1422,1429
1478,1461
1454,1443
1438,1434
1439,1453
1466,1471
1463,1442
1470,1432
1466,1457
1451,1448
1490,1403
1438,1467
1470,1458
1445,1418
1441,1471
1458,1473
1454,1427
1419,1445
1451,1450
1489,1420
1474,1422
1450,1431
1437,1419
1441,1435
1433,1421
1440,1467
1448,1443
1453,1414
1444,1443
1455,1443
1456,1418
1458,1395
1444,1446
1413,1418
1427,1418
1441,1426
1428,1431
1441,1415
1435,1436
1432,1425
1412,1427
1425,1406
1431,1412
1438,1429
1450,1411
1416,1430
1423,1418
1431,1426
1428,1391
1432,1400
1422,1404
1424,1432
1452,1424
1432,1416
1406,1412
1433,1403
1410,1421
1439,1404
1413,1405
1419,1408
1420,1397
1423,1400
1395,1372
1415,1397
1433,1391
1409,1390
1429,1398
1389,1379
1396,1401
1441,1367
1406,1420
1439,1387
1389,1390
1418,1377
1384,1383
1392,1372
1407,1379
1410,1403
1416,1385
1401,1425
1391,1377
1389,1379
1380,1371
1406,1350
1383,1370
1375,1380
1399,1393
1380,1380
1380,1394
1383,1363
1375,1386
1387,1362
1359,1385
1391,1379
1368,1384
1354,1376
1351,1354
1411,1373
1393,1359
1350,1346
1357,1383
1319,1380
1365,1390
1378,1381
1353,1357
1376,1391
1370,1384
1365,1362
1360,1352
1377,1385
1347,1358
1367,1329
1372,1369
1374,1350
1353,1342
1373,1352
1364,1368
1343,1385
1347,1343
1340,1351
1336,1371
1375,1382
1352,1358
1374,1357
1366,1362
1351,1340
1374,1367
1382,1350
1357,1352
1330,1342
1351,1361
1326,1362
1359,1356
1314,1370
1331,1358
1335,1342
1325,1359
1345,1368
1352,1362
1340,1372
1361,1376
1329,1362
1336,1345
1348,1360
1359,1352
1332,1358
1384,1338
1352,1376
1305,1373
1319,1336
1326,1358
1343,1362
1363,1347
1355,1352
1350,1350
1318,1315
1343,1354
1352,1353
1372,1366
1355,1348
1314,1359
1347,1359
1313,1368
1338,1363
1366,1366
1391,1335
1366,1375
1353,1389
1369,1394
1386,1357
1337,1356
1349,1354
1367,1338
1351,1338
1310,1357
1371,1377
1357,1400
1345,1370
1378,1376
1347,1358
1322,1380
1367,1363
1370,1345
1373,1356
1366,1399
1377,1371
1348,1407
1388,1370
1337,1393
1377,1385
1352,1396
1367,1380
1379,1376
1394,1377
1358,1389
1372,1378
1376,1338
1411,1354
1380,1399
1407,1381
1402,1372
1364,1415
1397,1394
1380,1418
1397,1360
1405,1397
1363,1412
1388,1373
1362,1419
1423,1404
1404,1375
1393,1390
1371,1389
1359,1391
1394,1390
1369,1397
1397,1408
1367,1403
1403,1415
1389,1393
1382,1395
1381,1395
1375,1391
1410,1413
1388,1425
1420,1420
1412,1431
1420,1400
1411,1428
1405,1422
1403,1407
1409,1382
1420,1412
1423,1421
1419,1423
1401,1424
1418,1432
1409,1411
1417,1434
1416,1434
1403,1437
1416,1433
1425,1432
1396,1439
1380,1443
1433,1429
1419,1400
1405,1439
1425,1442
1434,1429
1407,1463
1420,1432
1434,1457
1443,1427
1454,1412
1444,1434
1428,1488
1459,1440
1413,1430
1435,1429
1445,1448
1425,1455
1437,1468
1434,1447
1426,1454
1458,1466
1448,1463
1463,1479
1446,1463
1434,1434
1438,1426
1440,1437
1437,1456
1435,1447
1483,1437
1436,1445
1425,1432
1473,1457
1471,1474
1458,1486
1447,1442
1442,1466
1462,1444
1477,1409
1504,1432
1446,1430
1483,1455
1432,1435
1438,1432
1449,1467
1453,1440
1483,1457
1445,1441
1459,1459
1437,1460
1457,1455
1444,1441
1466,1415
1455,1439
1466,1447
1450,1451
1447,1444
1451,1445
1471,1427
1454,1462
1440,1441
1432,1439
1448,1450
1473,1443
1462,1458
1478,1455
1435,1460
1453,1441
1442,1456
1472,1442
1455,1421
1451,1419
1457,1424
1457,1431
1445,1444
1449,1452
1434,1422
1446,1458
1420,1430
1449,1462
1415,1420
1434,1440
1434,1440
1452,1448
1428,1417
1412,1422
1440,1442
1428,1416
1451,1428
1423,1439
1416,1438
1421,1429
1421,1428
1427,1433
1458,1405
1419,1410
1430,1424
1445,1387
1427,1416
1445,1415
1387,1405
1418,1403
1446,1383
1437,1415
1439,1398
1392,1410
1417,1411
1407,1390
1423,1382
1404,1399
1424,1419
1448,1392
1405,1391
1392,1402
1420,1414
1440,1433
1410,1405
1414,1418
1418,1400
1398,1391
1413,1374
1419,1375
1451,1403
1418,1360
1388,1369
1411,1377
1379,1372
1415,1361
1410,1365
1425,1386
1380,1402
1364,1382
1382,1394
1373,1361
1368,1388
1395,1383
1390,1393
1388,1377
1409,1383
1389,1365
1373,1361
1387,1375
1341,1367
1422,1375
1387,1380
1372,1370
1398,1386
1390,1346
1371,1395
1412,1385
1399,1354
1347,1351
1378,1351
1370,1356
1355,1367
1393,1351
1347,1385
1373,1351
1357,1341
1360,1342
1370,1347
1344,1362
1352,1363
1344,1362
1357,1360
1344,1381
1396,1371
1346,1364
1350,1352
1370,1362
1317,1345
1366,1333
1363,1363
1349,1381
1331,1352
1355,1313
1338,1356
1345,1365
1360,1357
1346,1333
1329,1359
1367,1338
1344,1364
1374,1369
1327,1356
1345,1359
1337,1352
1350,1333
1341,1314
1308,1373
1355,1310
1354,1378
1349,1336
1374,1368
1361,1364
1340,1357
1334,1375
1345,1352
1320,1356
1328,1346
1351,1359
1347,1364
1348,1362
1360,1366
1364,1338
1313,1358
1330,1353
1342,1375
1370,1364
1354,1362
1332,1361
1370,1348
1346,1360
1376,1378
1358,1354
1358,1354
1372,1349
1341,1345
1334,1363
1340,1354
1342,1338
1357,1371
1352,1366
1349,1368
1377,1351
1341,1371
1359,1359
1355,1359
1337,1333
1328,1377
1376,1373
1386,1362
1368,1402
1373,1388
1368,1366
1361,1372
1356,1358
1358,1360
1378,1377
1373,1379
1344,1374
1369,1382
1363,1388
1373,1384
1375,1377
1389,1371
1368,1374
1380,1376
1356,1365
1345,1391
1336,1384
1359,1380
1361,1404
1361,1382
1342,1387
1408,1405
1404,1401
1364,1389
1366,1394
1394,1408
1364,1397
1400,1393
1383,1405
1399,1403
1379,1425
1401,1415
1361,1396
1384,1426
1389,1399
1405,1400
1394,1403
1394,1396
1374,1416
1377,1402
1439,1403
1400,1439
1407,1417
1415,1392
1436,1417
1416,1406
1398,1411
1394,1395
1402,1431
1421,1408
1427,1396
1405,1396
1402,1422
1424,1429
1421,1439
1431,1444
1427,1400
1403,1402
1425,1442
1404,1412
1436,1456
1415,1431
1413,1434
1443,1468
1453,1467
1456,1420
1442,1429
1438,1414
1426,1451
1430,1440
1420,1410
1435,1439
1428,1437
1425,1432
1459,1426
1421,1421
1431,1443
1455,1446
1452,1421
1466,1436
1468,1434
1447,1469
1426,1428
1447,1461
1417,1430
1424,1424
1434,1423
1449,1449
1478,1449
1457,1440
1470,1456
1464,1460
1418,1448
1432,1441
1449,1447
1449,1446
1448,1466
1440,1447
1440,1458
1465,1457
1434,1455
1450,1461
1455,1449
1470,1456
1457,1457
1455,1455
1457,1429
1412,1484
1459,1437
1440,1442
1478,1446
1456,1467
1454,1441
1474,1433
1475,1472
1454,1452
1474,1441
1481,1444
1491,1446
1445,1434
1465,1441
1457,1440
1455,1453
1461,1435
1452,1437
1468,1453
1407,1425
1453,1453
1449,1461
1442,1450
1483,1432
1466,1438
1443,1418
1465,1458
1467,1442
1479,1430
1392,1444
1438,1435
1470,1439
1458,1431
1476,1455
1495,1415
1442,1429
1469,1444
1463,1447
1465,1418
1470,1451
1419,1425
1448,1424
1452,1459
1454,1462
1448,1424
1436,1437
1439,1400
1475,1413
1422,1417
1428,1442
1458,1424
1441,1411
1428,1428
1436,1410
1461,1430
1432,1410
1412,1406
1440,1414
1413,1426
1456,1438
1435,1414
1384,1407
1406,1422
1418,1424
1427,1414
1424,1431
1398,1425
1449,1406
1380,1416
1413,1431
1406,1404
1399,1402
1394,1400
1410,1390
1387,1409
1383,1413
1388,1387
1411,1390
1398,1398
1391,1387
1418,1400
1379,1381
1411,1401
1396,1392
1385,1408
1386,1389
1435,1371
1400,1390
1387,1400
1397,1376
1398,1380
1390,1375
1391,1389
1385,1381
1389,1381
1391,1367
1396,1383
1373,1374
1384,1366
1387,1371
1388,1373
1355,1384
1376,1382
1374,1365
1352,1353
1379,1394
1385,1400
1382,1376
1369,1359
1375,1359
1370,1350
1366,1373
1376,1369
1358,1374
1358,1349
1345,1378
1355,1375
1376,1349
1352,1370
1356,1369
1368,1363
1360,1372
1368,1344
1338,1356
1374,1341
1348,1344
1333,1338
1367,1362
1350,1360
1366,1337
1344,1334
1350,1371
1345,1345
1345,1341
1365,1361
1358,1330
1352,1355
1360,1350
1336,1374
1340,1369
1370,1362
1309,1314
1336,1362
1341,1340
1358,1370
1377,1371
1354,1344
1334,1346
1393,1325
1325,1368
1345,1347
1330,1363
1343,1351
1353,1356
1347,1355
1327,1357
1291,1368
1323,1363
1341,1325
1340,1331
1307,1353
1345,1340
1353,1333
1327,1352
1324,1354
1321,1360
1362,1341
1332,1348
1340,1358
1342,1363
1325,1367
1339,1335
1355,1350
1343,1357
1347,1371
1359,1361
1341,1370
1330,1353
1365,1385
1329,1381
1341,1364
1341,1386
1345,1353
1331,1370
1354,1362
1378,1376
1377,1371
1345,1374
1344,1352
1361,1364
1337,1374
1321,1356
1353,1386
1349,1354
1346,1341
1337,1362
1332,1377
1341,1396
1359,1378
1355,1349
1383,1370
1324,1378
1342,1360
1352,1365
1349,1367
1362,1366
1363,1370
1369,1370
1344,1379
1335,1390
1350,1368
1379,1391
1385,1376
1342,1383
1340,1365
1353,1356
1388,1411
1362,1413
1381,1383
1390,1386
1347,1401
1373,1402
1391,1389
1368,1415
1407,1407
1372,1420
1370,1402
1358,1405
1385,1401
1388,1411
1373,1407
1402,1397
1415,1404
1366,1404
1398,1430
1416,1396
1378,1440
1409,1414
1429,1420
1381,1426
1369,1419
1405,1417
1422,1418
1411,1408
1395,1408
1361,1425
1390,1408
1379,1441
1423,1392
1416,1432
1437,1428
1413,1441
1371,1413
1430,1433
1428,1431
1421,1411
1438,1424
1425,1449
1423,1416
1433,1425
1374,1437
1427,1426
1404,1414
1431,1437
1434,1427
1422,1433
1453,1417
1422,1434
1411,1417
1404,1434
1398,1412
1453,1424
1420,1426
1446,1425
1450,1437
1430,1444
1432,1443
1401,1464
1446,1442
1485,1421
1445,1429
1438,1443
1433,1454
1456,1456
1441,1448
1475,1445
1434,1433
1479,1456
1445,1450
1439,1461
1448,1437
1424,1445
1450,1448
1418,1430
1453,1447
1443,1450
1453,1442
1410,1469
1462,1474
1444,1428
1467,1472
1429,1455
1445,1461
1466,1438
1470,1440
1433,1480
1478,1423
1437,1438
1496,1466
1458,1440
1408,1432
1455,1431
1481,1450
1465,1426
1459,1460
1448,1427
1474,1455
1464,1449
1457,1456
1477,1431
1472,1466
1486,1454
1469,1450
1436,1445
1413,1421
1453,1476
1468,1440
1477,1441
1438,1428
1466,1469
1475,1466
1471,1452
1480,1450
1444,1452
1453,1427
1457,1442
1460,1444
1476,1426
1438,1474
1453,1468
1443,1430
1440,1429
1450,1445
1458,1451
1459,1440
1476,1446
1440,1442
1451,1441
1456,1428
1452,1422
1432,1424
1469,1426
1451,1412
1437,1435
1441,1457
1433,1427
1463,1427
1461,1425
1471,1447
1437,1429
1468,1436
1425,1440
1391,1429
1397,1442
1446,1395
1434,1432
1440,1438
1465,1391
1436,1424
1423,1412
1452,1414
1444,1396
1458,1386
1426,1410
1420,1431
1426,1400
1430,1445
1408,1409
1375,1405
1398,1407
1422,1398
1446,1407
1443,1391
1416,1377
1376,1428
1408,1408
1422,1401
1389,1415
1427,1377
1394,1423
1387,1378
1411,1373
1401,1395
1394,1377
1406,1370
1395,1403
1386,1363
1431,1381
1370,1386
1398,1375
1357,1391
1421,1378
1376,1371
1403,1391
1415,1358
1394,1415
1374,1373
1402,1380
1405,1379
1394,1366
1399,1381
1389,1360
1378,1369
1361,1376
1369,1392
1377,1352
1382,1387
1383,1389
1408,1355
1387,1376
1370,1350
1340,1382
1355,1357
1375,1379
1385,1376
1398,1390
1409,1360
1371,1353
1369,1362
1374,1357
1372,1382
1382,1365
1371,1355
1372,1369
1329,1340
1360,1358
1362,1340
1361,1364
1347,1376
1342,1351
1368,1374
1345,1339
1385,1357
1354,1337
1356,1356
1343,1361
1369,1351
1351,1355
1357,1350
1322,1341
1343,1364
1321,1344
1351,1333
1359,1337
1352,1344
1345,1369
1326,1343
1292,1346
1323,1375
1337,1326
1340,1345
1350,1347
1343,1346
1309,1331
1334,1376
1330,1344
1347,1338
1347,1320
1368,1320
1328,1317
1315,1343
1333,1345
1337,1339
1320,1366
1369,1361
1317,1329
1336,1345
1335,1358
1331,1347
1335,1359
1325,1362
1350,1336
1336,1346
1353,1359
1322,1362
1329,1346
1310,1343
1328,1356
1348,1381
1361,1344
1364,1349
1323,1328
1347,1370
1342,1354
1324,1374
1357,1356
1291,1344
1318,1350
1331,1366
1346,1378
1361,1357
1337,1368
1356,1345
1328,1355
1324,1362
1348,1338
1319,1321
1323,1363
1379,1375
1367,1371
1358,1375
1348,1350
1373,1368
1377,1389
1351,1353
1366,1374
1355,1383
1362,1374
1357,1353
1366,1364
1367,1355
1321,1345
1376,1370
1353,1323
1341,1381
1367,1380
1378,1378
1374,1380
1374,1401
1376,1391
1339,1380
1386,1370
1348,1372
1396,1396
1366,1367
1373,1376
1358,1376
1354,1393
1379,1380
1370,1386
1400,1379
1409,1398
1400,1410
1354,1409
1389,1395
1373,1396
1412,1421
1403,1409
1381,1390
1389,1438
1372,1389
1391,1396
1373,1413
1399,1426
1403,1407
1423,1405
1421,1401
1417,1411
1412,1399
