ch1,ch2
1433,1448
1459,1485
1454,1461
1462,1493
1484,1465
1471,1465
1460,1465
1476,1484
1462,1481
1465,1492
1464,1466
1492,1471
1475,1491
1470,1508
1471,1493
1480,1487
1490,1500
1469,1492
1452,1529
1480,1495
1499,1472
1487,1482
1480,1502
1508,1498
1474,1516
1488,1512
1509,1528
1512,1511
1508,1518
1510,1531
1502,1502
1520,1497
1505,1497
1502,1499
1524,1534
1525,1510
1510,1497
1524,1528
1559,1502
1511,1529
1532,1508
1522,1515
1497,1496
1514,1507
1545,1518
1546,1492
1531,1518
1529,1490
1519,1491
1546,1523
1543,1526
1517,1518
1540,1535
1536,1524
1501,1524
1544,1525
1571,1523
1530,1527
1566,1534
1536,1502
1538,1518
1535,1541
1554,1529
1534,1544
1523,1517
1537,1513
1546,1534
1543,1518
1499,1524
1537,1493
1535,1553
1531,1522
1538,1512
1537,1511
1537,1517
1559,1510
1526,1558
1528,1521
1527,1503
1510,1543
1535,1511
1490,1520
1520,1514
1525,1496
1514,1509
1532,1484
1519,1503
1510,1485
1524,1516
1524,1486
1528,1523
1523,1495
1521,1492
1535,1509
1521,1528
1516,1505
1518,1496
1504,1486
1496,1498
1501,1500
1503,1509
1484,1490
1494,1511
1502,1479
1493,1460
1509,1472
1466,1476
1503,1465
1499,1475
1506,1489
1460,1478
1487,1467
1479,1470
1487,1464
1460,1468
1462,1451
1472,1471
1456,1448
1465,1445
1466,1468
1450,1461
1469,1451
1473,1449
1471,1449
1454,1430
1472,1425
1457,1450
1450,1457
1465,1434
1454,1437
1486,1439
1441,1441
1441,1433
1455,1407
1453,1435
1435,1427
1415,1414
1443,1432
1418,1423
1467,1400
1425,1415
1418,1423
1457,1420
1418,1403
1417,1417
1425,1392
1412,1415
1454,1414
1439,1413
1374,1407
1398,1391
1419,1403
1390,1406
1418,1399
1423,1391
1390,1391
1405,1375
1406,1397
1407,1363
1393,1392
1400,1402
1397,1395
1375,1383
1387,1381
1360,1377
1361,1372
1351,1379
1354,1384
1350,1385
1359,1383
1360,1386
1363,1400
1373,1374
1394,1378
1359,1358
1390,1386
1358,1359
1370,1379
1404,1404
1368,1372
1385,1372
1383,1392
1378,1344
1362,1358
1351,1386
1347,1394
1321,1378
1359,1365
1365,1386
1380,1379
1341,1370
1344,1371
1360,1357
1392,1379
1333,1395
1391,1357
1362,1358
1365,1389
1338,1385
1347,1365
1356,1368
1394,1389
1344,1375
1383,1391
1358,1361
1357,1364
1351,1382
1360,1367
1360,1384
1366,1375
1340,1398
1356,1389
1362,1408
1397,1396
1363,1396
1363,1397
1396,1419
1382,1368
1362,1387
1364,1402
1373,1392
1377,1400
1387,1396
1363,1394
1378,1393
1387,1416
1395,1410
1370,1395
1395,1409
1384,1412
1412,1441
1397,1418
1407,1405
1418,1427
1397,1411
1411,1422
1424,1433
1426,1429
1419,1407
1422,1458
1393,1426
1406,1420
1422,1449
1436,1438
1408,1460
1421,1450
1434,1429
1428,1458
1429,1461
1448,1450
1418,1454
1431,1459
1444,1439
1452,1475
1432,1460
1454,1470
1420,1456
1447,1472
1472,1481
1455,1478
1456,1477
1452,1473
1461,1471
1458,1469
1475,1475
1471,1469
1444,1476
1469,1503
1429,1478
1474,1490
1457,1501
1461,1483
1486,1483
1452,1497
1481,1479
1471,1501
1474,1497
1510,1503
1494,1503
1519,1508
1495,1498
1498,1533
1493,1516
1498,1501
1489,1506
1505,1515
1508,1521
1490,1494
1509,1521
1486,1514
1535,1492
1524,1557
1514,1541
1520,1506
1477,1528
1503,1531
1521,1502
1524,1525
1502,1522
1548,1516
1518,1534
1542,1537
1513,1535
1546,1549
1506,1524
1505,1504
1525,1524
1510,1523
1515,1523
1535,1522
1528,1518
1528,1520
1546,1527
1538,1519
1496,1523
1552,1519
1548,1533
1528,1535
1515,1514
1519,1529
1544,1535
1525,1528
1542,1543
1522,1512
1538,1511
1552,1526
1544,1508
1534,1526
1568,1525
1537,1541
1528,1516
1523,1529
1513,1506
1545,1532
1559,1534
1534,1514
1523,1527
1532,1532
1543,1529
1481,1526
1505,1511
1525,1496
1515,1512
1515,1489
1505,1490
1498,1515
1510,1480
1527,1512
1522,1508
1513,1492
1509,1512
1511,1514
1510,1480
1510,1503
1535,1481
1512,1514
1528,1510
1498,1498
1512,1482
1493,1509
1487,1484
1481,1475
1505,1499
1501,1483
1486,1470
1474,1467
1505,1479
1487,1459
1469,1463
1498,1481
1486,1467
1497,1471
1482,1449
1476,1466
1472,1459
1467,1468
1481,1470
1474,1444
1479,1455
1460,1424
1461,1453
1462,1445
1481,1437
1454,1426
1443,1435
1444,1433
1444,1425
1437,1436
1453,1409
1456,1444
1397,1405
1450,1429
1443,1416
1439,1435
1425,1400
1424,1415
1432,1435
1409,1409
1405,1407
1415,1411
1422,1402
1411,1420
1404,1401
1452,1405
1419,1428
1410,1401
1408,1390
1413,1394
1376,1374
1388,1397
1412,1414
1384,1383
1361,1411
1372,1421
1422,1382
1404,1357
1400,1375
1384,1370
1385,1373
1405,1385
1398,1367
1396,1383
1380,1375
1385,1389
1385,1377
1350,1406
1385,1374
1382,1363
1370,1387
1402,1396
1353,1368
1344,1366
1378,1355
1366,1385
1338,1381
1350,1363
1357,1370
1364,1364
1373,1364
1376,1357
1384,1354
1351,1366
1364,1363
1358,1379
1351,1352
1358,1379
1398,1356
1359,1344
1344,1369
1390,1377
1355,1343
1375,1377
1347,1365
1373,1361
1358,1372
1356,1388
1368,1364
1344,1359
1374,1362
1353,1395
1336,1357
1356,1338
1357,1374
1376,1405
1344,1377
1374,1382
1377,1360
1374,1384
1389,1389
1365,1373
1387,1392
1390,1406
1362,1410
1365,1383
1355,1408
1374,1363
1377,1394
1381,1404
1359,1406
1363,1404
1389,1410
1393,1391
1385,1421
1354,1411
1421,1399
1389,1397
1371,1403
1392,1408
1380,1417
1421,1419
1377,1423
1421,1435
1380,1431
1410,1427
1429,1429
1425,1428
1433,1459
1434,1472
1423,1435
1404,1434
1404,1425
1437,1457
1441,1428
1405,1414
1422,1440
1446,1454
1427,1452
1426,1468
1477,1459
1426,1443
1441,1453
1441,1440
1442,1447
1444,1472
1463,1443
1421,1474
1455,1455
1445,1480
1446,1456
1457,1468
1465,1457
1466,1458
1483,1485
1459,1491
1457,1455
1458,1490
1462,1462
1448,1461
1462,1457
1500,1503
1464,1476
1464,1508
1482,1522
1491,1513
1495,1499
1472,1473
1507,1506
1491,1494
1524,1499
1475,1523
1498,1515
1504,1519
1488,1514
1510,1497
1515,1521
1497,1496
1537,1500
1480,1509
1519,1524
1492,1503
1508,1509
1524,1508
1499,1531
1538,1560
1516,1530
1525,1532
1500,1541
1526,1527
1540,1539
1520,1532
1500,1521
1540,1526
1553,1530
1550,1523
1537,1531
1528,1542
1531,1546
1536,1537
1529,1523
1535,1506
1526,1522
1547,1526
1543,1515
1537,1501
1541,1534
1525,1514
1532,1535
1533,1524
1520,1519
1547,1538
1497,1513
1555,1523
1557,1528
1525,1527
1552,1547
1523,1520
1526,1540
1540,1505
1543,1530
1544,1516
1508,1489
1550,1540
1542,1551
1536,1533
1577,1501
1549,1538
1490,1518
1540,1510
1550,1498
1541,1526
1529,1494
1533,1482
1515,1506
1544,1508
1503,1500
1535,1492
1536,1484
1519,1513
1514,1511
1494,1486
1528,1502
1533,1482
1535,1481
1494,1473
1520,1481
1509,1484
1489,1483
1510,1473
1479,1472
1499,1506
1492,1487
1476,1491
1503,1495
1498,1463
1505,1462
1487,1490
1471,1459
1479,1501
1496,1465
1455,1458
1481,1470
1457,1467
1491,1463
1474,1471
1481,1440
1479,1436
1496,1433
1446,1436
1463,1438
1464,1443
1462,1433
1466,1435
1468,1440
1460,1446
1474,1415
1442,1430
1455,1451
1445,1431
1449,1421
1435,1439
1431,1433
1454,1419
1436,1441
1422,1425
1451,1396
1451,1415
1438,1411
1419,1420
1418,1429
1425,1395
1413,1403
1415,1405
1399,1401
1392,1397
1400,1395
1426,1390
1397,1408
1424,1388
1426,1399
1400,1380
1386,1404
1401,1363
1406,1369
1411,1382
1381,1405
1400,1392
1367,1398
1407,1396
1362,1371
1386,1375
1369,1369
1341,1378
1390,1376
1335,1351
1402,1383
1394,1402
1373,1383
1376,1364
1350,1399
1357,1360
1338,1344
1366,1371
1356,1382
1354,1362
1363,1356
1364,1356
1348,1379
1364,1360
1356,1374
1346,1366
1355,1363
1363,1369
1342,1377
1343,1358
1374,1378
1351,1386
1340,1358
1377,1362
1353,1373
1378,1356
1345,1381
1368,1363
1366,1376
1374,1369
1381,1398
1385,1388
1348,1353
1346,1333
1355,1367
1366,1381
1374,1385
1358,1388
1353,1391
1339,1390
1365,1389
1341,1375
1404,1378
1360,1390
1362,1385
1374,1398
1372,1407
1376,1375
1379,1383
1365,1374
1365,1398
1384,1372
1374,1393
1370,1390
1388,1421
1420,1419
1382,1409
1391,1415
1381,1409
1374,1418
1412,1435
1382,1415
1392,1426
1394,1424
1418,1437
1392,1428
1411,1407
1404,1426
1389,1410
1395,1421
1387,1436
1395,1431
1405,1452
1403,1428
1395,1432
1403,1451
1402,1438
1407,1426
1424,1450
1442,1474
1418,1439
1464,1449
1448,1449
1445,1447
1418,1465
1442,1479
1458,1456
1476,1463
1429,1467
1454,1462
1443,1451
1462,1482
1481,1468
1423,1460
1454,1456
1448,1483
1479,1458
1458,1479
1448,1491
1468,1479
1474,1492
1477,1469
1466,1484
1476,1492
1462,1499
1467,1491
1484,1517
1468,1490
1470,1496
1487,1503
1474,1507
1503,1477
1483,1514
1501,1485
1511,1505
1491,1487
1482,1514
1521,1528
1501,1516
1530,1516
1500,1518
1524,1528
1487,1501
1513,1500
1497,1516
1511,1530
1497,1520
1542,1507
1524,1495
1537,1530
1493,1529
1527,1511
1526,1523
1530,1515
1533,1534
1528,1531
1515,1528
1535,1514
1520,1519
1516,1545
1531,1545
1533,1530
1558,1550
1556,1520
1580,1519
1518,1544
1535,1533
1540,1523
1535,1550
1531,1536
1548,1535
1553,1551
1537,1538
1539,1521
1542,1539
1532,1516
1534,1521
1510,1534
1537,1527
1540,1539
1539,1525
1557,1541
1524,1529
1515,1539
1530,1538
1516,1538
1566,1516
1532,1526
1517,1525
1533,1538
1534,1524
1523,1529
1514,1536
1544,1532
1549,1518
1515,1500
1529,1525
1534,1507
1510,1484
1540,1496
1529,1514
1512,1514
1518,1488
1526,1499
1539,1492
1531,1497
1513,1513
1497,1505
1549,1482
1494,1492
1521,1459
1543,1468
1489,1506
1512,1474
1461,1514
1500,1496
1521,1468
1484,1474
1467,1482
1479,1473
1499,1462
1499,1456
1474,1452
1479,1458
1475,1462
1447,1463
1482,1456
1483,1467
1466,1444
1489,1445
1486,1454
1447,1442
1467,1461
1492,1440
1462,1436
1458,1433
1450,1440
1479,1430
1454,1417
1471,1459
1444,1429
1438,1455
1471,1416
1431,1425
1419,1410
1438,1432
1446,1428
1438,1423
1419,1410
1441,1410
1417,1403
1442,1405
1417,1385
1411,1406
1447,1391
1395,1398
1416,1393
1398,1407
1398,1408
1397,1395
1390,1375
1406,1416
1402,1386
1403,1387
1392,1404
1417,1388
1405,1414
1379,1377
1388,1390
1392,1402
1381,1351
1394,1357
1357,1375
1381,1362
1369,1383
1393,1370
1372,1387
1394,1387
1379,1379
1369,1352
1350,1397
1375,1387
1380,1378
1369,1380
1358,1359
1368,1358
1382,1356
1366,1368
1346,1358
1378,1360
1373,1358
1341,1379
1358,1374
1367,1352
1373,1377
1338,1358
1362,1392
1387,1361
1345,1364
1354,1354
1344,1354
1374,1353
1351,1376
1360,1373
1371,1368
1343,1360
1376,1368
1332,1370
1365,1355
1355,1370
1344,1387
1365,1351
1348,1377
1370,1384
1358,1348
1351,1355
1376,1379
1387,1380
1369,1363
1378,1384
1357,1394
1376,1373
1359,1379
1388,1368
1364,1392
1366,1386
1379,1396
1361,1424
1363,1401
1390,1358
1392,1383
1365,1386
1383,1399
1396,1403
1364,1385
1392,1427
1398,1412
1412,1391
1393,1427
1377,1399
1401,1387
1415,1404
1406,1432
1397,1383
1401,1413
1395,1416
1392,1407
1417,1452
1408,1430
1426,1438
1384,1468
1416,1408
1395,1433
1373,1456
1434,1433
1433,1413
1444,1447
1457,1452
1438,1467
1414,1452
1438,1453
1452,1423
1434,1450
1445,1475
1430,1465
1454,1442
1467,1477
1436,1461
1452,1449
1427,1463
1441,1488
1466,1460
1484,1487
1472,1494
1464,1460
1476,1465
1489,1482
1457,1478
1472,1486
1486,1461
1473,1490
1477,1487
1506,1477
1477,1498
1483,1488
1498,1493
1484,1480
1480,1482
1503,1474
1491,1484
1498,1506
1515,1508
1504,1515
1513,1514
1495,1513
1502,1498
1477,1523
1523,1509
1520,1531
1509,1518
1522,1529
1505,1519
1510,1518
1533,1537
1530,1514
1537,1532
1519,1524
1511,1502
1525,1526
1535,1543
1526,1545
1497,1525
1543,1561
1569,1523
1504,1526
1519,1547
1540,1547
1524,1507
1571,1518
1523,1538
1526,1548
1565,1560
1536,1551
1508,1539
1556,1517
1549,1534
1534,1535
1543,1548
1542,1544
1570,1536
1573,1521
1544,1512
1533,1524
1540,1528
1537,1515
1556,1516
1524,1545
1529,1543
1537,1534
1551,1523
1541,1550
1548,1530
1559,1517
1527,1514
1529,1518
1539,1511
1556,1514
1542,1496
1541,1523
1532,1519
1538,1519
1513,1504
1553,1505
1536,1510
1507,1505
1523,1499
1520,1509
1543,1497
1499,1479
1528,1507
1518,1495
1523,1508
1551,1498
1522,1500
1488,1485
1509,1476
1492,1478
1487,1477
1529,1496
1506,1494
1519,1484
1502,1453
1493,1477
1525,1473
1496,1479
1496,1488
1458,1494
1490,1474
1494,1462
1509,1479
1467,1483
1476,1455
1474,1458
1464,1451
1440,1480
1454,1457
1467,1459
1489,1430
1490,1455
1454,1467
1462,1449
1455,1435
1474,1455
1472,1441
1469,1455
1437,1428
1455,1460
1433,1439
1441,1439
1450,1429
1427,1418
1451,1403
1457,1453
1420,1416
1463,1412
1397,1409
1402,1411
1439,1411
1421,1401
1434,1417
1420,1438
1411,1419
1434,1385
1406,1408
1420,1387
1432,1407
1403,1402
1429,1391
1441,1398
1415,1383
1389,1389
1414,1362
1423,1380
1406,1398
1402,1384
1404,1376
1396,1399
1362,1391
1391,1365
1398,1384
1361,1378
1378,1348
1370,1373
1403,1365
1351,1392
1379,1389
1362,1376
1354,1370
1378,1397
1376,1368
1358,1378
1356,1364
1369,1399
1370,1351
1391,1370
1344,1377
1356,1384
1344,1343
1366,1377
1350,1352
1373,1365
1358,1353
1345,1385
1344,1384
1335,1383
1344,1355
1366,1359
1373,1376
1340,1375
1359,1365
1353,1367
1359,1343
1341,1357
1359,1359
1338,1363
1377,1375
1337,1361
1356,1364
1344,1365
1365,1364
1367,1377
1358,1363
1340,1372
1394,1396
1390,1365
1351,1376
1384,1363
1362,1372
1341,1394
1368,1364
1343,1387
1381,1385
1375,1379
1330,1379
1357,1399
1394,1378
1361,1375
1372,1392
1399,1391
1382,1404
1349,1385
1371,1381
1388,1405
1399,1377
1389,1408
1410,1400
1390,1404
1387,1428
1400,1439
1386,1395
1395,1394
1418,1400
1393,1413
1407,1397
1406,1433
1383,1399
1391,1411
1402,1432
1429,1425
1402,1416
1404,1439
1402,1443
1402,1420
1429,1451
1407,1447
1426,1444
1458,1442
1432,1453
1427,1484
1452,1486
1433,1439
1411,1465
1447,1438
1449,1451
1439,1456
1440,1473
1440,1448
1458,1458
1443,1467
1473,1463
1457,1475
1447,1501
1474,1482
1474,1480
1484,1482
1474,1477
1494,1487
1505,1496
1467,1498
1490,1467
1492,1492
1468,1479
1482,1507
1489,1498
1488,1475
1466,1472
1481,1511
1518,1525
1490,1518
1477,1514
1500,1497
1502,1526
1526,1500
1508,1515
1522,1506
1502,1508
1528,1519
1518,1512
1524,1500
1500,1560
1523,1524
1537,1518
1520,1526
1538,1495
1526,1519
1551,1547
1531,1524
1535,1520
1535,1536
1548,1520
1543,1531
1532,1516
1522,1518
1556,1551
1529,1543
1563,1537
1529,1537
1519,1530
1529,1534
1567,1530
1566,1541
1585,1540
1563,1539
1540,1538
1528,1539
1533,1536
1561,1536
1547,1514
1564,1525
1522,1530
1559,1526
1529,1513
1550,1562
1561,1555
1542,1534
1536,1518
1518,1548
1558,1535
1551,1536
1536,1542
1539,1564
1547,1497
1520,1511
1547,1505
1553,1514
1540,1529
1529,1540
1519,1508
1519,1547
1519,1494
1542,1514
1494,1538
1529,1507
1516,1516
1512,1517
1569,1507
1539,1495
1534,1493
1536,1503
1530,1499
1518,1523
1509,1512
1501,1504
1499,1503
1521,1506
1525,1518
1505,1496
1487,1509
1498,1468
1521,1477
1495,1475
1501,1489
1516,1477
1508,1468
1462,1444
1520,1472
1488,1466
1501,1461
1464,1477
1491,1475
1463,1453
1517,1458
1484,1439
1508,1459
1463,1480
1471,1427
1480,1457
1459,1454
1473,1446
1474,1435
1459,1447
1471,1413
1470,1432
1436,1434
1459,1435
1478,1449
1453,1421
1454,1444
1443,1423
1473,1430
1423,1408
1436,1431
1464,1446
1441,1410
1426,1435
1407,1393
1444,1415
1420,1420
1443,1415
1409,1412
1378,1414
1402,1400
1380,1394
1413,1403
1382,1412
1404,1404
1405,1397
1429,1397
1394,1395
1400,1399
1382,1407
1414,1412
1389,1388
1357,1396
1388,1391
1423,1371
1362,1397
1371,1378
1379,1377
1386,1367
1391,1390
1378,1379
1367,1364
1394,1374
1376,1374
1359,1374
1375,1368
1388,1399
1361,1361
1355,1366
1364,1358
1386,1370
1375,1384
1348,1361
1371,1363
1385,1369
1354,1353
1337,1369
1340,1364
1344,1384
1343,1365
1344,1367
1379,1368
1368,1377
1333,1351
1353,1354
1369,1344
1365,1351
1354,1368
1356,1374
1357,1370
1344,1387
1382,1381
1360,1381
1328,1378
1356,1375
1373,1381
1358,1362
1380,1374
1367,1380
1368,1414
1337,1371
1345,1370
1362,1370
1358,1369
1348,1393
1382,1353
1367,1382
1376,1355
1334,1409
1381,1390
1370,1376
1353,1405
1374,1386
1351,1372
1379,1401
1362,1389
1370,1409
1384,1423
1383,1388
1366,1389
1386,1412
1380,1376
1377,1403
1396,1394
1388,1410
1389,1403
1351,1378
1383,1413
1399,1413
1401,1433
1402,1421
1415,1440
1374,1409
1414,1430
1391,1399
1381,1423
1413,1415
1430,1453
1434,1451
1379,1433
1402,1422
1435,1442
1440,1446
1411,1444
1424,1445
1441,1440
1452,1473
1420,1477
1436,1447
1400,1468
1445,1446
1422,1449
1464,1495
1436,1443
1445,1446
1495,1479
1464,1466
1449,1474
1476,1486
1458,1451
1479,1498
1472,1465
1448,1492
1489,1483
1492,1500
1494,1492
1497,1484
1487,1491
1469,1502
1493,1496
1471,1522
1477,1497
1486,1524
1492,1507
1491,1485
1506,1504
1503,1496
1506,1501
1473,1516
1528,1519
1503,1525
1503,1531
1516,1524
1536,1526
1494,1518
1540,1544
1499,1519
1504,1528
1494,1520
1542,1532
1525,1524
1534,1513
1515,1540
1506,1523
1519,1530
1547,1531
1498,1512
1565,1523
1541,1514
1543,1531
1538,1522
1531,1520
1517,1533
1567,1565
1543,1524
1555,1571
1517,1529
1560,1529
1548,1562
1552,1507
1557,1533
1544,1499
1536,1516
1577,1537
1518,1541
1521,1529
1553,1521
1566,1532
1525,1532
1510,1540
1533,1546
1533,1535
1554,1546
1554,1535
1540,1534
1530,1533
1556,1531
1522,1535
1553,1489
1541,1534
1523,1539
1540,1546
1532,1515
1532,1540
1520,1523
1554,1518
1537,1511
1515,1513
1520,1498
1546,1515
1533,1511
1526,1545
1518,1513
1551,1513
1511,1518
1516,1524
1539,1511
1537,1487
1531,1498
1517,1509
1524,1488
1512,1502
1482,1515
1505,1473
1478,1494
1529,1502
1516,1464
1537,1464
1502,1495
1509,1486
1488,1479
1482,1467
1514,1450
1499,1469
1511,1497
1480,1488
1492,1470
1477,1473
1468,1482
1495,1436
1464,1464
1464,1470
1472,1424
1467,1456
1485,1445
1470,1441
1456,1454
1451,1449
1473,1445
1466,1443
1446,1427
1432,1427
1461,1414
1474,1430
1445,1439
1433,1417
1432,1430
1447,1427
1408,1426
1453,1403
1453,1440
1422,1425
1437,1406
1428,1424
1429,1400
1418,1411
1415,1411
1422,1381
1404,1423
1379,1383
1437,1381
1413,1394
1380,1392
1408,1390
1390,1403
1385,1379
1410,1403
1415,1376
1384,1385
1381,1389
1382,1382
1378,1373
1388,1387
1384,1359
1379,1378
1382,1377
1391,1378
1395,1388
1353,1392
1349,1374
1368,1367
1384,1369
1385,1398
1391,1364
1360,1374
1366,1374
1371,1357
1348,1385
1361,1346
1372,1384
1344,1370
1371,1370
1370,1384
1326,1354
1350,1366
1331,1373
1373,1372
1355,1359
1357,1372
1337,1383
1363,1373
1349,1356
1341,1362
1320,1365
1337,1368
1356,1358
1369,1384
1369,1371
1339,1361
1396,1378
1364,1375
1335,1352
1352,1365
1351,1367
1353,1364
1367,1376
1356,1351
1364,1349
1350,1391
1353,1385
1384,1398
1365,1377
1319,1390
1345,1396
1363,1384
1340,1381
1397,1405
1376,1371
1377,1379
1375,1386
1363,1365
1363,1400
1364,1394
1370,1379
1383,1386
1366,1404
1370,1389
1372,1393
1360,1415
1406,1425
1393,1405
1399,1427
1406,1413
1392,1403
1383,1396
1385,1403
1400,1417
1396,1424
1393,1409
1390,1433
1403,1418
1391,1417
1420,1417
1382,1445
1432,1413
1397,1456
1426,1447
1432,1419
1426,1439
1424,1440
1437,1458
1413,1456
1406,1469
1445,1443
1436,1448
1456,1469
1432,1451
1500,1470
1445,1437
1446,1457
1458,1462
1487,1476
1428,1478
1465,1462
1465,1479
1475,1458
1457,1469
1477,1462
1472,1457
1476,1485
1467,1492
1461,1469
1481,1497
1484,1491
1507,1507
1473,1495
1484,1517
1508,1498
1479,1499
1481,1483
1461,1505
1495,1508
1482,1498
1506,1520
1514,1466
1497,1498
1485,1508
1509,1494
1514,1493
1477,1510
1491,1528
1485,1515
1522,1536
1507,1518
1533,1525
1539,1529
1530,1503
1520,1508
1532,1535
1558,1550
1536,1509
1530,1526
1537,1519
1518,1543
1561,1523
1525,1525
1543,1533
1515,1537
1529,1515
1559,1541
1526,1533
1520,1527
1558,1513
1545,1527
1552,1517
1532,1547
1519,1527
1549,1538
1523,1530
1524,1527
1533,1536
1550,1535
1561,1507
1562,1530
1553,1519
1536,1534
1566,1541
1558,1542
1562,1525
1536,1520
1567,1532
1551,1549
1557,1521
1561,1496
1554,1541
1547,1522
1547,1546
1520,1510
1538,1498
1523,1528
1544,1512
1532,1528
1532,1528
1539,1514
1511,1517
1518,1520
1546,1502
1554,1504
1529,1496
1537,1507
1520,1513
1539,1493
1541,1502
1535,1513
1528,1512
1505,1517
1508,1500
1544,1506
1523,1488
1509,1483
1519,1505
1505,1510
1526,1477
1502,1471
1486,1500
1507,1500
1499,1468
1520,1483
1525,1463
1477,1489
1509,1476
1515,1488
1480,1473
1497,1474
1510,1458
1475,1455
1507,1457
1487,1469
1471,1470
1487,1450
1465,1460
1470,1450
1467,1467
1481,1449
1472,1446
1465,1433
1455,1445
1461,1445
1444,1433
1449,1430
1437,1405
1477,1416
1440,1412
1435,1445
1410,1427
1446,1407
1436,1423
1421,1411
1457,1450
1428,1418
1428,1378
1449,1436
1437,1421
1419,1408
1429,1402
1426,1427
1430,1392
1396,1405
1376,1397
1402,1396
1407,1400
1403,1382
1404,1392
1390,1392
1423,1394
1378,1389
1410,1373
1376,1377
1374,1379
1406,1374
1420,1392
1416,1352
1389,1367
1392,1376
1363,1388
1396,1382
1397,1375
1371,1386
1377,1358
1424,1375
1343,1370
1372,1361
1400,1354
1384,1366
1348,1396
1344,1360
1361,1362
1387,1376
1361,1358
1364,1367
1391,1373
1344,1369
1376,1378
1333,1371
1341,1367
1359,1367
1351,1358
1380,1352
1378,1362
1360,1364
1356,1343
1356,1367
1348,1360
1345,1383
1347,1366
1338,1363
1365,1356
1385,1357
1334,1368
1333,1338
1336,1377
1353,1354
1364,1369
1347,1368
1407,1356
1391,1387
1363,1374
1363,1363
1385,1382
1364,1386
1379,1384
1348,1372
1378,1377
1354,1383
1365,1366
1394,1371
1395,1371
1393,1401
1361,1400
1376,1370
1375,1391
1372,1391
1391,1392
1368,1398
1392,1387
1377,1393
1356,1411
1388,1414
1359,1404
1387,1426
1415,1393
1432,1434
1393,1401
1382,1395
1382,1412
1403,1406
1383,1439
1398,1408
1389,1439
1404,1408
1395,1412
1390,1434
1425,1439
1427,1449
1423,1420
1410,1441
1440,1447
1437,1451
1424,1452
1451,1461
1435,1456
1429,1455
1405,1474
1428,1448
1444,1465
1447,1440
1443,1456
1445,1474
1468,1476
1461,1449
1450,1470
1449,1453
1486,1466
1433,1484
1463,1492
1478,1464
1461,1476
1447,1482
1479,1493
1471,1470
1463,1476
1510,1452
1481,1495
1478,1530
1468,1502
1513,1506
1475,1512
1480,1480
1460,1516
1485,1498
1497,1511
1517,1523
1501,1517
1494,1494
1525,1508
1517,1501
1518,1493
1552,1545
1505,1527
1493,1528
1519,1507
1527,1507
1515,1505
1511,1521
1528,1525
1538,1507
1541,1494
1513,1544
1517,1533
1516,1519
1528,1514
1520,1532
1512,1517
1511,1539
1522,1527
1529,1543
1537,1547
1530,1544
1531,1515
1553,1524
1537,1564
1529,1530
1532,1507
1548,1541
1549,1539
1551,1532
1534,1526
1544,1529
1546,1534
1554,1524
1539,1545
1530,1543
1525,1528
1524,1526
1560,1523
1527,1557
1527,1531
1552,1526
1548,1532
1544,1528
1544,1544
1543,1537
1567,1524
1561,1509
1540,1533
1551,1521
1522,1505
1544,1531
1530,1508
1542,1521
1532,1531
1555,1526
1524,1516
1529,1531
1535,1526
1515,1525
1531,1494
1545,1500
1520,1527
1521,1512
1517,1489
1528,1475
1534,1510
1519,1491
1516,1502
1512,1519
1496,1495
1522,1501
1492,1508
1517,1489
1512,1503
1482,1479
1520,1470
1504,1486
1510,1477
1503,1490
1490,1491
1490,1462
1480,1449
1475,1455
1500,1450
1488,1455
1503,1488
1494,1456
1477,1463
1476,1501
1457,1475
1467,1440
1475,1418
1474,1474
1454,1453
1465,1466
1464,1432
1453,1450
1480,1455
1458,1440
1446,1438
1425,1437
1431,1433
1446,1436
1427,1426
1434,1388
1419,1427
1439,1411
1436,1414
1458,1401
1450,1411
1448,1416
1429,1418
1413,1415
1415,1421
1435,1401
1423,1386
1402,1400
1413,1392
1388,1416
1409,1394
1405,1425
1415,1426
1401,1393
1414,1385
1401,1392
1400,1387
1420,1416
1390,1381
1389,1369
1364,1369
1395,1366
1388,1400
1387,1374
1374,1382
1375,1373
1354,1386
1377,1377
1387,1373
1386,1362
1359,1387
1384,1379
1360,1389
1368,1363
1379,1373
1369,1388
1383,1338
1375,1363
1390,1374
1349,1371
1377,1369
1349,1345
1358,1352
1339,1345
1357,1373
1364,1357
1340,1364
1372,1355
1356,1358
1363,1356
1365,1345
1330,1365
1361,1366
1347,1378
1323,1350
1363,1380
1365,1381
1380,1346
1372,1373
1376,1355
1375,1366
1356,1378
1353,1362
1370,1366
1352,1362
1367,1385
1365,1388
1366,1349
1369,1379
1361,1392
1344,1363
1369,1363
1379,1371
1369,1369
1370,1384
1355,1358
1368,1388
1377,1393
1365,1409
1354,1382
1378,1375
1389,1386
1390,1372
1382,1382
1369,1370
1343,1393
1380,1402
1359,1398
1397,1416
1397,1387
1369,1388
1393,1400
1410,1430
1401,1387
1404,1406
1387,1402
1428,1438
1383,1427
1390,1444
1414,1414
1395,1424
1420,1411
1417,1402
1402,1412
1404,1431
1400,1435
1409,1451
1399,1406
1437,1427
1419,1443
1401,1444
1431,1429
1422,1461
1454,1437
1440,1469
1408,1447
1440,1457
1457,1449
1420,1434
1462,1471
1431,1469
1460,1466
1448,1454
1473,1473
1442,1488
1458,1477
1464,1464
1461,1472
1458,1493
1470,1459
1493,1487
1481,1474
1469,1498
1458,1482
1488,1494
1477,1487
1488,1528
1441,1489
1440,1501
1484,1506
1500,1510
1470,1499
1512,1509
1465,1500
1509,1506
1490,1505
1509,1508
1484,1527
1516,1527
1524,1542
1510,1528
1521,1524
1510,1503
1523,1518
1502,1505
1523,1518
1530,1528
1535,1545
1554,1538
1509,1535
1538,1533
1527,1544
1532,1551
1539,1538
1523,1530
1525,1528
1540,1533
1547,1524
1567,1536
1527,1550
1530,1551
1516,1530
1515,1528
1503,1550
1552,1551
1545,1528
1517,1534
1567,1544
1555,1557
1568,1545
1577,1534
1548,1536
1560,1537
1532,1538
1545,1540
1518,1517
1550,1539
1543,1538
1548,1527
1564,1541
1547,1510
1499,1541
1504,1530
1541,1515
1556,1539
1546,1537
1533,1550
1528,1507
1543,1517
1532,1518
1567,1510
1518,1517
1557,1517
1521,1521
1545,1494
1547,1524
1552,1531
1523,1504
1528,1510
1522,1509
1521,1507
1511,1499
1533,1518
1514,1474
1530,1486
1530,1499
1519,1504
1534,1484
1537,1511
1531,1495
1527,1491
1495,1501
1515,1484
1502,1493
1503,1498
1496,1485
1508,1459
1523,1487
1490,1457
1504,1481
1489,1488
1482,1474
1481,1460
1495,1492
1468,1482
1505,1457
1483,1478
1464,1463
1457,1451
1474,1472
1468,1464
1475,1446
1459,1439
1483,1445
1465,1438
1480,1430
1471,1452
1447,1424
1481,1429
1457,1418
1452,1437
1457,1429
1442,1431
1462,1407
1434,1412
1450,1421
1424,1386
1439,1457
1448,1419
1442,1432
1397,1411
1426,1408
1422,1404
1414,1413
1404,1411
1396,1408
1404,1413
1407,1393
1388,1418
1383,1401
1408,1380
1400,1385
1392,1387
1395,1389
1390,1384
1410,1399
1405,1398
1383,1396
1389,1408
1382,1372
1387,1385
1417,1380
1376,1380
1383,1397
1413,1390
1370,1384
1383,1371
1359,1354
1359,1386
1361,1338
1355,1350
1359,1367
1350,1378
1398,1343
1363,1367
1346,1363
1377,1359
1383,1368
1365,1345
1367,1380
1357,1350
1348,1383
1374,1337
1373,1378
1335,1371
1349,1367
1361,1356
1369,1342
1341,1371
1357,1376
1354,1399
1343,1337
1343,1364
1353,1373
1380,1374
1371,1384
1377,1372
1343,1384
1374,1377
1357,1336
1356,1394
1341,1369
1337,1378
1385,1383
1348,1384
1363,1374
1343,1379
1342,1385
1355,1395
1333,1369
1383,1393
1335,1406
1327,1390
1366,1384
1384,1392
1366,1367
1382,1375
1371,1368
1388,1387
1391,1382
1372,1393
1361,1404
1356,1393
1385,1423
1357,1411
1386,1403
1372,1409
1380,1398
1363,1418
1378,1417
1416,1408
1370,1412
1381,1423
1387,1428
1406,1450
1376,1397
1380,1424
1416,1396
1400,1407
1398,1418
1426,1409
1369,1433
1428,1411
1412,1428
1413,1446
1407,1435
1444,1431
1426,1447
1404,1418
1410,1434
1414,1483
1422,1453
1432,1456
1435,1472
1405,1461
1442,1435
1451,1466
1436,1466
1442,1458
1449,1442
1442,1471
1458,1460
1466,1477
1453,1470
1462,1469
1447,1469
1453,1487
1449,1459
1493,1472
1460,1486
1460,1489
1482,1501
1525,1493
1475,1507
1479,1499
1535,1509
1495,1494
1481,1517
1491,1487
1516,1491
1528,1505
1498,1527
1497,1523
1491,1518
1521,1527
1491,1523
1519,1503
1515,1530
1500,1490
1505,1506
1496,1504
1513,1538
1524,1524
1514,1526
1532,1520
1528,1522
1528,1554
1523,1520
1503,1531
1499,1499
1545,1519
1520,1531
1514,1520
1558,1513
1559,1529
1524,1536
1547,1524
1534,1537
1514,1521
1550,1523
1558,1556
1549,1544
1539,1520
1550,1516
1530,1526
1533,1537
1563,1547
1523,1540
1544,1534
1560,1533
1548,1556
1540,1516
1520,1549
1551,1526
1551,1527
1532,1528
1559,1516
1565,1540
1552,1545
1534,1525
1553,1536
1535,1528
1553,1517
1540,1519
1548,1559
1542,1520
1572,1532
1522,1524
1516,1537
1532,1535
1535,1547
1528,1501
1521,1507
1506,1518
1533,1513
1527,1507
1536,1495
1510,1515
1517,1538
1533,1509
1510,1499
1513,1517
1527,1507
1514,1501
1498,1489
1497,1494
1511,1494
1510,1485
1513,1480
1513,1484
1495,1498
1510,1502
1479,1504
1505,1486
1487,1491
1498,1477
1503,1484
1517,1478
1512,1444
1498,1458
1472,1468
1477,1438
1492,1480
1500,1466
1461,1438
1484,1476
1470,1436
1479,1461
1479,1456
1465,1452
1478,1465
1488,1442
1451,1430
1462,1423
1465,1415
1428,1456
1460,1440
1443,1418
1464,1422
1433,1436
1417,1452
1428,1438
1440,1390
1420,1410
1434,1396
1472,1429
1401,1414
1455,1421
1422,1414
1428,1405
1409,1420
1443,1405
1399,1404
1397,1412
1449,1389
1414,1388
1391,1416
1409,1416
1414,1382
1387,1388
1435,1399
1391,1392
1394,1386
1405,1386
1407,1411
1391,1388
1388,1421
1404,1399
1361,1369
1398,1379
1382,1372
1364,1373
1392,1380
1401,1377
1377,1390
1358,1380
1334,1329
1356,1352
1365,1357
1381,1346
1385,1393
1410,1360
1414,1389
1346,1387
1373,1357
1373,1372
1354,1347
1358,1377
1350,1369
1339,1346
1344,1363
1398,1356
1356,1358
1354,1349
1351,1386
1352,1363
1356,1372
1358,1337
1370,1358
1387,1354
1355,1385
1359,1379
1340,1379
1353,1361
1342,1370
1358,1354
1347,1387
1350,1384
1370,1363
1335,1355
1355,1398
1366,1360
1347,1383
1323,1360
1339,1356
1377,1386
1403,1394
1375,1380
1355,1368
1370,1368
1368,1387
1357,1359
1381,1360
1373,1374
1357,1382
1381,1403
1369,1385
1354,1401
1359,1383
1349,1375
1355,1407
1365,1385
1372,1396
1375,1405
1369,1409
1384,1408
1395,1377
1404,1410
1393,1396
1376,1401
1377,1428
1384,1421
1368,1451
1391,1418
1394,1407
1383,1410
1383,1441
1406,1423
1385,1416
1411,1418
1432,1419
1403,1433
1439,1437
1433,1429
1406,1448
1413,1452
1420,1437
1443,1440
1424,1470
1423,1431
1453,1417
1430,1454
1429,1441
1438,1476
1439,1445
1459,1453
1450,1451
1459,1467
1459,1476
1441,1449
1462,1462
1467,1465
1451,1468
1479,1476
1440,1467
1463,1495
1458,1494
1468,1471
1471,1486
1501,1489
1478,1491
1468,1480
1473,1509
1474,1496
1489,1495
1490,1499
1506,1519
1488,1505
1514,1492
1495,1486
1500,1508
1492,1504
1512,1505
1516,1497
1494,1514
1533,1516
1496,1501
1510,1495
1517,1521
1500,1524
1529,1534
1526,1527
1528,1513
1516,1531
1545,1529
1506,1499
1501,1506
1517,1514
1537,1517
1533,1521
1521,1538
1550,1533
1540,1535
1543,1524
1498,1543
1509,1532
1556,1548
1542,1534
1540,1521
1548,1540
1521,1532
1522,1544
1547,1536
1547,1516
1558,1544
1559,1511
1540,1540
1552,1535
1526,1543
1555,1550
1542,1547
1525,1513
1543,1530
1543,1510
1551,1549
1545,1537
1535,1502
1530,1526
1561,1557
1525,1554
1533,1549
1528,1540
1535,1507
1539,1526
1548,1527
1534,1508
1541,1525
1536,1539
1531,1520
1548,1508
1530,1524
1524,1503
1530,1502
1546,1500
1505,1506
1563,1516
1529,1497
1532,1502
1487,1518
1529,1500
1496,1522
1515,1491
1511,1484
1515,1508
1516,1476
1513,1500
1512,1461
1520,1493
1513,1462
1522,1515
1513,1450
1499,1474
1485,1501
1526,1475
1515,1473
1494,1454
1507,1455
1465,1477
1494,1484
1513,1464
1500,1452
1482,1451
1460,1450
1488,1461
1479,1451
1470,1452
1484,1462
1485,1439
1446,1426
1481,1462
1481,1432
1472,1466
1444,1422
1467,1466
1447,1424
1465,1430
1451,1418
1452,1445
1442,1422
1449,1439
1455,1427
1440,1413
1425,1422
1427,1427
1390,1424
1431,1428
1445,1417
1434,1434
1413,1415
1402,1409
1438,1420
1382,1413
1413,1396
1396,1392
1393,1410
1420,1393
1394,1375
1388,1414
1423,1415
1414,1398
1403,1379
1410,1386
1392,1387
1397,1395
1406,1387
1384,1391
1392,1370
1367,1374
1376,1387
1387,1385
1372,1400
1378,1387
1356,1366
1383,1383
1355,1393
1369,1366
1400,1339
1364,1361
1369,1367
1383,1374
1357,1379
1356,1354
1379,1357
1379,1352
1340,1348
1371,1382
1380,1358
1384,1360
1370,1369
1395,1370
1382,1378
1357,1360
1345,1390
1374,1372
1350,1360
1342,1391
1367,1385
1335,1375
1354,1370
1354,1369
1361,1361
1364,1382
1349,1362
1347,1372
1365,1383
1380,1358
1362,1363
1350,1369
1335,1378
1344,1369
1349,1387
1342,1351
1353,1401
1384,1380
1325,1372
1366,1379
1356,1387
1373,1378
1390,1374
1341,1389
1365,1383
1397,1374
1345,1382
1352,1371
1394,1409
1371,1376
1376,1395
1350,1382
1380,1389
1357,1413
1374,1386
1363,1369
1393,1395
1408,1402
1396,1403
1383,1401
1404,1417
1403,1408
1367,1433
1365,1419
1403,1415
1415,1416
1398,1425
1370,1420
1378,1423
1420,1428
1428,1433
1393,1438
1393,1434
1442,1444
1411,1411
1426,1417
1444,1444
1419,1446
1419,1447
1439,1456
1417,1459
1432,1435
1451,1448
1451,1446
1462,1456
1425,1456
1454,1438
1469,1476
1430,1460
1480,1461
1460,1465
1462,1485
1450,1463
1469,1481
1464,1480
1453,1458
1510,1477
1470,1485
1485,1475
1462,1477
1482,1489
1473,1452
1459,1494
1476,1491
1481,1507
1482,1507
1482,1529
1485,1473
1471,1512
1494,1501
1486,1524
1512,1516
1515,1506
1508,1487
1502,1514
1512,1508
1481,1537
1513,1520
1517,1509
1506,1505
1522,1514
1495,1530
1541,1540
1507,1513
1513,1542
1519,1521
1510,1531
1533,1520
1535,1527
1501,1522
1494,1506
1528,1517
1522,1523
1520,1539
1542,1519
1532,1540
1532,1534
1528,1531
1541,1522
1503,1524
1533,1534
1538,1529
1553,1521
1562,1540
1536,1532
1530,1506
1539,1524
1554,1530
1552,1537
1528,1517
1543,1549
1513,1552
1558,1533
1529,1541
1554,1532
1538,1522
1518,1535
1582,1523
1536,1501
1536,1503
1555,1522
1535,1524
1547,1527
1527,1520
1562,1509
1538,1528
1559,1525
1531,1522
1513,1527
1539,1526
1546,1543
1535,1486
1505,1507
1528,1523
1542,1498
1540,1523
1567,1525
1538,1524
1504,1518
1511,1526
1536,1534
1524,1477
1539,1489
1525,1512
1529,1501
1530,1487
1531,1508
1492,1526
1521,1494
1485,1494
1528,1487
1503,1498
1515,1499
1515,1492
1496,1469
1503,1495
1504,1501
1493,1496
1499,1469
1467,1480
1488,1450
1478,1479
1493,1490
1483,1462
1484,1467
1508,1455
1466,1482
1456,1454
1448,1481
1469,1422
1479,1452
1465,1432
1477,1454
1473,1436
1504,1440
1456,1448
1446,1432
1449,1429
1456,1458
1427,1434
1456,1430
1463,1447
1445,1453
1457,1446
1444,1451
1438,1430
1424,1423
1433,1414
1430,1429
1408,1403
1427,1390
1422,1413
1422,1407
1399,1414
1393,1382
1436,1406
1427,1400
1403,1426
1405,1396
1397,1421
1414,1403
1361,1369
1382,1383
1397,1372
1385,1407
1394,1370
1379,1397
1416,1368
1369,1415
1372,1398
1398,1359
1391,1390
1360,1393
1368,1371
1403,1360
1372,1368
1388,1376
1345,1371
1399,1386
1368,1353
1348,1377
1375,1387
1361,1357
1362,1334
1331,1357
1356,1358
1353,1358
1378,1375
1364,1385
1367,1378
1370,1380
1351,1375
1385,1364
1366,1368
1387,1360
1356,1357
1347,1375
1395,1380
1349,1350
1331,1381
1359,1363
1381,1371
1365,1381
1339,1355
1349,1391
1335,1370
1359,1385
1371,1386
1379,1382
1364,1367
1338,1366
1361,1394
1347,1371
1349,1401
1370,1369
1364,1376
1339,1385
1357,1372
1369,1384
1370,1388
1378,1375
1387,1380
1335,1367
1375,1399
1370,1393
1371,1395
1375,1404
1374,1384
1363,1383
1371,1399
1390,1415
1347,1392
1366,1398
1381,1395
1396,1395
1388,1421
1369,1405
1388,1413
1398,1418
1394,1426
1376,1409
1387,1425
1403,1415
1376,1440
1436,1403
1411,1413
1411,1428
1423,1408
1406,1416
1410,1425
1412,1418
1380,1439
1395,1435
1407,1444
1407,1453
1407,1441
1424,1445
1427,1445
1434,1452
1448,1450
1436,1468
1433,1467
1424,1456
1419,1469
1460,1472
1442,1460
1461,1449
1464,1469
1455,1456
1458,1450
1466,1453
1453,1468
1453,1485
1471,1493
1476,1473
1485,1464
1451,1499
1469,1508
1489,1463
1492,1497
1488,1481
1453,1496
1493,1494
1493,1519
1494,1504
1496,1498
1455,1495
1475,1507
1485,1519
1493,1525
1476,1493
1484,1516
1480,1509
1521,1513
1487,1503
1500,1512
1512,1513
1497,1478
1538,1501
1522,1524
1516,1518
1505,1522
1492,1515
1527,1529
1526,1532
1513,1512
1536,1543
1501,1549
1546,1503
1524,1517
1542,1543
1561,1542
1560,1539
1538,1544
1555,1548
1551,1545
1520,1531
1554,1524
1553,1542
1533,1530
1533,1503
1535,1530
1521,1519
1546,1526
1546,1554
1563,1508
1507,1533
1556,1537
1536,1528
1549,1540
1539,1539
1521,1538
1543,1540
1512,1519
1523,1541
1546,1529
1515,1534
1557,1507
1536,1525
1527,1516
1559,1535
1555,1507
1532,1516
1520,1516
1538,1534
1554,1504
1541,1527
1521,1522
1519,1522
1533,1523
1495,1513
1525,1518
1539,1515
1510,1521
1525,1511
1540,1495
1542,1523
1492,1492
1509,1505
1547,1499
1513,1503
1509,1488
1545,1499
1511,1517
1501,1499
1546,1477
1526,1506
1505,1508
1527,1492
1522,1496
1532,1495
1508,1488
1495,1462
1481,1452
1505,1474
1501,1457
1489,1471
1485,1446
1506,1459
1484,1497
1485,1455
1495,1445
1483,1465
1474,1457
1479,1455
1462,1441
1467,1448
1440,1451
1478,1426
1476,1444
1438,1434
1466,1461
1455,1415
1469,1456
1471,1441
1448,1423
1454,1455
1436,1440
1427,1418
1454,1426
1434,1428
1461,1446
1446,1423
1432,1424
1437,1407
1416,1426
1425,1425
1429,1417
1416,1390
1397,1404
1428,1420
1423,1412
1405,1424
1398,1418
1405,1392
1394,1398
1409,1406
1401,1401
1386,1394
1411,1400
1428,1402
1413,1378
1388,1403
1407,1407
1394,1401
1371,1379
1389,1376
1352,1389
1385,1379
1383,1372
1364,1381
1392,1419
1383,1373
1389,1373
1368,1366
1346,1371
1385,1366
1372,1358
1396,1381
1389,1393
1363,1377
1378,1378
1380,1378
1381,1378
1345,1373
1359,1349
1359,1374
1386,1357
1377,1369
1334,1378
1327,1365
1357,1367
1368,1366
1364,1361
1374,1376
1338,1386
1344,1363
1345,1369
1359,1400
1358,1378
1334,1370
1361,1371
1355,1379
1363,1356
1338,1375
1391,1374
1395,1380
1348,1375
1371,1393
1392,1401
1355,1379
1393,1361
1389,1375
1358,1392
1374,1360
1352,1392
1362,1373
1350,1386
1386,1407
1370,1392
1392,1388
1346,1385
1370,1375
1381,1385
1360,1401
1347,1394
1396,1386
1398,1387
1394,1403
1373,1396
1397,1372
1402,1427
1412,1396
1361,1389
1385,1427
1360,1419
1374,1417
1416,1436
1403,1422
1398,1405
1394,1424
1413,1424
1391,1404
1410,1421
1412,1425
1409,1443
1421,1437
1434,1443
1430,1424
1383,1448
1425,1436
1433,1422
1405,1428
1407,1441
1404,1445
1422,1442
1431,1434
1412,1420
1435,1449
1450,1461
1441,1450
1436,1419
1442,1455
1466,1473
1467,1462
1435,1465
1454,1466
1420,1478
1466,1493
1454,1481
1479,1484
1481,1448
1474,1494
1437,1473
1468,1501
1499,1505
1461,1497
1505,1492
1496,1496
1476,1481
1473,1476
1482,1507
1480,1502
1474,1475
1478,1499
1449,1484
1499,1497
1501,1518
1478,1511
1496,1508
1491,1509
1502,1486
1523,1501
1503,1511
1486,1488
1492,1522
1505,1555
1503,1511
1486,1507
1524,1533
1501,1524
1516,1517
1534,1528
1529,1519
1534,1518
1547,1516
1535,1526
1518,1500
1539,1523
1532,1533
1544,1540
1578,1524
1534,1555
1540,1519
1535,1538
1519,1533
1540,1521
1518,1520
1540,1516
1551,1534
1541,1531
1542,1526
1544,1531
1546,1531
1541,1518
1568,1552
1537,1519
1536,1542
1573,1517
1553,1518
1531,1533
1530,1529
1554,1500
1565,1501
1556,1527
1510,1526
1566,1530
1545,1487
1534,1522
1563,1532
1552,1521
1527,1536
1538,1518
1516,1533
1530,1511
1531,1517
1510,1513
1517,1512
1532,1526
1527,1501
1521,1515
1540,1515
1505,1492
1527,1496
1511,1511
1504,1516
1527,1510
1526,1506
1559,1480
1507,1497
1500,1516
1489,1500
1537,1493
1527,1498
1523,1492
1539,1488
1485,1482
1481,1491
1495,1466
1503,1512
1486,1499
1520,1481
1495,1471
1474,1495
1487,1484
1494,1473
1490,1470
1492,1471
1464,1458
1485,1455
1475,1460
1446,1486
1459,1438
1486,1468
1447,1463
1495,1431
1491,1447
1488,1438
1442,1427
1458,1434
1437,1413
1436,1443
1454,1442
1454,1441
1455,1444
1443,1424
1446,1427
1409,1421
1420,1422
1447,1417
1423,1440
1431,1436
1445,1413
1430,1422
1426,1429
1437,1428
1447,1407
1433,1418
1416,1420
1406,1416
1398,1416
1404,1430
1433,1404
1398,1397
1422,1408
1418,1393
1426,1420
1377,1386
1390,1399
1396,1379
1391,1399
1386,1391
1372,1390
1408,1414
1399,1387
1407,1376
1387,1386
1388,1397
1378,1400
1386,1384
1413,1374
1377,1366
1386,1383
1360,1364
1374,1372
1378,1377
1362,1371
1357,1369
1385,1376
1368,1354
1320,1380
1410,1374
1374,1363
1353,1359
1364,1396
1368,1365
1367,1383
1376,1368
1372,1384
1356,1373
1329,1358
1380,1372
1377,1340
1354,1394
1365,1375
1350,1362
1374,1369
1356,1363
1367,1367
1369,1339
1378,1377
1359,1383
1338,1390
1349,1363
1354,1361
1340,1382
1367,1381
1364,1373
1364,1381
1387,1398
1363,1365
1408,1365
1344,1363
1406,1383
1384,1418
1352,1369
1378,1384
1382,1384
1358,1384
1349,1423
1359,1402
1372,1385
1381,1396
1384,1396
1359,1388
1365,1400
1385,1390
1382,1377
1433,1431
1368,1386
1381,1389
1381,1383
1389,1403
1415,1433
1379,1401
1364,1407
1376,1393
1394,1411
1404,1433
1388,1411
1399,1401
1390,1405
1357,1411
1434,1392
1411,1422
1406,1430
1423,1406
1427,1443
1423,1425
1435,1443
1432,1443
1441,1426
1407,1444
1448,1431
1415,1455
1424,1448
1425,1439
1453,1437
1424,1437
1426,1432
1468,1452
1444,1458
1451,1457
1426,1449
1489,1460
1439,1478
1447,1475
1459,1463
1490,1481
1435,1471
1487,1464
1466,1482
1453,1487
1467,1498
1457,1481
1431,1467
1492,1489
1506,1486
1493,1499
1457,1505
1480,1473
1486,1492
1481,1478
1476,1502
1502,1526
1495,1478
1514,1498
1507,1513
1508,1523
1479,1492
1513,1496
1482,1500
1515,1518
1505,1511
1491,1498
1549,1508
1501,1532
1537,1514
1482,1511
1512,1513
1511,1521
1527,1535
1542,1505
1539,1547
1511,1511
1545,1541
1525,1511
1556,1535
1528,1522
1524,1517
1527,1531
1542,1512
1536,1529
1508,1527
1525,1541
1534,1519
1509,1535
1532,1528
1557,1540
1522,1539
1582,1523
1525,1519
1562,1537
1516,1523
1560,1527
1535,1534
1525,1505
1546,1534
1529,1519
1551,1516
1525,1523
1559,1533
1529,1510
1537,1568
1573,1507
1542,1515
1532,1529
1545,1528
1529,1508
1522,1532
1536,1523
1535,1514
1531,1506
1518,1514
1544,1520
1487,1496
1522,1523
1509,1519
1516,1494
1502,1515
1534,1538
1500,1509
1552,1503
1520,1504
1501,1504
1502,1497
1532,1490
1521,1491
1530,1498
1505,1500
1491,1505
1505,1516
1502,1478
1509,1483
1516,1493
1477,1498
1488,1497
1515,1491
1515,1485
1502,1486
1480,1492
1495,1469
1464,1476
1515,1460
1503,1488
1485,1458
1481,1458
1483,1446
1464,1469
1476,1445
1493,1456
1456,1433
1488,1444
1497,1443
1474,1439
1463,1445
1472,1443
1457,1414
1481,1467
1446,1428
1462,1429
1450,1449
1455,1431
1452,1438
1432,1453
1441,1414
1442,1430
1417,1436
1451,1419
1452,1404
1399,1411
1427,1411
1455,1392
1445,1397
1404,1416
1403,1416
1429,1416
1441,1389
1431,1422
1403,1359
1423,1398
1413,1419
1412,1388
1403,1418
1404,1400
1401,1406
1387,1378
1400,1380
1413,1395
1385,1388
1390,1374
1391,1405
1392,1382
1393,1370
1391,1389
1365,1391
1392,1405
1389,1373
1394,1383
1375,1377
1367,1390
1412,1362
1378,1375
1371,1385
1377,1367
1384,1390
1365,1376
1408,1377
1366,1373
1368,1373
1340,1367
1357,1353
1383,1372
1350,1366
1376,1377
1359,1387
1348,1375
1371,1369
1351,1370
1370,1374
1371,1380
1369,1383
1385,1354
1356,1357
1357,1390
1364,1374
1352,1369
1384,1380
1332,1352
1369,1371
1357,1392
1361,1351
1355,1350
1381,1352
1369,1391
1395,1412
1356,1402
1378,1386
1344,1402
1375,1407
1374,1392
1343,1368
1374,1412
1381,1405
1379,1393
1402,1375
1371,1372
1367,1400
1370,1414
1367,1369
1399,1372
1359,1401
1372,1402
1385,1409
1382,1386
1388,1392
1390,1394
1392,1382
1404,1403
1406,1387
1398,1414
1398,1419
1367,1430
1392,1410
1414,1428
1395,1396
1382,1423
1407,1414
1424,1433
1434,1435
1410,1422
1413,1448
1431,1420
1433,1423
1406,1423
1391,1440
1407,1440
1432,1447
1411,1430
1441,1447
1420,1442
1408,1434
1426,1449
1436,1432
1479,1441
1431,1472
1475,1460
1460,1461
1435,1473
1438,1458
1441,1461
1444,1458
1463,1461
1435,1478
1464,1450
1447,1470
1441,1460
1419,1474
1447,1463
1440,1482
1477,1505
1463,1503
1485,1493
1502,1477
1484,1500
1461,1490
1479,1500
1484,1506
1472,1506
1495,1471
1483,1513
1485,1486
1482,1490
1510,1515
1517,1503
1446,1505
1498,1521
1504,1502
1495,1513
1492,1494
1507,1523
1500,1497
1528,1522
1471,1514
1521,1519
1495,1529
1528,1534
1513,1507
1497,1501
1527,1504
1520,1528
1531,1531
1525,1528
1499,1512
1518,1517
1531,1519
1514,1496
1517,1506
1565,1513
1518,1524
1520,1559
1529,1536
1542,1523
1558,1518
1524,1517
1519,1539
1533,1526
1528,1528
1529,1537
1519,1528
1546,1528
1532,1524
1532,1537
1521,1524
1538,1530
1523,1518
1527,1530
1513,1532
1535,1535
1505,1541
1539,1524
1537,1510
1537,1515
1514,1530
1522,1507
1520,1547
1519,1532
1521,1514
1535,1524
1527,1523
1499,1501
1514,1518
1529,1512
1528,1501
1527,1499
1535,1507
1522,1518
1513,1499
1529,1490
1505,1504
1499,1509
1552,1512
1526,1489
1506,1506
1505,1520
1487,1497
1510,1494
1510,1515
1500,1472
1506,1475
1530,1467
1506,1478
1456,1481
1524,1484
1475,1487
1516,1466
1492,1471
1507,1462
1508,1486
1498,1448
1502,1446
1498,1470
1495,1463
1501,1464
1476,1473
1484,1468
1500,1452
1483,1461
1460,1442
1452,1452
1441,1476
1474,1450
1473,1458
1473,1446
1474,1434
1470,1434
1466,1436
1437,1447
1444,1451
1478,1429
1450,1434
1445,1428
1434,1441
1450,1426
1441,1452
1446,1442
1431,1413
1407,1439
1402,1434
1425,1435
1435,1417
1451,1410
1400,1405
1408,1439
1426,1390
1441,1408
1400,1388
1413,1372
1414,1394
1430,1403
1412,1381
1388,1406
1402,1372
1394,1408
1398,1392
1386,1433
1423,1393
1418,1419
1392,1403
1422,1398
1370,1386
1371,1385
1402,1384
1400,1375
1407,1383
1414,1402
1371,1399
1387,1384
1414,1387
1372,1393
1364,1395
1376,1359
1392,1390
1418,1374
1362,1382
1387,1390
1386,1379
1361,1374
1350,1371
1413,1391
1370,1387
1371,1360
1382,1391
1366,1370
1355,1366
1375,1373
1374,1374
1385,1404
1378,1388
1375,1360
1379,1369
1360,1374
1371,1389
1367,1362
1354,1392
1348,1362
1371,1378
1378,1362
1343,1341
1373,1392
1363,1367
1366,1362
1354,1388
1353,1376
1367,1371
1360,1393
1373,1374
1400,1391
1354,1372
1374,1365
1356,1386
1347,1377
1368,1364
1398,1401
1371,1390
1361,1403
1382,1378
1377,1401
1393,1387
1381,1384
1372,1380
1381,1367
1373,1416
1395,1392
1386,1389
1375,1385
1371,1410
1420,1426
1370,1401
1394,1406
1393,1423
1381,1446
1384,1422
1385,1439
1426,1400
1421,1420
1401,1417
1406,1414
1394,1422
1415,1430
1430,1420
1419,1435
1412,1412
1389,1424
1394,1456
1395,1456
1435,1432
1409,1448
1439,1470
1437,1462
1421,1473
1418,1440
1421,1451
1438,1451
1467,1437
1450,1483
1444,1477
1455,1438
1433,1465
1449,1459
1430,1455
1460,1458
1451,1460
1480,1478
1437,1488
1479,1462
1457,1463
1477,1450
1448,1455
1469,1501
1447,1483
1481,1519
1483,1496
1473,1506
1479,1511
1495,1508
1480,1508
1463,1470
1513,1497
1494,1505
1519,1491
1503,1513
1477,1503
1477,1535
1527,1511
1505,1509
1523,1533
1487,1520
1498,1519
1508,1506
1511,1508
1494,1478
1543,1524
1516,1483
1530,1523
1519,1497
1531,1525
1532,1532
1502,1500
1501,1529
1517,1527
1508,1502
1508,1500
1526,1519
1547,1512
1519,1524
1516,1537
1523,1548
1523,1536
1534,1525
1552,1537
1509,1523
1538,1509
1524,1521
1514,1534
1514,1524
1524,1528
1533,1537
1525,1516
1523,1523
1519,1520
1529,1513
1533,1503
1516,1530
1543,1522
1538,1519
1535,1517
1537,1513
1534,1505
1530,1534
1539,1511
1519,1489
1531,1528
1542,1520
1556,1520
1510,1512
1486,1503
1532,1506
1531,1514
1529,1504
1520,1509
1529,1529
1538,1503
1554,1514
1520,1517
1493,1501
1495,1492
1537,1489
1525,1498
1495,1498
1497,1483
1492,1491
1503,1507
1491,1496
1526,1491
1511,1494
1483,1483
1492,1502
1512,1487
1513,1468
1518,1482
1484,1506
1494,1470
1484,1501
1506,1464
1482,1462
1476,1465
1493,1460
1500,1490
1512,1473
1490,1469
1464,1480
1488,1472
1517,1453
1472,1453
1486,1454
1463,1450
1448,1434
1474,1476
1487,1455
1451,1440
1471,1434
1477,1457
1449,1445
1459,1453
1469,1452
1451,1434
1464,1436
1446,1428
1443,1409
1461,1456
1436,1472
1430,1429
1443,1430
1464,1411
1453,1414
1411,1414
1433,1423
1420,1429
1394,1402
1443,1403
1414,1400
1443,1413
1442,1416
1446,1396
1394,1408
1423,1410
1430,1395
1409,1401
1388,1408
1418,1418
1394,1407
1407,1406
1410,1364
1399,1394
1397,1389
1397,1377
1392,1389
1428,1403
1383,1421
1408,1399
1363,1376
1410,1373
1390,1386
1362,1382
1388,1358
1407,1396
1368,1392
1409,1383
1403,1391
1381,1386
1364,1371
1356,1362
1347,1382
1376,1376
1379,1369
1364,1384
1369,1368
1367,1399
1353,1348
1361,1387
1365,1388
1383,1379
1354,1363
1348,1353
1352,1381
1375,1378
1372,1383
1360,1360
1396,1361
1357,1372
1344,1357
1347,1373
1372,1372
1374,1367
1357,1363
1381,1368
1354,1406
1358,1373
1362,1399
1389,1387
1347,1369
1383,1388
1343,1392
1367,1387
1349,1366
1371,1366
1387,1419
1386,1383
1390,1381
1369,1390
1375,1402
1351,1389
1396,1388
1395,1410
1382,1388
1364,1399
1384,1437
1382,1393
1393,1392
1392,1405
1378,1391
1384,1410
1380,1408
1393,1418
1395,1383
1407,1408
1409,1407
1370,1431
1399,1410
1417,1435
1389,1410
1397,1448
1411,1416
1385,1419
1398,1426
1395,1423
1373,1441
1422,1437
1430,1425
1430,1451
1437,1451
1417,1453
1432,1434
1428,1423
1437,1434
1454,1428
1438,1434
1419,1429
1425,1452
1441,1458
1435,1450
1432,1468
1463,1459
1471,1459
1422,1464
1448,1482
1443,1491
1443,1468
1460,1478
1460,1462
1450,1476
1428,1471
1467,1483
1461,1457
1465,1467
1461,1462
1465,1471
1468,1470
1469,1473
1471,1477
1484,1484
1475,1463
1481,1526
1486,1505
1497,1499
1463,1458
1482,1504
1500,1490
1474,1501
1493,1504
1491,1487
1483,1508
1486,1495
1509,1520
1521,1505
1511,1498
1490,1526
1508,1524
1518,1524
1507,1530
1517,1512
1506,1507
1510,1509
1531,1534
1475,1524
1504,1517
1517,1530
1518,1546
1531,1506
1545,1518
1547,1509
1530,1496
1524,1546
1545,1496
1547,1524
1531,1535
1528,1526
1542,1530
1529,1493
1521,1529
1515,1517
1542,1511
1531,1530
1522,1500
1531,1507
1550,1530
1524,1505
1558,1529
1521,1539
1537,1500
1534,1520
1529,1506
1533,1509
1543,1532
1540,1545
1522,1510
1500,1541
1518,1522
1536,1509
1530,1512
1513,1534
1519,1503
1523,1520
1522,1515
1530,1507
1518,1513
1510,1510
1504,1517
1520,1502
1503,1497
1527,1500
1531,1498
1501,1513
1529,1519
1514,1504
1512,1508
1502,1513
1527,1477
1540,1518
1520,1486
1515,1500
1523,1495
1519,1476
1500,1525
1525,1503
1522,1481
1533,1482
1496,1486
1484,1462
1485,1488
1459,1475
1510,1476
1515,1468
1475,1466
1499,1473
1473,1464
1483,1434
1484,1497
1466,1449
1480,1479
1481,1465
1479,1468
1466,1459
1474,1450
1460,1469
1490,1436
1454,1437
1497,1457
1444,1462
1467,1425
1443,1446
1476,1451
1443,1436
1447,1454
1464,1444
1452,1424
1458,1419
1471,1437
1423,1406
1465,1446
1437,1389
1420,1421
1453,1437
1432,1440
1417,1439
1426,1430
1443,1435
1445,1424
1427,1403
1445,1418
1433,1412
1431,1409
1433,1403
1400,1409
1430,1416
1402,1398
1384,1417
1415,1384
1397,1402
1400,1389
1399,1410
1408,1401
1421,1389
1400,1395
1389,1386
1395,1384
1393,1401
1393,1384
1381,1367
1395,1389
1406,1385
1400,1377
1390,1379
1374,1389
1345,1365
1381,1392
1399,1392
1383,1380
1375,1375
1382,1372
1352,1372
1381,1382
1388,1378
1372,1395
1381,1367
1365,1401
1385,1356
1353,1389
1374,1396
1364,1390
1386,1384
1369,1389
1363,1411
1409,1350
1378,1377
1355,1374
1362,1372
1421,1380
1350,1373
1381,1346
1378,1380
1366,1377
1366,1397
1381,1417
1382,1366
1376,1382
1363,1376
1355,1373
1388,1399
1361,1386
1365,1388
1380,1406
1395,1398
1381,1377
1363,1385
1368,1396
1379,1354
1355,1385
1373,1390
1397,1409
1368,1387
1346,1391
1375,1394
1385,1402
1373,1428
1384,1403
1384,1409
1406,1407
1393,1418
1400,1395
1410,1421
1386,1391
1386,1420
1400,1444
1408,1398
1408,1425
1390,1424
1422,1404
1398,1395
1395,1413
1426,1402
1399,1408
1402,1459
1410,1429
1392,1439
1389,1422
1426,1416
1417,1425
1445,1448
1406,1436
1428,1433
1431,1440
1428,1437
1425,1422
1437,1422
1424,1449
1432,1438
1425,1469
1438,1458
1446,1453
1447,1489
1450,1461
1476,1463
1413,1447
1459,1468
1445,1466
1440,1462
1453,1474
1439,1481
1467,1480
1435,1465
1447,1473
1463,1473
1477,1498
1456,1489
1477,1484
1491,1499
1474,1433
1472,1476
1482,1506
1468,1506
1480,1477
1460,1505
1478,1510
1485,1487
1509,1508
1522,1495
1476,1512
1510,1515
1478,1520
1489,1505
1506,1499
1501,1532
1480,1497
1499,1522
1500,1512
1532,1500
1488,1514
1493,1505
1539,1499
1508,1489
1496,1519
1498,1516
1524,1524
1506,1509
1535,1529
1501,1513
1510,1521
1509,1521
1516,1511
1513,1507
1520,1510
1531,1507
1523,1510
1509,1506
1535,1518
1521,1497
1517,1536
1508,1518
1523,1538
1525,1506
1525,1534
1515,1544
1531,1512
1553,1503
1535,1507
1516,1511
1540,1535
1546,1519
1517,1527
1526,1504
1514,1537
1557,1508
1525,1502
1533,1545
1535,1526
1537,1514
1550,1518
1546,1507
1547,1504
1514,1510
1564,1492
1568,1528
1543,1521
1526,1501
1494,1504
1514,1503
1508,1514
1482,1517
1513,1507
1522,1501
1498,1501
1527,1514
1507,1501
1515,1490
1515,1476
1512,1505
1523,1501
1512,1484
1514,1508
1523,1524
1478,1515
1485,1499
1510,1486
1535,1481
1483,1505
1498,1485
1476,1482
1478,1467
1501,1451
1489,1477
1513,1499
1494,1455
1460,1469
1470,1458
1474,1465
1499,1425
1464,1488
1468,1463
1489,1452
1438,1455
1473,1475
1494,1434
1483,1450
1481,1456
1488,1451
1464,1441
1457,1452
1471,1457
1475,1448
1449,1447
1437,1452
1441,1433
1466,1410
1459,1441
1454,1427
1430,1412
1433,1419
1438,1418
1435,1417
1436,1438
1426,1442
1454,1436
1410,1432
1425,1411
1413,1426
1436,1396
1428,1402
1422,1428
1391,1435
1453,1404
1412,1420
1419,1435
1454,1388
1422,1389
1402,1389
1394,1408
1380,1418
1418,1408
1397,1393
1423,1388
1391,1386
1386,1383
1390,1395
1391,1401
1392,1383
1393,1379
1416,1387
1373,1402
1392,1389
1372,1382
1402,1387
1371,1422
1387,1393
1393,1383
1391,1392
1375,1408
1376,1390
1380,1397
1385,1384
1401,1385
1406,1374
1377,1374
1363,1387
1374,1374
1371,1374
1362,1378
1374,1371
1359,1388
1376,1378
1374,1354
1374,1387
1366,1351
1374,1357
1339,1348
1377,1383
1351,1394
1356,1380
1374,1375
1369,1378
1372,1383
1359,1371
1402,1381
1376,1361
1359,1403
1358,1371
1373,1378
1383,1397
1384,1386
1357,1366
1374,1372
1370,1399
1363,1426
1392,1380
1368,1391
1376,1391
1369,1388
1384,1415
1394,1411
1349,1381
1379,1409
1376,1394
1373,1404
1413,1431
1390,1395
1389,1394
1391,1420
1384,1427
1380,1414
1417,1407
1426,1402
1415,1395
1372,1408
1365,1410
1395,1435
1427,1416
1402,1407
1398,1426
1393,1438
1396,1408
1390,1425
1397,1454
1413,1426
1435,1470
1433,1448
1418,1466
1411,1433
1421,1431
1400,1443
1431,1432
1433,1443
1406,1460
1427,1453
1433,1449
1445,1441
1427,1469
1459,1449
1421,1481
1449,1465
1465,1470
1466,1460
1461,1480
1442,1482
1431,1470
1449,1494
1476,1471
1448,1481
1440,1483
1481,1478
1458,1465
1472,1459
1458,1442
1449,1475
1464,1488
1455,1464
1500,1502
1461,1496
1487,1467
1478,1482
1479,1473
1487,1498
1494,1495
1485,1494
1483,1509
1516,1499
1483,1494
1494,1500
1495,1498
1512,1484
1508,1487
1515,1479
1504,1521
1483,1503
1518,1504
1527,1464
1510,1512
1539,1506
1530,1515
1489,1501
1502,1521
1523,1528
1490,1491
1504,1505
1513,1519
1503,1518
1537,1544
1525,1514
1520,1506
1525,1521
1521,1523
1524,1531
1510,1513
1547,1526
1533,1513
1514,1527
1541,1512
1517,1520
1501,1534
1506,1502
1539,1510
1543,1492
1534,1497
1511,1522
1532,1515
1526,1523
1531,1512
1554,1528
1544,1536
1520,1536
1533,1516
1523,1533
1532,1519
1523,1548
1539,1508
1538,1523
1552,1483
1522,1496
1548,1517
1529,1533
1528,1521
1531,1507
1541,1504
1532,1522
1508,1517
1510,1504
1499,1505
1533,1518
1514,1489
1498,1487
1521,1502
1521,1501
1504,1495
1520,1496
1517,1496
1504,1460
1533,1503
1522,1489
1477,1483
1526,1484
1472,1486
1500,1480
1504,1483
1508,1486
1476,1478
1505,1508
1470,1460
1482,1489
1487,1470
1509,1485
1501,1453
1500,1454
1501,1451
1475,1481
1476,1457
1476,1455
1474,1472
1461,1454
1499,1470
1448,1469
1476,1460
1478,1436
1456,1464
1492,1470
1458,1444
1467,1450
1466,1451
1474,1454
1466,1451
1449,1449
1438,1432
1460,1436
1442,1456
1472,1428
1434,1443
1457,1408
1438,1424
1430,1422
1473,1421
1427,1413
1434,1413
1432,1421
1429,1441
1436,1423
1447,1418
1427,1420
1456,1410
1433,1424
1434,1396
1420,1383
1413,1430
1406,1388
1416,1383
1430,1391
1405,1387
1403,1408
1416,1402
1450,1395
1406,1407
1406,1407
1385,1406
1401,1391
1385,1392
1401,1389
1363,1373
1401,1392
1409,1388
1389,1406
1407,1404
1395,1386
1413,1390
1376,1380
1375,1372
1394,1368
1405,1378
1384,1413
1375,1380
1377,1375
1372,1381
1367,1381
1392,1384
1411,1388
1367,1410
1366,1367
1382,1378
1393,1375
1363,1377
1401,1385
1356,1390
1377,1383
1395,1390
1388,1382
1364,1392
1377,1381
1352,1372
1385,1387
1366,1388
1362,1380
1359,1352
1362,1371
1363,1375
1365,1374
1404,1381
1409,1409
1410,1399
1366,1382
1371,1376
1368,1381
1372,1395
1345,1367
1363,1364
1365,1400
1382,1415
1403,1389
1380,1413
1402,1407
1383,1408
1383,1398
1393,1392
1400,1392
1386,1378
1380,1392
1393,1379
1395,1407
1389,1416
1402,1405
1387,1424
1393,1421
1380,1410
1380,1418
1392,1398
1409,1411
1395,1416
1376,1444
1402,1447
1395,1412
1387,1423
1384,1423
1444,1408
1413,1434
1403,1426
1399,1460
1413,1418
1417,1449
1390,1418
1419,1444
1407,1424
1443,1441
1446,1453
1455,1449
1413,1452
1410,1433
1446,1447
1422,1466
1465,1450
1479,1460
1421,1459
1427,1485
1460,1475
1452,1463
1480,1456
1460,1469
1454,1474
1468,1444
1455,1477
1454,1470
1433,1476
1428,1499
1453,1452
1467,1472
1484,1477
1445,1469
1456,1482
1470,1479
1469,1467
1484,1466
1459,1495
1471,1463
1497,1483
1490,1494
1502,1478
1480,1511
1498,1506
1506,1503
1495,1473
1505,1477
1492,1480
1471,1498
1519,1482
1484,1496
1503,1492
1472,1478
1511,1485
1499,1498
1494,1499
1496,1501
1507,1515
1511,1521
1507,1522
1505,1510
1523,1527
1500,1494
1515,1494
1521,1498
1527,1513
1526,1528
1498,1511
1532,1510
1520,1515
1503,1491
1498,1518
1523,1530
1513,1524
1485,1514
1514,1510
1506,1494
1513,1503
1517,1533
1511,1530
1527,1507
1541,1495
1530,1501
1532,1532
1508,1501
1518,1526
1517,1512
1539,1517
1537,1528
1499,1510
1507,1502
1506,1525
1515,1507
1557,1513
1545,1520
1529,1525
1526,1504
1518,1504
1544,1511
1499,1504
1531,1505
1521,1518
1521,1496
1488,1498
1517,1505
1524,1508
1505,1513
1533,1502
1535,1505
1507,1522
1529,1498
1515,1505
1501,1514
1522,1510
1490,1491
1504,1507
1492,1487
1481,1481
1525,1470
1477,1517
1508,1457
1475,1506
1495,1507
1501,1474
1497,1472
1477,1467
1492,1465
1501,1478
1486,1490
1473,1460
1472,1468
1492,1449
1480,1496
1478,1467
1492,1467
1462,1450
1456,1469
1478,1474
1506,1467
1494,1455
1494,1464
1478,1469
1454,1460
1486,1468
1454,1440
1485,1459
1450,1456
1461,1428
1458,1453
1482,1451
1451,1440
1436,1411
1457,1437
1440,1441
1469,1423
1440,1414
1436,1423
1449,1419
1422,1421
1434,1435
1402,1414
1447,1414
1422,1398
1438,1409
1423,1423
1402,1417
1414,1400
1418,1414
1415,1417
1426,1408
1414,1386
1396,1404
1412,1414
1433,1414
1429,1397
1447,1411
1393,1392
1421,1421
1391,1412
1382,1413
1379,1381
1396,1367
1383,1396
1384,1381
1382,1401
1417,1393
1385,1413
1389,1409
1383,1376
1407,1396
1378,1411
1397,1391
1390,1383
1406,1397
1414,1395
1409,1373
1384,1395
1361,1379
1398,1379
1394,1382
1357,1390
1362,1351
1373,1364
1396,1366
1359,1376
1381,1377
1392,1383
1323,1362
1349,1387
1360,1380
1373,1381
1360,1402
1361,1395
1393,1404
1365,1377
1373,1400
1392,1391
1392,1385
1370,1398
1352,1376
1360,1392
1388,1382
1360,1407
1356,1377
1376,1398
1370,1364
1369,1373
1363,1393
1372,1378
1389,1380
1370,1399
1382,1382
1380,1390
1377,1398
1393,1395
1398,1415
1383,1420
1376,1410
1391,1386
1375,1412
1385,1418
1379,1390
1401,1408
1403,1400
1393,1409
1370,1407
1412,1392
1414,1428
1405,1413
1388,1411
1409,1423
1399,1417
1403,1406
1399,1406
1417,1426
1382,1390
1402,1425
1388,1422
1426,1433
1399,1407
1413,1439
1388,1407
1417,1427
1431,1440
1414,1440
1413,1426
1428,1428
1443,1448
1409,1424
1431,1449
1426,1445
1436,1448
1426,1447
1433,1437
1429,1447
1425,1475
1440,1463
1449,1461
1444,1438
1453,1454
1447,1460
1425,1474
1434,1481
1463,1476
1434,1477
1464,1474
1443,1474
1443,1489
1476,1477
1454,1496
1456,1492
1500,1466
1479,1483
1468,1497
1465,1465
1441,1476
1447,1497
1466,1496
1463,1497
1457,1484
1465,1497
1495,1488
1472,1507
1484,1495
1501,1506
1482,1495
1470,1494
1468,1505
1489,1521
1480,1498
1490,1509
1501,1525
1504,1498
1514,1488
1496,1513
1505,1492
1485,1487
1492,1500
1500,1524
1495,1524
1491,1520
1527,1528
1522,1532
1510,1503
1557,1501
1544,1497
1517,1534
1495,1521
1512,1515
1512,1494
1518,1483
1523,1523
1508,1516
1529,1527
1516,1495
1516,1516
1504,1521
1520,1503
1532,1527
1498,1533
1531,1517
1530,1501
1519,1512
1537,1515
1516,1524
1530,1526
1527,1499
1528,1527
1523,1504
1523,1506
1531,1503
1505,1506
1504,1498
1540,1504
1523,1523
1524,1510
1553,1534
1508,1482
1523,1518
1556,1529
1515,1510
1520,1517
1536,1500
1508,1507
1563,1500
1519,1517
1503,1510
1529,1499
1497,1494
1493,1508
1541,1515
1499,1514
1548,1499
1514,1503
1528,1473
1510,1498
1523,1490
1524,1472
1505,1492
1495,1461
1505,1468
1504,1478
1503,1507
1518,1466
1481,1469
1503,1471
1498,1467
1490,1471
1467,1467
1470,1459
1499,1440
1484,1442
1482,1450
1488,1472
1527,1438
1479,1459
1486,1478
1480,1476
1458,1469
1476,1453
1466,1456
1446,1444
1487,1443
1475,1448
1449,1435
1472,1449
1483,1415
1436,1435
1434,1442
1476,1451
1466,1428
1442,1442
1449,1443
1443,1436
1443,1437
1470,1412
1396,1436
1413,1430
1396,1435
1416,1420
1417,1400
1425,1421
1415,1421
1431,1431
1400,1433
1421,1394
1395,1398
1408,1402
1432,1412
1411,1408
1417,1420
1402,1419
1399,1420
1391,1406
1406,1393
1404,1397
1410,1383
1388,1407
1416,1392
1377,1380
1414,1400
1384,1403
1387,1380
1384,1412
1365,1383
1407,1398
1372,1409
1377,1401
1377,1397
1389,1375
1376,1384
1383,1375
1406,1377
1382,1385
1399,1391
1379,1379
1382,1384
1382,1404
1399,1363
1359,1383
1393,1406
1390,1370
1398,1385
1379,1365
1365,1385
1389,1382
1364,1400
1379,1390
1382,1404
1384,1385
1364,1381
1388,1387
1383,1390
1359,1373
1364,1372
1409,1385
1350,1395
1383,1389
1361,1384
1370,1406
1379,1363
1393,1387
1383,1416
1380,1381
1359,1391
1371,1397
1383,1412
1385,1376
1377,1389
1373,1392
1371,1410
1364,1399
1387,1407
1382,1415
1402,1407
1403,1405
1399,1412
1382,1359
1364,1392
1397,1394
1387,1415
1413,1423
1397,1424
1396,1403
1371,1415
1392,1408
1400,1390
1394,1426
1407,1407
1415,1422
1386,1413
1387,1434
1410,1431
1429,1423
1405,1413
1400,1417
1404,1417
1380,1425
1413,1409
1412,1435
1420,1431
1410,1459
1447,1423
1399,1439
1418,1439
1455,1466
1416,1468
1418,1444
1416,1438
1450,1428
1451,1473
1420,1435
1448,1450
1440,1466
1430,1462
1438,1464
1471,1437
1470,1462
1458,1459
1507,1473
1469,1458
1466,1486
1484,1475
1472,1493
1451,1485
1447,1470
1441,1494
1480,1465
1469,1496
1474,1483
1503,1443
1518,1489
1448,1493
1459,1488
1478,1473
1497,1468
1486,1473
1487,1473
1483,1485
1464,1498
1493,1495
1489,1484
1499,1511
1510,1484
1471,1497
1505,1487
1493,1494
1519,1490
1509,1490
1479,1480
1506,1504
1518,1506
1478,1497
1493,1514
1509,1516
1500,1498
1508,1498
1519,1513
1487,1512
1510,1495
1507,1508
1489,1535
1520,1508
1505,1519
1508,1500
1510,1493
1539,1524
1498,1525
1521,1497
1525,1512
1542,1532
1507,1530
1530,1516
1524,1533
1530,1527
1548,1501
1523,1518
1525,1498
1513,1498
1526,1524
1503,1516
1551,1530
1505,1501
1532,1530
