ch1,ch2
1413,1470
1436,1454
1445,1447
1485,1505
1465,1465
1509,1450
1473,1488
1436,1496
1490,1496
1448,1463
1455,1496
1477,1485
1505,1486
1500,1496
1489,1482
1501,1486
1462,1510
1516,1515
1479,1490
1520,1512
1480,1508
1460,1549
1510,1497
1513,1520
1511,1516
1524,1494
1500,1529
1505,1508
1533,1516
1518,1505
1491,1514
1566,1518
1516,1501
1519,1534
1504,1565
1546,1522
1514,1533
1496,1497
1510,1529
1511,1531
1539,1552
1553,1549
1547,1537
1520,1517
1514,1535
1540,1533
1525,1554
1559,1551
1583,1567
1502,1538
1553,1563
1559,1531
1523,1554
1583,1528
1571,1531
1557,1529
1573,1531
1507,1504
1546,1554
1555,1529
1538,1523
1568,1537
1518,1536
1567,1529
1543,1541
1572,1523
1522,1560
1555,1532
1522,1498
1552,1543
1571,1500
1538,1525
1533,1502
1518,1505
1527,1522
1543,1544
1575,1516
1555,1498
1524,1506
1530,1534
1491,1531
1508,1501
1530,1525
1498,1522
1544,1517
1508,1511
1501,1480
1497,1510
1508,1510
1512,1500
1508,1512
1478,1500
1494,1486
1496,1498
1482,1499
1516,1452
1525,1456
1487,1485
1495,1497
1466,1453
1486,1481
1502,1472
1456,1450
1481,1454
1477,1445
1481,1434
1474,1464
1469,1439
1522,1455
1458,1451
1476,1441
1441,1438
1449,1437
1474,1426
1459,1414
1450,1432
1457,1426
1432,1431
1450,1389
1466,1426
1469,1384
1428,1415
1423,1426
1413,1413
1407,1396
1452,1432
1437,1387
1413,1433
1457,1403
1423,1393
1431,1408
1418,1389
1412,1417
1401,1378
1424,1368
1390,1384
1414,1408
1391,1364
1420,1392
1393,1387
1403,1410
1435,1444
1418,1414
1406,1386
1357,1395
1348,1366
1369,1371
1362,1395
1365,1365
1370,1360
1321,1367
1374,1359
1363,1344
1370,1372
1382,1386
1364,1354
1410,1381
1383,1382
1371,1367
1335,1376
1309,1371
1393,1380
1337,1379
1379,1360
1345,1361
1359,1348
1370,1375
1367,1355
1325,1369
1377,1368
1321,1383
1338,1368
1328,1365
1336,1394
1364,1359
1328,1371
1337,1358
1356,1367
1353,1380
1366,1382
1346,1383
1304,1383
1386,1365
1368,1371
1361,1375
1367,1386
1369,1382
1352,1367
1356,1377
1380,1361
1365,1378
1377,1386
1364,1392
1328,1396
1375,1383
1385,1358
1375,1394
1378,1379
1375,1395
1396,1375
1350,1410
1394,1380
1379,1377
1407,1414
1400,1421
1420,1374
1436,1371
1361,1419
1412,1435
1399,1429
1389,1415
1376,1405
1405,1416
1385,1395
1420,1445
1436,1415
1427,1395
1406,1441
1435,1427
1392,1453
1407,1436
1430,1439
1443,1437
1423,1472
1414,1470
1393,1453
1450,1476
1407,1477
1463,1458
1409,1478
1417,1464
1406,1470
1443,1488
1436,1486
1446,1470
1474,1483
1491,1473
1482,1479
1467,1487
1451,1449
1451,1497
1495,1482
1451,1461
1455,1498
1489,1505
1474,1477
1524,1522
1509,1502
1497,1499
1490,1556
1540,1526
1523,1515
1516,1511
1501,1508
1478,1514
1493,1534
1520,1530
1488,1491
1504,1501
1511,1534
1511,1493
1489,1514
1519,1509
1519,1531
1530,1509
1508,1515
1525,1512
1546,1503
1579,1523
1553,1532
1552,1513
1524,1516
1557,1530
1549,1527
1538,1525
1523,1533
1578,1575
1521,1557
1570,1525
1545,1538
1544,1498
1528,1542
1535,1535
1494,1524
1580,1527
1518,1536
1599,1539
1538,1530
1544,1556
1566,1531
1529,1544
1580,1508
1523,1534
1520,1537
1554,1531
1579,1546
1527,1525
1500,1513
1526,1478
1548,1525
1564,1503
1549,1507
1573,1523
1544,1522
1565,1510
1532,1524
1530,1507
1544,1512
1548,1505
1518,1519
1536,1529
1531,1474
1559,1504
1529,1516
1527,1508
1529,1504
1547,1503
1524,1499
1524,1509
1506,1500
1515,1501
1546,1507
1461,1514
1477,1479
1519,1489
1493,1469
1513,1493
1512,1474
1446,1491
1489,1485
1495,1464
1492,1473
1513,1480
1513,1460
1485,1459
1449,1434
1500,1436
1488,1448
1482,1452
1474,1420
1475,1444
1464,1455
1481,1447
1429,1455
1448,1417
1436,1428
1440,1439
1459,1440
1465,1459
1466,1403
1448,1401
1462,1400
1444,1397
1468,1426
1422,1411
1431,1398
1407,1402
1403,1376
1447,1405
1398,1392
1397,1387
1419,1380
1421,1401
1358,1410
1394,1374
1400,1386
1394,1398
1435,1388
1358,1381
1387,1368
1419,1403
1404,1382
1408,1399
1391,1408
1395,1364
1382,1375
1386,1379
1420,1364
1351,1376
1388,1385
1379,1388
1359,1368
1389,1356
1388,1347
1391,1338
1362,1391
1377,1356
1336,1336
1355,1370
1339,1368
1329,1391
1329,1381
1354,1370
1334,1371
1362,1329
1353,1372
1388,1350
1376,1359
1337,1383
1386,1391
1333,1359
1358,1386
1349,1371
1359,1347
1364,1375
1336,1363
1350,1383
1337,1387
1331,1359
1340,1402
1335,1343
1344,1372
1363,1380
1335,1331
1377,1395
1360,1392
1341,1383
1403,1383
1339,1413
1385,1390
1344,1354
1348,1361
1403,1376
1398,1395
1359,1378
1407,1370
1360,1376
1374,1380
1380,1389
1341,1349
1356,1350
1347,1405
1381,1397
1361,1389
1353,1421
1374,1405
1386,1397
1422,1399
1413,1412
1411,1419
1405,1412
1387,1404
1442,1408
1384,1379
1409,1448
1409,1471
1425,1411
1410,1423
1382,1422
1374,1437
1431,1422
1421,1432
1435,1409
1468,1438
1424,1448
1405,1468
1455,1460
1431,1474
1431,1422
1428,1451
1439,1483
1420,1439
1452,1467
1465,1445
1502,1468
1475,1484
1474,1472
1422,1459
1436,1480
1469,1497
1498,1463
1493,1505
1503,1474
1450,1470
1465,1504
1451,1518
1449,1510
1505,1460
1488,1518
1482,1506
1500,1515
1500,1505
1484,1496
1460,1523
1515,1524
1469,1510
1509,1545
1514,1548
1506,1524
1484,1519
1537,1531
1528,1503
1494,1524
1513,1536
1517,1518
1512,1516
1527,1554
1541,1568
1540,1535
1548,1542
1510,1565
1530,1516
1501,1510
1575,1510
1582,1537
1532,1555
1500,1546
1555,1565
1532,1531
1559,1527
1556,1521
1530,1499
1546,1531
1557,1541
1554,1535
1516,1515
1554,1548
1535,1533
1548,1525
1554,1539
1595,1556
1528,1523
1578,1538
1566,1539
1568,1529
1537,1538
1554,1539
1552,1572
1544,1517
1540,1540
1563,1501
1532,1533
1546,1523
1499,1568
1537,1521
1525,1513
1541,1502
1512,1521
1521,1517
1516,1507
1552,1492
1577,1535
1531,1525
1527,1522
1530,1521
1530,1511
1525,1470
1517,1521
1536,1504
1538,1497
1510,1502
1477,1506
1509,1480
1520,1484
1543,1482
1511,1447
1558,1484
1491,1501
1528,1495
1507,1460
1490,1485
1505,1446
1500,1489
1481,1428
1479,1445
1508,1503
1464,1472
1449,1449
1482,1457
1471,1456
1521,1458
1446,1458
1462,1441
1482,1454
1470,1415
1477,1412
1458,1476
1428,1456
1471,1422
1428,1445
1455,1410
1401,1434
1468,1436
1431,1415
1453,1393
1442,1409
1439,1414
1390,1399
1442,1416
1407,1436
1407,1392
1419,1413
1406,1407
1410,1400
1407,1393
1424,1393
1413,1365
1449,1424
1386,1407
1402,1432
1422,1364
1368,1397
1394,1364
1367,1393
1376,1368
1384,1382
1375,1374
1349,1384
1383,1344
1381,1368
1388,1364
1383,1389
1350,1357
1392,1372
1349,1342
1347,1378
1376,1366
1345,1336
1407,1352
1383,1349
1339,1372
1328,1361
1336,1348
1326,1329
1361,1348
1396,1362
1340,1389
1355,1324
1389,1344
1336,1349
1365,1394
1353,1337
1351,1337
1348,1400
1322,1376
1380,1385
1333,1383
1348,1326
1329,1372
1321,1343
1329,1382
1382,1381
1367,1352
1338,1398
1344,1386
1333,1379
1326,1360
1326,1381
1331,1367
1393,1358
1385,1416
1333,1375
1380,1389
1377,1379
1361,1363
1375,1379
1349,1357
1398,1396
1397,1393
1378,1413
1361,1386
1355,1386
1365,1398
1377,1378
1374,1357
1348,1372
1437,1394
1380,1392
1392,1405
1384,1415
1409,1405
1361,1428
1417,1428
1432,1428
1407,1409
1430,1418
1387,1439
1394,1434
1385,1422
1432,1460
1419,1440
1395,1432
1387,1478
1405,1454
1416,1456
1410,1467
1422,1464
1371,1472
1430,1472
1432,1465
1460,1434
1439,1452
1444,1451
1490,1479
1457,1504
1477,1461
1440,1454
1485,1481
1473,1477
1479,1477
1463,1482
1467,1491
1475,1498
1455,1470
1501,1490
1457,1475
1488,1494
1456,1501
1483,1506
1493,1520
1471,1522
1492,1524
1487,1481
1478,1479
1478,1536
1517,1514
1520,1508
1496,1514
1511,1514
1512,1541
1493,1498
1529,1548
1503,1536
1503,1542
1512,1525
1554,1532
1528,1499
1519,1565
1518,1522
1553,1535
1556,1489
1528,1538
1522,1545
1556,1535
1563,1534
1525,1534
1569,1551
1548,1541
1547,1568
1562,1530
1588,1522
1562,1518
1552,1515
1529,1522
1527,1546
1571,1566
1552,1539
1531,1514
1519,1551
1555,1542
1551,1562
1584,1528
1559,1546
1561,1549
1563,1563
1521,1545
1496,1533
1563,1545
1550,1535
1537,1513
1516,1513
1525,1518
1551,1534
1547,1508
1564,1522
1545,1490
1547,1507
1539,1489
1530,1537
1572,1529
1552,1546
1543,1519
1533,1509
1511,1517
1530,1506
1526,1476
1527,1518
1515,1479
1533,1499
1461,1508
1546,1496
1515,1505
1518,1485
1539,1517
1487,1462
1507,1487
1490,1487
1545,1489
1509,1460
1526,1454
1486,1465
1475,1471
1468,1483
1475,1474
1517,1461
1491,1499
1485,1457
1502,1466
1494,1450
1455,1501
1488,1469
1465,1439
1463,1483
1475,1429
1466,1445
1442,1442
1507,1439
1450,1452
1466,1415
1386,1469
1452,1454
1436,1440
1443,1413
1420,1440
1429,1425
1466,1408
1425,1402
1422,1430
1408,1399
1430,1394
1394,1429
1419,1410
1430,1411
1429,1424
1394,1391
1444,1403
1402,1386
1413,1400
1371,1410
1406,1354
1386,1377
1396,1392
1385,1392
1390,1379
1394,1359
1389,1349
1370,1362
1367,1410
1361,1387
1397,1348
1394,1373
1380,1359
1387,1355
1364,1345
1377,1377
1376,1353
1376,1379
1343,1377
1390,1356
1358,1367
1329,1365
1344,1355
1343,1355
1384,1371
1326,1343
1349,1351
1378,1376
1396,1362
1377,1368
1347,1360
1349,1372
1372,1365
1301,1358
1370,1334
1337,1346
1333,1385
1328,1355
1359,1356
1349,1330
1339,1375
1358,1350
1323,1337
1336,1398
1383,1349
1369,1361
1347,1369
1329,1369
1345,1347
1317,1354
1353,1389
1349,1384
1382,1341
1365,1339
1354,1377
1311,1362
1373,1374
1301,1376
1359,1372
1374,1359
1378,1400
1324,1401
1388,1388
1404,1419
1345,1376
1338,1377
1389,1397
1377,1382
1383,1411
1409,1373
1411,1396
1408,1429
1377,1397
1390,1429
1396,1439
1374,1443
1400,1422
1400,1434
1399,1405
1408,1444
1399,1435
1394,1442
1413,1409
1439,1457
1401,1437
1451,1440
1412,1423
1410,1418
1419,1438
1447,1455
1463,1480
1403,1451
1458,1440
1435,1472
1415,1491
1449,1468
1446,1470
1473,1440
1421,1463
1471,1481
1416,1484
1510,1479
1459,1498
1478,1484
1508,1482
1492,1487
1497,1493
1453,1490
1498,1522
1486,1495
1485,1499
1491,1504
1501,1514
1493,1507
1534,1515
1474,1527
1512,1514
1553,1532
1528,1532
1525,1515
1534,1512
1501,1500
1508,1497
1529,1552
1500,1524
1515,1476
1557,1565
1510,1535
1556,1503
1565,1503
1523,1514
1519,1548
1578,1520
1542,1545
1513,1551
1551,1521
1513,1563
1559,1554
1523,1564
1506,1533
1554,1537
1541,1571
1557,1536
1552,1586
1571,1548
1582,1537
1554,1517
1544,1541
1555,1565
1563,1521
1540,1528
1526,1520
1535,1523
1567,1584
1553,1534
1543,1555
1548,1537
1583,1525
1561,1515
1540,1524
1568,1501
1590,1547
1541,1505
1510,1540
1551,1501
1551,1514
1519,1525
1520,1488
1546,1519
1491,1556
1542,1504
1548,1507
1552,1522
1549,1523
1506,1521
1541,1534
1542,1523
1544,1490
1548,1536
1510,1507
1527,1487
1532,1518
1520,1492
1530,1515
1534,1473
1543,1502
1538,1471
1482,1478
1482,1472
1506,1470
1493,1455
1493,1477
1503,1479
1527,1460
1493,1477
1482,1469
1503,1474
1525,1489
1475,1467
1491,1443
1465,1470
1482,1434
1458,1464
1481,1468
1476,1453
1419,1424
1461,1439
1429,1459
1466,1438
1459,1472
1458,1421
1464,1397
1434,1405
1427,1406
1432,1418
1438,1430
1448,1424
1410,1419
1424,1415
1388,1391
1405,1405
1416,1401
1409,1430
1409,1394
1409,1424
1415,1357
1407,1386
1395,1409
1428,1432
1467,1397
1362,1388
1386,1370
1393,1385
1408,1368
1410,1366
1394,1383
1441,1368
1363,1391
1394,1391
1373,1353
1361,1340
1347,1391
1380,1351
1377,1356
1347,1388
1373,1368
1381,1376
1371,1375
1382,1376
1311,1348
1363,1336
1334,1335
1363,1361
1322,1348
1374,1380
1392,1353
1325,1347
1366,1363
1356,1340
1358,1351
1316,1357
1383,1370
1345,1371
1351,1365
1356,1363
1328,1344
1345,1373
1374,1347
1380,1365
1363,1375
1347,1333
1335,1366
1328,1355
1355,1337
1296,1371
1354,1366
1359,1377
1314,1397
1374,1387
1325,1366
1370,1363
1367,1377
1348,1337
1338,1378
1372,1394
1358,1380
1322,1361
1330,1384
1382,1378
1358,1383
1368,1376
1398,1403
1359,1402
1387,1380
1372,1391
1356,1434
1397,1437
1358,1398
1354,1411
1362,1360
1396,1377
1359,1394
1384,1395
1349,1384
1430,1397
1382,1413
1387,1430
1436,1437
1388,1443
1436,1417
1405,1407
1410,1439
1445,1421
1405,1466
1421,1442
1429,1449
1438,1454
1425,1444
1431,1465
1438,1443
1420,1409
1440,1444
1416,1452
1433,1443
1443,1460
1453,1433
1452,1477
1475,1470
1449,1478
1444,1472
1475,1463
1475,1503
1461,1473
1451,1493
1463,1473
1434,1486
1465,1491
1485,1534
1466,1490
1454,1504
1465,1527
1475,1508
1494,1497
1491,1490
1460,1492
1521,1502
1474,1493
1497,1482
1494,1488
1479,1511
1495,1504
1498,1533
1507,1512
1522,1540
1542,1546
1508,1552
1512,1538
1516,1540
1545,1510
1525,1518
1533,1551
1511,1553
1517,1503
1532,1551
1506,1547
1539,1523
1523,1558
1569,1545
1522,1553
1532,1538
1572,1521
1540,1530
1537,1541
1566,1554
1598,1507
1588,1537
1556,1557
1558,1540
1548,1552
1549,1538
1515,1536
1539,1526
1567,1544
1581,1527
1558,1537
1546,1571
1582,1548
1547,1569
1572,1535
1570,1539
1544,1541
1542,1551
1569,1557
1543,1523
1567,1526
1569,1558
1536,1512
1535,1549
1546,1555
1577,1549
1564,1552
1517,1539
1538,1533
1520,1528
1520,1516
1541,1538
1523,1526
1524,1502
1564,1520
1523,1528
1535,1520
1533,1512
1497,1522
1517,1492
1545,1485
1527,1501
1514,1503
1540,1493
1498,1505
1477,1488
1509,1497
1527,1512
1476,1487
1511,1481
1545,1466
1502,1460
1472,1486
1488,1461
1515,1454
1511,1481
1505,1476
1485,1447
1460,1461
1482,1476
1464,1429
1497,1455
1481,1444
1445,1453
1469,1466
1493,1456
1408,1443
1495,1417
1446,1440
1464,1422
1457,1453
1424,1453
1428,1414
1424,1405
1387,1445
1419,1454
1400,1404
1427,1439
1463,1432
1420,1397
1404,1387
1403,1406
1382,1392
1403,1376
1417,1372
1373,1405
1367,1413
1404,1375
1418,1399
1389,1391
1379,1385
1376,1389
1415,1406
1397,1413
1381,1363
1361,1396
1376,1384
1350,1379
1343,1384
1341,1371
1379,1377
1362,1359
1378,1367
1358,1366
1349,1387
1352,1353
1355,1368
1373,1388
1333,1353
1334,1310
1381,1358
1368,1352
1351,1344
1371,1367
1317,1364
1344,1323
1370,1359
1384,1339
1330,1351
1358,1373
1362,1342
1369,1374
1369,1388
1341,1348
1342,1364
1344,1325
1368,1358
1355,1331
1319,1372
1348,1353
1371,1332
1347,1355
1345,1361
1295,1371
1356,1370
1356,1355
1377,1345
1349,1363
1367,1381
1377,1367
1384,1385
1363,1370
1376,1370
1375,1397
1358,1387
1383,1399
1371,1389
1383,1364
1380,1386
1364,1395
1378,1373
1373,1385
1401,1378
1396,1389
1393,1394
1391,1400
1389,1402
1399,1410
1378,1428
1406,1394
1385,1386
1352,1388
1344,1409
1393,1404
1426,1434
1429,1457
1419,1416
1381,1424
1414,1410
1407,1437
1386,1439
1460,1440
1419,1444
1406,1457
1402,1431
1400,1438
1455,1471
1402,1449
1431,1433
1427,1480
1426,1487
1442,1453
1468,1479
1457,1481
1445,1457
1452,1441
1452,1471
1441,1476
1510,1479
1438,1500
1457,1485
1477,1502
1453,1477
1468,1486
1468,1474
1479,1497
1500,1497
1437,1497
1445,1464
1485,1491
1462,1511
1491,1499
1520,1535
1470,1516
1486,1540
1500,1490
1476,1518
1498,1499
1515,1491
1537,1515
1517,1541
1527,1506
1514,1509
1532,1517
1555,1559
1532,1530
1540,1546
1536,1546
1521,1521
1540,1510
1525,1524
1535,1529
1527,1530
1558,1534
1576,1554
1510,1544
1543,1536
1555,1528
1555,1549
1562,1518
1564,1518
1531,1572
1542,1537
1538,1582
1535,1560
1541,1535
1530,1523
1572,1535
1570,1539
1540,1559
1565,1527
1545,1540
1527,1527
1566,1541
1540,1523
1543,1512
1561,1527
1556,1536
1563,1562
1542,1515
1530,1545
1548,1516
1545,1541
1538,1516
1569,1538
1566,1532
1534,1555
1579,1542
1567,1531
1527,1510
1560,1528
1520,1523
1515,1514
1511,1502
1540,1516
1520,1510
1520,1517
1543,1518
1535,1501
1507,1462
1503,1485
1554,1489
1531,1490
1523,1490
1472,1549
1500,1512
1541,1470
1516,1496
1516,1480
1515,1512
1467,1496
1510,1449
1458,1494
1520,1458
1486,1459
1508,1475
1493,1478
1490,1426
1472,1487
1499,1456
1466,1458
1494,1447
1461,1446
1464,1409
1479,1430
1465,1475
1457,1478
1443,1443
1467,1431
1442,1420
1461,1423
1469,1413
1445,1426
1438,1442
1449,1420
1448,1409
1454,1403
1453,1416
1428,1419
1389,1401
1419,1442
1421,1412
1419,1407
1412,1407
1437,1380
1453,1411
1364,1387
1412,1426
1395,1404
1378,1383
1406,1396
1390,1358
1386,1383
1405,1375
1398,1404
1414,1395
1423,1357
1353,1378
1375,1365
1355,1378
1374,1380
1357,1375
1366,1374
1369,1355
1378,1368
1358,1361
1367,1352
1325,1382
1345,1352
1370,1365
1327,1361
1322,1372
1360,1363
1329,1387
1348,1371
1357,1378
1357,1351
1365,1375
1336,1364
1365,1333
1334,1346
1358,1373
1323,1395
1411,1355
1310,1335
1349,1338
1355,1355
1337,1356
1364,1349
1325,1349
1329,1374
1379,1343
1346,1369
1361,1364
1324,1348
1360,1372
1363,1355
1314,1372
1370,1399
1386,1370
1312,1346
1382,1338
1356,1351
1386,1384
1341,1370
1363,1413
1345,1409
1346,1388
1385,1379
1370,1382
1361,1398
1380,1353
1355,1409
1351,1380
1363,1424
1349,1382
1358,1357
1357,1428
1371,1390
1383,1426
1378,1406
1371,1368
1410,1424
1409,1407
1358,1400
1417,1415
1410,1438
1418,1428
1400,1434
1392,1424
1436,1438
1393,1428
1423,1412
1450,1452
1432,1442
1418,1438
1435,1449
1431,1433
1424,1462
1444,1467
1450,1452
1477,1447
1438,1419
1439,1432
1479,1476
1440,1479
1443,1464
1476,1474
1429,1458
1452,1472
1453,1481
1473,1500
1455,1498
1506,1518
1468,1478
1492,1468
1443,1504
1489,1504
1473,1486
1470,1512
1540,1520
1502,1488
1481,1525
1478,1512
1477,1507
1490,1509
1528,1533
1519,1542
1496,1503
1508,1507
1494,1537
1498,1536
1505,1535
1548,1515
1513,1537
1516,1514
1513,1524
1544,1531
1568,1525
1593,1542
1500,1533
1547,1528
1531,1544
1543,1556
1527,1554
1525,1537
1554,1531
1509,1552
1543,1523
1558,1603
1568,1566
1531,1521
1539,1533
1536,1512
1554,1570
1554,1533
1552,1551
1553,1539
1540,1541
1553,1533
1562,1543
1546,1503
1544,1527
1557,1564
1513,1545
1555,1557
1595,1523
1553,1523
1559,1548
1546,1562
1572,1552
1547,1530
1536,1546
1567,1553
1540,1543
1557,1521
1525,1544
1581,1494
1547,1513
1555,1555
1526,1503
1546,1524
1517,1536
1530,1492
1548,1514
1494,1518
1533,1520
1513,1493
1523,1517
1515,1490
1519,1500
1556,1525
1519,1513
1530,1507
1530,1494
1542,1493
1526,1485
1495,1472
1522,1467
1558,1477
1506,1472
1484,1513
1506,1482
1502,1472
1483,1485
1485,1476
1483,1476
1492,1444
1504,1489
1462,1460
1497,1443
1470,1455
1501,1463
1474,1486
1467,1458
1451,1425
1517,1419
1456,1474
1465,1427
1467,1438
1424,1455
1460,1412
1474,1463
1453,1396
1466,1410
1441,1418
1410,1418
1400,1414
1403,1421
1431,1423
1409,1396
1416,1402
1399,1408
1441,1403
1422,1384
1404,1393
1414,1387
1412,1379
1393,1390
1412,1388
1393,1387
1407,1361
1375,1391
1394,1390
1400,1378
1354,1386
1346,1365
1365,1380
1375,1353
1347,1323
1418,1402
1389,1388
1414,1356
1387,1356
1363,1349
1365,1367
1356,1354
1363,1342
1355,1377
1332,1399
1347,1357
1379,1355
1359,1392
1374,1342
1405,1372
1323,1377
1356,1345
1348,1375
1352,1363
1337,1358
1322,1359
1340,1389
1357,1371
1318,1323
1316,1359
1353,1354
1329,1301
1346,1370
1351,1373
1320,1365
1321,1368
1357,1345
1359,1378
1361,1373
1323,1355
1392,1361
1347,1387
1348,1342
1340,1369
1342,1377
1343,1365
1332,1388
1405,1379
1370,1396
1384,1357
1323,1383
1337,1369
1317,1392
1306,1374
1350,1389
1377,1391
1395,1379
1387,1389
1335,1362
1369,1390
1362,1387
1387,1395
1369,1404
1365,1416
1410,1413
1376,1384
1405,1426
1399,1389
1378,1426
1375,1411
1394,1432
1390,1417
1389,1400
1400,1424
1428,1433
1415,1416
1432,1448
1403,1438
1416,1435
1426,1411
1410,1445
1411,1426
1444,1430
1422,1422
1405,1430
1415,1450
1412,1457
1427,1443
1418,1473
1461,1442
1468,1454
1430,1457
1407,1473
1485,1490
1455,1478
1438,1472
1475,1493
1465,1471
1478,1468
1463,1500
1435,1476
1474,1476
1445,1509
1461,1528
1475,1517
1488,1488
1505,1497
1470,1502
1488,1514
1466,1490
1525,1490
1496,1531
1501,1481
1521,1505
1544,1527
1544,1544
1503,1540
1545,1515
1482,1566
1542,1545
1499,1558
1487,1523
1549,1513
1514,1522
1513,1538
1554,1538
1560,1544
1543,1545
1530,1537
1543,1523
1502,1544
1547,1541
1521,1570
1570,1520
1528,1539
1568,1532
1571,1562
1553,1551
1556,1540
1539,1539
1550,1578
1573,1549
1585,1548
1526,1539
1576,1564
1536,1551
1574,1526
1566,1560
1521,1541
1538,1543
1559,1536
1545,1568
1584,1551
1552,1565
1577,1558
1574,1528
1547,1534
1527,1523
1569,1545
1537,1519
1591,1523
1538,1538
1591,1520
1525,1514
1522,1499
1535,1538
1570,1530
1563,1528
1509,1523
1521,1476
1525,1509
1518,1484
1561,1534
1550,1480
1556,1515
1551,1524
1544,1527
1535,1505
1540,1487
1512,1497
1517,1528
1517,1493
1496,1468
1502,1490
1531,1490
1486,1467
1506,1499
1505,1433
1490,1517
1512,1467
1492,1486
1491,1467
1471,1461
1465,1459
1463,1495
1473,1495
1495,1462
1468,1438
1481,1428
1471,1445
1519,1446
1474,1473
1464,1417
1459,1427
1440,1447
1407,1457
1469,1405
1495,1415
1441,1394
1435,1462
1448,1420
1406,1423
1416,1422
1429,1436
1471,1431
1416,1408
1446,1407
1433,1374
1443,1418
1393,1395
1399,1401
1441,1418
1437,1388
1421,1393
1389,1360
1378,1397
1446,1413
1411,1370
1420,1403
1411,1383
1391,1386
1372,1363
1390,1362
1380,1381
1379,1399
1386,1347
1363,1359
1370,1396
1331,1402
1331,1377
1402,1380
1381,1393
1382,1366
1385,1362
1371,1364
1370,1373
1355,1333
1387,1372
1348,1386
1376,1326
1327,1334
1324,1351
1377,1352
1359,1345
1390,1325
1348,1370
1367,1346
1333,1364
1362,1378
1341,1346
1330,1372
1365,1364
1329,1356
1339,1332
1337,1366
1395,1357
1348,1350
1329,1343
1337,1357
1347,1379
1364,1370
1341,1366
1353,1332
1337,1361
1371,1332
1388,1347
1384,1358
1371,1343
1355,1379
1323,1392
1358,1370
1359,1386
1358,1377
1355,1380
1363,1386
1361,1397
1347,1401
1314,1387
1388,1381
1374,1394
1382,1399
1356,1365
1393,1383
1335,1415
1339,1383
1352,1402
1390,1406
1415,1436
1393,1421
1345,1394
1403,1401
1369,1424
1390,1416
1408,1440
1392,1429
1393,1414
1407,1436
1398,1468
1393,1421
1418,1427
1422,1449
1426,1461
1430,1434
1374,1440
1422,1440
1414,1481
1416,1434
1416,1460
1446,1472
1451,1465
1448,1442
1454,1478
1446,1468
1476,1467
1419,1487
1436,1479
1462,1494
1460,1462
1436,1463
1491,1491
1529,1485
1424,1471
1469,1522
1484,1477
1493,1487
1463,1497
1499,1513
1484,1492
1480,1509
1447,1510
1493,1524
1487,1521
1476,1536
1500,1509
1500,1525
1525,1532
1536,1527
1512,1496
1482,1531
1496,1549
1517,1523
1504,1538
1510,1522
1537,1533
1560,1544
1520,1538
1509,1522
1583,1537
1539,1541
1550,1541
1513,1541
1565,1537
1558,1551
1512,1549
1562,1544
1536,1531
1550,1531
1553,1502
1514,1551
1564,1558
1557,1529
1574,1527
1532,1557
1517,1541
1578,1534
1544,1537
1539,1549
1565,1525
1541,1521
1589,1577
1564,1552
1490,1544
1536,1544
1576,1539
1593,1523
1536,1559
1588,1549
1554,1519
1548,1554
1536,1529
1567,1542
1568,1520
1527,1528
1544,1541
1521,1501
1526,1500
1558,1523
1568,1539
1564,1516
1554,1507
1562,1510
1524,1505
1542,1515
1529,1511
1535,1520
1547,1523
1572,1526
1539,1495
1535,1495
1565,1523
1540,1519
1546,1488
1546,1494
1465,1459
1520,1510
1529,1489
1505,1473
1536,1487
1496,1468
1501,1488
1515,1493
1516,1469
1470,1483
1500,1478
1476,1459
1471,1470
1472,1471
1464,1475
1491,1464
1475,1439
1449,1463
1493,1445
1468,1443
1477,1426
1409,1447
1459,1447
1482,1442
1449,1447
1466,1421
1421,1434
1456,1437
1411,1424
1410,1415
1433,1440
1429,1423
1452,1425
1441,1429
1443,1407
1418,1380
1397,1441
1430,1393
1360,1415
1381,1410
1419,1396
1425,1395
1390,1392
1396,1361
1383,1388
1420,1406
1372,1373
1392,1352
1425,1371
1370,1394
1398,1359
1357,1409
1399,1388
1381,1357
1365,1390
1369,1425
1365,1353
1369,1387
1389,1342
1386,1339
1332,1387
1346,1362
1395,1401
1348,1349
1332,1345
1313,1384
1377,1358
1357,1354
1375,1385
1325,1356
1340,1372
1329,1327
1318,1364
1366,1354
1336,1344
1387,1371
1327,1362
1354,1340
1347,1362
1344,1339
1359,1358
1341,1336
1396,1357
1311,1360
1351,1340
1346,1367
1385,1385
1323,1334
1361,1352
1341,1363
1354,1360
1315,1390
1388,1385
1366,1376
1335,1385
1358,1397
1366,1334
1368,1376
1373,1359
1358,1353
1393,1354
1346,1368
1363,1376
1345,1403
1357,1401
1376,1394
1381,1361
1378,1363
1371,1384
1383,1386
1374,1367
1342,1376
1392,1417
1355,1403
1384,1382
1365,1420
1367,1404
1384,1408
1385,1418
1390,1421
1427,1426
1394,1434
1403,1415
1367,1435
1374,1398
1389,1419
1412,1451
1396,1413
1412,1397
1417,1461
1415,1444
1386,1459
1431,1465
1437,1454
1414,1455
1462,1436
1404,1437
1450,1479
1447,1451
1429,1462
1418,1450
1467,1483
1467,1461
1442,1460
1422,1467
1443,1483
1453,1477
1448,1479
1451,1484
1474,1457
1465,1479
1504,1533
1498,1462
1481,1506
1483,1474
1463,1519
1493,1522
1485,1482
1485,1501
1483,1515
1479,1477
1498,1473
1532,1533
1480,1502
1524,1531
1507,1509
1497,1538
1493,1526
1538,1520
1526,1491
1510,1538
1549,1520
1526,1511
1507,1555
1520,1521
1509,1535
1549,1535
1525,1535
1548,1507
1551,1543
1581,1521
1544,1533
1517,1545
1563,1524
1523,1535
1525,1537
1536,1541
1549,1548
1561,1551
1543,1533
1573,1509
1552,1573
1542,1508
1545,1553
1560,1543
1551,1548
1529,1544
1518,1549
1572,1529
1554,1552
1595,1523
1566,1530
1559,1532
1541,1535
1551,1539
1574,1545
1578,1541
1569,1541
1552,1543
1568,1525
1556,1555
1539,1555
1523,1526
1548,1513
1560,1539
1557,1531
1541,1525
1552,1517
1533,1515
1520,1558
1559,1514
1509,1511
1518,1485
1532,1551
1525,1511
1556,1509
1521,1501
1536,1545
1547,1531
1519,1484
1514,1520
1542,1503
1546,1485
1532,1477
1501,1482
1510,1470
1497,1501
1476,1461
1498,1470
1516,1458
1533,1468
1483,1487
1467,1499
1471,1480
1491,1457
1480,1470
1494,1477
1460,1489
1489,1458
1482,1462
1483,1429
1429,1455
1449,1452
1483,1429
1446,1442
1437,1446
1436,1429
1451,1411
1483,1419
1449,1456
1445,1419
1453,1431
1446,1428
1407,1410
1409,1417
1482,1412
1413,1391
1412,1398
1396,1414
1424,1433
1367,1443
1405,1392
1419,1371
1438,1402
1436,1343
1393,1420
1409,1422
1428,1410
1389,1377
1403,1388
1402,1406
1369,1369
1377,1374
1366,1381
1366,1353
1388,1361
1353,1365
1345,1369
1357,1384
1384,1361
1362,1364
1390,1360
1356,1363
1364,1341
1373,1379
1364,1355
1346,1378
1321,1388
1335,1383
1396,1346
1322,1356
1332,1332
1343,1370
1365,1354
1368,1315
1373,1403
1359,1363
1352,1341
1348,1370
1323,1367
1348,1366
1369,1341
1351,1340
1328,1318
1318,1356
1322,1382
1316,1387
1369,1358
1347,1367
1337,1365
1352,1343
1345,1363
1361,1345
1342,1370
1331,1349
1330,1341
1383,1375
1358,1366
1363,1349
1393,1357
1376,1393
1348,1407
1365,1362
1356,1390
1370,1393
1369,1369
1391,1396
1378,1377
1383,1371
1377,1369
1395,1406
1394,1394
1336,1407
1398,1406
1412,1389
1408,1413
1385,1426
1357,1397
1396,1425
1407,1375
1407,1386
1414,1399
1395,1401
1397,1418
1418,1399
1425,1423
1434,1449
1442,1418
1398,1404
1401,1423
1443,1444
1382,1438
1423,1418
1449,1464
1470,1455
1428,1470
1453,1430
1431,1464
1436,1433
1425,1471
1446,1458
1449,1440
1452,1482
1460,1471
1459,1468
1478,1460
1411,1493
1454,1483
1482,1481
1461,1489
1495,1486
1479,1475
1495,1494
1482,1485
1497,1511
1456,1514
1486,1486
1484,1497
1474,1522
1493,1501
1482,1500
1482,1501
1530,1502
1517,1521
1536,1501
1489,1573
1546,1493
1480,1533
1512,1494
1524,1526
1506,1514
1519,1545
1526,1546
1559,1534
1527,1528
1542,1536
1557,1529
1526,1554
1547,1539
1554,1534
1532,1541
1546,1521
1517,1548
1534,1534
1548,1550
1488,1552
1575,1566
1545,1539
1550,1510
1551,1521
1535,1529
1583,1507
1577,1547
1535,1514
1557,1548
1560,1542
1558,1541
1555,1550
1557,1565
1558,1537
1556,1518
1539,1554
1533,1543
1547,1573
1518,1557
1529,1512
1535,1565
1556,1535
1563,1522
1571,1519
1575,1527
1532,1492
1588,1520
1568,1529
1568,1501
1562,1531
1560,1486
1528,1520
1534,1534
1557,1504
1542,1557
1554,1522
1538,1520
1522,1522
1488,1518
1514,1501
1532,1537
1512,1503
1535,1487
1516,1523
1489,1540
1502,1474
1544,1509
1540,1495
1499,1513
1506,1486
1523,1507
1501,1517
1533,1490
1495,1481
1479,1486
1490,1435
1504,1427
1493,1457
1503,1464
1488,1490
1509,1465
1487,1466
1530,1460
1467,1477
1507,1438
1474,1461
1471,1414
1443,1403
1477,1442
1464,1419
1484,1413
1442,1451
1472,1441
1413,1439
1415,1414
1428,1434
1415,1422
1422,1420
1448,1414
1446,1430
1442,1376
1440,1422
1460,1424
1427,1404
1418,1415
1410,1386
1401,1383
1379,1383
1368,1422
1413,1412
1420,1388
1401,1381
1399,1384
1387,1385
1390,1385
1389,1380
1375,1370
1418,1419
1376,1352
1343,1393
1345,1377
1400,1370
1409,1395
1365,1387
1404,1370
1370,1350
1360,1371
1338,1382
1359,1359
1417,1358
1352,1363
1362,1338
1353,1341
1383,1351
1372,1381
1379,1344
1365,1364
1348,1359
1347,1353
1336,1354
1346,1343
1315,1386
1301,1354
1354,1371
1348,1366
1306,1347
1329,1320
1357,1375
1304,1339
1365,1376
1342,1361
1335,1380
1355,1374
1331,1370
1347,1349
1334,1366
1303,1360
1346,1354
1305,1353
1345,1347
1344,1337
1338,1361
1355,1351
1400,1382
1333,1376
1371,1367
1341,1389
1389,1375
1361,1366
1342,1390
1369,1350
1339,1392
1351,1376
1379,1399
1373,1396
1354,1381
1376,1398
1376,1408
1373,1387
1335,1402
1385,1402
1413,1411
1379,1432
1378,1417
1396,1398
1371,1403
1418,1435
1410,1419
1366,1442
1374,1420
1401,1422
1375,1431
1396,1460
1383,1422
1389,1465
1396,1438
1413,1422
1431,1412
1411,1440
1432,1467
1417,1414
1455,1480
1438,1453
1417,1454
1454,1451
1469,1461
1420,1465
1462,1447
1459,1455
1446,1451
1468,1481
1451,1457
1463,1483
1474,1462
1469,1466
1486,1503
1484,1501
1483,1496
1509,1485
1468,1481
1481,1530
1472,1507
1466,1489
1492,1508
1495,1503
1509,1543
1520,1514
1532,1500
1523,1518
1496,1521
1519,1514
1539,1514
1507,1553
1500,1507
1502,1545
1500,1552
1512,1525
1541,1498
1563,1541
1521,1532
1564,1527
1485,1548
1567,1553
1513,1521
1546,1563
1502,1546
1539,1539
1528,1559
1576,1530
1548,1551
1500,1539
1541,1534
1556,1572
1525,1555
1521,1546
1523,1522
1530,1538
1548,1535
1602,1545
1547,1530
1544,1518
1579,1534
1555,1520
1567,1545
1541,1544
1543,1537
1566,1549
1510,1535
1557,1544
1562,1552
1567,1520
1581,1533
1559,1547
1560,1515
1543,1493
1564,1511
1570,1541
1533,1542
1523,1517
1547,1521
1543,1533
1540,1537
1559,1518
1545,1514
1552,1516
1544,1530
1524,1507
1537,1500
1563,1522
1536,1512
1499,1523
1539,1481
1515,1531
1491,1486
1501,1532
1503,1514
1512,1494
1517,1499
1515,1509
1496,1482
1540,1477
1461,1491
1518,1494
1491,1493
1492,1484
1514,1463
1508,1490
1480,1488
1456,1462
1469,1464
1474,1435
1473,1493
1462,1468
1494,1458
1462,1482
1494,1460
1461,1455
1485,1436
1470,1440
1487,1441
1453,1495
1445,1454
1461,1426
1451,1422
1428,1437
1440,1435
1454,1420
1430,1399
1448,1439
1464,1424
1418,1404
1433,1433
1419,1457
1378,1390
1426,1403
1429,1399
1428,1385
1373,1419
1369,1396
1429,1376
1413,1385
1410,1356
1392,1410
1398,1345
1403,1417
1350,1371
1380,1372
1377,1376
1411,1341
1396,1388
1361,1393
1401,1389
1379,1381
1363,1362
1354,1359
1383,1362
1406,1383
1398,1360
1385,1357
1348,1332
1367,1368
1344,1376
1350,1358
1380,1389
1360,1355
1440,1365
1373,1358
1361,1375
1350,1365
1381,1360
1360,1347
1326,1365
1356,1379
1328,1370
1365,1357
1347,1370
1340,1378
1324,1384
1317,1393
1339,1338
1375,1372
1359,1372
1380,1346
1354,1371
1336,1351
1335,1370
1341,1375
1352,1337
1349,1354
1319,1369
1378,1373
1334,1384
1349,1336
1335,1351
1353,1403
1375,1362
1332,1363
1371,1379
1320,1373
1375,1385
1320,1370
1367,1386
1333,1368
1387,1394
1353,1378
1369,1405
1352,1386
1376,1392
1365,1405
1341,1392
1359,1399
1357,1422
1378,1386
1381,1439
1390,1402
1363,1422
1361,1429
1377,1403
1386,1402
1376,1435
1351,1403
1379,1454
1424,1431
1356,1425
1413,1452
1418,1416
1435,1425
1407,1425
1398,1449
1400,1450
1420,1450
1429,1436
1445,1422
1439,1449
1430,1469
1420,1466
1449,1433
1430,1460
1434,1444
1468,1458
1457,1479
1439,1480
1497,1453
1463,1485
1456,1465
1449,1515
1496,1430
1491,1493
1443,1477
1495,1500
1511,1486
1498,1475
1481,1488
1486,1494
1493,1503
1512,1503
1514,1503
1491,1489
1491,1503
1483,1508
1533,1498
1497,1511
1530,1511
1518,1503
1534,1504
1530,1502
1507,1497
1487,1537
1536,1547
1518,1532
1529,1530
1516,1562
1514,1508
1544,1523
1563,1512
1539,1560
1545,1526
1563,1512
1513,1539
1526,1529
1508,1577
1583,1545
1539,1517
1502,1537
1531,1548
1522,1547
1562,1542
1581,1570
1538,1568
1558,1526
1532,1562
1555,1552
1558,1544
1587,1542
1564,1511
1537,1524
1558,1544
1528,1542
1601,1565
1550,1507
1525,1550
1545,1520
1541,1527
1531,1574
1554,1506
1540,1545
1537,1536
1526,1539
1565,1532
1552,1519
1530,1549
1557,1511
1532,1529
1544,1548
1527,1523
1519,1496
1550,1526
1550,1520
1553,1524
1575,1492
1496,1502
1531,1526
1535,1508
1547,1502
1503,1509
1520,1512
1527,1520
1523,1496
1528,1491
1527,1486
1574,1489
1482,1498
1516,1482
1513,1495
1494,1486
1529,1472
1529,1479
1525,1483
1488,1493
1500,1482
1538,1450
1479,1489
1491,1482
1470,1488
1497,1449
1516,1433
1464,1459
1469,1442
1463,1448
1455,1450
1435,1418
1455,1425
1474,1436
1443,1451
1453,1426
1463,1445
1473,1389
1429,1444
1472,1404
1443,1403
1449,1465
1404,1391
1424,1409
1456,1377
1417,1417
1447,1412
1390,1399
1432,1400
1400,1375
1430,1429
1401,1414
1417,1399
1436,1410
1393,1386
1382,1391
1369,1406
1415,1372
1402,1363
1350,1386
1377,1414
1390,1368
1373,1366
1378,1379
1371,1363
1388,1377
1392,1381
1401,1400
1342,1347
1341,1382
1372,1365
1353,1388
1358,1354
1373,1366
1362,1362
1330,1377
1357,1370
1350,1400
1351,1372
1342,1349
1354,1350
1407,1354
1334,1356
1338,1396
1355,1351
1350,1408
1335,1365
1346,1340
1361,1390
1362,1342
1331,1306
1370,1375
1340,1371
1405,1345
1362,1354
1322,1346
1393,1372
1366,1372
1338,1391
1347,1369
1317,1346
1331,1368
1366,1374
1337,1367
1330,1380
1342,1352
1403,1374
1357,1419
1323,1376
1389,1389
1344,1362
1362,1382
1350,1394
1345,1345
1380,1368
1362,1376
1377,1366
1364,1376
1404,1408
1347,1414
1385,1392
1380,1424
1375,1412
1407,1400
1369,1379
1373,1409
1371,1429
1400,1413
1412,1422
1402,1407
1393,1464
1385,1432
1370,1399
1417,1409
1383,1431
1429,1465
1402,1415
1417,1419
1392,1440
1399,1435
1434,1409
1460,1442
1431,1454
1428,1484
1440,1443
1443,1467
1450,1476
1437,1484
1416,1489
1426,1482
1441,1471
1461,1483
1453,1482
1469,1479
1456,1495
1490,1480
1420,1458
1442,1473
1436,1499
1485,1497
1491,1487
1466,1503
1457,1471
1478,1481
1515,1495
1484,1486
1446,1514
1470,1507
1480,1516
1476,1512
1494,1506
1485,1502
1519,1532
1515,1536
1501,1505
1502,1509
1532,1495
1496,1510
1516,1538
1530,1513
1516,1529
1531,1506
1509,1537
1540,1536
1524,1522
1557,1530
1503,1521
1495,1552
1521,1519
1541,1551
1506,1531
1542,1531
1537,1510
1534,1537
1563,1542
1520,1560
1544,1563
1544,1541
1538,1540
1569,1550
1529,1544
1549,1527
1551,1524
1569,1528
1558,1543
1574,1581
1564,1520
1554,1553
1578,1569
1538,1522
1552,1502
1565,1559
1532,1563
1547,1573
1530,1518
1553,1512
1563,1537
1575,1535
1564,1526
1530,1529
1521,1550
1554,1530
1572,1526
1524,1529
1519,1509
1568,1503
1515,1521
1565,1517
1520,1495
1510,1512
1553,1503
1542,1500
1525,1512
1559,1521
1516,1519
1534,1476
1506,1489
1501,1480
1519,1488
1516,1479
1535,1492
1519,1498
1513,1503
1538,1501
1508,1482
1474,1475
1495,1466
1467,1482
1479,1486
1531,1488
1502,1483
1486,1470
1498,1480
1516,1443
1499,1443
1481,1431
1491,1458
1479,1456
1495,1452
1471,1470
1470,1463
1443,1424
1475,1431
1451,1448
1451,1434
1438,1434
1451,1431
1461,1451
1456,1424
1398,1435
1449,1409
1413,1399
1451,1402
1432,1407
1441,1414
1444,1413
1425,1424
1443,1404
1395,1394
1382,1395
1412,1384
1428,1407
1415,1377
1416,1384
1374,1406
1416,1376
1384,1400
1392,1382
1360,1369
1377,1377
1402,1411
1389,1378
1393,1411
1383,1374
1372,1373
1379,1362
1415,1362
1347,1383
1367,1364
1344,1374
1362,1390
1382,1362
1375,1357
1358,1354
1374,1376
1367,1366
1391,1360
1349,1387
1347,1342
1376,1332
1367,1389
1355,1348
1319,1377
1364,1372
1342,1342
1384,1370
1327,1350
1346,1371
1357,1364
1337,1342
1312,1380
1308,1372
1325,1353
1351,1355
1336,1386
1375,1343
1324,1319
1372,1355
1327,1406
1360,1355
1358,1327
1361,1379
1349,1376
1342,1333
1331,1374
1359,1380
1320,1355
1355,1358
1330,1377
1379,1357
1339,1376
1387,1380
1380,1408
1380,1360
1381,1375
1400,1401
1373,1395
1347,1389
1385,1378
1361,1396
1351,1365
1383,1378
1379,1377
1375,1401
1371,1422
1385,1395
1337,1420
1385,1400
1374,1383
1419,1421
1384,1384
1376,1396
1376,1380
1396,1418
1402,1448
1404,1408
1381,1417
1384,1425
1394,1446
1423,1449
1427,1456
1382,1416
1412,1461
1458,1464
1444,1456
1398,1453
1442,1460
1428,1442
1463,1445
1454,1483
1412,1486
1455,1483
1453,1455
1455,1430
1456,1450
1458,1495
1440,1472
1483,1501
1476,1494
1422,1479
1443,1476
1456,1501
1480,1493
1432,1461
1485,1514
1433,1476
1470,1496
1503,1535
1481,1477
1528,1484
1475,1491
1479,1538
1502,1509
1503,1523
1505,1545
1485,1500
1484,1504
1513,1525
1483,1561
1529,1522
1496,1530
1543,1510
1504,1518
1500,1523
1537,1539
1506,1481
1513,1536
1507,1532
1526,1558
1532,1556
1523,1537
1521,1522
1568,1537
1534,1549
1588,1570
1546,1555
1537,1506
1565,1552
1557,1534
1535,1543
1526,1528
1551,1556
1558,1526
1561,1537
1507,1537
1577,1550
1527,1504
1544,1544
1566,1535
1519,1558
1536,1541
1533,1538
1531,1517
1556,1502
1551,1525
1538,1536
1556,1548
1594,1550
1535,1551
1522,1543
1546,1542
1534,1537
1570,1541
1541,1565
1547,1528
1572,1496
1521,1536
1525,1513
1545,1512
1528,1508
1515,1492
1519,1527
1491,1525
1528,1509
1508,1518
1538,1508
1533,1504
1530,1514
1530,1490
1521,1504
1511,1488
1473,1474
1521,1497
1508,1488
1515,1480
1516,1477
1501,1487
1463,1475
1494,1473
1525,1480
1502,1480
1487,1458
1481,1484
1501,1453
1482,1448
1507,1469
1480,1506
1500,1465
1460,1459
1475,1424
1454,1474
1463,1420
1483,1450
1464,1466
1462,1416
1449,1415
1456,1482
1459,1468
1464,1431
1426,1425
1461,1417
1474,1432
1410,1403
1487,1435
1433,1395
1395,1424
1436,1440
1422,1410
1461,1402
1389,1417
1437,1409
1412,1406
1404,1364
1413,1401
1387,1382
1414,1413
1405,1380
1425,1391
1411,1403
1397,1402
1384,1384
1397,1385
1416,1384
1343,1402
1397,1368
1375,1391
1399,1350
1368,1380
1379,1376
1376,1400
1383,1378
1382,1369
1370,1399
1347,1373
1365,1387
1377,1373
1394,1385
1371,1369
1365,1352
1382,1333
1397,1336
1371,1346
1382,1368
1355,1384
1344,1354
1355,1375
1389,1355
1349,1356
1348,1340
1340,1353
1370,1355
1323,1358
1355,1368
1328,1372
1355,1361
1374,1368
1334,1368
1369,1365
1360,1399
1324,1362
1342,1330
1352,1399
1344,1385
1341,1372
1380,1353
1370,1371
1374,1364
1337,1386
1369,1371
1355,1352
1371,1352
1357,1402
1383,1380
1351,1369
1365,1396
1331,1403
1379,1364
1371,1356
1358,1402
1366,1366
1368,1393
1386,1378
1398,1389
1355,1427
1366,1415
1387,1408
1380,1409
1370,1391
1382,1403
1391,1405
1408,1409
1396,1395
1404,1440
1370,1392
1399,1377
1381,1440
1406,1448
1417,1433
1421,1446
1393,1420
1445,1428
1395,1405
1414,1436
1435,1419
1431,1405
1417,1458
1443,1437
1408,1442
1425,1434
1429,1448
1445,1482
1439,1445
1437,1472
1401,1503
1458,1485
1475,1486
1504,1484
1450,1480
1443,1451
1457,1474
1462,1479
1442,1501
1462,1486
1505,1473
1471,1492
1480,1502
1500,1461
1483,1453
1471,1483
1506,1497
1474,1496
1487,1493
1431,1491
1516,1511
1529,1526
1550,1475
1498,1514
1455,1520
1535,1520
1494,1527
1503,1487
1520,1502
1498,1497
1518,1499
1514,1510
1507,1510
1539,1507
1526,1529
1537,1523
1514,1519
1501,1524
1519,1545
1488,1552
1526,1556
1523,1516
1529,1536
1580,1536
1540,1537
1536,1569
1528,1542
1525,1516
1525,1537
1555,1559
1542,1529
1546,1590
1519,1544
1542,1519
1541,1549
1563,1534
1547,1570
1533,1553
1529,1514
1547,1558
1539,1526
1586,1519
1509,1574
1531,1551
1562,1523
1556,1521
1567,1528
1548,1582
1564,1548
1505,1534
1529,1529
1548,1544
1532,1523
1555,1489
1547,1515
1517,1550
1526,1493
1529,1529
1540,1531
1539,1497
1536,1458
1574,1508
1532,1514
1554,1490
1518,1468
1541,1514
1535,1467
1517,1494
1518,1495
1494,1494
1513,1486
1474,1477
1486,1475
1520,1493
1499,1454
1508,1475
1547,1466
1489,1505
1515,1445
1450,1507
1464,1453
1490,1484
1490,1477
1500,1499
1513,1447
1483,1501
1448,1448
1475,1459
1453,1422
1444,1454
1493,1428
1474,1460
1489,1450
1475,1462
1469,1434
1480,1450
1445,1445
1492,1424
1435,1418
1429,1398
1452,1440
1430,1392
1421,1390
1436,1410
1445,1405
1408,1418
1415,1386
1403,1426
1425,1406
1406,1400
1452,1391
1424,1389
1394,1414
1402,1392
1411,1387
1372,1397
1414,1361
1380,1405
1350,1396
1397,1380
1386,1385
1388,1388
1362,1380
1422,1357
1409,1409
1376,1377
1371,1336
1356,1368
1377,1367
1373,1370
1409,1355
1392,1343
1337,1348
1348,1387
1345,1377
1377,1377
1359,1363
1365,1363
1368,1376
1340,1341
1356,1382
1362,1344
1325,1358
1345,1362
1378,1376
1384,1374
1366,1350
1385,1365
1340,1367
1321,1367
1360,1361
1348,1348
1356,1355
1364,1387
1346,1357
1352,1331
1328,1363
1342,1362
1349,1364
1345,1363
1322,1390
1387,1374
1353,1387
1349,1383
1348,1379
1398,1369
1370,1365
1350,1358
1399,1416
1375,1376
1367,1373
1401,1378
1375,1378
1392,1364
1364,1389
1358,1383
1386,1399
1375,1410
1361,1394
1379,1376
1351,1416
1319,1395
1361,1381
1372,1412
1403,1412
1374,1390
1368,1422
1406,1404
1384,1392
1366,1419
1396,1418
1398,1428
1402,1419
1387,1391
1407,1446
1403,1438
1415,1411
1418,1430
1448,1424
1432,1406
1388,1456
1411,1431
1432,1472
1425,1457
1439,1442
1422,1417
1397,1452
1479,1446
1428,1460
1433,1458
1449,1456
1416,1465
1470,1456
1435,1464
1446,1476
1478,1490
1502,1465
1472,1498
1456,1475
1462,1490
1448,1519
1512,1462
1477,1486
1516,1471
1454,1520
1496,1534
1484,1483
1510,1525
1485,1479
1443,1506
1535,1522
1556,1510
1506,1529
1494,1512
1504,1515
1497,1518
1497,1530
1526,1512
1496,1537
1489,1502
1517,1546
1512,1546
1492,1504
1523,1526
1504,1532
1547,1532
1547,1537
1548,1506
1502,1523
1497,1514
1525,1511
1550,1526
1541,1532
1551,1522
1530,1543
1553,1503
1542,1516
1549,1521
1532,1526
1508,1538
1543,1539
1553,1550
1548,1555
1527,1557
1533,1535
1525,1552
1543,1546
1530,1528
1523,1545
1549,1529
1559,1531
1526,1530
1565,1558
1542,1529
1538,1519
1513,1532
1581,1508
1523,1527
1531,1536
1539,1520
1548,1529
1521,1511
1577,1520
1534,1531
1564,1486
1563,1528
1557,1556
1550,1523
1572,1520
1556,1527
1526,1491
1495,1522
1531,1493
1547,1491
1514,1512
1511,1509
1534,1507
1539,1500
1497,1469
1516,1491
1497,1497
1521,1490
1532,1461
1555,1495
1497,1452
1511,1497
1524,1484
1468,1476
1550,1501
1514,1469
1465,1475
1503,1493
1461,1439
1463,1491
1477,1455
1510,1474
1456,1467
1447,1428
1468,1463
1473,1451
1526,1463
1454,1435
1452,1454
1457,1427
1439,1461
1413,1457
1450,1445
1429,1422
1437,1447
1468,1437
1461,1463
1448,1433
1440,1408
1460,1411
1423,1435
1437,1403
1457,1426
1424,1417
1441,1394
1395,1413
1414,1407
1448,1423
1375,1406
1428,1360
1374,1397
1403,1387
1366,1372
1388,1405
1342,1363
1389,1373
1391,1383
1384,1388
1366,1391
1396,1401
1397,1364
1374,1380
1400,1406
1372,1397
1384,1379
1363,1400
1388,1369
1404,1391
1378,1365
1381,1399
1373,1401
1332,1382
1389,1371
1370,1365
1353,1403
1316,1383
1354,1366
1392,1383
1402,1358
1393,1370
1389,1375
1332,1363
1356,1356
1365,1382
1335,1360
1309,1349
1363,1386
1384,1369
1364,1370
1301,1382
1351,1391
1359,1360
1349,1360
1362,1384
1335,1404
1333,1357
1333,1365
1383,1340
1377,1372
1361,1385
1346,1368
1366,1360
1381,1358
1352,1375
1362,1368
1319,1352
1383,1383
1370,1394
1373,1360
1344,1404
1373,1367
1360,1381
1346,1394
1358,1346
1382,1392
1349,1378
1357,1375
1384,1368
1386,1382
1371,1424
1371,1398
1398,1410
1400,1395
1424,1425
1365,1411
1426,1397
1397,1430
1391,1412
1408,1438
1380,1430
1363,1407
1408,1412
1410,1414
1409,1426
1426,1439
1411,1420
1445,1447
1384,1441
1404,1463
1430,1450
1445,1452
1449,1437
1472,1456
1426,1473
1416,1474
1432,1435
1433,1463
1433,1488
1477,1487
1444,1461
1452,1446
1477,1463
1411,1450
1468,1459
1472,1490
1446,1473
1432,1484
1446,1468
1443,1479
1469,1503
1448,1474
1498,1526
1469,1507
1463,1519
1497,1502
1487,1475
1523,1461
1495,1535
1513,1516
1491,1507
1530,1543
1542,1504
1524,1480
1539,1498
1510,1523
1461,1532
1483,1529
1522,1496
1520,1539
1489,1505
1552,1529
1539,1539
1552,1524
1516,1518
1530,1547
1536,1545
1517,1534
1575,1512
1567,1554
1523,1516
1530,1507
1547,1510
1563,1543
1559,1511
1597,1529
1535,1555
1555,1524
1496,1505
1547,1521
1523,1535
1553,1547
1548,1538
1550,1536
1567,1539
1521,1546
1527,1538
1553,1548
1560,1547
1538,1523
1542,1515
1527,1504
1549,1549
1544,1548
1546,1518
1571,1529
1568,1514
1525,1517
1532,1490
1512,1535
1517,1532
1525,1510
1511,1506
1536,1520
1556,1517
1526,1536
1539,1560
1529,1500
1532,1520
1539,1522
1545,1517
1536,1499
1539,1532
1556,1513
1497,1504
1520,1476
1512,1490
1530,1483
1541,1509
1522,1506
1541,1512
1542,1498
1498,1516
1526,1498
1492,1477
1491,1488
1491,1456
1478,1475
1506,1446
1490,1468
1481,1470
1478,1444
1504,1458
1485,1458
1478,1463
1471,1449
1459,1443
1498,1449
1456,1457
1502,1464
1516,1440
1438,1453
1445,1447
1459,1444
1430,1411
1459,1469
1472,1408
1429,1442
1461,1417
1469,1424
1424,1418
1431,1430
1403,1416
1421,1395
1447,1405
1418,1404
1416,1389
1431,1396
1432,1413
1429,1425
1386,1407
1435,1393
1441,1408
1434,1358
1399,1410
1440,1406
1404,1393
1392,1378
1389,1395
1436,1376
1397,1412
1378,1345
1424,1381
1404,1346
1394,1377
1409,1382
1406,1367
1387,1359
1370,1355
1371,1382
1362,1374
1375,1343
1355,1369
1394,1340
1373,1354
1334,1365
1372,1373
1380,1386
1365,1350
1395,1334
1388,1381
1329,1408
1350,1369
1366,1343
1340,1365
1378,1373
1369,1384
1381,1381
1383,1355
1363,1366
1364,1387
1372,1331
1385,1371
1353,1354
1346,1362
1357,1386
1341,1366
1329,1370
1341,1385
1366,1379
1389,1316
1354,1396
1325,1381
1356,1382
1345,1368
1361,1371
1394,1342
1367,1354
1357,1392
1354,1388
1369,1391
1342,1376
1354,1393
1356,1390
1363,1406
1368,1366
1398,1380
1375,1397
1391,1390
1406,1429
1377,1390
1392,1441
1348,1361
1360,1383
1369,1436
1424,1400
1384,1438
1422,1392
1396,1456
1392,1402
1388,1400
1416,1420
1401,1436
1409,1416
1416,1402
1405,1447
1395,1422
1420,1418
1404,1425
1375,1442
1440,1438
1441,1442
1423,1440
1443,1476
1446,1462
1470,1466
1396,1485
1398,1462
1399,1450
1428,1483
1459,1461
1466,1469
1440,1452
1469,1476
1454,1494
1466,1477
1465,1486
1468,1475
1456,1452
1500,1476
1479,1482
1485,1490
1480,1478
1471,1504
1485,1519
1482,1552
1491,1510
1494,1513
1476,1501
1512,1499
1480,1492
1507,1484
1482,1508
1513,1522
1448,1520
1484,1494
1512,1496
1494,1557
1510,1500
1521,1498
1466,1489
1545,1533
1503,1529
1520,1528
1529,1541
1545,1513
1528,1519
1493,1529
1530,1552
1559,1500
1517,1509
1485,1531
1505,1532
1528,1547
1544,1514
1567,1533
1498,1555
1530,1505
1570,1529
1537,1520
1529,1547
1560,1539
1551,1520
1550,1530
1534,1549
1573,1547
1581,1562
1543,1528
1538,1536
1513,1520
1514,1554
1526,1535
1548,1531
1572,1541
1570,1505
1550,1516
1544,1506
1535,1513
1529,1543
1541,1530
1578,1533
1556,1547
1514,1536
1542,1500
1545,1512
1547,1532
1556,1521
1533,1525
1510,1482
1564,1517
1536,1505
1534,1491
1527,1480
1505,1500
1523,1508
1527,1511
1539,1471
1558,1489
1509,1475
1507,1452
1544,1487
1519,1475
1508,1470
1503,1496
1511,1487
1454,1471
1467,1459
1449,1474
1502,1481
1479,1481
1460,1475
1518,1494
1510,1475
1506,1486
1521,1450
1481,1463
1471,1464
1477,1488
1473,1479
1491,1448
1457,1428
1465,1433
1449,1468
1499,1456
1480,1441
1471,1446
1454,1424
1423,1452
1441,1419
1439,1429
1451,1449
1429,1387
1467,1409
1447,1409
1418,1392
1433,1414
1421,1443
1390,1396
1439,1407
1446,1414
1433,1416
1408,1401
1433,1422
1425,1408
1402,1390
1436,1407
1405,1371
1417,1400
1364,1372
1370,1411
1430,1379
1384,1388
1389,1407
1358,1386
1379,1384
1415,1372
1375,1380
1389,1397
1384,1373
1395,1379
1403,1380
1373,1365
1361,1375
1376,1362
1363,1363
1369,1373
1386,1337
1364,1395
1371,1346
1402,1362
1373,1381
1351,1340
1363,1354
1369,1377
1377,1387
1353,1340
1354,1365
1384,1366
1355,1358
1379,1357
1386,1366
1325,1349
1357,1373
1369,1354
1390,1383
1347,1380
1323,1380
1362,1371
1391,1346
1372,1360
1357,1370
1334,1386
1377,1360
1353,1381
1311,1395
1336,1380
1331,1367
1382,1382
1330,1388
1367,1382
1326,1416
1363,1371
1378,1422
1361,1386
1343,1380
1336,1370
1377,1398
1357,1380
1366,1376
1377,1383
1378,1420
1379,1389
1376,1390
1380,1395
1381,1383
1417,1394
1355,1389
1400,1404
1416,1445
1410,1402
1402,1438
1363,1443
1408,1399
1395,1447
1440,1411
1430,1425
1414,1417
1413,1440
1382,1412
1425,1444
1412,1440
1444,1409
1377,1414
1461,1429
1437,1454
1449,1439
1437,1456
1456,1446
1435,1425
1409,1467
1480,1468
1433,1462
1434,1437
1422,1446
1459,1445
1427,1471
1471,1459
1449,1459
1470,1497
1481,1521
1478,1480
1517,1486
1479,1463
1502,1473
1492,1483
1452,1447
1468,1476
1504,1529
1466,1515
1510,1496
1467,1531
1469,1520
1498,1542
1497,1482
1498,1493
1503,1539
1507,1526
1502,1507
1502,1497
1514,1494
1531,1526
1536,1539
1546,1525
1525,1514
1535,1524
1523,1508
1510,1495
1486,1528
1519,1557
1525,1546
1528,1508
1538,1505
1544,1487
1513,1528
1549,1502
1561,1531
1557,1541
1544,1555
1538,1547
1534,1547
1566,1527
1563,1542
1538,1543
1557,1526
1525,1486
1507,1510
1548,1524
1519,1504
1561,1512
1537,1530
1492,1545
1524,1550
1521,1530
1543,1549
1543,1536
1523,1557
1541,1504
1518,1525
1543,1531
1551,1521
1551,1532
1517,1509
1554,1496
1521,1532
1533,1513
1543,1535
1558,1503
1560,1496
1557,1522
1541,1499
1521,1532
1504,1507
1518,1499
1517,1480
1542,1495
1509,1508
1494,1530
1528,1494
1534,1462
1483,1430
1497,1492
1462,1532
1525,1506
1508,1505
1514,1484
1490,1492
1557,1472
1489,1487
1492,1491
1476,1450
1471,1519
1492,1432
1451,1448
1492,1446
1451,1443
1471,1439
1491,1482
1461,1461
1471,1437
1479,1464
1470,1420
1449,1436
1432,1400
1474,1462
1458,1415
1462,1449
1465,1429
1482,1448
1431,1450
1456,1422
1456,1422
1454,1437
1406,1419
1420,1415
1438,1451
1408,1393
1395,1440
1435,1404
1463,1400
1417,1440
1443,1387
1397,1354
1452,1394
1449,1394
1395,1402
1408,1387
1419,1400
1381,1395
1409,1403
1406,1398
1385,1402
1411,1379
1388,1370
1368,1413
1387,1406
1393,1377
1350,1371
1361,1374
1392,1359
1359,1371
1421,1394
1384,1377
1341,1383
1387,1366
1375,1390
1406,1380
1382,1364
1353,1395
1380,1377
1312,1376
1365,1373
1374,1387
1386,1382
1353,1386
1364,1388
1335,1349
1337,1359
1370,1351
1352,1367
1351,1374
1363,1402
1367,1316
1386,1410
1397,1411
1353,1354
1361,1358
1348,1400
1387,1407
1345,1376
1355,1377
1336,1363
1354,1380
1391,1349
1363,1402
1352,1374
1351,1384
1377,1360
1357,1394
1388,1375
1367,1413
1373,1380
1392,1377
1357,1374
1399,1384
1385,1400
1361,1375
1389,1401
1393,1403
1377,1398
1339,1408
1355,1433
1370,1405
1393,1417
1350,1400
1376,1391
1389,1370
1377,1399
1408,1416
1420,1419
1422,1417
1398,1432
1377,1424
1376,1460
1379,1420
1420,1425
1393,1410
1431,1433
1409,1435
1418,1437
1432,1446
1407,1397
1416,1437
1433,1426
1395,1445
1439,1435
1399,1437
1405,1462
1413,1450
1483,1445
1411,1466
1442,1476
1404,1440
1494,1485
1477,1474
1423,1490
1426,1477
1468,1443
1463,1487
1481,1471
1456,1493
1480,1481
1458,1517
1483,1477
1471,1450
1436,1498
1521,1490
1443,1504
1482,1473
1466,1517
1509,1494
1476,1515
1505,1531
1468,1480
1449,1520
1510,1498
1472,1519
1557,1505
1489,1478
1497,1528
1527,1510
1531,1513
1504,1532
1529,1541
1526,1517
1539,1494
1492,1518
1524,1508
1517,1522
1550,1503
1538,1528
1507,1529
1535,1511
1539,1515
1521,1535
1499,1502
1564,1529
1559,1502
1538,1541
1544,1519
1524,1524
1563,1546
1547,1542
1564,1539
1511,1530
1547,1530
1542,1500
1569,1513
1521,1498
1548,1556
1515,1531
1511,1543
1529,1514
1516,1565
1526,1565
1561,1530
1529,1512
1534,1535
1556,1512
1568,1525
1563,1525
1554,1531
1542,1537
1507,1540
1512,1546
1519,1544
1534,1504
1538,1508
1551,1502
1556,1524
1549,1521
1510,1508
1559,1486
1530,1540
1521,1529
1499,1491
1528,1533
1523,1517
1497,1473
1501,1506
1476,1502
1505,1519
1530,1513
1509,1479
1525,1478
1483,1515
1516,1494
1534,1493
1538,1466
1514,1448
1507,1475
1463,1471
1466,1442
1481,1470
1519,1471
1513,1442
1478,1468
1499,1471
1494,1482
1466,1449
1457,1441
1445,1433
1423,1429
1506,1472
1488,1445
1481,1428
1464,1441
1418,1419
1469,1459
1455,1460
1473,1408
1417,1416
1445,1429
1449,1408
1414,1437
1432,1421
1425,1402
1434,1421
1441,1431
1446,1410
1380,1394
1385,1417
1403,1401
1401,1390
1401,1415
1430,1411
1402,1369
1401,1408
1421,1390
1421,1395
1391,1394
1396,1390
1398,1377
1373,1420
1363,1368
1395,1388
1394,1362
1358,1408
1388,1398
1398,1376
1388,1387
1375,1390
1375,1379
1395,1384
1358,1387
1393,1378
1340,1383
1383,1410
1356,1402
1360,1360
1360,1361
1367,1350
1359,1374
1366,1361
1380,1375
1366,1387
1373,1364
1344,1330
1356,1355
1385,1363
1327,1349
1348,1398
1385,1344
1380,1364
1371,1385
1389,1387
1365,1373
1359,1384
1332,1379
1331,1392
1327,1366
1342,1341
1326,1352
1390,1368
1347,1366
1340,1354
1369,1373
1358,1369
1351,1401
1345,1369
1357,1361
1357,1358
1370,1397
1355,1354
1310,1405
1390,1389
1346,1404
1388,1400
1363,1388
1399,1400
1369,1410
1402,1385
1393,1411
1366,1367
1392,1412
1357,1381
1396,1403
1410,1416
1368,1393
1407,1409
1389,1405
1396,1403
1398,1399
1385,1431
1413,1410
1370,1403
1403,1418
1394,1432
1426,1422
1435,1423
1408,1418
1420,1457
1419,1442
1454,1422
1448,1459
1375,1441
1385,1436
1417,1461
1412,1477
1423,1445
1413,1449
1421,1489
1467,1481
1445,1486
1453,1484
1424,1448
1456,1485
1444,1470
1478,1493
1429,1464
1437,1451
1473,1453
1447,1451
1489,1469
1436,1459
1434,1475
1479,1484
1446,1490
1453,1487
1428,1510
1480,1466
1490,1501
1489,1483
1465,1474
1469,1499
1500,1502
1479,1507
1479,1475
1497,1475
1532,1498
1482,1529
1528,1502
1508,1491
1526,1518
1533,1493
1529,1531
1498,1525
1533,1522
1497,1511
1508,1527
1513,1533
1529,1517
1540,1518
1542,1534
1512,1509
1555,1495
1508,1540
1549,1521
1535,1516
1526,1488
1514,1533
1559,1565
1533,1515
1525,1542
1549,1545
1536,1549
1550,1544
1537,1526
1554,1542
1539,1512
1524,1517
1550,1518
1510,1513
1525,1502
1541,1520
1550,1509
1558,1496
1526,1524
1529,1490
1548,1552
1525,1536
1505,1551
1545,1505
1524,1515
1541,1513
1538,1543
1525,1544
1524,1492
1532,1512
1525,1540
1530,1490
1525,1511
1521,1487
1531,1487
1520,1522
1531,1520
1501,1521
1487,1500
1523,1518
1534,1487
1518,1498
1505,1515
1521,1488
1541,1496
1473,1519
1508,1522
1541,1496
1521,1493
1522,1483
1524,1465
1485,1460
1480,1463
1546,1478
1517,1457
1473,1460
1532,1444
1495,1469
1487,1482
1492,1480
1456,1441
1472,1470
1464,1413
1484,1462
1507,1438
1483,1452
1455,1448
1478,1427
1442,1439
1478,1458
1438,1427
1424,1445
1424,1422
1457,1416
1427,1442
1436,1399
1450,1392
1442,1396
1449,1441
1436,1400
1396,1397
1459,1446
1433,1391
1416,1426
1424,1402
1463,1407
1434,1409
1437,1378
1394,1391
1404,1418
1359,1415
1431,1424
1372,1400
1399,1401
1395,1401
1399,1395
1400,1381
1379,1369
1356,1370
1399,1359
1386,1391
1377,1375
1363,1365
1379,1373
1370,1394
1361,1393
1390,1369
1380,1372
1361,1370
1379,1364
1340,1384
1373,1366
1378,1349
1365,1374
1398,1377
1362,1388
1365,1362
1412,1380
1392,1368
1369,1371
1347,1400
1376,1373
1369,1355
1413,1354
1320,1370
1367,1375
1365,1368
1379,1392
1374,1377
1328,1406
1317,1360
1381,1343
1386,1393
1341,1392
1377,1366
1345,1391
1352,1385
1382,1352
1366,1372
1354,1392
1332,1345
1390,1389
1368,1398
1349,1397
1350,1403
1430,1378
1356,1400
1399,1380
1371,1415
1364,1403
1357,1412
1399,1413
1350,1406
1426,1399
1368,1408
1372,1397
1376,1374
1396,1376
1409,1387
1363,1424
1382,1399
1410,1411
1364,1401
1401,1427
1412,1428
1420,1431
1380,1396
1413,1407
1388,1409
1405,1425
1413,1439
1442,1429
1421,1445
1373,1433
1429,1438
1431,1445
1403,1444
1422,1442
1437,1449
1415,1434
1453,1465
1435,1442
1461,1454
1408,1447
1430,1479
1465,1477
1425,1458
1433,1485
1421,1458
1403,1468
1456,1475
1401,1445
1449,1476
1460,1469
1450,1489
1448,1474
1477,1444
1499,1461
1488,1523
1452,1497
1455,1497
1485,1490
1426,1521
1494,1492
1442,1486
1489,1505
1455,1490
1496,1515
1486,1497
1474,1468
1507,1489
1521,1495
1506,1527
1489,1519
1513,1516
1513,1531
1494,1517
1557,1527
1530,1497
1511,1480
1517,1530
1505,1553
1539,1492
1512,1527
1527,1529
1508,1517
1513,1537
1550,1512
1516,1522
1539,1537
1537,1528
1577,1525
1536,1565
1543,1521
1500,1519
1556,1531
1514,1511
1490,1513
1552,1545
1539,1506
1543,1552
1515,1553
1552,1509
1521,1530
1545,1510
1559,1549
1509,1541
1524,1527
1589,1559
1567,1510
1530,1552
1537,1542
1563,1510
1548,1525
1535,1497
1557,1507
1512,1512
1543,1484
1526,1514
1531,1509
1497,1531
1501,1510
1500,1502
1529,1486
1511,1524
1543,1518
1487,1500
1515,1515
1549,1506
1499,1474
1515,1521
1536,1496
1516,1487
1527,1518
1507,1483
1517,1490
1509,1495
1530,1453
1512,1491
1518,1507
1482,1480
1501,1454
1497,1496
1510,1481
1512,1503
1482,1461
1455,1455
1489,1457
1496,1487
1459,1479
1448,1435
1446,1470
1462,1442
1502,1461
1461,1472
1497,1471
1435,1461
1453,1475
1441,1433
1448,1434
1470,1446
1477,1455
1446,1409
1445,1464
1439,1433
1449,1444
1428,1406
1445,1448
1461,1403
1450,1411
1423,1420
1426,1431
1399,1418
1439,1448
1429,1448
1412,1413
1396,1440
1444,1391
1442,1395
1428,1409
1444,1422
1404,1384
1373,1394
1377,1396
1380,1392
1399,1397
1382,1361
1399,1354
1392,1372
1382,1391
1414,1407
1374,1359
1395,1407
1370,1381
1384,1390
1403,1400
1367,1365
1362,1368
1391,1357
1385,1367
1401,1393
1371,1372
1358,1376
1371,1345
1375,1390
1407,1358
1392,1389
1319,1354
1332,1393
1375,1375
1390,1373
1375,1356
1397,1360
1353,1391
1377,1397
1363,1390
1359,1347
1313,1363
1344,1369
1379,1375
1358,1346
1346,1375
1390,1390
1366,1369
1388,1384
1363,1365
1365,1384
1372,1366
1391,1366
1366,1392
1365,1382
1343,1363
1389,1387
1383,1410
1343,1385
1338,1394
1351,1334
1370,1357
1377,1394
1375,1415
1385,1408
1356,1404
1378,1395
1334,1389
1368,1375
1401,1412
1370,1415
1421,1367
1355,1398
1376,1420
1378,1421
1376,1422
1383,1421
1400,1425
1424,1401
1408,1402
1396,1399
1425,1403
1381,1418
1445,1407
1387,1416
1390,1437
1402,1420
1367,1422
1397,1421
1430,1446
1427,1432
1401,1452
1428,1437
1433,1478
1397,1439
1417,1425
1409,1450
1454,1485
1436,1454
1464,1437
1442,1471
1432,1464
1413,1484
1441,1479
1444,1479
1486,1451
1456,1489
1428,1490
1470,1462
1443,1459
1461,1491
1455,1477
1453,1460
1480,1496
1449,1463
1493,1472
1482,1482
1508,1487
1470,1513
1448,1494
1479,1473
1523,1479
1485,1479
1489,1527
1480,1504
1475,1500
1504,1500
1479,1485
1531,1537
1498,1473
1510,1541
1492,1494
1502,1528
1492,1533
1515,1528
1528,1503
1536,1511
1524,1500
1545,1506
1525,1530
1512,1546
1556,1550
1522,1520
1511,1540
1513,1527
1536,1528
1570,1541
1510,1508
1511,1519
1555,1521
1544,1536
1516,1540
1539,1531
1564,1495
1542,1504
1536,1529
1551,1498
1503,1516
1564,1521
1552,1521
1518,1548
1541,1528
1560,1524
1557,1515
1557,1572
1540,1519
1538,1530
1544,1493
1519,1508
1583,1546
1571,1541
1546,1518
1539,1527
1528,1515
1533,1525
1550,1509
1549,1518
1520,1518
1530,1472
1550,1513
1537,1481
1518,1519
1500,1495
1527,1537
1513,1488
1522,1545
1521,1512
1503,1500
1496,1492
1500,1494
1499,1484
1526,1477
1492,1498
1512,1457
1494,1481
1524,1505
1489,1495
1497,1484
1491,1488
1511,1479
1523,1483
1498,1482
1500,1478
1502,1477
1494,1442
1476,1478
1452,1435
1492,1478
1480,1454
1502,1462
1500,1459
1475,1429
1479,1438
1443,1444
1452,1455
1444,1412
1454,1450
1469,1461
1459,1407
1470,1426
1479,1444
1471,1451
1450,1438
1455,1425
1429,1431
1430,1417
1443,1433
1411,1418
1421,1431
1431,1411
1435,1430
1407,1408
1454,1418
1423,1408
1443,1440
1439,1389
1414,1399
1383,1409
1415,1356
1406,1420
1383,1412
1449,1402
1343,1382
1378,1397
1415,1375
1393,1397
1394,1424
1389,1413
1393,1381
1386,1394
1385,1373
1401,1392
1379,1385
1375,1386
1382,1371
1385,1392
1399,1405
1385,1373
1385,1368
1397,1377
1362,1391
1387,1367
1394,1379
1372,1378
1353,1360
1370,1384
1371,1353
1411,1382
1368,1402
1349,1378
1355,1378
1378,1378
1361,1376
1364,1397
1353,1368
1378,1378
1369,1368
1369,1368
1337,1383
1373,1374
1397,1371
1356,1371
1354,1378
1395,1373
1367,1351
1348,1366
1371,1380
1344,1357
1395,1364
1393,1401
1396,1381
1364,1385
1372,1359
1320,1431
1392,1401
1389,1386
1403,1361
1369,1376
1357,1392
1391,1402
1370,1407
1385,1380
1392,1404
1404,1421
1432,1407
1370,1429
1404,1388
1403,1421
1385,1419
1406,1431
1424,1425
1381,1414
1358,1398
1437,1431
1429,1419
1381,1412
1395,1414
1439,1397
1387,1437
1434,1455
1411,1427
1401,1402
1428,1455
1421,1442
1432,1449
1437,1432
1440,1421
1424,1444
1410,1414
1425,1474
1444,1460
1456,1476
1447,1441
1445,1430
1443,1438
1474,1459
1420,1452
1463,1472
1435,1471
1497,1457
1470,1481
1463,1479
1439,1467
1458,1485
1445,1469
1479,1485
1478,1502
1478,1460
1451,1495
1484,1481
1485,1504
1463,1511
1502,1503
1468,1493
1457,1487
1524,1496
1485,1504
1496,1516
1503,1550
1505,1488
1528,1517
1537,1510
1502,1486
1511,1512
1520,1503
1524,1522
1538,1518
1510,1541
1529,1545
1540,1525
1502,1503
1541,1484
1491,1532
1504,1525
1502,1512
1498,1538
1534,1521
1493,1499
1540,1533
1544,1521
1562,1538
1538,1530
1529,1514
1586,1494
1514,1536
1528,1526
1583,1546
1512,1520
1543,1537
1531,1521
1542,1520
1552,1531
1530,1532
1578,1524
1525,1567
1528,1510
1529,1515
1494,1542
1547,1541
1531,1537
1533,1531
1540,1520
1509,1515
1545,1526
1530,1495
1549,1507
1549,1498
1554,1497
1512,1524
1548,1531
1539,1500
1484,1503
1521,1531
1507,1512
1534,1503
1517,1536
1497,1514
1516,1493
1532,1479
1512,1512
1509,1486
1522,1510
1538,1492
1508,1521
1523,1473
1491,1505
1468,1482
1511,1433
1525,1446
1513,1463
1549,1459
1464,1479
1498,1503
1507,1509
1499,1472
1478,1455
1488,1457
1465,1444
1484,1451
1507,1475
1442,1436
1472,1472
1444,1476
1442,1475
1463,1440
1456,1452
1479,1426
1481,1434
1462,1447
1455,1435
1468,1408
1425,1428
1439,1421
1458,1436
1439,1413
1460,1444
1403,1406
1463,1398
1421,1415
1459,1433
1422,1426
1398,1388
1423,1402
1443,1417
1407,1399
1438,1430
1413,1408
1407,1418
1386,1388
1389,1356
1392,1399
1403,1390
1387,1392
1398,1401
1380,1390
1399,1415
1414,1403
1394,1353
1405,1397
1407,1372
1367,1382
1386,1348
1394,1380
1421,1376
1365,1390
1392,1400
1382,1404
1430,1377
1359,1368
1375,1382
1390,1374
1369,1385
1348,1394
1406,1378
1359,1386
1362,1340
1362,1378
1378,1345
1333,1343
1366,1362
1366,1391
1350,1365
1375,1408
1358,1352
1351,1382
1358,1356
1348,1367
1368,1380
1357,1376
1338,1380
1367,1362
1361,1392
1360,1399
1339,1383
1371,1379
1392,1393
1349,1376
1393,1343
1393,1380
1358,1365
1378,1371
1337,1345
1348,1380
1377,1378
1400,1380
1379,1383
1352,1381
1396,1394
1388,1386
1404,1383
1379,1410
1405,1383
1388,1423
1388,1370
1407,1374
1356,1418
1386,1392
1413,1375
1396,1381
1422,1418
1426,1409
1383,1438
1402,1414
1405,1436
1417,1442
1416,1409
1452,1424
1404,1428
1392,1430
1440,1424
1432,1391
1443,1428
1412,1455
1393,1421
