ch1,ch2
1613,1622
1588,1624
1654,1679
1674,1688
1703,1681
1672,1723
1693,1688
1744,1685
1749,1710
1702,1759
1757,1720
1763,1759
1756,1732
1761,1743
1749,1752
1812,1738
1796,1749
1764,1760
1809,1715
1769,1697
1704,1707
1740,1722
1735,1682
1708,1714
1690,1655
1660,1659
1678,1631
1675,1535
1617,1581
1620,1573
1579,1575
1581,1504
1558,1512
1524,1507
1520,1492
1516,1490
1466,1478
1477,1474
1433,1485
1463,1469
1442,1399
1460,1458
1462,1431
1447,1439
1410,1437
1422,1490
1440,1465
1451,1465
1443,1493
1458,1486
1442,1472
1473,1519
1463,1510
1491,1570
1533,1538
1504,1575
1545,1589
1578,1608
1539,1639
1609,1654
1603,1653
1656,1665
1651,1648
1634,1675
1668,1725
1671,1720
1730,1711
1703,1738
1732,1783
1763,1765
1782,1726
1817,1738
1821,1765
1758,1755
1765,1735
1766,1767
1772,1781
1767,1735
1767,1709
1729,1708
1736,1694
1771,1711
1729,1677
1668,1633
1712,1638
1638,1636
1624,1595
1616,1590
1581,1548
1596,1596
1567,1578
1510,1522
1545,1477
1542,1502
1492,1451
1484,1439
1494,1466
1474,1508
1462,1439
1395,1471
1433,1470
1416,1484
1434,1455
1406,1445
1415,1467
1419,1467
1433,1461
1452,1469
1465,1451
1464,1506
1468,1533
1453,1532
1487,1545
1492,1547
1558,1530
1573,1566
1592,1635
1583,1620
1592,1656
1619,1667
1651,1701
1641,1718
1701,1732
1708,1678
1707,1708
1782,1736
1785,1740
1753,1755
1803,1754
1788,1786
1760,1791
1756,1765
1740,1760
1816,1736
1794,1733
1740,1758
1768,1678
1747,1716
1724,1720
1715,1692
1717,1671
1667,1649
1667,1640
1651,1615
1639,1609
1639,1617
1612,1557
1576,1555
1563,1570
1567,1518
1566,1530
1503,1526
1509,1447
1471,1459
1496,1477
1452,1505
1481,1458
1436,1441
1439,1430
1438,1473
1419,1416
1407,1422
1444,1444
1406,1484
1408,1478
1422,1498
1475,1479
1449,1477
1453,1517
1450,1499
1490,1543
1535,1566
1509,1563
1560,1610
1571,1603
1557,1591
1590,1636
1669,1648
1653,1646
1659,1677
1718,1722
1690,1706
1692,1724
1729,1713
1747,1731
1740,1744
1717,1753
1767,1764
1792,1782
1787,1772
1753,1792
1767,1786
1747,1745
1804,1738
1784,1733
1762,1684
1736,1691
1753,1693
1710,1697
1720,1653
1710,1664
1673,1614
1663,1587
1679,1614
1608,1582
1597,1560
1576,1543
1538,1529
1521,1522
1502,1521
1496,1458
1488,1469
1437,1454
1471,1472
1485,1467
1440,1461
1429,1447
1434,1433
1443,1425
1419,1458
1406,1492
1422,1447
1400,1432
1475,1437
1458,1443
1474,1476
1482,1523
1496,1502
1498,1517
1488,1536
1532,1578
1502,1576
1568,1595
1556,1594
1609,1627
1635,1646
1646,1691
1672,1739
1699,1678
1667,1737
1720,1708
1710,1733
1776,1710
1783,1726
1791,1763
1758,1737
1768,1770
1784,1763
1799,1773
1785,1742
1794,1751
1754,1728
1746,1747
1756,1704
1716,1748
1762,1691
1743,1693
1719,1702
1665,1646
1652,1616
1622,1624
1679,1623
1650,1555
1647,1569
1543,1551
1558,1506
1541,1523
1500,1501
1518,1485
1507,1492
1457,1459
1469,1487
1436,1400
1408,1490
1412,1432
1409,1427
1422,1447
1418,1442
1425,1428
1422,1442
1400,1450
1417,1469
1399,1488
1433,1472
1428,1485
1458,1510
1490,1519
1484,1531
1536,1563
1539,1569
1554,1593
1538,1591
1586,1635
1647,1652
1664,1674
1648,1689
1650,1677
1683,1714
1718,1702
1691,1733
1737,1706
1738,1779
1783,1743
1768,1743
1773,1802
1795,1783
1780,1744
1781,1738
1816,1743
1832,1763
1769,1722
1829,1771
1732,1713
1721,1685
1761,1725
1726,1651
1707,1653
1729,1606
1654,1643
1628,1600
1597,1593
1588,1581
1603,1548
1563,1525
1542,1494
1536,1498
1492,1477
1483,1514
1451,1468
1485,1426
1441,1435
1451,1457
1424,1464
1391,1438
1402,1461
1439,1446
1424,1427
1412,1404
1423,1441
1404,1442
1436,1491
1478,1462
1478,1468
1448,1538
1510,1534
1474,1586
1501,1536
1523,1554
1593,1632
1571,1640
1605,1658
1567,1669
1633,1672
1653,1687
1691,1689
1705,1702
1706,1724
1740,1730
1742,1774
1740,1780
1809,1756
1795,1802
1763,1751
1779,1766
1742,1790
1772,1820
1770,1756
1768,1750
1760,1752
1757,1767
1751,1710
1744,1700
1711,1687
1723,1680
1704,1666
1693,1626
1627,1598
1624,1594
1616,1590
1600,1566
1570,1545
1566,1546
1565,1507
1533,1488
1472,1471
1502,1441
1510,1515
1473,1427
1431,1435
1432,1452
1447,1446
1416,1407
1414,1412
1338,1403
1408,1402
1406,1417
1401,1470
1384,1488
1457,1492
1425,1455
1445,1500
1497,1491
1484,1491
1529,1539
1512,1578
1527,1568
1545,1622
1591,1636
1622,1628
1638,1698
1652,1674
1718,1691
1706,1684
1707,1726
1724,1744
1735,1720
1737,1811
1768,1770
1789,1756
1791,1804
1786,1790
1824,1781
1786,1764
1768,1751
1807,1756
1763,1712
1754,1730
1777,1753
1764,1712
1701,1686
1712,1703
1690,1669
1658,1672
1719,1627
1667,1638
1621,1603
1611,1556
1628,1567
1546,1506
1521,1493
1568,1518
1460,1472
1463,1510
1476,1436
1415,1463
1453,1427
1410,1429
1435,1418
1420,1444
1429,1420
1422,1398
1443,1425
1424,1433
1409,1402
1399,1456
1448,1478
1387,1471
1460,1479
1497,1513
1472,1539
1519,1519
1543,1575
1511,1565
1561,1580
1599,1558
1627,1633
1612,1639
1646,1665
1648,1671
1685,1711
1733,1690
1723,1689
1750,1699
1731,1734
1765,1761
1807,1741
1799,1766
1789,1758
1784,1749
1799,1764
1797,1737
1764,1780
1851,1750
1817,1780
1772,1760
1750,1712
1785,1702
1716,1720
1756,1715
1713,1674
1649,1647
1631,1595
1649,1629
1608,1572
1601,1559
1530,1538
1562,1552
1507,1499
1522,1505
1517,1487
1485,1494
1468,1434
1446,1429
1453,1450
1466,1446
1380,1419
1428,1441
1424,1417
1408,1440
1417,1456
1401,1436
1441,1465
1416,1439
1425,1461
1448,1493
1445,1487
1483,1536
1485,1534
1517,1571
1498,1565
1565,1607
1608,1604
1586,1646
1626,1687
1610,1650
1636,1657
1714,1684
1702,1701
1723,1725
1700,1764
1697,1763
1761,1765
1763,1769
1816,1745
1748,1795
1815,1772
1767,1819
1810,1772
1835,1754
1820,1759
1792,1738
1774,1713
1773,1721
1753,1700
1725,1719
1720,1715
1728,1644
1682,1683
1657,1639
1618,1592
1614,1609
1630,1560
1552,1566
1600,1549
1523,1498
1568,1493
1494,1481
1491,1448
1493,1443
1442,1450
1448,1453
1434,1428
1420,1460
1430,1412
1418,1435
1421,1437
1393,1414
1398,1432
1417,1446
1394,1461
1395,1489
1467,1497
1451,1483
1487,1522
1505,1494
1504,1526
1516,1549
1544,1571
1562,1595
1566,1626
1594,1660
1588,1671
1648,1665
1681,1692
1660,1705
1717,1740
1687,1704
1772,1741
1770,1766
1754,1741
1803,1773
1781,1761
1800,1802
1815,1781
1795,1795
1781,1780
1768,1750
1819,1729
1789,1744
1745,1749
1739,1694
1767,1717
1725,1705
1723,1649
1700,1661
1687,1651
1601,1581
1624,1597
1586,1589
1586,1574
1592,1523
1541,1498
1525,1496
1500,1467
1427,1488
1473,1451
1486,1449
1444,1452
1469,1443
1431,1446
1436,1447
1410,1419
1403,1376
1413,1434
1421,1438
1399,1434
1420,1438
1447,1454
1423,1469
1469,1501
1465,1507
1495,1522
1508,1491
1522,1567
1509,1604
1579,1607
1575,1623
1599,1652
1605,1667
1638,1692
1655,1693
1670,1742
1741,1734
1690,1725
1736,1749
1743,1730
1757,1787
1774,1779
1800,1788
1804,1781
1814,1738
1800,1741
1787,1794
1782,1782
1835,1749
1785,1733
1759,1759
1777,1725
1738,1707
1752,1699
1729,1661
1716,1608
1649,1648
1671,1609
1645,1615
1598,1573
1574,1550
1568,1503
1563,1484
1512,1529
1533,1481
1430,1417
1452,1487
1461,1459
1492,1423
1425,1434
1392,1401
1373,1425
1425,1409
1377,1441
1404,1435
1379,1451
1376,1434
1411,1461
1456,1500
1446,1474
1438,1487
1462,1500
1452,1511
1484,1542
1504,1519
1535,1593
1575,1579
1614,1604
1623,1658
1607,1659
1653,1644
1604,1669
1672,1741
1682,1738
1751,1703
1797,1730
1798,1758
1792,1802
1796,1796
1801,1765
1821,1772
1782,1775
1823,1821
1762,1769
1761,1775
1809,1730
1790,1740
1755,1678
1801,1729
1705,1693
1737,1714
1700,1668
1699,1656
1658,1665
1623,1605
1624,1577
1620,1589
1581,1552
1600,1527
1527,1536
1517,1496
1542,1495
1459,1434
1453,1446
1474,1428
1464,1431
1435,1465
1424,1436
1407,1469
1449,1405
1394,1392
1388,1439
1374,1408
1422,1418
1395,1440
1369,1498
1450,1464
1446,1482
1442,1470
1475,1500
1470,1514
1519,1556
1549,1620
1546,1574
1580,1666
1563,1621
1596,1634
1624,1671
1667,1714
1725,1739
1664,1715
1742,1716
1745,1737
1742,1764
1749,1777
1767,1762
1796,1767
1800,1810
1752,1750
1762,1771
1794,1801
1796,1769
1816,1763
1800,1732
1787,1727
1771,1744
1745,1732
1681,1719
1706,1672
1704,1635
1692,1608
1670,1620
1640,1580
1570,1541
1628,1567
1568,1526
1551,1524
1501,1480
1474,1454
1530,1491
1473,1473
1444,1444
1430,1427
1431,1408
1411,1430
1422,1451
1406,1429
1369,1430
1411,1440
1404,1429
1392,1431
1417,1462
1417,1480
1422,1450
1438,1492
1455,1512
1498,1558
1482,1557
1544,1577
1520,1590
1564,1579
1607,1620
1597,1680
1601,1683
1637,1685
1662,1697
1680,1708
1710,1695
1758,1725
1725,1735
1740,1768
1767,1758
1811,1785
1770,1772
1825,1776
1757,1794
1832,1762
1764,1748
1800,1762
1754,1770
1813,1731
1726,1772
1749,1725
1729,1713
1729,1694
1713,1666
1720,1634
1669,1626
1647,1615
1619,1630
1588,1552
1580,1565
1509,1525
1604,1546
1488,1486
1516,1472
1493,1465
1415,1480
1476,1459
1461,1446
1455,1415
1371,1412
1422,1425
1401,1421
1405,1421
1389,1404
1389,1455
1425,1451
1433,1448
1431,1480
1454,1499
1455,1492
1470,1502
1523,1549
1527,1535
1540,1579
1562,1548
1571,1649
1614,1628
1578,1666
1620,1637
1647,1703
1673,1703
1665,1708
1711,1752
1705,1727
1734,1786
1739,1796
1767,1774
1768,1781
1762,1730
1806,1750
1788,1735
1845,1767
1793,1749
1805,1769
1796,1731
1770,1768
1767,1737
1764,1709
1793,1660
1701,1674
1710,1676
1652,1611
1644,1579
1639,1591
1651,1571
1596,1543
1559,1540
1552,1494
1527,1528
1504,1467
1483,1432
1473,1453
1483,1429
1448,1470
1420,1413
1407,1414
1392,1437
1424,1431
1381,1409
1412,1421
1401,1389
1403,1428
1400,1429
1439,1501
1465,1470
1464,1488
1447,1501
1477,1496
1505,1566
1470,1551
1566,1577
1537,1598
1548,1638
1622,1619
1641,1641
1629,1675
1651,1671
1656,1677
1740,1737
1723,1756
1700,1727
1700,1766
1806,1735
1793,1762
1807,1754
1807,1782
1813,1750
1802,1755
1813,1775
1818,1739
1834,1750
1754,1769
1747,1780
1782,1707
1748,1707
1726,1697
1688,1631
1717,1651
1679,1658
1661,1640
1623,1559
1592,1553
1586,1557
1598,1509
1528,1519
1509,1498
1489,1479
1475,1491
1448,1448
1475,1433
1420,1435
1402,1403
1414,1412
1390,1439
1403,1410
1358,1432
1436,1425
1348,1465
1427,1453
1359,1427
1460,1444
1489,1471
1497,1468
1463,1505
1518,1511
1517,1521
1530,1561
1572,1567
1557,1637
1550,1674
1594,1663
1578,1692
1628,1670
1677,1657
1710,1705
1721,1712
1707,1708
1746,1732
1723,1768
1748,1741
1759,1799
1806,1727
1796,1795
1793,1770
1779,1798
1811,1763
1804,1733
1797,1782
1799,1763
1758,1750
1735,1731
1734,1701
1693,1675
1720,1674
1702,1641
1680,1611
1677,1587
1598,1597
1603,1546
1546,1541
1578,1536
1504,1521
1499,1532
1498,1482
1433,1458
1474,1456
1454,1439
1434,1422
1459,1453
1453,1454
1410,1458
1431,1394
1340,1418
1403,1463
1427,1438
1401,1457
1404,1481
1472,1492
1443,1487
1461,1523
1479,1530
1466,1504
1426,1513
1563,1576
1563,1569
1567,1643
1554,1672
1601,1634
1706,1630
1622,1668
1713,1703
1687,1695
1716,1724
1729,1728
1717,1755
1699,1748
1750,1730
1780,1762
1777,1764
1835,1760
1806,1781
1774,1801
1822,1785
1778,1762
1777,1770
1716,1726
1784,1732
1741,1695
1753,1676
1709,1674
1725,1666
1652,1609
1664,1604
1628,1565
1636,1558
1617,1570
1570,1527
1526,1537
1540,1508
1470,1521
1489,1492
1489,1443
1487,1441
1480,1471
1392,1440
1390,1440
1398,1442
1382,1456
1403,1431
1453,1428
1433,1433
1385,1470
1434,1459
1384,1446
1464,1465
1434,1524
1489,1510
1497,1531
1489,1525
1496,1548
1535,1573
1548,1563
1561,1594
1588,1623
1611,1637
1644,1647
1690,1691
1659,1709
1668,1742
1734,1692
1719,1725
1763,1763
1760,1773
1765,1764
1782,1764
1764,1814
1746,1777
1766,1778
1746,1773
1778,1773
1801,1781
1811,1703
1750,1721
1735,1711
1735,1672
1763,1704
1711,1644
1681,1635
1665,1631
1626,1582
1641,1602
1634,1569
1576,1541
1563,1576
1538,1488
1534,1504
1475,1473
1519,1471
1485,1468
1415,1423
1432,1450
1405,1436
1436,1411
1392,1416
1397,1432
1410,1412
1388,1431
1426,1415
1440,1413
1399,1415
1443,1444
1504,1480
1455,1478
1467,1503
1491,1502
1493,1562
1540,1574
1558,1574
1525,1626
1594,1640
1620,1642
1624,1644
1650,1666
1692,1705
1700,1704
1702,1702
1739,1719
1720,1743
1723,1755
1757,1796
1789,1735
1769,1776
1790,1792
1771,1751
1785,1795
1732,1765
1786,1761
1763,1753
1796,1710
1758,1695
1740,1725
1688,1671
1715,1669
1711,1683
1703,1644
1619,1612
1647,1607
1657,1622
1605,1567
1521,1548
1575,1518
1519,1509
1484,1472
1515,1474
1543,1465
1486,1470
1435,1427
1407,1436
1432,1430
1425,1417
1414,1432
1369,1459
1391,1426
1420,1436
1376,1453
1446,1435
1413,1484
1431,1491
1427,1488
1474,1480
1497,1513
1486,1540
1519,1533
1560,1571
1526,1604
1573,1624
1611,1647
1621,1639
1662,1671
1648,1701
1654,1688
1721,1733
1702,1744
1713,1726
1747,1784
1784,1740
1777,1749
1798,1773
1798,1793
1792,1756
1825,1799
1742,1745
1770,1757
1822,1729
1769,1749
1751,1717
1728,1691
1769,1706
1769,1702
1663,1654
1738,1636
1686,1651
1654,1586
1648,1621
1582,1576
1594,1539
1594,1552
1556,1488
1552,1496
1500,1464
1494,1494
1491,1479
1486,1412
1455,1415
1410,1473
1419,1428
1449,1419
1443,1466
1432,1387
1418,1428
1395,1435
1426,1442
1384,1448
1444,1437
1453,1474
1439,1456
1487,1493
1489,1529
1502,1530
1486,1593
1568,1599
1548,1645
1592,1602
1624,1622
1618,1629
1653,1686
1645,1704
1702,1703
1701,1734
1706,1734
1753,1766
1735,1779
1729,1758
1787,1799
1767,1775
1772,1757
1821,1761
1779,1773
1810,1753
1773,1730
1794,1764
1788,1756
1761,1750
1752,1725
1705,1692
1716,1684
1675,1682
1683,1640
1693,1632
1628,1627
1629,1587
1600,1563
1566,1532
1608,1501
1563,1549
1538,1519
1489,1470
1486,1478
1467,1437
1434,1484
1418,1451
1397,1401
1417,1418
1414,1442
1391,1437
1421,1387
1435,1469
1431,1462
1408,1425
1405,1467
1440,1522
1439,1472
1419,1485
1483,1513
1517,1540
1536,1551
1502,1572
1543,1532
1568,1614
1590,1629
1656,1657
1611,1660
1641,1667
1649,1672
1671,1717
1715,1754
1752,1741
1749,1755
1765,1759
1791,1776
1751,1780
1755,1808
1779,1768
1780,1767
1783,1738
1805,1748
1785,1754
1772,1752
1768,1744
1751,1742
1737,1700
1739,1695
1693,1639
1702,1641
1714,1668
1655,1616
1705,1595
1643,1574
1595,1580
1573,1539
1549,1541
1576,1504
1535,1504
1499,1478
1523,1461
1452,1445
1450,1477
1446,1440
1447,1425
1425,1452
1430,1427
1400,1433
1422,1450
1416,1440
1391,1469
1397,1421
1413,1459
1457,1460
1425,1471
1415,1484
1470,1525
1446,1554
1520,1567
1537,1620
1577,1587
1581,1623
1580,1638
1602,1665
1618,1668
1640,1676
1702,1705
1683,1701
1719,1736
1710,1762
1699,1703
1728,1758
1745,1751
1735,1780
1794,1752
1760,1726
1773,1782
1792,1760
1754,1751
1740,1742
1787,1713
1750,1736
1747,1718
1751,1669
1718,1650
1694,1634
1714,1673
1669,1651
1644,1598
1651,1606
1633,1580
1622,1564
1596,1538
1552,1526
1553,1531
1529,1509
1509,1478
1479,1521
1471,1477
1421,1444
1462,1436
1432,1439
1411,1441
1438,1408
1409,1431
1440,1434
1419,1456
1445,1459
1454,1452
1456,1500
1433,1494
1460,1472
1479,1476
1491,1556
1516,1518
1561,1547
1567,1594
1594,1531
1567,1642
1586,1636
1606,1629
1596,1651
1643,1700
1652,1670
1685,1712
1719,1726
1734,1736
1765,1729
1778,1737
1715,1798
1773,1786
1775,1754
1775,1767
1772,1728
1791,1734
1772,1736
1764,1715
1742,1700
1703,1718
1692,1691
1803,1678
1679,1681
1699,1656
1708,1645
1686,1664
1661,1601
1656,1598
1629,1551
1593,1544
1598,1511
1558,1530
1568,1485
1517,1470
1513,1493
1496,1496
1449,1522
1464,1464
1474,1425
1455,1445
1392,1426
1447,1425
1439,1434
1437,1423
1417,1455
1431,1459
1464,1453
1461,1486
1490,1483
1515,1496
1425,1488
1461,1499
1498,1543
1477,1590
1534,1554
1572,1590
1559,1616
1559,1630
1646,1655
1574,1632
1620,1665
1659,1675
1718,1691
1739,1711
1691,1775
1711,1723
1749,1773
1758,1724
1709,1768
1750,1753
1769,1777
1742,1738
1751,1749
1773,1751
1788,1732
1758,1722
1747,1716
1750,1711
1721,1673
1709,1688
1689,1658
1674,1634
1664,1619
1672,1623
1642,1609
1599,1617
1544,1572
1585,1547
1533,1532
1532,1495
1503,1460
1537,1473
1467,1450
1473,1509
1443,1472
1474,1438
1455,1439
1455,1469
1459,1456
1431,1426
1412,1461
1460,1479
1488,1459
1418,1410
1450,1502
1411,1500
1478,1493
1461,1492
1455,1516
1492,1573
1520,1552
1496,1594
1521,1590
1593,1610
1572,1641
1635,1653
1664,1659
1665,1695
1654,1659
1699,1731
1701,1709
1722,1703
1749,1742
1721,1719
1762,1725
1722,1738
1744,1759
1744,1752
1779,1767
1751,1724
1727,1735
1760,1725
1727,1726
1736,1731
1749,1721
1729,1680
1682,1702
1715,1689
1669,1649
1655,1611
1682,1603
1675,1598
1585,1580
1623,1569
1595,1543
1553,1544
1587,1566
1534,1502
1523,1516
1494,1465
1450,1481
1503,1480
1467,1483
1450,1482
1480,1443
1430,1464
1473,1454
1421,1473
1395,1459
1427,1443
1443,1452
1463,1488
1430,1464
1459,1475
1498,1511
1490,1554
1511,1536
1541,1554
1523,1550
1555,1615
1547,1617
1568,1606
1577,1627
1643,1641
1638,1670
1672,1661
1702,1695
1703,1683
1679,1736
1730,1731
1728,1733
1735,1772
1739,1759
1731,1731
1779,1725
1770,1712
1753,1754
1760,1722
1750,1703
1741,1729
1747,1716
1725,1729
1748,1719
1730,1682
1725,1658
1698,1667
1690,1656
1616,1612
1669,1588
1629,1575
1631,1619
1565,1552
1564,1550
1544,1528
1546,1519
1514,1475
1486,1503
1502,1472
1472,1459
1463,1498
1476,1460
1479,1471
1428,1463
1410,1450
1430,1482
1420,1425
1447,1453
1472,1488
1467,1480
1418,1503
1434,1478
1442,1517
1473,1505
1486,1533
1505,1563
1583,1587
1548,1580
1581,1599
1606,1601
1590,1579
1612,1620
1638,1692
1656,1690
1656,1712
1698,1668
1691,1723
1710,1698
1694,1716
1747,1742
1759,1747
1800,1765
1719,1748
1786,1735
1753,1767
1792,1731
1755,1744
1754,1716
1717,1704
1743,1738
1736,1701
1717,1666
1708,1685
1696,1645
1680,1615
1674,1615
1623,1622
1605,1590
1637,1598
1637,1583
1576,1580
1536,1543
1523,1518
1516,1463
1535,1511
1506,1513
1500,1455
1455,1427
1485,1456
1457,1480
1457,1433
1442,1437
1438,1449
1453,1487
1412,1449
1399,1481
1407,1463
1451,1498
1483,1495
1471,1499
1449,1525
1503,1488
1504,1524
1486,1596
1514,1557
1518,1612
1560,1576
1572,1651
1609,1624
1666,1625
1660,1663
1644,1658
1722,1660
1677,1692
1684,1719
1672,1740
1745,1771
1732,1725
1758,1721
1788,1724
1751,1729
1775,1790
1745,1704
1779,1709
1787,1741
1713,1754
1743,1708
1721,1733
1739,1695
1685,1667
1702,1646
1702,1696
1673,1656
1637,1602
1644,1616
1652,1589
1601,1576
1599,1569
1569,1555
1541,1561
1580,1516
1537,1547
1537,1500
1525,1480
1447,1476
1475,1480
1438,1431
1416,1467
1442,1443
1434,1462
1456,1469
1444,1481
1447,1478
1438,1475
1465,1508
1437,1462
1432,1497
1490,1518
1508,1519
1480,1551
1541,1547
1515,1548
1532,1593
1538,1552
1551,1604
1585,1620
1604,1623
1642,1677
1671,1706
1647,1652
1694,1698
1688,1673
1705,1697
1705,1761
1718,1718
1707,1685
1687,1713
1776,1775
1766,1729
1794,1743
1745,1751
1742,1712
1744,1715
1717,1743
1722,1722
1688,1701
1710,1714
1734,1662
1710,1700
1649,1647
1641,1624
1638,1609
1656,1581
1637,1578
1588,1569
1602,1571
1563,1565
1511,1564
1547,1498
1482,1482
1546,1504
1510,1473
1467,1488
1507,1467
1431,1437
1457,1457
1452,1426
1490,1460
1460,1420
1455,1453
1460,1491
1425,1464
1400,1485
1451,1490
1513,1509
1488,1540
1517,1507
1504,1518
1505,1573
1533,1558
1530,1546
1530,1615
1580,1582
1610,1650
1605,1638
1624,1700
1669,1694
1608,1702
1685,1661
1716,1675
1694,1711
1685,1670
1710,1739
1700,1731
1740,1734
1716,1742
1764,1729
1728,1744
1753,1746
1722,1714
1753,1731
1748,1749
1729,1699
1704,1696
1716,1693
1701,1675
1705,1690
1699,1672
1693,1612
1671,1625
1662,1603
1629,1617
1611,1557
1604,1547
1600,1565
1569,1546
1527,1548
1568,1497
1535,1468
1502,1472
1497,1486
1454,1475
1475,1469
1433,1449
1445,1452
1447,1445
1451,1449
1436,1423
1429,1493
1471,1467
1421,1486
1475,1494
1485,1527
1470,1523
1502,1538
1551,1537
1461,1545
1527,1545
1555,1609
1533,1595
1576,1592
1588,1601
1567,1625
1633,1624
1642,1662
1648,1681
1682,1713
1647,1669
1716,1706
1745,1700
1701,1699
1766,1722
1736,1720
1738,1725
1717,1729
1770,1762
1738,1724
1758,1728
1749,1705
1742,1722
1754,1686
1735,1683
1733,1665
1725,1679
1703,1661
1676,1654
1688,1658
1663,1641
1677,1603
1609,1601
1601,1581
1620,1576
1567,1593
1565,1551
1551,1542
1515,1532
1521,1498
1507,1475
1512,1492
1497,1515
1459,1477
1486,1473
1444,1476
1460,1471
1442,1454
1447,1464
1471,1429
1460,1472
1455,1500
1440,1486
1454,1495
1483,1512
1497,1524
1499,1545
1534,1534
1497,1543
1537,1617
1553,1576
1595,1596
1570,1644
1588,1634
1607,1640
1669,1690
1638,1623
1662,1668
1704,1679
1695,1683
1680,1741
1716,1713
1749,1726
1746,1713
1731,1723
1735,1725
1741,1736
1744,1769
1784,1748
1716,1677
1751,1724
1717,1665
1701,1717
1755,1681
1720,1687
1718,1671
1738,1666
1674,1654
1676,1624
1655,1616
1694,1611
1610,1647
1582,1595
1605,1512
1596,1544
1586,1511
1537,1549
1523,1513
1540,1515
1499,1474
1481,1488
1499,1476
1498,1466
1479,1478
1462,1478
1462,1430
1421,1464
1414,1500
1460,1456
1454,1462
1447,1524
1488,1516
1453,1446
1512,1502
1512,1496
1533,1517
1538,1578
1524,1594
1545,1588
1579,1587
1547,1576
1651,1586
1609,1627
1642,1643
1653,1668
1654,1652
1646,1704
1711,1634
1680,1722
1707,1695
1693,1695
1695,1730
1700,1717
1753,1737
1801,1713
1723,1728
1704,1711
1725,1707
1794,1743
1758,1670
1713,1683
1735,1704
1713,1673
1686,1701
1680,1669
1708,1670
1686,1627
1648,1620
1683,1658
1656,1614
1623,1581
1603,1571
1585,1565
1558,1544
1532,1547
1520,1485
1500,1540
1502,1495
1507,1502
1481,1535
1492,1481
1480,1470
1501,1473
1439,1459
1442,1468
1483,1485
1488,1478
1457,1468
1452,1440
1487,1482
1453,1522
1462,1513
1468,1518
1482,1519
1515,1548
1524,1546
1515,1571
1541,1559
1547,1605
1555,1597
1618,1613
1533,1629
1620,1643
1614,1687
1655,1674
1645,1657
1705,1676
1634,1691
1693,1695
1727,1701
1706,1690
1716,1709
1739,1761
1791,1705
1748,1724
1702,1735
1733,1753
1793,1759
1720,1723
1704,1703
1724,1731
1703,1698
1681,1678
1718,1652
1676,1646
1664,1693
1669,1632
1703,1594
1673,1606
1657,1581
1601,1583
1642,1553
1536,1563
1577,1516
1583,1507
1551,1475
1500,1504
1496,1514
1527,1502
1500,1467
1473,1481
1461,1497
1490,1452
1458,1466
1484,1440
1457,1458
1441,1497
1429,1476
1499,1443
1475,1476
1462,1543
1479,1497
1484,1509
1478,1505
1483,1559
1530,1567
1553,1562
1573,1555
1566,1581
1571,1608
1601,1632
1643,1630
1618,1652
1647,1662
1640,1699
1655,1699
1655,1706
1692,1750
1687,1678
1728,1702
1696,1748
1727,1740
1738,1710
1770,1748
1745,1756
1741,1743
1766,1749
1744,1695
1700,1716
1730,1709
1679,1706
1695,1705
1715,1616
1704,1678
1655,1662
1657,1630
1634,1631
1633,1632
1596,1592
1628,1564
1585,1551
1594,1521
1542,1558
1536,1522
1544,1517
1494,1485
1469,1508
1494,1508
1529,1481
1476,1496
1491,1441
1461,1480
1484,1484
1459,1437
1480,1494
1458,1452
1465,1481
1495,1473
1471,1488
1496,1477
1481,1497
1490,1503
1473,1505
1486,1473
1538,1541
1538,1601
1545,1630
1575,1600
1544,1629
1520,1634
1554,1628
1638,1635
1663,1649
1662,1656
1634,1693
1659,1700
1657,1694
1691,1709
1720,1705
1746,1712
1728,1728
1713,1730
1723,1747
1759,1731
1729,1681
1724,1713
1763,1743
1709,1743
1688,1698
1680,1698
1675,1668
1691,1672
1674,1647
1684,1673
1680,1640
1656,1619
1658,1620
1589,1602
1642,1598
1578,1558
1569,1550
1581,1573
1565,1515
1563,1534
1502,1515
1494,1511
1495,1501
1507,1483
1470,1486
1486,1487
1420,1467
1444,1474
1474,1510
1428,1486
1419,1463
1482,1480
1459,1513
1507,1464
1439,1506
1498,1505
1493,1519
1512,1549
1518,1523
1493,1555
1542,1550
1484,1573
1518,1559
1538,1578
1593,1582
1599,1638
1563,1607
1587,1610
1612,1660
1639,1658
1685,1675
1692,1696
1676,1691
1687,1705
1736,1729
1733,1716
1719,1730
1736,1753
1744,1771
1746,1731
1726,1738
1703,1735
1733,1718
1713,1687
1683,1704
1731,1686
1746,1695
1666,1709
1688,1688
1669,1652
1685,1626
1664,1625
1684,1611
1595,1595
1618,1598
1608,1592
1584,1537
1540,1518
1538,1551
1539,1543
1537,1537
1524,1536
1504,1506
1510,1494
1500,1490
1450,1484
1465,1431
1428,1495
1421,1509
1465,1446
1474,1486
1429,1465
1415,1471
1440,1490
1480,1501
1461,1492
1431,1536
1506,1512
1455,1491
1487,1546
1519,1559
1587,1540
1556,1558
1553,1627
1583,1592
1605,1641
1577,1639
1618,1631
1634,1680
1645,1659
1668,1662
1647,1695
1670,1678
1730,1710
1711,1698
1729,1732
1752,1689
1761,1765
1754,1731
1728,1718
1733,1735
1691,1700
1711,1717
1700,1717
1752,1671
1746,1712
1729,1718
1704,1692
1732,1660
1670,1653
1654,1692
1648,1671
1710,1604
1617,1587
1604,1607
1595,1582
1607,1558
1630,1565
1567,1541
1565,1516
1550,1524
1565,1485
1478,1506
1483,1502
1470,1458
1524,1491
1486,1477
1494,1483
1515,1469
1462,1497
1414,1459
1441,1465
1477,1452
1478,1465
1485,1508
1459,1513
1469,1528
1477,1519
1504,1535
1508,1532
1518,1540
1529,1547
1578,1593
1558,1612
1612,1611
1547,1602
1643,1578
1634,1632
1619,1615
1605,1654
1640,1702
1626,1646
1656,1698
1701,1691
1662,1681
1708,1695
1708,1724
1718,1733
1743,1712
1757,1729
1739,1762
1743,1742
1772,1695
1774,1713
1786,1714
1731,1725
1763,1673
1701,1706
1701,1685
1699,1673
1696,1652
1641,1621
1683,1625
1671,1653
1671,1618
1622,1608
1610,1568
1582,1588
1568,1577
1546,1573
1561,1518
1506,1552
1532,1517
1522,1517
1493,1479
1517,1473
1513,1517
1480,1476
1442,1465
1464,1502
1487,1467
1453,1457
1494,1432
1440,1472
1475,1474
1458,1483
1458,1520
1483,1523
1481,1512
1502,1543
1522,1533
1492,1545
1481,1571
1514,1603
1524,1578
1580,1606
1554,1598
1610,1635
1612,1623
1634,1653
1634,1678
1657,1664
1661,1685
1710,1669
1685,1698
1731,1708
1693,1733
1736,1691
1708,1717
1726,1704
1695,1756
1735,1714
1719,1740
1746,1729
1772,1708
1746,1688
1729,1701
1704,1676
1717,1690
1713,1694
1725,1661
1706,1650
1684,1640
1646,1650
1697,1636
1676,1595
1576,1614
1619,1570
1587,1565
1523,1560
1583,1529
1579,1531
1574,1493
1507,1540
1478,1501
1530,1456
1532,1477
1477,1487
1494,1503
1471,1452
1457,1448
1482,1465
1458,1470
1457,1468
1421,1478
1454,1483
1507,1495
1514,1462
1491,1481
1475,1523
1505,1502
1514,1519
1514,1541
1541,1567
1531,1566
1583,1618
1535,1593
1573,1602
1594,1603
1602,1575
1587,1631
1654,1695
1671,1721
1674,1656
1685,1714
1657,1693
1686,1688
1705,1723
1721,1741
1720,1760
1721,1743
1710,1728
1718,1733
1753,1694
1729,1717
1816,1734
1715,1721
1716,1704
1737,1731
1715,1679
1674,1697
1682,1661
1677,1677
1689,1639
1672,1648
1657,1594
1598,1601
1614,1626
1611,1582
1583,1598
1591,1549
1546,1549
1548,1555
1537,1513
1515,1506
1521,1500
1523,1520
1533,1507
1502,1481
1477,1480
1460,1494
1449,1447
1469,1472
1458,1450
1450,1489
1469,1479
1491,1469
1481,1497
1501,1515
1443,1477
1443,1486
1512,1495
1533,1533
1526,1524
1560,1557
1523,1575
1504,1560
1555,1568
1600,1592
1546,1600
1569,1620
1652,1642
1664,1638
1645,1660
1642,1702
1690,1711
1654,1679
1694,1711
1661,1710
1693,1675
1662,1761
1721,1728
1743,1699
1766,1744
1729,1749
1724,1722
1711,1724
1739,1754
1743,1687
1731,1675
1756,1690
1759,1680
1707,1656
1713,1651
1705,1695
1609,1665
1636,1633
1648,1628
1662,1602
1613,1567
1626,1583
1586,1571
1608,1509
1564,1577
1572,1534
1559,1489
1519,1501
1495,1500
1509,1531
1460,1487
1520,1491
1453,1476
1508,1476
1487,1481
1440,1481
1450,1463
1483,1505
1445,1476
1504,1451
1469,1487
1487,1484
1459,1494
1446,1519
1478,1528
1534,1553
1494,1527
1504,1562
1528,1558
1588,1584
1555,1568
1625,1582
1590,1619
1572,1659
1641,1656
1652,1582
1679,1697
1662,1716
1694,1652
1688,1670
1714,1696
1696,1734
1721,1692
1708,1725
1695,1729
1729,1723
1768,1747
1716,1732
1727,1746
1743,1743
1748,1727
1721,1737
1728,1714
1758,1743
1684,1674
1703,1682
1721,1665
1718,1678
1688,1670
1665,1675
1676,1607
1654,1612
1632,1594
1661,1549
1601,1571
1591,1536
1549,1529
1543,1561
1549,1527
1516,1535
1544,1532
1491,1478
1478,1469
1465,1465
1466,1496
1454,1494
1472,1468
1450,1463
1446,1490
1436,1475
1459,1498
1456,1433
1449,1499
1454,1465
1445,1475
1487,1521
1467,1517
1495,1546
1515,1535
1516,1561
1514,1540
1542,1555
1548,1609
1523,1611
1555,1651
1564,1624
1626,1655
1608,1626
1654,1653
1631,1697
1714,1685
1642,1706
1658,1703
1731,1705
1694,1696
1725,1724
1732,1715
1724,1710
1719,1711
1735,1726
1707,1737
1705,1709
1712,1741
1768,1728
1731,1745
1738,1714
1715,1696
1722,1686
1704,1635
1649,1638
1690,1636
1675,1627
1654,1646
1652,1622
1622,1606
1648,1575
1605,1579
1596,1576
1576,1562
1566,1536
1542,1521
1521,1496
1517,1525
1494,1489
1467,1503
1436,1497
1499,1485
1506,1483
1487,1457
1392,1468
1478,1486
1462,1458
1440,1456
1472,1477
1442,1477
1429,1498
1432,1495
1493,1499
1475,1470
1503,1518
1476,1526
1487,1511
1531,1563
1561,1575
1559,1591
1560,1617
1562,1601
1593,1639
1594,1602
1643,1672
1628,1643
1656,1618
1651,1688
1683,1672
1708,1681
1687,1729
1679,1722
1685,1738
1726,1729
1754,1718
1748,1735
1746,1732
1719,1736
1760,1737
1773,1716
1730,1703
1746,1732
1723,1732
1746,1698
1737,1678
1719,1699
1712,1681
1695,1682
1687,1660
1701,1605
1671,1636
1665,1602
1609,1597
1613,1573
1641,1541
1584,1586
1568,1562
1520,1502
1536,1511
1559,1533
1523,1505
1512,1542
1409,1512
1504,1491
1412,1472
1509,1479
1470,1460
1462,1475
1439,1450
1437,1443
1466,1438
1419,1447
1449,1440
1494,1495
1436,1496
1481,1492
1480,1475
1503,1493
1504,1527
1476,1557
1536,1522
1543,1538
1561,1591
1585,1587
1586,1615
1577,1585
1645,1660
1625,1642
1656,1673
1619,1668
1687,1685
1671,1721
1654,1757
1704,1734
1709,1715
1745,1720
1744,1714
1753,1722
1712,1738
1754,1757
1757,1731
1707,1743
1724,1714
1784,1738
1735,1737
1697,1710
1760,1680
1784,1673
1734,1670
1687,1657
1708,1712
1723,1647
1737,1623
1687,1662
1681,1625
1635,1613
1612,1575
1613,1609
1584,1570
1590,1507
1556,1540
1543,1518
1531,1529
1538,1505
1467,1507
1509,1482
1467,1451
1462,1485
1475,1481
1472,1411
1481,1468
1432,1460
1468,1479
1439,1451
1436,1477
1438,1467
1457,1480
1444,1462
1459,1511
1501,1497
1481,1531
1499,1522
1479,1515
1535,1553
1561,1557
1530,1535
1538,1550
1578,1592
1553,1597
1548,1600
1653,1661
1649,1643
1639,1656
1668,1690
1677,1696
1639,1665
1725,1697
1695,1744
1727,1749
1721,1692
1754,1728
1745,1748
1767,1745
1727,1750
1767,1730
1750,1719
1752,1708
1727,1749
1759,1702
1782,1692
1748,1687
1738,1703
1699,1671
1697,1694
1679,1697
1682,1645
1690,1634
1667,1606
1675,1610
1571,1623
1610,1567
1585,1567
1610,1519
1586,1562
1595,1540
1524,1549
1460,1515
1558,1504
1500,1486
1451,1511
1498,1464
1455,1465
1501,1487
1480,1454
1433,1495
1455,1433
1447,1478
1458,1428
1449,1489
1447,1469
1459,1486
1458,1474
1494,1515
1488,1503
1491,1495
1486,1527
1512,1508
1515,1549
1519,1538
1570,1566
1544,1614
1577,1603
1575,1623
1617,1634
1652,1629
1629,1663
1617,1679
1661,1685
1678,1714
1712,1727
1710,1689
1717,1714
1743,1708
1734,1723
1728,1686
1751,1735
1738,1748
1766,1754
1776,1705
1720,1772
1807,1718
1775,1731
1763,1709
1723,1700
1761,1720
1765,1717
1739,1650
1694,1663
1679,1689
1697,1650
1663,1616
1645,1600
1668,1595
1567,1584
1603,1590
1578,1582
1580,1561
1545,1547
1561,1541
1549,1516
1497,1516
1506,1516
1477,1501
1496,1510
1466,1461
1438,1470
1446,1519
1450,1487
1446,1446
1438,1451
1451,1409
1456,1434
1445,1453
1464,1434
1415,1484
1457,1464
1468,1485
1460,1533
1450,1487
1461,1514
1531,1540
1478,1535
1519,1542
1514,1603
1517,1599
1571,1606
1582,1630
1575,1638
1600,1629
1628,1641
1643,1723
1648,1674
1673,1725
1704,1739
1689,1741
1722,1720
1713,1711
1753,1759
1738,1770
1753,1715
1754,1739
1756,1730
1779,1730
1739,1725
1792,1708
1766,1716
1785,1733
1780,1741
1745,1725
1716,1720
1700,1727
1728,1678
1708,1692
1682,1647
1687,1695
1682,1635
1627,1641
1649,1555
1600,1567
1572,1584
1597,1590
1563,1536
1563,1512
1515,1497
1496,1480
1546,1490
1507,1544
1483,1462
1456,1484
1511,1462
1422,1431
1455,1448
1436,1434
1437,1453
1486,1459
1422,1460
1422,1441
1438,1461
1459,1441
1446,1467
1438,1491
1444,1509
1438,1502
1532,1480
1498,1525
1477,1519
1522,1552
1552,1560
1561,1587
1562,1614
1575,1655
1612,1639
1622,1628
1647,1665
1612,1652
1689,1668
1695,1673
1683,1686
1669,1709
1698,1741
1730,1692
1724,1747
1759,1745
1743,1729
1769,1736
1758,1748
1759,1741
1739,1745
1752,1716
1708,1777
1743,1753
1768,1762
1745,1729
1742,1713
1735,1713
1726,1696
1701,1660
1706,1647
1666,1653
1686,1620
1666,1639
1624,1625
1626,1621
1585,1607
1614,1583
1577,1570
1583,1532
1548,1542
1551,1504
1546,1493
1487,1499
1469,1494
1484,1465
1470,1481
1452,1505
1424,1447
1474,1460
1454,1433
1429,1418
1439,1466
1420,1484
1445,1463
1445,1472
1400,1438
1485,1483
1454,1472
1476,1472
1462,1452
1473,1516
1492,1502
1500,1536
1501,1573
1532,1594
1549,1599
1581,1606
1593,1661
1605,1626
1635,1651
1638,1660
1642,1692
1661,1674
1711,1678
1657,1686
1690,1742
1786,1717
1732,1738
1752,1689
1774,1765
1724,1741
1780,1743
1775,1769
1791,1758
1762,1766
1782,1739
1765,1737
1782,1710
1761,1733
1726,1752
1733,1711
1718,1703
1695,1691
1724,1666
1683,1649
1661,1628
1668,1589
1662,1587
1648,1640
1631,1595
1604,1569
1592,1560
1556,1581
1588,1508
1529,1508
1572,1521
1517,1523
1509,1487
1484,1496
1512,1475
1454,1438
1496,1440
1455,1450
1430,1439
1396,1479
1417,1436
1429,1448
1445,1418
1420,1444
1449,1467
1480,1456
1416,1454
1438,1475
1485,1494
1449,1522
1502,1520
1488,1563
1511,1527
1532,1579
1503,1596
1547,1611
1548,1594
1619,1611
1648,1625
1615,1633
1630,1657
1633,1670
1647,1767
1659,1674
1694,1706
1692,1727
1708,1711
1745,1727
1753,1731
1723,1778
1773,1769
1779,1762
1774,1797
1783,1743
1793,1756
1746,1735
1812,1772
1762,1728
1800,1747
1744,1706
1781,1710
1751,1709
1770,1661
1691,1677
1699,1681
1686,1658
1676,1602
1678,1634
1640,1668
1617,1620
1624,1568
1599,1586
1555,1542
1542,1526
1558,1518
1511,1523
1501,1496
1478,1474
1468,1523
1492,1484
1468,1447
1436,1464
1401,1443
1444,1441
1434,1462
1383,1447
1426,1465
1443,1430
1453,1468
1443,1400
1392,1450
1433,1492
1455,1476
1481,1541
1448,1481
1481,1512
1479,1533
1496,1537
1529,1586
1530,1552
1561,1558
1553,1596
1572,1599
1570,1623
1603,1667
1609,1646
1646,1695
1703,1690
1656,1689
1676,1679
1702,1731
1694,1725
1731,1724
1732,1744
1715,1754
1757,1770
1803,1763
1797,1755
1778,1759
1782,1762
1746,1745
1775,1752
1806,1753
1772,1717
1793,1747
1784,1716
1749,1711
1767,1716
1723,1703
1769,1649
1697,1644
1683,1652
1637,1610
1674,1633
1623,1585
1617,1590
1587,1574
1584,1578
1557,1537
1505,1507
1559,1482
1532,1483
1494,1484
1457,1478
1454,1461
1455,1457
1441,1437
1428,1432
1428,1440
1441,1446
1437,1431
1410,1414
1425,1457
1479,1425
1422,1416
1381,1429
1427,1478
1451,1478
1435,1494
1502,1496
1465,1517
1483,1523
1470,1540
1538,1517
1505,1577
1500,1567
1545,1607
1571,1592
1575,1595
1598,1629
1593,1660
1660,1670
1644,1668
1686,1708
1682,1726
1744,1730
1697,1723
1718,1712
1728,1769
1723,1760
1765,1786
1761,1782
1780,1770
1754,1766
1767,1770
1798,1776
1787,1738
1782,1759
1771,1746
1755,1748
1776,1716
1759,1716
1731,1700
1726,1729
1721,1647
1700,1672
1709,1639
1705,1640
1648,1626
1658,1593
1632,1593
1601,1637
1605,1533
1600,1545
1577,1548
1538,1516
1485,1511
1514,1509
1483,1451
1478,1480
1419,1482
1452,1431
1474,1401
1438,1415
1415,1461
1408,1425
1425,1459
1414,1401
1419,1450
1439,1408
1382,1439
1435,1423
1444,1439
1452,1487
1425,1472
1472,1472
1464,1505
1434,1522
1476,1531
1517,1568
1535,1576
1514,1601
1571,1554
1593,1602
1595,1630
1586,1620
1608,1692
1655,1692
1644,1687
1679,1679
1666,1664
1730,1751
1759,1730
1744,1723
1779,1748
1740,1755
1801,1742
1767,1776
1769,1758
1805,1705
1801,1771
1764,1791
1755,1758
1775,1750
1745,1751
1777,1711
1763,1740
1753,1731
1774,1675
1717,1719
1713,1683
1659,1671
1736,1623
1666,1651
1671,1604
1640,1596
1602,1596
1603,1577
1609,1535
1586,1559
1577,1549
1484,1537
1561,1480
1490,1497
1456,1458
1479,1450
1475,1449
1472,1429
1419,1431
1412,1414
1425,1432
1399,1421
1392,1405
1409,1429
1393,1455
1426,1417
1397,1453
1423,1440
1423,1482
1463,1505
1443,1486
1505,1498
1481,1496
1488,1531
1489,1518
1496,1552
1534,1583
1523,1565
1545,1619
1556,1610
1581,1594
1646,1666
1628,1680
1674,1668
1656,1704
1660,1722
1692,1714
1743,1719
1744,1711
1764,1731
1766,1752
1778,1764
1769,1743
1769,1768
1744,1771
1842,1770
1762,1757
1786,1770
1774,1783
1805,1752
1808,1771
1799,1775
1740,1755
1775,1700
1750,1684
1750,1683
1739,1676
1694,1668
1697,1651
1662,1630
1651,1628
1708,1592
1596,1593
1599,1560
1592,1559
1577,1521
1577,1538
1534,1506
1513,1485
1507,1460
1497,1449
1456,1482
1440,1443
1408,1457
1429,1443
1439,1427
1470,1423
1427,1397
1405,1415
1436,1440
1375,1448
1410,1407
1420,1420
1420,1437
1414,1441
1468,1436
1418,1508
1476,1516
1472,1496
1498,1496
1491,1547
1567,1518
1527,1564
1562,1561
1569,1555
1560,1602
1575,1651
1640,1644
1631,1651
1621,1708
1640,1699
1660,1688
1683,1670
1722,1737
1739,1765
1732,1740
1749,1777
1747,1733
1774,1741
1746,1767
1791,1770
1789,1760
1808,1769
1810,1762
1815,1774
1815,1769
1794,1766
1750,1757
1780,1716
1783,1752
1793,1711
1705,1718
1727,1683
1714,1664
1666,1622
1668,1635
1631,1613
1646,1594
1657,1593
1585,1572
1564,1530
1542,1541
1550,1519
1535,1498
1497,1506
1492,1482
1497,1447
1469,1465
1465,1461
1455,1441
1457,1424
1424,1458
1389,1420
1415,1435
1438,1390
1368,1447
1427,1459
1361,1459
1420,1433
1442,1461
1428,1447
1431,1486
1422,1455
1437,1499
1472,1492
1473,1499
1476,1529
1511,1536
1528,1565
1568,1578
1529,1578
1574,1609
1588,1627
1581,1650
1635,1631
1633,1624
1656,1683
1687,1710
1700,1695
1708,1709
1714,1735
1759,1734
1780,1769
1741,1778
1761,1753
1750,1785
1805,1737
1784,1754
1773,1789
1790,1792
1792,1780
1765,1716
1780,1755
1757,1754
1740,1742
1749,1707
1752,1706
1724,1681
1712,1695
1675,1678
1685,1665
1669,1642
1662,1595
1672,1633
1620,1589
1618,1573
1599,1538
1546,1552
1557,1524
1522,1502
1500,1489
1451,1487
1464,1471
1449,1489
1436,1425
1460,1449
1448,1435
1412,1427
1387,1392
1408,1392
1419,1418
1397,1435
1368,1410
1374,1410
1387,1432
1393,1406
1426,1445
1440,1493
1448,1475
1460,1521
1459,1491
1469,1500
1510,1507
1540,1583
1543,1573
1505,1582
1559,1592
1544,1639
1641,1672
1599,1625
1626,1660
1625,1661
1655,1713
1714,1728
1710,1735
1712,1716
1744,1768
1737,1717
1761,1787
1732,1826
1764,1760
1797,1764
1771,1789
1819,1762
1732,1764
1810,1806
1817,1765
1807,1758
1770,1797
1806,1740
1764,1740
1754,1716
1768,1704
1762,1723
1730,1704
1679,1663
1700,1659
1715,1620
1660,1640
1619,1636
1646,1552
1612,1582
1631,1537
1558,1529
1581,1520
1518,1510
1526,1552
1523,1469
1498,1456
1477,1458
1437,1486
1464,1413
1449,1435
1434,1424
1422,1455
1428,1432
1414,1411
1409,1447
1415,1444
1415,1434
1398,1412
1437,1441
1478,1486
1409,1458
1444,1496
1438,1503
1469,1473
1458,1514
1478,1550
1477,1549
1527,1544
1517,1569
1570,1597
1586,1618
1568,1589
1614,1646
1639,1683
1660,1699
1670,1681
1705,1711
1764,1702
1718,1722
1717,1733
1760,1766
1753,1740
1720,1771
1801,1777
1783,1747
1777,1782
1772,1757
1781,1791
1777,1757
1800,1765
1786,1741
1781,1740
1773,1757
1753,1706
1756,1730
1754,1709
1754,1704
1735,1640
1710,1644
1693,1681
1603,1657
1640,1593
1682,1639
1623,1572
1570,1553
1568,1545
1581,1513
1522,1495
1521,1509
1523,1482
1516,1477
1454,1500
1449,1454
1503,1451
1494,1424
1438,1456
1419,1414
1401,1407
1410,1409
1403,1387
1418,1433
1397,1415
1381,1404
1413,1422
1394,1466
1400,1453
1429,1447
1425,1466
1482,1503
1456,1487
1475,1534
1483,1568
1496,1554
1516,1556
1539,1572
1567,1623
1600,1632
1526,1664
1619,1655
1653,1719
1638,1630
1676,1692
1688,1667
1683,1726
1725,1700
1748,1715
1737,1782
1763,1745
1778,1760
1759,1779
1783,1783
1805,1747
1827,1787
1807,1776
1808,1790
1771,1753
1803,1732
1786,1791
1784,1758
1826,1737
1794,1711
1788,1689
1766,1707
1707,1688
1721,1675
1674,1652
1668,1635
1642,1634
1657,1643
1646,1574
1632,1567
1562,1589
1534,1551
1574,1520
1530,1526
1526,1462
1493,1440
1462,1472
1480,1441
1465,1462
1438,1446
1415,1411
1405,1424
1398,1403
1416,1460
1436,1442
1404,1428
1371,1425
1431,1437
1414,1445
1391,1412
1447,1437
1420,1471
1361,1461
1423,1520
1469,1489
1495,1533
1536,1534
1503,1536
1488,1568
1554,1580
1534,1593
1584,1636
1579,1632
1601,1606
1612,1681
1679,1693
1646,1688
1684,1704
1704,1698
1699,1742
1786,1761
1740,1715
1793,1743
1802,1779
1768,1770
1768,1780
1790,1766
1769,1770
1815,1773
1821,1760
1797,1776
1809,1778
1819,1778
1801,1766
1791,1773
1738,1740
1771,1704
1747,1666
1754,1699
1659,1639
1715,1659
1678,1624
1664,1588
1614,1612
1643,1591
1641,1552
1635,1536
1583,1574
1521,1515
1558,1482
1527,1502
1477,1480
1466,1442
1479,1437
1431,1435
1412,1431
1420,1386
1440,1424
1399,1406
1405,1424
1423,1384
1375,1441
1402,1406
1361,1392
1438,1473
1431,1474
1417,1440
1441,1441
1401,1462
1479,1467
1476,1521
1449,1532
1487,1559
1507,1556
1576,1597
1533,1575
1565,1580
1576,1618
1596,1656
1563,1672
1647,1683
1632,1650
1663,1718
1680,1710
1699,1727
1714,1734
1724,1782
1753,1769
1737,1783
1737,1799
1753,1783
1781,1768
1827,1791
1806,1770
1788,1786
1806,1807
1799,1761
1810,1765
1814,1744
1767,1780
1757,1729
1795,1697
1747,1703
1725,1700
1752,1677
1686,1661
1655,1591
1657,1626
1622,1643
1614,1631
1615,1582
1596,1533
1558,1518
1568,1572
1582,1523
1531,1494
1487,1484
1474,1493
1470,1457
1469,1457
1464,1440
1463,1406
1427,1445
1435,1430
1422,1422
1441,1399
1430,1455
1401,1409
1403,1436
1385,1421
1403,1439
1417,1448
1391,1445
1423,1446
1408,1495
1432,1464
1452,1501
1507,1509
1497,1522
1513,1531
1480,1571
1542,1563
1595,1625
1623,1621
1615,1683
1638,1653
1640,1687
1668,1644
1704,1684
1687,1750
1687,1687
1741,1708
1754,1755
1779,1760
1770,1772
1786,1809
1731,1785
1794,1779
1791,1769
1792,1786
1792,1767
1820,1756
1818,1713
1769,1758
1794,1762
1798,1723
1766,1692
1782,1689
1754,1690
1709,1693
1756,1631
1696,1672
1714,1637
1690,1647
1624,1578
1649,1564
1598,1566
1588,1576
1560,1549
1552,1519
1540,1503
1535,1496
1514,1453
1485,1477
1455,1485
1427,1442
1447,1448
1436,1461
1458,1425
1422,1415
1418,1392
1403,1429
1343,1379
1381,1429
1378,1447
1436,1439
1356,1456
1435,1479
1432,1488
1415,1475
1450,1482
1429,1526
1481,1537
1498,1491
1530,1562
1527,1567
1501,1565
1606,1574
1574,1596
1563,1664
1626,1652
1656,1659
1656,1680
1685,1695
1715,1711
1692,1725
1734,1741
1763,1758
1746,1779
1788,1756
1777,1762
1804,1793
1792,1760
1797,1781
1786,1760
1787,1816
1814,1758
1805,1753
1803,1728
1766,1753
1767,1723
1764,1706
1753,1736
1744,1659
1762,1672
1731,1669
1686,1669
1684,1683
1659,1651
1671,1646
1629,1568
1599,1571
1570,1580
1563,1583
1505,1554
1560,1474
1487,1505
1507,1488
1451,1481
1453,1470
1503,1431
1421,1444
1422,1406
1393,1466
1460,1436
1442,1444
1397,1441
1420,1416
1363,1435
1385,1406
1409,1451
1415,1432
1407,1426
1424,1484
1446,1459
1430,1529
1460,1480
1476,1489
1509,1560
1501,1556
1499,1573
1559,1545
1590,1611
1567,1589
1592,1618
1583,1652
1665,1686
1641,1675
1663,1700
1708,1707
1738,1728
1670,1780
1744,1733
1742,1747
1801,1756
1795,1750
1790,1806
1826,1758
1782,1760
1772,1792
1802,1766
1795,1784
1773,1755
1761,1709
1756,1769
1778,1729
1794,1741
1744,1723
1752,1684
1721,1672
1690,1662
1652,1649
1692,1608
1674,1616
1671,1624
1608,1575
1625,1548
1593,1608
1572,1490
1525,1525
1495,1490
1512,1506
1493,1474
1469,1459
1466,1472
1465,1426
1433,1435
1454,1451
1446,1411
1419,1446
1413,1400
1423,1431
1386,1443
1386,1412
1400,1398
1400,1435
1446,1432
1425,1487
1407,1435
1395,1489
1399,1495
1448,1483
1453,1509
1433,1529
1457,1564
1546,1575
1575,1583
1554,1578
1597,1638
1606,1625
1626,1669
1623,1686
1679,1670
1628,1716
1692,1673
1733,1716
1731,1757
1728,1736
1826,1750
1750,1738
1760,1762
1764,1767
1744,1773
1818,1739
1828,1781
1801,1751
1785,1810
1804,1751
1788,1750
1821,1749
1756,1763
1770,1730
1772,1721
1728,1717
1702,1693
1663,1675
1699,1687
1670,1626
1673,1611
1643,1609
1630,1586
1566,1565
1607,1571
1551,1508
1518,1500
1530,1490
1544,1507
1505,1449
1484,1448
1465,1438
1436,1424
1395,1443
1437,1442
1381,1431
1439,1465
1405,1418
1370,1434
1423,1415
1383,1429
1439,1437
1415,1412
1486,1446
1449,1480
1459,1513
1417,1463
1448,1507
1477,1546
1490,1531
1494,1547
1552,1558
1490,1563
1543,1582
1572,1598
1574,1594
1580,1610
1618,1653
1686,1648
1701,1668
1691,1699
1719,1716
1717,1745
1755,1726
1784,1743
1757,1750
1786,1778
1760,1755
1800,1789
1749,1779
1815,1814
1786,1767
1804,1786
1806,1749
1817,1750
1802,1778
1726,1767
1766,1764
1774,1732
1748,1712
1745,1657
1720,1666
1705,1687
1691,1645
1655,1633
1636,1609
1613,1603
1586,1619
1620,1571
1556,1529
1541,1530
1558,1507
1506,1500
1472,1484
1479,1473
1473,1455
1459,1422
1428,1432
1418,1427
1416,1416
1435,1418
1398,1401
1414,1397
1386,1440
1386,1401
1417,1441
1386,1436
1441,1429
1427,1522
1430,1513
1442,1509
1449,1528
1472,1513
1462,1527
1513,1556
1502,1548
1510,1579
1550,1614
1569,1613
1587,1651
1567,1631
1661,1658
1660,1641
1651,1703
1685,1731
1684,1741
1718,1768
1727,1734
1751,1744
1772,1746
1738,1748
1750,1740
1798,1767
1740,1748
1765,1747
1782,1787
1756,1758
1777,1727
1788,1773
1740,1754
1776,1721
1713,1732
1768,1696
1709,1646
1733,1672
1704,1678
1698,1686
1657,1626
1659,1620
1675,1604
1601,1618
1597,1596
1582,1567
1631,1548
1535,1542
1508,1495
1532,1499
1543,1463
1481,1467
1474,1440
1484,1473
1443,1431
1451,1442
1381,1446
1406,1421
1452,1413
1407,1461
1371,1400
1412,1426
1401,1421
1428,1429
1409,1458
1428,1472
1445,1462
1464,1466
1463,1514
1464,1524
1447,1523
1473,1557
1502,1541
1516,1598
1554,1602
1603,1594
1623,1680
1631,1641
1626,1645
1652,1705
1631,1671
1669,1704
1689,1663
1689,1692
1714,1700
1697,1741
1795,1763
1767,1782
1750,1782
1763,1757
1802,1751
1753,1754
1822,1780
1784,1775
1794,1764
1752,1727
1774,1728
1757,1733
1754,1726
1733,1694
1748,1700
1727,1668
1773,1674
1714,1660
1648,1617
1638,1593
1624,1603
1642,1606
1633,1555
1609,1549
1621,1504
1553,1518
1530,1502
1525,1506
1503,1488
1427,1481
1459,1466
1475,1461
1470,1481
1403,1436
1412,1419
1406,1443
1409,1440
1378,1441
1408,1456
1420,1460
1401,1478
1414,1460
1375,1453
1428,1472
1439,1489
1450,1502
1470,1549
1486,1524
1536,1532
1466,1552
1529,1559
1551,1604
1576,1617
1572,1623
1617,1659
1613,1684
1667,1652
1678,1687
1662,1712
1711,1693
1715,1697
1723,1724
1762,1717
1740,1761
1745,1751
1759,1785
1824,1810
1767,1764
1777,1762
1818,1776
1775,1747
1768,1746
1777,1739
1735,1762
1814,1731
1775,1721
1764,1705
1723,1716
1749,1706
1712,1649
1665,1618
1713,1642
1640,1634
1690,1616
1618,1591
1596,1570
1601,1564
1548,1530
1555,1526
1508,1543
1544,1483
1461,1482
1480,1479
1461,1498
1480,1428
1444,1442
1434,1412
1447,1462
1400,1431
1443,1429
1413,1412
1360,1449
1429,1438
1434,1480
1438,1483
1406,1473
1431,1465
1455,1499
1475,1495
1445,1509
1493,1521
1495,1537
1558,1594
1533,1584
1509,1574
1560,1597
1591,1663
1580,1637
1668,1646
1653,1664
1683,1633
1688,1741
1682,1686
1722,1692
1721,1679
1746,1738
1779,1775
1792,1754
1732,1768
1735,1779
1787,1786
1759,1734
1795,1779
1802,1736
1788,1783
1764,1741
1760,1732
1784,1729
1741,1697
1782,1706
1719,1667
1728,1689
1705,1652
1681,1643
1660,1639
1612,1628
1651,1628
1616,1553
1579,1566
1595,1538
1505,1550
1520,1480
1507,1494
1549,1521
1494,1493
1487,1463
1479,1462
1483,1444
1443,1438
1475,1469
1399,1446
1419,1452
1447,1457
1376,1445
1458,1425
1395,1478
1417,1472
1437,1479
1441,1490
1458,1474
1492,1505
1481,1522
1499,1548
1481,1577
1485,1544
1530,1568
1504,1559
1573,1576
1584,1636
1577,1656
1617,1681
1656,1685
1639,1662
1692,1677
1677,1660
1732,1711
1721,1755
1706,1725
1752,1776
1781,1758
1747,1749
1753,1770
1765,1779
1767,1746
1776,1790
1779,1721
1777,1720
1780,1742
1775,1750
1748,1696
1714,1730
1741,1725
1716,1662
1694,1654
1732,1672
1673,1630
1621,1614
1635,1613
1606,1586
1616,1572
1587,1557
1547,1556
1574,1535
1533,1547
1560,1501
1487,1483
1491,1469
1490,1473
1458,1435
1460,1410
1438,1412
1421,1473
1420,1408
1408,1437
1451,1445
1400,1482
1451,1456
1474,1448
1445,1474
1470,1493
1438,1492
1468,1497
1463,1509
1453,1506
1538,1529
1460,1565
1516,1581
1574,1607
1564,1596
1589,1601
1590,1600
1627,1642
1630,1674
1693,1696
1680,1717
1694,1646
1705,1674
1672,1697
1714,1698
1746,1758
1781,1731
1739,1717
1805,1731
1754,1793
1766,1748
1819,1732
1774,1751
1774,1775
1755,1722
1776,1733
1816,1747
1724,1707
1765,1724
1707,1714
1712,1661
1691,1637
1710,1656
1629,1627
1658,1628
1639,1616
1597,1595
1594,1581
1589,1535
1560,1533
1515,1533
1541,1529
1496,1475
1493,1500
1452,1508
1483,1480
1467,1482
1452,1462
1471,1433
1473,1453
1447,1448
1430,1425
1423,1437
1443,1480
1462,1458
1458,1454
1431,1463
1463,1486
1424,1449
1472,1512
1507,1477
1504,1583
1516,1522
1537,1549
1523,1596
1558,1587
1580,1561
1601,1618
1545,1654
1620,1638
1655,1675
1651,1675
1676,1685
1701,1683
1659,1683
1717,1716
1714,1731
1755,1728
1740,1736
1746,1789
1751,1757
1745,1764
1791,1756
1778,1748
1777,1766
1827,1767
1802,1721
1770,1761
1713,1717
1765,1756
1764,1680
1737,1676
1696,1684
1735,1652
1669,1615
1672,1613
1642,1603
1600,1590
1603,1553
1592,1542
1574,1526
1563,1564
1566,1468
1508,1504
1497,1461
1485,1499
1489,1462
1492,1469
1472,1491
1450,1456
1412,1471
1437,1447
1459,1429
1423,1468
1376,1450
1400,1480
1464,1457
1444,1461
1429,1510
1473,1481
1484,1511
1485,1521
1453,1518
1487,1531
1535,1575
1499,1639
1590,1594
1586,1623
1619,1620
1621,1643
1603,1691
1599,1652
1657,1691
1646,1703
1668,1676
1692,1734
1708,1740
1701,1703
1716,1748
1738,1746
1812,1747
1785,1690
1771,1775
1779,1758
1736,1753
1766,1720
1763,1748
1724,1733
1779,1717
1762,1725
1771,1695
1771,1687
1715,1648
1727,1638
1678,1640
1648,1644
1641,1588
1614,1607
1639,1596
1557,1567
1612,1515
1555,1541
1535,1489
1521,1509
1511,1495
1487,1480
1495,1487
1481,1469
1500,1445
1510,1471
1424,1429
1410,1477
1416,1473
1427,1442
1445,1476
1441,1461
1429,1467
1429,1501
1443,1476
1452,1500
1453,1522
1429,1483
1481,1541
1559,1569
1524,1546
1516,1591
1554,1559
1539,1618
1589,1614
1640,1643
1649,1623
1644,1645
1628,1654
1701,1661
1686,1698
1700,1708
1697,1729
1737,1696
1760,1728
1776,1741
1764,1743
1766,1751
1744,1772
1758,1724
1788,1731
1765,1738
1762,1744
1746,1714
1752,1688
1712,1674
1724,1712
1726,1652
1684,1679
1684,1665
1656,1649
1656,1649
1640,1615
1620,1593
1594,1600
1550,1567
1580,1564
1572,1551
1521,1518
1533,1486
1516,1504
1559,1490
1512,1511
1491,1458
1438,1456
1456,1469
1472,1408
1464,1461
1442,1439
1410,1459
1452,1491
1427,1518
1414,1471
1449,1489
1447,1504
1471,1470
1468,1484
1481,1532
1528,1542
1466,1538
1536,1569
1509,1564
1531,1631
1562,1618
1612,1606
1581,1603
1648,1645
1654,1696
1674,1698
1680,1641
1701,1697
1731,1712
1715,1702
1735,1774
1709,1721
1711,1722
1809,1761
1776,1739
1713,1748
1758,1699
1733,1729
1773,1735
1761,1705
1705,1695
1740,1709
1730,1752
1778,1677
1697,1680
1694,1672
1734,1689
1681,1625
1644,1639
1596,1607
1653,1630
1611,1596
1564,1566
1593,1551
1500,1505
1533,1538
1536,1531
1508,1480
1492,1462
1479,1437
1442,1487
1473,1472
1448,1416
1419,1471
1401,1435
1469,1449
1415,1444
1472,1455
1434,1482
1464,1466
1463,1487
1446,1486
1483,1489
1471,1510
1492,1544
1543,1544
1531,1570
1533,1595
1559,1609
1571,1617
1599,1618
1627,1623
1613,1655
1628,1636
1675,1672
1689,1707
1702,1696
1691,1711
1697,1737
1732,1730
1733,1740
1739,1729
1721,1731
1734,1759
1762,1753
1759,1702
1737,1771
1762,1713
1722,1708
1736,1716
1723,1690
1723,1715
1734,1672
1660,1687
1706,1649
1677,1631
1671,1638
1655,1649
1632,1585
1548,1607
1592,1543
1521,1566
1524,1564
1543,1550
1553,1530
1506,1519
1533,1516
1462,1510
1471,1452
1412,1484
1436,1482
1441,1459
1408,1456
1423,1456
1434,1459
1442,1458
1434,1480
1450,1463
1488,1483
1458,1501
1464,1492
1490,1500
1488,1530
1456,1522
1486,1564
1511,1578
1582,1558
1526,1572
1560,1615
1621,1618
1658,1614
1645,1663
1637,1650
1671,1693
1664,1673
1694,1693
1711,1690
1736,1713
1734,1757
1715,1736
1751,1749
1743,1735
1752,1761
1761,1699
1747,1736
1715,1713
1751,1711
1736,1721
1722,1728
1787,1701
1733,1704
1707,1704
1739,1678
1677,1667
1674,1651
1640,1651
1650,1584
1629,1588
1596,1580
1591,1572
1578,1527
1584,1555
1524,1520
1528,1462
1553,1494
1523,1476
1493,1490
1480,1486
1477,1493
1458,1459
1466,1485
1462,1485
1426,1462
1435,1469
1479,1450
1453,1471
1480,1474
1438,1488
1478,1508
1430,1542
1452,1514
1512,1566
1523,1553
1524,1551
1557,1594
1601,1588
1551,1624
1595,1612
1631,1610
1631,1662
1630,1685
1634,1660
1602,1675
1692,1694
1739,1685
1705,1717
1734,1710
1747,1736
1739,1673
1713,1735
1760,1748
1725,1717
1761,1729
1723,1731
1789,1757
1705,1714
1735,1707
1710,1663
1716,1676
1668,1696
1726,1667
1661,1686
1658,1611
1683,1584
1671,1618
1633,1610
1607,1557
1550,1555
1526,1565
1552,1518
1542,1514
1512,1526
1495,1492
1500,1512
1520,1484
1447,1481
1444,1491
1439,1469
1471,1483
1497,1468
1466,1426
1402,1452
1444,1466
1394,1464
1444,1476
1475,1489
1498,1505
1488,1505
1495,1575
1530,1528
1522,1571
1526,1557
1509,1607
1561,1588
1602,1596
1629,1603
1653,1661
1631,1627
1656,1666
1608,1689
1649,1660
1695,1691
1692,1707
1711,1728
1724,1730
1778,1754
1754,1740
1753,1759
1716,1747
1751,1736
1767,1718
1723,1723
1766,1749
1703,1717
1719,1668
1721,1681
1684,1657
1718,1671
1674,1648
1661,1680
1643,1642
1649,1607
1638,1594
1598,1567
1588,1546
1554,1513
1536,1555
1628,1541
1558,1506
1516,1527
1494,1470
1500,1464
1502,1488
1485,1498
1482,1496
1454,1465
1480,1471
1415,1478
1459,1454
1426,1450
1425,1491
1428,1484
1456,1458
1473,1474
1482,1493
1498,1553
1488,1537
1511,1590
1573,1566
1558,1620
1590,1605
1585,1612
1580,1660
1610,1637
1647,1655
1629,1680
1697,1650
1736,1702
1683,1672
1669,1710
1701,1713
1750,1722
1749,1727
1699,1712
1730,1755
1749,1698
1748,1736
1738,1704
1725,1719
1768,1722
1735,1694
1697,1668
1774,1670
1708,1695
1671,1647
1721,1641
1659,1660
1647,1624
1633,1612
1626,1626
1573,1562
1614,1583
1578,1536
1578,1557
1581,1514
1502,1527
1518,1512
1487,1494
1536,1469
1473,1486
1500,1469
1413,1447
1438,1481
1461,1473
1472,1515
1440,1511
1438,1453
1472,1475
1480,1525
1476,1485
1482,1522
1505,1535
1493,1535
1523,1549
1559,1558
1557,1554
1586,1587
1570,1573
1559,1605
1615,1625
1639,1666
1612,1637
1641,1688
1696,1648
1651,1692
1687,1708
1763,1753
1734,1718
1796,1731
1665,1726
1728,1759
1746,1700
1751,1736
1752,1700
1741,1712
1720,1717
1708,1735
1744,1693
1736,1676
1696,1663
1696,1651
1648,1624
1694,1609
1657,1611
1677,1612
1655,1587
1589,1576
1579,1570
1569,1568
1571,1555
1583,1557
1514,1532
1542,1521
1520,1484
1503,1504
1478,1496
1454,1470
1438,1479
1483,1454
1463,1475
1465,1494
1461,1468
1401,1480
1475,1487
1426,1480
1483,1495
1509,1493
1485,1489
1508,1543
1510,1518
1554,1578
1542,1562
1550,1568
1558,1589
1607,1588
1593,1630
1581,1637
1662,1657
1670,1703
1699,1717
1683,1679
1717,1700
1721,1691
1751,1750
1738,1763
1733,1711
1746,1707
1778,1711
1735,1676
1727,1734
1716,1711
1744,1740
1765,1760
1731,1716
1728,1676
1705,1658
1683,1663
1698,1652
1681,1651
1663,1651
1620,1607
1619,1616
1619,1571
1550,1584
1518,1513
1542,1560
1517,1534
1542,1502
1530,1509
1488,1497
1513,1474
1423,1472
1510,1527
1450,1494
1494,1500
1426,1460
1436,1458
1472,1468
1439,1480
1482,1487
1495,1519
1444,1491
1474,1492
1517,1522
1519,1524
1515,1535
1481,1564
1550,1575
1571,1567
1570,1593
1589,1647
1621,1640
1666,1685
1649,1675
1640,1668
1693,1684
1677,1694
1653,1696
1715,1719
1724,1729
1731,1741
1752,1728
1710,1697
1757,1731
1686,1748
1728,1703
1709,1733
1723,1704
1749,1671
1695,1702
1733,1650
1724,1678
1696,1646
1663,1667
1693,1631
1621,1625
1630,1620
1562,1587
1596,1627
1585,1534
1549,1520
1558,1544
1574,1520
1562,1522
1539,1521
1510,1489
1488,1474
1470,1469
1478,1456
1481,1453
1472,1489
1471,1483
1472,1474
1448,1463
1459,1483
1389,1529
1432,1516
1499,1515
1527,1540
1477,1523
1540,1564
1536,1611
1571,1556
1557,1580
1581,1658
1612,1648
1626,1659
1577,1633
1664,1633
1669,1660
1705,1688
1688,1707
1707,1702
1759,1705
1744,1712
1710,1739
1767,1726
1757,1737
1734,1693
1761,1700
1713,1735
1722,1706
1718,1716
1708,1710
1715,1673
1738,1697
1708,1651
1675,1670
1683,1627
1623,1628
1648,1605
1569,1608
1591,1622
1623,1588
1599,1575
1548,1576
1547,1530
1583,1523
1510,1477
1513,1518
1490,1495
1492,1471
1439,1453
1522,1471
1472,1471
1509,1473
1423,1514
1436,1474
1519,1447
1437,1481
1478,1520
1471,1465
1504,1512
1520,1551
1545,1523
1537,1586
1559,1559
1509,1575
1584,1579
1577,1598
1584,1622
1580,1648
1634,1650
1656,1687
1643,1647
1674,1669
1694,1686
1732,1710
1708,1690
1716,1741
1736,1721
1749,1724
1747,1726
1706,1703
1764,1687
1749,1721
1762,1673
1744,1695
1729,1671
1722,1696
1707,1685
1711,1695
1722,1626
1679,1622
1655,1633
1621,1609
1657,1559
1570,1531
1598,1568
1654,1557
1569,1523
1562,1533
1535,1500
1483,1520
1469,1480
1486,1483
1497,1488
1484,1475
1454,1452
1406,1476
1449,1447
1435,1482
1454,1481
1458,1478
1455,1534
1501,1513
1468,1509
1486,1550
1503,1532
1532,1529
1514,1541
1540,1587
1545,1621
1580,1623
1578,1650
1607,1627
1652,1683
1642,1683
1642,1712
1652,1670
1636,1691
1696,1715
1725,1700
1719,1725
1752,1722
1690,1706
1730,1714
1758,1693
1697,1709
1732,1700
1727,1708
1722,1670
1698,1691
1719,1690
1725,1695
1713,1667
1720,1675
1668,1622
1664,1650
1580,1587
1619,1583
1641,1584
1586,1557
1570,1593
1587,1532
1561,1521
1514,1509
1465,1515
1466,1507
1494,1483
1524,1496
1429,1504
1441,1468
1460,1449
1490,1468
1482,1465
1463,1480
1454,1481
1463,1480
1466,1509
1487,1538
1485,1538
1505,1583
1530,1552
1540,1600
1537,1564
1569,1586
1623,1600
1602,1640
1631,1609
1658,1653
1628,1690
1672,1699
1664,1694
1702,1689
1720,1681
1713,1700
1754,1744
1700,1722
1743,1741
1727,1722
1718,1753
1735,1703
1729,1762
1717,1683
1758,1677
1707,1667
1708,1704
1685,1673
1679,1665
1683,1678
1652,1654
1679,1633
1618,1612
1610,1580
1587,1604
1559,1554
1526,1566
1565,1547
1527,1512
1526,1510
1506,1531
1545,1479
1485,1525
1474,1466
1478,1498
1492,1477
1456,1467
1451,1446
1429,1464
1466,1478
1490,1489
1512,1475
1483,1488
1504,1529
1514,1522
1514,1575
1537,1558
1526,1593
1536,1561
1589,1620
1591,1619
1601,1625
1620,1607
1623,1673
1647,1673
1694,1647
1688,1683
1730,1732
1706,1727
1702,1708
1713,1756
1724,1727
1744,1698
1765,1749
1751,1678
1715,1707
1751,1722
1733,1696
1724,1716
1704,1687
1666,1676
1674,1650
1701,1682
1688,1657
1706,1613
1625,1599
1599,1584
1571,1588
1562,1583
1564,1535
1528,1539
1509,1521
1533,1478
1496,1510
1477,1489
1457,1459
1513,1510
1495,1461
1485,1480
1460,1481
1435,1488
1447,1442
1467,1457
1469,1458
1496,1527
1501,1502
1456,1514
1479,1534
1497,1570
1531,1553
1511,1566
1550,1588
1548,1603
1595,1610
1604,1648
1628,1620
1620,1704
1698,1651
1655,1706
1706,1702
1673,1697
1693,1700
1689,1729
1786,1724
1764,1736
1765,1732
1733,1726
1707,1748
1729,1670
1691,1728
1716,1702
1729,1688
1737,1689
1720,1675
1717,1672
1663,1688
1648,1636
1609,1616
1607,1591
1650,1595
1586,1571
1579,1554
1575,1521
1535,1525
1495,1520
1525,1492
1533,1521
1517,1513
1475,1479
1514,1455
1421,1512
1479,1470
1433,1475
1510,1434
1486,1487
1469,1449
1477,1468
1453,1515
1495,1513
1434,1512
1503,1552
1540,1561
1523,1516
1579,1552
1549,1595
1585,1605
1612,1655
1695,1632
1682,1677
1664,1654
1660,1690
1708,1698
1728,1703
1684,1684
1753,1714
1704,1690
1730,1683
1743,1768
1704,1734
1761,1714
1745,1714
1743,1710
1735,1680
1757,1676
1727,1673
1728,1640
1698,1669
1674,1624
1673,1636
1662,1660
1622,1599
1623,1578
1615,1570
1617,1568
1533,1568
1561,1559
1544,1500
1498,1528
1534,1494
1496,1482
1492,1497
1485,1491
1472,1467
1446,1440
1464,1474
1450,1465
1429,1434
1454,1491
1469,1480
1499,1498
1466,1539
1499,1523
1521,1554
1550,1558
1535,1545
1539,1565
1539,1610
1578,1602
1571,1617
1602,1593
1660,1651
1635,1666
1686,1683
1696,1706
1692,1687
1700,1708
1729,1707
1712,1730
1746,1708
1735,1706
1741,1717
1812,1701
1700,1700
1759,1737
1714,1695
1668,1699
1747,1689
1740,1664
1681,1648
1705,1688
1654,1654
1616,1617
1626,1597
1632,1584
1633,1597
1607,1537
1576,1553
1578,1560
1556,1542
1523,1556
1503,1472
1501,1451
1475,1525
1467,1448
1452,1508
1477,1497
1434,1493
1456,1468
1455,1475
1446,1479
1481,1504
1508,1478
1439,1508
1469,1523
1500,1529
1525,1506
1499,1554
1523,1557
1517,1608
1568,1586
1601,1620
1625,1636
1621,1655
1638,1647
1692,1685
1685,1662
1694,1717
1699,1719
1718,1682
1691,1733
1715,1747
1734,1731
1763,1702
1776,1758
1762,1762
1771,1731
1752,1699
1717,1715
1682,1714
1694,1649
1713,1680
1701,1657
1675,1621
1661,1606
1616,1613
1635,1611
1611,1581
1599,1542
1552,1542
1501,1538
1528,1520
1493,1463
1496,1517
1503,1469
1477,1507
1448,1478
1448,1446
1449,1451
1412,1472
1437,1486
1474,1465
1456,1476
1454,1503
1431,1452
1494,1507
1494,1494
1538,1514
1483,1563
1554,1567
1554,1574
1553,1567
1565,1583
1623,1635
1628,1676
1622,1694
1653,1673
1639,1707
1665,1714
1686,1725
1698,1674
1718,1708
1737,1711
1761,1740
1741,1748
1777,1731
1741,1759
1763,1726
1687,1735
1724,1743
1743,1710
1731,1671
1700,1634
1691,1716
1692,1648
1664,1684
1645,1601
1636,1607
1620,1614
1613,1605
1585,1546
1565,1581
1547,1523
1527,1522
1511,1491
1499,1453
1486,1502
1443,1483
1458,1467
1466,1470
1420,1464
1442,1450
1440,1446
1464,1511
1439,1484
1444,1511
1485,1520
1498,1491
1502,1538
1496,1552
1526,1594
1527,1581
1583,1575
1589,1628
1600,1608
1603,1616
1613,1632
1659,1684
1646,1660
1700,1698
1652,1702
1735,1670
1713,1738
1734,1750
1719,1707
1711,1717
1715,1751
1751,1739
1773,1719
1755,1725
1730,1758
1741,1705
1730,1708
1706,1682
1732,1668
1679,1664
1657,1660
1651,1619
1597,1629
1611,1581
1568,1584
1595,1575
1569,1522
1487,1559
1503,1549
1476,1510
1516,1478
1469,1473
1480,1516
1492,1485
1468,1492
1425,1488
1476,1495
1427,1468
1439,1464
1457,1465
1443,1476
1496,1505
1466,1478
1477,1499
1490,1562
1525,1563
1503,1560
1557,1550
1578,1623
1578,1617
1636,1637
1649,1633
1652,1678
1642,1675
1699,1688
1697,1669
1699,1669
1722,1746
1715,1743
1740,1743
1721,1718
1738,1741
1738,1741
1765,1750
1726,1686
1746,1741
1720,1713
1722,1701
1731,1665
1689,1688
1708,1640
1711,1631
1659,1646
1624,1593
1630,1574
1581,1550
1563,1545
1595,1544
1583,1515
1493,1466
1485,1522
1511,1490
1503,1506
1471,1460
1461,1487
1455,1464
1461,1447
1478,1464
1458,1459
1409,1464
1449,1483
1469,1502
1449,1482
1498,1491
1511,1571
1538,1512
1500,1515
1572,1555
1582,1594
1577,1600
