ch1,ch2
1582,1648
1607,1665
1619,1663
1638,1693
1664,1700
1699,1723
1707,1756
1700,1712
1752,1738
1761,1750
1749,1756
1752,1805
1747,1749
1807,1766
1800,1733
1778,1768
1774,1771
1774,1716
1762,1742
1785,1710
1768,1696
1744,1714
1708,1680
1722,1718
1653,1640
1699,1623
1678,1614
1644,1580
1608,1548
1614,1601
1610,1561
1553,1543
1547,1518
1490,1498
1514,1505
1511,1462
1445,1432
1435,1462
1448,1474
1443,1392
1463,1435
1425,1424
1424,1427
1385,1449
1419,1465
1416,1447
1431,1428
1405,1472
1443,1436
1419,1453
1491,1479
1429,1464
1494,1522
1541,1530
1547,1589
1550,1588
1548,1636
1616,1629
1604,1628
1622,1650
1648,1661
1675,1690
1671,1734
1719,1689
1758,1699
1750,1742
1732,1755
1788,1799
1789,1741
1768,1778
1772,1758
1784,1733
1761,1738
1833,1775
1814,1746
1783,1750
1798,1758
1786,1733
1719,1711
1760,1699
1716,1702
1764,1651
1723,1653
1679,1656
1683,1608
1667,1602
1630,1561
1618,1537
1535,1548
1521,1513
1512,1518
1515,1479
1491,1500
1529,1449
1448,1466
1433,1459
1460,1435
1454,1453
1414,1421
1373,1433
1374,1437
1377,1407
1421,1446
1437,1468
1429,1443
1421,1448
1453,1475
1418,1523
1441,1487
1483,1486
1499,1509
1490,1522
1500,1564
1543,1556
1567,1617
1605,1619
1592,1635
1622,1681
1668,1692
1653,1711
1691,1695
1678,1725
1681,1719
1745,1744
1751,1783
1781,1770
1762,1787
1769,1762
1791,1780
1757,1775
1797,1794
1789,1796
1818,1748
1832,1769
1777,1729
1768,1695
1753,1692
1736,1706
1724,1669
1703,1693
1680,1652
1689,1631
1646,1635
1676,1585
1640,1547
1580,1570
1582,1535
1549,1555
1511,1519
1535,1502
1509,1497
1483,1452
1472,1430
1451,1441
1415,1395
1413,1440
1415,1439
1408,1391
1394,1417
1353,1417
1368,1449
1403,1446
1435,1476
1404,1458
1479,1426
1415,1470
1447,1528
1442,1502
1526,1492
1484,1538
1500,1570
1546,1571
1575,1598
1576,1597
1652,1613
1716,1677
1666,1649
1664,1691
1696,1682
1716,1766
1739,1767
1741,1764
1766,1791
1777,1785
1805,1779
1793,1776
1795,1761
1811,1795
1816,1738
1791,1770
1816,1778
1809,1776
1776,1702
1787,1754
1747,1700
1731,1684
1716,1702
1707,1703
1725,1674
1646,1631
1658,1646
1610,1597
1594,1570
1576,1574
1558,1550
1552,1542
1543,1503
1492,1518
1509,1498
1462,1412
1429,1457
1442,1444
1414,1419
1466,1421
1404,1416
1397,1388
1397,1427
1383,1442
1451,1418
1449,1414
1389,1440
1385,1476
1452,1445
1433,1464
1409,1511
1484,1506
1530,1569
1528,1597
1582,1597
1546,1629
1566,1609
1624,1644
1625,1674
1627,1664
1663,1665
1686,1731
1719,1719
1731,1757
1790,1756
1783,1806
1768,1787
1755,1773
1775,1795
1791,1780
1806,1791
1791,1747
1808,1790
1798,1737
1817,1733
1780,1805
1753,1721
1801,1699
1748,1756
1765,1686
1664,1688
1733,1662
1701,1638
1651,1630
1640,1585
1640,1561
1640,1541
1582,1504
1562,1497
1539,1488
1529,1477
1489,1470
1460,1470
1467,1410
1412,1424
1439,1425
1382,1423
1407,1434
1424,1429
1398,1450
1375,1421
1420,1425
1381,1425
1374,1450
1416,1477
1417,1398
1432,1463
1463,1493
1454,1498
1484,1527
1524,1550
1533,1564
1540,1582
1592,1617
1616,1615
1619,1654
1632,1682
1639,1678
1689,1707
1704,1736
1647,1776
1800,1764
1703,1737
1762,1751
1755,1775
1804,1804
1786,1764
1807,1799
1834,1802
1775,1817
1813,1779
1825,1731
1799,1732
1777,1737
1729,1697
1751,1705
1761,1713
1766,1680
1699,1663
1709,1637
1657,1622
1634,1599
1642,1575
1637,1590
1582,1536
1604,1530
1537,1503
1516,1461
1472,1459
1484,1453
1414,1416
1414,1423
1411,1406
1425,1416
1411,1410
1416,1424
1426,1416
1394,1403
1419,1434
1411,1394
1390,1481
1360,1440
1433,1467
1428,1470
1418,1478
1457,1522
1492,1492
1487,1551
1520,1575
1556,1611
1568,1570
1583,1660
1586,1660
1640,1676
1611,1691
1663,1682
1690,1741
1764,1755
1777,1736
1758,1758
1743,1756
1773,1792
1808,1788
1788,1805
1805,1799
1805,1783
1817,1749
1795,1790
1773,1792
1775,1740
1806,1780
1805,1755
1791,1735
1758,1645
1700,1676
1703,1638
1672,1679
1658,1620
1612,1592
1661,1605
1603,1556
1574,1527
1562,1526
1501,1496
1525,1451
1485,1457
1442,1478
1452,1424
1445,1430
1449,1425
1415,1407
1411,1376
1403,1430
1405,1417
1369,1380
1382,1449
1405,1418
1396,1447
1392,1477
1399,1438
1436,1486
1434,1495
1466,1509
1468,1523
1495,1547
1526,1603
1547,1551
1585,1608
1587,1607
1595,1659
1587,1657
1678,1692
1689,1718
1717,1740
1721,1742
1727,1752
1736,1733
1793,1790
1752,1799
1805,1814
1809,1805
1801,1789
1788,1773
1819,1744
1854,1778
1823,1748
1766,1772
1782,1744
1783,1732
1737,1710
1744,1694
1745,1674
1705,1681
1656,1661
1627,1618
1586,1634
1590,1568
1613,1581
1573,1541
1611,1523
1530,1512
1464,1499
1467,1467
1448,1452
1465,1414
1424,1418
1398,1383
1423,1408
1381,1411
1397,1411
1402,1397
1420,1423
1375,1398
1389,1398
1399,1443
1440,1447
1416,1455
1431,1482
1431,1476
1419,1494
1429,1541
1510,1540
1510,1583
1558,1592
1578,1620
1576,1603
1583,1626
1614,1672
1668,1672
1682,1693
1782,1742
1765,1745
1745,1780
1736,1788
1774,1823
1772,1816
1795,1793
1796,1829
1859,1784
1833,1808
1806,1819
1846,1783
1809,1769
1782,1785
1757,1722
1808,1702
1725,1690
1717,1684
1680,1678
1668,1624
1672,1630
1690,1605
1668,1641
1620,1606
1585,1531
1570,1522
1527,1491
1490,1521
1523,1463
1511,1484
1462,1417
1420,1435
1422,1459
1415,1417
1413,1424
1399,1425
1388,1404
1374,1414
1392,1416
1364,1417
1356,1450
1389,1442
1421,1489
1425,1399
1440,1501
1458,1497
1498,1516
1507,1501
1487,1548
1524,1595
1576,1580
1558,1648
1652,1630
1617,1652
1702,1663
1683,1664
1686,1733
1698,1701
1719,1728
1747,1793
1770,1771
1762,1774
1786,1782
1802,1779
1847,1804
1809,1784
1791,1799
1771,1798
1822,1799
1811,1783
1800,1760
1788,1774
1737,1705
1760,1706
1765,1716
1754,1684
1702,1630
1657,1667
1616,1601
1601,1597
1577,1539
1570,1523
1574,1505
1540,1527
1494,1510
1483,1455
1473,1463
1427,1440
1438,1404
1440,1426
1402,1439
1385,1398
1412,1350
1374,1382
1402,1424
1370,1412
1400,1390
1360,1428
1394,1420
1439,1456
1426,1489
1462,1496
1427,1510
1490,1495
1496,1555
1514,1590
1542,1600
1564,1613
1588,1595
1635,1611
1679,1680
1629,1706
1724,1725
1707,1742
1756,1735
1738,1734
1721,1773
1757,1802
1786,1758
1787,1773
1841,1841
1855,1763
1775,1818
1803,1785
1793,1770
1803,1777
1805,1807
1787,1768
1789,1737
1795,1699
1756,1673
1730,1670
1695,1658
1671,1673
1663,1610
1648,1633
1627,1567
1629,1554
1554,1526
1501,1508
1503,1501
1502,1447
1482,1428
1442,1460
1390,1486
1409,1426
1364,1414
1398,1394
1403,1405
1425,1388
1386,1425
1344,1396
1364,1440
1404,1414
1387,1455
1384,1433
1360,1442
1432,1510
1409,1477
1471,1538
1444,1529
1488,1543
1535,1582
1524,1602
1573,1569
1589,1610
1638,1660
1633,1693
1625,1726
1686,1666
1690,1737
1728,1744
1709,1720
1790,1778
1828,1753
1793,1821
1793,1791
1801,1780
1809,1762
1814,1780
1843,1825
1832,1799
1794,1785
1826,1776
1811,1734
1793,1746
1731,1697
1704,1691
1688,1667
1663,1618
1668,1615
1661,1622
1625,1565
1629,1521
1553,1537
1532,1555
1535,1485
1480,1471
1499,1440
1459,1432
1422,1445
1392,1426
1424,1430
1362,1398
1393,1409
1393,1369
1378,1399
1355,1405
1379,1433
1413,1410
1399,1432
1400,1420
1439,1420
1405,1490
1464,1489
1445,1526
1513,1521
1473,1550
1524,1624
1563,1580
1556,1634
1606,1633
1602,1704
1662,1650
1696,1717
1687,1726
1710,1756
1726,1735
1737,1770
1778,1764
1760,1820
1828,1797
1797,1782
1844,1796
1842,1796
1825,1812
1802,1826
1843,1775
1776,1720
1757,1783
1768,1722
1781,1752
1763,1676
1763,1695
1710,1643
1735,1621
1677,1646
1658,1597
1613,1591
1637,1603
1612,1523
1495,1541
1508,1519
1473,1488
1514,1472
1382,1483
1472,1440
1472,1383
1414,1423
1410,1418
1416,1380
1436,1362
1373,1387
1358,1391
1379,1406
1446,1415
1406,1438
1382,1442
1368,1458
1417,1433
1472,1500
1430,1493
1458,1499
1490,1523
1560,1528
1558,1592
1547,1632
1589,1674
1577,1662
1648,1659
1676,1663
1702,1682
1652,1735
1738,1772
1704,1758
1792,1764
1821,1785
1784,1773
1798,1788
1791,1790
1799,1774
1812,1768
1778,1803
1832,1792
1783,1804
1817,1731
1804,1741
1798,1700
1796,1715
1733,1710
1752,1734
1674,1654
1654,1648
1692,1635
1624,1578
1608,1565
1612,1564
1561,1565
1553,1502
1518,1488
1476,1452
1471,1464
1475,1432
1432,1411
1389,1428
1379,1437
1362,1445
1388,1397
1356,1381
1365,1404
1365,1397
1424,1430
1386,1439
1392,1453
1430,1423
1448,1422
1415,1477
1477,1494
1452,1532
1488,1526
1541,1591
1531,1597
1583,1623
1574,1627
1600,1693
1590,1672
1649,1675
1690,1715
1671,1724
1676,1734
1731,1761
1785,1771
1798,1774
1799,1810
1809,1793
1774,1781
1796,1767
1823,1806
1806,1781
1827,1789
1823,1751
1823,1744
1770,1771
1761,1719
1738,1741
1686,1675
1732,1659
1677,1665
1700,1576
1649,1610
1643,1614
1611,1566
1599,1552
1581,1546
1558,1484
1519,1503
1496,1497
1421,1480
1466,1410
1370,1396
1443,1432
1418,1418
1370,1441
1389,1418
1397,1426
1405,1411
1397,1401
1436,1397
1355,1359
1392,1412
1413,1439
1400,1460
1458,1482
1490,1491
1458,1551
1486,1550
1514,1539
1529,1599
1567,1629
1613,1609
1616,1619
1632,1670
1650,1674
1728,1717
1674,1754
1755,1731
1754,1761
1773,1780
1788,1777
1813,1819
1794,1795
1838,1829
1804,1791
1811,1828
1842,1763
1825,1827
1867,1798
1794,1776
1772,1768
1801,1753
1743,1704
1742,1688
1696,1668
1701,1677
1683,1618
1662,1652
1622,1572
1644,1550
1591,1583
1602,1551
1539,1546
1542,1463
1507,1484
1471,1446
1448,1383
1429,1421
1414,1411
1398,1421
1424,1417
1407,1398
1392,1372
1378,1402
1384,1434
1392,1397
1341,1412
1398,1435
1420,1431
1419,1477
1473,1518
1413,1458
1408,1531
1514,1538
1517,1566
1512,1587
1603,1612
1590,1611
1641,1639
1712,1664
1666,1673
1706,1682
1706,1732
1743,1751
1729,1762
1764,1788
1804,1753
1811,1786
1808,1788
1851,1809
1814,1773
1857,1807
1824,1795
1832,1800
1841,1772
1786,1779
1770,1771
1819,1716
1718,1693
1750,1700
1705,1692
1725,1669
1674,1616
1654,1600
1636,1584
1638,1569
1602,1528
1580,1500
1491,1526
1517,1505
1477,1464
1451,1458
1443,1465
1450,1452
1436,1442
1380,1391
1381,1386
1361,1415
1409,1394
1370,1433
1410,1381
1356,1417
1426,1422
1405,1416
1404,1484
1417,1468
1432,1480
1444,1492
1495,1485
1489,1561
1514,1564
1518,1579
1559,1571
1595,1625
1596,1625
1627,1661
1677,1647
1699,1698
1674,1733
1756,1751
1754,1732
1738,1748
1757,1756
1744,1768
1795,1820
1793,1800
1832,1815
1800,1794
1778,1757
1769,1768
1828,1782
1827,1776
1785,1736
1779,1707
1775,1681
1802,1672
1695,1714
1698,1651
1649,1625
1628,1578
1652,1606
1577,1599
1598,1534
1557,1553
1545,1527
1514,1509
1506,1462
1476,1426
1464,1452
1481,1428
1439,1396
1412,1382
1469,1398
1379,1398
1392,1418
1395,1429
1371,1413
1356,1411
1383,1387
1370,1422
1409,1431
1415,1471
1420,1477
1465,1509
1497,1510
1493,1511
1527,1589
1502,1592
1558,1613
1629,1623
1605,1648
1651,1677
1627,1726
1679,1700
1723,1730
1747,1723
1752,1751
1785,1719
1781,1794
1790,1762
1831,1798
1822,1780
1799,1793
1855,1824
1837,1766
1825,1782
1788,1750
1788,1767
1776,1740
1757,1720
1782,1733
1755,1716
1715,1710
1713,1637
1693,1625
1616,1618
1670,1577
1629,1599
1540,1527
1572,1484
1514,1511
1532,1458
1492,1512
1506,1463
1459,1435
1451,1414
1407,1442
1435,1415
1396,1429
1456,1404
1393,1425
1378,1440
1366,1424
1370,1413
1410,1426
1379,1421
1416,1439
1414,1502
1460,1493
1527,1465
1443,1574
1504,1533
1517,1586
1536,1582
1579,1624
1616,1620
1627,1668
1648,1686
1673,1678
1687,1702
1695,1759
1729,1754
1773,1753
1774,1789
1749,1780
1853,1774
1802,1800
1800,1783
1806,1823
1822,1791
1837,1789
1792,1791
1805,1795
1815,1763
1806,1763
1798,1716
1773,1702
1767,1712
1710,1675
1726,1652
1704,1672
1660,1639
1613,1599
1635,1561
1598,1526
1550,1522
1529,1494
1472,1493
1460,1494
1468,1421
1468,1458
1435,1456
1445,1404
1417,1428
1399,1428
1372,1402
1382,1402
1393,1369
1368,1430
1405,1417
1422,1437
1418,1414
1419,1467
1426,1487
1421,1506
1465,1532
1459,1521
1521,1525
1511,1575
1537,1615
1582,1628
1649,1654
1631,1693
1657,1679
1692,1677
1666,1714
1717,1741
1738,1715
1775,1741
1766,1772
1780,1754
1764,1772
1841,1777
1775,1796
1812,1770
1790,1801
1802,1764
1804,1760
1799,1725
1758,1747
1772,1782
1770,1740
1763,1726
1742,1697
1692,1700
1659,1678
1651,1608
1617,1605
1612,1582
1597,1561
1640,1513
1552,1541
1523,1514
1523,1449
1483,1473
1463,1444
1418,1461
1442,1425
1415,1449
1421,1453
1429,1400
1389,1386
1413,1407
1384,1399
1387,1416
1395,1395
1386,1401
1388,1424
1459,1426
1450,1475
1446,1497
1434,1505
1447,1566
1507,1545
1518,1586
1536,1587
1566,1620
1615,1653
1591,1684
1604,1680
1636,1679
1725,1722
1717,1726
1722,1770
1714,1739
1716,1790
1773,1732
1776,1798
1814,1790
1794,1769
1823,1798
1810,1809
1804,1847
1823,1791
1840,1775
1769,1773
1773,1714
1760,1734
1761,1757
1732,1724
1683,1651
1646,1648
1681,1600
1642,1591
1637,1540
1628,1600
1605,1592
1503,1531
1542,1554
1484,1467
1510,1494
1502,1469
1461,1449
1381,1430
1424,1431
1405,1415
1430,1431
1375,1423
1388,1425
1363,1390
1368,1434
1402,1405
1385,1435
1417,1428
1405,1443
1408,1444
1440,1494
1474,1531
1490,1543
1524,1558
1535,1585
1538,1568
1573,1607
1602,1633
1573,1654
1639,1701
1701,1687
1682,1702
1722,1739
1732,1732
1693,1740
1774,1776
1774,1754
1772,1811
1836,1770
1780,1822
1793,1760
1817,1800
1785,1744
1789,1800
1780,1766
1781,1716
1797,1733
1774,1758
1742,1686
1754,1691
1718,1695
1688,1681
1693,1633
1656,1626
1616,1522
1611,1532
1575,1508
1547,1524
1554,1528
1523,1492
1516,1464
1453,1462
1464,1454
1449,1447
1423,1409
1368,1452
1415,1405
1415,1412
1378,1452
1362,1391
1409,1449
1339,1433
1442,1460
1410,1440
1434,1433
1421,1463
1427,1508
1478,1521
1516,1522
1563,1558
1548,1567
1544,1604
1582,1622
1608,1616
1658,1644
1643,1653
1654,1652
1706,1723
1747,1724
1737,1770
1769,1717
1786,1754
1753,1745
1796,1796
1783,1797
1818,1768
1807,1837
1804,1760
1782,1764
1809,1749
1787,1768
1795,1767
1740,1721
1739,1693
1757,1715
1772,1651
1694,1673
1722,1645
1677,1607
1672,1578
1619,1534
1585,1561
1602,1540
1584,1551
1503,1495
1521,1490
1563,1455
1519,1484
1474,1441
1408,1464
1417,1448
1397,1400
1426,1449
1413,1431
1395,1396
1391,1446
1379,1391
1408,1434
1388,1450
1425,1420
1461,1457
1477,1515
1480,1515
1467,1495
1509,1557
1548,1543
1520,1570
1528,1570
1572,1617
1605,1622
1596,1629
1644,1680
1654,1690
1673,1718
1734,1712
1762,1722
1713,1769
1717,1761
1787,1780
1771,1735
1794,1765
1818,1763
1816,1782
1762,1810
1766,1766
1809,1793
1818,1754
1814,1774
1806,1767
1747,1709
1733,1715
1717,1674
1739,1679
1713,1648
1631,1614
1656,1621
1637,1565
1605,1536
1590,1532
1595,1527
1531,1514
1514,1459
1502,1480
1504,1458
1476,1448
1432,1463
1461,1431
1443,1462
1457,1417
1376,1430
1413,1424
1418,1422
1438,1395
1422,1400
1423,1432
1385,1421
1422,1501
1421,1463
1441,1480
1484,1508
1455,1501
1505,1560
1540,1596
1502,1586
1538,1614
1537,1591
1643,1695
1643,1662
1647,1665
1672,1700
1681,1696
1699,1725
1732,1740
1744,1759
1816,1795
1775,1788
1779,1808
1781,1800
1802,1776
1796,1732
1807,1764
1750,1770
1805,1740
1766,1767
1751,1773
1759,1722
1766,1695
1758,1699
1698,1680
1708,1661
1663,1639
1632,1611
1592,1581
1618,1544
1540,1566
1575,1508
1522,1493
1529,1509
1504,1505
1493,1465
1474,1435
1435,1403
1419,1430
1410,1464
1398,1438
1358,1431
1372,1466
1416,1432
1383,1437
1419,1414
1389,1436
1420,1464
1411,1483
1441,1437
1436,1490
1480,1474
1496,1508
1459,1565
1578,1580
1540,1602
1552,1620
1635,1649
1599,1637
1631,1717
1673,1665
1642,1726
1653,1720
1696,1742
1754,1761
1710,1762
1735,1734
1771,1756
1762,1804
1793,1768
1799,1755
1805,1784
1831,1777
1791,1742
1801,1761
1763,1736
1754,1722
1734,1723
1765,1721
1738,1677
1725,1712
1692,1645
1654,1628
1654,1624
1644,1633
1585,1577
1603,1560
1565,1515
1567,1537
1501,1499
1503,1491
1468,1489
1452,1482
1471,1466
1466,1468
1421,1472
1430,1435
1430,1439
1418,1428
1413,1463
1381,1450
1407,1431
1392,1435
1424,1442
1396,1468
1457,1461
1400,1455
1466,1532
1486,1531
1484,1571
1534,1555
1545,1584
1601,1590
1622,1636
1640,1614
1614,1637
1623,1670
1569,1707
1659,1715
1684,1766
1697,1740
1778,1753
1759,1764
1770,1776
1763,1803
1739,1773
1766,1747
1777,1759
1757,1757
1758,1766
1777,1768
1768,1738
1775,1756
1737,1757
1734,1718
1724,1651
1673,1662
1659,1679
1726,1643
1684,1587
1623,1578
1625,1568
1598,1578
1582,1551
1547,1540
1532,1505
1508,1503
1544,1464
1520,1475
1492,1418
1440,1453
1473,1481
1407,1424
1407,1424
1392,1433
1403,1425
1403,1465
1459,1414
1409,1465
1419,1445
1395,1448
1424,1477
1504,1471
1492,1476
1442,1532
1463,1526
1488,1594
1554,1571
1553,1604
1560,1634
1603,1630
1614,1629
1598,1646
1622,1671
1645,1676
1678,1720
1685,1733
1756,1745
1774,1780
1690,1745
1781,1762
1784,1794
1746,1748
1820,1739
1785,1728
1826,1765
1777,1771
1717,1751
1734,1762
1742,1733
1733,1728
1768,1714
1710,1661
1705,1650
1729,1645
1685,1651
1633,1623
1600,1577
1583,1599
1533,1566
1568,1489
1497,1497
1533,1501
1495,1473
1489,1464
1460,1445
1485,1454
1429,1431
1448,1433
1454,1414
1439,1426
1439,1438
1417,1420
1430,1443
1443,1466
1404,1451
1444,1466
1450,1468
1512,1507
1423,1469
1502,1520
1527,1503
1464,1557
1541,1533
1576,1608
1520,1629
1581,1614
1623,1659
1625,1664
1688,1680
1651,1651
1675,1677
1697,1726
1717,1743
1718,1738
1725,1746
1750,1742
1790,1759
1790,1768
1802,1742
1803,1787
1736,1755
1791,1779
1798,1770
1769,1752
1773,1751
1718,1749
1769,1718
1704,1695
1749,1659
1768,1678
1730,1652
1644,1641
1643,1603
1630,1593
1598,1549
1594,1556
1558,1543
1553,1525
1534,1529
1501,1494
1482,1457
1544,1432
1478,1473
1464,1465
1462,1443
1427,1416
1403,1430
1381,1464
1448,1409
1394,1446
1393,1447
1445,1475
1409,1491
1409,1490
1455,1497
1452,1539
1493,1553
1528,1526
1512,1572
1571,1542
1538,1596
1580,1595
1619,1626
1630,1642
1640,1666
1640,1676
1648,1667
1683,1705
1684,1669
1745,1726
1681,1701
1805,1757
1797,1741
1766,1746
1796,1727
1793,1802
1775,1764
1791,1748
1801,1719
1792,1752
1778,1743
1770,1710
1704,1690
1777,1696
1726,1670
1680,1672
1697,1658
1706,1649
1673,1627
1643,1595
1628,1570
1577,1564
1570,1553
1580,1559
1548,1522
1526,1491
1555,1489
1517,1496
1495,1496
1478,1465
1470,1487
1444,1482
1455,1425
1422,1429
1426,1429
1429,1436
1439,1458
1390,1491
1418,1452
1433,1468
1427,1513
1426,1496
1462,1563
1489,1563
1500,1568
1484,1563
1513,1562
1557,1592
1601,1611
1619,1643
1552,1671
1649,1623
1615,1665
1690,1686
1693,1727
1690,1712
1725,1709
1734,1740
1768,1774
1750,1747
1771,1752
1781,1749
1779,1751
1800,1779
1754,1746
1771,1771
1826,1740
1732,1763
1752,1705
1740,1732
1748,1682
1687,1671
1694,1676
1701,1652
1637,1642
1659,1620
1620,1599
1609,1606
1598,1581
1602,1559
1556,1500
1535,1540
1531,1507
1531,1524
1507,1472
1463,1461
1446,1424
1453,1452
1453,1457
1435,1447
1433,1413
1426,1441
1406,1425
1421,1458
1386,1450
1441,1444
1441,1477
1458,1481
1445,1517
1443,1467
1503,1528
1499,1531
1500,1553
1521,1576
1549,1551
1571,1609
1561,1607
1619,1637
1625,1656
1607,1735
1674,1672
1679,1702
1735,1723
1702,1714
1703,1747
1782,1740
1758,1727
1778,1763
1776,1754
1767,1764
1780,1742
1757,1751
1750,1737
1772,1716
1792,1751
1723,1695
1739,1727
1748,1712
1721,1717
1748,1695
1719,1670
1674,1655
1676,1616
1634,1600
1666,1597
1637,1561
1562,1544
1563,1568
1535,1520
1499,1521
1495,1507
1496,1499
1461,1461
1464,1441
1473,1464
1452,1475
1429,1466
1447,1402
1457,1427
1419,1425
1405,1480
1410,1422
1393,1453
1428,1447
1432,1485
1451,1495
1505,1492
1486,1506
1456,1551
1549,1589
1549,1561
1523,1573
1553,1593
1609,1587
1597,1623
1575,1664
1653,1656
1643,1713
1659,1696
1677,1698
1756,1714
1704,1710
1723,1780
1774,1732
1727,1762
1766,1771
1794,1775
1748,1768
1780,1777
1738,1760
1779,1763
1785,1749
1760,1713
1742,1705
1706,1694
1754,1701
1721,1679
1711,1666
1685,1654
1677,1671
1668,1649
1636,1592
1609,1596
1588,1550
1579,1518
1558,1516
1563,1515
1506,1504
1516,1490
1526,1450
1457,1499
1449,1443
1442,1445
1427,1488
1428,1486
1438,1454
1435,1406
1411,1454
1428,1418
1413,1438
1438,1428
1387,1505
1475,1475
1457,1512
1509,1495
1496,1534
1489,1499
1530,1558
1522,1598
1527,1584
1578,1603
1613,1579
1601,1640
1620,1628
1622,1673
1660,1669
1676,1700
1681,1706
1708,1697
1734,1742
1691,1723
1776,1760
1747,1728
1776,1760
1771,1761
1788,1716
1744,1749
1786,1730
1773,1742
1754,1760
1789,1711
1762,1708
1748,1730
1738,1664
1726,1639
1712,1670
1673,1637
1676,1665
1639,1597
1631,1585
1592,1572
1597,1537
1592,1536
1548,1581
1551,1496
1537,1526
1511,1446
1516,1522
1483,1484
1476,1493
1503,1447
1470,1478
1441,1461
1448,1492
1466,1449
1433,1474
1431,1451
1429,1484
1438,1477
1479,1472
1423,1474
1493,1511
1489,1532
1503,1554
1542,1530
1482,1565
1617,1593
1540,1557
1577,1603
1607,1625
1656,1649
1585,1649
1667,1659
1647,1707
1654,1688
1671,1735
1697,1679
1749,1713
1726,1718
1764,1718
1788,1739
1743,1770
1790,1770
1829,1743
1776,1768
1721,1754
1776,1753
1748,1717
1747,1745
1727,1695
1706,1716
1726,1653
1717,1685
1687,1693
1683,1653
1664,1605
1618,1606
1640,1582
1574,1550
1608,1568
1547,1555
1516,1508
1563,1542
1530,1517
1544,1543
1489,1479
1472,1468
1455,1466
1455,1429
1408,1470
1461,1437
1428,1481
1424,1428
1428,1458
1376,1473
1439,1430
1419,1437
1425,1470
1489,1521
1451,1490
1455,1519
1501,1533
1513,1528
1485,1551
1546,1593
1587,1591
1567,1642
1614,1611
1618,1617
1654,1665
1673,1651
1684,1664
1647,1699
1708,1707
1745,1683
1772,1740
1737,1736
1741,1744
1748,1726
1713,1761
1796,1738
1799,1738
1749,1742
1757,1784
1761,1732
1736,1707
1750,1702
1707,1671
1695,1739
1705,1686
1718,1673
1677,1665
1684,1665
1645,1662
1649,1647
1642,1602
1609,1576
1576,1568
1565,1560
1575,1522
1572,1567
1502,1508
1514,1474
1507,1467
1442,1465
1454,1469
1441,1477
1439,1472
1424,1450
1452,1424
1442,1464
1439,1393
1449,1501
1426,1451
1459,1483
1475,1465
1451,1478
1483,1511
1449,1501
1500,1531
1523,1525
1552,1510
1513,1590
1557,1577
1549,1623
1576,1594
1603,1638
1621,1595
1646,1661
1638,1666
1743,1689
1681,1699
1681,1744
1715,1732
1717,1738
1740,1750
1785,1704
1777,1706
1775,1776
1755,1729
1761,1746
1756,1719
1777,1770
1764,1718
1759,1690
1732,1722
1747,1672
1715,1683
1734,1681
1709,1662
1683,1655
1678,1632
1655,1605
1619,1612
1602,1576
1628,1564
1602,1568
1550,1593
1560,1557
1578,1503
1513,1498
1525,1493
1462,1471
1460,1463
1500,1459
1494,1438
1456,1437
1445,1421
1468,1419
1441,1434
1433,1447
1414,1478
1437,1471
1475,1474
1453,1463
1448,1488
1486,1496
1488,1551
1502,1535
1523,1541
1466,1534
1514,1575
1522,1603
1572,1583
1584,1613
1591,1638
1639,1651
1631,1667
1695,1706
1703,1683
1668,1691
1721,1721
1751,1703
1691,1717
1785,1764
1738,1747
1752,1764
1728,1745
1774,1751
1759,1761
1760,1752
1749,1703
1746,1753
1736,1749
1746,1704
1753,1685
1735,1647
1727,1663
1665,1647
1711,1644
1660,1616
1649,1636
1640,1624
1615,1597
1615,1555
1577,1541
1574,1541
1527,1522
1525,1507
1518,1496
1507,1515
1477,1474
1465,1479
1441,1447
1455,1476
1426,1477
1444,1440
1446,1465
1426,1471
1449,1459
1446,1459
1417,1458
1437,1501
1399,1468
1478,1501
1498,1524
1500,1523
1467,1541
1511,1534
1536,1579
1551,1581
1535,1580
1605,1613
1615,1629
1625,1655
1597,1637
1612,1702
1659,1682
1685,1670
1691,1671
1731,1693
1688,1730
1743,1724
1794,1724
1745,1739
1734,1737
1733,1762
1739,1766
1768,1789
1774,1726
1745,1707
1777,1727
1747,1722
1755,1706
1756,1688
1723,1701
1703,1665
1697,1623
1707,1620
1677,1589
1629,1599
1629,1556
1603,1577
1579,1561
1549,1565
1565,1571
1592,1540
1492,1546
1516,1519
1449,1501
1428,1451
1493,1480
1494,1467
1444,1433
1372,1429
1471,1440
1445,1459
1460,1475
1477,1484
1456,1496
1508,1467
1479,1464
1490,1487
1435,1496
1476,1484
1513,1506
1450,1531
1499,1541
1530,1577
1505,1557
1588,1573
1552,1583
1585,1583
1610,1619
1622,1627
1645,1678
1651,1660
1638,1668
1669,1724
1681,1743
1732,1714
1730,1749
1757,1712
1722,1754
1733,1770
1775,1699
1767,1751
1753,1745
1774,1714
1756,1684
1767,1725
1771,1708
1766,1694
1753,1683
1740,1675
1699,1713
1709,1640
1707,1660
1663,1641
1657,1589
1633,1617
1628,1593
1588,1556
1639,1528
1574,1577
1566,1565
1556,1499
1531,1515
1510,1474
1484,1478
1562,1480
1462,1459
1454,1464
1433,1456
1420,1433
1420,1431
1440,1465
1405,1436
1489,1433
1431,1450
1459,1481
1466,1495
1492,1486
1440,1510
1488,1477
1492,1563
1508,1487
1541,1547
1516,1575
1545,1583
1583,1580
1550,1596
1601,1668
1612,1633
1623,1651
1622,1680
1678,1685
1669,1681
1709,1725
1686,1685
1738,1714
1752,1702
1723,1727
1743,1754
1773,1723
1753,1728
1802,1756
1739,1744
1769,1749
1790,1717
1710,1757
1763,1737
1741,1714
1743,1714
1725,1717
1695,1696
1688,1695
1656,1613
1673,1666
1659,1585
1638,1642
1631,1581
1593,1585
1567,1544
1554,1596
1540,1499
1529,1504
1510,1475
1539,1522
1456,1491
1471,1487
1444,1471
1477,1478
1467,1425
1445,1433
1447,1467
1441,1466
1453,1409
1406,1434
1479,1461
1451,1463
1438,1499
1461,1497
1455,1484
1463,1515
1468,1516
1493,1552
1566,1578
1576,1575
1532,1601
1528,1573
1565,1594
1570,1613
1638,1687
1618,1639
1617,1697
1694,1642
1692,1710
1724,1731
1728,1767
1674,1718
1726,1725
1754,1742
1709,1754
1755,1773
1771,1733
1814,1810
1773,1717
1749,1756
1780,1722
1751,1709
1734,1716
1744,1732
1701,1713
1743,1702
1728,1669
1754,1681
1718,1657
1656,1598
1664,1599
1623,1560
1688,1604
1605,1590
1571,1560
1593,1574
1534,1499
1522,1510
1536,1486
1479,1465
1519,1463
1464,1490
1475,1487
1481,1485
1435,1468
1441,1459
1436,1452
1421,1466
1446,1474
1466,1419
1424,1439
1455,1452
1460,1462
1450,1486
1504,1494
1463,1485
1491,1513
1477,1532
1527,1536
1530,1543
1521,1601
1534,1599
1596,1595
1643,1616
1614,1674
1612,1654
1659,1686
1650,1676
1691,1683
1688,1694
1707,1694
1731,1741
1758,1733
1711,1708
1727,1758
1769,1720
1715,1758
1801,1750
1767,1729
1757,1714
1719,1727
1760,1749
1746,1711
1752,1714
1755,1679
1721,1636
1715,1676
1669,1639
1685,1678
1668,1629
1642,1626
1583,1615
1610,1617
1605,1564
1551,1571
1607,1551
1523,1549
1528,1531
1528,1533
1486,1481
1520,1482
1442,1474
1454,1436
1462,1436
1467,1470
1440,1477
1418,1473
1445,1439
1428,1462
1421,1438
1420,1444
1461,1467
1456,1453
1448,1478
1473,1467
1421,1493
1468,1496
1481,1534
1440,1566
1507,1581
1569,1550
1532,1604
1591,1570
1566,1583
1598,1648
1599,1689
1659,1648
1664,1678
1689,1706
1674,1698
1668,1725
1710,1707
1700,1712
1724,1772
1728,1738
1783,1719
1768,1735
1776,1757
1704,1752
1770,1788
1747,1773
1756,1728
1773,1746
1755,1688
1722,1658
1717,1715
1708,1689
1748,1688
1689,1616
1661,1635
1664,1596
1606,1648
1609,1620
1637,1600
1569,1612
1570,1537
1577,1520
1556,1514
1517,1547
1539,1484
1509,1504
1476,1504
1434,1511
1492,1461
1416,1431
1450,1451
1422,1506
1390,1456
1426,1456
1447,1459
1435,1476
1524,1469
1440,1501
1426,1493
1477,1453
1480,1510
1480,1498
1489,1542
1492,1519
1506,1609
1568,1535
1570,1597
1509,1595
1616,1623
1607,1632
1609,1626
1617,1623
1613,1668
1669,1704
1695,1657
1687,1706
1677,1669
1726,1710
1758,1704
1755,1749
1791,1705
1747,1729
1763,1700
1747,1698
1755,1716
1744,1731
1739,1784
1785,1701
1755,1714
1746,1747
1705,1700
1740,1703
1726,1676
1731,1681
1766,1670
1686,1640
1684,1600
1634,1624
1638,1626
1664,1568
1587,1544
1576,1570
1561,1526
1531,1533
1516,1491
1518,1476
1534,1467
1484,1487
1461,1444
1443,1447
1486,1447
1440,1451
1438,1458
1417,1475
1410,1440
1453,1445
1479,1471
1448,1460
1463,1447
1434,1523
1453,1472
1440,1473
1490,1482
1483,1528
1504,1517
1509,1558
1506,1564
1513,1560
1546,1567
1547,1588
1585,1573
1624,1671
1634,1636
1622,1684
1650,1628
1719,1702
1695,1692
1700,1706
1727,1763
1727,1710
1738,1754
1717,1729
1734,1738
1735,1727
1777,1734
1769,1738
1736,1751
1819,1757
1768,1720
1762,1731
1760,1712
1750,1722
1700,1686
1728,1662
1728,1680
1744,1650
1724,1634
1673,1606
1656,1602
1686,1627
1674,1613
1607,1572
1578,1569
1565,1551
1567,1538
1571,1529
1548,1531
1481,1498
1483,1500
1443,1464
1485,1457
1453,1477
1451,1452
1467,1449
1387,1479
1401,1431
1472,1499
1442,1457
1439,1398
1412,1459
1427,1473
1453,1464
1447,1495
1493,1504
1468,1534
1486,1523
1497,1514
1552,1559
1494,1546
1521,1584
1586,1572
1563,1616
1607,1638
1615,1640
1632,1638
1665,1680
1642,1685
1673,1731
1688,1690
1733,1702
1754,1717
1688,1724
1742,1725
1757,1706
1770,1793
1755,1726
1750,1753
1740,1746
1740,1759
1763,1759
1814,1707
1790,1723
1750,1709
1719,1675
1716,1674
1716,1694
1692,1661
1709,1684
1661,1632
1673,1645
1650,1636
1611,1601
1631,1621
1607,1569
1599,1533
1560,1566
1541,1556
1484,1527
1543,1521
1490,1486
1460,1505
1443,1488
1458,1449
1399,1476
1454,1487
1419,1457
1410,1434
1416,1438
1410,1462
1437,1466
1419,1454
1455,1474
1469,1443
1447,1486
1424,1471
1448,1459
1437,1529
1478,1492
1478,1554
1493,1546
1543,1562
1566,1606
1555,1557
1599,1659
1598,1610
1649,1607
1633,1617
1635,1669
1679,1652
1619,1678
1656,1692
1705,1678
1754,1693
1703,1742
1751,1737
1742,1731
1731,1759
1773,1737
1792,1745
1751,1746
1766,1741
1782,1740
1758,1749
1769,1740
1777,1756
1789,1712
1760,1694
1713,1702
1748,1678
1700,1672
1686,1657
1650,1674
1667,1623
1658,1622
1622,1592
1604,1541
1587,1574
1567,1543
1559,1528
1596,1544
1555,1506
1496,1504
1473,1467
1484,1500
1474,1456
1481,1418
1463,1456
1460,1419
1437,1478
1458,1468
1435,1437
1441,1447
1444,1410
1454,1477
1473,1479
1422,1450
1466,1484
1430,1474
1439,1524
1497,1503
1493,1536
1522,1579
1505,1573
1555,1595
1539,1622
1598,1588
1590,1623
1586,1652
1630,1648
1676,1626
1644,1697
1668,1690
1704,1714
1740,1714
1741,1713
1760,1738
1685,1738
1744,1728
1766,1752
1753,1791
1753,1767
1780,1784
1784,1758
1781,1730
1777,1751
1812,1740
1736,1734
1759,1731
1766,1694
1742,1696
1713,1677
1724,1672
1756,1693
1689,1659
1628,1618
1617,1595
1625,1588
1640,1580
1569,1604
1583,1534
1569,1578
1558,1492
1547,1523
1490,1528
1509,1484
1485,1443
1486,1458
1507,1430
1469,1427
1431,1432
1443,1473
1438,1449
1393,1443
1418,1428
1404,1428
1459,1470
1411,1402
1439,1442
1411,1441
1428,1487
1426,1476
1444,1516
1491,1516
1497,1532
1548,1568
1521,1527
1542,1594
1573,1592
1581,1615
1609,1645
1606,1654
1670,1650
1637,1690
1664,1689
1642,1732
1723,1688
1735,1696
1705,1743
1725,1735
1752,1734
1762,1748
1772,1750
1750,1784
1757,1730
1787,1773
1744,1715
1768,1749
1749,1728
1746,1732
1780,1734
1753,1716
1727,1696
1742,1688
1723,1669
1725,1725
1690,1648
1679,1656
1671,1610
1650,1606
1676,1627
1611,1581
1558,1575
1559,1566
1560,1523
1596,1529
1504,1511
1470,1487
1530,1466
1461,1468
1468,1458
1437,1441
1427,1432
1442,1451
1415,1447
1436,1447
1429,1434
1440,1430
1483,1415
1433,1406
1402,1471
1411,1448
1422,1453
1426,1504
1487,1486
1462,1513
1456,1528
1499,1516
1485,1524
1524,1544
1525,1537
1507,1572
1562,1597
1623,1606
1578,1620
1621,1669
1672,1662
1637,1665
1703,1695
1718,1700
1711,1761
1689,1725
1742,1750
1733,1775
1747,1731
1728,1735
1776,1745
1770,1773
1782,1773
1763,1785
1803,1761
1785,1767
1767,1738
1788,1696
1721,1707
1765,1691
1762,1714
1708,1687
1712,1650
1663,1700
1684,1665
1678,1632
1653,1611
1630,1605
1598,1573
1615,1579
1570,1545
1600,1549
1526,1551
1529,1470
1538,1461
1537,1491
1480,1501
1461,1400
1434,1439
1425,1432
1461,1450
1437,1459
1439,1446
1453,1441
1408,1424
1418,1457
1415,1443
1402,1472
1448,1446
1418,1435
1431,1481
1442,1476
1475,1485
1470,1505
1481,1542
1549,1509
1510,1566
1568,1580
1562,1579
1558,1644
1653,1609
1566,1640
1645,1685
1665,1633
1693,1713
1694,1715
1702,1703
1670,1777
1749,1725
1768,1754
1755,1730
1760,1733
1778,1751
1764,1744
1807,1772
1768,1734
1743,1756
1802,1719
1745,1754
1812,1759
1741,1759
1735,1769
1760,1718
1732,1706
1790,1722
1685,1677
1707,1658
1664,1648
1648,1650
1682,1600
1654,1611
1596,1573
1633,1559
1601,1534
1609,1556
1595,1516
1534,1543
1498,1485
1519,1497
1471,1472
1460,1474
1494,1441
1394,1435
1411,1422
1466,1435
1416,1421
1415,1436
1438,1461
1401,1441
1425,1439
1427,1409
1418,1473
1463,1438
1448,1455
1466,1479
1480,1466
1485,1517
1431,1511
1468,1501
1486,1566
1543,1566
1543,1576
1539,1588
1588,1649
1609,1618
1588,1676
1682,1644
1653,1624
1663,1671
1675,1677
1726,1698
1745,1731
1768,1760
1757,1746
1781,1750
1720,1732
1764,1766
1728,1729
1780,1783
1850,1764
1806,1738
1739,1803
1744,1738
1786,1727
1765,1740
1741,1726
1782,1774
1735,1706
1743,1736
1701,1669
1730,1651
1706,1610
1674,1616
1674,1620
1643,1599
1598,1555
1585,1574
1576,1561
1554,1544
1550,1549
1535,1494
1535,1562
1502,1479
1448,1488
1483,1443
1449,1470
1451,1456
1445,1437
1410,1439
1401,1423
1419,1441
1356,1436
1406,1470
1389,1448
1398,1422
1423,1452
1407,1440
1442,1451
1430,1466
1450,1510
1438,1500
1472,1574
1457,1525
1528,1550
1563,1583
1581,1580
1578,1618
1599,1634
1573,1623
1669,1660
1626,1664
1640,1652
1680,1673
1683,1718
1687,1730
1708,1721
1683,1736
1722,1759
1738,1758
1789,1782
1766,1781
1806,1783
1774,1748
1783,1749
1806,1749
1801,1745
1801,1800
1803,1754
1826,1761
1788,1750
1749,1720
1782,1702
1699,1675
1729,1652
1710,1661
1645,1617
1646,1617
1651,1637
1628,1597
1588,1582
1589,1571
1565,1507
1563,1571
1517,1496
1490,1495
1516,1522
1492,1480
1466,1441
1431,1483
1473,1446
1458,1452
1445,1420
1424,1419
1476,1412
1405,1412
1418,1438
1442,1426
1434,1413
1413,1433
1444,1446
1399,1444
1438,1435
1452,1489
1445,1458
1496,1501
1459,1512
1458,1493
1480,1547
1505,1581
1544,1591
1569,1583
1550,1605
1558,1607
1662,1642
1642,1683
1697,1690
1700,1703
1715,1717
1679,1735
1730,1752
1741,1755
1755,1749
1725,1794
1751,1754
1765,1748
1754,1790
1797,1826
1799,1776
1793,1826
1792,1772
1784,1754
1763,1718
1741,1738
1793,1742
1772,1719
1762,1730
1740,1707
1711,1673
1705,1667
1720,1656
1671,1642
1657,1597
1667,1617
1648,1584
1612,1592
1624,1536
1576,1544
1532,1530
1519,1514
1490,1483
1501,1470
1500,1442
1452,1499
1506,1424
1450,1424
1403,1447
1397,1433
1402,1454
1411,1442
1429,1420
1415,1411
1331,1453
1407,1456
1402,1403
1412,1461
1439,1490
1434,1455
1467,1493
1466,1472
1477,1484
1481,1519
1496,1555
1517,1574
1532,1542
1557,1600
1574,1588
1579,1587
1615,1678
1652,1673
1662,1715
1644,1713
1709,1703
1708,1720
1704,1720
1716,1741
1735,1761
1747,1737
1739,1775
1776,1792
1776,1777
1813,1772
1848,1760
1845,1776
1820,1750
1782,1738
1783,1761
1830,1739
1788,1736
1763,1716
1794,1743
1744,1687
1714,1702
1708,1694
1700,1647
1675,1647
1658,1611
1644,1597
1610,1591
1624,1555
1593,1563
1648,1547
1581,1520
1549,1550
1533,1496
1530,1500
1506,1476
1433,1421
1431,1461
1462,1480
1448,1427
1386,1419
1423,1449
1405,1436
1419,1420
1402,1420
1375,1455
1414,1435
1385,1405
1394,1436
1419,1451
1439,1419
1360,1463
1435,1510
1483,1476
1476,1546
1495,1571
1464,1485
1537,1555
1512,1606
1619,1602
1581,1610
1578,1615
1607,1640
1637,1670
1676,1680
1696,1668
1701,1730
1692,1728
1781,1768
1740,1775
1754,1759
1806,1786
1750,1741
1822,1796
1766,1783
1828,1774
1769,1769
1809,1791
1800,1765
1755,1772
1798,1780
1776,1783
1817,1751
1761,1746
1794,1720
1770,1705
1764,1667
1699,1661
1688,1626
1674,1622
1656,1631
1653,1640
1626,1550
1623,1572
1612,1564
1548,1512
1479,1551
1547,1537
1475,1485
1507,1497
1463,1497
1494,1468
1487,1412
1417,1434
1433,1423
1404,1438
1407,1444
1398,1417
1440,1408
1406,1399
1388,1448
1431,1403
1389,1445
1398,1440
1416,1483
1403,1435
1409,1440
1394,1488
1417,1490
1509,1516
1495,1512
1535,1565
1526,1554
1546,1618
1578,1632
1534,1623
1624,1677
1653,1657
1658,1663
1644,1664
1703,1713
1673,1717
1747,1737
1724,1727
1750,1753
1713,1744
1730,1799
1807,1772
1788,1789
1795,1779
1804,1811
1794,1739
1799,1759
1783,1768
1758,1798
1797,1758
1811,1737
1786,1754
1810,1736
1751,1719
1739,1696
1746,1681
1705,1663
1666,1629
1719,1640
1705,1616
1672,1615
1578,1591
1646,1560
1590,1532
1567,1512
1557,1530
1537,1517
1504,1460
1468,1443
1458,1462
1506,1472
1471,1437
1427,1430
1406,1400
1405,1411
1421,1411
1370,1425
1386,1396
1400,1414
1352,1414
1404,1410
1426,1438
1358,1419
1449,1440
1445,1418
1408,1464
1455,1458
1459,1486
1506,1512
1500,1536
1513,1558
1489,1582
1560,1602
1619,1613
1596,1616
1620,1652
1610,1654
1638,1678
1655,1686
1679,1682
1691,1715
1722,1738
1779,1737
1777,1749
1734,1750
1740,1772
1792,1803
1780,1759
1795,1773
1811,1787
1801,1786
1833,1787
1817,1796
1830,1765
1824,1753
1798,1772
1779,1736
1788,1738
1758,1648
1763,1703
1749,1676
1759,1649
1692,1674
1684,1661
1649,1593
1654,1613
1614,1615
1584,1581
1586,1519
1584,1516
1534,1504
1535,1514
1486,1472
1443,1471
1449,1448
1456,1418
1463,1427
1427,1451
1408,1430
1396,1396
1412,1439
1407,1374
1382,1437
1403,1435
1372,1424
1403,1428
1393,1463
1353,1442
1432,1413
1403,1475
1409,1501
1442,1472
1459,1518
1511,1528
1476,1536
1510,1531
1545,1556
1558,1574
1575,1607
1517,1620
1613,1638
1637,1649
1646,1690
1678,1735
1669,1755
1697,1729
1728,1741
1741,1770
1759,1721
1745,1787
1784,1735
1773,1814
1787,1788
1779,1789
1854,1770
1805,1771
1787,1770
1820,1770
1844,1761
1811,1771
1786,1769
1782,1758
1778,1754
1772,1697
1731,1701
1707,1690
1688,1635
1707,1625
1696,1643
1651,1606
1623,1629
1610,1581
1643,1561
1536,1559
1604,1506
1488,1506
1505,1481
1509,1469
1477,1419
1446,1430
1470,1459
1459,1446
1397,1373
1405,1410
1391,1445
1373,1414
1351,1403
1380,1410
1372,1436
1405,1394
1379,1426
1391,1446
1399,1409
1423,1432
1409,1485
1386,1472
1450,1473
1465,1519
1471,1489
1466,1562
1477,1543
1511,1605
1558,1604
1541,1629
1561,1644
1599,1631
1625,1646
1611,1677
1679,1682
1700,1713
1704,1721
1736,1742
1742,1755
1801,1776
1773,1742
1733,1767
1761,1780
1761,1795
1828,1805
1796,1795
1810,1782
1788,1793
1811,1782
1801,1766
1801,1768
1808,1739
1798,1727
1752,1706
1781,1740
1739,1707
1758,1682
1699,1658
1700,1684
1649,1647
1697,1606
1655,1625
1625,1560
1596,1635
1584,1530
1554,1565
1542,1524
1573,1499
1515,1497
1444,1470
1444,1457
1443,1433
1474,1475
1502,1392
1411,1396
1428,1388
1406,1416
1404,1402
1371,1407
1379,1413
1400,1418
1411,1404
1439,1426
1415,1447
1407,1463
1404,1443
1399,1452
1438,1493
1468,1509
1445,1504
1505,1503
1500,1539
1505,1547
1531,1583
1560,1602
1609,1643
1649,1657
1643,1657
1652,1708
1671,1647
1655,1699
1713,1698
1737,1744
1701,1809
1812,1764
1798,1774
1803,1787
1778,1765
1810,1818
1779,1782
1784,1793
1847,1803
1826,1760
1778,1795
1806,1782
1814,1741
1771,1764
1781,1767
1810,1747
1792,1712
1733,1712
1779,1730
1696,1698
1738,1661
1710,1658
1612,1633
1635,1587
1601,1587
1602,1575
1542,1500
1602,1576
1544,1511
1509,1494
1477,1503
1450,1506
1495,1456
1437,1458
1471,1451
1436,1405
1391,1384
1370,1419
1421,1432
1373,1411
1386,1388
1367,1409
1425,1425
1384,1379
1425,1442
1393,1418
1369,1441
1405,1468
1410,1454
1414,1472
1405,1491
1477,1543
1447,1529
1513,1548
1517,1563
1540,1591
1532,1623
1585,1633
1606,1641
1592,1689
1644,1701
1613,1694
1671,1713
1701,1750
1655,1784
1739,1721
1712,1773
1776,1758
1797,1789
1810,1781
1783,1755
1814,1764
1805,1820
1846,1772
1856,1800
1748,1780
1818,1788
1788,1790
1837,1781
1795,1770
1781,1750
1782,1708
1742,1723
1750,1697
1735,1677
1693,1671
1676,1620
1656,1623
1664,1634
1615,1604
1635,1569
1592,1540
1565,1492
1553,1579
1509,1534
1490,1478
1525,1492
1415,1498
1441,1412
1378,1431
1440,1438
1424,1398
1408,1372
1348,1394
1390,1388
1375,1416
1338,1392
1378,1418
1345,1425
1358,1463
1385,1426
1398,1427
1408,1469
1425,1459
1451,1494
1460,1521
1493,1518
1478,1509
1524,1535
1501,1586
1539,1591
1531,1577
1563,1607
1636,1668
1614,1655
1617,1689
1684,1682
1693,1703
1699,1695
1715,1750
1712,1778
1731,1756
1762,1781
1791,1790
1754,1802
1784,1835
1805,1777
1796,1797
1804,1818
1793,1763
1831,1787
1833,1784
1816,1793
1790,1756
1818,1729
1787,1726
1750,1738
1797,1722
1754,1685
1715,1647
1702,1644
1650,1648
1661,1680
1661,1592
1627,1578
1602,1586
1534,1530
1526,1472
1549,1486
1522,1494
1489,1467
1491,1476
1462,1444
1444,1471
1448,1450
1396,1408
1415,1417
1431,1393
1386,1403
1413,1386
1397,1391
1419,1425
1376,1399
1379,1408
1377,1430
1378,1410
1354,1455
1428,1472
1424,1486
1441,1521
1451,1513
1485,1532
1482,1504
1469,1546
1482,1554
1549,1564
1525,1590
1620,1619
1576,1607
1634,1641
1600,1674
1658,1687
1675,1708
1677,1745
1750,1720
1742,1768
1783,1760
1761,1749
1759,1809
1794,1806
1803,1805
1810,1796
1839,1781
1809,1847
1795,1776
1866,1834
1809,1764
1805,1770
1795,1786
1786,1752
1772,1746
1777,1753
1745,1720
1738,1710
1709,1638
1751,1675
1710,1640
1699,1650
1602,1610
1578,1586
1597,1569
1598,1518
1573,1511
1555,1477
1502,1478
1469,1521
1461,1489
1432,1459
1459,1445
1398,1430
1388,1419
1348,1445
1390,1429
1407,1412
1388,1421
1339,1409
1397,1401
1370,1383
1375,1425
1369,1405
1365,1423
1365,1436
1397,1450
1414,1463
1469,1453
1431,1456
1448,1479
1464,1527
1508,1555
1530,1576
1513,1621
1552,1626
1578,1622
1616,1656
1610,1678
1657,1691
1674,1688
1711,1726
1713,1719
1715,1739
1718,1766
1755,1738
1792,1770
1780,1777
1798,1810
1795,1810
1814,1807
1833,1772
1806,1792
1833,1806
1816,1797
1793,1765
1818,1784
1801,1799
1778,1734
1824,1740
1762,1714
1764,1725
1765,1683
1733,1671
1745,1675
1692,1655
1639,1613
1662,1605
1619,1563
1622,1576
1579,1542
1573,1503
1564,1512
1485,1485
1500,1423
1485,1446
1453,1458
1441,1437
1408,1424
1437,1422
1430,1424
1409,1391
1331,1417
1369,1404
1383,1401
1370,1450
1413,1430
1419,1415
1417,1399
1380,1441
1386,1428
1401,1492
1381,1469
1445,1540
1412,1494
1489,1543
1552,1516
1503,1538
1527,1570
1556,1598
1533,1613
1586,1606
1642,1685
1630,1668
1663,1695
1687,1725
1755,1720
1721,1723
1740,1757
1747,1773
1778,1778
1717,1762
1801,1799
1792,1845
1772,1795
1857,1792
1819,1785
1833,1746
1772,1800
1829,1806
1833,1775
1783,1801
1814,1780
1771,1766
1761,1705
1832,1708
1748,1693
1738,1655
1672,1683
1669,1642
1648,1689
1659,1612
1644,1617
1595,1571
1619,1572
1569,1526
1559,1470
1510,1476
1498,1478
1492,1488
1459,1442
1455,1426
1443,1440
1417,1411
1428,1415
1421,1398
1359,1384
1386,1401
1366,1431
1360,1420
1312,1407
1430,1405
1399,1422
1362,1430
1416,1431
1446,1432
1418,1449
1414,1477
1440,1503
1454,1515
1456,1517
1477,1554
1486,1591
1542,1593
1553,1654
1541,1635
1627,1646
1591,1660
1649,1657
1646,1692
1684,1713
1738,1724
1703,1761
1756,1762
1766,1782
1753,1806
1775,1771
1776,1767
1768,1773
1814,1764
1850,1814
1838,1767
1860,1811
1852,1774
1816,1813
1851,1769
1799,1758
1816,1713
1776,1720
1755,1734
1748,1721
1762,1703
1725,1676
1724,1700
1691,1662
1698,1589
1612,1609
1601,1597
1599,1564
1550,1574
1581,1542
1528,1488
1473,1469
1499,1460
1518,1462
1468,1428
1471,1434
1456,1416
1414,1422
1393,1409
1399,1406
1374,1371
1375,1336
1388,1373
1372,1406
1341,1427
1413,1401
1392,1427
1396,1466
1388,1463
1433,1467
1443,1495
1433,1453
1480,1501
1456,1553
1517,1562
1535,1561
1517,1588
1555,1578
1601,1621
1594,1649
1660,1656
1680,1655
1674,1719
1674,1719
1694,1734
1708,1715
1701,1741
1717,1779
1754,1748
1753,1760
1735,1800
1761,1771
1793,1758
1790,1828
1820,1846
1802,1808
1806,1766
1833,1765
1784,1738
1810,1805
1781,1703
1717,1763
1749,1712
1761,1722
1702,1721
1729,1679
1731,1648
1705,1620
1649,1612
1681,1635
1617,1520
1598,1577
1561,1546
1578,1538
1541,1530
1517,1477
1461,1467
1469,1468
1487,1445
1462,1440
1402,1403
1371,1411
1379,1394
1396,1394
1381,1422
1405,1411
1335,1423
1359,1399
1390,1392
1367,1432
1410,1427
1398,1419
1393,1442
1453,1481
1441,1487
1458,1501
1461,1536
1472,1542
1465,1528
1515,1553
1563,1612
1540,1623
1591,1602
1632,1603
1614,1663
1634,1641
1662,1665
1686,1679
1688,1733
1719,1697
1741,1723
1744,1705
1778,1798
1789,1778
1741,1778
1803,1803
1836,1764
1759,1751
1873,1787
1820,1774
1835,1779
1806,1778
1797,1796
1812,1724
1833,1733
1786,1725
1750,1729
1755,1726
1750,1680
1759,1686
1724,1696
1669,1596
1638,1594
1645,1594
1623,1587
1576,1545
1535,1520
1551,1542
1537,1528
1484,1519
1489,1444
1463,1455
1462,1481
1440,1449
1427,1465
1338,1420
1423,1413
1427,1450
1392,1409
1366,1431
1388,1423
1369,1387
1371,1380
1380,1468
1375,1431
1409,1467
1417,1482
1398,1476
1416,1498
1429,1510
1462,1540
1472,1502
1512,1561
1511,1590
1544,1598
1542,1582
1629,1627
1619,1637
1636,1666
1652,1675
1680,1689
1674,1754
1739,1727
1742,1761
1775,1791
1778,1783
1751,1785
1798,1786
1821,1812
1804,1803
1803,1796
1781,1747
1805,1783
1815,1783
1812,1733
1833,1738
1790,1769
1798,1785
1793,1741
1757,1720
1748,1682
1754,1656
1705,1663
1673,1667
1689,1635
1652,1625
1655,1615
1646,1573
1592,1549
1597,1541
1548,1531
1573,1500
1518,1522
1487,1470
1462,1469
1477,1469
1439,1447
1448,1408
1413,1455
1396,1394
1381,1390
1405,1435
1369,1458
1358,1421
1355,1386
1371,1416
1397,1422
1431,1419
1399,1436
1412,1462
1429,1448
1417,1504
1438,1527
1461,1487
1440,1562
1524,1552
1565,1585
1525,1576
1585,1592
1618,1628
1608,1641
1630,1679
1661,1685
1645,1683
1688,1732
1661,1717
1731,1733
1729,1765
1740,1786
1788,1789
1774,1807
1782,1801
1852,1791
1797,1780
1828,1801
1801,1775
1837,1769
1833,1778
1793,1779
1776,1783
1862,1769
1801,1733
1764,1700
1773,1694
1720,1702
1696,1643
1750,1658
1688,1645
1635,1594
1679,1595
1631,1596
1593,1574
1583,1551
1509,1555
1502,1514
1548,1439
1483,1480
1454,1504
1458,1465
1421,1429
1453,1399
1419,1418
1417,1430
1449,1395
1405,1396
1377,1423
1404,1414
1386,1431
1387,1433
1403,1433
1360,1435
1439,1449
1433,1402
1476,1452
1471,1506
1436,1531
1486,1492
1506,1504
1461,1550
1502,1585
1536,1583
1551,1605
1569,1674
1606,1638
1600,1654
1681,1722
1696,1708
1707,1729
1726,1723
1698,1773
1734,1726
1757,1769
1807,1763
1810,1745
1785,1807
1786,1793
1818,1807
1833,1803
1789,1754
1796,1773
1809,1778
1782,1763
1767,1756
1805,1728
1804,1721
1834,1723
1735,1717
1738,1702
1685,1668
1719,1666
1666,1679
1638,1598
1636,1588
1632,1545
1571,1527
1562,1555
1541,1546
1533,1512
1539,1496
1490,1432
1468,1441
1475,1440
1406,1430
1417,1416
1379,1432
1375,1408
1406,1387
1413,1386
1378,1399
1389,1433
1385,1428
1383,1429
1400,1434
1382,1442
1391,1483
1407,1454
1451,1429
1458,1520
1479,1504
1467,1572
1455,1519
1506,1564
1506,1531
1548,1598
1600,1634
1580,1637
1644,1603
1631,1715
1668,1688
1701,1690
1667,1736
1727,1754
1732,1732
1785,1779
1775,1800
1767,1747
1761,1789
1813,1793
1766,1762
1793,1750
1815,1738
1811,1802
1801,1742
1775,1780
1786,1740
1770,1788
1763,1708
1735,1699
1744,1719
1774,1713
1739,1662
1732,1631
1691,1661
1649,1594
1616,1599
1631,1618
1564,1540
1545,1502
1540,1524
1533,1529
1487,1494
1490,1493
1489,1490
1421,1437
1441,1414
1433,1443
1401,1438
1419,1440
1395,1392
1368,1443
1378,1417
1392,1448
1383,1435
1397,1435
1376,1411
1428,1411
1453,1449
1426,1484
1418,1500
1433,1503
1477,1534
1465,1547
1513,1553
1526,1607
1578,1595
1586,1580
1575,1610
1565,1644
1590,1673
1637,1673
1664,1692
1656,1705
1674,1727
1701,1727
1704,1749
1725,1759
1737,1788
1788,1800
1762,1813
1770,1805
1800,1781
1804,1754
1866,1779
1818,1774
1780,1770
1838,1797
1765,1760
1781,1742
1750,1728
1749,1720
1741,1723
1762,1681
1668,1655
1720,1645
1656,1649
1669,1593
1602,1586
1595,1570
1589,1567
1608,1536
1549,1494
1498,1512
1483,1491
1443,1460
1479,1451
1419,1430
1437,1443
1418,1438
1412,1390
1378,1381
1401,1418
1401,1419
1438,1397
1399,1470
1400,1396
1364,1453
1405,1438
1390,1460
1438,1453
1403,1495
1442,1519
1460,1515
1498,1494
1494,1534
1571,1573
1526,1562
1615,1604
1614,1635
1614,1650
1578,1648
1638,1673
1643,1670
1671,1713
1708,1696
1750,1728
1692,1735
1731,1752
1777,1722
1754,1752
1774,1800
1748,1780
1791,1760
1784,1783
1817,1784
1795,1792
1756,1761
1801,1760
1803,1783
1720,1750
1718,1716
1773,1728
1689,1698
1720,1662
1755,1673
1672,1627
1674,1625
1673,1603
1665,1604
1572,1585
1559,1574
1592,1539
1549,1491
1522,1500
1503,1492
1517,1488
1460,1423
1522,1429
1422,1457
1441,1452
1425,1470
1401,1404
1371,1375
1379,1393
1386,1409
1415,1397
1442,1452
1425,1418
1423,1484
1424,1460
1423,1454
1432,1481
1465,1488
1497,1506
1485,1512
1496,1557
1526,1560
1556,1550
1552,1568
1601,1635
1523,1661
1619,1648
1659,1705
1673,1678
1743,1658
1686,1743
1724,1692
1712,1773
1730,1725
1733,1769
1787,1773
1790,1807
1824,1760
1793,1771
1818,1769
1832,1817
1765,1779
1805,1789
1825,1744
1781,1777
1742,1722
1695,1719
1764,1701
1739,1684
1729,1654
1690,1658
1657,1621
1653,1613
1631,1618
1669,1563
1626,1573
1586,1586
1550,1546
1518,1500
1506,1506
1572,1491
1464,1470
1510,1475
1471,1467
1416,1458
1462,1423
1422,1420
1420,1408
1375,1429
1420,1411
1424,1434
1387,1420
1419,1454
1441,1439
1386,1479
1453,1435
1440,1461
1449,1506
1440,1504
1484,1536
1453,1537
1497,1555
1505,1572
1566,1581
1523,1599
1632,1644
1620,1634
1635,1638
1683,1663
1643,1684
1682,1741
1699,1738
1731,1699
1745,1730
1761,1738
1730,1743
1774,1771
1833,1774
1763,1774
1777,1747
1807,1770
1812,1785
1822,1729
1843,1743
1811,1716
1734,1718
1726,1736
1788,1736
1731,1730
1738,1672
1677,1657
1703,1665
1661,1634
1656,1587
1614,1600
1639,1577
1588,1563
1577,1538
1552,1477
1518,1490
1458,1483
1498,1456
1495,1466
1481,1462
1450,1439
1453,1434
1451,1453
1435,1441
1427,1406
1433,1426
1384,1447
1375,1430
1399,1477
1433,1431
1429,1472
1401,1467
1458,1488
1422,1497
1492,1505
1508,1544
1531,1537
1540,1535
1515,1595
1544,1583
1569,1599
1601,1651
1596,1650
1574,1663
1655,1671
1670,1655
1692,1709
1762,1725
1713,1729
1747,1738
1783,1794
1728,1754
1749,1765
1814,1752
1767,1746
1769,1784
1817,1784
1794,1814
1790,1739
1795,1748
1784,1750
1787,1713
1769,1732
1774,1694
1734,1706
1737,1682
1688,1665
1692,1656
1648,1642
1666,1586
1581,1587
1615,1508
1587,1536
1576,1512
1552,1557
1509,1503
1505,1460
1475,1516
1441,1515
1448,1423
1432,1427
1451,1425
1426,1372
1421,1414
1403,1472
1420,1411
1380,1388
1410,1425
1431,1452
1425,1457
1425,1473
1469,1460
1464,1526
1446,1518
1443,1504
1499,1519
1517,1541
1489,1574
1545,1558
1561,1596
1534,1586
1619,1637
1614,1619
1650,1673
1677,1667
1696,1730
1671,1715
1670,1692
1733,1739
1719,1768
1826,1732
1791,1729
1754,1726
1764,1791
1755,1755
1805,1766
1795,1769
1768,1726
1785,1735
1760,1749
1741,1763
1747,1748
1750,1709
1739,1704
1719,1651
1717,1644
1693,1676
1640,1626
1625,1580
1651,1605
1589,1580
1611,1566
1582,1539
1586,1495
1533,1463
1552,1528
1501,1468
1470,1495
1446,1470
1482,1433
1452,1462
1470,1440
1418,1408
1416,1408
1435,1457
1410,1436
1416,1414
1432,1447
1439,1426
1407,1476
1396,1480
1453,1477
1510,1504
1464,1512
1555,1517
1536,1543
1568,1568
1540,1579
1562,1618
1584,1603
1587,1657
1609,1709
1650,1667
1666,1689
1679,1687
1686,1696
1708,1721
1733,1728
1740,1767
1744,1761
1764,1777
1787,1779
1744,1760
1781,1709
1780,1762
1771,1697
1821,1769
1774,1742
1753,1737
1764,1718
1762,1666
1758,1686
1750,1669
1711,1677
1703,1649
1700,1659
1638,1597
1685,1570
1649,1587
1606,1602
1552,1570
1575,1514
1524,1466
1518,1488
1512,1512
1494,1485
1489,1442
1428,1460
1431,1464
1436,1428
1408,1420
1414,1438
1413,1431
1406,1437
1425,1440
1435,1429
1413,1433
1421,1432
1429,1484
1469,1538
1442,1526
1481,1560
1519,1500
1507,1528
1574,1500
1540,1573
1555,1636
1606,1579
1617,1596
1627,1653
1648,1647
1678,1670
1686,1685
1638,1693
1683,1756
1707,1744
1741,1746
1747,1728
1753,1722
1732,1756
1764,1733
1795,1785
1773,1759
1760,1769
1740,1769
1740,1766
1803,1727
1770,1701
1737,1703
1754,1734
1695,1696
1734,1666
1698,1667
1647,1620
1690,1626
1679,1591
1603,1612
1609,1569
1581,1581
1581,1548
1517,1535
1574,1503
1508,1496
1521,1493
1474,1435
1495,1477
1462,1432
1463,1441
1448,1445
1444,1441
1425,1458
1387,1429
1417,1407
1437,1449
1432,1441
1500,1453
1459,1475
1498,1508
1423,1482
1483,1501
1463,1541
1503,1512
1528,1522
1519,1613
1541,1595
1629,1635
1584,1635
1596,1634
1671,1693
1641,1680
1666,1720
1705,1693
1713,1734
1722,1696
1768,1740
1718,1745
1737,1720
1750,1797
1823,1750
1802,1717
1759,1733
1785,1789
1802,1786
1759,1759
1763,1728
1759,1713
1768,1714
1703,1725
1713,1692
1721,1694
1661,1657
1682,1631
1640,1610
1607,1602
1621,1602
1585,1536
1583,1546
1614,1558
1545,1551
1522,1513
1483,1485
1483,1495
1493,1443
1460,1432
1437,1449
1420,1498
1445,1447
1447,1437
1441,1427
1435,1439
1472,1462
1425,1458
1381,1434
1428,1447
1453,1520
1459,1491
1464,1485
1507,1584
1510,1543
1534,1537
1528,1562
1540,1595
1569,1624
1554,1617
1605,1633
1623,1685
1654,1719
1694,1665
1653,1697
1694,1729
1689,1727
1744,1706
1740,1742
1707,1747
1776,1757
1727,1759
1765,1769
1741,1763
1797,1780
1742,1762
1729,1752
1725,1736
1770,1735
1763,1696
1736,1707
1696,1662
1698,1690
1663,1665
1685,1630
1632,1627
1636,1607
1616,1588
1634,1578
1589,1585
1575,1542
1533,1508
1539,1523
1515,1470
1459,1500
1470,1476
1447,1461
1467,1427
1492,1420
1438,1461
1466,1435
1415,1454
1430,1442
1431,1463
1468,1469
1428,1511
1435,1492
1468,1494
1481,1493
1485,1512
1529,1509
1501,1554
1489,1530
1533,1532
1563,1587
1600,1588
1627,1624
1602,1641
1607,1632
1654,1720
1706,1662
1673,1695
1713,1679
1731,1699
1772,1750
1762,1720
1743,1714
1753,1737
1735,1771
1799,1756
1756,1734
1766,1725
1751,1749
1780,1728
1747,1705
1747,1709
1750,1713
1732,1724
1708,1696
1729,1672
1667,1696
1686,1641
1670,1599
1661,1567
1618,1592
1567,1543
1597,1586
1578,1531
1507,1505
1487,1486
1532,1488
1498,1479
1488,1506
1489,1449
1455,1458
1449,1461
1448,1450
1461,1448
1431,1460
1432,1455
1404,1442
1476,1478
1416,1489
1434,1478
1442,1471
1499,1498
1479,1545
1508,1561
1527,1557
1493,1541
1531,1593
1573,1566
1514,1589
1632,1605
1583,1666
1693,1630
1646,1687
1671,1692
1701,1753
1711,1701
1711,1741
1716,1766
1717,1742
1700,1784
1789,1762
1737,1734
1776,1740
1772,1749
1755,1753
1777,1737
1805,1737
1755,1738
1709,1701
1712,1728
1696,1666
1690,1636
1720,1693
1683,1659
1691,1617
1627,1605
1638,1609
1585,1544
1565,1553
1577,1538
1553,1475
1528,1475
1503,1472
1495,1471
1485,1485
1465,1499
1474,1445
1422,1497
1406,1455
1426,1474
1474,1456
1437,1435
1427,1496
1433,1490
1454,1434
1408,1487
1465,1493
1482,1491
1477,1509
1465,1525
1524,1562
1489,1579
1558,1600
1556,1616
1595,1621
1622,1599
1611,1680
1624,1658
1630,1649
1670,1700
1687,1685
1695,1754
1733,1758
1745,1688
1728,1745
1741,1741
1729,1783
1788,1719
1758,1708
1769,1748
1725,1760
1773,1730
1734,1740
1756,1704
1754,1665
1748,1688
1707,1704
1697,1646
1686,1644
1651,1684
1661,1605
1606,1597
1602,1543
1579,1594
1568,1563
1531,1501
1574,1492
1489,1468
1485,1480
1541,1470
1479,1447
1476,1425
1477,1470
1472,1433
1447,1420
1432,1486
1390,1470
1455,1436
1431,1464
1448,1482
1463,1498
1489,1465
1428,1520
1489,1519
1450,1515
1503,1578
1530,1545
1505,1578
1560,1615
1614,1595
1596,1638
1605,1683
1639,1665
1618,1673
1674,1657
1678,1672
1691,1671
1703,1706
1706,1745
1715,1756
1787,1737
1759,1756
1761,1747
1765,1751
1768,1743
1759,1762
1751,1747
1748,1738
1747,1714
1703,1709
1718,1725
1729,1658
1711,1640
1675,1658
1662,1629
1664,1628
1650,1571
1598,1581
1588,1577
1619,1557
1558,1537
1540,1542
1541,1485
1536,1503
1475,1425
1505,1495
1472,1490
1455,1469
1455,1493
1468,1445
1438,1421
1428,1458
1459,1458
1464,1478
1476,1434
1464,1487
1481,1508
1436,1494
1500,1523
1524,1562
1496,1527
1528,1577
1520,1566
1581,1609
1543,1596
1607,1613
1627,1609
1635,1636
1689,1658
1659,1706
1708,1733
1710,1727
1704,1715
1752,1705
1750,1747
1756,1717
1766,1734
1744,1731
1747,1753
1778,1740
1748,1718
1754,1692
1746,1714
1732,1734
1704,1699
1719,1710
1688,1689
1658,1663
1682,1646
1721,1623
1670,1632
1639,1615
1640,1627
1615,1593
1576,1567
1576,1560
1557,1515
1544,1512
1491,1480
1508,1492
1450,1481
1494,1454
1455,1489
1464,1464
1459,1444
1438,1452
1468,1449
1453,1449
1453,1436
1465,1501
1457,1484
1448,1464
1472,1482
1476,1524
1494,1556
1510,1524
1522,1571
1549,1598
1558,1653
1582,1627
1583,1612
1656,1632
1621,1680
1643,1672
1704,1722
1700,1687
1702,1684
1680,1748
1689,1723
1764,1684
1733,1747
1762,1763
1773,1746
1825,1753
1726,1740
1696,1742
1736,1711
1727,1707
1767,1707
1771,1686
1736,1713
1698,1638
1655,1646
1668,1654
1647,1590
1669,1629
1609,1585
1602,1552
1568,1568
1544,1543
1538,1549
1494,1502
1530,1485
1493,1523
1506,1469
1437,1437
1438,1459
1480,1490
1437,1479
1402,1457
1426,1434
1432,1466
1453,1470
1453,1484
1414,1468
1473,1496
1458,1517
1446,1503
1497,1533
1503,1576
1534,1536
1544,1567
1541,1570
1567,1635
1594,1625
1615,1639
1622,1652
1618,1678
1657,1677
1710,1721
1744,1718
1726,1745
1785,1723
1715,1692
1764,1760
1722,1729
1734,1738
1716,1754
1787,1771
1780,1719
1711,1743
1772,1713
1728,1734
1707,1654
1728,1666
1757,1667
1639,1652
1652,1657
1658,1634
1636,1617
1639,1605
1620,1566
1565,1536
1520,1566
1574,1532
1510,1534
1558,1510
1496,1451
1502,1504
1467,1480
1461,1478
1488,1441
1430,1475
1413,1429
1495,1461
1456,1468
1426,1445
1463,1493
1457,1483
1426,1501
1498,1496
1523,1501
1500,1532
1521,1590
1532,1549
1544,1602
1599,1603
1611,1625
1589,1623
1614,1660
1595,1651
1640,1663
1667,1689
1678,1696
1712,1733
1745,1761
1720,1762
1717,1733
1777,1733
1785,1744
1813,1708
1745,1721
1721,1734
1767,1735
1761,1744
1762,1713
1722,1704
1708,1690
1731,1672
1666,1643
1708,1653
1666,1632
1595,1564
1604,1604
1628,1614
1629,1558
1580,1545
1568,1541
1563,1510
1504,1494
1500,1467
1466,1493
1496,1450
1462,1477
1460,1456
1482,1461
1408,1457
1412,1477
1430,1434
1426,1431
1462,1500
1413,1478
1460,1505
1451,1506
1490,1513
1539,1548
1528,1564
1498,1528
1567,1599
1538,1620
1592,1605
1659,1623
1650,1660
1692,1659
1638,1684
1667,1696
1693,1699
1704,1712
1721,1731
1734,1720
1711,1708
1748,1764
1792,1795
1784,1739
1726,1756
1757,1711
1756,1711
1717,1745
1764,1699
1724,1709
1774,1693
1732,1681
1694,1662
1665,1659
1639,1647
1690,1591
1663,1598
1581,1582
1630,1547
1614,1549
1590,1524
1540,1527
1470,1461
1453,1488
1511,1464
1503,1453
1418,1465
1462,1477
1484,1465
1437,1458
1447,1470
1417,1446
1457,1465
1447,1452
1437,1492
1519,1498
1464,1526
1468,1541
1477,1546
1515,1578
1529,1567
1587,1596
1561,1612
1585,1604
1619,1601
1636,1668
1639,1621
1676,1690
1673,1724
1730,1678
1716,1713
1686,1706
1738,1738
1737,1745
1710,1728
1739,1795
1756,1730
1771,1737
1747,1750
1747,1733
1728,1691
1768,1681
1744,1687
1723,1709
1707,1652
1721,1642
1668,1653
1700,1640
1622,1610
1628,1566
1570,1529
1548,1545
1555,1540
1538,1500
1542,1496
1522,1476
1488,1470
1507,1476
1435,1455
1437,1466
1474,1436
1427,1476
1431,1448
1414,1467
1436,1497
1464,1432
1439,1502
1439,1454
1463,1492
1462,1517
1448,1531
1526,1533
1546,1550
1540,1573
1579,1614
1556,1575
1599,1603
1614,1642
1629,1693
1664,1670
1649,1696
1676,1689
1692,1729
1687,1688
1717,1743
1781,1750
1700,1759
1782,1728
1758,1753
1746,1770
1743,1706
1757,1737
1720,1743
1747,1722
1763,1727
1725,1708
1675,1685
1699,1672
1734,1633
1636,1621
1640,1641
1661,1592
1606,1541
1602,1572
1589,1517
1498,1517
1588,1524
1551,1491
1540,1481
1455,1516
1454,1509
1473,1486
1464,1480
1441,1461
1444,1489
1452,1479
1438,1450
1433,1452
1451,1495
1443,1461
1470,1484
1500,1490
1483,1491
1528,1541
1534,1533
1540,1562
1568,1597
1614,1589
1567,1607
1644,1640
1673,1644
1615,1672
1663,1711
1665,1703
1706,1705
1704,1728
1700,1718
1790,1746
1751,1723
1768,1732
1775,1762
1743,1755
1748,1719
1759,1737
1768,1708
1732,1699
1715,1719
1733,1700
1735,1663
1710,1699
1666,1646
1661,1655
1636,1599
1609,1622
1603,1539
1580,1528
1584,1546
1578,1526
1563,1529
1505,1481
1494,1447
1505,1511
1433,1437
1445,1458
1457,1453
1464,1465
1440,1459
1418,1500
1399,1481
1461,1481
1429,1482
1423,1497
1470,1484
1465,1519
1493,1560
1472,1547
1518,1554
1565,1567
1580,1602
1605,1602
1606,1623
1636,1657
1617,1660
1625,1662
1647,1678
1690,1682
1678,1722
1692,1742
1738,1739
1783,1732
1705,1741
1767,1703
1743,1788
1821,1774
1743,1739
1765,1721
1770,1725
1720,1726
1693,1736
1719,1695
1715,1680
1730,1663
1666,1668
1650,1621
1615,1594
1674,1604
1633,1585
1574,1542
1556,1530
1571,1522
1529,1514
1513,1498
1523,1484
1467,1496
1436,1477
1449,1458
1442,1454
1423,1475
1469,1465
1389,1463
1427,1461
1426,1456
1457,1475
1477,1482
1431,1493
1478,1506
1518,1531
1562,1568
1532,1541
1573,1586
1547,1638
1638,1644
1588,1612
1627,1638
1653,1660
1660,1686
1688,1711
1726,1721
1702,1696
1764,1715
1760,1710
1755,1766
1753,1737
1756,1749
1752,1801
1751,1760
1800,1735
1769,1755
1765,1739
1743,1715
1678,1700
1751,1671
1670,1700
1689,1633
1657,1626
1648,1593
1630,1556
1614,1574
1575,1586
1569,1527
1530,1560
1547,1527
1510,1474
1485,1534
1479,1453
1453,1471
1439,1448
1476,1453
1409,1455
1463,1431
1446,1466
1445,1473
1453,1447
1444,1495
1424,1486
1418,1502
1440,1514
1520,1494
1482,1516
1523,1599
1529,1565
1577,1621
1561,1620
1574,1641
1621,1627
1612,1645
1635,1684
1694,1692
1693,1698
1699,1744
1754,1729
1757,1731
1783,1737
1762,1763
1760,1770
1748,1740
1767,1775
1780,1748
1736,1733
1747,1731
1740,1699
1721,1715
1712,1700
1723,1681
1630,1642
1686,1633
1662,1578
1637,1600
1618,1597
1547,1556
1605,1549
1536,1575
1510,1518
1513,1460
1527,1429
1479,1449
1473,1474
1458,1461
1438,1459
1459,1437
1425,1445
1409,1451
1413,1432
1399,1486
1398,1455
1415,1485
1472,1503
1465,1523
1478,1561
1550,1555
1480,1550
1566,1559
1590,1619
1603,1596
1586,1639
1645,1645
1663,1692
1667,1735
1656,1662
1708,1686
1729,1714
1766,1725
1732,1764
1754,1786
1785,1745
1758,1749
1794,1755
1770,1735
1724,1764
1745,1729
1725,1747
1725,1716
1749,1701
1712,1660
1689,1626
1655,1644
1669,1625
1624,1599
1620,1610
1620,1566
1577,1566
1617,1521
1552,1532
1474,1507
1524,1493
1481,1477
1486,1463
1447,1419
1434,1443
1460,1455
1434,1451
1397,1481
1459,1435
1430,1433
1416,1452
1429,1472
1447,1459
1493,1518
1438,1508
1513,1519
1517,1580
1530,1560
1564,1582
1568,1633
1630,1622
1615,1675
1612,1667
1647,1673
1699,1644
1703,1714
1668,1698
1745,1737
1741,1719
1696,1744
1748,1758
1724,1761
1777,1732
1766,1740
1755,1721
1743,1755
1744,1735
1774,1684
1750,1700
1709,1679
1752,1670
1685,1644
1688,1641
1651,1633
1623,1586
1596,1623
1593,1552
1527,1530
1537,1511
1526,1553
1516,1476
1469,1476
1479,1466
1457,1447
1431,1467
1444,1429
1409,1429
1405,1454
1433,1445
1451,1464
1414,1428
1443,1506
1457,1468
1501,1463
1442,1528
1534,1490
1494,1541
1517,1554
1517,1595
1622,1588
1599,1610
1593,1630
1654,1627
1633,1685
1657,1711
1673,1696
1683,1756
1747,1751
1758,1741
1770,1751
1781,1732
1761,1759
1783,1771
1814,1748
1780,1742
1800,1712
1758,1745
1783,1699
