ch1,ch2
1589,1615
1609,1635
1654,1661
1653,1695
1668,1705
1683,1705
1743,1730
1702,1753
1744,1751
1763,1760
1773,1772
1781,1769
1799,1757
1782,1759
1764,1739
1774,1762
1827,1759
1803,1739
1778,1764
1749,1735
1733,1721
1724,1662
1716,1703
1731,1677
1682,1670
1650,1635
1669,1605
1655,1619
1612,1569
1549,1535
1581,1558
1539,1546
1535,1530
1480,1503
1475,1479
1466,1449
1429,1460
1458,1446
1414,1449
1423,1431
1429,1442
1410,1451
1444,1449
1418,1447
1429,1438
1430,1443
1430,1416
1434,1436
1444,1466
1436,1460
1470,1508
1478,1503
1497,1561
1513,1554
1535,1577
1558,1596
1571,1619
1584,1619
1628,1635
1635,1646
1633,1669
1645,1683
1707,1688
1689,1739
1720,1742
1731,1743
1770,1751
1773,1756
1769,1783
1780,1779
1770,1782
1796,1792
1798,1765
1814,1741
1801,1754
1793,1740
1773,1731
1752,1722
1768,1693
1748,1694
1721,1668
1698,1627
1691,1627
1680,1625
1639,1618
1610,1591
1573,1541
1545,1547
1545,1507
1542,1511
1501,1495
1499,1485
1455,1454
1496,1448
1457,1437
1442,1435
1408,1425
1431,1405
1402,1401
1428,1425
1404,1444
1402,1408
1403,1438
1440,1448
1444,1454
1425,1458
1439,1459
1434,1504
1448,1498
1506,1542
1523,1551
1532,1564
1553,1578
1582,1600
1594,1622
1621,1648
1624,1675
1675,1683
1696,1691
1706,1720
1701,1758
1729,1734
1747,1735
1776,1756
1757,1800
1781,1777
1780,1777
1800,1793
1802,1778
1805,1776
1812,1780
1787,1771
1768,1749
1746,1741
1762,1702
1766,1709
1724,1705
1701,1669
1694,1666
1662,1639
1670,1631
1643,1615
1618,1583
1563,1554
1602,1556
1539,1521
1547,1535
1517,1509
1510,1467
1485,1458
1469,1454
1429,1441
1439,1446
1415,1427
1399,1404
1401,1413
1384,1428
1426,1399
1396,1425
1422,1442
1408,1439
1420,1473
1414,1462
1433,1474
1473,1490
1480,1520
1473,1514
1489,1542
1528,1565
1541,1597
1578,1600
1582,1617
1615,1637
1631,1662
1672,1673
1661,1690
1665,1716
1733,1726
1718,1742
1750,1752
1760,1767
1787,1773
1767,1767
1784,1772
1784,1757
1785,1784
1807,1782
1785,1778
1806,1753
1780,1764
1803,1722
1762,1742
1756,1710
1740,1710
1720,1668
1694,1674
1693,1634
1668,1627
1651,1595
1592,1575
1584,1554
1579,1544
1562,1523
1517,1517
1539,1486
1464,1463
1457,1453
1474,1440
1466,1441
1441,1432
1433,1427
1394,1433
1395,1405
1364,1424
1373,1419
1410,1432
1372,1431
1402,1433
1410,1452
1413,1459
1439,1488
1457,1477
1468,1510
1509,1545
1546,1538
1565,1585
1575,1579
1576,1596
1616,1628
1638,1682
1645,1663
1640,1673
1681,1727
1689,1709
1709,1747
1724,1749
1773,1737
1764,1765
1766,1789
1820,1763
1815,1770
1777,1779
1784,1785
1822,1770
1799,1799
1798,1776
1772,1736
1788,1753
1754,1720
1733,1721
1721,1692
1713,1670
1704,1678
1687,1632
1653,1605
1667,1594
1590,1559
1598,1556
1568,1531
1549,1514
1519,1496
1503,1469
1478,1473
1448,1470
1462,1430
1444,1450
1426,1407
1407,1414
1425,1410
1390,1414
1420,1404
1367,1421
1391,1421
1407,1443
1403,1426
1431,1453
1439,1463
1422,1494
1447,1498
1497,1521
1506,1559
1508,1529
1545,1574
1550,1583
1575,1608
1612,1626
1622,1674
1650,1673
1638,1704
1705,1729
1728,1753
1734,1740
1765,1751
1784,1746
1768,1789
1809,1764
1826,1793
1790,1794
1818,1803
1812,1807
1829,1774
1794,1742
1777,1755
1799,1747
1764,1753
1767,1721
1736,1699
1713,1686
1693,1657
1673,1628
1662,1638
1667,1613
1605,1577
1597,1562
1589,1542
1565,1536
1506,1497
1515,1495
1504,1457
1489,1464
1475,1437
1413,1441
1445,1429
1399,1418
1392,1417
1402,1410
1423,1413
1391,1424
1379,1425
1400,1404
1409,1444
1409,1448
1408,1459
1451,1478
1426,1496
1473,1520
1483,1525
1504,1551
1553,1574
1537,1585
1574,1610
1570,1666
1617,1658
1630,1646
1683,1683
1673,1703
1732,1754
1716,1730
1743,1748
1750,1749
1765,1769
1784,1767
1812,1790
1807,1789
1804,1782
1820,1775
1815,1788
1818,1791
1785,1751
1791,1765
1784,1754
1746,1719
1727,1700
1747,1697
1748,1667
1686,1643
1635,1622
1639,1592
1619,1585
1609,1563
1563,1562
1553,1535
1525,1481
1518,1487
1499,1480
1491,1476
1450,1459
1462,1420
1422,1429
1436,1401
1400,1438
1403,1410
1411,1405
1391,1414
1356,1421
1390,1423
1409,1432
1400,1457
1393,1456
1435,1464
1419,1483
1451,1501
1514,1545
1496,1550
1526,1582
1541,1584
1572,1594
1585,1619
1631,1659
1617,1666
1649,1689
1672,1705
1708,1742
1732,1726
1749,1753
1744,1785
1791,1749
1795,1763
1808,1817
1785,1782
1815,1804
1845,1784
1799,1770
1786,1765
1813,1772
1803,1754
1766,1768
1748,1719
1760,1729
1743,1711
1713,1686
1716,1646
1683,1638
1626,1607
1639,1601
1623,1562
1597,1540
1598,1539
1561,1516
1505,1517
1467,1490
1489,1476
1459,1454
1472,1427
1422,1434
1437,1423
1392,1407
1396,1402
1362,1394
1405,1400
1381,1409
1383,1421
1387,1461
1397,1434
1403,1431
1444,1461
1410,1496
1454,1489
1472,1503
1507,1552
1501,1557
1555,1607
1567,1597
1596,1639
1570,1642
1619,1649
1671,1673
1661,1707
1704,1736
1713,1738
1748,1741
1778,1787
1768,1790
1775,1775
1807,1788
1811,1804
1822,1792
1803,1780
1812,1791
1817,1777
1807,1769
1813,1756
1782,1738
1764,1734
1754,1722
1749,1706
1731,1665
1705,1646
1700,1641
1654,1621
1629,1596
1594,1570
1603,1543
1600,1533
1548,1496
1504,1504
1481,1499
1478,1455
1454,1457
1438,1458
1428,1436
1420,1425
1409,1417
1393,1417
1388,1402
1388,1404
1404,1400
1365,1426
1379,1410
1421,1453
1439,1419
1415,1459
1435,1474
1458,1528
1467,1522
1506,1549
1486,1537
1576,1571
1576,1626
1566,1613
1596,1646
1612,1672
1640,1678
1675,1718
1701,1715
1752,1742
1757,1766
1782,1773
1732,1769
1785,1782
1801,1788
1785,1804
1827,1788
1818,1791
1817,1800
1792,1768
1801,1767
1824,1749
1791,1737
1803,1724
1766,1711
1738,1690
1708,1676
1714,1641
1685,1640
1645,1613
1643,1585
1621,1572
1570,1539
1557,1544
1529,1476
1514,1496
1506,1481
1435,1466
1453,1435
1441,1450
1436,1410
1402,1412
1395,1400
1387,1406
1381,1421
1405,1410
1396,1399
1365,1423
1352,1426
1394,1451
1407,1453
1423,1464
1445,1485
1461,1513
1468,1533
1476,1535
1536,1554
1526,1565
1559,1608
1567,1635
1629,1667
1637,1677
1651,1701
1695,1718
1710,1732
1718,1744
1765,1761
1768,1751
1755,1767
1799,1785
1789,1801
1798,1811
1838,1791
1794,1797
1806,1795
1813,1789
1821,1801
1822,1770
1790,1739
1770,1720
1769,1716
1762,1696
1710,1668
1712,1646
1673,1649
1669,1582
1635,1593
1590,1566
1588,1548
1555,1517
1536,1535
1547,1479
1496,1468
1459,1469
1448,1440
1433,1451
1424,1410
1405,1406
1392,1421
1395,1406
1413,1411
1403,1418
1388,1439
1363,1425
1391,1417
1395,1448
1378,1455
1391,1467
1428,1490
1468,1515
1463,1532
1491,1535
1515,1575
1554,1583
1562,1635
1593,1658
1615,1658
1658,1681
1636,1689
1703,1737
1702,1733
1707,1751
1758,1768
1755,1760
1765,1770
1802,1784
1788,1795
1816,1783
1801,1796
1797,1785
1816,1790
1816,1800
1787,1792
1796,1762
1808,1747
1765,1729
1739,1685
1728,1701
1692,1663
1705,1643
1659,1629
1656,1600
1612,1576
1599,1563
1571,1551
1555,1536
1541,1495
1493,1465
1493,1438
1457,1424
1472,1459
1409,1425
1407,1421
1431,1400
1406,1409
1376,1404
1389,1377
1396,1388
1376,1385
1391,1432
1392,1432
1387,1451
1413,1440
1439,1448
1474,1478
1474,1519
1496,1524
1505,1536
1531,1571
1563,1592
1609,1602
1638,1652
1639,1647
1665,1675
1702,1726
1699,1716
1735,1753
1749,1757
1726,1764
1781,1733
1771,1768
1804,1805
1817,1798
1816,1775
1811,1799
1825,1784
1823,1797
1809,1769
1807,1766
1806,1727
1790,1703
1790,1718
1771,1719
1730,1661
1709,1661
1682,1638
1675,1612
1648,1590
1584,1568
1599,1542
1577,1517
1537,1531
1520,1497
1454,1493
1465,1463
1484,1438
1408,1427
1427,1422
1418,1416
1390,1405
1377,1396
1371,1394
1392,1407
1385,1437
1392,1447
1421,1393
1404,1441
1418,1470
1424,1504
1457,1475
1441,1487
1510,1516
1499,1556
1536,1563
1541,1588
1571,1625
1579,1627
1618,1646
1634,1667
1664,1697
1691,1708
1710,1727
1757,1745
1772,1767
1770,1754
1751,1767
1825,1787
1828,1792
1808,1784
1851,1807
1833,1781
1831,1778
1813,1799
1802,1797
1799,1745
1784,1755
1768,1732
1773,1729
1704,1705
1719,1676
1692,1662
1670,1628
1646,1605
1629,1567
1589,1565
1585,1533
1547,1529
1523,1488
1511,1450
1492,1452
1449,1446
1425,1416
1460,1431
1434,1432
1405,1413
1371,1384
1391,1400
1401,1411
1370,1386
1401,1418
1399,1409
1373,1427
1411,1432
1418,1467
1423,1491
1451,1500
1459,1498
1470,1522
1489,1553
1547,1571
1557,1621
1569,1619
1617,1637
1647,1670
1633,1669
1661,1695
1729,1713
1686,1760
1739,1754
1749,1768
1779,1776
1821,1776
1798,1796
1776,1810
1807,1791
1790,1785
1829,1776
1798,1790
1776,1787
1801,1776
1815,1770
1788,1725
1766,1705
1715,1709
1732,1676
1688,1646
1677,1649
1668,1611
1652,1569
1598,1548
1568,1540
1562,1533
1534,1513
1543,1482
1495,1473
1445,1467
1455,1433
1452,1442
1439,1428
1410,1427
1391,1401
1383,1420
1388,1389
1385,1426
1377,1413
1366,1400
1362,1438
1381,1472
1403,1462
1443,1495
1444,1475
1479,1495
1473,1521
1504,1550
1539,1583
1559,1596
1559,1623
1573,1636
1624,1661
1639,1666
1688,1709
1707,1704
1709,1731
1731,1761
1765,1749
1781,1777
1765,1808
1758,1792
1826,1800
1765,1786
1832,1804
1833,1793
1851,1803
1831,1790
1819,1749
1803,1750
1780,1725
1764,1730
1723,1714
1716,1700
1693,1686
1713,1635
1713,1629
1653,1622
1617,1577
1585,1569
1570,1533
1533,1512
1505,1513
1478,1487
1451,1444
1445,1443
1431,1447
1429,1402
1407,1418
1392,1375
1384,1411
1412,1395
1355,1399
1368,1414
1362,1405
1389,1432
1404,1433
1412,1443
1438,1462
1435,1489
1438,1501
1450,1530
1487,1546
1508,1576
1529,1588
1554,1576
1576,1646
1619,1653
1634,1668
1671,1713
1683,1698
1728,1740
1716,1740
1775,1748
1757,1757
1798,1798
1797,1773
1775,1809
1840,1796
1819,1808
1792,1808
1797,1775
1828,1770
1816,1773
1784,1776
1776,1728
1750,1721
1742,1718
1731,1695
1697,1686
1685,1616
1667,1633
1661,1629
1630,1564
1591,1556
1565,1557
1554,1521
1516,1503
1518,1491
1471,1470
1444,1439
1487,1427
1449,1416
1431,1424
1398,1390
1386,1388
1408,1405
1379,1409
1375,1394
1372,1394
1363,1434
1395,1428
1406,1422
1428,1464
1412,1500
1451,1512
1476,1504
1476,1562
1511,1574
1537,1606
1562,1609
1587,1644
1589,1643
1675,1669
1670,1679
1685,1676
1690,1747
1721,1745
1751,1749
1792,1743
1776,1780
1764,1802
1787,1813
1801,1795
1828,1780
1823,1807
1837,1791
1837,1758
1787,1762
1810,1753
1771,1719
1782,1738
1757,1731
1755,1684
1699,1664
1701,1646
1667,1624
1666,1607
1642,1592
1629,1576
1621,1539
1549,1512
1533,1509
1513,1511
1522,1461
1463,1449
1454,1447
1443,1430
1417,1402
1412,1427
1383,1373
1367,1410
1387,1388
1372,1411
1407,1422
1394,1431
1386,1434
1418,1441
1409,1444
1408,1480
1455,1513
1478,1493
1479,1533
1515,1549
1533,1564
1546,1601
1564,1625
1607,1640
1619,1656
1663,1687
1665,1665
1715,1728
1699,1741
1739,1748
1745,1781
1771,1769
1755,1772
1820,1808
1817,1800
1824,1813
1822,1779
1796,1802
1827,1790
1797,1780
1777,1776
1795,1720
1788,1742
1755,1708
1748,1682
1726,1692
1714,1663
1707,1627
1645,1599
1619,1600
1612,1603
1597,1521
1550,1538
1541,1493
1515,1480
1485,1479
1466,1437
1434,1442
1445,1448
1413,1410
1419,1431
1384,1425
1379,1418
1374,1403
1369,1402
1393,1422
1382,1410
1377,1428
1383,1429
1429,1465
1401,1484
1447,1480
1480,1520
1447,1557
1502,1548
1531,1567
1533,1594
1554,1611
1580,1629
1630,1637
1690,1670
1638,1693
1708,1712
1698,1745
1747,1743
1769,1749
1767,1775
1789,1768
1780,1786
1793,1804
1810,1804
1820,1787
1793,1799
1803,1782
1801,1796
1796,1774
1823,1730
1781,1745
1791,1735
1739,1700
1731,1698
1717,1629
1693,1649
1676,1633
1652,1592
1616,1560
1616,1530
1554,1547
1553,1522
1548,1471
1503,1461
1473,1460
1481,1445
1452,1432
1427,1436
1427,1418
1404,1415
1414,1401
1419,1380
1378,1408
1351,1416
1380,1415
1404,1455
1387,1453
1416,1442
1424,1461
1457,1465
1444,1500
1477,1515
1487,1546
1523,1569
1499,1572
1569,1605
1584,1642
1601,1647
1663,1671
1671,1659
1670,1683
1697,1714
1745,1748
1753,1764
1764,1783
1776,1788
1791,1777
1794,1790
1814,1791
1814,1768
1792,1806
1809,1782
1798,1772
1797,1769
1811,1763
1769,1754
1773,1733
1767,1708
1732,1684
1742,1666
1684,1660
1678,1624
1619,1595
1635,1574
1609,1557
1586,1538
1543,1545
1549,1479
1487,1466
1478,1450
1438,1457
1443,1441
1430,1410
1400,1388
1400,1413
1402,1411
1412,1401
1397,1414
1383,1404
1368,1409
1385,1421
1405,1448
1413,1447
1408,1487
1436,1475
1454,1498
1483,1533
1490,1545
1527,1551
1530,1597
1532,1604
1575,1645
1621,1612
1617,1678
1656,1698
1663,1726
1696,1749
1758,1766
1721,1743
1747,1747
1767,1769
1775,1784
1815,1774
1798,1790
1788,1806
1803,1768
1818,1786
1790,1795
1797,1748
1806,1742
1791,1729
1730,1728
1748,1708
1724,1685
1699,1665
1676,1671
1658,1644
1674,1628
1637,1575
1585,1579
1575,1536
1548,1512
1520,1504
1500,1494
1488,1476
1471,1450
1442,1439
1442,1421
1414,1408
1396,1410
1402,1400
1394,1422
1394,1424
1401,1429
1394,1421
1378,1439
1405,1453
1425,1457
1400,1452
1417,1479
1451,1507
1469,1512
1485,1528
1496,1555
1540,1565
1559,1602
1587,1614
1631,1648
1620,1646
1635,1662
1675,1709
1700,1718
1686,1718
1754,1748
1758,1782
1775,1800
1779,1776
1802,1792
1774,1803
1798,1776
1804,1763
1786,1775
1821,1760
1827,1747
1793,1754
1798,1729
1769,1746
1769,1719
1724,1692
1733,1676
1734,1649
1689,1635
1644,1602
1651,1591
1640,1556
1584,1561
1557,1539
1552,1513
1506,1519
1519,1473
1468,1448
1476,1453
1447,1454
1446,1424
1435,1437
1409,1423
1419,1405
1408,1398
1387,1406
1423,1414
1387,1415
1425,1423
1423,1447
1417,1460
1451,1467
1444,1511
1491,1523
1473,1525
1518,1561
1513,1575
1542,1576
1579,1626
1591,1658
1637,1652
1652,1686
1677,1684
1688,1710
1709,1718
1739,1767
1740,1775
1752,1761
1772,1778
1786,1768
1782,1777
1791,1815
1811,1756
1805,1763
1821,1770
1829,1768
1792,1737
1774,1729
1780,1706
1754,1733
1741,1698
1707,1680
1703,1672
1685,1645
1652,1612
1657,1591
1613,1572
1576,1559
1579,1525
1556,1543
1525,1522
1518,1465
1473,1468
1469,1456
1447,1460
1433,1444
1407,1427
1400,1417
1435,1411
1399,1411
1404,1415
1404,1412
1410,1443
1399,1434
1401,1419
1394,1457
1447,1483
1454,1496
1467,1503
1487,1528
1522,1551
1522,1538
1523,1605
1571,1603
1568,1622
1590,1666
1614,1686
1665,1688
1690,1695
1705,1716
1710,1748
1735,1738
1780,1754
1749,1776
1759,1788
1785,1767
1793,1771
1824,1786
1803,1745
1791,1777
1789,1777
1803,1744
1779,1765
1762,1732
1735,1722
1734,1712
1729,1704
1691,1667
1703,1624
1677,1600
1649,1603
1640,1569
1595,1578
1590,1562
1593,1534
1536,1514
1519,1510
1471,1507
1479,1471
1456,1451
1442,1432
1412,1421
1422,1433
1399,1423
1380,1409
1403,1419
1395,1422
1382,1424
1409,1416
1423,1461
1406,1471
1425,1465
1444,1491
1449,1519
1485,1484
1500,1574
1498,1559
1521,1577
1559,1605
1588,1611
1594,1659
1620,1674
1648,1662
1662,1695
1708,1742
1699,1742
1739,1731
1771,1738
1743,1770
1768,1782
1772,1782
1784,1789
1785,1784
1804,1794
1830,1750
1804,1771
1799,1754
1789,1737
1792,1746
1746,1726
1730,1700
1718,1702
1742,1685
1705,1665
1654,1650
1678,1613
1674,1600
1597,1583
1596,1571
1540,1549
1565,1517
1513,1505
1521,1488
1523,1476
1453,1459
1464,1430
1437,1422
1416,1451
1412,1430
1382,1418
1406,1426
1420,1425
1396,1415
1411,1423
1417,1448
1404,1442
1398,1459
1417,1488
1451,1493
1452,1507
1488,1536
1498,1540
1535,1556
1539,1583
1536,1610
1590,1635
1604,1638
1640,1659
1639,1688
1683,1730
1700,1694
1708,1726
1743,1750
1763,1754
1776,1768
1789,1761
1762,1771
1797,1781
1812,1756
1801,1763
1821,1772
1789,1760
1789,1762
1785,1747
1763,1714
1744,1719
1742,1702
1734,1710
1706,1662
1688,1654
1648,1626
1661,1588
1632,1593
1587,1566
1577,1553
1562,1532
1555,1533
1541,1508
1499,1488
1499,1475
1468,1456
1438,1429
1428,1414
1421,1427
1418,1412
1397,1421
1408,1438
1408,1431
1411,1432
1420,1429
1386,1452
1417,1447
1426,1481
1444,1484
1468,1479
1501,1514
1498,1548
1500,1545
1557,1569
1539,1615
1560,1604
1572,1649
1610,1636
1643,1686
1639,1692
1696,1683
1709,1706
1734,1734
1735,1735
1737,1755
1756,1765
1784,1769
1775,1778
1782,1762
1792,1764
1785,1768
1793,1746
1750,1764
1760,1754
1783,1749
1764,1714
1736,1688
1727,1721
1714,1681
1730,1665
1685,1639
1678,1618
1640,1602
1614,1560
1592,1565
1558,1563
1545,1528
1544,1514
1524,1481
1504,1472
1492,1465
1483,1429
1465,1425
1441,1423
1410,1427
1440,1417
1417,1440
1432,1438
1416,1428
1419,1440
1421,1457
1439,1449
1428,1461
1441,1484
1459,1498
1468,1513
1472,1517
1518,1518
1519,1570
1526,1579
1545,1602
1586,1611
1613,1633
1596,1641
1661,1680
1665,1686
1684,1695
1756,1715
1732,1740
1740,1756
1763,1744
1770,1771
1766,1741
1801,1764
1772,1768
1805,1761
1800,1763
1772,1757
1807,1763
1781,1736
1758,1730
1742,1715
1756,1713
1736,1699
1703,1684
1705,1637
1689,1621
1661,1626
1638,1596
1609,1582
1584,1562
1572,1561
1546,1508
1510,1522
1511,1510
1492,1460
1467,1444
1461,1465
1485,1444
1440,1458
1420,1426
1426,1432
1427,1416
1397,1437
1427,1418
1415,1427
1411,1425
1433,1456
1441,1463
1449,1507
1465,1512
1463,1514
1479,1553
1517,1550
1490,1556
1544,1579
1539,1583
1592,1636
1601,1657
1660,1649
1667,1644
1661,1685
1669,1680
1714,1716
1732,1728
1735,1720
1762,1765
1775,1780
1765,1769
1797,1759
1772,1767
1795,1769
1804,1759
1772,1748
1788,1740
1779,1749
1747,1737
1758,1729
1771,1723
1729,1694
1716,1689
1683,1664
1660,1636
1672,1604
1623,1584
1605,1564
1603,1572
1616,1535
1568,1523
1528,1510
1494,1500
1485,1469
1507,1448
1464,1472
1420,1423
1431,1451
1434,1440
1452,1440
1417,1418
1415,1450
1410,1427
1410,1438
1414,1469
1437,1456
1424,1454
1452,1479
1439,1505
1485,1499
1472,1506
1510,1536
1525,1547
1555,1583
1569,1615
1590,1607
1598,1641
1615,1667
1655,1678
1662,1692
1690,1729
1711,1702
1701,1736
1723,1741
1744,1751
1751,1774
1777,1776
1771,1764
1788,1763
1777,1755
1799,1762
1779,1761
1785,1754
1775,1740
1759,1704
1737,1698
1748,1697
1703,1682
1700,1647
1669,1658
1682,1618
1684,1610
1636,1594
1605,1590
1610,1545
1566,1549
1543,1529
1534,1494
1532,1494
1478,1491
1482,1474
1452,1454
1450,1433
1436,1424
1462,1448
1418,1434
1413,1440
1439,1438
1419,1462
1425,1457
1409,1451
1447,1477
1443,1474
1454,1490
1478,1500
1459,1526
1506,1528
1490,1547
1531,1589
1547,1572
1561,1586
1602,1619
1632,1615
1625,1667
1642,1680
1663,1701
1661,1700
1701,1706
1716,1716
1723,1727
1739,1726
1752,1761
1775,1750
1754,1773
1799,1769
1758,1744
1781,1775
1753,1749
1783,1728
1763,1724
1757,1751
1744,1715
1747,1714
1720,1697
1727,1677
1694,1635
1670,1636
1657,1607
1611,1606
1613,1589
1603,1563
1565,1557
1536,1530
1530,1493
1543,1495
1499,1483
1520,1484
1472,1466
1458,1467
1445,1448
1416,1430
1445,1428
1412,1432
1406,1454
1410,1426
1448,1445
1446,1448
1425,1473
1421,1455
1463,1504
1447,1504
1456,1504
1473,1531
1502,1541
1495,1569
1531,1584
1560,1597
1571,1602
1613,1624
1629,1664
1635,1648
1649,1676
1659,1685
1674,1700
1669,1725
1737,1736
1724,1743
1765,1729
1758,1753
1773,1738
1761,1746
1784,1755
1754,1793
1781,1737
1766,1741
1780,1731
1787,1741
1757,1747
1755,1702
1743,1683
1709,1690
1716,1685
1695,1640
1698,1621
1635,1603
1643,1597
1605,1586
1605,1538
1555,1552
1534,1522
1536,1496
1519,1508
1506,1492
1503,1484
1488,1456
1463,1462
1436,1455
1439,1449
1441,1478
1427,1442
1404,1463
1384,1475
1401,1461
1426,1449
1446,1493
1452,1492
1462,1487
1473,1508
1475,1514
1487,1530
1513,1535
1535,1598
1548,1597
1556,1590
1576,1637
1600,1642
1646,1656
1662,1674
1625,1677
1678,1692
1682,1714
1713,1708
1723,1699
1746,1733
1746,1758
1762,1751
1784,1750
1788,1758
1779,1755
1775,1742
1790,1739
1773,1741
1733,1721
1765,1712
1754,1716
1731,1683
1718,1686
1706,1671
1693,1643
1683,1644
1653,1614
1647,1626
1623,1610
1606,1572
1590,1554
1557,1521
1534,1542
1529,1512
1536,1508
1504,1481
1464,1459
1468,1448
1450,1446
1469,1461
1448,1418
1444,1441
1423,1445
1415,1452
1424,1449
1415,1439
1425,1462
1456,1474
1452,1514
1439,1517
1478,1508
1477,1502
1499,1527
1511,1552
1545,1570
1567,1587
1555,1621
1597,1614
1590,1609
1640,1637
1626,1673
1679,1673
1661,1703
1675,1724
1724,1723
1727,1738
1713,1734
1728,1764
1762,1759
1752,1747
1802,1741
1750,1732
1748,1785
1774,1765
1741,1742
1737,1734
1745,1714
1753,1709
1740,1673
1726,1678
1699,1677
1678,1644
1679,1639
1675,1629
1642,1640
1617,1580
1585,1605
1590,1570
1576,1550
1556,1536
1510,1514
1515,1509
1480,1487
1480,1484
1446,1453
1454,1452
1439,1439
1447,1465
1445,1451
1418,1447
1438,1447
1398,1454
1428,1485
1435,1459
1454,1477
1476,1496
1489,1487
1459,1499
1480,1539
1482,1523
1513,1570
1544,1549
1543,1605
1591,1612
1590,1620
1601,1639
1636,1660
1666,1683
1661,1672
1679,1707
1677,1711
1687,1749
1722,1733
1751,1735
1739,1733
1735,1750
1769,1764
1765,1780
1721,1721
1770,1737
1790,1757
1734,1729
1775,1734
1732,1721
1742,1715
1716,1681
1695,1690
1699,1684
1698,1655
1676,1648
1644,1620
1656,1601
1642,1586
1596,1577
1610,1543
1570,1540
1537,1504
1532,1525
1494,1497
1507,1468
1494,1452
1488,1462
1440,1467
1461,1469
1431,1452
1425,1445
1420,1454
1436,1435
1435,1439
1419,1443
1446,1456
1464,1465
1440,1481
1496,1489
1478,1512
1486,1512
1515,1544
1526,1530
1526,1572
1563,1575
1569,1602
1581,1609
1633,1636
1610,1667
1664,1687
1666,1696
1671,1703
1669,1715
1682,1748
1729,1735
1752,1722
1738,1737
1739,1745
1789,1758
1764,1725
1763,1752
1758,1730
1767,1741
1747,1746
1765,1716
1742,1728
1725,1722
1728,1670
1718,1680
1728,1682
1697,1658
1659,1633
1668,1639
1673,1608
1641,1596
1632,1583
1608,1544
1589,1550
1540,1545
1523,1524
1537,1525
1477,1507
1497,1492
1471,1451
1455,1463
1480,1479
1439,1466
1448,1467
1442,1439
1442,1463
1436,1463
1453,1461
1447,1477
1452,1502
1463,1497
1459,1466
1470,1517
1485,1504
1496,1506
1509,1533
1545,1570
1545,1587
1546,1597
1566,1599
1605,1649
1603,1641
1627,1644
1648,1672
1670,1699
1658,1679
1719,1692
1710,1698
1718,1703
1710,1756
1722,1753
1762,1755
1764,1763
1769,1731
1781,1750
1768,1753
1766,1727
1779,1741
1737,1749
1736,1705
1752,1727
1733,1688
1725,1668
1707,1683
1681,1652
1649,1627
1622,1632
1629,1606
1621,1594
1597,1562
1585,1564
1539,1521
1553,1539
1530,1539
1523,1498
1492,1491
1480,1465
1468,1453
1458,1484
1466,1459
1439,1449
1459,1437
1455,1457
1410,1446
1455,1436
1428,1474
1405,1506
1413,1462
1449,1480
1459,1492
1466,1498
1477,1534
1511,1544
1537,1530
1508,1552
1553,1585
1577,1596
1575,1630
1613,1647
1605,1640
1614,1645
1658,1661
1673,1669
1677,1693
1697,1697
1698,1723
1723,1733
1736,1729
1750,1726
1777,1739
1756,1755
1743,1736
1751,1761
1753,1745
1762,1721
1768,1745
1729,1711
1730,1698
1737,1699
1711,1688
1718,1706
1678,1683
1690,1609
1665,1620
1637,1616
1649,1616
1628,1562
1604,1558
1564,1570
1556,1544
1537,1531
1519,1503
1506,1508
1522,1484
1470,1471
1463,1468
1466,1466
1454,1446
1435,1461
1449,1469
1443,1436
1448,1454
1465,1476
1462,1473
1423,1462
1439,1474
1461,1470
1458,1493
1473,1516
1467,1507
1492,1526
1513,1542
1544,1570
1541,1604
1568,1606
1574,1640
1632,1632
1632,1662
1654,1641
1661,1658
1656,1693
1686,1718
1672,1702
1715,1713
1696,1718
1734,1718
1751,1746
1767,1758
1753,1741
1772,1741
1772,1737
1771,1731
1749,1749
1743,1726
1740,1720
1753,1711
1731,1718
1738,1683
1721,1681
1707,1669
1676,1627
1647,1623
1664,1620
1644,1594
1633,1581
1624,1579
1560,1556
1590,1544
1549,1518
1518,1515
1521,1503
1512,1500
1500,1476
1489,1488
1476,1462
1462,1468
1444,1455
1435,1454
1441,1451
1427,1462
1436,1476
1456,1454
1436,1467
1456,1488
1454,1481
1477,1479
1469,1488
1492,1522
1500,1528
1517,1541
1543,1579
1576,1599
1587,1569
1571,1632
1604,1630
1627,1641
1630,1656
1649,1686
1695,1666
1673,1700
1672,1699
1712,1727
1716,1731
1744,1724
1730,1733
1744,1745
1737,1740
1759,1748
1753,1756
1761,1728
1772,1748
1766,1744
1761,1737
1749,1726
1733,1704
1731,1700
1681,1677
1707,1668
1706,1629
1651,1636
1659,1619
1654,1604
1623,1601
1631,1569
1611,1552
1583,1559
1563,1553
1545,1526
1539,1506
1477,1467
1498,1490
1503,1485
1472,1471
1449,1442
1439,1444
1475,1479
1460,1465
1415,1452
1465,1430
1459,1491
1439,1471
1440,1478
1426,1467
1474,1483
1466,1502
1488,1495
1494,1527
1498,1540
1523,1549
1515,1548
1575,1577
1583,1588
1568,1624
1606,1626
1638,1630
1607,1640
1673,1671
1649,1674
1671,1685
1700,1731
1734,1700
1744,1730
1723,1734
1739,1742
1737,1757
1750,1749
1755,1742
1748,1759
1767,1761
1733,1742
1785,1727
1757,1726
1761,1714
1745,1704
1696,1679
1723,1678
1696,1680
1683,1651
1684,1627
1665,1617
1646,1600
1628,1600
1601,1579
1609,1556
1587,1544
1532,1531
1542,1526
1513,1498
1512,1493
1458,1489
1505,1457
1478,1460
1439,1452
1463,1457
1468,1465
1453,1465
1416,1491
1449,1445
1468,1440
1460,1444
1441,1482
1450,1528
1453,1517
1447,1502
1481,1503
1483,1521
1507,1557
1514,1548
1543,1562
1544,1576
1563,1586
1607,1605
1592,1615
1641,1649
1648,1646
1648,1685
1680,1688
1680,1709
1683,1720
1705,1725
1711,1718
1710,1717
1722,1770
1751,1732
1741,1763
1767,1754
1740,1737
1778,1748
1738,1743
1774,1728
1761,1720
1751,1725
1741,1695
1722,1677
1706,1681
1739,1658
1714,1682
1646,1641
1675,1651
1665,1627
1622,1588
1604,1572
1592,1571
1568,1544
1556,1536
1542,1529
1539,1508
1526,1488
1524,1466
1465,1471
1482,1471
1475,1468
1439,1464
1466,1455
1424,1431
1440,1469
1467,1444
1440,1465
1446,1469
1445,1473
1447,1489
1444,1494
1471,1509
1482,1523
1491,1533
1482,1537
1501,1561
1529,1577
1568,1582
1566,1592
1579,1621
1579,1619
1611,1637
1630,1643
1636,1666
1660,1681
1672,1699
1690,1725
1693,1703
1713,1724
1743,1720
1738,1732
1750,1746
1759,1722
1752,1766
1743,1717
1751,1754
1775,1723
1745,1729
1733,1743
1735,1717
1740,1715
1726,1696
1694,1669
1708,1653
1699,1663
1652,1637
1658,1627
1647,1628
1629,1613
1621,1581
1586,1561
1567,1557
1571,1534
1564,1535
1532,1514
1513,1487
1507,1490
1480,1477
1477,1474
1474,1461
1459,1457
1454,1457
1448,1462
1447,1469
1447,1452
1428,1459
1420,1464
1443,1456
1433,1486
1459,1491
1468,1476
1460,1490
1455,1509
1490,1521
1517,1533
1513,1554
1532,1580
1562,1595
1563,1602
1607,1607
1609,1649
1611,1653
1642,1672
1647,1683
1691,1695
1683,1705
1727,1703
1726,1712
1712,1730
1724,1733
1760,1746
1746,1721
1746,1744
1764,1745
1747,1755
1741,1743
1768,1731
1749,1741
1784,1711
1734,1713
1757,1678
1717,1692
1699,1682
1718,1680
1667,1662
1682,1628
1664,1624
1637,1616
1659,1602
1599,1588
1572,1572
1552,1555
1560,1555
1541,1512
1525,1491
1534,1499
1464,1480
1498,1499
1493,1485
1448,1485
1443,1466
1426,1450
1452,1458
1451,1441
1451,1455
1449,1442
1440,1453
1457,1470
1434,1489
1462,1498
1479,1495
1471,1533
1470,1512
1518,1537
1507,1536
1510,1573
1556,1575
1568,1595
1572,1609
1584,1621
1600,1627
1616,1655
1639,1650
1664,1694
1691,1708
1684,1702
1719,1714
1712,1705
1715,1726
1730,1737
1739,1740
1753,1753
1767,1770
1756,1763
1738,1729
1781,1742
1759,1746
1773,1744
1753,1725
1733,1693
1720,1698
1735,1679
1698,1691
1702,1662
1710,1659
1646,1642
1674,1646
1627,1600
1624,1616
1617,1573
1611,1567
1561,1543
1566,1523
1535,1509
1528,1513
1517,1504
1484,1478
1518,1485
1486,1456
1474,1437
1464,1444
1456,1438
1424,1441
1440,1471
1455,1462
1448,1449
1427,1441
1423,1455
1448,1476
1464,1473
1448,1483
1462,1489
1468,1534
1503,1522
1474,1541
1517,1523
1519,1578
1566,1575
1566,1584
1542,1613
1601,1655
1608,1642
1627,1658
1650,1690
1662,1703
1718,1711
1648,1708
1697,1712
1720,1742
1735,1758
1743,1732
1760,1709
1747,1749
1761,1741
1762,1727
1764,1750
1752,1750
1737,1719
1737,1710
1734,1709
1768,1710
1745,1683
1723,1685
1712,1689
1713,1673
1667,1646
1668,1622
1642,1619
1643,1601
1606,1570
1599,1583
1577,1536
1566,1530
1535,1527
1524,1516
1498,1520
1509,1489
1494,1484
1486,1470
1467,1458
1447,1472
1471,1448
1440,1461
1454,1447
1434,1469
1442,1458
1420,1437
1463,1453
1424,1459
1449,1469
1465,1507
1450,1478
1483,1524
1478,1503
1506,1542
1509,1544
1538,1556
1567,1573
1565,1602
1601,1609
1601,1625
1614,1643
1618,1672
1650,1648
1655,1675
1693,1662
1687,1695
1704,1729
1742,1740
1733,1713
1722,1749
1756,1730
1736,1753
1759,1739
1785,1735
1787,1745
1765,1733
1759,1735
1719,1734
1772,1710
1747,1714
1718,1712
1725,1698
1698,1713
1716,1672
1686,1655
1699,1628
1656,1641
1652,1602
1635,1607
1585,1580
1608,1556
1572,1563
1578,1537
1537,1525
1517,1509
1509,1513
1484,1488
1474,1484
1500,1472
1438,1475
1451,1434
1449,1453
1420,1447
1427,1446
1427,1463
1439,1435
1408,1471
1441,1475
1462,1459
1439,1461
1458,1489
1471,1473
1450,1503
1482,1518
1519,1552
1520,1540
1512,1557
1539,1577
1562,1615
1564,1611
1614,1639
1618,1643
1624,1654
1663,1673
1660,1655
1696,1681
1686,1711
1697,1717
1711,1737
1752,1744
1760,1743
1757,1760
1756,1751
1758,1737
1756,1753
1771,1752
1779,1750
1739,1735
1776,1722
1760,1737
1740,1710
1744,1719
1725,1691
1707,1679
1716,1671
1731,1656
1689,1649
1660,1632
1646,1599
1649,1600
1610,1572
1603,1568
1577,1545
1579,1553
1539,1536
1524,1507
1514,1471
1509,1470
1473,1471
1476,1468
1467,1468
1458,1451
1443,1446
1433,1435
1458,1431
1431,1445
1444,1449
1432,1454
1453,1457
1420,1464
1444,1482
1458,1498
1468,1507
1458,1512
1452,1527
1501,1531
1497,1536
1495,1573
1548,1576
1561,1607
1575,1602
1601,1624
1635,1638
1634,1668
1641,1672
1651,1668
1664,1704
1683,1703
1707,1730
1727,1742
1740,1729
1735,1753
1771,1737
1765,1722
1743,1737
1765,1750
1758,1754
1766,1754
1778,1758
1753,1696
1749,1744
1773,1729
1757,1725
1721,1697
1732,1699
1715,1671
1688,1664
1698,1654
1679,1621
1667,1620
1660,1592
1623,1610
1578,1600
1600,1560
1561,1554
1558,1528
1510,1526
1498,1505
1512,1480
1484,1481
1466,1457
1473,1474
1456,1444
1446,1471
1427,1480
1416,1454
1434,1430
1424,1437
1425,1429
1435,1442
1433,1438
1435,1472
1450,1479
1464,1499
1470,1500
1454,1520
1479,1531
1487,1535
1492,1541
1541,1569
1548,1551
1574,1604
1586,1641
1621,1644
1605,1662
1615,1653
1643,1680
1668,1695
1716,1685
1680,1695
1702,1695
1743,1734
1742,1744
1739,1735
1754,1742
1755,1771
1763,1757
1744,1751
1790,1764
1785,1751
1763,1749
1778,1740
1757,1720
1754,1738
1781,1734
1741,1717
1724,1685
1709,1685
1687,1662
1675,1648
1699,1636
1647,1605
1647,1603
1611,1594
1602,1552
1573,1552
1552,1548
1581,1502
1516,1509
1521,1499
1506,1471
1491,1500
1475,1462
1458,1455
1457,1462
1425,1448
1435,1442
1436,1444
1424,1446
1425,1444
1421,1446
1422,1444
1412,1463
1424,1448
1452,1467
1454,1480
1455,1509
1456,1503
1503,1521
1516,1508
1522,1556
1507,1573
1555,1585
1583,1580
1573,1614
1590,1632
1592,1651
1629,1669
1642,1685
1651,1684
1698,1678
1693,1731
1729,1717
1737,1745
1728,1743
1774,1751
1784,1753
1763,1776
1744,1737
1761,1764
1761,1744
1776,1746
1820,1721
1757,1752
1774,1730
1754,1727
1761,1700
1721,1712
1725,1679
1696,1693
1695,1689
1711,1658
1635,1630
1637,1592
1617,1613
1641,1586
1619,1594
1595,1568
1568,1529
1554,1529
1529,1511
1518,1505
1488,1495
1504,1479
1481,1448
1458,1465
1435,1492
1429,1440
1428,1458
1445,1445
1428,1432
1430,1438
1410,1435
1448,1454
1387,1458
1417,1451
1440,1472
1442,1486
1453,1479
1479,1529
1484,1518
1502,1526
1524,1551
1507,1569
1551,1558
1565,1585
1613,1606
1573,1629
1613,1646
1641,1680
1661,1674
1686,1673
1698,1687
1684,1700
1738,1741
1758,1732
1777,1726
1761,1790
1761,1742
1750,1752
1749,1774
1793,1747
1771,1785
1781,1768
1763,1757
1781,1753
1778,1754
1745,1732
1743,1721
1755,1697
1743,1691
1708,1679
1706,1665
1699,1673
1667,1668
1643,1621
1649,1616
1614,1589
1600,1593
1577,1555
1594,1531
1539,1534
1521,1521
1516,1485
1511,1506
1496,1470
1453,1478
1495,1465
1459,1453
1459,1452
1405,1450
1451,1454
1442,1427
1437,1441
1402,1445
1402,1454
1387,1451
1434,1440
1438,1476
1440,1486
1459,1499
1487,1488
1471,1501
1476,1523
1491,1537
1532,1536
1537,1579
1519,1593
1587,1628
1587,1597
1622,1610
1623,1643
1630,1669
1682,1696
1706,1691
1675,1716
1711,1744
1734,1708
1730,1737
1759,1771
1755,1740
1749,1771
1758,1755
1787,1766
1784,1775
1799,1749
1762,1769
1778,1743
1799,1768
1765,1762
1770,1731
1739,1709
1757,1677
1739,1696
1711,1671
1728,1655
1711,1649
1637,1641
1684,1598
1628,1591
1603,1578
1597,1561
1583,1551
1562,1533
1539,1514
1514,1497
1489,1499
1510,1472
1457,1447
1491,1476
1444,1448
1440,1454
1440,1435
1415,1440
1436,1440
1417,1417
1433,1414
1400,1453
1400,1449
1441,1473
1418,1452
1395,1470
1455,1469
1473,1505
1471,1556
1452,1499
1486,1528
1499,1538
1502,1570
1539,1569
1554,1591
1550,1593
1586,1617
1608,1631
1619,1671
1654,1679
1659,1673
1708,1702
1704,1732
1719,1729
1705,1728
1735,1751
1743,1735
1749,1727
1767,1741
1804,1762
1829,1770
1777,1768
1776,1786
1828,1772
1786,1753
1787,1760
1759,1758
1784,1752
1759,1721
1753,1704
1738,1717
1740,1677
1727,1653
1702,1660
1681,1610
1655,1608
1624,1589
1630,1581
1616,1557
1555,1558
1561,1534
1522,1522
1520,1500
1485,1493
1501,1454
1458,1459
1445,1440
1437,1441
1455,1451
1401,1446
1388,1423
1400,1426
1407,1436
1423,1402
1370,1453
1408,1428
1397,1445
1426,1443
1426,1447
1440,1475
1431,1472
1434,1505
1466,1503
1490,1533
1472,1545
1515,1533
1534,1559
1557,1573
1540,1621
1607,1629
1625,1647
1627,1652
1619,1665
1658,1678
1666,1709
1681,1710
1728,1745
1728,1745
1725,1767
1736,1775
1778,1767
1795,1761
1793,1781
1762,1798
1789,1762
1791,1801
1779,1769
1786,1787
1794,1732
1780,1779
1793,1740
1761,1734
1752,1722
1727,1706
1738,1697
1716,1684
1687,1666
1656,1636
1661,1611
1639,1616
1637,1576
1596,1584
1593,1538
1562,1547
1545,1521
1517,1486
1529,1493
1497,1485
1478,1440
1480,1458
1463,1454
1421,1442
1438,1436
1431,1430
1400,1430
1423,1423
1401,1442
1400,1438
1424,1419
1415,1447
1414,1456
1417,1482
1449,1460
1443,1467
1444,1491
1466,1509
1469,1511
1500,1515
1514,1550
1524,1571
1534,1613
1553,1595
1577,1618
1566,1649
1592,1639
1660,1688
1651,1676
1665,1711
1697,1693
1700,1719
1746,1748
1739,1768
1744,1767
1767,1773
1778,1790
1785,1785
1808,1776
1769,1799
1777,1771
1803,1758
1797,1781
1790,1788
1817,1749
1790,1751
1774,1721
1725,1712
1758,1713
1725,1667
1723,1664
1690,1638
1686,1633
1661,1615
1659,1643
1621,1587
1583,1555
1606,1567
1587,1543
1551,1520
1526,1515
1507,1472
1475,1483
1502,1465
1476,1438
1472,1439
1438,1435
1407,1443
1428,1435
1386,1456
1414,1406
1415,1451
1408,1442
1398,1426
1398,1426
1414,1438
1418,1454
1401,1462
1441,1474
1442,1459
1444,1481
1438,1504
1494,1532
1511,1545
1503,1549
1541,1560
1564,1589
1562,1586
1595,1618
1615,1651
1650,1661
1665,1676
1661,1716
1700,1737
1711,1730
1710,1724
1768,1748
1760,1763
1793,1773
1781,1779
1784,1799
1812,1782
1797,1783
1798,1780
1754,1778
1807,1752
1786,1757
1779,1743
1767,1739
1775,1728
1766,1745
1771,1714
1736,1699
1751,1678
1694,1644
1707,1643
1708,1641
1658,1622
1648,1586
1631,1599
1593,1574
1589,1565
1573,1515
1530,1528
1515,1518
1512,1501
1485,1485
1467,1466
1455,1446
1437,1453
1412,1448
1410,1430
1425,1428
1391,1429
1427,1432
1372,1427
1388,1443
1376,1421
1417,1426
1419,1445
1397,1456
1415,1449
1416,1460
1449,1489
1463,1506
1463,1527
1485,1522
1522,1540
1542,1576
1526,1588
1541,1588
1599,1615
1602,1637
1608,1642
1657,1664
1661,1697
1674,1707
1716,1719
1726,1720
1745,1740
1744,1743
1765,1759
1783,1777
1778,1771
1787,1785
1801,1788
1794,1772
1821,1777
1770,1760
1793,1786
1804,1782
1807,1763
1810,1736
1758,1751
1766,1737
1740,1697
1748,1702
1734,1729
1683,1666
1698,1640
1687,1628
1654,1617
1633,1603
1604,1578
1574,1547
1578,1549
1564,1500
1535,1496
1512,1496
1508,1471
1455,1454
1486,1468
1451,1448
1464,1427
1425,1440
1430,1428
1394,1423
1398,1417
1390,1416
1388,1430
1410,1397
1387,1411
1388,1432
1371,1431
1410,1460
1421,1454
1449,1477
1440,1456
1465,1488
1481,1518
1495,1528
1503,1553
1534,1586
1573,1587
1567,1627
1590,1622
1624,1660
1623,1636
1647,1678
1660,1677
1689,1709
1691,1710
1699,1724
1713,1735
1727,1742
1767,1765
1782,1759
1770,1796
1811,1789
1819,1799
1806,1795
1804,1789
1809,1797
1811,1784
1778,1772
1809,1754
1807,1708
1779,1745
1748,1720
1757,1721
1720,1708
1755,1668
1709,1658
1702,1673
1681,1643
1638,1632
1635,1582
1621,1556
1599,1562
1584,1535
1567,1521
1538,1525
1542,1492
1486,1467
1496,1454
1473,1450
1449,1425
1431,1451
1438,1449
1420,1409
1416,1401
1427,1439
1382,1434
1383,1409
1394,1424
1392,1402
1402,1440
1410,1449
1447,1444
1410,1477
1415,1469
1444,1485
1452,1460
1472,1489
1476,1507
1511,1555
1529,1548
1548,1583
1590,1603
1602,1620
1611,1632
1627,1656
1627,1652
1664,1708
1656,1724
1704,1735
1690,1725
1746,1757
1762,1750
1753,1766
1782,1777
1810,1779
1799,1790
1825,1809
1812,1790
1834,1761
1805,1783
1794,1769
1810,1752
1798,1758
1806,1721
1806,1731
1778,1724
1751,1712
1717,1702
1735,1705
1710,1671
1702,1654
1693,1637
1641,1600
1651,1596
1636,1572
1615,1547
1578,1515
1578,1510
1535,1514
1530,1492
1514,1464
1490,1452
1434,1465
1455,1425
1440,1440
1423,1414
1429,1411
1384,1393
1395,1413
1404,1403
1405,1392
1413,1430
1380,1417
1376,1425
1403,1405
1402,1426
1429,1445
1414,1464
1430,1468
1462,1499
1471,1503
1491,1517
1480,1554
1536,1558
1554,1583
1549,1588
1571,1632
1610,1646
1601,1642
1643,1671
1675,1699
1666,1715
1698,1720
1682,1724
1730,1733
1741,1753
1724,1778
1796,1758
1792,1778
1768,1800
1799,1798
1811,1795
1824,1778
1819,1794
1820,1803
1791,1769
1806,1788
1785,1740
1771,1754
1760,1734
1765,1719
1742,1716
1737,1696
1723,1680
1701,1662
1684,1653
1650,1625
1635,1600
1652,1593
1587,1539
1577,1543
1563,1525
1557,1503
1532,1521
1499,1489
1480,1478
1472,1481
1473,1434
1437,1431
1447,1412
1425,1426
1395,1405
1384,1418
1422,1395
1391,1400
1375,1427
1369,1411
1412,1415
1377,1432
1388,1431
1404,1449
1414,1447
1461,1490
1451,1504
1474,1508
1483,1537
1468,1554
1523,1565
1515,1578
1562,1607
1562,1642
1596,1648
1612,1646
1639,1674
1645,1704
1682,1697
1672,1719
1706,1731
1716,1737
1761,1754
1776,1757
1753,1773
1800,1783
1810,1784
1810,1831
1810,1770
1829,1797
1835,1786
1829,1789
1801,1775
1797,1786
1790,1765
1782,1727
1769,1747
1797,1723
1761,1723
1725,1694
1730,1664
1743,1665
1687,1654
1660,1645
1655,1582
1631,1588
1594,1549
1588,1543
1582,1541
1567,1517
1536,1467
1498,1465
1458,1489
1467,1456
1437,1441
1476,1444
1432,1430
1427,1423
1407,1415
1403,1421
1399,1398
1399,1411
1369,1381
1366,1415
1341,1424
1367,1440
1395,1441
1408,1454
1398,1450
1448,1454
1452,1499
1461,1491
1464,1509
1464,1518
1497,1565
1526,1583
1518,1593
1567,1615
1585,1645
1609,1645
1635,1672
1664,1688
1681,1708
1666,1701
1714,1718
1712,1749
1750,1749
1762,1780
1762,1754
1790,1785
1780,1773
1777,1812
1790,1796
1821,1814
1832,1811
1830,1775
1809,1795
1796,1767
1790,1752
1805,1742
1794,1755
1774,1741
1771,1701
1759,1715
1716,1686
1718,1674
1674,1638
1677,1633
1636,1604
1641,1589
1602,1572
1599,1559
1580,1531
1555,1524
1524,1511
1496,1491
1485,1480
1452,1467
1459,1408
1427,1423
1428,1424
1437,1424
1392,1398
1376,1396
1365,1419
1352,1400
1357,1408
1372,1397
1402,1413
1409,1415
1413,1404
1416,1451
1394,1465
1422,1461
1435,1492
1435,1503
1497,1497
1466,1486
1495,1554
1524,1571
1570,1588
1571,1604
1587,1624
1602,1642
1641,1686
1643,1674
1663,1690
1682,1727
1719,1719
1721,1768
1755,1742
1764,1763
1763,1787
1782,1782
1817,1792
1821,1795
1794,1785
1785,1811
1804,1797
1817,1798
1839,1803
1829,1769
1807,1754
1775,1751
1795,1752
1781,1717
1752,1705
1741,1693
1696,1696
1703,1685
1697,1652
1656,1621
1678,1595
1644,1569
1626,1588
1574,1555
1571,1545
1558,1552
1521,1499
1526,1483
1511,1461
1455,1451
1458,1433
1432,1428
1415,1446
1416,1409
1374,1418
1390,1409
1387,1400
1370,1388
1368,1406
1377,1397
1369,1409
1388,1431
1397,1406
1380,1436
1401,1448
1427,1444
1439,1495
1441,1492
1447,1500
1478,1539
1502,1562
1519,1586
1556,1605
1580,1622
1592,1609
1599,1652
1630,1646
1633,1679
1660,1690
1691,1698
1693,1760
1712,1758
1729,1760
1731,1754
1799,1786
1789,1774
1820,1813
1805,1796
1787,1801
1801,1804
1799,1790
1816,1791
1824,1801
1809,1765
1790,1776
1797,1764
1815,1755
1775,1734
1800,1695
1718,1698
1696,1691
1718,1668
1701,1669
1644,1650
1657,1629
1641,1600
1622,1562
1628,1569
1571,1534
1555,1501
1529,1479
1506,1483
1512,1487
1450,1475
1450,1440
1453,1406
1420,1436
1389,1434
1413,1395
1386,1397
1406,1418
1381,1409
1378,1380
1386,1412
1404,1401
1400,1411
1393,1424
1383,1453
1412,1472
1406,1453
1439,1485
1444,1489
1467,1521
1453,1535
1517,1556
1527,1550
1564,1572
1594,1588
1606,1639
1577,1645
1625,1662
1672,1706
1644,1694
1655,1695
1697,1736
1743,1752
1735,1742
1762,1775
1782,1775
1787,1760
1788,1808
1810,1802
1797,1802
1822,1798
1817,1798
1850,1780
1818,1774
1809,1770
1788,1773
1799,1753
1793,1769
1760,1743
1792,1711
1764,1699
1743,1688
1699,1672
1733,1661
1678,1641
1648,1621
1600,1584
1611,1559
1604,1557
1560,1552
1534,1525
1532,1505
1527,1476
1501,1491
1468,1445
1476,1433
1425,1447
1430,1429
1418,1411
1373,1395
1393,1398
1366,1401
1375,1428
1383,1411
1378,1397
1406,1429
1382,1423
1348,1431
1400,1438
1409,1461
1405,1475
1456,1478
1454,1515
1483,1495
1519,1531
1487,1559
1507,1578
1556,1586
1557,1605
1569,1647
1626,1635
1621,1692
1651,1680
1663,1687
1684,1720
1707,1743
1729,1743
1749,1761
1736,1786
1795,1781
1781,1815
1802,1771
1828,1791
1815,1815
1827,1802
1805,1800
1821,1787
1808,1761
1807,1758
1804,1771
1812,1761
1771,1735
1774,1749
1748,1747
1761,1712
1746,1682
1731,1678
1707,1637
1680,1652
1643,1633
1629,1592
1613,1560
1590,1532
1550,1531
1525,1498
1540,1503
1506,1483
1484,1482
1489,1453
1424,1447
1427,1419
1397,1405
1359,1438
1404,1411
1411,1430
1356,1433
1385,1399
1377,1398
1377,1419
1376,1420
1375,1405
1393,1437
1407,1438
1399,1445
1407,1459
1437,1497
1470,1495
1466,1511
1495,1556
1507,1563
1540,1589
1530,1585
1562,1611
1582,1629
1616,1650
1616,1675
1651,1689
1666,1709
1680,1697
1732,1744
1718,1765
1768,1755
1784,1774
1788,1787
1793,1811
1802,1792
1811,1797
1805,1805
1803,1799
1793,1780
1834,1786
1791,1804
1814,1780
1829,1763
1785,1746
1771,1731
1743,1726
1750,1676
1751,1690
1717,1669
1703,1655
1700,1663
1682,1633
1643,1598
1617,1570
1601,1536
1589,1534
1547,1531
1551,1513
1531,1500
1510,1471
1490,1459
1488,1435
1456,1450
1401,1432
1423,1401
1415,1383
1371,1404
1396,1407
1383,1411
1355,1417
1363,1414
1392,1394
1383,1435
1383,1428
1389,1442
1420,1427
1421,1478
1423,1480
1447,1486
1413,1513
1466,1536
1505,1531
1538,1555
1554,1592
1571,1608
1584,1614
1610,1643
1599,1658
1652,1687
1669,1713
1700,1724
1720,1733
1696,1741
1766,1748
1762,1747
1795,1748
1789,1752
1790,1802
1823,1783
1804,1824
1826,1770
1847,1802
1814,1780
1812,1806
1861,1764
1786,1754
1792,1759
1810,1739
1777,1735
1778,1743
1741,1685
1732,1671
1713,1648
1671,1675
1679,1630
1654,1615
1638,1598
1631,1565
1587,1540
1583,1551
1520,1519
1553,1458
1511,1503
1472,1449
1484,1437
1442,1445
1429,1422
1447,1436
1409,1422
1434,1395
1380,1395
1377,1412
1399,1397
1373,1407
1367,1400
1402,1404
1409,1406
1404,1461
1430,1461
1419,1451
1406,1476
1425,1486
1456,1487
1443,1501
1515,1531
1510,1586
1534,1577
1557,1605
1570,1628
1594,1644
1629,1660
1634,1679
1679,1704
1697,1722
1688,1724
1737,1733
1740,1725
1759,1767
1744,1788
1781,1758
1778,1787
1788,1792
1803,1774
1814,1793
1808,1772
1810,1801
1827,1801
1808,1780
1816,1778
1816,1765
1789,1740
1771,1740
1742,1735
1759,1702
1749,1690
1726,1668
1708,1644
1681,1629
1672,1627
1660,1603
1604,1553
1610,1559
1564,1512
1546,1535
1528,1492
1507,1456
1471,1465
1481,1472
1437,1458
1424,1430
1450,1419
1409,1418
1402,1396
1394,1403
1388,1431
1381,1399
1402,1437
1386,1401
1384,1422
1397,1445
1410,1433
1429,1454
1422,1465
1443,1468
1451,1505
1458,1507
1451,1533
1500,1508
1535,1588
1546,1580
1564,1590
1580,1603
1619,1657
1632,1653
1637,1679
1640,1702
1687,1700
1717,1721
1706,1745
1716,1732
1774,1747
1757,1746
1775,1786
1794,1784
1810,1775
1802,1793
1792,1776
1808,1789
1820,1801
1796,1792
1818,1789
1815,1780
1799,1768
1783,1754
1767,1739
1773,1725
1745,1680
1733,1682
1719,1665
1680,1648
1673,1658
1625,1581
1627,1590
1611,1571
1552,1537
1562,1527
1532,1506
1520,1509
1488,1480
1470,1432
1486,1462
1450,1471
1421,1404
1426,1411
1420,1418
1384,1413
1374,1381
1380,1394
1384,1408
1388,1423
1365,1421
1361,1408
1386,1437
1379,1436
1413,1453
1429,1452
1406,1464
1450,1495
1489,1499
1452,1508
1512,1527
1507,1553
1566,1582
1581,1623
1594,1617
1591,1659
1627,1684
1669,1662
1663,1697
1696,1707
1674,1739
1747,1758
1726,1756
1758,1766
1777,1769
1792,1785
1807,1797
1808,1796
1801,1771
1820,1812
1813,1786
1820,1778
1802,1784
1807,1756
1775,1763
1799,1741
1773,1713
1758,1710
1741,1712
1705,1691
1702,1655
1704,1651
1658,1631
1677,1620
1651,1613
1636,1572
1599,1559
1566,1552
1559,1517
1537,1500
1540,1492
1491,1464
1474,1460
1471,1454
1424,1430
1444,1425
1408,1425
1396,1423
1404,1429
1383,1411
1397,1399
1401,1428
1372,1419
1386,1413
1401,1436
1412,1423
1393,1481
1407,1455
1448,1466
1453,1501
1455,1522
1472,1531
1508,1535
1509,1565
1533,1572
1529,1618
1555,1617
1593,1637
1631,1672
1624,1686
1672,1718
1674,1721
1704,1728
1739,1723
1717,1756
1740,1759
1782,1759
1756,1797
1789,1775
1801,1760
1813,1796
1807,1796
1807,1766
1814,1779
1807,1786
1783,1793
1800,1755
1779,1735
1772,1725
1763,1708
1744,1710
1741,1673
1703,1676
1678,1648
1702,1644
1682,1609
1657,1585
1610,1574
1595,1529
1555,1558
1552,1532
1523,1493
1488,1496
1503,1455
1505,1471
1442,1437
1427,1441
1432,1423
1446,1409
1389,1426
1398,1416
1408,1406
1388,1408
1383,1401
1394,1428
1384,1430
1374,1445
1410,1427
1409,1460
1449,1476
1457,1458
1461,1475
1479,1527
1477,1517
1533,1561
1518,1581
1553,1566
1555,1639
1589,1605
1595,1646
1631,1643
1672,1686
1680,1696
1678,1714
1716,1731
1730,1741
1737,1762
1762,1766
1770,1764
1765,1782
1783,1785
1788,1768
1793,1776
1809,1802
1806,1789
1794,1801
1787,1784
1790,1753
1797,1742
1800,1726
1784,1747
1765,1695
1748,1706
1741,1677
1702,1676
1703,1644
1670,1581
1644,1623
1638,1589
1636,1533
1584,1567
1571,1541
1561,1516
1541,1492
1513,1494
1477,1462
1474,1462
1470,1449
1443,1409
1429,1406
1411,1440
1408,1410
1394,1442
1426,1419
1364,1425
1403,1418
1406,1423
1406,1438
1409,1445
1418,1447
1429,1450
1429,1491
1455,1483
1468,1494
1467,1500
1477,1509
1521,1553
1555,1572
1531,1588
1579,1624
1571,1621
1632,1640
1623,1666
1677,1671
1663,1700
1690,1696
1712,1717
1746,1749
1734,1742
1762,1773
1765,1790
1797,1759
1787,1777
1803,1789
1799,1808
1803,1785
1798,1765
1802,1787
1807,1795
1809,1771
1770,1757
1754,1721
1769,1723
1757,1724
1731,1678
1701,1673
1687,1653
1663,1635
1658,1618
1623,1611
1627,1570
1611,1548
1566,1519
1547,1512
1514,1495
1517,1477
1495,1476
1480,1455
1474,1438
1425,1451
1424,1419
1426,1443
1407,1426
1413,1413
1418,1411
1396,1416
1406,1403
1400,1424
1373,1451
1394,1443
1403,1450
1444,1483
1449,1477
1432,1480
1433,1502
1454,1491
1479,1538
1506,1535
1526,1555
1519,1624
1569,1602
1597,1624
1612,1652
1637,1663
1670,1699
1683,1708
1694,1702
1706,1747
1713,1733
1738,1759
1760,1778
1775,1773
1783,1758
1785,1786
1812,1782
1775,1796
1786,1779
1824,1758
1780,1778
1755,1755
1761,1772
1786,1748
1755,1734
1743,1724
1763,1713
1722,1668
1715,1676
1709,1655
1667,1622
1684,1614
1631,1582
1632,1589
1599,1561
1564,1550
1553,1541
1531,1506
1514,1483
1490,1471
1475,1446
1460,1450
1465,1451
1427,1444
1425,1427
1425,1429
1426,1400
1398,1417
1400,1413
1395,1443
1371,1422
1418,1420
1406,1447
1441,1448
1430,1456
1464,1472
1462,1476
1473,1511
1477,1537
1513,1548
1530,1564
1534,1607
1562,1581
1574,1611
1590,1650
1657,1655
1643,1677
1644,1699
1687,1721
1709,1729
1741,1733
1726,1732
1749,1747
1759,1754
1803,1757
1775,1780
1805,1776
1789,1782
1808,1784
1764,1761
1797,1775
1806,1769
1798,1766
1791,1747
1788,1755
1782,1740
1756,1707
1739,1678
1735,1684
1712,1662
1696,1644
1664,1632
1662,1585
1600,1579
1598,1554
1566,1545
1562,1553
1568,1487
1512,1496
1523,1473
1484,1480
1463,1462
1441,1462
1445,1431
1410,1432
1402,1432
1393,1415
1404,1446
1414,1385
1404,1431
1391,1438
1415,1431
1391,1438
1409,1444
1455,1435
1440,1468
1449,1498
1456,1518
1491,1520
1538,1565
1494,1577
1536,1595
1551,1602
1600,1619
1572,1636
1624,1657
1608,1660
1653,1693
1688,1714
1684,1721
1716,1718
1748,1727
1759,1746
1749,1763
1802,1763
1786,1776
1773,1763
1795,1773
1776,1764
1773,1782
1798,1787
1789,1781
1788,1766
1783,1733
1748,1750
1769,1727
1742,1697
1725,1689
1718,1678
1705,1650
1687,1628
1646,1615
1657,1608
1613,1602
1603,1543
1582,1560
1575,1525
1518,1494
1552,1514
1502,1474
1505,1462
1487,1472
1477,1453
1439,1427
1449,1427
1429,1419
1401,1433
1364,1438
1400,1433
1417,1433
1395,1458
1413,1438
1396,1458
1413,1456
1436,1479
1452,1468
1441,1479
1483,1504
1483,1532
1475,1550
1543,1585
1552,1570
1537,1599
1610,1640
1590,1626
1609,1643
1639,1661
1678,1703
1694,1698
1724,1709
1695,1721
1718,1751
1740,1755
1758,1776
1777,1764
1760,1764
1790,1784
1773,1779
1804,1758
1785,1751
1796,1744
1764,1748
1793,1747
1736,1736
1793,1745
1754,1712
1705,1689
1742,1678
1709,1683
1684,1647
1688,1647
1665,1618
1628,1599
1619,1562
1629,1567
1570,1523
1530,1510
1516,1529
1539,1472
1492,1469
1468,1460
1473,1458
1451,1436
1445,1443
1418,1425
1432,1431
1415,1434
1416,1451
1420,1449
1394,1417
1417,1444
1432,1423
1425,1445
1426,1450
1458,1487
1433,1486
1476,1510
1502,1517
1493,1528
1517,1566
1534,1585
1559,1607
1610,1644
1601,1628
1614,1652
1659,1683
1670,1666
1677,1693
1685,1688
1738,1738
1734,1737
1741,1728
1780,1732
1768,1741
1765,1774
1751,1755
1772,1764
1787,1754
1770,1752
1778,1778
1772,1760
1776,1739
1752,1726
1751,1710
1767,1696
1730,1713
1706,1676
1715,1644
1668,1654
1662,1628
1658,1612
1650,1580
1597,1576
1579,1560
1573,1546
1544,1533
1513,1514
1506,1494
1497,1477
1460,1482
1456,1468
1445,1431
1431,1453
1440,1427
1447,1422
1392,1432
1426,1444
1389,1456
1437,1463
1419,1441
1425,1426
1423,1453
1435,1490
1444,1488
1442,1499
1491,1510
1494,1528
1510,1538
1544,1581
1533,1587
1565,1591
1584,1635
1594,1651
1611,1665
1649,1682
1638,1677
1665,1690
1684,1717
1725,1722
1753,1731
1736,1763
1750,1751
1776,1727
1784,1770
1795,1743
1795,1752
1773,1768
1754,1759
1761,1742
1754,1736
1779,1722
1761,1705
1764,1700
1719,1709
1734,1690
1717,1682
1687,1669
1661,1618
1649,1609
1631,1585
1585,1556
1594,1566
1560,1548
1565,1504
1555,1493
1514,1497
1498,1493
1478,1478
1490,1455
1465,1477
1466,1461
1443,1450
1442,1448
1412,1433
1395,1432
1453,1430
1404,1442
1414,1445
1412,1452
1435,1464
1418,1462
1462,1486
1468,1484
1467,1507
1495,1525
1533,1548
1538,1545
1540,1566
1578,1585
1571,1627
1611,1643
1649,1649
1647,1674
1654,1693
1666,1693
1701,1708
1676,1697
1730,1724
1741,1728
1760,1755
1784,1745
1726,1754
1807,1751
1752,1764
1778,1729
1760,1767
1778,1746
1787,1743
1770,1730
1753,1707
1738,1723
1713,1681
1711,1678
1711,1685
1700,1635
1676,1624
1659,1609
1651,1610
1609,1589
1577,1564
1573,1563
1556,1521
1542,1508
1522,1503
1512,1486
1471,1483
1461,1460
1459,1442
1464,1450
1435,1424
1429,1444
1410,1423
1410,1440
1417,1443
1431,1473
1432,1457
1438,1457
1408,1469
1431,1495
1453,1477
1453,1494
1491,1522
1475,1524
1496,1551
1535,1555
1551,1618
1561,1590
1610,1625
1616,1645
1648,1660
1634,1672
1674,1683
1677,1688
1680,1715
1717,1707
1731,1723
1743,1752
1749,1752
1776,1762
1790,1746
1794,1765
1762,1738
1786,1753
1803,1735
1783,1746
1757,1733
1756,1732
1753,1710
1748,1669
1755,1665
1692,1694
1687,1646
1685,1652
1677,1600
1651,1609
1614,1590
1605,1577
1597,1542
1570,1545
1560,1534
1529,1496
1538,1490
1484,1477
1494,1481
1477,1468
1458,1490
1461,1445
1438,1450
1451,1456
1433,1436
1429,1439
1410,1451
1409,1478
1424,1442
1420,1442
1428,1480
1456,1486
1452,1497
1492,1508
1488,1528
1510,1562
1536,1571
1544,1591
1581,1588
1580,1609
1597,1634
1634,1632
1650,1677
1666,1669
1672,1683
1699,1704
1732,1712
1723,1719
1731,1739
1750,1775
1733,1749
1744,1761
1755,1745
1760,1742
1763,1742
1781,1755
1771,1742
1758,1738
1750,1730
1737,1713
1744,1682
1732,1695
1720,1669
1706,1636
1666,1607
1659,1635
1669,1616
1633,1597
1615,1588
1559,1595
1562,1526
1555,1547
1539,1504
1546,1493
1493,1477
1471,1461
1454,1459
1465,1447
1435,1448
1447,1442
1424,1448
1433,1419
1448,1418
1418,1482
1423,1460
1429,1449
1419,1455
1433,1480
1470,1466
1467,1511
1488,1506
1496,1529
1516,1549
1521,1564
1542,1574
1545,1628
1600,1604
1595,1626
1635,1640
1637,1656
1665,1699
1687,1686
1697,1727
1698,1730
1723,1731
1727,1751
1734,1739
1751,1736
1793,1740
1747,1753
1770,1752
1757,1760
1779,1746
1766,1714
1741,1729
1773,1735
1748,1720
1711,1696
1719,1680
1702,1672
1689,1675
1664,1651
1677,1609
1647,1620
1609,1586
1603,1566
1556,1516
1546,1527
1526,1534
1526,1498
1504,1506
1498,1487
1505,1490
1471,1474
1450,1462
1441,1453
1467,1467
1435,1461
1436,1446
1429,1445
1427,1448
1433,1460
1454,1468
1440,1478
1462,1499
1462,1503
1481,1513
1506,1546
1491,1547
1497,1561
1531,1583
1557,1588
1610,1644
1624,1652
1613,1640
1653,1651
1643,1686
1683,1688
1721,1696
1693,1714
1726,1714
1742,1732
1740,1741
1765,1755
1780,1758
1769,1776
1769,1731
1767,1740
1766,1747
1765,1742
1746,1734
1741,1748
1751,1711
1731,1698
1700,1675
1717,1678
1719,1657
1670,1643
1664,1614
1647,1598
1628,1600
1604,1575
1559,1556
1543,1543
1577,1521
1517,1481
1497,1487
1488,1490
1467,1475
1471,1464
1477,1451
1437,1460
1457,1437
1420,1447
1416,1454
1432,1489
1439,1482
1434,1455
1429,1474
1438,1485
1474,1500
1464,1506
1509,1517
1485,1531
1501,1550
1520,1592
1566,1583
1594,1601
1586,1618
1616,1640
1639,1647
1646,1672
1648,1681
1689,1676
1700,1685
1710,1714
1713,1711
1738,1717
1746,1756
1749,1749
1753,1741
1772,1752
1797,1749
1758,1749
1753,1736
1736,1743
1759,1744
1732,1714
1726,1701
1707,1686
1717,1704
1700,1629
1675,1655
1659,1640
1644,1627
1635,1597
1621,1588
1590,1551
1584,1545
1567,1529
1560,1517
1526,1524
1532,1497
1494,1472
1471,1475
1463,1464
1434,1453
1451,1458
1432,1452
1446,1426
1424,1448
1437,1452
1434,1504
1451,1454
1428,1474
1464,1490
1493,1485
1519,1533
1522,1528
1487,1526
1536,1561
1536,1579
1558,1589
1579,1628
1623,1605
1614,1624
1636,1658
1675,1685
1667,1700
1672,1701
1713,1724
1726,1743
1743,1725
1746,1730
1758,1750
1759,1760
1754,1747
1753,1745
1776,1752
1783,1730
1753,1714
1742,1716
1746,1696
1755,1713
1732,1681
1707,1676
1685,1670
1672,1641
1678,1613
1635,1599
1631,1603
1626,1587
1567,1577
1576,1558
1544,1550
1558,1506
1544,1482
1504,1468
1470,1498
1496,1478
1444,1467
1422,1452
1431,1442
1452,1459
1428,1445
1429,1464
1426,1490
1450,1472
1473,1481
1460,1463
1458,1495
1462,1506
1478,1533
1500,1515
1522,1561
1545,1570
1561,1609
1548,1585
1589,1601
1604,1619
1619,1644
1641,1660
1643,1692
1676,1686
1680,1691
1689,1690
1711,1710
1731,1721
1723,1727
1736,1722
1782,1745
1769,1752
1763,1758
1761,1754
1730,1766
1744,1742
1736,1714
1748,1698
1747,1689
1702,1711
1680,1688
1662,1668
1690,1642
1640,1609
1616,1605
1618,1601
1596,1582
1592,1585
1574,1556
1538,1533
1520,1499
1510,1505
1502,1480
1514,1452
1461,1503
1461,1474
1439,1480
1463,1447
1423,1446
1428,1443
1447,1467
1453,1441
1431,1470
1450,1482
1435,1501
1451,1504
1489,1517
1495,1531
1510,1564
1518,1562
1509,1527
1551,1589
1566,1618
1603,1623
1616,1650
1636,1679
1646,1686
1659,1682
1694,1692
1718,1712
1713,1727
1726,1743
1746,1722
1745,1742
1750,1748
1762,1727
1783,1755
1797,1731
1790,1747
1747,1748
1759,1737
1739,1702
1758,1696
1722,1706
1703,1685
1698,1670
1673,1651
1645,1602
1638,1596
1628,1607
1593,1578
1595,1554
1572,1548
1555,1541
1526,1514
1520,1507
1504,1472
1485,1467
1478,1482
1467,1471
1437,1490
1461,1434
1440,1440
1441,1486
1428,1465
1452,1474
1410,1463
1469,1484
1435,1471
1486,1472
1499,1513
1488,1514
1489,1538
1537,1558
1548,1584
1550,1598
1571,1612
1588,1628
1606,1632
1639,1686
1666,1662
1680,1687
1681,1697
1700,1707
1695,1707
1721,1720
1734,1729
1758,1747
1744,1763
1736,1742
1754,1747
1766,1761
1749,1730
1721,1727
1771,1743
1729,1720
1740,1699
1702,1666
1705,1674
1686,1668
1663,1622
1633,1602
1639,1641
1613,1590
1614,1575
1583,1551
1539,1528
1547,1542
1522,1513
1518,1511
1476,1500
1484,1475
1457,1477
1500,1467
1440,1461
1464,1461
1439,1456
1440,1450
1477,1440
1457,1465
1443,1494
1438,1502
1468,1496
1505,1507
1484,1500
1494,1512
1522,1534
1546,1570
1542,1578
1607,1611
1568,1629
1585,1628
1631,1647
1642,1655
1660,1677
1690,1679
1696,1718
1702,1716
1728,1721
1759,1735
1730,1720
1732,1726
1745,1745
1761,1743
1765,1734
1738,1731
1748,1712
1752,1733
1735,1720
1703,1684
1742,1688
1700,1674
1693,1672
1675,1668
1661,1630
1661,1613
1622,1585
1600,1592
1584,1550
1575,1531
1562,1560
1551,1523
1517,1495
1526,1483
1484,1491
1474,1472
1462,1453
1478,1464
1431,1478
1435,1444
1440,1435
1436,1487
1449,1473
1442,1487
1471,1480
1457,1481
1480,1507
1485,1511
1499,1522
1501,1535
1549,1573
1565,1591
1601,1582
1569,1626
1607,1617
1634,1646
1632,1642
1664,1683
1676,1700
1703,1715
1688,1708
1712,1729
1742,1728
1717,1727
1740,1734
1760,1743
1740,1721
1754,1749
1748,1725
1749,1734
1747,1728
1743,1717
1726,1705
1737,1711
1708,1680
1679,1668
1663,1630
1654,1633
1647,1619
1645,1601
1594,1590
1591,1568
1548,1536
1562,1510
1526,1522
1509,1520
1517,1480
1489,1483
1491,1476
1469,1457
1478,1461
1441,1453
1426,1464
1451,1461
1460,1477
1467,1481
1469,1480
1417,1476
1459,1490
1477,1488
1485,1518
1478,1528
1531,1548
1554,1542
1534,1568
1573,1612
1591,1637
1629,1619
1632,1657
1641,1660
1675,1673
1676,1691
1706,1718
1728,1711
1701,1769
1753,1734
1734,1743
1753,1735
1751,1737
1760,1760
1764,1754
1774,1728
1781,1736
1722,1720
1732,1710
1732,1694
1711,1679
1695,1670
1680,1681
1664,1637
1655,1611
1626,1616
1608,1570
1618,1580
1608,1572
1545,1519
1539,1519
1504,1512
1514,1504
1464,1471
1486,1448
1450,1485
1432,1457
1472,1467
1457,1459
1464,1444
1438,1473
1467,1471
1454,1460
1460,1467
1456,1503
1477,1526
1486,1511
1512,1535
1474,1539
1529,1580
1537,1561
1578,1606
1597,1612
1606,1620
1613,1643
1639,1646
1668,1667
1676,1690
1685,1693
1702,1729
1713,1710
1736,1747
1724,1733
1744,1731
1756,1737
1751,1760
1768,1727
1768,1715
1746,1742
1743,1728
1756,1693
1713,1685
1734,1701
1729,1684
1690,1662
1700,1638
1659,1625
1639,1587
1639,1602
1617,1571
1596,1585
1542,1540
1532,1507
1512,1516
1491,1507
1491,1484
1485,1455
1468,1473
1474,1450
1432,1453
1473,1428
1426,1433
1436,1452
1435,1442
1458,1498
1442,1494
1444,1462
1468,1505
1448,1497
1495,1522
1515,1546
1539,1562
1549,1578
1574,1604
1553,1611
1567,1608
1604,1629
1642,1680
1664,1658
1686,1682
1699,1705
1688,1729
1719,1714
1733,1723
1755,1728
1742,1749
1796,1744
1767,1749
1747,1752
1750,1737
1754,1732
1771,1731
1733,1724
1753,1685
1759,1695
1703,1673
1722,1679
1644,1651
1663,1614
1617,1589
1642,1585
1620,1572
1577,1551
1550,1521
1527,1512
1539,1488
1501,1502
1474,1480
1475,1471
1458,1458
1476,1459
1432,1455
1461,1472
1396,1446
1432,1467
1453,1447
1460,1480
1428,1483
1449,1494
1486,1509
1498,1524
1508,1539
1485,1554
1521,1579
1530,1585
1579,1588
1615,1628
1604,1629
1633,1666
1647,1660
1681,1696
1701,1707
1686,1720
1702,1709
1747,1726
1751,1732
1744,1754
1788,1744
1759,1716
1771,1729
1756,1720
1745,1740
1749,1708
1762,1730
1753,1717
1706,1689
1696,1695
1712,1658
1690,1659
1654,1628
1649,1611
1631,1577
1618,1581
1593,1555
1559,1520
1517,1554
1527,1513
1512,1483
1496,1484
1492,1487
1457,1469
1466,1440
1468,1447
1444,1443
1466,1438
1436,1456
1452,1450
1443,1484
1431,1458
1464,1499
1463,1481
1461,1509
1491,1511
1508,1533
1511,1558
1533,1576
1536,1586
1574,1590
1609,1648
1620,1645
1649,1672
1631,1660
1689,1695
1694,1719
1664,1713
1737,1729
1739,1751
1737,1749
1735,1742
1744,1751
1759,1716
1787,1748
1772,1738
1764,1722
1752,1734
1764,1726
1729,1689
1693,1701
1697,1693
1701,1654
1670,1634
1662,1614
1631,1593
1590,1587
1589,1540
1564,1547
1550,1520
1522,1482
1494,1464
1466,1480
1491,1485
1466,1472
1453,1453
1461,1459
1423,1465
1421,1475
1439,1452
1445,1446
1424,1496
1449,1474
1483,1481
1459,1498
1453,1488
1473,1536
1527,1516
1506,1580
1532,1592
1580,1591
1574,1626
1591,1632
1631,1667
1628,1648
1673,1669
1701,1723
1701,1682
1701,1721
1722,1729
1742,1756
1739,1726
1742,1731
1755,1743
1752,1765
1782,1723
1779,1723
1747,1737
1734,1725
1748,1704
1721,1712
1713,1682
1710,1647
1695,1644
1670,1626
1649,1628
1604,1598
1586,1557
1558,1548
1581,1551
1524,1517
1522,1519
1481,1490
1478,1471
1495,1470
1453,1462
1471,1464
1437,1414
1427,1455
1453,1451
1430,1460
1443,1456
1452,1454
1438,1490
1440,1482
1485,1476
1497,1499
1477,1549
1507,1543
1545,1582
1557,1579
1571,1628
1572,1595
1609,1638
1623,1661
1656,1676
1653,1681
1655,1721
1713,1712
1715,1744
1741,1719
1739,1747
1757,1737
1773,1755
1777,1765
1757,1733
1754,1738
1779,1724
1747,1705
1766,1713
1739,1708
1688,1684
1712,1663
1706,1673
1669,1614
1656,1612
1643,1589
1623,1587
1592,1562
1572,1556
1551,1539
1543,1515
1506,1480
1505,1479
1468,1482
1478,1469
1440,1452
1466,1461
1427,1451
1439,1447
1414,1443
1433,1454
1437,1467
1439,1471
1476,1478
1462,1497
1488,1530
1490,1514
1483,1539
1496,1541
1509,1571
1537,1572
1558,1614
1594,1613
1621,1655
1628,1689
1656,1688
1673,1690
1727,1719
1691,1719
1724,1707
1756,1756
1766,1757
1747,1764
1756,1752
1766,1745
1759,1756
1763,1720
1760,1731
1753,1717
1755,1705
1748,1681
1697,1661
1678,1662
1696,1658
1646,1646
1629,1615
1633,1572
1618,1552
1557,1558
1554,1540
1514,1518
1530,1468
1465,1479
1496,1448
1444,1457
1460,1473
1447,1444
1419,1455
1425,1429
1453,1462
1442,1470
1436,1438
1440,1483
1442,1478
1445,1487
1469,1509
1481,1501
1489,1529
1497,1541
1549,1566
1553,1580
1559,1597
1600,1633
1627,1649
1642,1655
1670,1703
1679,1712
1693,1727
1734,1728
1720,1721
1752,1727
1767,1760
1757,1738
1792,1751
1767,1752
1797,1726
1776,1754
1785,1723
1763,1710
1749,1707
1708,1722
1736,1679
1705,1650
1682,1638
1651,1632
1636,1594
1594,1585
1620,1567
1594,1537
1553,1554
1542,1518
1527,1526
1519,1452
1487,1484
1466,1463
1453,1465
1442,1438
1428,1450
1427,1455
1451,1442
1419,1458
1440,1456
1424,1454
1443,1474
1459,1502
1458,1501
1489,1508
1520,1551
1532,1565
1524,1576
1542,1612
1577,1622
1586,1626
1646,1658
1648,1650
1677,1676
1691,1692
1710,1745
1731,1718
1743,1721
1742,1758
1728,1746
1776,1757
1795,1753
1740,1775
1758,1772
1770,1748
1779,1756
1750,1728
1743,1711
1740,1699
1739,1669
1674,1690
1666,1646
1652,1623
1659,1605
1629,1606
1580,1556
1567,1531
1532,1532
1513,1537
1515,1537
1477,1477
1478,1461
1470,1481
