ch1,ch2
1602,1629
1600,1638
1658,1678
1652,1694
1642,1710
1711,1710
1717,1750
1746,1733
1765,1722
1777,1744
1799,1784
1765,1748
1766,1779
1785,1754
1766,1729
1807,1713
1759,1739
1736,1728
1776,1730
1731,1709
1728,1700
1717,1687
1687,1639
1676,1654
1657,1594
1623,1587
1626,1596
1588,1546
1558,1555
1545,1519
1500,1515
1521,1497
1498,1463
1461,1476
1456,1445
1443,1457
1426,1454
1429,1407
1440,1450
1415,1433
1432,1455
1393,1453
1419,1466
1431,1471
1420,1474
1470,1489
1453,1532
1478,1534
1534,1558
1547,1546
1530,1590
1558,1598
1582,1630
1610,1652
1614,1658
1651,1660
1668,1681
1695,1729
1685,1721
1747,1730
1740,1736
1764,1757
1774,1770
1781,1768
1783,1779
1773,1745
1807,1746
1799,1746
1755,1733
1749,1742
1769,1727
1728,1730
1759,1737
1719,1651
1697,1663
1694,1635
1682,1631
1626,1613
1638,1598
1606,1559
1583,1546
1587,1525
1556,1524
1520,1453
1503,1496
1466,1446
1456,1437
1465,1421
1447,1446
1464,1429
1422,1423
1411,1421
1421,1456
1395,1436
1416,1451
1420,1443
1454,1469
1454,1488
1427,1497
1458,1547
1494,1559
1499,1557
1519,1587
1544,1595
1550,1607
1575,1627
1620,1648
1645,1688
1661,1683
1695,1699
1687,1700
1718,1745
1697,1746
1763,1759
1751,1724
1783,1757
1781,1748
1790,1767
1767,1750
1785,1729
1784,1747
1786,1747
1769,1727
1746,1694
1698,1700
1727,1697
1743,1662
1701,1662
1684,1621
1668,1618
1596,1587
1623,1556
1586,1553
1549,1530
1538,1528
1514,1525
1500,1470
1481,1492
1484,1489
1447,1434
1448,1436
1432,1465
1410,1416
1398,1408
1359,1447
1399,1426
1402,1403
1388,1450
1462,1484
1452,1469
1437,1493
1450,1491
1486,1527
1498,1534
1498,1582
1531,1572
1575,1592
1586,1614
1568,1616
1653,1652
1644,1703
1660,1690
1676,1705
1720,1707
1745,1733
1753,1763
1743,1766
1768,1776
1752,1778
1746,1752
1801,1759
1794,1756
1790,1766
1781,1754
1769,1717
1786,1730
1748,1701
1741,1705
1758,1665
1716,1642
1688,1645
1678,1618
1636,1621
1603,1583
1632,1542
1598,1530
1566,1520
1547,1503
1510,1489
1484,1469
1436,1467
1454,1451
1459,1449
1443,1412
1393,1443
1431,1435
1421,1401
1439,1435
1415,1428
1411,1441
1397,1425
1424,1472
1440,1496
1452,1527
1475,1538
1496,1522
1539,1546
1535,1570
1559,1584
1577,1605
1624,1657
1618,1669
1659,1671
1677,1653
1686,1733
1708,1734
1750,1692
1722,1737
1763,1730
1774,1762
1798,1773
1781,1786
1799,1786
1799,1788
1803,1756
1784,1758
1790,1761
1756,1710
1759,1705
1738,1712
1731,1681
1696,1644
1723,1646
1640,1635
1661,1614
1614,1587
1618,1565
1597,1520
1564,1543
1519,1470
1488,1507
1483,1496
1510,1442
1451,1429
1425,1453
1472,1389
1401,1427
1433,1432
1388,1424
1404,1433
1430,1429
1412,1444
1406,1463
1451,1464
1451,1493
1456,1499
1480,1495
1500,1540
1508,1559
1531,1579
1494,1586
1560,1595
1595,1646
1629,1661
1658,1681
1663,1683
1695,1693
1736,1725
1766,1737
1750,1759
1772,1772
1747,1740
1783,1769
1760,1791
1783,1770
1804,1765
1800,1783
1769,1734
1827,1755
1745,1720
1769,1712
1756,1715
1763,1706
1700,1668
1693,1663
1668,1638
1661,1632
1633,1589
1611,1577
1602,1534
1541,1516
1535,1509
1520,1499
1477,1446
1479,1471
1455,1435
1481,1442
1434,1405
1381,1438
1412,1444
1387,1429
1396,1405
1383,1425
1397,1407
1410,1439
1429,1478
1399,1476
1434,1494
1476,1518
1502,1526
1483,1526
1502,1556
1553,1576
1572,1588
1599,1624
1589,1674
1631,1667
1680,1710
1683,1690
1694,1703
1735,1749
1737,1738
1758,1749
1764,1763
1772,1762
1791,1771
1791,1775
1792,1775
1798,1760
1816,1736
1789,1743
1787,1722
1785,1741
1722,1688
1720,1706
1700,1690
1697,1645
1698,1608
1631,1609
1614,1578
1568,1581
1571,1570
1567,1501
1515,1502
1502,1510
1502,1470
1455,1498
1451,1446
1444,1446
1447,1414
1399,1424
1392,1433
1380,1431
1394,1443
1405,1451
1428,1450
1409,1453
1395,1482
1405,1481
1466,1497
1451,1519
1464,1537
1519,1542
1554,1564
1599,1562
1549,1615
1600,1632
1627,1636
1628,1680
1668,1687
1691,1706
1714,1725
1734,1765
1741,1765
1777,1765
1770,1772
1780,1755
1807,1775
1806,1794
1811,1785
1808,1766
1788,1756
1797,1754
1792,1727
1781,1705
1728,1726
1743,1684
1684,1637
1684,1643
1643,1629
1622,1599
1602,1614
1599,1571
1574,1569
1522,1511
1557,1514
1505,1490
1474,1449
1446,1461
1472,1443
1446,1438
1451,1408
1387,1426
1409,1414
1411,1416
1384,1424
1387,1418
1415,1423
1455,1467
1389,1437
1449,1462
1472,1524
1472,1513
1482,1515
1509,1525
1549,1567
1546,1595
1571,1639
1600,1639
1620,1676
1659,1684
1676,1693
1707,1734
1740,1723
1773,1755
1759,1761
1763,1791
1795,1802
1788,1793
1842,1782
1787,1766
1808,1771
1803,1765
1790,1747
1796,1770
1767,1738
1759,1729
1726,1699
1716,1701
1714,1671
1718,1655
1650,1633
1656,1557
1627,1589
1600,1577
1546,1506
1531,1546
1486,1467
1497,1478
1473,1465
1433,1444
1448,1442
1443,1450
1402,1426
1378,1418
1389,1429
1392,1417
1407,1451
1392,1422
1414,1437
1397,1468
1416,1467
1426,1476
1461,1485
1439,1515
1491,1516
1491,1567
1540,1577
1558,1600
1580,1623
1600,1637
1652,1662
1640,1692
1696,1701
1714,1738
1699,1750
1734,1720
1750,1785
1773,1774
1781,1768
1830,1784
1786,1779
1798,1794
1805,1756
1817,1763
1814,1753
1800,1769
1795,1751
1779,1728
1729,1707
1721,1689
1686,1661
1686,1643
1647,1606
1634,1583
1592,1564
1572,1540
1534,1529
1499,1496
1523,1482
1506,1466
1427,1469
1480,1432
1415,1436
1425,1434
1394,1438
1409,1386
1438,1410
1416,1404
1395,1408
1409,1425
1410,1422
1421,1459
1436,1460
1419,1484
1484,1518
1478,1525
1488,1556
1522,1546
1546,1576
1617,1602
1603,1650
1615,1678
1619,1656
1668,1675
1706,1697
1749,1747
1755,1746
1770,1762
1788,1756
1760,1763
1783,1783
1810,1810
1805,1767
1829,1790
1795,1789
1812,1776
1792,1753
1823,1735
1794,1727
1752,1717
1719,1684
1731,1678
1674,1645
1658,1619
1617,1613
1631,1549
1609,1553
1568,1530
1561,1494
1539,1518
1499,1489
1501,1455
1427,1455
1438,1444
1430,1405
1421,1411
1388,1395
1400,1404
1385,1398
1370,1448
1407,1435
1403,1424
1401,1452
1379,1479
1407,1490
1484,1480
1444,1505
1510,1544
1502,1559
1549,1572
1574,1612
1581,1610
1588,1623
1629,1675
1677,1717
1647,1699
1719,1751
1729,1722
1757,1767
1787,1787
1773,1778
1774,1763
1804,1779
1812,1781
1800,1767
1802,1776
1799,1780
1806,1798
1766,1769
1782,1705
1769,1717
1787,1714
1748,1680
1704,1669
1704,1631
1672,1629
1643,1588
1597,1555
1597,1540
1564,1539
1551,1503
1503,1492
1492,1420
1461,1451
1427,1451
1416,1417
1392,1419
1385,1416
1409,1389
1378,1403
1393,1416
1396,1401
1405,1427
1370,1452
1421,1464
1412,1457
1469,1490
1459,1477
1457,1521
1495,1538
1513,1597
1516,1613
1546,1617
1564,1630
1618,1680
1654,1703
1710,1683
1690,1728
1727,1723
1696,1744
1783,1800
1816,1801
1831,1780
1775,1781
1775,1823
1803,1790
1849,1804
1786,1769
1797,1751
1803,1749
1771,1715
1783,1721
1780,1723
1711,1673
1694,1647
1678,1628
1664,1633
1625,1626
1574,1594
1604,1576
1561,1532
1554,1527
1522,1497
1491,1476
1472,1452
1450,1453
1454,1433
1422,1402
1379,1422
1397,1425
1393,1420
1391,1420
1410,1397
1431,1427
1389,1433
1411,1459
1397,1460
1428,1483
1426,1526
1464,1533
1481,1532
1547,1622
1554,1584
1582,1631
1621,1648
1629,1664
1669,1703
1682,1670
1706,1707
1701,1721
1697,1742
1771,1735
1753,1743
1802,1766
1780,1807
1814,1784
1819,1794
1828,1764
1806,1774
1766,1762
1804,1775
1782,1747
1766,1713
1756,1684
1719,1694
1710,1666
1682,1652
1672,1640
1626,1587
1599,1585
1583,1539
1525,1544
1563,1519
1544,1490
1478,1448
1451,1451
1456,1435
1404,1430
1418,1390
1379,1406
1397,1429
1392,1442
1405,1421
1388,1431
1448,1432
1391,1391
1392,1434
1422,1462
1449,1485
1416,1482
1505,1499
1493,1528
1526,1559
1552,1597
1561,1617
1577,1651
1597,1671
1642,1661
1690,1692
1707,1693
1730,1732
1764,1759
1739,1728
1758,1777
1804,1770
1756,1793
1801,1810
1786,1802
1778,1789
1799,1783
1802,1769
1779,1770
1781,1751
1786,1730
1742,1690
1769,1665
1729,1688
1706,1625
1699,1622
1629,1618
1642,1557
1603,1547
1572,1517
1574,1508
1522,1490
1499,1500
1474,1445
1426,1440
1450,1428
1423,1404
1382,1409
1405,1417
1398,1423
1410,1372
1356,1389
1377,1441
1387,1425
1411,1450
1430,1462
1440,1478
1455,1487
1468,1514
1502,1513
1522,1556
1523,1571
1560,1603
1609,1637
1614,1675
1653,1684
1684,1712
1702,1716
1693,1768
1747,1758
1737,1754
1752,1750
1761,1772
1787,1777
1780,1810
1830,1793
1818,1779
1807,1736
1817,1764
1778,1751
1779,1727
1746,1737
1732,1709
1716,1712
1721,1688
1687,1673
1659,1645
1611,1624
1619,1591
1579,1539
1565,1529
1536,1517
1540,1492
1538,1456
1510,1475
1454,1434
1431,1466
1414,1427
1399,1414
1397,1414
1385,1424
1394,1408
1394,1407
1416,1388
1409,1437
1381,1417
1412,1447
1428,1496
1466,1501
1448,1482
1498,1542
1532,1553
1511,1586
1568,1592
1581,1623
1593,1646
1648,1695
1668,1686
1683,1714
1708,1750
1732,1740
1775,1774
1737,1746
1746,1805
1774,1784
1788,1753
1808,1789
1819,1795
1807,1754
1830,1757
1804,1761
1800,1764
1768,1722
1757,1700
1763,1708
1716,1688
1721,1680
1700,1624
1658,1617
1631,1581
1626,1534
1545,1545
1524,1507
1538,1487
1485,1477
1477,1436
1448,1451
1418,1449
1421,1410
1397,1437
1389,1394
1414,1406
1378,1405
1399,1418
1392,1420
1415,1467
1392,1457
1423,1444
1426,1449
1447,1506
1453,1514
1493,1532
1505,1553
1566,1618
1532,1593
1592,1658
1584,1678
1646,1689
1666,1687
1712,1713
1695,1718
1730,1737
1769,1797
1761,1745
1798,1777
1810,1758
1824,1776
1784,1781
1821,1774
1801,1798
1846,1746
1821,1754
1800,1727
1762,1711
1718,1702
1741,1697
1704,1697
1658,1605
1682,1609
1680,1616
1648,1582
1593,1562
1588,1516
1529,1531
1534,1471
1494,1467
1465,1481
1467,1494
1430,1458
1425,1422
1392,1382
1383,1417
1389,1402
1357,1415
1371,1406
1421,1426
1364,1446
1425,1437
1416,1457
1433,1471
1459,1501
1506,1551
1493,1523
1504,1559
1554,1590
1547,1617
1569,1616
1623,1662
1631,1668
1630,1685
1679,1749
1721,1731
1710,1740
1763,1784
1789,1787
1785,1778
1802,1772
1802,1815
1827,1786
1781,1782
1820,1781
1822,1785
1789,1751
1750,1731
1782,1741
1777,1723
1741,1711
1738,1656
1692,1687
1667,1657
1644,1605
1610,1548
1597,1561
1581,1541
1553,1544
1501,1496
1474,1466
1453,1454
1500,1484
1430,1445
1403,1408
1402,1424
1408,1409
1382,1409
1360,1388
1440,1419
1417,1425
1419,1440
1402,1422
1411,1437
1417,1501
1444,1496
1450,1520
1502,1547
1519,1548
1507,1557
1558,1623
1604,1642
1583,1659
1647,1653
1675,1693
1739,1718
1689,1704
1721,1762
1762,1755
1736,1780
1767,1753
1769,1765
1805,1781
1800,1776
1838,1783
1832,1779
1802,1757
1780,1739
1794,1760
1772,1711
1751,1708
1715,1692
1701,1683
1670,1641
1666,1641
1651,1636
1580,1582
1590,1580
1583,1539
1540,1530
1491,1493
1519,1477
1503,1465
1504,1445
1424,1409
1443,1418
1439,1417
1414,1453
1391,1395
1404,1405
1424,1403
1393,1449
1379,1410
1415,1445
1414,1471
1425,1479
1459,1508
1462,1521
1481,1542
1485,1564
1550,1580
1564,1612
1613,1637
1617,1653
1655,1682
1647,1672
1647,1734
1699,1723
1715,1755
1751,1764
1774,1789
1761,1772
1822,1796
1801,1794
1810,1766
1815,1775
1803,1790
1793,1777
1791,1761
1801,1752
1795,1732
1758,1717
1711,1690
1731,1680
1677,1629
1650,1633
1664,1591
1642,1606
1614,1546
1537,1535
1544,1533
1538,1502
1519,1471
1476,1470
1472,1434
1432,1453
1428,1448
1444,1381
1415,1410
1392,1410
1416,1424
1402,1429
1426,1449
1389,1417
1394,1475
1450,1484
1449,1460
1474,1512
1491,1534
1470,1551
1503,1559
1523,1560
1602,1610
1588,1646
1641,1643
1629,1664
1660,1703
1699,1709
1708,1714
1731,1734
1749,1774
1764,1762
1786,1769
1787,1776
1812,1758
1806,1788
1810,1779
1813,1752
1785,1784
1770,1752
1757,1736
1740,1751
1740,1707
1724,1700
1712,1681
1672,1603
1665,1607
1659,1588
1640,1597
1593,1546
1579,1524
1565,1520
1525,1519
1481,1458
1463,1463
1458,1465
1434,1432
1435,1437
1402,1430
1402,1388
1398,1456
1391,1431
1421,1429
1390,1401
1427,1409
1397,1462
1425,1432
1448,1482
1492,1512
1512,1541
1484,1543
1519,1579
1529,1572
1568,1588
1598,1616
1619,1663
1600,1667
1698,1702
1703,1727
1701,1738
1753,1754
1767,1747
1767,1801
1796,1780
1783,1775
1798,1790
1784,1786
1778,1760
1805,1751
1795,1750
1776,1761
1782,1726
1758,1739
1742,1702
1735,1677
1722,1651
1675,1660
1630,1599
1651,1576
1605,1587
1561,1558
1544,1559
1551,1529
1521,1481
1528,1479
1486,1462
1452,1452
1438,1475
1427,1424
1441,1432
1406,1434
1429,1420
1392,1412
1393,1425
1422,1414
1414,1427
1425,1438
1416,1471
1458,1489
1453,1512
1484,1535
1481,1539
1512,1552
1541,1567
1573,1598
1579,1636
1619,1665
1619,1668
1671,1680
1702,1712
1723,1753
1720,1730
1743,1774
1732,1764
1797,1778
1815,1772
1797,1789
1806,1785
1822,1740
1809,1773
1806,1738
1809,1744
1776,1766
1779,1734
1751,1696
1693,1648
1667,1688
1693,1657
1637,1600
1608,1586
1638,1574
1595,1550
1606,1538
1512,1500
1506,1499
1464,1468
1467,1451
1483,1448
1447,1485
1404,1433
1429,1411
1365,1429
1406,1447
1393,1440
1425,1421
1412,1461
1418,1439
1408,1444
1432,1465
1461,1480
1506,1503
1484,1558
1468,1548
1537,1570
1577,1614
1582,1627
1596,1635
1673,1623
1676,1677
1693,1693
1688,1731
1724,1734
1747,1758
1730,1764
1808,1764
1799,1722
1789,1772
1817,1740
1775,1793
1806,1747
1773,1756
1799,1778
1813,1758
1760,1748
1775,1741
1740,1700
1749,1689
1727,1666
1680,1655
1656,1607
1630,1575
1625,1581
1595,1583
1560,1534
1528,1494
1516,1493
1487,1467
1478,1490
1477,1452
1421,1453
1418,1422
1407,1446
1456,1436
1444,1410
1419,1427
1403,1442
1430,1407
1418,1436
1404,1483
1410,1439
1465,1506
1462,1520
1468,1553
1504,1575
1522,1515
1582,1594
1613,1601
1615,1644
1616,1645
1643,1672
1686,1693
1684,1684
1730,1744
1742,1740
1747,1763
1770,1773
1794,1756
1809,1790
1779,1770
1793,1756
1793,1759
1818,1765
1771,1758
1779,1759
1758,1723
1753,1712
1756,1688
1692,1698
1719,1651
1707,1638
1658,1646
1637,1576
1609,1554
1604,1581
1572,1520
1559,1530
1530,1493
1510,1451
1514,1453
1452,1433
1466,1423
1444,1424
1425,1395
1413,1421
1401,1435
1425,1420
1405,1436
1387,1437
1405,1420
1410,1473
1449,1510
1473,1492
1489,1518
1493,1552
1541,1536
1552,1532
1543,1590
1604,1609
1583,1640
1607,1662
1625,1686
1642,1706
1681,1725
1683,1723
1722,1738
1725,1747
1763,1782
1752,1765
1770,1784
1762,1753
1813,1751
1831,1763
1799,1788
1783,1757
1772,1736
1812,1741
1749,1724
1732,1674
1720,1703
1708,1677
1717,1637
1666,1607
1652,1583
1586,1587
1639,1569
1548,1518
1540,1522
1511,1503
1498,1472
1494,1466
1465,1440
1461,1432
1443,1404
1411,1445
1420,1434
1387,1448
1415,1442
1398,1441
1398,1429
1426,1439
1427,1442
1445,1479
1444,1495
1502,1509
1490,1506
1498,1591
1533,1551
1575,1565
1572,1596
1556,1629
1618,1664
1646,1686
1665,1661
1703,1700
1682,1706
1732,1723
1711,1777
1745,1746
1767,1765
1772,1768
1806,1752
1793,1780
1784,1753
1793,1773
1780,1763
1787,1735
1810,1737
1763,1717
1709,1700
1702,1691
1727,1701
1679,1662
1685,1605
1640,1626
1618,1577
1605,1568
1587,1556
1545,1524
1534,1493
1522,1468
1514,1511
1453,1491
1461,1445
1433,1444
1420,1438
1457,1427
1388,1424
1421,1421
1407,1452
1412,1478
1436,1458
1435,1465
1410,1457
1466,1486
1456,1519
1462,1506
1493,1548
1534,1567
1556,1593
1556,1607
1567,1626
1620,1650
1643,1674
1644,1681
1668,1716
1693,1703
1720,1724
1760,1739
1748,1747
1752,1736
1769,1791
1812,1760
1805,1778
1799,1777
1751,1776
1767,1746
1765,1762
1740,1718
1763,1733
1758,1700
1724,1691
1720,1684
1665,1681
1648,1641
1637,1596
1648,1606
1571,1557
1558,1552
1592,1494
1481,1521
1522,1508
1509,1479
1438,1474
1426,1427
1452,1435
1448,1434
1414,1410
1420,1421
1409,1457
1412,1419
1422,1453
1406,1467
1397,1482
1437,1480
1454,1485
1475,1505
1486,1556
1509,1529
1520,1563
1528,1563
1563,1588
1559,1591
1587,1655
1648,1651
1664,1672
1694,1699
1690,1703
1725,1733
1723,1741
1746,1741
1734,1751
1766,1765
1789,1761
1784,1760
1791,1761
1783,1762
1799,1772
1793,1724
1736,1707
1748,1746
1748,1686
1732,1706
1696,1679
1713,1667
1666,1640
1645,1592
1637,1593
1601,1559
1582,1548
1552,1534
1516,1497
1507,1473
1470,1480
1478,1453
1446,1471
1445,1472
1441,1441
1426,1456
1446,1416
1396,1425
1412,1433
1414,1424
1409,1439
1450,1484
1454,1480
1463,1474
1478,1496
1505,1523
1502,1553
1541,1564
1541,1584
1582,1598
1561,1614
1601,1615
1602,1613
1681,1683
1679,1693
1693,1726
1725,1706
1725,1746
1754,1728
1730,1764
1738,1759
1776,1774
1775,1754
1826,1790
1782,1744
1776,1738
1799,1744
1739,1722
1749,1712
1747,1719
1717,1669
1719,1666
1687,1653
1685,1642
1628,1612
1674,1597
1646,1561
1586,1546
1546,1558
1568,1542
1492,1488
1514,1486
1483,1462
1500,1460
1419,1428
1448,1440
1405,1417
1453,1416
1420,1459
1424,1447
1403,1460
1403,1440
1406,1456
1464,1473
1439,1526
1446,1523
1483,1525
1498,1523
1488,1569
1539,1572
1512,1592
1570,1587
1579,1653
1637,1663
1650,1689
1673,1693
1676,1720
1683,1713
1670,1735
1739,1727
1739,1764
1756,1765
1739,1741
1741,1739
1786,1761
1741,1767
1793,1765
1771,1720
1756,1747
1776,1734
1736,1710
1747,1698
1690,1681
1701,1683
1655,1649
1656,1631
1658,1624
1611,1587
1614,1552
1586,1561
1572,1518
1523,1538
1518,1499
1490,1508
1501,1510
1495,1442
1438,1437
1453,1423
1458,1485
1407,1464
1396,1430
1442,1420
1413,1448
1432,1440
1455,1456
1455,1492
1438,1513
1445,1522
1477,1520
1491,1556
1537,1555
1537,1598
1568,1596
1580,1629
1594,1639
1650,1665
1655,1646
1618,1691
1692,1704
1703,1724
1726,1729
1741,1740
1751,1763
1755,1770
1721,1754
1780,1767
1778,1747
1814,1770
1793,1752
1744,1747
1754,1744
1747,1712
1742,1733
1716,1695
1710,1656
1723,1658
1688,1626
1649,1622
1621,1578
1580,1581
1590,1534
1610,1527
1559,1505
1535,1514
1515,1498
1476,1502
1459,1480
1442,1470
1462,1460
1447,1459
1421,1433
1429,1450
1429,1429
1411,1429
1460,1440
1438,1453
1436,1479
1446,1461
1489,1471
1468,1516
1492,1534
1509,1531
1510,1589
1517,1576
1565,1596
1608,1617
1641,1630
1643,1671
1675,1678
1700,1725
1683,1690
1737,1690
1684,1725
1737,1719
1766,1744
1772,1746
1775,1775
1743,1721
1775,1754
1795,1726
1735,1729
1755,1739
1746,1702
1769,1741
1743,1696
1692,1690
1696,1689
1675,1652
1674,1644
1653,1600
1629,1578
1596,1572
1567,1577
1570,1539
1551,1540
1535,1505
1488,1501
1467,1447
1495,1454
1471,1468
1460,1489
1422,1461
1457,1430
1425,1445
1427,1447
1436,1445
1404,1479
1407,1480
1468,1474
1430,1518
1446,1498
1518,1508
1517,1498
1505,1563
1502,1572
1560,1592
1601,1585
1648,1640
1591,1612
1648,1696
1640,1667
1663,1676
1690,1723
1723,1714
1722,1738
1777,1729
1745,1745
1748,1771
1778,1738
1788,1750
1769,1771
1760,1752
1787,1749
1748,1731
1769,1735
1720,1715
1718,1709
1732,1708
1723,1653
1700,1661
1659,1642
1633,1578
1616,1579
1614,1560
1570,1560
1569,1556
1540,1539
1544,1498
1496,1498
1486,1504
1484,1481
1463,1474
1450,1457
1437,1451
1471,1460
1433,1454
1407,1467
1444,1474
1453,1489
1477,1466
1434,1492
1448,1491
1447,1504
1485,1515
1513,1550
1499,1578
1547,1574
1525,1591
1582,1580
1587,1621
1611,1632
1633,1651
1664,1657
1670,1665
1701,1682
1730,1729
1694,1718
1705,1745
1764,1749
1749,1753
1759,1753
1722,1771
1743,1753
1773,1746
1762,1688
1751,1767
1731,1718
1751,1709
1725,1703
1703,1672
1702,1668
1666,1639
1666,1631
1681,1600
1631,1573
1620,1582
1577,1547
1572,1542
1562,1515
1499,1519
1527,1509
1528,1460
1444,1475
1464,1461
1456,1471
1466,1438
1443,1475
1487,1471
1444,1477
1426,1430
1434,1479
1446,1493
1428,1500
1467,1495
1455,1519
1481,1547
1502,1544
1538,1560
1519,1562
1585,1573
1561,1586
1595,1591
1599,1636
1645,1632
1652,1641
1670,1692
1663,1694
1717,1740
1736,1727
1727,1712
1752,1736
1783,1751
1744,1754
1763,1728
1742,1753
1770,1752
1772,1745
1741,1752
1745,1705
1708,1709
1759,1732
1690,1677
1699,1661
1690,1645
1648,1672
1612,1606
1620,1575
1613,1570
1602,1565
1565,1574
1529,1534
1531,1515
1523,1494
1475,1494
1493,1462
1476,1461
1479,1469
1463,1460
1455,1435
1468,1439
1435,1454
1410,1458
1456,1436
1424,1467
1479,1466
1448,1518
1478,1507
1459,1526
1508,1529
1526,1541
1544,1551
1521,1585
1591,1592
1588,1630
1601,1631
1613,1705
1676,1641
1673,1696
1661,1726
1668,1710
1702,1691
1739,1738
1724,1755
1720,1752
1746,1722
1786,1741
1784,1749
1746,1743
1743,1752
1730,1732
1744,1728
1749,1704
1737,1694
1692,1671
1696,1639
1710,1667
1688,1646
1670,1587
1645,1597
1626,1573
1566,1602
1592,1547
1574,1529
1564,1528
1524,1518
1476,1499
1502,1471
1512,1461
1486,1473
1489,1466
1472,1486
1444,1450
1445,1470
1436,1452
1407,1443
1457,1457
1455,1474
1449,1483
1467,1508
1470,1505
1544,1525
1504,1556
1549,1557
1544,1581
1574,1584
1575,1596
1571,1619
1606,1651
1635,1652
1677,1667
1654,1694
1704,1679
1704,1721
1731,1750
1754,1732
1744,1747
1782,1704
1735,1745
1746,1763
1744,1720
1765,1731
1748,1739
1780,1716
1738,1695
1748,1723
1752,1682
1735,1669
1679,1670
1690,1641
1685,1639
1643,1622
1614,1616
1610,1598
1576,1583
1567,1565
1508,1508
1526,1493
1507,1506
1505,1475
1489,1486
1478,1474
1449,1472
1410,1466
1466,1465
1462,1457
1475,1463
1429,1489
1452,1475
1463,1488
1447,1496
1454,1476
1487,1497
1474,1512
1512,1537
1529,1542
1507,1571
1554,1591
1620,1611
1633,1614
1618,1649
1647,1671
1648,1642
1657,1688
1667,1702
1710,1698
1725,1736
1739,1712
1750,1703
1735,1759
1767,1725
1738,1735
1757,1735
1724,1723
1762,1726
1736,1725
1743,1724
1722,1691
1716,1696
1699,1674
1705,1666
1696,1645
1643,1628
1667,1627
1613,1609
1633,1622
1621,1571
1575,1516
1549,1536
1546,1525
1515,1507
1519,1497
1528,1507
1514,1464
1440,1483
1453,1449
1430,1444
1439,1432
1477,1459
1412,1481
1440,1465
1464,1458
1434,1466
1474,1497
1467,1513
1463,1508
1513,1548
1499,1547
1483,1554
1568,1561
1538,1601
1584,1593
1597,1624
1600,1663
1667,1657
1670,1674
1658,1697
1699,1695
1701,1702
1723,1739
1707,1723
1721,1710
1741,1706
1735,1774
1725,1729
1787,1734
1719,1766
1743,1742
1756,1723
1723,1704
1763,1704
1742,1684
1748,1725
1697,1656
1702,1669
1657,1633
1654,1636
1636,1613
1615,1560
1591,1598
1564,1543
1567,1523
1553,1517
1540,1517
1513,1511
1486,1498
1495,1486
1497,1479
1492,1469
1477,1456
1450,1477
1445,1474
1455,1461
1441,1458
1457,1473
1480,1499
1484,1502
1438,1490
1480,1500
1501,1539
1469,1539
1520,1537
1565,1579
1522,1566
1559,1585
1594,1593
1577,1653
1613,1666
1671,1642
1662,1670
1689,1675
1690,1707
1729,1722
1731,1741
1728,1717
1736,1751
1748,1726
1749,1730
1731,1752
1733,1724
1744,1739
1775,1743
1750,1696
1714,1732
1737,1689
1726,1711
1693,1667
1684,1658
1671,1672
1648,1625
1667,1586
1648,1611
1587,1569
1583,1543
1587,1549
1570,1528
1518,1516
1549,1514
1517,1478
1483,1458
1464,1510
1472,1485
1462,1461
1476,1463
1452,1455
1437,1476
1466,1490
1459,1454
1435,1478
1437,1498
1468,1507
1482,1502
1498,1517
1485,1534
1513,1532
1549,1560
1536,1597
1580,1595
1606,1612
1567,1664
1610,1648
1637,1687
1618,1681
1659,1702
1675,1716
1713,1699
1705,1698
1767,1701
1751,1737
1758,1753
1734,1747
1758,1714
1733,1724
1737,1754
1743,1724
1740,1738
1698,1702
1712,1691
1751,1715
1710,1685
1677,1667
1641,1649
1662,1644
1668,1609
1640,1575
1626,1580
1568,1567
1533,1537
1563,1559
1533,1535
1492,1509
1503,1482
1504,1477
1452,1485
1456,1477
1462,1450
1447,1449
1458,1455
1462,1481
1448,1474
1450,1469
1458,1469
1471,1499
1470,1506
1458,1538
1450,1517
1510,1554
1493,1558
1554,1571
1535,1570
1566,1607
1590,1612
1595,1620
1626,1653
1646,1672
1671,1643
1667,1666
1696,1707
1693,1705
1709,1722
1731,1725
1706,1714
1757,1738
1748,1738
1744,1748
1731,1721
1744,1763
1757,1742
1752,1735
1713,1736
1711,1683
1698,1710
1727,1660
1676,1657
1672,1653
1652,1659
1679,1621
1631,1596
1644,1570
1594,1579
1579,1519
1531,1543
1523,1516
1529,1516
1520,1506
1486,1479
1507,1461
1467,1486
1500,1482
1433,1448
1457,1484
1477,1471
1425,1472
1423,1459
1489,1490
1452,1479
1472,1509
1480,1479
1499,1534
1471,1552
1491,1530
1508,1542
1511,1552
1569,1570
1539,1591
1616,1605
1605,1621
1640,1640
1629,1658
1652,1679
1672,1712
1679,1720
1718,1700
1684,1702
1769,1691
1693,1741
1731,1694
1732,1789
1761,1717
1756,1753
1740,1729
1737,1717
1758,1740
1723,1718
1718,1720
1710,1693
1680,1701
1684,1651
1692,1664
1653,1632
1666,1618
1626,1561
1639,1592
1604,1554
1551,1565
1541,1552
1544,1530
1497,1523
1509,1482
1531,1465
1467,1509
1494,1454
1454,1472
1455,1447
1463,1451
1499,1459
1452,1492
1422,1483
1468,1468
1427,1488
1485,1527
1478,1511
1480,1496
1482,1514
1480,1514
1516,1573
1561,1565
1528,1575
1562,1591
1592,1643
1596,1585
1648,1635
1639,1644
1670,1692
1652,1664
1667,1696
1684,1692
1671,1726
1748,1721
1719,1718
1746,1749
1726,1725
1723,1722
1720,1735
1766,1724
1779,1726
1790,1712
1745,1707
1761,1701
1738,1657
1679,1696
1685,1661
1686,1630
1691,1643
1670,1619
1609,1604
1621,1576
1614,1574
1598,1548
1557,1541
1561,1542
1547,1525
1492,1518
1501,1491
1490,1480
1490,1483
1520,1471
1440,1454
1459,1489
1457,1465
1468,1467
1449,1498
1482,1471
1432,1484
1439,1510
1469,1487
1483,1516
1452,1534
1525,1538
1504,1561
1564,1556
1558,1589
1543,1597
1599,1605
1593,1634
1608,1640
1649,1656
1628,1672
1681,1694
1702,1699
1730,1735
1708,1744
1715,1739
1725,1727
1735,1750
1777,1716
1740,1734
1748,1721
1737,1729
1715,1697
1729,1707
1751,1707
1739,1680
1701,1698
1731,1668
1720,1663
1692,1664
1641,1621
1637,1632
1646,1619
1622,1584
1606,1542
1633,1554
1571,1553
1548,1550
1545,1516
1535,1471
1508,1489
1507,1476
1507,1488
1435,1446
1477,1492
1450,1494
1480,1466
1430,1489
1450,1488
1453,1469
1453,1475
1439,1494
1438,1496
1471,1521
1519,1541
1489,1520
1495,1557
1555,1579
1519,1574
1560,1599
1597,1623
1640,1616
1605,1639
1618,1655
1631,1704
1634,1708
1682,1660
1676,1711
1710,1702
1729,1728
1704,1711
1741,1734
1743,1744
1740,1738
1750,1701
1772,1713
1754,1727
1737,1740
1763,1703
1711,1722
1705,1680
1717,1684
1722,1686
1702,1660
1710,1649
1644,1633
1641,1614
1603,1614
1605,1599
1582,1587
1576,1559
1575,1569
1544,1503
1558,1486
1506,1534
1472,1502
1465,1494
1472,1508
1460,1481
1486,1484
1454,1491
1458,1456
1424,1464
1452,1471
1440,1452
1434,1470
1444,1504
1442,1505
1487,1515
1479,1522
1507,1531
1483,1525
1516,1564
1580,1581
1577,1597
1588,1616
1599,1606
1584,1674
1648,1650
1635,1693
1632,1713
1688,1695
1695,1712
1694,1721
1702,1721
1759,1758
1749,1712
1727,1722
1745,1744
1704,1720
1789,1686
1772,1719
1727,1704
1727,1718
1768,1693
1727,1716
1725,1692
1704,1695
1696,1643
1681,1639
1629,1618
1624,1603
1597,1603
1605,1574
1596,1550
1564,1540
1508,1528
1545,1506
1529,1509
1506,1493
1500,1498
1485,1443
1483,1477
1471,1467
1447,1469
1448,1489
1438,1486
1432,1448
1431,1464
1462,1466
1438,1445
1454,1501
1465,1510
1474,1509
1498,1517
1513,1535
1560,1562
1546,1562
1574,1578
1569,1587
1554,1615
1620,1640
1635,1662
1629,1664
1657,1647
1671,1670
1715,1679
1680,1710
1691,1694
1732,1723
1738,1727
1738,1727
1781,1719
1743,1717
1763,1714
1771,1740
1741,1726
1752,1716
1747,1728
1741,1703
1706,1669
1719,1697
1689,1634
1677,1647
1645,1646
1619,1621
1604,1602
1632,1586
1615,1565
1588,1584
1553,1541
1564,1532
1550,1518
1540,1500
1501,1496
1496,1488
1501,1488
1494,1486
1437,1456
1482,1481
1464,1450
1449,1494
1484,1464
1437,1462
1477,1456
1469,1485
1491,1496
1457,1513
1508,1484
1495,1504
1504,1544
1478,1543
1523,1545
1562,1558
1579,1593
1554,1619
1574,1626
1639,1633
1611,1667
1673,1671
1653,1703
1659,1704
1669,1691
1705,1742
1697,1715
1716,1723
1749,1752
1726,1720
1737,1758
1743,1706
1728,1711
1784,1755
1727,1710
1759,1700
1766,1705
1710,1704
1697,1694
1700,1663
1723,1676
1679,1646
1673,1659
1671,1603
1631,1620
1626,1584
1621,1584
1591,1593
1561,1495
1540,1538
1515,1533
1499,1508
1490,1462
1488,1465
1484,1487
1459,1463
1430,1503
1448,1460
1469,1469
1480,1488
1431,1467
1474,1445
1426,1478
1446,1454
1451,1487
1434,1496
1482,1486
1494,1503
1496,1520
1515,1552
1539,1560
1560,1582
1574,1614
1587,1610
1613,1624
1617,1656
1607,1677
1665,1690
1671,1699
1695,1699
1686,1692
1737,1759
1731,1692
1730,1738
1715,1712
1744,1754
1746,1742
1761,1744
1751,1766
1765,1723
1778,1703
1721,1703
1738,1721
1709,1685
1712,1672
1699,1690
1702,1677
1655,1641
1681,1618
1643,1618
1612,1573
1592,1587
1563,1548
1570,1526
1587,1547
1528,1510
1512,1513
1506,1484
1475,1504
1482,1491
1460,1462
1452,1474
1470,1461
1457,1463
1445,1452
1442,1496
1463,1429
1459,1488
1411,1501
1431,1480
1472,1477
1480,1492
1491,1532
1484,1532
1533,1510
1502,1586
1536,1569
1544,1594
1577,1594
1592,1618
1598,1650
1606,1652
1620,1668
1622,1669
1670,1671
1670,1720
1733,1742
1707,1713
1742,1754
1726,1759
1734,1727
1732,1744
1770,1742
1758,1750
1745,1717
1730,1731
1755,1752
1753,1688
1751,1694
1744,1697
1693,1679
1715,1668
1702,1661
1671,1627
1663,1607
1634,1627
1638,1618
1558,1553
1627,1553
1552,1550
1560,1528
1558,1536
1514,1495
1498,1491
1484,1492
1471,1489
1482,1460
1470,1463
1432,1441
1436,1454
1437,1441
1414,1459
1454,1456
1418,1472
1449,1489
1438,1449
1439,1513
1458,1495
1476,1514
1524,1522
1481,1552
1489,1566
1528,1573
1567,1571
1583,1596
1612,1629
1628,1653
1645,1672
1661,1648
1657,1686
1694,1676
1729,1743
1727,1728
1723,1727
1729,1712
1744,1762
1753,1723
1773,1739
1790,1737
1741,1722
1737,1786
1748,1725
1768,1702
1761,1734
1727,1695
1714,1703
1715,1683
1740,1652
1684,1655
1706,1661
1691,1639
1643,1591
1603,1591
1619,1568
1556,1546
1572,1542
1565,1540
1540,1502
1511,1464
1503,1464
1503,1494
1438,1456
1477,1460
1448,1461
1446,1470
1406,1461
1459,1467
1461,1447
1416,1489
1428,1460
1452,1471
1449,1490
1452,1474
1435,1492
1488,1519
1475,1538
1518,1534
1540,1564
1524,1577
1535,1590
1574,1603
1594,1620
1613,1636
1639,1673
1681,1685
1678,1666
1678,1674
1723,1714
1708,1730
1699,1696
1712,1739
1744,1743
1731,1753
1748,1746
1750,1734
1754,1778
1781,1758
1792,1731
1765,1738
1749,1722
1722,1703
1706,1708
1706,1673
1716,1656
1665,1645
1644,1652
1678,1658
1625,1620
1639,1583
1623,1553
1589,1579
1587,1558
1590,1546
1560,1525
1504,1500
1486,1479
1513,1485
1488,1486
1443,1498
1426,1447
1457,1436
1433,1410
1439,1425
1466,1475
1424,1456
1459,1464
1442,1500
1463,1471
1428,1511
1481,1492
1482,1518
1479,1510
1510,1554
1531,1559
1517,1559
1541,1603
1554,1625
1554,1625
1611,1622
1611,1643
1668,1679
1673,1656
1657,1710
1685,1711
1718,1725
1738,1690
1726,1759
1724,1727
1741,1775
1780,1763
1737,1744
1742,1740
1743,1721
1756,1745
1722,1727
1731,1720
1774,1689
1712,1719
1731,1718
1704,1695
1720,1689
1695,1662
1687,1654
1700,1627
1659,1607
1639,1588
1608,1592
1628,1536
1584,1545
1559,1499
1515,1488
1547,1496
1481,1478
1511,1458
1497,1469
1446,1467
1459,1449
1446,1442
1426,1420
1433,1426
1426,1445
1426,1456
1421,1472
1433,1441
1434,1452
1454,1458
1453,1496
1452,1521
1495,1544
1498,1545
1517,1535
1555,1577
1589,1590
1560,1621
1556,1603
1603,1636
1590,1672
1621,1681
1634,1703
1667,1723
1704,1718
1706,1725
1722,1752
1771,1740
1777,1762
1747,1736
1773,1753
1746,1765
1783,1729
1744,1728
1743,1764
1745,1762
1782,1717
1746,1700
1746,1748
1729,1672
1702,1684
1703,1685
1705,1660
1683,1653
1633,1620
1627,1593
1599,1577
1599,1559
1579,1533
1554,1535
1567,1508
1540,1514
1503,1505
1521,1488
1473,1487
1477,1488
1462,1465
1429,1452
1431,1447
1465,1456
1442,1448
1411,1456
1459,1448
1423,1480
1418,1478
1426,1480
1444,1483
1451,1485
1486,1497
1504,1547
1475,1521
1527,1556
1532,1562
1560,1599
1572,1610
1587,1626
1579,1650
1618,1659
1643,1674
1656,1718
1681,1704
1700,1729
1725,1728
1749,1746
1725,1729
1755,1750
1726,1721
1778,1755
1776,1756
1782,1764
1757,1742
1784,1746
1765,1724
1754,1733
1761,1724
1754,1699
1718,1697
1755,1693
1746,1628
1681,1657
1656,1644
1649,1593
1613,1605
1609,1562
1628,1568
1567,1555
1596,1527
1552,1525
1497,1504
1510,1488
1493,1487
1482,1475
1447,1457
1493,1458
1438,1435
1455,1443
1423,1435
1439,1458
1417,1436
1428,1431
1433,1481
1410,1460
1438,1461
1427,1481
1448,1485
1467,1507
1471,1520
1487,1532
1503,1532
1539,1578
1549,1557
1559,1601
1583,1635
1613,1657
1630,1659
1653,1666
1656,1714
1668,1686
1687,1725
1685,1717
1751,1755
1719,1735
1724,1729
1733,1765
1775,1759
1747,1759
1782,1762
1793,1736
1759,1748
1777,1753
1732,1764
1761,1733
1755,1727
1734,1693
1763,1716
1746,1660
1705,1665
1684,1654
1658,1621
1649,1594
1600,1576
1594,1566
1605,1539
1583,1538
1571,1489
1520,1511
1521,1502
1487,1447
1496,1474
1468,1450
1425,1448
1449,1432
1434,1451
1412,1446
1438,1454
1420,1458
1440,1443
1422,1438
1424,1478
1414,1473
1462,1463
1471,1495
1457,1517
1485,1521
1493,1517
1510,1565
1499,1569
1528,1591
1561,1607
1592,1638
1589,1624
1642,1697
1641,1655
1678,1681
1655,1667
1683,1701
1726,1723
1708,1741
1748,1732
1762,1750
1761,1782
1785,1766
1737,1758
1808,1736
1784,1784
1778,1742
1742,1768
1749,1762
1762,1714
1777,1711
1723,1709
1743,1675
1721,1680
1698,1649
1680,1651
1646,1597
1651,1617
1647,1613
1618,1573
1600,1575
1584,1533
1547,1527
1539,1513
1517,1529
1529,1454
1512,1486
1464,1450
1463,1485
1448,1451
1428,1445
1406,1430
1413,1450
1395,1419
1406,1437
1439,1444
1414,1467
1420,1442
1434,1463
1412,1493
1458,1475
1495,1517
1471,1502
1480,1550
1511,1575
1527,1566
1531,1573
1599,1603
1608,1631
1613,1629
1618,1641
1691,1673
1661,1676
1695,1705
1720,1723
1715,1728
1718,1727
1773,1775
1748,1736
1773,1759
1773,1784
1763,1774
1801,1813
1783,1732
1788,1785
1757,1716
1818,1712
1784,1716
1748,1711
1721,1716
1700,1692
1704,1689
1708,1645
1689,1634
1669,1613
1646,1610
1650,1612
1599,1568
1583,1525
1574,1571
1542,1536
1536,1524
1542,1518
1481,1471
1466,1452
1468,1471
1457,1446
1428,1435
1461,1433
1416,1446
1394,1438
1437,1442
1379,1421
1424,1429
1431,1442
1460,1459
1455,1461
1448,1451
1453,1503
1450,1512
1476,1527
1507,1538
1512,1555
1586,1567
1564,1604
1555,1638
1601,1614
1622,1624
1634,1680
1661,1684
1672,1703
1674,1727
1685,1731
1721,1710
1755,1738
1777,1748
1739,1774
1781,1736
1755,1750
1801,1784
1778,1769
1832,1762
1810,1757
1795,1778
1781,1749
1771,1698
1800,1710
1753,1692
1732,1709
1741,1683
1688,1670
1699,1631
1655,1652
1652,1621
1609,1588
1635,1590
1554,1563
1576,1531
1552,1506
1551,1503
1527,1517
1493,1446
1491,1456
1445,1462
1454,1474
1465,1442
1432,1432
1434,1432
1412,1452
1403,1425
1392,1447
1432,1454
1435,1442
1447,1489
1442,1462
1464,1454
1461,1505
1473,1492
1488,1512
1521,1519
1515,1545
1533,1579
1573,1612
1569,1611
1582,1650
1614,1653
1649,1682
1659,1683
1689,1711
1676,1729
1725,1741
1710,1737
1770,1747
1733,1759
1786,1756
1742,1757
1759,1756
1825,1775
1765,1785
1773,1757
1789,1781
1773,1752
1825,1769
1757,1752
1769,1713
1754,1698
1732,1715
1718,1682
1705,1662
1704,1618
1662,1610
1623,1608
1635,1595
1583,1598
1551,1577
1560,1519
1567,1522
1516,1479
1489,1492
1481,1475
1497,1471
1420,1450
1450,1449
1420,1454
1432,1442
1433,1431
1413,1422
1406,1445
1451,1458
1411,1436
1378,1451
1421,1459
1461,1460
1446,1482
1435,1498
1485,1523
1459,1539
1507,1530
1538,1533
1538,1576
1538,1578
1547,1608
1582,1619
1622,1653
1654,1679
1685,1703
1668,1700
1705,1707
1705,1730
1706,1740
1741,1718
1777,1738
1752,1771
1782,1772
1762,1767
1795,1756
1778,1776
1792,1788
1785,1754
1790,1771
1778,1753
1765,1738
1775,1721
1769,1738
1757,1705
1738,1702
1702,1638
1709,1648
1688,1640
1661,1617
1634,1594
1609,1575
1597,1587
1555,1530
1522,1542
1499,1515
1515,1515
1487,1471
1487,1484
1458,1444
1436,1458
1407,1438
1439,1406
1433,1438
1403,1414
1417,1435
1389,1437
1416,1431
1410,1450
1393,1437
1416,1470
1406,1482
1447,1497
1483,1475
1478,1512
1479,1515
1506,1527
1549,1550
1544,1585
1573,1594
1616,1592
1610,1651
1642,1644
1653,1675
1679,1730
1691,1702
1720,1707
1751,1745
1724,1764
1757,1782
1742,1764
1773,1770
1771,1745
1775,1798
1797,1790
1813,1774
1775,1757
1763,1766
1801,1784
1782,1721
1782,1751
1752,1718
1749,1695
1729,1649
1721,1685
1715,1655
1680,1637
1642,1647
1629,1591
1629,1584
1605,1532
1589,1523
1514,1513
1526,1508
1496,1464
1491,1474
1475,1469
1425,1453
1446,1432
1436,1451
1430,1441
1401,1445
1387,1431
1417,1422
1422,1424
1395,1413
1405,1401
1407,1450
1425,1458
1434,1462
1427,1490
1448,1514
1466,1511
1492,1521
1527,1539
1551,1558
1519,1573
1557,1593
1583,1613
1626,1641
1628,1658
1638,1693
1691,1697
1679,1683
1712,1725
1748,1742
1748,1750
1762,1775
1781,1760
1771,1760
1768,1785
1749,1789
1796,1785
1827,1775
1818,1779
1792,1770
1773,1757
1805,1743
1741,1726
1784,1721
1747,1733
1766,1679
1742,1667
1678,1615
1686,1648
1643,1616
1622,1602
1576,1589
1601,1576
1558,1558
1562,1499
1548,1526
1520,1481
1480,1481
1464,1457
1501,1422
1442,1431
1430,1428
1430,1441
1418,1440
1426,1422
1383,1444
1399,1415
1355,1429
1437,1449
1394,1427
1389,1451
1425,1470
1418,1479
1439,1481
1466,1509
1492,1512
1520,1543
1542,1547
1526,1572
1565,1573
1555,1621
1585,1618
1604,1643
1618,1689
1660,1670
1680,1719
1684,1741
1723,1704
1738,1735
1724,1773
1740,1758
1785,1759
1798,1792
1846,1767
1791,1785
1838,1835
1799,1768
1794,1775
1797,1783
1797,1757
1766,1741
1789,1711
1782,1711
1710,1705
1728,1715
1688,1682
1704,1657
1652,1646
1613,1625
1588,1601
1622,1567
1607,1543
1571,1529
1552,1547
1461,1510
1514,1484
1499,1459
1457,1440
1477,1436
1449,1422
1414,1419
1408,1417
1398,1408
1394,1409
1439,1422
1392,1439
1386,1413
1419,1408
1407,1431
1428,1468
1432,1452
1454,1489
1453,1495
1475,1519
1456,1518
1483,1567
1524,1566
1576,1586
1557,1594
1554,1644
1631,1662
1628,1647
1634,1675
1674,1722
1681,1703
1744,1703
1719,1734
1737,1776
1744,1789
1765,1765
1782,1805
1793,1754
1785,1795
1824,1803
1829,1786
1781,1771
1780,1768
1835,1749
1752,1775
1752,1752
1782,1704
1765,1684
1724,1696
1726,1673
1698,1661
1686,1632
1673,1602
1597,1598
1605,1575
1575,1546
1557,1521
1548,1540
1520,1489
1493,1496
1482,1450
1454,1467
1436,1443
1421,1452
1430,1450
1446,1451
1418,1398
1402,1414
1411,1458
1382,1403
1388,1413
1381,1459
1367,1448
1406,1449
1418,1466
1448,1483
1413,1517
1452,1530
1508,1531
1474,1516
1541,1550
1500,1586
1550,1581
1578,1645
1606,1627
1629,1675
1644,1667
1633,1683
1684,1714
1697,1719
1727,1760
1742,1756
1742,1769
1778,1757
1810,1785
1782,1808
1836,1790
1797,1784
1797,1788
1796,1782
1824,1768
1756,1747
1813,1735
1790,1781
1779,1746
1762,1700
1725,1683
1759,1676
1741,1653
1693,1681
1697,1630
1653,1595
1628,1555
1622,1555
1573,1542
1544,1516
1513,1514
1485,1475
1498,1500
1493,1481
1448,1463
1446,1458
1433,1430
1427,1408
1404,1431
1388,1415
1394,1407
1404,1432
1400,1419
1380,1387
1399,1437
1404,1429
1393,1465
1444,1445
1429,1495
1435,1492
1478,1512
1524,1526
1502,1537
1553,1574
1545,1598
1558,1601
1589,1640
1632,1652
1637,1684
1684,1685
1651,1723
1708,1723
1735,1761
1753,1738
1774,1767
1789,1756
1772,1814
1776,1781
1781,1789
1816,1777
1808,1770
1823,1785
1814,1763
1794,1788
1776,1741
1812,1741
1760,1718
1752,1741
1786,1710
1738,1691
1720,1663
1695,1634
1697,1619
1655,1635
1648,1600
1611,1582
1585,1542
1566,1521
1513,1534
1534,1489
1532,1476
1518,1478
1450,1465
1436,1455
1429,1431
1415,1411
1411,1402
1404,1431
1424,1426
1383,1405
1407,1412
1400,1393
1395,1436
1422,1451
1399,1452
1424,1479
1451,1477
1432,1480
1476,1500
1471,1535
1474,1494
1512,1567
1560,1609
1552,1592
1590,1625
1616,1664
1625,1653
1623,1682
1668,1691
1693,1729
1710,1718
1723,1742
1773,1748
1755,1762
1820,1778
1800,1785
1796,1789
1764,1802
1788,1812
1807,1784
1803,1760
1812,1768
1823,1778
1793,1757
1795,1747
1766,1698
1759,1737
1741,1710
1728,1653
1700,1681
1693,1658
1633,1643
1672,1606
1634,1581
1605,1546
1567,1543
1560,1520
1506,1526
1508,1479
1482,1502
1460,1482
1463,1460
1413,1432
1449,1412
1409,1423
1463,1441
1421,1430
1405,1445
1386,1433
1398,1411
1380,1408
1408,1421
1411,1452
1395,1454
1426,1477
1408,1472
1449,1511
1480,1537
1479,1559
1531,1544
1503,1554
1579,1586
1538,1625
1588,1652
1614,1622
1641,1665
1677,1705
1678,1728
1703,1752
1717,1738
1745,1776
1728,1764
1766,1811
1816,1791
1802,1776
1800,1758
1812,1774
1802,1788
1811,1791
1836,1781
1809,1759
1807,1775
1812,1738
1804,1724
1751,1745
1768,1688
1738,1702
1724,1679
1673,1645
1666,1637
1649,1622
1636,1572
1604,1567
1552,1531
1531,1534
1550,1538
1510,1484
1509,1473
1464,1468
1416,1445
1449,1436
1414,1460
1393,1443
1408,1389
1392,1419
1410,1400
1391,1433
1405,1406
1391,1409
1406,1449
1431,1439
1402,1442
1435,1476
1448,1485
1428,1455
1474,1529
1473,1526
1507,1565
1531,1556
1585,1589
1556,1601
1597,1616
1595,1645
1667,1666
1632,1678
1666,1715
1680,1717
1738,1732
1743,1736
1777,1779
1789,1762
1748,1792
1812,1781
1825,1793
1806,1791
1845,1768
1812,1783
1828,1797
1790,1796
1785,1751
1782,1723
1774,1746
1786,1704
1759,1710
1713,1705
1678,1667
1689,1649
1651,1642
1660,1616
1613,1579
1630,1574
1564,1543
1583,1550
1532,1530
1498,1523
1498,1460
1458,1482
1467,1456
1431,1457
1426,1457
1400,1425
1427,1418
1418,1407
1372,1412
1391,1420
1381,1417
1404,1417
1363,1430
1396,1452
1401,1403
1443,1455
1434,1468
1475,1475
1467,1503
1471,1542
1491,1560
1515,1566
1547,1555
1562,1591
1550,1639
1615,1631
1643,1681
1671,1680
1690,1677
1699,1712
1739,1758
1707,1720
1743,1741
1784,1791
1767,1762
1771,1773
1786,1780
1817,1790
1790,1796
1819,1782
1783,1758
1783,1781
1784,1779
1786,1738
1803,1755
1757,1722
1759,1707
1761,1681
1718,1698
1658,1675
1669,1639
1660,1622
1602,1584
1647,1583
1615,1580
1563,1526
1541,1528
1521,1522
1480,1491
1476,1479
1459,1452
1472,1473
1445,1448
1451,1436
1410,1414
1426,1392
1411,1407
1387,1417
1370,1411
1380,1430
1378,1435
1425,1450
1402,1449
1406,1457
1438,1479
1456,1469
1476,1504
1449,1477
1512,1547
1512,1581
1515,1584
1546,1613
1590,1619
1599,1647
1626,1690
1627,1681
1674,1710
1678,1704
1691,1757
1716,1757
1726,1735
1797,1794
1803,1787
1783,1786
1796,1810
1807,1776
1803,1805
1792,1786
1810,1787
1791,1781
1830,1758
1777,1766
1757,1714
1742,1709
1745,1715
1764,1693
1729,1684
1685,1643
1686,1671
1653,1602
1617,1595
1620,1574
1600,1544
1562,1519
1522,1501
1506,1484
1517,1500
1517,1475
1487,1439
1478,1443
1440,1455
1423,1423
1412,1431
1390,1410
1411,1433
1386,1394
1428,1411
1366,1405
1412,1438
1424,1430
1410,1457
1414,1457
1416,1464
1487,1503
1445,1504
1484,1528
1517,1550
1515,1550
1536,1596
1572,1603
1546,1623
1603,1642
1635,1665
1667,1670
1664,1691
1695,1716
1718,1725
1750,1749
1762,1757
1749,1771
1794,1789
1785,1775
1797,1763
1784,1793
1797,1772
1787,1779
1837,1821
1800,1787
1785,1743
1788,1756
1794,1754
1780,1704
1759,1745
1731,1702
1728,1683
1697,1642
1683,1630
1675,1603
1616,1576
1606,1590
1635,1581
1574,1539
1570,1504
1526,1496
1518,1517
1470,1432
1469,1487
1438,1426
1411,1422
1386,1420
1435,1410
1390,1388
1416,1431
1408,1398
1383,1420
1392,1433
1388,1411
1376,1426
1409,1470
1392,1442
1433,1478
1430,1496
1457,1533
1474,1537
1485,1544
1545,1543
1530,1580
1576,1598
1574,1650
1648,1658
1639,1667
1653,1696
1686,1715
1691,1729
1703,1731
1737,1740
1773,1751
1799,1756
1777,1784
1762,1778
1804,1808
1810,1810
1810,1775
1823,1799
1813,1781
1807,1775
1804,1761
1790,1741
1789,1726
1744,1728
1785,1686
1748,1683
1704,1663
1691,1672
1683,1648
1653,1596
1603,1590
1587,1548
1595,1531
1563,1527
1547,1530
1521,1493
1515,1473
1468,1471
1416,1415
1439,1430
1423,1412
1408,1406
1414,1434
1437,1420
1394,1434
1376,1414
1391,1406
1375,1436
1388,1450
1406,1438
1384,1444
1405,1462
1454,1505
1446,1491
1487,1511
1494,1569
1526,1576
1549,1583
1566,1613
1550,1607
1606,1635
1642,1623
1613,1684
1673,1673
1711,1684
1690,1740
1737,1739
1762,1788
1784,1763
1754,1777
1778,1796
1826,1751
1808,1793
1775,1778
1834,1767
1811,1807
1813,1773
1775,1769
1791,1768
1789,1750
1786,1725
1759,1722
1722,1692
1712,1689
1674,1632
1680,1641
1660,1637
1631,1600
1616,1561
1601,1541
1556,1543
1517,1560
1512,1512
1528,1499
1496,1465
1472,1458
1467,1461
1477,1408
1440,1405
1420,1407
1402,1418
1401,1404
1394,1393
1390,1413
1408,1444
1388,1441
1416,1421
1452,1443
1405,1479
1437,1462
1421,1502
1470,1529
1481,1546
1491,1547
1539,1562
1551,1626
1563,1635
1596,1626
1615,1648
1642,1664
1657,1711
1644,1736
1726,1715
1715,1710
1736,1764
1753,1756
1775,1765
1815,1802
1778,1804
1801,1791
1806,1782
1797,1808
1825,1794
1796,1775
1778,1773
1775,1737
1795,1755
1771,1720
1760,1706
1735,1693
1696,1684
1742,1657
1697,1660
1701,1599
1654,1613
1604,1569
1569,1554
1563,1556
1576,1492
1522,1494
1490,1481
1483,1473
1466,1459
1432,1456
1414,1436
1460,1440
1430,1420
1403,1400
1422,1393
1394,1420
1417,1396
1410,1432
1384,1428
1384,1453
1420,1434
1406,1464
1422,1485
1470,1486
1458,1496
1484,1509
1479,1543
1530,1596
1552,1560
1550,1603
1569,1639
1621,1652
1616,1693
1715,1690
1673,1710
1693,1730
1701,1750
1741,1758
1749,1741
1791,1773
1794,1775
1772,1759
1802,1801
1798,1780
1792,1773
1803,1771
1802,1763
1790,1769
1788,1736
1770,1742
1740,1718
1734,1681
1753,1672
1718,1672
1691,1631
1651,1630
1646,1624
1650,1621
1614,1573
1598,1568
1585,1527
1551,1518
1536,1522
1503,1501
1479,1457
1457,1435
1446,1436
1438,1448
1386,1436
1421,1411
1444,1431
1407,1434
1364,1443
1421,1422
1407,1438
1412,1429
1397,1442
1402,1471
1445,1456
1437,1461
1466,1525
1507,1506
1501,1529
1512,1559
1560,1564
1562,1602
1575,1607
1573,1661
1615,1649
1647,1649
1649,1695
1691,1700
1704,1726
1712,1732
1722,1737
1752,1744
1773,1785
1767,1811
1808,1786
1781,1775
1808,1766
1797,1775
1821,1770
1799,1751
1792,1765
1787,1739
1742,1739
1763,1720
1765,1701
1724,1663
1714,1662
1702,1628
1655,1635
1694,1588
1607,1610
1612,1562
1581,1538
1548,1510
1536,1511
1499,1520
1496,1488
1483,1446
1427,1467
1442,1436
1435,1428
1437,1435
1410,1419
1439,1427
1414,1435
1389,1413
1400,1408
1383,1439
1387,1431
1396,1459
1431,1454
1457,1500
1459,1493
1472,1477
1484,1527
1492,1577
1559,1561
1532,1573
1570,1621
1625,1638
1609,1651
1626,1686
1677,1657
1698,1695
1690,1720
1710,1705
1746,1729
1714,1740
1747,1752
1793,1759
1797,1767
1789,1780
1772,1759
1818,1772
1810,1764
1807,1748
1769,1761
1778,1741
1791,1744
1741,1740
1749,1714
1703,1688
1728,1665
1659,1679
1677,1613
1662,1633
1665,1559
1625,1530
1586,1545
1606,1533
1559,1482
1536,1500
1524,1485
1471,1469
1453,1465
1449,1442
1449,1465
1436,1422
1437,1414
1411,1431
1392,1424
1447,1386
1406,1439
1423,1397
1408,1448
1454,1460
1444,1451
1445,1490
1417,1475
1489,1508
1507,1512
1528,1549
1529,1587
1543,1619
1541,1614
1604,1643
1586,1621
1631,1680
1627,1674
1674,1726
1703,1705
1722,1733
1745,1772
1748,1731
1751,1730
1777,1796
1754,1794
1782,1759
1795,1751
1780,1786
1792,1774
1804,1756
1783,1783
1787,1753
1778,1726
1766,1687
1748,1706
1702,1697
1705,1678
1695,1681
1683,1626
1672,1595
1623,1590
1598,1586
1590,1530
1587,1538
1549,1500
1523,1464
1482,1505
1456,1453
1480,1465
1471,1463
1447,1453
1462,1436
1415,1444
1404,1403
1434,1416
1383,1449
1377,1424
1396,1441
1410,1437
1414,1465
1462,1474
1439,1494
1486,1519
1454,1502
1484,1552
1528,1552
1528,1559
1525,1576
1583,1620
1604,1617
1671,1640
1655,1675
1650,1687
1695,1694
1670,1697
1713,1697
1720,1736
1731,1736
1777,1746
1758,1765
1779,1786
1767,1788
1773,1736
1803,1753
1799,1769
1796,1745
1753,1769
1753,1751
1741,1701
1777,1710
1745,1665
1720,1647
1736,1692
1690,1632
1668,1607
1634,1570
1627,1567
1572,1560
1563,1552
1566,1522
1552,1499
1513,1484
1498,1507
1444,1504
1471,1461
1458,1457
1447,1445
1447,1438
1430,1411
1428,1422
1411,1416
1408,1440
1428,1418
1404,1429
1412,1430
1451,1487
1430,1499
1455,1482
1443,1525
1473,1517
1498,1539
1531,1549
1527,1575
1551,1596
1573,1615
1618,1669
1641,1681
1641,1670
1646,1698
1687,1687
1658,1727
1705,1740
1713,1752
1761,1704
1758,1763
1826,1774
1768,1761
1821,1759
1783,1763
1771,1780
1776,1771
1786,1765
1765,1718
1746,1744
1757,1694
1755,1715
1738,1688
1701,1660
1693,1669
1643,1644
1656,1586
1633,1582
1610,1597
1576,1556
1569,1559
1514,1506
1518,1487
1533,1488
1475,1464
1498,1483
1436,1443
1464,1449
1428,1461
1431,1441
1381,1445
1449,1428
1402,1455
1406,1426
1432,1434
1417,1458
1418,1495
1433,1472
1432,1496
1454,1508
1476,1546
1513,1545
1527,1534
1511,1577
1563,1606
1575,1630
1608,1610
1635,1638
1657,1673
1654,1679
1687,1691
1706,1750
1711,1710
1753,1721
1757,1760
1730,1764
1781,1736
1818,1772
1792,1800
1777,1769
1791,1761
1792,1747
1789,1746
1731,1752
1751,1717
1730,1708
1712,1711
1727,1693
1682,1676
1671,1628
1655,1647
1638,1594
1635,1595
1623,1563
1591,1562
1586,1548
1530,1507
1510,1531
1512,1489
1486,1483
1486,1490
1427,1419
1454,1435
1428,1431
1448,1416
1401,1438
1405,1422
1380,1439
1409,1424
1419,1456
1417,1475
1434,1479
1472,1488
1466,1498
1458,1519
1502,1562
1533,1541
1524,1561
1526,1575
1566,1629
1626,1621
1564,1644
1647,1635
1653,1654
1640,1694
1694,1708
1705,1708
1759,1705
1773,1722
1765,1746
1762,1779
1771,1758
1759,1751
1763,1732
1772,1765
1792,1766
1781,1767
1794,1725
1782,1738
1743,1700
1716,1697
1729,1700
1716,1688
1712,1647
1654,1634
1663,1613
1614,1583
1615,1586
1610,1563
1577,1561
1571,1524
1534,1497
1532,1477
1507,1494
1490,1484
1487,1462
1426,1436
1415,1444
1448,1430
1417,1436
1433,1457
1425,1430
1416,1462
1397,1448
1433,1426
1459,1468
1418,1471
1479,1520
1450,1499
1496,1516
1492,1531
1519,1573
1539,1573
1559,1589
1579,1627
1605,1634
1635,1622
1650,1687
1676,1673
1687,1689
1694,1741
1730,1719
1733,1752
1771,1761
1760,1788
1757,1754
1772,1768
1745,1754
1768,1758
1798,1745
1796,1740
1768,1767
1749,1717
1762,1731
1748,1726
1729,1682
1744,1675
1700,1658
1696,1625
1628,1617
1640,1597
1621,1575
1598,1572
1617,1545
1547,1527
1531,1515
1499,1504
1472,1498
1440,1465
1492,1462
1452,1470
1450,1444
1455,1445
1424,1429
1419,1418
1408,1457
1435,1460
1468,1411
1422,1449
1454,1448
1441,1492
1461,1506
1459,1504
1480,1519
1517,1567
1541,1547
1536,1594
1573,1591
1575,1626
1601,1640
1623,1656
1647,1658
1668,1683
1685,1708
1719,1710
1724,1724
1718,1758
1775,1739
1754,1727
1797,1743
1742,1752
1787,1736
1763,1771
1783,1746
1762,1765
1749,1734
1745,1741
1790,1725
1746,1708
1723,1717
1708,1692
1693,1684
1676,1657
1637,1625
1627,1598
1618,1581
1579,1582
1586,1551
1541,1521
1513,1538
1496,1501
1469,1518
1518,1503
1497,1461
1459,1461
1426,1452
1412,1471
1427,1408
1433,1429
1379,1467
1437,1441
1433,1463
1426,1475
1477,1479
1482,1487
1481,1467
1477,1524
1495,1496
1486,1545
1520,1572
1534,1588
1572,1625
1581,1614
1618,1619
1632,1636
1669,1657
1663,1684
1687,1699
1706,1708
1714,1721
1746,1757
1779,1751
1776,1760
1730,1777
1738,1752
1783,1772
1806,1750
1755,1740
1780,1733
1738,1733
1768,1693
1769,1717
1706,1673
1725,1692
1716,1641
1657,1656
1671,1629
1647,1609
1665,1602
1607,1547
1573,1567
1568,1531
1560,1507
1520,1486
1493,1472
1516,1477
1442,1482
1454,1457
1444,1433
1449,1467
1461,1460
1419,1450
1415,1473
1432,1476
1419,1452
1475,1479
1480,1496
1465,1474
1443,1487
1483,1499
1500,1529
1488,1502
1537,1558
1552,1583
1564,1610
1577,1620
1598,1651
1603,1664
1644,1645
1680,1688
1709,1736
1680,1714
1719,1710
1751,1687
1712,1737
1746,1753
1759,1734
1738,1767
1754,1751
1731,1746
1764,1743
1765,1733
1749,1713
1737,1742
1724,1701
1733,1722
1679,1687
1696,1656
1668,1670
1670,1646
1667,1578
1615,1615
1633,1585
1585,1555
1529,1546
1556,1517
1499,1491
1507,1514
1466,1480
1468,1492
1456,1487
1494,1458
1474,1477
1460,1433
1433,1466
1414,1443
1458,1457
1415,1476
1428,1475
1400,1485
1449,1479
1449,1499
1464,1507
1541,1538
1488,1565
1510,1576
1561,1590
1576,1619
1581,1625
1640,1610
1627,1676
1646,1663
1683,1686
1700,1707
1719,1704
1706,1738
1740,1736
1735,1745
1717,1755
1744,1756
1762,1743
1751,1749
1767,1748
1737,1738
1765,1736
1744,1702
1740,1739
1737,1682
1711,1685
1665,1659
1705,1663
1659,1649
1646,1622
1670,1610
1601,1598
1530,1584
1588,1550
1540,1539
1550,1517
1514,1495
1501,1477
1511,1484
1479,1465
1451,1473
1428,1445
1452,1481
1442,1469
1407,1448
1432,1464
1425,1442
1450,1450
1460,1473
1457,1483
1481,1498
1469,1523
1487,1545
1490,1546
1483,1569
1524,1566
1562,1582
1613,1631
1596,1593
1614,1657
1648,1672
1652,1698
1663,1685
1726,1717
1718,1736
1728,1729
1740,1724
1739,1717
1739,1781
1792,1734
1726,1757
1739,1740
1769,1723
1737,1739
1769,1724
1723,1715
1720,1692
1739,1688
1710,1663
1685,1665
1691,1658
1669,1634
1673,1619
1617,1582
1600,1574
1573,1570
1539,1545
1564,1528
1533,1472
1513,1474
1469,1497
1489,1453
1479,1456
1450,1445
1448,1447
1421,1452
1462,1439
1399,1430
1439,1477
1466,1491
1446,1440
1475,1500
1484,1478
1479,1525
1508,1515
1514,1531
1504,1546
1577,1604
1562,1618
1587,1606
1574,1612
1611,1614
1656,1668
1630,1702
1693,1683
1704,1700
1729,1701
1720,1715
1714,1714
1775,1759
1764,1768
1743,1744
1752,1732
1765,1768
1730,1716
1768,1701
1754,1718
1756,1699
1743,1712
1697,1690
1668,1686
1680,1672
1688,1629
1617,1632
1624,1626
1628,1596
1615,1569
1557,1563
1582,1556
1544,1545
1549,1496
1506,1490
1484,1481
1475,1468
1452,1457
1445,1466
1445,1440
1445,1488
1448,1471
1462,1458
1450,1462
1440,1456
1471,1474
1451,1476
1463,1475
1498,1500
1477,1522
1499,1554
1526,1546
1587,1588
1574,1633
1579,1601
1589,1660
1619,1650
1621,1659
1677,1683
1685,1702
1697,1726
1734,1707
1744,1724
1739,1730
1760,1749
1730,1767
1754,1728
1757,1747
1742,1724
1762,1728
1754,1722
1731,1715
1714,1722
1755,1697
1710,1673
1683,1680
1672,1660
1660,1636
1672,1606
1595,1591
1615,1588
1584,1583
1580,1526
1589,1508
1532,1506
1519,1495
1470,1487
1488,1498
1461,1487
1473,1445
1496,1468
1460,1459
1481,1425
1461,1440
1455,1456
1425,1446
1473,1472
1450,1496
1448,1512
1484,1545
1513,1536
1532,1517
1537,1565
1546,1562
1564,1624
1559,1598
1622,1607
1629,1627
1676,1679
1627,1641
1713,1689
1705,1698
1690,1701
1736,1737
1732,1735
1766,1771
1758,1747
1768,1754
1753,1712
1774,1753
1740,1711
1736,1740
1740,1731
1722,1738
1749,1693
1714,1677
1736,1669
1675,1660
1648,1629
1674,1627
1605,1595
1622,1601
1594,1576
1593,1573
1554,1522
1564,1501
1544,1469
1484,1449
1485,1496
1469,1451
1479,1465
1458,1457
1454,1455
1438,1450
1462,1467
1447,1455
1447,1467
1474,1464
1476,1506
1479,1517
1510,1490
1525,1515
1532,1532
1549,1561
1524,1593
1552,1586
1591,1618
1583,1644
1631,1637
1630,1667
1641,1675
1668,1686
1663,1692
1694,1713
1697,1716
1744,1708
1750,1719
1734,1736
1767,1724
1776,1743
1748,1739
1760,1750
1752,1745
1735,1702
1698,1691
1771,1686
1711,1656
1719,1632
1684,1634
1652,1615
1676,1638
1615,1595
1590,1571
1580,1568
1560,1542
1549,1564
1512,1531
1522,1521
1511,1500
1489,1488
1487,1463
1486,1467
1455,1466
1444,1445
1457,1449
1445,1468
1464,1458
1433,1476
1475,1487
1456,1497
1475,1500
1468,1522
1485,1537
1512,1558
1529,1549
1550,1589
1591,1602
1580,1591
1581,1631
1652,1624
1644,1658
1672,1646
1666,1680
1725,1689
1725,1718
1718,1746
1742,1715
1726,1736
1727,1709
1772,1725
1758,1750
1760,1727
1776,1705
1725,1699
1756,1683
1710,1710
1722,1694
1717,1654
1695,1640
1670,1649
1684,1629
1640,1608
1619,1600
1596,1556
1552,1559
1516,1508
1557,1527
1564,1490
1536,1492
1493,1474
1483,1467
1468,1465
1466,1477
1449,1462
1429,1441
1493,1488
1462,1464
1458,1479
1430,1464
1469,1498
1480,1508
1516,1511
1494,1528
1509,1556
1504,1530
1548,1565
1553,1598
1595,1591
1614,1629
1626,1665
1612,1668
1658,1663
1703,1684
1687,1711
1732,1680
1754,1722
1756,1746
1734,1706
1752,1748
1725,1734
1761,1717
1744,1711
1730,1751
1717,1698
1747,1710
1708,1689
1708,1713
1682,1690
1703,1665
1646,1632
1646,1627
1626,1587
1609,1586
1570,1559
1583,1554
1559,1540
1553,1541
1525,1478
1518,1499
1502,1475
1501,1485
1477,1513
1484,1499
1460,1459
1452,1460
1428,1424
1438,1477
1486,1494
1420,1467
1457,1495
1455,1494
1482,1511
1486,1498
1515,1560
1540,1560
1580,1602
1552,1619
1607,1634
1565,1635
1587,1625
1658,1660
1654,1675
1660,1708
1709,1705
1706,1719
1698,1714
1731,1721
1722,1713
1746,1751
1785,1736
1757,1721
1747,1718
1731,1745
1727,1718
1677,1718
1723,1697
1711,1659
1734,1680
1676,1633
1651,1647
1671,1618
1599,1590
1607,1588
1605,1545
1573,1537
1572,1515
1540,1482
1509,1500
1503,1515
1517,1480
1476,1468
1474,1473
1479,1482
1472,1486
1439,1473
1450,1455
1478,1456
1452,1498
1453,1512
1459,1494
1505,1467
1463,1534
1534,1531
1531,1566
1526,1551
1564,1573
1595,1596
1589,1621
1612,1629
1616,1653
1638,1673
1703,1672
1668,1726
1672,1687
1737,1704
1729,1744
1756,1736
1735,1725
1768,1782
1740,1748
1745,1723
1745,1748
1764,1691
1719,1696
1730,1704
1701,1676
1718,1682
1682,1650
1648,1655
1674,1617
1619,1615
1640,1573
1614,1573
1605,1582
1561,1538
1519,1540
1532,1550
1474,1476
1518,1480
1498,1459
1483,1490
1476,1459
1447,1434
1442,1469
1464,1531
1466,1456
1459,1478
1470,1489
1490,1528
1488,1484
1483,1530
1517,1522
1517,1546
1531,1521
1573,1585
1588,1598
1557,1602
1614,1604
1611,1643
1641,1664
1672,1687
1680,1685
1717,1695
1705,1723
1709,1730
1728,1722
1747,1739
1740,1763
1768,1733
1768,1739
1758,1722
1760,1721
1760,1699
1744,1708
1751,1682
1729,1655
1721,1652
1682,1648
1662,1627
1631,1603
1627,1623
1618,1579
1599,1542
1563,1541
1537,1530
1515,1531
1500,1514
1499,1507
1493,1461
1504,1463
1433,1436
1467,1452
1456,1490
1448,1462
1432,1456
1431,1502
1457,1487
1452,1488
1461,1529
1508,1523
1529,1541
1518,1533
1583,1565
1557,1578
1573,1600
1601,1610
1618,1633
1638,1634
1637,1674
1676,1651
1688,1689
1710,1715
1713,1707
1725,1714
1746,1712
1739,1733
1748,1721
1746,1749
1727,1740
1760,1725
1718,1716
1741,1705
1727,1699
1695,1714
1718,1681
1673,1652
1646,1662
1622,1623
1637,1586
1595,1602
1607,1576
1599,1579
1545,1523
1509,1512
1530,1502
1505,1494
1480,1512
1469,1493
1497,1451
1468,1452
1439,1452
1426,1457
1460,1473
1447,1465
1427,1491
1474,1482
1504,1465
1509,1509
1489,1537
1527,1535
1533,1550
1583,1573
1550,1613
1586,1618
1603,1611
1588,1631
1652,1654
1661,1657
1677,1691
1685,1718
1684,1721
1704,1731
1731,1751
1745,1750
1753,1727
1731,1711
1744,1742
1733,1737
1738,1708
1725,1734
1742,1718
1720,1703
1722,1648
1706,1662
1653,1667
1678,1634
1588,1592
1642,1563
1632,1563
1599,1545
1557,1513
1533,1537
1526,1500
1511,1505
1462,1471
1479,1471
1467,1464
1465,1476
1463,1469
1455,1460
1456,1472
1429,1445
1472,1454
1461,1483
1479,1502
1437,1501
1519,1538
1485,1538
1504,1567
1537,1579
1516,1596
1560,1609
1576,1613
1596,1626
1610,1618
1691,1672
1653,1675
1683,1711
1679,1706
1712,1748
1731,1736
1721,1738
1772,1732
1755,1746
1743,1738
1772,1711
1755,1761
1731,1705
1727,1719
1754,1707
1698,1678
1704,1675
1682,1640
1648,1633
1646,1621
1583,1598
1605,1558
1602,1563
1545,1532
1557,1538
1535,1498
1503,1488
1481,1474
1495,1461
1461,1469
1496,1463
1453,1458
1444,1489
1463,1478
1420,1465
1461,1467
1431,1496
1441,1530
1466,1464
1450,1494
1511,1554
1541,1549
1512,1577
1542,1582
1580,1600
1579,1624
1598,1667
1638,1673
1649,1689
1641,1691
1705,1658
1683,1707
1689,1731
1712,1725
1725,1712
1737,1704
1730,1734
1763,1750
1761,1723
1715,1729
1753,1724
1729,1703
1720,1682
1706,1677
1696,1645
1636,1647
1699,1632
1640,1625
1636,1609
1615,1585
1596,1572
1571,1509
1528,1550
1552,1519
1511,1486
1493,1512
1471,1489
1509,1475
1458,1482
1453,1486
1476,1477
1415,1443
1444,1464
1456,1475
1413,1474
1484,1496
1500,1531
1487,1536
1523,1514
1486,1539
1516,1590
1545,1591
1598,1596
1576,1640
1579,1632
1630,1646
1657,1674
1715,1664
1676,1702
1690,1706
1719,1708
1721,1695
1710,1717
1748,1746
1769,1736
1757,1717
1748,1740
1746,1724
1762,1706
1721,1685
1729,1686
1712,1700
1711,1644
1683,1631
1652,1595
1639,1611
1606,1587
1594,1561
1574,1543
1577,1554
1540,1523
1506,1495
1485,1498
1497,1502
1507,1451
1488,1455
1445,1471
1413,1442
1445,1428
1452,1468
1432,1495
1465,1503
1476,1468
1461,1483
1470,1521
1436,1542
1497,1535
1514,1534
1542,1567
1560,1593
1568,1634
1632,1627
1620,1644
1692,1662
1711,1690
1721,1678
1686,1690
1693,1710
1723,1731
1739,1730
1715,1745
1754,1729
1752,1717
1730,1740
1763,1722
1727,1725
1729,1709
1728,1692
1725,1721
1728,1656
1661,1671
1665,1625
1652,1617
1646,1568
1631,1550
1580,1576
1569,1529
1567,1525
1531,1498
1518,1497
1505,1479
1482,1510
1455,1479
1487,1473
1453,1437
1469,1456
1436,1487
1429,1475
1449,1463
1468,1464
1471,1493
1448,1495
1492,1549
1483,1530
1517,1552
1536,1555
1557,1571
1550,1578
1627,1645
1618,1610
1640,1640
1653,1661
1691,1700
1693,1728
1723,1715
1723,1725
1721,1732
1744,1728
1766,1724
1759,1731
1726,1755
1714,1758
1776,1728
1700,1702
1734,1699
1718,1676
1690,1681
1686,1668
1677,1659
1651,1621
1640,1627
1628,1581
1584,1558
1572,1549
1537,1519
1547,1503
1531,1488
1501,1478
1525,1510
1480,1459
1442,1459
1466,1456
1426,1453
1429,1440
1468,1461
1452,1485
1476,1491
1469,1489
1466,1527
1495,1508
1505,1540
1530,1533
1561,1572
1525,1575
1576,1612
1598,1653
1591,1649
1635,1651
1666,1709
1674,1708
1685,1687
1721,1707
1725,1734
1723,1732
1754,1720
1754,1770
1814,1748
1741,1735
1743,1725
1732,1717
1719,1736
1760,1718
1737,1694
1696,1687
1689,1644
1649,1656
1604,1628
1654,1579
1592,1570
1590,1574
1565,1551
1557,1525
1522,1509
1507,1501
1471,1504
1454,1443
1479,1449
1450,1460
1461,1469
1405,1444
1433,1464
1446,1448
1431,1484
1475,1452
1444,1461
1441,1527
1501,1517
1531,1547
1545,1564
1532,1585
1558,1595
1602,1625
1601,1638
1657,1644
1630,1648
1687,1686
1682,1720
1720,1728
1732,1735
1745,1747
1728,1725
1709,1762
1761,1722
1763,1749
1742,1760
1762,1728
1751,1699
1744,1730
1706,1681
1722,1683
1678,1644
1678,1659
1663,1649
1642,1628
1601,1580
1583,1567
1575,1546
1545,1540
1553,1514
1511,1505
1492,1477
1447,1487
1487,1499
1473,1462
1476,1455
1456,1434
1423,1445
1428,1437
1447,1471
1453,1475
1428,1473
1433,1517
1479,1525
1506,1559
1509,1545
1538,1569
1540,1579
1575,1621
1580,1612
1615,1646
1614,1641
1698,1697
1646,1714
1718,1703
1708,1715
1741,1734
1707,1730
1736,1730
1770,1731
1758,1747
1742,1770
1764,1728
1754,1717
1755,1724
1718,1708
1730,1669
1707,1672
1671,1630
1695,1629
1661,1605
1632,1613
1617,1596
1579,1544
1531,1532
1540,1520
1580,1531
1498,1495
1491,1489
1482,1461
1438,1471
1441,1436
1460,1434
1449,1446
1441,1466
1444,1494
1453,1471
1425,1462
1456,1470
1467,1513
1473,1532
1493,1550
1540,1554
1548,1589
1561,1580
1585,1618
1609,1626
1595,1681
1617,1682
1670,1683
1701,1723
1702,1731
1751,1767
1723,1728
1758,1742
1742,1754
1783,1769
1733,1756
1753,1740
1731,1713
1752,1712
1733,1720
1756,1690
1701,1685
1648,1667
1661,1643
1693,1637
1639,1604
1610,1577
1615,1554
1555,1559
1552,1521
1514,1525
1505,1500
1511,1497
1455,1512
1473,1457
1419,1426
1453,1453
1446,1435
1428,1434
1411,1471
1444,1469
1456,1475
