ch1,ch2
1596,1619
1616,1654
1631,1657
1677,1665
1700,1720
1699,1702
1723,1715
1713,1735
1755,1735
1725,1754
1793,1753
1768,1790
1768,1739
1755,1752
1782,1750
1797,1731
1796,1727
1765,1755
1756,1741
1758,1731
1727,1706
1742,1669
1738,1680
1717,1667
1678,1644
1643,1596
1650,1582
1612,1580
1624,1562
1589,1551
1523,1535
1531,1526
1533,1490
1489,1479
1483,1472
1474,1456
1463,1446
1423,1427
1404,1439
1436,1444
1421,1420
1427,1437
1409,1462
1427,1429
1420,1447
1460,1498
1427,1456
1443,1486
1486,1502
1472,1512
1480,1543
1497,1537
1515,1573
1505,1616
1576,1626
1614,1601
1633,1649
1614,1668
1655,1673
1684,1712
1689,1700
1703,1715
1729,1764
1735,1768
1748,1740
1754,1777
1772,1760
1783,1760
1811,1773
1806,1780
1787,1783
1788,1757
1789,1721
1776,1715
1748,1720
1732,1720
1720,1725
1703,1701
1741,1648
1683,1655
1675,1631
1636,1629
1611,1597
1615,1537
1546,1566
1574,1545
1562,1512
1516,1471
1517,1489
1492,1458
1452,1446
1453,1454
1431,1446
1460,1412
1452,1436
1432,1446
1417,1431
1419,1406
1419,1459
1403,1445
1423,1439
1430,1447
1457,1459
1463,1492
1485,1526
1506,1518
1523,1498
1541,1579
1543,1569
1568,1569
1590,1600
1619,1626
1646,1620
1656,1654
1649,1712
1710,1717
1726,1710
1678,1719
1746,1702
1748,1749
1745,1728
1772,1786
1767,1775
1768,1775
1789,1783
1782,1762
1784,1738
1742,1752
1826,1746
1783,1714
1752,1717
1719,1723
1714,1681
1712,1676
1685,1686
1674,1671
1646,1622
1621,1589
1655,1577
1574,1561
1553,1552
1550,1521
1539,1512
1496,1468
1483,1472
1487,1447
1471,1448
1433,1448
1452,1424
1420,1429
1406,1405
1404,1427
1405,1410
1388,1425
1390,1421
1438,1465
1430,1474
1430,1466
1417,1482
1439,1506
1455,1522
1525,1545
1523,1544
1513,1572
1558,1579
1566,1592
1644,1656
1604,1663
1664,1654
1657,1677
1675,1685
1672,1734
1718,1739
1716,1767
1733,1754
1765,1760
1785,1765
1793,1780
1800,1756
1789,1750
1782,1792
1798,1789
1768,1756
1744,1746
1790,1748
1768,1694
1751,1706
1710,1677
1700,1688
1705,1632
1686,1654
1650,1624
1621,1583
1600,1559
1596,1567
1557,1543
1579,1525
1550,1516
1522,1479
1458,1472
1452,1452
1425,1443
1459,1444
1435,1467
1408,1416
1447,1428
1413,1429
1405,1425
1419,1444
1412,1461
1430,1439
1442,1431
1448,1447
1478,1474
1486,1524
1451,1500
1471,1503
1506,1574
1524,1565
1556,1593
1593,1610
1593,1645
1626,1645
1638,1676
1640,1668
1690,1682
1695,1727
1723,1727
1730,1751
1728,1732
1759,1776
1761,1742
1788,1773
1800,1773
1811,1766
1787,1780
1805,1764
1802,1744
1771,1772
1776,1730
1783,1754
1752,1721
1766,1707
1696,1691
1736,1646
1679,1635
1666,1587
1646,1599
1636,1592
1615,1543
1554,1542
1546,1543
1514,1492
1491,1483
1509,1459
1469,1478
1481,1424
1392,1455
1423,1443
1414,1438
1398,1433
1411,1431
1385,1422
1383,1405
1389,1445
1391,1473
1396,1425
1429,1471
1452,1496
1441,1510
1487,1501
1499,1525
1519,1549
1543,1578
1536,1631
1556,1584
1599,1618
1634,1639
1663,1674
1649,1719
1665,1697
1678,1721
1707,1733
1749,1753
1718,1782
1747,1771
1775,1773
1794,1777
1789,1767
1778,1767
1771,1792
1791,1780
1799,1764
1759,1762
1766,1727
1765,1746
1765,1704
1714,1695
1703,1676
1675,1656
1650,1636
1639,1617
1656,1583
1617,1579
1601,1557
1555,1531
1539,1503
1537,1488
1508,1479
1482,1446
1469,1441
1443,1441
1411,1434
1432,1418
1405,1421
1424,1431
1432,1412
1383,1447
1401,1438
1414,1439
1399,1436
1445,1442
1439,1478
1441,1479
1442,1484
1485,1502
1497,1541
1527,1516
1540,1556
1541,1593
1575,1641
1566,1635
1652,1668
1633,1676
1661,1703
1692,1708
1723,1758
1709,1761
1750,1771
1764,1772
1739,1784
1778,1787
1762,1799
1786,1787
1792,1773
1805,1781
1778,1761
1770,1748
1780,1739
1782,1719
1790,1719
1751,1712
1735,1696
1676,1670
1709,1654
1664,1655
1632,1628
1620,1577
1600,1575
1593,1523
1569,1524
1516,1474
1523,1491
1478,1496
1516,1455
1482,1458
1419,1419
1415,1436
1424,1427
1427,1427
1397,1415
1382,1425
1412,1399
1402,1427
1385,1439
1412,1480
1408,1474
1417,1454
1432,1494
1480,1505
1449,1541
1511,1561
1502,1559
1548,1605
1591,1601
1569,1643
1628,1640
1627,1678
1680,1674
1698,1702
1673,1725
1700,1742
1746,1742
1762,1801
1764,1770
1766,1793
1789,1784
1761,1776
1767,1793
1795,1780
1816,1754
1779,1763
1793,1777
1779,1742
1796,1725
1755,1717
1748,1703
1741,1698
1678,1651
1656,1646
1661,1622
1672,1604
1615,1582
1578,1558
1576,1519
1525,1507
1528,1512
1499,1460
1456,1445
1417,1453
1438,1418
1468,1441
1430,1422
1442,1420
1396,1420
1411,1402
1441,1420
1389,1441
1406,1421
1426,1422
1429,1464
1423,1447
1419,1493
1455,1525
1496,1523
1484,1546
1519,1550
1534,1553
1574,1598
1566,1600
1565,1616
1632,1672
1613,1675
1656,1694
1665,1701
1707,1689
1721,1755
1756,1769
1798,1743
1734,1780
1825,1777
1761,1790
1784,1803
1786,1797
1815,1773
1803,1788
1787,1771
1787,1750
1782,1745
1768,1701
1716,1712
1727,1694
1715,1666
1714,1641
1667,1580
1626,1592
1645,1599
1609,1570
1553,1540
1584,1512
1540,1527
1514,1475
1483,1451
1511,1447
1475,1439
1440,1443
1430,1401
1411,1405
1393,1428
1410,1386
1375,1419
1382,1425
1392,1415
1373,1468
1383,1436
1463,1459
1421,1474
1431,1481
1454,1507
1497,1522
1475,1525
1516,1552
1543,1582
1569,1625
1590,1663
1615,1640
1644,1666
1632,1658
1686,1696
1722,1711
1732,1744
1750,1763
1754,1791
1753,1769
1792,1776
1778,1762
1779,1794
1796,1774
1819,1791
1818,1798
1803,1773
1773,1751
1772,1761
1757,1738
1743,1717
1755,1664
1739,1654
1710,1678
1664,1639
1670,1621
1628,1591
1614,1582
1592,1520
1547,1550
1548,1535
1546,1477
1500,1485
1473,1435
1426,1436
1440,1432
1423,1436
1425,1425
1392,1423
1397,1431
1405,1412
1387,1409
1418,1416
1382,1399
1401,1431
1440,1463
1418,1459
1470,1495
1448,1519
1486,1516
1481,1563
1541,1565
1543,1566
1565,1588
1579,1643
1624,1660
1643,1683
1659,1699
1689,1706
1698,1722
1723,1734
1706,1754
1773,1756
1748,1784
1797,1801
1793,1765
1782,1779
1826,1773
1820,1808
1801,1761
1818,1754
1812,1793
1769,1735
1781,1710
1771,1744
1735,1699
1709,1649
1731,1652
1705,1647
1649,1615
1662,1597
1633,1614
1581,1562
1562,1524
1539,1524
1527,1513
1502,1486
1499,1480
1452,1433
1438,1440
1429,1391
1395,1411
1385,1434
1400,1397
1382,1403
1376,1406
1391,1439
1400,1445
1409,1434
1404,1427
1419,1462
1454,1487
1457,1490
1457,1554
1492,1542
1490,1550
1524,1555
1561,1607
1593,1631
1607,1651
1608,1675
1694,1694
1680,1704
1716,1734
1703,1725
1749,1765
1750,1774
1786,1766
1786,1784
1815,1796
1810,1810
1774,1801
1836,1788
1806,1790
1821,1786
1784,1763
1798,1727
1784,1752
1785,1719
1769,1688
1698,1664
1692,1681
1692,1635
1655,1591
1634,1587
1635,1597
1582,1578
1548,1551
1574,1513
1521,1483
1484,1463
1495,1467
1436,1453
1455,1426
1409,1389
1421,1417
1392,1395
1400,1412
1405,1409
1390,1416
1382,1433
1405,1441
1391,1430
1426,1468
1413,1460
1445,1455
1451,1493
1483,1523
1484,1535
1500,1568
1528,1565
1580,1607
1558,1620
1594,1661
1629,1654
1635,1712
1675,1690
1719,1725
1734,1733
1750,1758
1777,1774
1768,1761
1779,1771
1755,1804
1786,1761
1822,1796
1800,1771
1800,1794
1807,1758
1774,1780
1791,1741
1772,1718
1772,1760
1735,1690
1753,1671
1698,1637
1697,1631
1680,1598
1645,1585
1607,1573
1570,1552
1563,1536
1525,1507
1492,1466
1512,1452
1472,1454
1446,1444
1416,1455
1462,1443
1379,1421
1383,1438
1390,1390
1388,1405
1381,1423
1383,1446
1440,1401
1388,1426
1421,1456
1441,1470
1404,1474
1463,1502
1469,1513
1473,1535
1534,1557
1545,1586
1528,1609
1619,1625
1621,1658
1641,1678
1667,1692
1686,1733
1707,1723
1726,1714
1775,1763
1758,1735
1764,1760
1751,1790
1780,1783
1812,1795
1794,1797
1808,1783
1794,1791
1809,1750
1772,1762
1784,1747
1771,1734
1741,1744
1769,1721
1714,1674
1704,1686
1692,1659
1668,1642
1622,1571
1610,1569
1600,1538
1552,1544
1533,1502
1509,1494
1469,1473
1484,1457
1463,1450
1446,1459
1452,1419
1417,1403
1430,1396
1409,1405
1422,1429
1399,1409
1394,1416
1397,1427
1390,1458
1410,1439
1412,1480
1448,1491
1479,1506
1466,1515
1495,1537
1502,1554
1565,1592
1539,1592
1611,1623
1585,1645
1635,1674
1689,1683
1665,1696
1697,1706
1740,1747
1743,1765
1782,1750
1766,1755
1803,1763
1777,1796
1803,1806
1838,1795
1771,1792
1810,1777
1790,1767
1777,1754
1777,1740
1765,1759
1773,1724
1735,1699
1720,1698
1719,1646
1693,1651
1633,1620
1638,1585
1624,1593
1561,1560
1540,1516
1555,1498
1490,1476
1476,1482
1470,1464
1448,1446
1429,1419
1420,1431
1403,1381
1391,1422
1402,1396
1415,1406
1347,1415
1397,1405
1386,1447
1401,1423
1406,1443
1419,1503
1440,1500
1456,1500
1467,1531
1495,1549
1525,1571
1537,1600
1576,1621
1599,1658
1614,1668
1640,1677
1660,1701
1682,1712
1729,1744
1702,1741
1762,1751
1770,1769
1766,1792
1801,1776
1783,1807
1783,1803
1810,1780
1802,1779
1800,1775
1796,1742
1767,1762
1780,1769
1758,1703
1769,1718
1748,1689
1724,1669
1685,1662
1690,1642
1643,1590
1595,1573
1588,1549
1574,1557
1541,1502
1547,1521
1531,1463
1458,1464
1454,1455
1454,1460
1433,1445
1427,1407
1404,1436
1390,1386
1409,1407
1405,1394
1364,1435
1398,1441
1393,1454
1412,1446
1444,1467
1404,1485
1464,1491
1471,1501
1466,1532
1507,1571
1515,1579
1566,1579
1596,1655
1584,1632
1646,1670
1675,1679
1690,1728
1720,1729
1720,1751
1769,1771
1772,1745
1761,1762
1804,1774
1810,1796
1783,1787
1785,1778
1838,1780
1836,1795
1808,1755
1808,1747
1782,1728
1771,1749
1789,1705
1732,1683
1733,1672
1717,1658
1653,1626
1644,1643
1631,1609
1616,1581
1595,1552
1568,1517
1534,1533
1529,1477
1493,1439
1490,1458
1463,1451
1434,1416
1442,1435
1392,1398
1396,1405
1379,1418
1388,1425
1402,1443
1386,1429
1408,1433
1401,1431
1394,1466
1437,1474
1450,1507
1480,1508
1493,1537
1489,1562
1474,1571
1527,1572
1553,1584
1576,1622
1619,1642
1650,1669
1656,1687
1657,1718
1692,1741
1714,1747
1729,1777
1790,1738
1784,1788
1769,1777
1798,1813
1799,1798
1834,1793
1804,1768
1831,1795
1796,1778
1779,1758
1794,1733
1781,1741
1776,1713
1728,1668
1733,1664
1704,1642
1661,1624
1660,1637
1629,1609
1612,1605
1583,1564
1567,1527
1530,1489
1523,1483
1475,1464
1478,1426
1427,1455
1415,1438
1414,1415
1422,1388
1382,1416
1391,1428
1406,1395
1410,1411
1371,1428
1429,1415
1438,1450
1422,1481
1435,1473
1483,1485
1439,1532
1483,1514
1494,1543
1542,1575
1555,1582
1571,1624
1571,1626
1642,1641
1641,1698
1669,1702
1674,1731
1722,1730
1742,1753
1722,1769
1761,1773
1792,1783
1782,1816
1772,1811
1776,1763
1803,1781
1804,1773
1820,1754
1824,1753
1795,1717
1820,1734
1746,1728
1758,1720
1736,1692
1692,1680
1675,1661
1653,1618
1669,1593
1624,1610
1621,1560
1545,1515
1562,1504
1514,1528
1511,1451
1513,1451
1500,1459
1437,1429
1434,1424
1436,1426
1413,1402
1405,1392
1387,1423
1393,1406
1399,1411
1394,1429
1404,1439
1379,1441
1434,1479
1457,1463
1447,1475
1437,1519
1481,1565
1508,1568
1513,1558
1558,1577
1560,1628
1598,1635
1618,1672
1663,1665
1683,1717
1712,1716
1704,1721
1770,1750
1755,1765
1786,1752
1759,1786
1766,1781
1773,1804
1800,1782
1821,1750
1789,1772
1796,1764
1814,1780
1788,1749
1798,1745
1763,1721
1765,1708
1727,1680
1683,1655
1701,1620
1641,1604
1623,1591
1615,1585
1573,1546
1530,1541
1527,1473
1532,1509
1473,1452
1479,1471
1466,1439
1440,1456
1412,1421
1417,1395
1388,1434
1395,1398
1348,1408
1359,1404
1380,1413
1417,1431
1393,1450
1433,1459
1424,1464
1443,1491
1447,1488
1465,1513
1519,1533
1533,1546
1580,1609
1554,1605
1584,1614
1620,1661
1644,1653
1690,1733
1658,1710
1709,1722
1745,1736
1755,1738
1763,1733
1786,1782
1792,1773
1814,1788
1823,1778
1809,1797
1747,1771
1771,1788
1797,1767
1775,1731
1796,1733
1759,1740
1741,1720
1721,1657
1707,1660
1702,1648
1645,1618
1650,1610
1603,1591
1591,1545
1573,1554
1539,1515
1548,1498
1481,1508
1485,1443
1472,1466
1442,1450
1424,1459
1406,1420
1410,1418
1396,1425
1398,1428
1372,1413
1412,1436
1396,1407
1415,1457
1395,1457
1427,1444
1448,1481
1478,1471
1482,1491
1472,1550
1502,1559
1536,1576
1575,1601
1560,1617
1611,1646
1632,1658
1647,1648
1672,1718
1717,1685
1698,1745
1762,1747
1744,1804
1785,1799
1767,1752
1770,1791
1800,1783
1795,1777
1804,1769
1772,1795
1801,1765
1809,1764
1780,1729
1781,1733
1748,1745
1764,1710
1725,1670
1702,1657
1664,1618
1653,1634
1644,1610
1604,1598
1621,1542
1571,1544
1510,1499
1526,1514
1505,1506
1523,1471
1448,1436
1429,1455
1434,1405
1414,1422
1397,1413
1392,1425
1361,1430
1368,1435
1375,1410
1410,1449
1424,1451
1420,1462
1436,1457
1452,1492
1451,1537
1546,1525
1496,1520
1486,1573
1557,1594
1556,1625
1587,1629
1608,1633
1633,1655
1640,1665
1695,1680
1704,1733
1719,1719
1703,1758
1751,1769
1753,1753
1793,1778
1777,1790
1771,1776
1836,1797
1823,1765
1786,1765
1787,1757
1826,1736
1785,1741
1739,1714
1737,1716
1749,1699
1695,1682
1698,1656
1682,1629
1630,1595
1618,1610
1599,1572
1574,1557
1533,1517
1527,1520
1549,1495
1489,1467
1497,1456
1443,1435
1461,1443
1431,1427
1419,1400
1408,1409
1409,1412
1395,1417
1373,1416
1378,1428
1386,1457
1445,1450
1381,1466
1445,1501
1449,1498
1493,1526
1483,1502
1514,1565
1518,1586
1573,1610
1567,1618
1590,1626
1627,1664
1650,1673
1666,1716
1685,1733
1721,1725
1751,1765
1748,1759
1757,1759
1789,1775
1797,1766
1790,1793
1802,1781
1761,1765
1796,1775
1766,1763
1810,1749
1765,1762
1776,1738
1751,1694
1754,1684
1727,1691
1716,1646
1701,1638
1673,1645
1620,1610
1624,1585
1562,1534
1576,1553
1538,1515
1506,1497
1517,1489
1471,1462
1476,1466
1473,1430
1459,1405
1421,1417
1413,1416
1391,1440
1417,1413
1415,1432
1395,1426
1410,1450
1376,1472
1435,1462
1418,1496
1449,1497
1434,1519
1464,1516
1472,1538
1469,1547
1572,1599
1562,1611
1566,1620
1589,1644
1636,1654
1632,1677
1682,1702
1670,1713
1711,1727
1735,1759
1753,1738
1771,1765
1788,1783
1789,1772
1793,1799
1756,1742
1784,1761
1771,1788
1755,1755
1783,1758
1769,1739
1761,1713
1769,1678
1709,1706
1702,1675
1715,1651
1660,1649
1666,1581
1649,1598
1590,1568
1594,1542
1573,1543
1549,1523
1485,1512
1534,1464
1490,1477
1434,1459
1430,1444
1429,1437
1455,1450
1412,1427
1411,1427
1384,1432
1397,1419
1417,1412
1397,1432
1419,1426
1403,1451
1414,1472
1460,1494
1438,1526
1460,1487
1513,1546
1519,1562
1548,1580
1565,1635
1615,1640
1625,1646
1610,1682
1653,1667
1685,1708
1671,1724
1694,1715
1725,1721
1769,1756
1763,1770
1770,1759
1803,1779
1799,1786
1794,1794
1790,1765
1775,1785
1812,1757
1785,1752
1800,1753
1744,1746
1765,1689
1721,1668
1686,1659
1697,1617
1649,1618
1677,1600
1634,1607
1604,1548
1571,1547
1534,1533
1534,1508
1520,1501
1501,1492
1495,1480
1475,1436
1451,1441
1414,1414
1396,1431
1425,1416
1424,1449
1415,1409
1419,1432
1445,1467
1418,1442
1424,1451
1414,1472
1464,1506
1439,1506
1467,1531
1482,1529
1526,1529
1537,1547
1571,1580
1588,1607
1572,1638
1664,1647
1623,1652
1692,1670
1678,1712
1672,1721
1709,1745
1763,1731
1745,1752
1765,1788
1717,1761
1786,1748
1786,1774
1762,1747
1813,1761
1757,1753
1780,1744
1771,1742
1761,1709
1766,1711
1766,1697
1722,1682
1679,1675
1723,1645
1665,1639
1613,1580
1605,1575
1627,1584
1608,1533
1533,1526
1543,1518
1517,1484
1493,1506
1530,1454
1443,1460
1436,1428
1462,1425
1441,1430
1427,1428
1388,1427
1402,1428
1399,1419
1387,1461
1429,1438
1414,1445
1433,1451
1434,1486
1452,1498
1477,1523
1492,1537
1513,1552
1555,1569
1563,1604
1569,1624
1584,1640
1605,1649
1646,1680
1671,1709
1691,1730
1686,1707
1736,1735
1717,1715
1730,1757
1783,1774
1754,1759
1773,1785
1791,1750
1802,1776
1779,1782
1751,1743
1778,1743
1760,1764
1768,1719
1741,1719
1735,1665
1727,1676
1731,1656
1699,1674
1686,1616
1600,1612
1639,1569
1601,1573
1582,1539
1560,1559
1543,1514
1500,1506
1539,1477
1475,1483
1443,1464
1446,1452
1428,1413
1425,1443
1444,1434
1416,1429
1410,1451
1441,1430
1416,1443
1411,1477
1422,1460
1431,1483
1484,1474
1474,1509
1502,1517
1524,1540
1544,1550
1554,1568
1549,1599
1554,1633
1586,1614
1583,1684
1646,1691
1663,1697
1645,1694
1687,1723
1716,1763
1718,1728
1750,1746
1784,1762
1732,1763
1758,1762
1799,1763
1786,1758
1812,1771
1781,1780
1779,1739
1764,1727
1725,1753
1756,1739
1727,1690
1710,1677
1712,1639
1686,1637
1661,1623
1651,1613
1633,1577
1621,1552
1587,1537
1571,1525
1556,1528
1547,1501
1479,1474
1484,1489
1456,1465
1457,1463
1451,1443
1410,1451
1429,1429
1439,1423
1397,1428
1398,1473
1409,1442
1401,1447
1439,1458
1441,1498
1461,1486
1459,1529
1474,1531
1524,1523
1503,1540
1543,1573
1574,1612
1605,1602
1597,1629
1622,1630
1629,1678
1653,1703
1689,1704
1698,1728
1709,1737
1710,1761
1763,1738
1748,1763
1774,1792
1805,1759
1771,1757
1772,1731
1798,1723
1759,1764
1749,1755
1770,1736
1738,1717
1742,1733
1719,1678
1722,1651
1681,1656
1681,1649
1664,1645
1636,1614
1620,1608
1601,1553
1551,1574
1552,1563
1564,1522
1528,1499
1529,1479
1480,1507
1447,1474
1453,1458
1440,1461
1423,1438
1441,1424
1434,1455
1425,1442
1376,1440
1448,1452
1433,1464
1435,1450
1427,1467
1495,1448
1475,1496
1470,1507
1510,1527
1494,1526
1549,1578
1561,1599
1569,1640
1619,1620
1629,1633
1658,1616
1674,1679
1662,1692
1685,1712
1727,1716
1714,1746
1740,1743
1729,1744
1739,1767
1760,1758
1764,1771
1786,1773
1790,1742
1747,1743
1759,1751
1772,1730
1779,1727
1747,1726
1745,1676
1736,1657
1718,1665
1706,1642
1663,1619
1646,1605
1585,1592
1595,1579
1584,1517
1554,1560
1591,1510
1534,1501
1541,1511
1519,1477
1507,1475
1473,1424
1457,1482
1431,1465
1432,1434
1413,1448
1410,1440
1444,1464
1406,1453
1426,1450
1472,1462
1447,1476
1442,1508
1468,1504
1481,1506
1520,1530
1527,1525
1516,1561
1572,1580
1578,1612
1615,1619
1609,1650
1623,1672
1645,1671
1680,1692
1687,1701
1730,1696
1693,1711
1740,1726
1727,1727
1752,1754
1765,1764
1772,1751
1774,1778
1774,1730
1809,1747
1769,1762
1784,1737
1762,1756
1725,1729
1735,1720
1726,1678
1689,1690
1683,1674
1665,1651
1692,1627
1646,1597
1611,1578
1587,1581
1577,1561
1548,1501
1572,1521
1526,1495
1508,1507
1473,1488
1481,1483
1484,1457
1492,1425
1435,1430
1444,1432
1440,1451
1428,1454
1428,1451
1427,1461
1453,1459
1443,1495
1412,1467
1450,1499
1458,1488
1491,1527
1524,1574
1509,1579
1550,1569
1545,1575
1602,1617
1613,1638
1609,1659
1677,1676
1637,1685
1638,1705
1679,1675
1700,1733
1731,1695
1756,1731
1732,1739
1760,1727
1743,1764
1788,1721
1765,1749
1778,1736
1758,1732
1759,1737
1759,1734
1786,1703
1722,1693
1748,1735
1740,1685
1717,1656
1692,1650
1715,1626
1649,1616
1634,1591
1654,1591
1607,1547
1546,1537
1533,1543
1533,1494
1505,1473
1508,1508
1474,1453
1478,1485
1476,1472
1450,1452
1421,1463
1450,1446
1450,1468
1410,1440
1402,1484
1441,1458
1462,1488
1456,1501
1440,1487
1513,1515
1473,1506
1492,1521
1533,1511
1547,1565
1569,1573
1599,1590
1557,1618
1602,1637
1641,1637
1662,1651
1674,1696
1692,1704
1641,1739
1726,1708
1695,1738
1728,1712
1755,1733
1736,1750
1736,1747
1766,1735
1768,1752
1718,1727
1747,1740
1736,1723
1758,1732
1787,1741
1740,1684
1731,1710
1697,1661
1673,1649
1681,1635
1616,1636
1650,1598
1635,1606
1589,1627
1580,1552
1557,1549
1538,1528
1558,1465
1523,1481
1510,1479
1458,1482
1462,1471
1475,1463
1451,1471
1411,1438
1423,1454
1441,1468
1409,1471
1449,1439
1438,1472
1447,1453
1444,1482
1468,1500
1467,1498
1480,1536
1500,1521
1552,1527
1543,1577
1515,1607
1570,1610
1566,1616
1600,1639
1631,1629
1660,1646
1674,1698
1692,1705
1669,1726
1705,1757
1733,1718
1759,1717
1734,1721
1739,1764
1746,1756
1738,1749
1753,1739
1780,1757
1786,1742
1739,1725
1757,1775
1786,1720
1712,1723
1683,1667
1688,1711
1723,1634
1650,1633
1643,1619
1659,1612
1645,1598
1616,1547
1573,1579
1597,1535
1563,1507
1511,1526
1542,1505
1504,1471
1456,1485
1433,1480
1468,1464
1436,1442
1459,1452
1428,1442
1448,1465
1425,1478
1430,1473
1441,1455
1446,1490
1435,1460
1447,1501
1474,1497
1480,1526
1511,1541
1509,1526
1545,1567
1594,1597
1543,1607
1614,1609
1587,1647
1610,1649
1661,1677
1713,1694
1691,1705
1685,1698
1696,1734
1708,1721
1738,1720
1737,1728
1764,1726
1742,1737
1749,1720
1748,1758
1770,1725
1733,1742
1717,1708
1767,1715
1751,1695
1740,1705
1735,1666
1648,1666
1677,1641
1659,1640
1634,1624
1641,1612
1627,1574
1624,1572
1578,1552
1578,1531
1539,1526
1541,1507
1527,1501
1498,1470
1473,1496
1460,1486
1489,1470
1481,1489
1441,1439
1461,1466
1423,1448
1455,1444
1432,1463
1457,1457
1441,1474
1468,1505
1447,1503
1461,1510
1485,1501
1526,1534
1552,1537
1503,1558
1543,1587
1566,1615
1580,1616
1602,1610
1652,1643
1660,1654
1660,1680
1654,1694
1686,1714
1712,1720
1694,1694
1707,1758
1727,1752
1746,1749
1748,1744
1776,1759
1730,1722
1730,1767
1710,1733
1738,1774
1773,1733
1742,1701
1760,1698
1727,1699
1720,1677
1702,1634
1685,1634
1668,1607
1664,1620
1652,1611
1591,1590
1606,1544
1567,1544
1531,1535
1548,1534
1529,1532
1514,1515
1500,1485
1473,1483
1473,1502
1468,1461
1444,1462
1440,1470
1464,1446
1452,1436
1402,1471
1450,1471
1434,1477
1440,1487
1469,1490
1473,1495
1496,1536
1508,1540
1504,1580
1492,1539
1570,1572
1564,1596
1543,1608
1565,1608
1627,1625
1619,1653
1628,1645
1672,1683
1679,1688
1692,1703
1701,1700
1734,1748
1711,1734
1750,1742
1750,1765
1761,1765
1760,1734
1755,1759
1733,1714
1776,1744
1751,1680
1712,1734
1723,1722
1759,1663
1691,1651
1715,1660
1699,1651
1693,1607
1644,1620
1604,1609
1592,1601
1578,1583
1615,1558
1564,1530
1537,1508
1534,1523
1533,1492
1490,1484
1499,1477
1472,1488
1433,1450
1476,1452
1455,1451
1449,1467
1450,1463
1439,1451
1415,1465
1436,1477
1441,1474
1485,1504
1446,1486
1459,1478
1460,1520
1544,1550
1514,1529
1526,1547
1550,1553
1563,1569
1601,1613
1603,1603
1597,1638
1625,1657
1621,1655
1690,1674
1649,1694
1699,1715
1716,1701
1742,1715
1721,1741
1778,1742
1745,1738
1744,1724
1748,1715
1729,1722
1814,1718
1725,1735
1761,1725
1743,1721
1733,1728
1740,1726
1734,1679
1655,1665
1682,1648
1655,1625
1648,1595
1657,1636
1587,1564
1598,1562
1591,1565
1548,1551
1524,1526
1541,1521
1530,1538
1495,1484
1502,1484
1463,1495
1460,1486
1501,1478
1500,1467
1433,1477
1470,1486
1444,1470
1473,1478
1450,1470
1487,1491
1450,1474
1480,1510
1481,1528
1488,1550
1518,1514
1543,1546
1544,1547
1545,1596
1594,1618
1560,1597
1617,1617
1623,1619
1608,1666
1669,1667
1641,1666
1679,1689
1699,1715
1715,1723
1732,1717
1746,1722
1738,1691
1751,1756
1737,1771
1781,1721
1774,1721
1775,1720
1750,1736
1732,1730
1723,1714
1726,1692
1691,1681
1708,1682
1692,1647
1703,1651
1674,1621
1672,1617
1647,1601
1623,1593
1575,1575
1596,1549
1576,1545
1557,1515
1554,1485
1494,1522
1486,1506
1490,1494
1442,1490
1451,1479
1435,1464
1423,1467
1466,1486
1461,1467
1424,1481
1442,1449
1470,1478
1455,1493
1495,1488
1452,1494
1478,1512
1505,1517
1506,1514
1538,1558
1562,1547
1562,1553
1514,1591
1589,1630
1607,1625
1602,1628
1656,1659
1651,1706
1663,1666
1645,1699
1679,1730
1688,1701
1708,1715
1710,1732
1714,1728
1749,1742
1760,1746
1748,1740
1754,1703
1733,1744
1750,1760
1733,1707
1738,1697
1764,1709
1708,1685
1706,1665
1684,1678
1701,1662
1663,1624
1668,1605
1653,1624
1626,1592
1615,1579
1592,1573
1560,1545
1567,1534
1542,1518
1504,1524
1509,1490
1483,1499
1476,1480
1487,1485
1474,1476
1513,1474
1446,1463
1437,1441
1447,1470
1457,1462
1438,1469
1457,1489
1476,1503
1470,1468
1476,1525
1472,1520
1494,1542
1505,1563
1529,1557
1524,1557
1578,1579
1581,1617
1589,1599
1589,1634
1622,1643
1637,1675
1659,1647
1688,1703
1658,1686
1725,1700
1742,1713
1700,1728
1724,1737
1734,1764
1738,1744
1748,1737
1754,1719
1748,1724
1758,1740
1805,1735
1758,1718
1716,1707
1691,1677
1749,1684
1691,1677
1677,1660
1717,1656
1681,1594
1622,1601
1631,1602
1632,1577
1597,1576
1622,1570
1584,1543
1531,1526
1538,1528
1536,1497
1486,1511
1512,1486
1475,1475
1491,1481
1460,1468
1487,1495
1457,1465
1462,1459
1436,1464
1454,1475
1441,1464
1460,1487
1461,1495
1477,1494
1475,1489
1524,1528
1501,1555
1523,1549
1517,1559
1567,1583
1568,1608
1609,1607
1631,1622
1622,1619
1627,1644
1650,1662
1652,1680
1657,1679
1699,1712
1719,1693
1685,1721
1711,1690
1736,1730
1709,1749
1728,1734
1748,1736
1756,1737
1709,1698
1757,1702
1751,1730
1753,1717
1690,1711
1705,1672
1710,1685
1726,1681
1682,1638
1658,1646
1638,1614
1659,1614
1637,1585
1616,1569
1575,1587
1584,1561
1545,1531
1524,1526
1546,1554
1490,1524
1518,1470
1466,1485
1466,1457
1465,1472
1478,1428
1440,1490
1428,1481
1462,1460
1443,1466
1466,1464
1452,1472
1450,1482
1495,1498
1474,1496
1465,1529
1511,1533
1525,1528
1515,1556
1530,1537
1509,1563
1544,1600
1566,1631
1596,1599
1620,1612
1629,1633
1642,1654
1669,1680
1695,1686
1680,1723
1700,1722
1714,1695
1718,1742
1705,1746
1740,1731
1764,1722
1734,1708
1752,1721
1754,1720
1746,1750
1743,1694
1717,1683
1758,1697
1732,1708
1693,1670
1692,1678
1658,1662
1672,1643
1649,1632
1621,1604
1633,1597
1628,1588
1579,1573
1585,1518
1583,1548
1540,1524
1544,1514
1499,1490
1486,1464
1477,1476
1470,1506
1462,1480
1456,1479
1488,1454
1457,1449
1444,1444
1462,1455
1411,1458
1479,1469
1476,1482
1456,1491
1457,1509
1487,1505
1487,1527
1512,1524
1527,1584
1545,1572
1568,1547
1542,1559
1566,1590
1608,1610
1618,1639
1653,1635
1646,1664
1669,1694
1684,1674
1664,1683
1696,1677
1725,1720
1732,1718
1751,1695
1763,1734
1752,1729
1717,1719
1742,1689
1781,1717
1729,1741
1740,1746
1756,1734
1715,1682
1743,1692
1720,1695
1728,1686
1726,1648
1661,1667
1673,1629
1632,1602
1661,1605
1619,1560
1584,1593
1588,1583
1552,1536
1563,1504
1534,1527
1518,1543
1537,1487
1485,1497
1489,1508
1496,1477
1492,1469
1452,1491
1449,1462
1452,1452
1460,1463
1454,1452
1446,1431
1456,1488
1436,1473
1460,1465
1463,1488
1495,1498
1480,1511
1482,1529
1502,1550
1534,1584
1548,1588
1535,1589
1608,1615
1604,1639
1598,1630
1604,1655
1642,1690
1657,1686
1676,1672
1669,1695
1700,1700
1709,1726
1720,1716
1748,1737
1720,1733
1761,1720
1756,1731
1778,1757
1737,1716
1734,1695
1699,1707
1736,1718
1755,1705
1731,1687
1730,1689
1709,1685
1718,1643
1660,1634
1641,1626
1644,1602
1626,1631
1635,1594
1592,1568
1599,1554
1603,1539
1545,1536
1523,1514
1503,1525
1491,1492
1476,1495
1484,1471
1468,1491
1461,1462
1492,1453
1445,1460
1429,1484
1474,1472
1439,1461
1441,1499
1465,1479
1455,1489
1447,1495
1463,1501
1507,1465
1484,1525
1505,1527
1512,1572
1522,1566
1537,1594
1563,1605
1580,1601
1585,1611
1618,1651
1635,1648
1641,1663
1658,1672
1672,1698
1688,1720
1685,1717
1717,1678
1735,1733
1740,1752
1739,1760
1739,1733
1735,1734
1762,1719
1776,1723
1722,1735
1770,1711
1745,1700
1748,1706
1756,1719
1719,1685
1722,1678
1674,1658
1678,1628
1686,1632
1647,1612
1637,1606
1653,1588
1576,1562
1585,1560
1594,1562
1542,1547
1534,1545
1522,1487
1501,1521
1486,1505
1476,1461
1480,1467
1451,1481
1424,1456
1457,1469
1442,1474
1449,1457
1480,1461
1438,1471
1447,1476
1445,1512
1498,1491
1474,1540
1537,1527
1518,1544
1478,1527
1529,1531
1525,1575
1532,1568
1529,1581
1583,1612
1601,1668
1600,1643
1619,1661
1631,1663
1679,1655
1670,1683
1697,1681
1696,1712
1710,1712
1718,1729
1744,1738
1769,1741
1755,1756
1755,1732
1718,1735
1748,1741
1752,1737
1754,1731
1739,1709
1734,1735
1735,1696
1706,1689
1722,1687
1697,1662
1689,1658
1665,1631
1642,1621
1654,1589
1615,1604
1615,1571
1592,1599
1582,1578
1546,1530
1528,1517
1513,1485
1511,1523
1491,1493
1476,1456
1463,1499
1453,1437
1485,1466
1434,1444
1449,1453
1441,1459
1447,1476
1436,1455
1423,1491
1471,1465
1489,1473
1474,1509
1482,1515
1483,1524
1500,1527
1539,1548
1537,1540
1556,1563
1539,1577
1565,1622
1581,1605
1572,1655
1617,1620
1648,1637
1645,1652
1654,1646
1643,1687
1726,1698
1729,1704
1733,1720
1729,1727
1754,1752
1750,1744
1733,1737
1764,1721
1739,1766
1739,1707
1742,1724
1732,1708
1757,1729
1715,1683
1698,1723
1711,1679
1707,1645
1698,1660
1709,1640
1671,1654
1654,1639
1629,1598
1604,1584
1596,1582
1588,1591
1552,1531
1520,1516
1550,1526
1515,1516
1477,1514
1483,1480
1462,1486
1480,1459
1444,1487
1467,1483
1444,1480
1423,1475
1424,1445
1435,1449
1421,1497
1466,1467
1451,1463
1456,1485
1464,1514
1456,1482
1461,1548
1468,1545
1540,1584
1537,1549
1535,1593
1612,1580
1555,1624
1603,1627
1575,1627
1612,1629
1642,1673
1684,1648
1678,1705
1672,1721
1672,1727
1727,1706
1740,1727
1720,1758
1723,1718
1722,1722
1747,1732
1743,1733
1741,1729
1743,1725
1750,1716
1735,1721
1745,1734
1723,1699
1710,1679
1712,1674
1700,1653
1730,1653
1676,1659
1641,1639
1652,1633
1624,1602
1640,1577
1596,1574
1581,1555
1579,1548
1537,1525
1502,1515
1520,1488
1521,1470
1479,1494
1473,1462
1465,1472
1485,1451
1430,1444
1420,1437
1411,1450
1439,1500
1419,1466
1410,1481
1453,1470
1464,1458
1444,1480
1465,1500
1479,1524
1470,1514
1482,1533
1513,1573
1521,1559
1540,1600
1561,1604
1577,1600
1592,1637
1601,1623
1643,1634
1626,1646
1636,1688
1676,1699
1703,1706
1726,1714
1714,1714
1759,1725
1731,1740
1765,1741
1751,1709
1752,1736
1747,1733
1778,1739
1737,1751
1747,1730
1748,1726
1745,1717
1709,1692
1745,1698
1693,1683
1718,1669
1687,1664
1665,1655
1683,1648
1653,1590
1630,1623
1617,1591
1602,1577
1559,1573
1554,1530
1562,1534
1528,1503
1495,1498
1520,1503
1478,1465
1472,1463
1473,1460
1472,1467
1465,1453
1473,1468
1457,1476
1476,1418
1434,1461
1467,1484
1489,1457
1437,1465
1451,1469
1475,1483
1421,1505
1476,1513
1487,1518
1494,1572
1520,1561
1549,1547
1543,1567
1546,1610
1603,1637
1610,1623
1607,1641
1614,1633
1676,1701
1696,1699
1683,1683
1691,1714
1722,1713
1739,1751
1745,1734
1736,1737
1762,1738
1778,1750
1773,1746
1746,1734
1766,1737
1754,1733
1741,1720
1733,1731
1729,1715
1756,1708
1718,1706
1697,1709
1682,1666
1684,1643
1689,1650
1664,1634
1621,1603
1630,1584
1602,1588
1629,1558
1575,1546
1566,1521
1561,1508
1525,1526
1512,1515
1490,1501
1488,1449
1475,1474
1421,1457
1459,1450
1449,1460
1438,1464
1471,1492
1397,1457
1453,1444
1424,1463
1447,1471
1455,1486
1465,1496
1485,1479
1491,1489
1471,1525
1517,1516
1496,1542
1521,1570
1527,1583
1559,1587
1563,1606
1585,1643
1592,1642
1602,1669
1663,1661
1653,1664
1684,1695
1679,1705
1703,1731
1721,1737
1725,1727
1745,1749
1725,1749
1751,1764
1747,1718
1788,1732
1763,1743
1776,1770
1781,1720
1747,1723
1742,1767
1735,1733
1761,1715
1719,1681
1738,1669
1700,1671
1699,1660
1675,1646
1663,1629
1634,1594
1624,1579
1621,1569
1602,1557
1570,1576
1552,1545
1533,1525
1515,1520
1509,1482
1466,1458
1426,1480
1439,1456
1439,1469
1453,1487
1425,1428
1439,1462
1453,1482
1421,1460
1433,1465
1422,1469
1479,1473
1468,1480
1427,1476
1471,1504
1481,1501
1479,1504
1504,1522
1520,1546
1504,1551
1540,1600
1521,1563
1561,1602
1600,1651
1602,1658
1626,1646
1628,1662
1663,1672
1674,1689
1713,1720
1702,1715
1725,1732
1737,1741
1749,1745
1761,1743
1776,1736
1756,1769
1769,1757
1771,1746
1778,1758
1767,1725
1774,1744
1746,1724
1756,1681
1738,1713
1731,1747
1754,1668
1698,1672
1670,1672
1695,1649
1669,1623
1680,1595
1616,1604
1577,1570
1585,1548
1573,1556
1569,1547
1533,1531
1543,1527
1498,1486
1461,1499
1498,1488
1456,1466
1480,1451
1444,1431
1465,1447
1410,1484
1461,1441
1430,1420
1443,1444
1451,1463
1423,1464
1449,1479
1453,1439
1447,1490
1462,1515
1465,1520
1520,1525
1520,1541
1548,1537
1540,1557
1573,1616
1578,1610
1565,1615
1588,1628
1634,1634
1655,1654
1664,1660
1661,1692
1711,1708
1725,1717
1753,1723
1757,1750
1743,1750
1747,1751
1784,1755
1794,1709
1758,1759
1781,1745
1767,1762
1743,1744
1784,1759
1771,1744
1771,1726
1744,1735
1724,1725
1715,1689
1757,1690
1681,1663
1674,1628
1652,1639
1664,1622
1629,1619
1594,1606
1599,1538
1567,1544
1595,1531
1524,1508
1535,1495
1530,1504
1515,1476
1496,1502
1449,1484
1469,1449
1480,1468
1450,1440
1434,1457
1431,1455
1429,1469
1427,1439
1442,1451
1447,1471
1454,1498
1399,1473
1440,1482
1451,1478
1466,1490
1490,1507
1479,1562
1516,1546
1511,1527
1550,1571
1565,1578
1576,1591
1611,1644
1605,1638
1678,1665
1662,1686
1678,1689
1698,1723
1706,1727
1720,1754
1730,1742
1760,1716
1749,1746
1732,1755
1797,1745
1793,1774
1778,1774
1783,1769
1805,1739
1777,1707
1774,1745
1764,1750
1740,1725
1749,1699
1747,1684
1719,1697
1692,1652
1689,1668
1661,1652
1646,1610
1613,1615
1600,1564
1610,1580
1595,1562
1571,1561
1535,1528
1520,1503
1497,1505
1498,1482
1505,1450
1468,1458
1454,1445
1440,1435
1412,1458
1440,1430
1431,1440
1408,1455
1429,1438
1401,1438
1432,1470
1409,1467
1434,1458
1424,1492
1466,1469
1440,1485
1488,1503
1450,1507
1486,1515
1533,1560
1541,1552
1587,1573
1562,1607
1581,1626
1603,1614
1649,1686
1641,1641
1666,1674
1691,1693
1686,1704
1724,1720
1713,1727
1734,1721
1747,1731
1766,1756
1779,1750
1770,1765
1804,1740
1828,1765
1779,1721
1788,1787
1752,1738
1781,1752
1789,1713
1772,1703
1723,1706
1727,1727
1734,1705
1731,1695
1682,1624
1704,1634
1676,1613
1644,1611
1603,1599
1617,1593
1585,1546
1579,1545
1543,1524
1547,1504
1518,1493
1531,1481
1516,1508
1453,1460
1435,1468
1410,1424
1417,1417
1437,1438
1448,1420
1418,1431
1431,1426
1421,1445
1422,1449
1405,1468
1412,1455
1421,1458
1462,1490
1449,1506
1479,1497
1501,1505
1503,1559
1486,1549
1563,1560
1564,1576
1574,1589
1590,1610
1603,1651
1627,1654
1631,1645
1646,1671
1700,1693
1656,1719
1723,1712
1741,1741
1750,1732
1771,1729
1763,1750
1755,1760
1780,1770
1768,1765
1780,1768
1801,1762
1797,1735
1796,1740
1805,1734
1773,1725
1753,1728
1774,1688
1762,1730
1703,1700
1723,1657
1686,1662
1682,1650
1671,1634
1638,1624
1643,1598
1623,1584
1577,1578
1545,1523
1519,1517
1531,1484
1544,1509
1507,1507
1504,1466
1469,1450
1436,1469
1441,1454
1446,1446
1443,1435
1422,1472
1379,1442
1417,1398
1400,1449
1429,1430
1410,1454
1410,1482
1419,1466
1449,1515
1444,1488
1443,1486
1449,1523
1492,1524
1476,1519
1512,1560
1513,1565
1545,1580
1579,1590
1594,1630
1626,1614
1626,1684
1689,1686
1651,1683
1690,1702
1716,1702
1707,1741
1749,1746
1747,1747
1781,1742
1796,1763
1758,1782
1785,1740
1782,1764
1788,1734
1789,1780
1817,1759
1774,1746
1782,1732
1737,1723
1780,1726
1745,1698
1729,1693
1674,1696
1705,1672
1694,1649
1657,1623
1655,1615
1656,1606
1587,1574
1588,1578
1572,1552
1551,1540
1555,1499
1521,1471
1503,1472
1480,1498
1457,1461
1466,1438
1455,1464
1441,1439
1410,1456
1425,1417
1390,1431
1421,1418
1419,1437
1402,1423
1404,1416
1430,1449
1412,1455
1411,1472
1442,1473
1426,1471
1455,1481
1495,1512
1497,1557
1496,1554
1535,1573
1562,1582
1554,1604
1589,1588
1594,1663
1622,1660
1655,1637
1672,1677
1700,1681
1704,1727
1710,1734
1740,1760
1764,1773
1775,1797
1749,1746
1765,1771
1773,1765
1767,1773
1780,1777
1788,1756
1821,1752
1763,1708
1785,1748
1790,1739
1742,1704
1778,1709
1743,1714
1716,1667
1709,1690
1713,1690
1684,1620
1669,1630
1632,1631
1649,1592
1609,1552
1576,1558
1575,1528
1542,1519
1509,1494
1530,1502
1488,1464
1476,1480
1449,1454
1448,1437
1426,1438
1442,1423
1416,1430
1404,1446
1445,1423
1396,1426
1413,1435
1430,1448
1430,1438
1423,1443
1427,1460
1423,1452
1444,1506
1461,1514
1472,1502
1456,1527
1499,1549
1483,1558
1553,1596
1560,1609
1561,1606
1597,1610
1638,1633
1631,1627
1662,1714
1671,1701
1659,1707
1689,1726
1754,1724
1746,1756
1737,1764
1768,1770
1744,1769
1782,1755
1794,1767
1799,1799
1800,1781
1787,1761
1792,1757
1773,1749
1811,1743
1759,1755
1733,1733
1741,1712
1753,1715
1725,1674
1701,1653
1664,1631
1669,1630
1650,1608
1624,1586
1582,1572
1625,1577
1559,1552
1550,1522
1531,1511
1507,1507
1502,1451
1503,1458
1447,1469
1438,1444
1427,1439
1444,1443
1417,1441
1389,1427
1408,1434
1392,1436
1392,1449
1421,1453
1415,1432
1410,1443
1423,1452
1408,1471
1444,1461
1427,1502
1456,1495
1467,1510
1505,1507
1499,1567
1537,1551
1546,1577
1560,1628
1604,1636
1626,1630
1619,1659
1626,1697
1654,1699
1680,1701
1700,1709
1700,1715
1686,1725
1757,1735
1762,1740
1785,1775
1776,1740
1796,1762
1774,1764
1799,1738
1808,1807
1795,1766
1838,1746
1787,1742
1780,1730
1744,1744
1784,1728
1734,1693
1719,1707
1703,1687
1698,1664
1660,1644
1639,1616
1668,1636
1649,1639
1606,1564
1583,1541
1577,1561
1521,1514
1548,1499
1504,1467
1487,1479
1472,1427
1471,1460
1444,1473
1406,1418
1418,1431
1402,1430
1413,1442
1413,1440
1432,1427
1410,1435
1390,1442
1415,1430
1411,1419
1411,1437
1439,1454
1420,1470
1428,1520
1475,1500
1474,1523
1482,1498
1519,1542
1549,1560
1606,1581
1578,1619
1576,1632
1622,1640
1611,1644
1651,1686
1670,1677
1648,1706
1692,1731
1718,1769
1711,1734
1788,1756
1774,1768
1787,1785
1766,1787
1766,1759
1770,1759
1807,1788
1774,1760
1820,1783
1795,1787
1792,1740
1802,1745
1761,1748
1775,1733
1730,1713
1724,1708
1706,1689
1708,1668
1713,1669
1677,1634
1658,1610
1666,1600
1600,1566
1597,1537
1579,1558
1544,1517
1544,1506
1532,1460
1497,1473
1470,1500
1462,1453
1428,1447
1431,1439
1409,1422
1453,1431
1412,1405
1413,1426
1398,1432
1414,1438
1395,1447
1404,1471
1395,1461
1395,1447
1426,1463
1441,1490
1468,1500
1442,1490
1486,1529
1499,1546
1495,1571
1511,1552
1519,1577
1562,1590
1573,1643
1605,1650
1629,1656
1643,1684
1670,1688
1671,1705
1695,1715
1751,1720
1767,1762
1769,1803
1769,1785
1804,1779
1778,1785
1769,1775
1787,1780
1793,1767
1803,1799
1836,1768
1820,1770
1826,1778
1783,1744
1754,1741
1790,1713
1730,1726
1710,1692
1710,1683
1719,1649
1650,1650
1674,1634
1621,1604
1610,1591
1628,1551
1608,1538
1533,1557
1530,1514
1541,1503
1538,1475
1481,1470
1493,1454
1438,1459
1441,1424
1427,1420
1426,1421
1421,1431
1427,1389
1398,1427
1380,1409
1397,1421
1347,1425
1428,1417
1428,1477
1445,1465
1445,1480
1423,1468
1469,1487
1459,1505
1492,1524
1503,1562
1522,1557
1538,1587
1543,1600
1562,1618
1603,1636
1601,1630
1629,1651
1671,1664
1668,1682
1687,1713
1712,1725
1732,1733
1734,1773
1771,1727
1763,1773
1783,1787
1787,1757
1765,1802
1779,1780
1800,1809
1813,1784
1780,1771
1790,1754
1797,1776
1754,1788
1754,1750
1778,1740
1749,1729
1737,1709
1712,1675
1725,1683
1692,1657
1685,1623
1648,1620
1649,1596
1599,1567
1593,1538
1592,1552
1543,1526
1545,1505
1539,1469
1474,1467
1482,1450
1462,1445
1436,1438
1447,1424
1414,1450
1438,1420
1414,1423
1424,1430
1359,1397
1393,1414
1417,1453
1403,1428
1419,1417
1433,1433
1412,1461
1443,1482
1422,1508
1464,1514
1485,1509
1489,1529
1558,1567
1515,1576
1533,1571
1593,1589
1575,1631
1613,1649
1608,1650
1654,1709
1665,1665
1678,1700
1680,1726
1741,1733
1749,1734
1759,1745
1774,1775
1788,1794
1792,1799
1810,1781
1794,1780
1770,1791
1824,1750
1792,1773
1807,1769
1782,1781
1765,1800
1762,1776
1760,1709
1727,1718
1713,1708
1732,1680
1722,1649
1661,1646
1642,1632
1654,1609
1642,1585
1601,1582
1591,1557
1568,1540
1531,1523
1524,1498
1527,1469
1481,1482
1453,1450
1451,1441
1450,1415
1420,1450
1463,1417
1405,1421
1419,1408
1396,1416
1396,1406
1356,1412
1380,1424
1396,1403
1405,1425
1372,1434
1414,1469
1464,1475
1439,1480
1446,1480
1509,1529
1504,1529
1496,1549
1531,1557
1544,1605
1557,1628
1592,1627
1625,1666
1617,1659
1692,1660
1700,1676
1693,1732
1707,1747
1715,1751
1720,1780
1800,1732
1770,1812
1804,1785
1818,1766
1816,1814
1817,1799
1826,1766
1818,1809
1794,1763
1811,1763
1816,1755
1788,1757
1817,1745
1774,1716
1758,1720
1771,1699
1723,1687
1718,1667
1664,1638
1631,1647
1672,1611
1645,1567
1618,1556
1609,1543
1580,1540
1562,1490
1508,1490
1526,1476
1508,1470
1487,1434
1459,1438
1454,1437
1412,1417
1401,1411
1415,1391
1379,1403
1403,1415
1390,1422
1377,1410
1386,1414
1400,1442
1356,1435
1375,1419
1413,1445
1447,1477
1433,1503
1462,1486
1476,1516
1493,1544
1497,1574
1508,1582
1549,1596
1575,1601
1583,1622
1622,1661
1652,1678
1633,1703
1645,1700
1705,1727
1725,1728
1707,1720
1718,1765
1733,1760
1781,1781
1802,1770
1801,1770
1792,1800
1793,1791
1793,1767
1799,1791
1843,1786
1821,1788
1785,1767
1797,1738
1794,1733
1771,1722
1741,1710
1752,1701
1699,1677
1693,1646
1674,1656
1684,1596
1649,1635
1605,1580
1615,1570
1581,1539
1572,1539
1578,1523
1508,1472
1476,1506
1482,1451
1473,1451
1426,1432
1421,1459
1431,1418
1389,1441
1421,1446
1399,1429
1388,1416
1403,1371
1384,1454
1397,1419
1416,1430
1409,1423
1415,1463
1467,1449
1444,1489
1433,1452
1465,1523
1471,1528
1500,1511
1522,1570
1539,1547
1545,1622
1561,1587
1616,1653
1607,1662
1638,1669
1659,1671
1679,1716
1724,1730
1718,1777
1719,1731
1748,1756
1760,1777
1782,1791
1772,1789
1788,1779
1811,1818
1828,1785
1799,1795
1815,1801
1832,1785
1764,1768
1792,1779
1806,1746
1788,1725
1761,1758
1748,1696
1762,1687
1705,1675
1707,1659
1704,1663
1680,1597
1657,1588
1627,1577
1605,1566
1598,1529
1564,1538
1553,1515
1519,1487
1520,1491
1481,1435
1461,1471
1462,1455
1449,1437
1438,1391
1425,1399
1398,1405
1398,1371
1416,1418
1397,1410
1398,1433
1399,1408
1393,1449
1418,1466
1418,1430
1425,1471
1428,1483
1429,1494
1442,1481
1449,1513
1521,1525
1508,1578
1522,1585
1579,1612
1597,1633
1573,1617
1633,1681
1637,1669
1666,1714
1659,1731
1711,1700
1717,1724
1719,1782
1749,1764
1746,1755
1740,1787
1778,1751
1795,1779
1811,1776
1810,1795
1802,1787
1834,1772
1785,1775
1818,1762
1756,1738
1751,1765
1765,1735
1765,1741
1756,1703
1733,1698
1720,1692
1727,1662
1666,1622
1654,1612
1643,1602
1595,1559
1636,1561
1583,1523
1577,1523
1527,1503
1517,1449
1484,1483
1452,1434
1454,1443
1446,1433
1411,1433
1435,1440
1404,1435
1413,1413
1406,1386
1433,1383
1401,1426
1378,1409
1415,1408
1402,1396
1425,1434
1402,1446
1429,1478
1429,1466
1473,1508
1498,1487
1482,1543
1494,1558
1516,1577
1563,1609
1548,1617
1591,1619
1592,1652
1584,1673
1655,1698
1662,1714
1708,1724
1714,1730
1724,1731
1719,1774
1763,1766
1779,1757
1809,1749
1785,1746
1793,1785
1792,1755
1809,1774
1794,1792
1808,1799
1792,1772
1799,1748
1788,1767
1782,1749
1754,1758
1797,1713
1730,1699
1736,1693
1707,1680
1704,1616
1682,1602
1647,1597
1631,1591
1613,1564
1590,1555
1558,1530
1545,1528
1536,1487
1506,1458
1467,1433
1457,1458
1447,1443
1429,1439
1434,1412
1414,1439
1374,1421
1395,1402
1392,1394
1361,1433
1384,1414
1393,1437
1388,1422
1431,1454
1404,1439
1411,1458
1402,1450
1457,1485
1460,1492
1502,1556
1487,1539
1523,1546
1523,1575
1530,1605
1587,1592
1591,1649
1622,1668
1617,1653
1661,1700
1688,1727
1717,1711
1743,1729
1731,1771
1784,1786
1753,1754
1769,1774
1774,1756
1783,1764
1810,1789
1835,1789
1816,1801
1771,1787
1802,1771
1807,1775
1828,1754
1791,1709
1725,1750
1772,1740
1736,1697
1758,1668
1689,1661
1705,1611
1670,1616
1657,1632
1625,1580
1618,1548
1614,1569
1582,1550
1522,1535
1519,1525
1497,1475
1495,1484
1467,1436
1473,1450
1434,1418
1450,1441
1413,1405
1416,1406
1397,1414
1419,1419
1363,1405
1411,1398
1429,1411
1399,1455
1431,1436
1380,1463
1437,1479
1436,1487
1429,1491
1448,1507
1468,1529
1514,1550
1515,1548
1533,1549
1527,1596
1551,1615
1617,1644
1611,1676
1666,1642
1639,1692
1679,1678
1723,1722
1717,1726
1731,1726
1756,1740
1766,1764
1804,1785
1758,1772
1807,1792
1819,1797
1807,1797
1795,1791
1782,1778
1779,1792
1790,1769
1773,1759
1761,1766
1771,1734
1752,1723
1729,1710
1740,1668
1732,1681
1694,1663
1679,1633
1655,1623
1642,1598
1620,1588
1589,1546
1556,1542
1541,1512
1538,1519
1487,1479
1502,1489
1473,1450
1467,1421
1440,1449
1459,1425
1419,1426
1398,1406
1385,1437
1430,1389
1397,1424
1361,1428
1403,1433
1373,1434
1392,1435
1436,1439
1414,1466
1462,1475
1461,1459
1484,1499
1485,1523
1479,1532
1515,1584
1532,1568
1568,1606
1561,1606
1606,1633
1614,1634
1665,1651
1674,1707
1697,1713
1690,1708
1715,1751
1739,1759
1714,1748
1784,1758
1808,1771
1785,1787
1793,1779
1795,1770
1794,1779
1818,1783
1783,1744
1762,1789
1811,1752
1808,1763
1813,1779
1777,1710
1778,1705
1741,1705
1735,1685
1713,1640
1656,1642
1677,1619
1662,1603
1619,1593
1593,1547
1603,1558
1558,1519
1543,1506
1501,1510
1497,1474
1466,1487
1465,1459
1419,1455
1447,1410
1389,1461
1426,1429
1413,1414
1412,1416
1389,1429
1393,1398
1373,1381
1386,1456
1411,1455
1396,1447
1430,1482
1465,1449
1441,1499
1455,1503
1497,1504
1480,1538
1514,1574
1495,1574
1525,1578
1566,1601
1563,1614
1611,1638
1643,1662
1626,1687
1656,1675
1691,1731
1734,1728
1759,1770
1745,1752
1776,1756
1779,1783
1733,1754
1809,1783
1800,1814
1807,1746
1772,1781
1793,1789
1796,1761
1779,1754
1789,1766
1786,1749
1780,1741
1734,1682
1750,1708
1756,1690
1697,1680
1696,1646
1672,1656
1645,1625
1657,1592
1647,1597
1604,1569
1575,1556
1577,1500
1541,1506
1522,1485
1472,1475
1458,1484
1463,1443
1432,1468
1407,1405
1446,1425
1396,1438
1404,1411
1417,1423
1401,1398
1398,1457
1392,1438
1401,1449
1395,1451
1425,1448
1426,1486
1471,1477
1463,1487
1473,1548
1481,1529
1497,1539
1528,1560
1505,1573
1577,1584
1574,1585
1599,1618
1605,1671
1644,1679
1663,1686
1678,1698
1709,1703
1722,1731
1740,1744
1755,1790
1775,1749
1764,1785
1807,1796
1772,1776
1822,1766
1811,1793
1805,1817
1821,1761
1792,1783
1805,1776
1776,1770
1767,1734
1749,1722
1747,1701
1735,1691
1726,1678
1683,1657
1669,1650
1645,1610
1663,1603
1627,1569
1590,1565
1571,1523
1564,1535
1524,1489
1538,1483
1498,1475
1511,1467
1441,1439
1460,1443
1460,1431
1424,1431
1418,1429
1382,1393
1397,1386
1405,1415
1396,1416
1385,1434
1397,1421
1413,1446
1415,1437
1412,1454
1423,1488
1465,1476
1449,1496
1488,1532
1492,1550
1540,1537
1538,1618
1584,1601
1574,1638
1628,1637
1632,1654
1657,1670
1665,1708
1675,1709
1728,1716
1712,1742
1726,1721
1769,1764
1758,1788
1773,1794
1789,1742
1794,1794
1792,1771
1817,1787
1801,1764
1782,1775
1802,1772
1787,1744
1787,1744
1795,1724
1766,1736
1759,1721
1705,1690
1713,1649
1694,1648
1653,1640
1660,1613
1605,1606
1608,1545
1583,1540
1533,1563
1509,1509
1529,1497
1524,1503
1487,1474
1469,1485
1507,1470
1462,1458
1453,1414
1424,1402
1425,1410
1424,1411
1374,1388
1397,1445
1403,1434
1450,1425
1421,1434
1441,1450
1452,1452
1444,1456
1443,1483
1433,1504
1473,1520
1501,1545
1492,1558
1525,1575
1555,1622
1559,1620
1623,1636
1616,1640
1654,1669
1653,1681
1664,1683
1712,1721
1719,1704
1723,1736
1753,1750
1766,1775
1773,1792
1782,1787
1785,1790
1800,1774
1776,1777
1795,1775
1804,1795
1791,1760
1795,1763
1741,1748
1747,1734
1747,1712
1769,1712
1747,1717
1739,1691
1691,1643
1659,1658
1697,1630
1624,1572
1619,1612
1621,1548
1562,1562
1550,1539
1514,1514
1514,1488
1506,1472
1520,1451
1444,1471
1408,1451
1441,1450
1436,1432
1433,1425
1392,1416
1414,1415
1407,1434
1404,1398
1408,1437
1443,1434
1399,1428
1423,1452
1445,1461
1440,1470
1473,1480
1479,1531
1495,1528
1511,1584
1518,1560
1553,1573
1575,1594
1564,1618
1588,1643
1608,1663
1621,1676
1693,1693
1650,1743
1696,1719
1735,1732
1729,1734
1783,1764
1755,1763
1798,1748
1756,1759
1745,1793
1796,1797
1821,1774
1769,1755
1791,1771
1793,1767
1771,1761
1821,1734
1768,1725
1762,1721
1713,1694
1723,1680
1700,1665
1707,1678
1649,1624
1658,1595
1618,1577
1604,1569
1590,1542
1553,1518
1551,1498
1517,1533
1521,1465
1457,1483
1450,1434
1471,1481
1459,1444
1436,1453
1464,1419
1399,1444
1415,1409
1407,1422
1394,1434
1442,1421
1402,1440
1395,1445
1460,1469
1433,1461
1441,1470
1479,1487
1464,1501
1480,1543
1518,1560
1545,1540
1527,1586
1583,1605
1565,1647
1583,1644
1635,1664
1641,1663
1665,1699
1687,1723
1680,1717
1719,1733
1728,1736
1746,1775
1803,1765
1753,1741
1785,1763
1774,1747
1810,1743
1768,1772
1787,1785
1778,1748
1803,1748
1802,1730
1746,1752
1747,1732
1740,1722
1736,1667
1705,1655
1728,1671
1660,1636
1643,1632
1602,1602
1596,1587
1606,1543
1584,1514
1563,1491
1538,1524
1537,1497
1468,1522
1474,1454
1443,1456
1437,1453
1457,1442
1440,1440
1416,1423
1405,1423
1403,1422
1418,1433
1413,1436
1417,1437
1417,1436
1420,1443
1435,1470
1476,1481
1478,1508
1446,1510
1509,1523
1486,1569
1512,1563
1550,1575
1571,1583
1546,1614
1584,1632
1601,1639
1659,1668
1654,1657
1643,1714
1715,1721
1710,1727
1697,1738
1720,1741
1748,1743
1753,1761
1758,1768
1748,1755
1750,1739
1764,1758
1796,1740
1780,1748
1791,1756
1784,1724
1756,1723
1774,1707
1774,1717
1706,1673
1718,1687
1652,1647
1696,1638
1673,1603
1631,1596
1631,1611
1625,1559
1564,1574
1592,1551
1566,1518
1543,1522
1496,1481
1503,1465
1490,1489
1453,1471
1435,1430
1420,1446
1452,1447
1451,1428
1442,1432
1408,1430
1417,1446
1401,1420
1423,1459
1411,1465
1431,1461
1405,1490
1422,1488
1477,1508
1482,1524
1498,1548
1513,1552
1541,1550
1574,1578
1543,1619
1549,1607
1617,1659
1623,1657
1614,1676
1662,1707
1698,1697
1690,1718
1711,1742
1755,1731
1734,1747
1750,1742
1782,1745
1759,1791
1790,1758
1781,1770
1768,1776
1778,1760
1769,1770
1769,1752
1737,1714
1748,1707
1759,1688
1734,1695
1700,1689
1692,1653
1692,1662
1660,1646
1641,1602
1648,1595
1590,1550
1582,1536
1577,1524
1558,1495
1524,1513
1494,1470
1499,1495
1477,1442
1488,1441
1443,1454
1458,1443
1442,1445
1425,1417
1441,1448
1412,1466
1409,1463
1428,1429
1441,1476
1442,1473
1449,1474
1458,1491
1457,1475
1483,1513
1497,1531
1517,1573
1581,1573
1548,1571
1588,1608
1583,1621
1605,1657
1577,1672
1629,1676
1683,1686
1688,1693
1674,1695
1719,1706
1745,1737
1766,1760
1750,1763
1740,1765
1751,1732
1752,1766
1774,1754
1736,1778
1751,1738
1778,1745
1763,1746
1782,1755
1723,1723
1736,1694
1730,1698
1720,1664
1703,1693
1675,1630
1673,1596
1675,1630
1647,1592
1598,1554
1581,1541
1536,1522
1539,1521
1518,1514
1515,1523
1506,1503
1500,1485
1460,1478
1465,1447
1434,1439
1422,1435
1424,1441
1406,1454
1420,1457
1464,1440
1424,1470
1425,1467
1409,1452
1431,1478
1421,1488
1482,1505
1442,1518
1512,1511
1514,1553
1524,1558
1555,1572
1573,1616
1584,1609
1627,1674
1622,1642
1627,1660
1673,1685
1670,1680
1701,1730
1718,1724
1722,1762
1724,1758
1746,1767
1776,1758
1784,1762
1745,1767
1775,1737
1768,1748
1795,1752
1775,1743
1760,1735
1762,1731
1746,1723
1728,1690
1727,1675
1706,1674
1716,1654
1691,1657
1664,1614
1625,1628
1608,1585
1582,1569
1564,1546
1595,1554
1553,1521
1500,1515
1503,1512
1505,1472
1503,1478
1482,1450
1458,1454
1462,1418
1465,1479
1419,1452
1435,1446
1397,1444
1413,1459
1402,1446
1419,1421
1412,1480
1477,1470
1453,1486
1465,1476
1486,1543
1507,1528
1548,1579
1539,1561
1572,1575
1556,1592
1596,1614
1594,1648
1653,1645
1625,1663
1687,1699
1689,1694
1682,1710
1745,1714
1749,1753
1764,1740
1756,1758
1767,1764
1758,1740
1807,1776
1782,1775
1807,1767
1763,1740
1790,1761
1763,1731
1742,1713
1738,1710
1738,1690
1732,1662
1686,1642
1692,1673
1646,1653
1656,1627
1651,1601
1617,1591
1608,1556
1589,1565
1543,1505
1571,1511
1528,1520
1534,1490
1479,1475
1488,1464
1450,1466
1464,1450
1444,1439
1418,1481
1440,1456
1464,1442
1400,1452
1406,1441
1452,1460
1452,1459
1431,1440
1477,1504
1475,1511
1498,1505
1498,1517
1528,1537
1534,1593
1567,1578
1551,1615
1582,1618
1621,1618
1599,1671
1614,1678
1657,1697
1681,1673
1688,1743
1733,1719
1690,1699
1752,1734
1766,1763
1788,1749
1769,1747
1764,1765
1786,1746
1755,1731
1756,1730
1787,1726
1737,1709
1752,1719
1757,1678
1739,1691
1722,1671
1717,1656
1668,1659
1676,1618
1627,1616
1623,1606
1601,1576
1568,1546
1585,1567
1576,1540
1527,1511
1520,1512
1495,1486
1476,1497
1479,1460
1472,1462
1451,1429
1438,1451
1437,1479
1415,1412
1441,1461
1449,1466
1418,1459
1453,1442
1463,1489
1461,1472
1437,1505
1478,1533
1479,1525
1475,1554
1538,1549
1537,1582
1541,1591
1574,1606
1609,1603
1598,1660
1625,1669
1652,1697
1638,1676
1674,1701
1694,1715
1701,1729
1728,1717
1717,1757
1754,1769
1762,1734
1733,1764
1774,1724
1792,1741
1775,1751
1733,1737
1781,1727
1716,1732
1776,1706
1732,1683
1704,1700
1714,1691
1691,1685
1699,1636
1667,1627
1651,1593
1636,1594
1616,1598
1541,1554
1580,1560
1576,1547
1523,1501
1519,1529
1483,1502
1473,1495
1464,1450
1455,1479
1455,1449
1440,1430
1433,1448
1440,1453
1419,1463
1467,1424
1445,1470
1438,1440
1443,1508
1445,1471
1453,1465
1457,1497
1516,1537
1527,1541
1540,1551
1539,1555
1574,1591
1575,1634
1609,1603
1626,1633
1653,1645
1676,1695
1664,1698
1705,1688
1685,1686
1695,1708
1698,1735
1722,1758
1744,1739
1772,1769
1756,1722
1761,1737
1786,1763
1722,1733
1741,1714
1759,1712
1792,1723
1708,1737
1720,1658
1712,1653
1689,1668
1681,1645
1677,1623
1671,1623
1624,1595
1586,1551
1580,1530
1584,1535
1529,1504
1540,1509
1509,1517
1490,1485
1488,1491
1452,1485
1461,1452
1446,1455
1456,1452
1440,1459
1436,1459
1404,1473
1447,1455
1449,1476
1469,1446
1458,1474
1463,1488
1475,1517
1476,1497
1494,1510
1515,1560
1497,1540
1541,1550
1547,1592
1593,1612
1599,1622
1641,1643
1617,1683
1656,1698
1693,1677
1697,1716
1735,1718
1730,1716
1719,1718
1748,1730
1723,1720
1770,1742
1804,1761
1739,1721
1760,1735
1775,1722
1748,1719
1759,1728
1729,1691
1741,1699
1716,1686
1704,1671
1707,1641
1682,1626
1664,1613
1671,1578
1649,1595
1634,1579
1595,1541
1567,1554
1558,1519
1558,1510
1540,1485
1483,1473
1459,1486
1473,1484
1451,1466
1462,1442
1423,1431
1451,1458
1469,1444
1449,1485
1430,1443
1463,1494
1468,1484
1468,1468
1493,1496
1462,1509
1518,1485
1536,1557
1527,1559
1568,1549
1568,1577
1578,1622
1590,1624
1640,1627
1632,1627
1650,1685
1648,1704
1668,1676
1698,1702
1665,1752
1708,1738
1719,1695
1736,1728
1750,1752
1747,1753
1768,1732
1789,1731
1777,1728
1746,1707
1756,1729
1701,1715
1725,1692
1752,1702
1708,1646
1679,1669
1678,1686
1674,1647
1656,1617
1647,1600
1615,1576
1627,1564
1574,1551
1565,1544
1537,1532
1518,1518
1491,1503
1487,1476
1472,1465
1471,1498
1427,1484
1464,1443
1431,1439
1414,1455
1463,1459
1424,1453
1450,1464
1474,1466
1448,1489
1446,1517
1453,1503
1470,1500
1504,1533
1507,1579
1522,1553
1536,1584
1557,1600
1595,1616
1613,1645
1645,1650
1627,1669
1648,1687
1685,1712
1690,1686
1703,1716
1683,1735
1726,1745
1693,1732
1763,1708
1740,1732
1799,1734
1767,1749
1774,1711
1750,1711
1728,1737
1705,1689
1741,1693
1720,1662
1698,1709
1670,1671
1695,1665
1687,1633
1629,1608
1641,1579
1581,1585
1609,1564
1589,1545
1557,1530
1538,1529
1499,1499
1496,1505
1497,1467
1495,1444
1439,1459
1450,1456
1449,1453
1444,1443
1427,1449
1475,1453
1434,1489
1456,1477
1470,1495
1450,1497
1480,1498
1488,1507
1514,1530
1490,1543
1495,1556
1508,1560
1579,1585
1595,1577
1581,1612
1617,1639
1635,1670
1656,1663
1675,1671
1682,1691
1708,1700
1699,1740
1745,1727
1735,1755
1735,1767
1739,1743
1760,1773
1742,1741
1757,1714
1746,1741
1746,1714
1768,1733
1726,1699
1744,1695
1698,1653
1740,1675
1691,1676
1681,1626
1650,1617
1602,1607
1626,1555
1584,1540
1598,1564
1562,1529
1559,1531
1535,1518
1501,1484
1462,1486
1473,1472
1475,1484
1422,1478
1443,1444
1425,1450
1432,1458
1454,1456
1448,1467
1469,1480
1463,1484
1477,1477
1496,1520
1501,1505
1507,1550
1493,1573
1503,1578
1568,1562
1569,1588
1581,1598
1597,1628
1654,1663
1670,1652
1648,1709
1694,1672
1678,1701
1704,1710
1710,1730
1703,1713
1741,1738
1732,1729
1744,1735
1738,1721
1770,1758
1764,1712
1742,1724
1721,1714
1762,1728
1735,1722
1736,1699
1713,1667
1682,1662
1678,1659
1690,1640
1633,1615
1612,1608
1615,1568
1589,1545
1556,1514
1531,1550
1555,1490
1521,1511
1542,1497
1489,1510
1471,1491
1474,1478
1481,1481
1440,1450
1449,1460
1482,1475
1438,1435
1449,1462
1438,1468
1490,1485
1450,1471
1481,1508
1479,1510
1497,1564
1563,1554
1526,1543
1545,1576
1555,1602
1577,1595
1607,1632
1608,1656
1627,1679
1678,1680
1666,1678
1689,1693
1712,1707
1688,1728
1737,1756
1735,1744
1716,1752
1753,1719
1778,1727
1737,1726
1750,1743
1780,1716
1766,1706
1750,1689
1738,1700
1733,1675
1702,1672
1698,1637
1685,1648
1652,1635
1659,1607
1590,1580
1591,1562
1592,1551
1579,1532
1546,1539
1531,1510
1517,1468
1500,1492
1489,1510
1488,1503
1451,1481
1464,1496
1484,1487
1449,1477
1424,1440
1438,1504
1435,1465
1486,1491
1464,1472
1463,1506
1510,1501
1482,1522
1470,1548
1529,1558
1568,1569
1569,1606
1588,1607
1587,1636
1598,1648
1633,1669
1673,1652
1658,1674
1677,1659
1696,1701
1725,1756
1682,1712
1737,1723
1754,1725
1754,1720
1756,1744
1745,1731
1757,1724
1721,1720
1754,1729
1741,1720
1700,1682
1716,1691
1713,1666
1743,1669
1674,1642
1641,1611
1623,1618
1612,1614
1593,1587
1601,1556
1563,1530
1544,1530
1535,1536
1520,1519
1517,1533
1468,1502
1477,1476
1482,1480
1501,1475
1430,1450
1461,1459
1444,1462
1439,1465
1473,1466
1446,1490
1473,1489
1472,1477
1482,1517
1443,1538
1522,1535
1514,1545
1539,1569
1571,1574
1538,1586
1599,1613
1624,1638
1650,1637
1629,1684
1661,1671
1686,1678
1672,1694
1736,1686
1708,1727
1734,1721
1722,1742
1758,1716
1731,1731
1740,1735
1745,1745
1761,1732
1751,1732
1754,1711
1711,1702
1726,1693
1708,1677
1665,1659
1690,1625
1663,1639
1632,1622
1598,1584
1598,1560
1573,1562
1590,1551
1559,1528
1524,1495
1516,1490
1491,1469
1485,1504
1498,1445
1458,1474
1446,1446
1472,1443
1441,1455
1447,1468
1446,1460
1460,1480
1391,1491
1464,1481
1472,1523
1471,1535
1481,1545
1508,1561
1538,1576
1545,1566
1577,1569
1594,1610
1597,1622
1615,1657
1618,1643
1631,1675
1682,1658
1662,1711
1715,1704
1710,1719
1713,1761
1727,1737
1727,1707
1738,1724
1738,1726
1749,1738
1754,1758
1733,1734
1753,1724
1735,1684
1700,1706
1712,1665
1716,1687
1695,1673
1673,1626
1656,1603
1613,1600
1578,1593
1600,1539
1577,1522
1518,1524
1544,1527
1540,1518
1531,1496
1483,1485
1487,1503
1461,1480
1480,1450
1440,1474
1439,1492
1443,1479
1467,1470
1449,1471
1455,1475
1451,1487
1457,1513
1463,1532
1527,1525
1531,1533
1504,1562
1543,1578
1571,1590
1578,1647
1579,1611
1652,1643
1642,1635
1647,1668
1657,1705
1679,1688
1706,1734
1715,1693
1717,1743
1739,1757
1705,1727
1735,1731
1736,1748
1726,1760
1750,1717
1774,1725
1712,1716
1731,1720
1709,1686
1697,1685
1692,1662
1740,1660
1684,1663
1655,1642
1615,1587
1623,1603
1584,1563
1586,1545
1564,1536
1569,1561
1525,1530
1516,1507
1488,1489
1473,1492
1470,1469
1480,1478
1448,1494
1420,1457
1449,1475
1428,1474
1458,1457
1458,1477
1450,1499
1469,1481
1528,1531
1513,1528
1494,1550
1536,1543
1548,1565
1547,1585
1570,1589
1584,1632
1608,1638
1622,1649
1672,1683
1688,1694
1702,1713
1692,1726
1739,1728
1719,1702
1721,1727
1721,1755
1724,1731
1739,1751
1726,1728
1737,1749
1769,1732
1746,1680
1730,1677
1723,1734
1718,1662
1668,1616
1687,1677
1644,1635
1649,1618
1612,1615
1615,1601
1588,1570
1569,1540
1569,1521
1507,1507
1523,1509
1506,1505
1492,1488
1484,1522
1445,1451
1449,1463
1441,1444
1436,1484
1477,1483
1477,1468
1456,1497
1451,1472
1449,1503
1498,1514
1466,1505
1514,1538
1525,1542
1543,1574
1551,1567
1596,1579
1572,1629
1588,1637
1604,1666
1627,1654
1678,1674
1695,1681
1704,1689
1712,1736
1720,1715
1740,1752
1757,1716
1735,1752
1750,1732
1762,1736
1759,1746
1780,1741
1719,1715
1771,1706
1698,1704
1694,1686
1729,1665
1674,1655
1671,1637
1661,1615
1659,1597
1609,1555
1576,1585
1567,1581
1560,1548
1559,1522
1535,1514
1514,1489
1502,1465
1502,1483
1473,1462
1484,1453
1471,1462
1469,1458
1451,1430
1430,1477
1450,1460
1466,1472
1506,1499
1447,1512
1473,1513
1496,1512
1506,1550
1528,1550
1535,1593
1531,1615
1588,1624
1609,1620
1597,1666
1655,1690
1670,1683
1681,1670
1691,1702
1718,1710
1711,1702
1727,1723
1730,1729
1756,1739
1729,1747
1744,1715
1740,1747
1721,1750
1723,1707
1719,1706
1713,1700
1730,1678
1704,1667
1703,1661
1656,1630
1649,1640
1631,1622
1612,1573
1598,1590
1577,1564
1563,1569
1540,1516
1520,1517
1519,1517
1504,1487
1486,1468
1463,1492
1485,1473
1466,1461
1450,1446
1451,1481
1466,1471
1455,1483
1430,1467
1487,1491
1491,1496
1482,1510
1508,1529
1483,1569
1565,1557
1545,1605
1548,1593
1551,1597
1553,1648
1612,1654
1638,1677
1662,1664
1669,1647
1708,1705
1717,1707
1731,1732
1763,1729
1772,1736
1757,1753
1744,1721
1732,1739
1766,1743
1782,1716
1747,1718
1720,1700
1725,1697
1708,1689
1694,1673
1664,1665
1679,1642
1646,1641
1661,1598
1585,1576
1578,1563
1561,1552
1528,1535
1546,1515
1506,1503
1520,1478
1480,1467
1490,1474
1477,1475
1459,1464
1449,1479
1481,1441
1447,1464
1451,1489
1436,1465
1438,1471
1491,1523
1458,1512
1509,1486
1490,1543
1548,1557
1513,1567
1559,1596
1555,1616
1552,1615
1596,1631
1591,1658
1670,1686
1706,1707
1694,1692
1699,1698
1733,1730
1718,1704
1733,1744
1723,1742
1753,1734
1755,1747
1760,1703
1744,1720
1743,1693
1738,1693
1732,1723
1695,1684
1699,1693
1695,1659
1689,1654
1636,1656
1638,1609
1616,1583
1601,1565
1554,1560
1554,1541
1516,1551
1518,1535
1513,1502
1522,1477
1474,1472
1454,1459
1464,1463
1441,1458
1464,1452
1425,1476
1442,1463
1454,1452
1473,1492
1461,1477
1445,1527
1426,1509
1520,1504
1518,1537
1563,1578
1544,1561
1572,1599
1586,1631
1632,1628
1618,1647
1644,1649
1630,1679
1673,1663
1712,1697
1705,1711
1723,1732
1733,1730
1752,1709
1774,1761
1763,1757
1761,1735
1748,1710
1748,1707
1749,1717
1727,1699
1716,1721
1692,1664
1692,1693
1688,1656
1662,1613
1633,1604
1644,1563
1639,1580
1575,1547
1572,1554
1520,1538
1545,1527
1508,1499
1479,1483
1489,1481
1470,1454
1478,1472
1455,1456
1456,1427
1433,1449
1431,1437
1450,1474
1451,1483
1454,1502
1471,1490
1481,1527
1504,1516
1497,1510
1531,1572
1554,1565
1568,1615
1567,1593
1615,1634
1610,1648
1647,1651
1671,1686
1657,1692
1687,1711
1697,1750
1748,1747
1712,1757
1766,1725
1737,1744
1763,1732
1748,1740
1749,1722
1773,1733
1738,1737
1741,1716
1742,1723
1714,1655
1697,1667
1675,1638
1651,1626
1660,1607
1620,1570
1612,1578
1571,1551
1554,1542
1544,1518
1522,1492
1512,1496
1487,1475
1462,1512
1452,1486
1443,1460
1463,1472
1442,1439
1437,1463
1454,1456
1440,1451
1440,1467
1481,1497
1447,1506
1493,1499
1491,1522
1521,1524
1532,1569
1540,1559
1555,1595
1594,1610
1567,1653
1662,1639
1644,1677
1696,1711
1681,1697
1730,1734
1753,1748
1734,1744
1728,1727
1763,1760
1771,1749
1770,1756
1791,1759
1735,1737
1767,1738
1742,1706
1750,1700
1717,1672
1710,1663
1715,1639
1701,1653
1652,1642
1641,1593
1635,1571
1607,1584
1568,1537
1571,1530
1542,1514
1523,1515
1492,1473
1488,1474
1471,1461
1480,1456
1468,1438
1430,1472
1452,1442
1440,1480
1444,1455
1438,1458
1438,1475
1446,1483
1461,1499
1487,1519
1500,1530
1504,1538
1515,1556
1561,1596
1550,1604
1610,1622
1596,1650
1641,1664
1631,1685
1685,1689
1701,1720
1727,1725
1738,1729
1752,1748
1747,1727
1777,1742
1756,1734
1761,1737
1741,1735
1773,1726
1777,1737
1746,1726
1734,1720
1722,1714
1702,1688
1680,1661
1674,1617
1639,1606
1635,1604
1616,1583
1595,1548
1590,1551
1557,1531
1547,1507
1498,1482
1509,1497
1470,1475
1458,1450
1426,1462
1413,1450
1424,1467
1422,1445
1458,1444
1431,1459
1428,1517
1456,1495
1441,1463
1479,1504
1476,1511
1477,1530
1551,1566
1534,1557
1564,1604
