ch1,ch2
1582,1627
1601,1628
1661,1667
1637,1651
1654,1670
1634,1703
1676,1688
1681,1725
1683,1749
1729,1702
1717,1736
1700,1744
1742,1741
1740,1750
1743,1727
1762,1719
1763,1775
1745,1727
1778,1732
1791,1729
1760,1738
1753,1743
1742,1705
1744,1725
1723,1709
1740,1690
1714,1749
1733,1684
1699,1715
1702,1660
1649,1652
1719,1614
1670,1618
1689,1628
1631,1609
1626,1583
1595,1589
1630,1558
1601,1547
1557,1562
1577,1559
1532,1527
1507,1510
1495,1512
1498,1493
1493,1498
1461,1438
1480,1458
1459,1466
1452,1425
1481,1464
1438,1447
1455,1440
1398,1474
1454,1472
1435,1456
1442,1449
1420,1456
1437,1475
1452,1501
1422,1492
1443,1499
1452,1509
1472,1494
1476,1511
1483,1545
1483,1554
1517,1555
1514,1530
1558,1581
1589,1614
1556,1621
1597,1623
1586,1634
1606,1635
1627,1649
1645,1681
1641,1685
1650,1716
1688,1725
1704,1696
1739,1704
1757,1699
1698,1719
1720,1745
1763,1739
1759,1757
1762,1739
1741,1773
1752,1749
1794,1750
1748,1751
1739,1710
1770,1726
1793,1744
1725,1745
1752,1710
1777,1736
1730,1681
1717,1727
1727,1668
1740,1669
1717,1688
1676,1635
1648,1618
1632,1619
1668,1640
1607,1584
1647,1567
1622,1538
1563,1577
1558,1588
1574,1536
1553,1504
1580,1531
1523,1498
1474,1483
1525,1467
1489,1477
1469,1490
1505,1447
1424,1418
1464,1436
1463,1427
1439,1456
1432,1468
1462,1420
1427,1457
1459,1426
1453,1454
1427,1466
1490,1455
1432,1482
1465,1489
1451,1480
1436,1520
1511,1493
1499,1546
1493,1506
1546,1531
1535,1562
1555,1540
1561,1623
1582,1584
1587,1650
1582,1600
1608,1657
1631,1644
1633,1651
1696,1666
1669,1678
1696,1725
1691,1744
1647,1724
1676,1705
1738,1708
1712,1694
1725,1742
1769,1723
1766,1742
1778,1774
1762,1756
1764,1717
1758,1738
1790,1747
1798,1737
1747,1770
1769,1746
1750,1737
1761,1721
1715,1690
1741,1693
1758,1714
1695,1691
1742,1646
1689,1642
1667,1648
1649,1636
1678,1606
1628,1601
1642,1608
1577,1607
1580,1578
1565,1576
1590,1551
1509,1505
1539,1496
1513,1497
1517,1514
1451,1503
1508,1466
1477,1472
1452,1447
1465,1469
1452,1457
1457,1455
1445,1460
1417,1441
1404,1450
1427,1448
1443,1460
1410,1477
1443,1447
1411,1495
1474,1469
1431,1445
1490,1485
1462,1508
1479,1518
1487,1497
1509,1538
1480,1535
1515,1580
1519,1549
1564,1569
1530,1648
1601,1604
1596,1602
1585,1591
1637,1669
1627,1678
1664,1676
1643,1679
1641,1652
1671,1711
1686,1740
1695,1743
1738,1758
1742,1744
1736,1729
1751,1747
1798,1743
1752,1764
1751,1787
1770,1766
1743,1739
1755,1745
1781,1743
1728,1741
1759,1745
1793,1732
1740,1709
1773,1731
1760,1685
1733,1728
1698,1707
1674,1670
1652,1644
1687,1659
1671,1634
1662,1618
1644,1616
1648,1650
1637,1557
1634,1592
1622,1530
1553,1538
1524,1555
1532,1512
1528,1470
1522,1488
1485,1501
1486,1453
1452,1459
1414,1481
1478,1444
1400,1442
1461,1412
1437,1454
1452,1436
1420,1452
1454,1421
1401,1424
1449,1472
1409,1459
1444,1471
1462,1439
1425,1480
1438,1488
1467,1462
1471,1492
1502,1508
1495,1515
1503,1541
1495,1559
1574,1569
1553,1594
1537,1569
1557,1623
1565,1626
1611,1613
1611,1688
1612,1650
1656,1670
1660,1689
1673,1685
1728,1681
1702,1704
1721,1720
1774,1754
1726,1743
1745,1760
1735,1759
1783,1754
1807,1766
1737,1779
1781,1756
1789,1755
1784,1746
1769,1742
1772,1741
1813,1763
1738,1708
1774,1741
1739,1691
1792,1699
1729,1703
1716,1694
1721,1668
1695,1666
1663,1644
1647,1623
1657,1620
1650,1611
1642,1595
1576,1552
1615,1554
1530,1563
1573,1532
1568,1481
1534,1512
1513,1525
1513,1488
1484,1463
1463,1459
1481,1459
1454,1421
1442,1472
1466,1441
1417,1405
1415,1421
1455,1429
1426,1486
1412,1420
1414,1428
1440,1461
1411,1465
1405,1458
1435,1478
1437,1466
1454,1480
1464,1479
1448,1514
1488,1515
1494,1556
1489,1562
1549,1594
1555,1598
1550,1602
1583,1653
1585,1604
1629,1638
1617,1629
1625,1686
1649,1723
1651,1658
1676,1685
1663,1672
1732,1720
1714,1734
1685,1744
1725,1745
1717,1772
1746,1752
1754,1747
1773,1774
1792,1776
1777,1765
1787,1760
1828,1757
1797,1758
1781,1747
1774,1721
1749,1726
1763,1725
1767,1719
1757,1692
1765,1694
1711,1667
1668,1664
1688,1692
1669,1670
1676,1625
1626,1633
1642,1598
1627,1597
1577,1588
1572,1526
1524,1556
1542,1532
1531,1518
1552,1508
1536,1486
1503,1496
1509,1477
1416,1451
1451,1441
1454,1458
1474,1476
1466,1412
1435,1408
1415,1430
1423,1439
1429,1413
1393,1436
1409,1460
1427,1473
1438,1447
1440,1461
1400,1475
1470,1451
1455,1516
1444,1512
1475,1512
1526,1499
1492,1552
1515,1532
1535,1566
1533,1565
1515,1599
1596,1578
1594,1595
1592,1666
1601,1665
1613,1663
1634,1657
1670,1646
1644,1676
1711,1726
1692,1716
1730,1730
1722,1738
1747,1752
1736,1764
1772,1762
1739,1746
1717,1780
1780,1747
1790,1751
1769,1803
1774,1751
1784,1761
1780,1750
1764,1789
1787,1742
1773,1754
1765,1705
1748,1695
1733,1666
1735,1685
1733,1626
1663,1668
1700,1674
1678,1608
1664,1621
1613,1628
1620,1554
1573,1585
1568,1573
1620,1548
1565,1513
1586,1513
1513,1485
1512,1512
1474,1496
1479,1485
1456,1491
1452,1428
1455,1451
1432,1443
1434,1422
1407,1418
1447,1452
1423,1416
1422,1450
1426,1425
1434,1426
1443,1436
1422,1447
1468,1455
1430,1469
1424,1484
1461,1461
1461,1472
1493,1484
1469,1488
1490,1519
1529,1574
1527,1561
1525,1568
1548,1574
1576,1622
1590,1627
1566,1644
1584,1641
1646,1650
1636,1672
1663,1697
1656,1700
1704,1705
1681,1736
1724,1738
1739,1762
1748,1756
1768,1743
1751,1766
1743,1765
1763,1763
1781,1775
1788,1773
1789,1789
1783,1799
1794,1752
1789,1707
1796,1750
1766,1723
1773,1729
1763,1719
1736,1715
1728,1707
1690,1678
1725,1680
1708,1638
1676,1638
1642,1599
1626,1593
1636,1620
1631,1562
1565,1576
1578,1536
1564,1509
1579,1507
1553,1543
1517,1509
1515,1478
1469,1481
1489,1456
1453,1482
1457,1443
1422,1431
1392,1442
1419,1419
1393,1407
1413,1425
1392,1470
1401,1421
1384,1422
1415,1430
1425,1466
1417,1471
1409,1464
1458,1468
1447,1481
1457,1530
1501,1493
1480,1500
1471,1500
1498,1522
1505,1553
1517,1547
1624,1588
1567,1602
1597,1612
1582,1592
1612,1637
1601,1702
1629,1652
1651,1680
1653,1690
1731,1705
1692,1743
1682,1728
1723,1706
1751,1727
1755,1772
1738,1732
1740,1775
1758,1743
1806,1770
1748,1766
1786,1780
1783,1760
1790,1750
1760,1761
1783,1747
1755,1749
1756,1731
1739,1736
1749,1714
1699,1703
1721,1676
1724,1679
1696,1634
1651,1653
1712,1629
1659,1622
1585,1590
1625,1622
1666,1575
1615,1552
1562,1553
1527,1528
1522,1519
1517,1526
1566,1522
1489,1495
1494,1484
1469,1459
1463,1464
1470,1449
1417,1447
1434,1459
1433,1418
1423,1442
1407,1442
1404,1406
1399,1430
1441,1435
1449,1450
1452,1449
1432,1474
1413,1452
1438,1483
1434,1495
1432,1472
1463,1507
1491,1541
1470,1545
1499,1538
1544,1587
1519,1583
1529,1619
1554,1587
1594,1638
1578,1644
1649,1664
1668,1652
1661,1692
1686,1674
1697,1672
1711,1716
1742,1708
1716,1743
1745,1761
1745,1759
1752,1773
1737,1764
1783,1808
1791,1763
1804,1732
1793,1728
1764,1771
1780,1767
1788,1765
1770,1751
1766,1740
1787,1776
1744,1733
1815,1738
1726,1715
1679,1705
1745,1675
1716,1659
1718,1673
1708,1635
1669,1638
1675,1619
1660,1573
1609,1547
1609,1587
1567,1556
1567,1532
1554,1553
1535,1519
1494,1490
1490,1462
1492,1485
1502,1453
1470,1448
1455,1419
1453,1435
1454,1445
1432,1440
1414,1467
1412,1476
1413,1416
1428,1409
1429,1458
1427,1440
1402,1438
1408,1458
1436,1432
1413,1488
1434,1485
1453,1512
1454,1506
1463,1499
1484,1533
1503,1548
1471,1541
1516,1541
1550,1594
1571,1600
1581,1588
1625,1613
1614,1622
1633,1693
1655,1668
1679,1685
1693,1699
1710,1700
1667,1722
1769,1727
1736,1742
1792,1738
1734,1736
1771,1741
1783,1744
1755,1763
1798,1767
1768,1758
1782,1780
1812,1751
1766,1767
1771,1752
1796,1754
1798,1739
1730,1714
1762,1719
1732,1701
1721,1697
1705,1706
1728,1670
1697,1677
1659,1643
1639,1613
1632,1590
1628,1586
1614,1606
1606,1534
1582,1535
1550,1551
1585,1556
1533,1493
1485,1509
1459,1460
1471,1442
1444,1475
1462,1449
1415,1458
1442,1417
1418,1465
1426,1445
1428,1381
1407,1428
1413,1432
1422,1442
1423,1414
1393,1390
1407,1427
1425,1439
1434,1468
1450,1467
1485,1490
1428,1518
1464,1487
1483,1522
1519,1525
1493,1541
1518,1565
1571,1579
1541,1604
1581,1608
1577,1599
1638,1652
1608,1643
1646,1627
1621,1677
1666,1701
1686,1702
1703,1695
1712,1721
1725,1746
1723,1754
1753,1766
1731,1773
1738,1777
1791,1736
1779,1729
1784,1750
1768,1754
1804,1718
1835,1756
1822,1731
1796,1749
1809,1740
1782,1736
1805,1757
1734,1711
1712,1725
1748,1709
1743,1636
1718,1691
1703,1690
1656,1644
1671,1648
1647,1589
1668,1631
1606,1583
1623,1588
1575,1561
1532,1534
1522,1530
1552,1529
1531,1475
1481,1475
1466,1470
1465,1472
1454,1459
1461,1456
1476,1446
1471,1434
1415,1442
1401,1430
1418,1415
1433,1437
1388,1432
1412,1445
1407,1462
1420,1429
1436,1434
1422,1451
1446,1483
1386,1446
1441,1505
1467,1496
1445,1529
1483,1526
1487,1549
1535,1551
1549,1556
1557,1583
1553,1631
1600,1626
1590,1636
1602,1656
1631,1688
1665,1702
1651,1689
1681,1735
1716,1716
1710,1748
1705,1769
1735,1744
1789,1779
1770,1755
1754,1741
1769,1770
1754,1786
1817,1747
1765,1780
1827,1775
1806,1785
1786,1765
1798,1740
1746,1748
1770,1730
1763,1739
1765,1714
1765,1691
1725,1708
1715,1658
1677,1666
1701,1668
1672,1661
1652,1616
1627,1587
1668,1598
1594,1560
1606,1587
1583,1534
1567,1547
1555,1509
1553,1508
1517,1472
1540,1497
1475,1483
1454,1447
1463,1425
1434,1437
1425,1447
1406,1458
1418,1420
1394,1441
1405,1438
1382,1437
1399,1433
1414,1457
1371,1433
1468,1475
1416,1477
1402,1451
1406,1484
1467,1483
1483,1505
1503,1468
1481,1534
1491,1560
1486,1545
1516,1555
1524,1569
1547,1634
1560,1638
1593,1601
1618,1655
1596,1654
1660,1674
1654,1687
1675,1704
1657,1746
1697,1717
1740,1750
1706,1731
1712,1757
1747,1738
1725,1756
1738,1743
1785,1764
1784,1802
1778,1769
1765,1747
1769,1763
1796,1760
1775,1742
1762,1738
1758,1731
1788,1714
1782,1721
1755,1710
1760,1712
1718,1686
1726,1674
1707,1687
1717,1649
1690,1665
1670,1585
1640,1566
1585,1575
1627,1582
1561,1545
1570,1556
1548,1518
1539,1530
1533,1496
1483,1478
1471,1506
1471,1461
1467,1471
1460,1454
1461,1431
1388,1450
1426,1402
1415,1458
1447,1416
1419,1410
1422,1405
1396,1402
1416,1441
1455,1471
1411,1438
1451,1452
1404,1500
1453,1449
1422,1539
1443,1500
1458,1488
1490,1519
1515,1536
1506,1565
1536,1591
1559,1591
1587,1607
1569,1606
1630,1600
1618,1646
1598,1664
1668,1687
1678,1712
1649,1674
1730,1694
1696,1736
1686,1766
1745,1728
1722,1773
1770,1744
1775,1755
1779,1745
1772,1789
1729,1748
1825,1739
1790,1755
1813,1741
1769,1774
1807,1789
1754,1761
1749,1731
1764,1722
1767,1715
1747,1711
1708,1718
1705,1690
1691,1683
1683,1652
1656,1641
1650,1613
1658,1627
1634,1606
1620,1558
1615,1607
1587,1507
1554,1520
1586,1517
1538,1506
1516,1439
1502,1510
1495,1481
1479,1474
1469,1449
1459,1463
1435,1452
1451,1445
1426,1428
1411,1444
1413,1461
1386,1427
1417,1462
1392,1410
1436,1472
1431,1443
1454,1437
1458,1444
1426,1500
1427,1488
1493,1536
1477,1514
1479,1538
1475,1532
1527,1565
1520,1555
1566,1582
1551,1592
1569,1615
1550,1615
1623,1642
1613,1645
1612,1699
1665,1692
1667,1696
1677,1722
1700,1709
1713,1714
1770,1778
1729,1737
1749,1729
1739,1740
1745,1742
1774,1771
1784,1776
1789,1737
1748,1746
1781,1775
1797,1747
1754,1750
1724,1736
1746,1760
1764,1753
1792,1730
1741,1713
1733,1694
1721,1697
1717,1665
1686,1652
1736,1637
1713,1617
1630,1646
1639,1626
1572,1575
1592,1573
1598,1525
1567,1540
1552,1505
1556,1500
1521,1507
1515,1476
1462,1491
1478,1492
1496,1460
1444,1469
1432,1431
1438,1410
1453,1410
1413,1437
1443,1416
1431,1420
1383,1454
1410,1425
1417,1401
1458,1468
1432,1437
1408,1438
1443,1468
1443,1492
1462,1471
1440,1532
1472,1500
1497,1523
1467,1529
1469,1571
1555,1534
1548,1590
1555,1600
1604,1605
1591,1627
1589,1649
1572,1633
1707,1688
1672,1699
1644,1693
1700,1672
1737,1725
1721,1733
1707,1723
1741,1717
1773,1780
1754,1772
1774,1761
1728,1825
1806,1766
1766,1756
1761,1788
1770,1758
1818,1732
1764,1793
1758,1766
1797,1721
1777,1730
1783,1732
1779,1741
1744,1677
1703,1682
1709,1679
1700,1664
1693,1641
1671,1659
1650,1652
1664,1611
1661,1600
1579,1547
1561,1557
1563,1540
1560,1536
1553,1487
1535,1523
1540,1519
1524,1486
1483,1497
1459,1499
1437,1464
1442,1494
1442,1453
1413,1456
1397,1434
1412,1449
1398,1465
1431,1452
1381,1443
1430,1458
1438,1458
1390,1441
1492,1488
1479,1451
1481,1486
1437,1478
1469,1487
1478,1513
1517,1542
1532,1530
1487,1554
1559,1553
1522,1611
1583,1637
1603,1628
1628,1637
1589,1659
1589,1663
1666,1669
1686,1682
1668,1720
1688,1703
1724,1717
1707,1707
1738,1727
1756,1751
1763,1748
1741,1748
1762,1770
1820,1741
1771,1803
1781,1755
1779,1782
1809,1769
1752,1753
1809,1720
1757,1732
1764,1747
1755,1695
1745,1681
1766,1706
1729,1696
1736,1661
1732,1651
1691,1623
1689,1639
1682,1647
1616,1609
1628,1596
1606,1580
1588,1534
1575,1571
1548,1533
1561,1533
1527,1538
1497,1491
1537,1487
1467,1460
1485,1452
1486,1425
1470,1444
1424,1432
1457,1442
1413,1403
1479,1444
1440,1428
1433,1430
1408,1461
1373,1447
1412,1467
1408,1469
1435,1474
1411,1474
1485,1490
1448,1517
1473,1536
1495,1499
1491,1502
1479,1501
1539,1559
1494,1561
1536,1594
1581,1608
1562,1602
1599,1646
1593,1630
1637,1632
1604,1688
1623,1650
1670,1706
1696,1720
1680,1704
1703,1680
1729,1723
1720,1717
1724,1724
1759,1766
1765,1757
1773,1744
1762,1720
1792,1787
1790,1767
1788,1779
1761,1746
1797,1730
1785,1732
1740,1746
1714,1742
1718,1732
1759,1702
1735,1708
1678,1715
1701,1649
1679,1680
1677,1613
1637,1597
1638,1615
1601,1597
1638,1560
1600,1548
1598,1560
1574,1563
1571,1519
1556,1519
1520,1491
1511,1507
1485,1477
1465,1451
1505,1493
1474,1449
1478,1454
1423,1448
1455,1475
1443,1443
1447,1446
1431,1419
1457,1454
1423,1426
1403,1443
1443,1459
1383,1436
1415,1452
1441,1453
1455,1477
1437,1481
1509,1529
1490,1506
1485,1535
1542,1525
1512,1576
1505,1564
1533,1578
1555,1591
1607,1622
1584,1633
1585,1636
1630,1617
1654,1679
1613,1663
1623,1699
1702,1695
1688,1737
1708,1705
1739,1726
1738,1709
1683,1752
1746,1744
1740,1744
1734,1728
1746,1737
1776,1781
1743,1738
1769,1746
1768,1738
1758,1771
1778,1711
1758,1685
1741,1711
1763,1692
1727,1696
1723,1692
1741,1671
1694,1665
1658,1616
1636,1651
1699,1652
1596,1632
1619,1598
1614,1581
1566,1565
1614,1535
1607,1541
1591,1521
1528,1526
1493,1536
1469,1493
1521,1496
1499,1500
1482,1467
1469,1467
1435,1452
1468,1449
1443,1456
1439,1462
1440,1449
1409,1452
1457,1456
1459,1464
1449,1429
1404,1440
1425,1436
1447,1462
1445,1491
1457,1517
1459,1510
1462,1506
1513,1524
1477,1542
1497,1552
1569,1552
1558,1539
1556,1593
1522,1573
1594,1608
1593,1631
1624,1632
1569,1647
1696,1655
1633,1667
1673,1660
1707,1675
1717,1707
1703,1744
1717,1701
1738,1734
1723,1755
1734,1749
1756,1771
1762,1738
1755,1744
1742,1759
1778,1758
1780,1785
1755,1726
1791,1747
1783,1718
1754,1745
1725,1757
1750,1729
1717,1724
1750,1697
1726,1665
1707,1661
1671,1651
1680,1626
1685,1625
1635,1623
1631,1596
1608,1635
1586,1596
1580,1565
1565,1567
1543,1564
1527,1523
1524,1511
1535,1511
1547,1514
1477,1474
1467,1475
1488,1477
1492,1461
1463,1454
1418,1471
1412,1419
1425,1448
1436,1476
1440,1432
1457,1441
1476,1445
1445,1466
1458,1462
1449,1499
1449,1470
1449,1494
1478,1516
1484,1527
1490,1520
1506,1519
1509,1565
1527,1552
1510,1571
1543,1566
1575,1598
1583,1617
1636,1616
1601,1629
1618,1652
1598,1647
1662,1660
1655,1682
1689,1701
1699,1708
1710,1677
1698,1749
1732,1744
1751,1730
1767,1752
1735,1750
1734,1747
1797,1776
1752,1737
1771,1776
1753,1770
1731,1769
1772,1759
1788,1714
1746,1726
1776,1699
1714,1727
1770,1721
1747,1717
1736,1700
1721,1644
1686,1639
1662,1670
1702,1622
1624,1580
1598,1647
1617,1575
1609,1609
1596,1577
1609,1577
1517,1568
1567,1545
1549,1526
1544,1516
1485,1485
1508,1518
1499,1466
1478,1476
1419,1491
1440,1450
1416,1470
1466,1432
1440,1446
1432,1449
1442,1458
1419,1455
1388,1452
1441,1450
1451,1489
1430,1495
1416,1468
1417,1501
1460,1493
1490,1504
1530,1505
1498,1531
1487,1551
1527,1553
1562,1566
1538,1603
1565,1593
1567,1599
1615,1656
1611,1610
1619,1645
1621,1664
1659,1666
1663,1681
1677,1690
1673,1699
1710,1728
1714,1698
1721,1718
1722,1725
1752,1748
1737,1748
1709,1747
1756,1727
1764,1750
1753,1768
1750,1743
1761,1730
1784,1719
1740,1721
1773,1730
1772,1726
1720,1723
1714,1681
1740,1698
1700,1696
1702,1669
1692,1658
1704,1636
1686,1624
1634,1619
1635,1602
1658,1611
1608,1577
1605,1560
1575,1543
1602,1515
1563,1545
1554,1508
1529,1513
1521,1486
1504,1503
1493,1485
1506,1457
1466,1519
1463,1476
1434,1477
1423,1451
1473,1467
1428,1446
1441,1451
1431,1447
1440,1464
1413,1474
1474,1508
1431,1436
1432,1482
1479,1468
1491,1465
1474,1529
1506,1506
1468,1527
1495,1491
1510,1566
1528,1560
1532,1577
1521,1581
1552,1606
1559,1623
1628,1601
1603,1657
1636,1656
1660,1668
1656,1694
1642,1696
1653,1708
1680,1693
1712,1722
1714,1683
1753,1714
1748,1737
1737,1709
1682,1777
1742,1746
1762,1740
1752,1766
1766,1726
1769,1746
1758,1695
1768,1743
1748,1702
1759,1754
1742,1697
1720,1698
1717,1697
1705,1657
1760,1681
1700,1655
1712,1645
1682,1621
1662,1634
1624,1631
1644,1598
1637,1590
1618,1572
1596,1551
1627,1576
1555,1545
1549,1523
1548,1522
1504,1550
1504,1501
1478,1510
1471,1510
1494,1449
1479,1457
1465,1481
1488,1486
1446,1438
1460,1502
1452,1454
1421,1455
1459,1485
1428,1446
1470,1485
1460,1474
1494,1489
1442,1487
1470,1508
1470,1496
1474,1489
1520,1528
1478,1523
1499,1563
1506,1560
1513,1522
1536,1590
1587,1611
1569,1626
1593,1595
1555,1599
1603,1651
1597,1681
1631,1656
1669,1636
1681,1710
1667,1667
1664,1709
1697,1692
1699,1729
1737,1705
1716,1752
1725,1706
1751,1752
1742,1739
1728,1722
1784,1721
1773,1773
1719,1718
1751,1765
1766,1713
1769,1722
1771,1782
1738,1706
1750,1692
1712,1684
1714,1656
1720,1693
1724,1676
1696,1652
1642,1626
1641,1607
1668,1647
1651,1592
1610,1611
1601,1561
1559,1541
1577,1595
1548,1553
1574,1555
1523,1520
1504,1516
1539,1500
1473,1485
1511,1502
1513,1487
1491,1469
1485,1467
1497,1488
1475,1459
1462,1471
1490,1452
1451,1505
1472,1473
1441,1500
1428,1490
1465,1506
1507,1477
1433,1510
1436,1462
1446,1485
1504,1518
1471,1518
1485,1514
1507,1528
1544,1531
1533,1571
1568,1548
1551,1591
1584,1607
1587,1607
1616,1594
1585,1607
1606,1640
1635,1638
1645,1635
1654,1659
1645,1693
1709,1684
1702,1696
1707,1736
1698,1728
1696,1741
1731,1704
1679,1703
1732,1703
1757,1707
1762,1744
1729,1720
1756,1732
1737,1724
1727,1713
1739,1724
1691,1699
1765,1707
1745,1699
1716,1691
1706,1666
1713,1698
1711,1687
1710,1681
1675,1638
1667,1625
1694,1607
1622,1588
1641,1598
1610,1573
1623,1580
1589,1576
1554,1562
1604,1545
1505,1521
1548,1530
1527,1529
1549,1474
1518,1461
1521,1474
1482,1525
1490,1466
1480,1443
1445,1447
1469,1464
1466,1475
1483,1457
1441,1459
1441,1471
1462,1528
1448,1469
1464,1492
1497,1507
1511,1492
1458,1503
1519,1508
1468,1521
1475,1524
1480,1554
1551,1529
1536,1567
1526,1619
1531,1572
1575,1599
1564,1646
1575,1624
1605,1612
1642,1648
1615,1647
1665,1649
1676,1642
1667,1685
1661,1658
1688,1697
1695,1710
1738,1696
1730,1741
1676,1704
1705,1711
1734,1720
1749,1723
1709,1760
1693,1719
1743,1726
1740,1744
1745,1736
1790,1707
1748,1732
1735,1708
1719,1715
1729,1675
1727,1699
1720,1697
1693,1671
1718,1677
1745,1666
1670,1649
1696,1606
1649,1603
1637,1589
1600,1570
1610,1586
1622,1562
1594,1570
1578,1546
1564,1535
1531,1523
1553,1537
1546,1506
1521,1528
1491,1491
1487,1466
1482,1516
1481,1504
1466,1511
1474,1486
1450,1485
1446,1516
1459,1468
1483,1463
1458,1478
1448,1503
1484,1516
1485,1475
1436,1466
1480,1456
1476,1507
1482,1490
1493,1541
1497,1518
1534,1534
1499,1541
1547,1580
1508,1551
1558,1564
1519,1572
1609,1604
1582,1607
1593,1627
1606,1640
1630,1663
1615,1664
1676,1657
1645,1672
1656,1683
1694,1669
1661,1673
1697,1700
1719,1677
1691,1679
1670,1724
1762,1687
1744,1695
1746,1718
1742,1738
1769,1696
1732,1688
1730,1704
1744,1710
1710,1722
1739,1715
1731,1709
1754,1705
1679,1673
1737,1673
1711,1664
1677,1601
1659,1639
1677,1653
1656,1624
1633,1623
1638,1609
1676,1630
1597,1572
1633,1590
1589,1572
1585,1571
1589,1575
1584,1563
1556,1514
1532,1532
1522,1557
1531,1510
1526,1482
1526,1482
1455,1517
1486,1472
1508,1466
1494,1497
1429,1460
1455,1472
1432,1485
1455,1481
1447,1448
1438,1522
1445,1492
1467,1477
1450,1486
1499,1471
1467,1524
1484,1516
1454,1530
1546,1527
1502,1555
1521,1546
1531,1546
1563,1567
1566,1605
1541,1578
1548,1596
1621,1592
1612,1610
1631,1641
1625,1655
1689,1681
1633,1615
1662,1698
1646,1686
1705,1657
1697,1680
1698,1685
1697,1726
1743,1700
1707,1738
1725,1732
1734,1741
1724,1707
1749,1731
1735,1743
1745,1692
1715,1739
1722,1731
1737,1694
1732,1683
1719,1720
1703,1722
1709,1706
1716,1684
1721,1671
1703,1640
1684,1667
1665,1623
1652,1661
1635,1625
1651,1607
1628,1624
1612,1555
1579,1562
1611,1541
1595,1569
1582,1559
1566,1533
1555,1518
1513,1477
1561,1529
1519,1542
1499,1497
1511,1482
1490,1496
1480,1461
1466,1514
1476,1475
1489,1474
1490,1510
1463,1484
1484,1501
1504,1498
1453,1504
1461,1508
1429,1463
1494,1511
1498,1500
1473,1538
1475,1525
1477,1531
1501,1533
1510,1557
1511,1526
1535,1554
1565,1585
1538,1573
1520,1581
1570,1634
1617,1595
1607,1626
1671,1644
1591,1666
1651,1649
1639,1624
1622,1685
1632,1652
1695,1706
1695,1671
1684,1683
1668,1655
1697,1712
1732,1727
1715,1768
1730,1697
1716,1696
1697,1702
1749,1692
1731,1716
1705,1708
1706,1745
1684,1726
1742,1703
1719,1679
1653,1712
1732,1681
1701,1697
1712,1697
1687,1656
1692,1642
1672,1638
1662,1631
1685,1612
1626,1611
1608,1609
1622,1603
1588,1580
1576,1553
1587,1563
1575,1568
1574,1569
1529,1526
1520,1518
1499,1510
1533,1535
1492,1488
1474,1507
1475,1487
1467,1507
1491,1488
1497,1489
1487,1470
1472,1504
1476,1483
1459,1448
1498,1491
1483,1469
1473,1486
1440,1503
1452,1482
1491,1514
1489,1513
1510,1535
1493,1521
1499,1529
1537,1554
1509,1555
1510,1547
1545,1580
1527,1569
1592,1624
1555,1579
1601,1610
1571,1650
1624,1616
1638,1636
1592,1635
1638,1662
1661,1694
1699,1649
1705,1686
1674,1670
1660,1673
1673,1719
1666,1719
1701,1691
1713,1692
1715,1710
1709,1713
1710,1753
1732,1699
1741,1728
1755,1754
1765,1714
1709,1699
1715,1715
1727,1769
1712,1687
1751,1684
1710,1683
1715,1670
1699,1662
1695,1643
1682,1624
1658,1624
1651,1640
1678,1605
1621,1609
1658,1608
1617,1612
1631,1578
1592,1559
1581,1547
1556,1554
1572,1536
1535,1502
1535,1506
1559,1507
1512,1525
1526,1486
1495,1510
1521,1494
1491,1458
1464,1485
1469,1490
1476,1484
1475,1517
1493,1496
1516,1474
1503,1460
1472,1487
1464,1493
1496,1509
1452,1523
1487,1505
1493,1505
1453,1531
1537,1521
1501,1523
1522,1539
1509,1557
1548,1550
1554,1590
1514,1552
1571,1605
1572,1584
1598,1617
1579,1628
1588,1639
1632,1630
1625,1655
1657,1638
1624,1650
1625,1661
1684,1642
1669,1704
1673,1711
1676,1662
1704,1687
1732,1707
1722,1725
1704,1725
1717,1685
1697,1743
1717,1732
1726,1740
1749,1703
1751,1690
1719,1702
1681,1704
1747,1708
1750,1686
1732,1703
1709,1684
1691,1679
1709,1670
1680,1655
1663,1634
1658,1656
1659,1663
1629,1640
1650,1605
1664,1616
1580,1592
1582,1553
1590,1575
1576,1570
1570,1545
1547,1574
1567,1535
1540,1510
1546,1517
1512,1515
1514,1531
1488,1529
1502,1515
1482,1482
1456,1469
1471,1455
1458,1465
1525,1484
1476,1480
1452,1465
1502,1464
1501,1484
1467,1460
1459,1471
1501,1476
1474,1467
1493,1503
1492,1503
1482,1519
1508,1541
1496,1542
1500,1570
1523,1555
1524,1586
1536,1571
1572,1568
1578,1607
1560,1560
1571,1633
1595,1637
1606,1682
1618,1635
1644,1649
1609,1627
1633,1668
1694,1685
1679,1688
1674,1683
1701,1709
1729,1693
1668,1740
1702,1748
1710,1709
1697,1719
1714,1726
1716,1734
1659,1708
1703,1725
1720,1744
1747,1747
1732,1700
1720,1712
1756,1716
1703,1697
1739,1663
1713,1683
1679,1706
1679,1665
1683,1701
1685,1647
1639,1624
1650,1629
1630,1642
1664,1632
1646,1591
1632,1622
1582,1559
1542,1599
1590,1572
1574,1538
1568,1564
1568,1528
1505,1510
1537,1535
1544,1504
1557,1514
1526,1489
1480,1506
1432,1496
1457,1494
1475,1549
1465,1469
1451,1483
1507,1482
1411,1500
1431,1480
1455,1461
1447,1472
1489,1487
1471,1506
1477,1495
1475,1525
1492,1516
1453,1523
1477,1507
1510,1515
1524,1543
1515,1559
1519,1560
1571,1561
1555,1569
1573,1567
1570,1582
1579,1582
1584,1640
1590,1581
1649,1633
1608,1646
1606,1656
1667,1686
1633,1616
1636,1660
1682,1675
1697,1668
1705,1687
1674,1680
1698,1703
1723,1742
1709,1765
1724,1727
1731,1743
1698,1724
1737,1732
1731,1675
1720,1741
1727,1719
1728,1713
1701,1697
1715,1711
1709,1662
1685,1674
1690,1631
1674,1657
1686,1640
1698,1668
1671,1647
1685,1617
1671,1632
1634,1605
1639,1649
1636,1594
1616,1605
1644,1606
1607,1560
1597,1571
1583,1561
1551,1554
1529,1579
1497,1530
1485,1513
1531,1524
1512,1506
1521,1548
1503,1473
1493,1432
1490,1479
1463,1516
1491,1469
1461,1503
1492,1469
1491,1474
1446,1461
1451,1466
1465,1469
1480,1475
1481,1519
1519,1489
1489,1486
1490,1512
1502,1479
1523,1534
1498,1518
1540,1555
1544,1552
1517,1574
1524,1557
1556,1559
1560,1570
1604,1573
1556,1618
1550,1607
1592,1625
1616,1659
1582,1617
1649,1650
1615,1673
1676,1675
1656,1662
1682,1683
1708,1707
1700,1701
1701,1708
1688,1716
1731,1720
1676,1691
1710,1716
1727,1726
1734,1699
1705,1700
1736,1710
1737,1709
1723,1725
1742,1682
1741,1730
1702,1731
1725,1709
1732,1677
1708,1694
1750,1669
1659,1671
1679,1673
1678,1680
1677,1635
1667,1659
1625,1631
1632,1626
1620,1623
1598,1597
1575,1597
1627,1585
1628,1573
1586,1546
1614,1551
1538,1538
1523,1509
1556,1505
1538,1508
1524,1518
1516,1491
1503,1499
1498,1492
1484,1503
1474,1449
1474,1480
1455,1484
1488,1466
1425,1472
1509,1471
1473,1486
1470,1491
1441,1472
1478,1472
1440,1496
1454,1532
1502,1520
1479,1521
1501,1527
1523,1504
1509,1542
1521,1516
1521,1522
1502,1542
1555,1571
1526,1591
1560,1597
1574,1639
1574,1622
1567,1607
1597,1628
1571,1615
1648,1641
1662,1646
1638,1662
1642,1658
1646,1660
1694,1689
1706,1684
1678,1705
1726,1713
1713,1697
1724,1720
1719,1712
1745,1703
1682,1723
1723,1744
1735,1723
1748,1697
1761,1725
1751,1715
1721,1736
1709,1699
1712,1700
1720,1682
1675,1698
1706,1675
1711,1716
1696,1670
1683,1672
1677,1665
1695,1651
1664,1594
1658,1618
1626,1608
1664,1609
1635,1587
1628,1564
1587,1583
1610,1565
1587,1531
1538,1544
1541,1505
1557,1552
1572,1548
1523,1509
1477,1529
1497,1504
1476,1495
1478,1503
1452,1457
1515,1449
1519,1478
1448,1508
1498,1467
1502,1493
1465,1479
1489,1508
1464,1508
1425,1488
1446,1498
1465,1478
1420,1513
1476,1502
1480,1505
1480,1489
1501,1529
1525,1514
1488,1527
1550,1592
1550,1535
1548,1573
1506,1579
1602,1570
1557,1621
1583,1617
1574,1592
1626,1617
1619,1635
1613,1663
1593,1667
1645,1663
1668,1673
1601,1707
1639,1694
1647,1697
1716,1679
1679,1708
1665,1733
1706,1721
1731,1750
1737,1709
1735,1713
1732,1749
1738,1708
1777,1717
1750,1693
1751,1694
1725,1700
1727,1706
1735,1707
1720,1681
1724,1711
1726,1699
1715,1718
1718,1682
1682,1662
1684,1667
1680,1662
1664,1644
1650,1626
1628,1618
1595,1591
1615,1581
1581,1586
1627,1564
1613,1551
1602,1535
1580,1549
1534,1536
1597,1527
1560,1551
1522,1537
1513,1521
1556,1488
1491,1485
1479,1500
1521,1473
1517,1498
1557,1493
1490,1470
1460,1519
1448,1473
1474,1499
1459,1439
1497,1504
1463,1480
1489,1500
1472,1492
1460,1490
1471,1467
1474,1495
1494,1502
1527,1523
1471,1536
1511,1564
1510,1533
1503,1551
1510,1555
1514,1571
1579,1602
1521,1575
1613,1606
1590,1625
1596,1639
1598,1613
1606,1625
1654,1658
1582,1630
1645,1659
1685,1682
1664,1668
1674,1677
1679,1674
1674,1700
1751,1672
1720,1704
1704,1673
1698,1728
1739,1711
1742,1698
1743,1697
1697,1760
1714,1720
1713,1700
1707,1714
1716,1723
1763,1704
1737,1695
1736,1728
1732,1671
1709,1701
1713,1716
1689,1650
1707,1680
1715,1679
1661,1712
1679,1655
1679,1634
1641,1646
1645,1599
1623,1617
1644,1611
1626,1592
1593,1591
1567,1556
1623,1565
1589,1520
1545,1516
1520,1500
1553,1528
1510,1514
1529,1497
1531,1505
1519,1501
1469,1466
1513,1487
1458,1458
1469,1476
1461,1474
1447,1467
1483,1483
1510,1480
1446,1487
1441,1475
1447,1470
1465,1492
1450,1451
1489,1484
1459,1486
1470,1524
1469,1503
1504,1509
1488,1559
1507,1534
1511,1539
1538,1533
1539,1555
1548,1579
1576,1576
1589,1581
1572,1611
1575,1572
1589,1602
1618,1618
1618,1610
1629,1639
1654,1666
1652,1667
1686,1666
1628,1684
1652,1701
1670,1715
1675,1704
1712,1698
1729,1719
1736,1699
1708,1713
1740,1688
1728,1717
1730,1704
1730,1739
1729,1721
1749,1723
1745,1728
1744,1703
1739,1724
1737,1707
1729,1734
1711,1685
1723,1669
1711,1687
1710,1693
1686,1683
1677,1685
1642,1674
1628,1639
1687,1664
1654,1627
1634,1582
1612,1628
1615,1606
1547,1577
1592,1578
1603,1563
1612,1569
1574,1576
1571,1547
1544,1532
1567,1553
1561,1526
1544,1529
1499,1526
1500,1499
1508,1529
1513,1482
1505,1478
1416,1472
1489,1460
1456,1474
1431,1506
1449,1456
1473,1448
1443,1456
1451,1484
1464,1507
1458,1490
1446,1455
1417,1509
1470,1501
1511,1498
1475,1475
1479,1508
1496,1523
1514,1553
1488,1532
1493,1535
1563,1543
1534,1545
1528,1578
1569,1584
1557,1600
1586,1590
1598,1612
1601,1627
1632,1659
1605,1630
1622,1617
1649,1629
1650,1683
1694,1689
1659,1684
1678,1694
1682,1731
1725,1722
1689,1735
1706,1743
1688,1745
1724,1716
1720,1693
1721,1700
1716,1728
1726,1753
1734,1733
1747,1698
1753,1712
1744,1726
1711,1690
1749,1716
1720,1672
1734,1685
1700,1709
1721,1666
1706,1695
1709,1682
1753,1663
1702,1658
1703,1632
1696,1610
1682,1641
1652,1617
1620,1578
1591,1582
1606,1576
1558,1605
1577,1561
1585,1545
1576,1525
1590,1521
1522,1529
1539,1499
1533,1520
1513,1512
1548,1467
1499,1559
1504,1484
1497,1470
1482,1474
1493,1526
1439,1481
1429,1489
1468,1448
1500,1449
1469,1484
1455,1498
1450,1453
1427,1443
1467,1501
1460,1504
1505,1496
1489,1476
1481,1499
1517,1531
1435,1517
1529,1499
1509,1548
1516,1554
1533,1572
1539,1548
1557,1565
1513,1567
1583,1594
1586,1589
1624,1616
1626,1625
1604,1646
1638,1649
1658,1653
1656,1657
1670,1673
1674,1687
1679,1698
1680,1672
1694,1707
1741,1658
1723,1717
1716,1696
1714,1747
1722,1717
1730,1718
1754,1737
1732,1721
1732,1719
1748,1751
1775,1725
1746,1694
1747,1697
1759,1758
1750,1744
1710,1722
1728,1677
1743,1692
1713,1715
1733,1704
1685,1699
1697,1637
1718,1654
1686,1634
1640,1626
1662,1631
1602,1631
1619,1608
1650,1594
1613,1574
1593,1593
1589,1543
1579,1594
1578,1545
1589,1559
1575,1540
1517,1526
1549,1545
1541,1509
1535,1499
1465,1496
1480,1503
1485,1505
1482,1469
1486,1506
1484,1446
1435,1460
1430,1471
1450,1452
1471,1442
1465,1468
1460,1468
1497,1475
1462,1470
1465,1504
1446,1480
1447,1520
1489,1489
1479,1501
1475,1534
1494,1456
1474,1541
1462,1548
1488,1511
1510,1549
1519,1554
1541,1553
1538,1610
1548,1598
1589,1569
1606,1642
1568,1637
1627,1636
1646,1634
1670,1644
1606,1671
1643,1670
1668,1689
1660,1687
1691,1692
1696,1713
1711,1706
1684,1717
1712,1714
1663,1749
1710,1679
1736,1716
1739,1749
1756,1773
1757,1731
1754,1733
1738,1779
1783,1710
1711,1765
1724,1751
1761,1705
1743,1711
1766,1723
1718,1719
1739,1690
1715,1683
1726,1668
1734,1676
1715,1679
1676,1656
1665,1628
1636,1631
1663,1628
1611,1618
1633,1596
1634,1587
1629,1566
1643,1603
1630,1571
1569,1518
1550,1551
1563,1483
1526,1519
1518,1532
1531,1483
1504,1512
1493,1501
1518,1515
1458,1444
1528,1462
1466,1466
1442,1498
1445,1463
1435,1462
1457,1456
1462,1455
1445,1449
1433,1442
1460,1469
1432,1462
1466,1507
1443,1448
1446,1488
1425,1444
1477,1513
1431,1490
1473,1505
1509,1509
1518,1505
1509,1519
1524,1555
1519,1542
1532,1573
1522,1541
1527,1565
1556,1621
1600,1639
1576,1597
1600,1648
1610,1626
1635,1665
1616,1664
1662,1671
1672,1662
1660,1682
1691,1704
1706,1712
1700,1749
1672,1708
1707,1729
1744,1754
1725,1741
1708,1707
1767,1719
1768,1729
1744,1752
1776,1716
1721,1739
1754,1721
1770,1759
1735,1717
1773,1761
1748,1705
1780,1741
1735,1748
1714,1753
1729,1725
1720,1709
1721,1653
1741,1680
1691,1686
1713,1647
1682,1623
1693,1662
1702,1606
1650,1619
1621,1611
1621,1604
1604,1556
1584,1572
1567,1529
1617,1583
1568,1542
1534,1550
1515,1535
1545,1494
1539,1532
1521,1520
1506,1497
1492,1477
1501,1457
1455,1465
1461,1466
1483,1457
1411,1475
1446,1445
1457,1443
1442,1473
1451,1468
1424,1457
1471,1465
1420,1471
1453,1474
1427,1488
1433,1495
1410,1448
1468,1476
1446,1502
1450,1533
1500,1504
1498,1498
1494,1533
1496,1502
1506,1557
1512,1530
1499,1566
1582,1586
1544,1584
1617,1631
1556,1593
1565,1647
1628,1650
1597,1650
1636,1640
1637,1676
1677,1668
1678,1684
1653,1662
1690,1708
1702,1720
1706,1719
1701,1732
1718,1725
1741,1699
1708,1714
1697,1746
1714,1758
1765,1769
1748,1747
1736,1740
1782,1748
1756,1741
1759,1704
1753,1739
1770,1757
1692,1727
1727,1730
1740,1717
1760,1706
1727,1713
1731,1701
1679,1675
1721,1672
1685,1671
1650,1633
1637,1653
1662,1597
1650,1597
1645,1624
1639,1621
1650,1581
1607,1587
1626,1571
1612,1591
1521,1528
1555,1540
1514,1504
1544,1521
1537,1507
1517,1508
1495,1489
1483,1467
1499,1501
1493,1486
1481,1452
1466,1456
1422,1430
1443,1458
1429,1458
1442,1426
1422,1443
1450,1466
1429,1469
1437,1452
1450,1467
1412,1484
1454,1422
1433,1509
1434,1476
1492,1500
1461,1486
1476,1530
1462,1502
1500,1526
1498,1508
1470,1560
1493,1551
1505,1569
1512,1590
1548,1570
1533,1615
1560,1641
1586,1622
1592,1648
1617,1617
1621,1636
1627,1666
1633,1653
1658,1692
1691,1689
1656,1672
1690,1738
1711,1695
1670,1693
1722,1718
1737,1707
1692,1722
1748,1749
1759,1729
1745,1747
1729,1716
1741,1740
1775,1713
1811,1733
1738,1739
1747,1765
1763,1782
1726,1737
1726,1724
1755,1687
1794,1726
1748,1719
1712,1696
1707,1702
1718,1672
1739,1696
1682,1697
1696,1674
1670,1666
1658,1631
1653,1640
1637,1579
1664,1598
1624,1620
1634,1611
1615,1579
1552,1574
1548,1532
1540,1555
1572,1528
1516,1538
1556,1511
1527,1505
1517,1473
1461,1480
1495,1473
1496,1469
1489,1472
1456,1462
1479,1477
1465,1422
1465,1451
1411,1424
1474,1445
1439,1438
1459,1436
1458,1477
1384,1440
1474,1486
1433,1457
1457,1441
1415,1450
1433,1481
1468,1517
1495,1482
1435,1499
1459,1515
1489,1479
1476,1524
1511,1528
1536,1562
1553,1564
1521,1576
1565,1565
1605,1575
1554,1577
1603,1638
1597,1620
1622,1650
1623,1714
1674,1677
1662,1671
1674,1692
1693,1706
1680,1721
1688,1692
1699,1712
1701,1719
1679,1771
1730,1738
1722,1746
1739,1745
1775,1791
1743,1765
1768,1759
1740,1781
1751,1713
1745,1775
1794,1743
1732,1772
1766,1767
1778,1782
1790,1744
1754,1737
1705,1692
1768,1696
1767,1704
1699,1703
1718,1664
1702,1698
1693,1676
1663,1646
1713,1650
1674,1624
1629,1610
1635,1617
1647,1603
1626,1555
1613,1593
1629,1567
1588,1536
1572,1563
1516,1536
1541,1541
1528,1522
1525,1463
1514,1536
1485,1470
1485,1456
1457,1489
1471,1498
1476,1463
1409,1455
1457,1424
1435,1457
1474,1438
1435,1434
1409,1411
1405,1459
1424,1445
1400,1441
1468,1481
1440,1431
1456,1437
1437,1458
1456,1512
1410,1463
1457,1491
1477,1472
1471,1479
1489,1523
1486,1514
1455,1531
1522,1512
1526,1549
1508,1536
1494,1594
1546,1601
1547,1573
1578,1597
1607,1631
1602,1625
1591,1624
1646,1660
1660,1639
1681,1662
1700,1689
1663,1688
1699,1672
1709,1722
1743,1742
1719,1721
1743,1752
1752,1762
1765,1736
1742,1763
1742,1752
1734,1725
1778,1725
1786,1776
1767,1749
1744,1712
1771,1716
1801,1721
1767,1737
1755,1722
1760,1703
1755,1725
1734,1730
1753,1703
1725,1730
1729,1700
1714,1643
1708,1677
1712,1675
1695,1638
1638,1613
1649,1618
1668,1616
1660,1626
1639,1592
1624,1596
1617,1591
1573,1550
1573,1572
1560,1554
1583,1525
1551,1516
1530,1529
1493,1484
1536,1467
1496,1468
1501,1435
1458,1475
1439,1458
1430,1455
1429,1443
1451,1413
1447,1411
1402,1455
1425,1446
1408,1463
1460,1419
1427,1448
1385,1483
1413,1458
1397,1470
1430,1420
1435,1488
1460,1463
1447,1462
1481,1482
1447,1504
1427,1469
1475,1530
1498,1528
1489,1518
1537,1533
1497,1529
1518,1572
1540,1556
1531,1591
1527,1644
1598,1600
1591,1633
1606,1626
1651,1633
1622,1689
1666,1668
1653,1695
1652,1694
1709,1736
1665,1705
1667,1719
1686,1756
1722,1760
1729,1718
1743,1752
1756,1753
1750,1792
1753,1777
1776,1752
1769,1757
1757,1763
1759,1759
1785,1799
1767,1786
1770,1736
1800,1754
1738,1762
1789,1735
1768,1748
1732,1700
1786,1719
1753,1707
1738,1738
1745,1676
1718,1705
1730,1692
1695,1665
1676,1640
1672,1616
1634,1577
1651,1617
1628,1578
1623,1577
1589,1598
1585,1546
1623,1528
1561,1555
1557,1542
1533,1498
1545,1483
1541,1506
1530,1493
1462,1481
1495,1488
1493,1475
1453,1468
1458,1468
1463,1484
1412,1422
1414,1452
1410,1415
1408,1429
1454,1437
1420,1428
1369,1437
1373,1429
1364,1473
1396,1460
1417,1450
1413,1454
1397,1474
1424,1487
1466,1484
1445,1488
1444,1490
1461,1511
1476,1480
1462,1508
1500,1566
1549,1555
1517,1605
1553,1574
1524,1559
1587,1620
1562,1608
1544,1612
1601,1643
1613,1655
1600,1641
1624,1663
1677,1660
1683,1696
1672,1690
1694,1722
1672,1714
1696,1696
1680,1741
1733,1733
1752,1754
1765,1767
1777,1746
1769,1792
1724,1766
1730,1780
1782,1759
1779,1737
1851,1778
1814,1785
1771,1772
1756,1757
1749,1758
1783,1756
1743,1740
1743,1752
1730,1737
1754,1707
1762,1683
1739,1677
1719,1679
1726,1678
1692,1655
1699,1645
1662,1638
1627,1642
1596,1624
1612,1622
1640,1579
1642,1564
1638,1537
1574,1535
1598,1539
1546,1544
1545,1533
1517,1548
1504,1508
1508,1501
1501,1495
1512,1469
1493,1434
1483,1478
1453,1443
1469,1419
1438,1457
1425,1423
1421,1439
1456,1433
1438,1419
1423,1463
1416,1427
1432,1428
1438,1432
1430,1430
1420,1427
1391,1461
1437,1486
1470,1424
1422,1478
1430,1485
1439,1480
1430,1468
1479,1491
1484,1516
1455,1554
1489,1536
1478,1542
1539,1558
1511,1590
1533,1546
1584,1649
1582,1627
1605,1622
1628,1655
1593,1680
1650,1682
1594,1659
1669,1695
1666,1698
1668,1700
1724,1691
1731,1736
1709,1743
1742,1741
1721,1734
1748,1748
1728,1739
1756,1720
1803,1708
1798,1747
1763,1806
1754,1763
1754,1739
1769,1737
1809,1738
1797,1732
1775,1768
1768,1735
1758,1709
1783,1712
1773,1739
1743,1731
1766,1721
1783,1686
1763,1676
1755,1685
1724,1695
1687,1627
1700,1651
1670,1668
1688,1632
1611,1620
1637,1646
1628,1620
1637,1589
1576,1575
1558,1558
1606,1518
1571,1546
1554,1482
1537,1525
1494,1501
1504,1511
1484,1453
1488,1469
1483,1446
1458,1444
1486,1448
1424,1438
1398,1453
1439,1479
1402,1452
1433,1444
1427,1436
1407,1413
1430,1412
1420,1453
1418,1432
1464,1446
1419,1459
1403,1426
1437,1465
1430,1476
1459,1467
1479,1512
1466,1482
1488,1484
1465,1527
1515,1516
1489,1526
1527,1551
1523,1567
1584,1570
1567,1587
1573,1615
1579,1620
1575,1617
1608,1651
1585,1647
1655,1673
1663,1682
1617,1683
1685,1686
1668,1720
1681,1719
1697,1697
1732,1712
1701,1743
1754,1766
1757,1731
1788,1758
1751,1768
1764,1755
1764,1757
1794,1746
1775,1758
1795,1750
1805,1737
1762,1776
1819,1777
1803,1792
1827,1756
1768,1752
1773,1756
1777,1731
1753,1732
1746,1759
1772,1723
1736,1685
1720,1733
1680,1704
1701,1667
1699,1668
1665,1624
1692,1605
1630,1627
1650,1584
1672,1597
1626,1591
1562,1561
1566,1530
1514,1532
1545,1509
1572,1519
1550,1499
1510,1501
1515,1486
1506,1434
1468,1495
1487,1435
1459,1464
1459,1450
1452,1440
1417,1424
1444,1447
1417,1437
1409,1452
1398,1411
1404,1424
1424,1415
1404,1466
1393,1463
1453,1479
1423,1457
1415,1459
1462,1453
1421,1443
1443,1511
1435,1476
1426,1501
1431,1489
1472,1510
1502,1491
1523,1547
1478,1534
1524,1583
1528,1566
1508,1563
1545,1619
1522,1621
1557,1625
1594,1659
1632,1649
1601,1647
1611,1694
1647,1693
1652,1708
1721,1696
1710,1730
1716,1744
1747,1735
1741,1761
1717,1742
1727,1790
1752,1746
1811,1761
1738,1783
1744,1731
1776,1771
1807,1779
1800,1773
1760,1818
1768,1768
1780,1748
1802,1751
1780,1779
1794,1758
1760,1748
1758,1744
1761,1717
1733,1748
1757,1701
1738,1699
1739,1659
1743,1655
1692,1686
1698,1620
1686,1630
1633,1618
1669,1613
1647,1586
1644,1591
1607,1554
1607,1585
1589,1538
1572,1530
1555,1534
1523,1520
1520,1504
1551,1459
1517,1473
1449,1477
1485,1491
1450,1450
1447,1452
1497,1435
1404,1435
1437,1436
1448,1421
1443,1447
1415,1434
1416,1414
1404,1419
1407,1433
1413,1429
1403,1439
1408,1451
1413,1448
1431,1425
1445,1442
1434,1444
1409,1484
1409,1474
1451,1488
1449,1494
1464,1485
1473,1506
1501,1491
1537,1553
1509,1550
1522,1570
1537,1564
1570,1621
1533,1601
1585,1619
1589,1636
1620,1653
1619,1635
1602,1662
1628,1657
1648,1711
1695,1711
1709,1701
1726,1709
1748,1755
1749,1749
1763,1739
1722,1763
1770,1825
1766,1764
1777,1763
1785,1777
1779,1773
1774,1785
1796,1757
1780,1764
1781,1737
1754,1769
1772,1758
1791,1745
1790,1776
1792,1735
1816,1698
1775,1710
1763,1722
1743,1723
1716,1698
1749,1655
1738,1728
1666,1682
1702,1681
1695,1648
1637,1614
1658,1603
1616,1637
1634,1573
1640,1608
1581,1574
1549,1536
1545,1534
1554,1512
1562,1535
1497,1499
1528,1517
1496,1496
1489,1467
1488,1476
1482,1470
1477,1443
1450,1428
1461,1466
1418,1420
1410,1441
1454,1442
1459,1446
1421,1427
1407,1448
1415,1456
1412,1415
1408,1438
1418,1441
1417,1446
1412,1421
1452,1474
1428,1492
1432,1469
1433,1477
1452,1503
1460,1526
1444,1515
1503,1539
1484,1527
1523,1564
1519,1585
1538,1595
1530,1559
1577,1568
1575,1618
1629,1665
1586,1670
1606,1646
1610,1634
1630,1673
1634,1689
1681,1715
1684,1707
1677,1691
1724,1711
1677,1743
1709,1731
1751,1727
1768,1742
1797,1763
1779,1748
1803,1763
1803,1756
1772,1766
1816,1748
1828,1765
1787,1748
1791,1725
1789,1766
1821,1743
1754,1719
1812,1760
1796,1749
1768,1740
1700,1747
1736,1706
1760,1693
1730,1684
1718,1664
1722,1691
1690,1670
1705,1642
1681,1632
1641,1607
1679,1600
1610,1558
1601,1570
1606,1608
1575,1609
1553,1557
1557,1516
1543,1530
1521,1503
1538,1517
1492,1484
1494,1510
1452,1470
1503,1474
1454,1466
1452,1476
1441,1417
1461,1430
1417,1419
1386,1431
1440,1451
1389,1380
1458,1437
1420,1462
1426,1421
1375,1416
1417,1421
1406,1430
1424,1446
1429,1439
1401,1478
1474,1466
1426,1506
1420,1481
1455,1525
1472,1564
1476,1487
1465,1530
1487,1528
1500,1566
1562,1590
1527,1587
1531,1550
1555,1617
1590,1629
1597,1680
1568,1656
1631,1648
1671,1672
1666,1675
1637,1700
1723,1677
1703,1700
1681,1746
1710,1761
1704,1743
1750,1754
1723,1766
1763,1762
1767,1749
1759,1754
1736,1776
1759,1786
1777,1775
1758,1761
1771,1769
1744,1780
1799,1762
1788,1765
1812,1750
1768,1754
1759,1757
1791,1720
1771,1715
1739,1728
1757,1728
1683,1699
1725,1706
1712,1678
1734,1649
1681,1675
1670,1615
1717,1650
1674,1600
1635,1598
1668,1581
1636,1567
1611,1541
1599,1541
1562,1541
1559,1547
1531,1524
1530,1496
1504,1462
1509,1498
1500,1484
1443,1502
1438,1444
1445,1439
1507,1452
1425,1406
1453,1451
1407,1429
1409,1471
1436,1404
1430,1438
1423,1446
1390,1372
1407,1443
1423,1463
1423,1406
1435,1457
1423,1485
1399,1470
1430,1482
1440,1481
1468,1459
1456,1467
1500,1521
1497,1551
1493,1523
1483,1543
1503,1568
1549,1564
1546,1561
1557,1590
1580,1598
1574,1610
1628,1647
1619,1661
1588,1645
1655,1673
1682,1711
1669,1663
1677,1716
1664,1732
1690,1730
1700,1739
1755,1727
1746,1735
1783,1767
1739,1763
1785,1772
1758,1781
1796,1760
1770,1759
1772,1726
1805,1816
1779,1775
1781,1772
1797,1763
1746,1739
1774,1730
1757,1717
1772,1734
1725,1726
1779,1718
1757,1718
1757,1691
1747,1681
1743,1682
1692,1688
1709,1676
1622,1637
1640,1623
1629,1623
1645,1592
1594,1576
1603,1556
1619,1594
1601,1542
1570,1567
1540,1550
1516,1522
1506,1487
1547,1474
1499,1452
1466,1494
1471,1468
1431,1465
1459,1471
1432,1445
1464,1458
1447,1458
1433,1441
1412,1433
1434,1422
1400,1411
1419,1428
1401,1432
1418,1453
1416,1459
1419,1414
1411,1436
1417,1472
1421,1452
1463,1477
1415,1469
1492,1530
1447,1506
1462,1519
1480,1520
1526,1522
1509,1533
1540,1538
1515,1570
1540,1569
1561,1588
1586,1602
1596,1602
1568,1622
1623,1637
1650,1665
1600,1681
1682,1669
1692,1726
1649,1713
1712,1708
1736,1725
1708,1728
1753,1730
1692,1722
1738,1755
1799,1770
1758,1756
1777,1809
1746,1758
1763,1759
1801,1785
1814,1781
1786,1770
1832,1747
1834,1743
1768,1736
1798,1735
1756,1780
1774,1715
1733,1752
1762,1724
1754,1694
1726,1699
1730,1711
1720,1677
1682,1629
1686,1630
1661,1645
1666,1630
1693,1627
1611,1580
1651,1597
1622,1577
1592,1551
1605,1542
1555,1516
1568,1520
1521,1486
1519,1481
1509,1466
1498,1465
1464,1477
1446,1437
1438,1446
1410,1415
1441,1463
1432,1439
1455,1419
1450,1453
1427,1415
1413,1434
1429,1462
1444,1435
1443,1447
1401,1441
1426,1465
1414,1447
1443,1462
1469,1481
1453,1481
1440,1487
1453,1510
1444,1503
1447,1515
1462,1494
1525,1542
1516,1532
1562,1566
1532,1573
1532,1566
1555,1590
1549,1619
1585,1610
1553,1620
1590,1637
1608,1693
1630,1672
1674,1679
1658,1714
1691,1719
1729,1718
1699,1731
1720,1716
1681,1724
1739,1762
1712,1715
1725,1784
1762,1748
1738,1753
1738,1748
1779,1805
1805,1760
1764,1776
1722,1772
1796,1735
1769,1723
1779,1756
1773,1716
1747,1717
1764,1739
1732,1707
1729,1693
1713,1681
1730,1681
1704,1654
1693,1669
1688,1684
1680,1617
1678,1628
1653,1615
1626,1619
1616,1591
1620,1606
1625,1537
1613,1569
1604,1542
1573,1531
1582,1542
1530,1546
1555,1505
1538,1516
1492,1487
1427,1475
1472,1488
1462,1436
1415,1451
1456,1443
1416,1458
1452,1458
1449,1418
1439,1441
1448,1456
1449,1440
1431,1449
1441,1456
1428,1442
1441,1441
1400,1467
1431,1440
1424,1485
1456,1482
1447,1447
1455,1505
1453,1520
1443,1480
1498,1522
1507,1578
1469,1532
1556,1575
1552,1565
1549,1606
1569,1618
1577,1615
1638,1628
1573,1674
1618,1661
1610,1665
1651,1691
1651,1688
1685,1699
1684,1711
1717,1699
1708,1735
1669,1746
1739,1774
1730,1731
1752,1754
1751,1771
1788,1771
1751,1741
1783,1782
1778,1762
1792,1769
1782,1756
1732,1749
1780,1747
1738,1733
1735,1750
1718,1728
1768,1746
1723,1717
1758,1704
1723,1696
1719,1675
1724,1648
1700,1696
1704,1645
1675,1640
1671,1619
1667,1630
1630,1606
1636,1601
1591,1593
1597,1572
1576,1562
1563,1542
1607,1502
1534,1542
1545,1524
1510,1500
1500,1474
1465,1479
1479,1493
1461,1477
1483,1456
1508,1435
1464,1432
1417,1439
1432,1443
1446,1463
1440,1407
1416,1430
1422,1450
1421,1475
1379,1457
1425,1448
1408,1428
1447,1448
1455,1488
1474,1457
1476,1483
1468,1506
1483,1516
1485,1486
1480,1519
1479,1560
1520,1563
1527,1580
1533,1573
1562,1577
1571,1583
1575,1639
1587,1610
1640,1634
1605,1630
1641,1676
1633,1660
1618,1701
1661,1680
1700,1691
1680,1719
1723,1711
1695,1699
1734,1742
1738,1746
1749,1786
1786,1724
1770,1734
1763,1771
1773,1763
1797,1776
1774,1738
1764,1767
1760,1748
1735,1746
1764,1738
1760,1733
1734,1773
1755,1736
1771,1688
1745,1715
1734,1677
1730,1704
1734,1691
1686,1649
1692,1659
1700,1643
1643,1635
1672,1637
1610,1588
1634,1576
1590,1564
1590,1554
1605,1537
1582,1559
1554,1543
1550,1549
1507,1509
1512,1503
1517,1513
1479,1463
1458,1471
1477,1498
1458,1463
1499,1455
1438,1453
1455,1462
1435,1437
1439,1414
1443,1453
1416,1436
1455,1442
1456,1456
1468,1469
1433,1460
1437,1472
1494,1457
1427,1488
1471,1461
1432,1481
1447,1504
1481,1504
1481,1521
1511,1529
1481,1573
1495,1572
1508,1576
1552,1566
1539,1614
1623,1579
1587,1600
1592,1593
1635,1622
1644,1660
1680,1656
1619,1643
1662,1721
1655,1700
1726,1714
1717,1719
1702,1718
1713,1748
1749,1735
1738,1724
1739,1754
1741,1745
1762,1784
1745,1773
1764,1735
1763,1746
1743,1763
1805,1764
1755,1741
1753,1752
1729,1753
1781,1732
1797,1713
1764,1735
1743,1700
1689,1682
1720,1687
1736,1679
1726,1665
1671,1648
1691,1621
1685,1637
1682,1622
1654,1638
1645,1575
1607,1584
1606,1552
1599,1532
1565,1560
1549,1518
1520,1537
1528,1490
1522,1487
1509,1493
1495,1485
1471,1463
1498,1439
1474,1501
1450,1433
1458,1447
1428,1417
1446,1414
1412,1447
1440,1441
1454,1449
1428,1456
1466,1416
1460,1471
1453,1444
1420,1482
1471,1479
1455,1510
1434,1505
1471,1518
1482,1530
1468,1536
1482,1527
1526,1537
1525,1539
1516,1542
1531,1568
1549,1577
1553,1591
1555,1582
1610,1626
1622,1618
1623,1671
1643,1636
1649,1676
1623,1701
1672,1676
1693,1686
1681,1700
1685,1736
1668,1711
1727,1742
1759,1757
1742,1726
1749,1755
1777,1753
1782,1744
1771,1776
1788,1738
1765,1736
1758,1762
1777,1770
1735,1735
1813,1724
1755,1708
1718,1740
1774,1708
1723,1684
1721,1691
1752,1729
1658,1682
1690,1661
1708,1640
1665,1652
1681,1626
1645,1614
1635,1614
1627,1579
1641,1570
1590,1566
1566,1548
1610,1524
1581,1539
1555,1508
1501,1473
1539,1513
1549,1497
1490,1485
1474,1478
1489,1509
1491,1490
1430,1437
1472,1454
1468,1449
1415,1423
1419,1430
1417,1465
1423,1442
1466,1490
1408,1460
1466,1469
1475,1469
1428,1472
1467,1457
1455,1486
1455,1504
1503,1495
1525,1530
1507,1508
1488,1558
1496,1536
1501,1576
1544,1590
1527,1605
1544,1616
1559,1609
1567,1628
1581,1627
1634,1638
1655,1628
1622,1664
1675,1661
1686,1674
1667,1709
1683,1683
1702,1717
1705,1718
1701,1729
1747,1756
1747,1731
1695,1722
1749,1749
1754,1737
1760,1721
1749,1728
1794,1760
1748,1741
1766,1755
1761,1769
1761,1738
1761,1700
1735,1714
1759,1706
1744,1692
1715,1669
1720,1673
1719,1692
1690,1681
1649,1610
1661,1609
1651,1635
1681,1641
1622,1614
1630,1540
1629,1620
1589,1536
1563,1569
1580,1535
1553,1525
1560,1528
1526,1536
1489,1487
1553,1515
1483,1532
1495,1466
1439,1484
1447,1481
1487,1435
1452,1467
1449,1472
1415,1456
1476,1465
1458,1497
1427,1440
1447,1451
1441,1480
1464,1493
1433,1454
1415,1465
1458,1477
1504,1522
1467,1556
1476,1503
1494,1533
1438,1526
1488,1534
1494,1509
1535,1559
1531,1565
1556,1538
1518,1611
1578,1596
1589,1635
1605,1652
1588,1626
1562,1712
1627,1646
1661,1700
1684,1716
1669,1701
1663,1668
1676,1702
1725,1669
1736,1703
1707,1738
1696,1731
1771,1726
1765,1754
1712,1756
1768,1743
1725,1763
1721,1764
1723,1714
1736,1722
1775,1719
1755,1710
1738,1751
1710,1743
1745,1709
1732,1683
1716,1714
1701,1664
1659,1654
1629,1620
1676,1648
1676,1620
1641,1617
1655,1606
1627,1614
1632,1631
1580,1582
1580,1562
1605,1527
1541,1552
1505,1548
1542,1521
1518,1505
1498,1506
1494,1474
1485,1502
1509,1497
1498,1491
1456,1461
1440,1470
1461,1451
1440,1469
1406,1469
1451,1446
1434,1433
1474,1483
1414,1451
1438,1477
1486,1466
1484,1499
1520,1489
1515,1457
1501,1515
1472,1527
1512,1539
1540,1517
1536,1518
1507,1582
1534,1564
1562,1605
1540,1554
1602,1606
1582,1643
1605,1627
1607,1644
1607,1680
1668,1677
1642,1666
1661,1658
1694,1674
1667,1668
1712,1715
1702,1733
1702,1734
1687,1715
1726,1724
1758,1752
1747,1713
1760,1762
1753,1772
1752,1751
1758,1739
1765,1758
1747,1738
1728,1715
1729,1749
1727,1712
1727,1710
1703,1697
1703,1696
1722,1660
1725,1647
1720,1628
1691,1694
1666,1632
1661,1654
1614,1634
1660,1581
1596,1592
1592,1608
1596,1568
1597,1588
1596,1558
1546,1530
1581,1519
1542,1532
1508,1522
1508,1460
1473,1478
1506,1497
1469,1444
1455,1459
1482,1469
1479,1474
1457,1475
1446,1477
1491,1429
1452,1498
1448,1447
1467,1477
1459,1481
1442,1447
1489,1486
1421,1477
1460,1527
1490,1479
1482,1500
1478,1490
1495,1500
1502,1527
1504,1519
1547,1580
1557,1572
1569,1594
1550,1575
1586,1612
1603,1605
1598,1626
1596,1649
1618,1674
1602,1654
1644,1678
1669,1675
1676,1690
1714,1702
1671,1748
1700,1673
1721,1726
1691,1714
1729,1721
1748,1740
1717,1733
1721,1729
1728,1715
1766,1744
1725,1732
1783,1753
1742,1716
1742,1693
1698,1702
1714,1676
1680,1689
1717,1739
1718,1680
1689,1648
1677,1659
1664,1653
1670,1641
1670,1642
1677,1624
1617,1584
1624,1560
1654,1551
1622,1562
1576,1555
1521,1571
1565,1516
1597,1570
1503,1549
1543,1530
1497,1504
1508,1471
1478,1460
1505,1529
1474,1502
1463,1481
1459,1493
1436,1476
1462,1473
1463,1464
1468,1466
1427,1474
1440,1496
1438,1480
1476,1505
1435,1499
1461,1535
1490,1507
1513,1503
1476,1495
1496,1549
1551,1554
1550,1571
1502,1551
1558,1589
1538,1573
1554,1593
1520,1656
1603,1596
1585,1596
1611,1625
1642,1661
1643,1664
1652,1687
1672,1661
1683,1682
1637,1703
1658,1721
1700,1689
1709,1713
1713,1728
1733,1763
1754,1703
1705,1736
1724,1740
1731,1718
1723,1722
1692,1738
1805,1720
1721,1730
1707,1707
1698,1724
1756,1703
1749,1712
1747,1692
1742,1702
1719,1683
1700,1667
1670,1674
1654,1621
1636,1670
1639,1620
1610,1581
1578,1613
1640,1603
1601,1593
1557,1533
1569,1555
1542,1536
1542,1492
1560,1510
1527,1495
1487,1502
1485,1515
1504,1504
1495,1486
1516,1458
1468,1478
1454,1475
1438,1456
1482,1481
1451,1488
1450,1510
1476,1513
1484,1467
1473,1496
1435,1472
1492,1495
1484,1463
1483,1486
1475,1495
1512,1500
1493,1570
1501,1544
1513,1562
1558,1604
1526,1635
1543,1614
1558,1655
1587,1605
1585,1609
1599,1622
1601,1610
1647,1629
1601,1638
1654,1688
1722,1711
1674,1712
1691,1728
1674,1688
1677,1744
1697,1724
1703,1712
1721,1728
1730,1763
1745,1739
1734,1715
1749,1672
1744,1701
1749,1743
1722,1712
1749,1683
1724,1707
1739,1655
1680,1732
1746,1692
1700,1678
1663,1712
1640,1671
1636,1637
1659,1635
1672,1639
1624,1617
1629,1615
1620,1604
1610,1581
1578,1563
1590,1542
1520,1503
1572,1539
1541,1535
1556,1518
1539,1517
1525,1508
1556,1495
1474,1482
1497,1484
1450,1504
1493,1447
1459,1500
1484,1467
1450,1484
1460,1476
1447,1455
1475,1472
1459,1512
1458,1500
1428,1479
1486,1524
1493,1537
1561,1516
1500,1491
1508,1519
1514,1529
1518,1573
1550,1565
1552,1562
1531,1590
1571,1556
1565,1626
1601,1603
1608,1650
1611,1638
1631,1662
1657,1671
1636,1607
1686,1718
1671,1705
1658,1678
1708,1700
1729,1727
1716,1704
1715,1710
1715,1718
1742,1736
1716,1727
1716,1723
1730,1744
1720,1721
1709,1705
1713,1722
1723,1677
1704,1719
1726,1668
1695,1690
1729,1673
1695,1677
1702,1660
1700,1669
1669,1672
1636,1628
1656,1624
1638,1575
1644,1606
1613,1601
1585,1591
1599,1558
1591,1571
1552,1530
1575,1542
1539,1568
1512,1523
1566,1540
1504,1491
1483,1532
1470,1487
1500,1487
1484,1466
1496,1508
1456,1466
1485,1476
1453,1448
1496,1470
1486,1454
1472,1486
1469,1498
1438,1496
1448,1508
1468,1489
1463,1515
1483,1519
1464,1541
1494,1546
1515,1539
1492,1552
1548,1586
1556,1575
1551,1604
1592,1619
1638,1643
1579,1595
1633,1591
1615,1663
1608,1618
1629,1633
1687,1692
1675,1670
1680,1655
1697,1703
1668,1725
1716,1714
1715,1726
1710,1722
1702,1712
1703,1698
1714,1738
1726,1748
1705,1736
1719,1759
1717,1707
1716,1731
1739,1685
1753,1733
1719,1695
1689,1671
1688,1625
1689,1677
1673,1687
1683,1633
1641,1641
1661,1610
1602,1596
1629,1559
1628,1596
1611,1567
1605,1578
1595,1552
1577,1580
1546,1541
1545,1525
1523,1554
1527,1527
1535,1499
1506,1523
1503,1501
1501,1523
1505,1498
1463,1496
1476,1481
1448,1475
1428,1501
1493,1445
1470,1488
1488,1493
1500,1487
1449,1504
1492,1479
1473,1524
1492,1527
1506,1516
1492,1547
1568,1548
1534,1530
1533,1551
1519,1575
1560,1564
1577,1592
1572,1593
1571,1602
1614,1635
1662,1633
1618,1680
1624,1663
1678,1640
1671,1711
1693,1703
1678,1694
1686,1677
1673,1731
1721,1716
1746,1716
1731,1665
1749,1718
1725,1707
1723,1709
1780,1722
1713,1702
1724,1689
1708,1690
1739,1692
1714,1705
1703,1712
1718,1667
1681,1675
1702,1669
1681,1651
1684,1621
1702,1650
1679,1645
1648,1595
1614,1591
1613,1590
1636,1609
1617,1537
1578,1552
1603,1577
1543,1539
1566,1525
1548,1532
1540,1521
1540,1475
1527,1513
1468,1473
1478,1494
1480,1483
1497,1511
1478,1463
1482,1478
1464,1504
1484,1535
1437,1477
1491,1472
1460,1483
1433,1517
1469,1494
1513,1510
1496,1533
1533,1529
1500,1538
1552,1506
1556,1563
1545,1541
1541,1585
1526,1585
1584,1618
1567,1586
1556,1597
1613,1570
1609,1632
1643,1625
1665,1652
1669,1643
1699,1676
1674,1680
1667,1668
1659,1729
1729,1726
1739,1691
1713,1699
1706,1703
1724,1733
1758,1718
1737,1731
1747,1742
1696,1674
1729,1702
1783,1712
1742,1721
1701,1708
1722,1649
1683,1681
1703,1650
1704,1633
1707,1691
1709,1644
1654,1619
1606,1635
1613,1607
1638,1565
1611,1541
1587,1593
1572,1556
1599,1536
1535,1526
1598,1487
1538,1518
1497,1510
1527,1526
1545,1476
1491,1492
1474,1484
1494,1469
1487,1494
1499,1483
1489,1464
1436,1493
1448,1508
1527,1512
1498,1447
1491,1483
1481,1496
1492,1511
1489,1508
1468,1518
1502,1541
1514,1524
1523,1543
1535,1557
1531,1548
1573,1600
1554,1629
1556,1604
1571,1608
1574,1572
1601,1642
1614,1632
1650,1660
1634,1658
1659,1650
1670,1684
1651,1686
1696,1671
1726,1712
1704,1734
1710,1742
1700,1729
1763,1716
1709,1694
1737,1708
1774,1718
1707,1704
1683,1687
1743,1711
1695,1683
1729,1693
1682,1681
1749,1673
1693,1666
1683,1656
1707,1664
1661,1634
1705,1648
1647,1658
1641,1621
1671,1588
1584,1600
1618,1588
1625,1584
1590,1573
1533,1568
1543,1520
1535,1547
1552,1539
1527,1525
1531,1498
1490,1489
1476,1495
1508,1483
1477,1451
1434,1515
1434,1495
1480,1476
1464,1490
1452,1510
1478,1465
1506,1513
1479,1524
1459,1506
1506,1511
1498,1515
1481,1548
1518,1539
1540,1578
1527,1549
1523,1599
1553,1580
1533,1593
1547,1561
1578,1605
1639,1631
1604,1620
1662,1619
1634,1649
1669,1641
1643,1695
1653,1676
1668,1703
1713,1665
1655,1689
1743,1697
1713,1703
1730,1695
1709,1725
1746,1731
1725,1718
1722,1736
1698,1724
1730,1696
1705,1725
1706,1708
1719,1685
1721,1657
1709,1674
1722,1669
1641,1646
1692,1652
1668,1656
1653,1629
1595,1608
1653,1592
1601,1610
1624,1613
1588,1561
1593,1601
1565,1560
1591,1601
1547,1535
1541,1497
1535,1531
1513,1521
1524,1530
1524,1492
1489,1471
1468,1495
1473,1480
1467,1462
1494,1475
1451,1486
1477,1470
1456,1487
1483,1473
1459,1486
1435,1498
1487,1496
1512,1502
1491,1510
1469,1530
1521,1547
1553,1552
1549,1579
1560,1537
1550,1574
1570,1609
1608,1586
1573,1648
1598,1612
1599,1621
1609,1645
1660,1676
1657,1665
1677,1683
1709,1669
1695,1705
1712,1699
1715,1692
1688,1709
1715,1708
1716,1678
1716,1693
1727,1693
1700,1723
1720,1734
1725,1691
1762,1687
1693,1729
1716,1676
1704,1665
1652,1652
1705,1673
1650,1676
1654,1656
1662,1617
1656,1641
1676,1593
1656,1625
1655,1603
1593,1570
1613,1577
1593,1557
1585,1553
1534,1547
1529,1501
1500,1537
1532,1530
1478,1503
1490,1507
1518,1487
1510,1486
1507,1515
1470,1473
1467,1509
1452,1468
1470,1490
1491,1507
1510,1470
1500,1482
1428,1474
1470,1526
1502,1519
1494,1513
1469,1518
1556,1533
1511,1552
1489,1534
1538,1568
1572,1579
1590,1566
1569,1605
1590,1606
1620,1632
1612,1603
1634,1648
1668,1643
1651,1661
1676,1654
1653,1688
1690,1690
1680,1667
1690,1686
1704,1723
1719,1694
1678,1753
1731,1759
1756,1705
1750,1707
1790,1742
1767,1737
1719,1685
1711,1721
1699,1714
1714,1698
1718,1689
1700,1695
1731,1650
1692,1661
1691,1650
1665,1634
1672,1584
1624,1611
1631,1595
1643,1580
1603,1578
1565,1583
1561,1590
1561,1558
1559,1518
1520,1550
1555,1534
1483,1497
1489,1486
1517,1495
1517,1484
1505,1509
1495,1505
1466,1510
1477,1491
1495,1485
1479,1480
1465,1460
1490,1475
1497,1515
1501,1504
1485,1470
1520,1508
1462,1536
1489,1515
1509,1515
1536,1562
1545,1562
1570,1576
1536,1556
1616,1594
1582,1587
1628,1647
1608,1636
1614,1615
1675,1603
1635,1674
1688,1668
1678,1728
1681,1710
1659,1696
1712,1691
1693,1693
1752,1708
1743,1708
1748,1733
1708,1718
1763,1714
1706,1707
1743,1714
1742,1737
1744,1704
1758,1704
1751,1697
1700,1638
1689,1661
1707,1677
1658,1675
1686,1634
1650,1633
1624,1629
1635,1615
1640,1603
1599,1579
1600,1562
1582,1555
1573,1562
1564,1542
1524,1516
1552,1506
1545,1516
1539,1507
1497,1477
1513,1502
1481,1501
1448,1500
1444,1486
1427,1463
1436,1490
1462,1457
1487,1521
1507,1493
1522,1483
1479,1463
1450,1545
1486,1515
1532,1527
1525,1535
1499,1546
1529,1571
1548,1562
1539,1604
1532,1556
1579,1574
1572,1624
1604,1633
1625,1630
1633,1628
1635,1671
1658,1657
1656,1692
1658,1691
1689,1712
1675,1682
1693,1693
1667,1710
1686,1747
1706,1714
1708,1692
1741,1758
1728,1744
1717,1720
1735,1747
1722,1704
1695,1717
1678,1690
1718,1709
1725,1694
1695,1659
1668,1668
1693,1646
1666,1648
1641,1629
1634,1619
1682,1606
1652,1612
1585,1538
1558,1581
1558,1554
1601,1548
1541,1571
1566,1551
1561,1543
1531,1517
1507,1482
1474,1491
1487,1482
1506,1474
1494,1487
1453,1480
1500,1502
1482,1483
1471,1488
1452,1479
1473,1449
1466,1497
1486,1507
1506,1476
1514,1496
1520,1523
1467,1499
1498,1543
1542,1561
1538,1558
1540,1556
1582,1591
1584,1564
1553,1592
1543,1616
1613,1621
1605,1630
1643,1655
1638,1631
1700,1654
1645,1704
1685,1681
1693,1714
1716,1729
1691,1718
1722,1702
1733,1725
1744,1699
1726,1733
1722,1709
1705,1721
1744,1719
1712,1745
1717,1694
1689,1719
1681,1705
1701,1717
1716,1689
1716,1692
1638,1641
1635,1689
1666,1631
1663,1619
1631,1563
1609,1581
1606,1556
1595,1562
1614,1560
1572,1565
1548,1554
1535,1537
1512,1527
1493,1503
1503,1523
1497,1510
1521,1517
1460,1437
1425,1478
1492,1472
1462,1504
1433,1467
1453,1501
1457,1478
1455,1473
1458,1483
1456,1491
1475,1508
1472,1541
1487,1524
1521,1505
1497,1553
1524,1549
1532,1583
1573,1581
1545,1593
1581,1577
1575,1656
1617,1620
1657,1631
1657,1672
1673,1659
1680,1674
1618,1688
1693,1668
1754,1741
1738,1692
1708,1694
1730,1739
1725,1756
1736,1759
1751,1722
1757,1725
1721,1722
1727,1726
1743,1693
1735,1694
1739,1706
1742,1710
1718,1688
1677,1672
1675,1672
1681,1660
1606,1631
1697,1626
1626,1602
1623,1625
1587,1580
1643,1575
1591,1575
1576,1549
1577,1530
1522,1531
1526,1499
1510,1515
1531,1481
1484,1512
1536,1485
1454,1498
1477,1484
1482,1490
1474,1476
1471,1475
1493,1473
1463,1480
1479,1455
1476,1506
1480,1481
1492,1483
1491,1510
1472,1547
1480,1564
1496,1533
1510,1548
1512,1542
1510,1568
1544,1588
1513,1630
1615,1617
1652,1615
1573,1617
1658,1653
1665,1651
1668,1695
1704,1684
1677,1705
1653,1731
1667,1711
1689,1697
1733,1752
1723,1734
1733,1740
1728,1759
1700,1710
1748,1710
1740,1735
1747,1714
1757,1727
1780,1709
1745,1674
1710,1681
1701,1661
1687,1673
1710,1664
1691,1627
1649,1644
1616,1613
1677,1633
1603,1598
1627,1567
1602,1545
1567,1557
1595,1545
1524,1578
1510,1523
1516,1493
1493,1516
1492,1515
1469,1499
1504,1496
1501,1473
1533,1484
1449,1463
1458,1476
1491,1459
1478,1474
1475,1466
1457,1481
1458,1525
1436,1500
1491,1481
1486,1517
1457,1497
1483,1531
1511,1512
1514,1604
1532,1557
1602,1631
1559,1588
1598,1596
1573,1607
1618,1652
1585,1629
1640,1666
1632,1690
1641,1704
1693,1715
1667,1699
1716,1687
1743,1707
1749,1704
1744,1733
1702,1736
1715,1710
