ch1,ch2
1566,1636
1621,1647
1630,1641
1650,1664
1727,1708
1698,1670
1753,1678
1709,1713
1740,1745
1748,1752
1786,1753
1797,1791
1759,1805
1783,1770
1794,1753
1724,1730
1805,1760
1770,1775
1755,1716
1754,1738
1702,1716
1712,1696
1747,1696
1732,1677
1700,1668
1640,1624
1665,1658
1667,1634
1596,1603
1634,1581
1600,1554
1611,1516
1557,1488
1500,1507
1492,1490
1496,1473
1483,1494
1493,1447
1500,1429
1470,1399
1409,1450
1423,1412
1387,1441
1410,1385
1451,1423
1415,1424
1501,1438
1424,1480
1431,1477
1410,1500
1444,1508
1434,1483
1488,1492
1523,1540
1513,1551
1483,1533
1537,1581
1608,1583
1619,1627
1629,1645
1657,1668
1700,1705
1652,1680
1692,1716
1705,1742
1703,1687
1729,1774
1720,1747
1770,1782
1759,1754
1745,1768
1745,1771
1760,1757
1782,1774
1820,1740
1780,1787
1752,1756
1764,1737
1747,1734
1759,1710
1733,1681
1742,1686
1741,1675
1675,1677
1651,1666
1628,1675
1650,1603
1672,1593
1605,1545
1618,1575
1550,1515
1554,1501
1495,1487
1508,1494
1503,1475
1432,1476
1430,1429
1436,1464
1452,1411
1455,1379
1446,1431
1408,1429
1398,1428
1409,1420
1418,1498
1436,1466
1480,1481
1420,1503
1394,1482
1445,1452
1419,1493
1481,1531
1490,1582
1537,1578
1520,1576
1543,1619
1556,1614
1599,1629
1599,1614
1636,1668
1634,1681
1646,1708
1686,1691
1686,1700
1696,1700
1786,1742
1747,1754
1730,1752
1770,1761
1773,1806
1786,1736
1821,1751
1813,1792
1771,1777
1777,1751
1794,1744
1771,1779
1796,1696
1769,1685
1745,1707
1693,1681
1723,1690
1663,1659
1712,1642
1632,1594
1653,1584
1640,1591
1587,1519
1565,1542
1515,1508
1550,1478
1516,1498
1498,1507
1458,1467
1404,1451
1454,1447
1425,1481
1416,1402
1380,1392
1436,1448
1422,1430
1400,1443
1374,1408
1435,1384
1412,1470
1460,1497
1471,1491
1439,1443
1463,1507
1473,1505
1471,1568
1527,1574
1505,1571
1543,1603
1570,1576
1574,1579
1664,1669
1630,1632
1607,1653
1645,1697
1672,1690
1705,1754
1749,1745
1763,1784
1738,1724
1753,1771
1792,1768
1767,1770
1830,1748
1807,1794
1794,1761
1819,1743
1805,1709
1786,1770
1786,1757
1796,1721
1791,1698
1709,1697
1685,1654
1672,1673
1664,1632
1670,1634
1665,1639
1627,1568
1670,1584
1583,1547
1548,1527
1550,1520
1516,1504
1469,1497
1561,1444
1488,1420
1478,1455
1466,1442
1424,1466
1448,1424
1440,1419
1385,1428
1400,1463
1381,1413
1433,1442
1398,1391
1397,1441
1429,1455
1410,1476
1478,1486
1432,1533
1476,1487
1530,1524
1503,1561
1544,1584
1542,1612
1569,1584
1606,1619
1633,1622
1636,1660
1632,1677
1663,1702
1688,1724
1697,1684
1752,1724
1753,1748
1725,1797
1735,1759
1789,1752
1755,1772
1803,1778
1791,1725
1793,1769
1845,1757
1773,1744
1802,1753
1768,1727
1772,1733
1738,1707
1746,1704
1705,1714
1687,1684
1716,1674
1668,1621
1608,1600
1647,1567
1659,1561
1605,1580
1572,1532
1590,1499
1522,1503
1494,1451
1508,1495
1508,1494
1442,1467
1422,1445
1474,1438
1451,1454
1443,1430
1371,1440
1376,1434
1414,1410
1430,1398
1394,1443
1374,1426
1452,1451
1460,1475
1450,1446
1464,1503
1505,1544
1442,1531
1513,1593
1488,1593
1550,1622
1555,1585
1616,1644
1597,1630
1655,1647
1700,1673
1700,1696
1713,1721
1716,1699
1693,1765
1700,1742
1742,1763
1720,1784
1813,1746
1804,1759
1786,1789
1847,1753
1790,1774
1773,1769
1837,1783
1753,1738
1794,1736
1774,1731
1713,1723
1734,1697
1724,1680
1719,1615
1725,1664
1657,1647
1636,1579
1691,1582
1573,1576
1563,1540
1572,1513
1516,1521
1515,1482
1503,1458
1500,1515
1521,1423
1467,1432
1449,1430
1406,1428
1432,1417
1402,1395
1397,1455
1422,1436
1378,1418
1364,1457
1400,1399
1431,1431
1433,1464
1427,1445
1472,1503
1494,1470
1479,1507
1521,1520
1515,1568
1529,1606
1564,1592
1577,1582
1600,1594
1619,1648
1641,1620
1651,1697
1660,1683
1652,1736
1741,1707
1711,1810
1753,1744
1754,1755
1793,1776
1730,1778
1804,1761
1804,1808
1821,1792
1796,1794
1838,1776
1812,1790
1758,1751
1763,1742
1727,1738
1719,1743
1754,1704
1709,1678
1733,1686
1644,1615
1716,1633
1673,1653
1649,1578
1619,1545
1564,1565
1553,1510
1555,1499
1503,1501
1549,1533
1503,1440
1417,1422
1466,1437
1410,1462
1427,1455
1436,1435
1402,1430
1441,1401
1365,1453
1389,1387
1361,1417
1386,1457
1421,1428
1448,1473
1442,1420
1486,1488
1440,1504
1468,1540
1441,1523
1498,1550
1540,1589
1567,1586
1598,1642
1630,1629
1629,1677
1582,1647
1668,1680
1703,1686
1733,1722
1731,1752
1718,1748
1759,1741
1790,1798
1757,1745
1833,1739
1815,1779
1803,1764
1776,1789
1828,1776
1777,1759
1808,1767
1792,1764
1805,1750
1743,1711
1729,1709
1716,1711
1695,1697
1687,1635
1666,1636
1633,1621
1586,1578
1628,1573
1614,1576
1558,1524
1541,1542
1524,1472
1489,1476
1510,1437
1474,1451
1460,1433
1428,1450
1419,1454
1421,1422
1385,1435
1441,1425
1426,1413
1354,1383
1398,1431
1373,1455
1403,1461
1391,1434
1459,1450
1424,1497
1510,1548
1479,1515
1440,1497
1549,1562
1540,1566
1543,1587
1508,1654
1611,1651
1639,1661
1687,1673
1681,1676
1671,1727
1657,1711
1720,1755
1765,1740
1751,1726
1758,1767
1760,1780
1785,1807
1810,1774
1780,1785
1822,1765
1814,1761
1809,1774
1739,1762
1788,1741
1805,1699
1768,1723
1789,1727
1735,1703
1735,1644
1726,1634
1640,1662
1626,1613
1710,1613
1646,1613
1579,1528
1624,1547
1548,1508
1529,1507
1495,1505
1474,1512
1470,1470
1482,1465
1422,1434
1408,1435
1456,1421
1385,1448
1387,1398
1425,1434
1406,1397
1389,1415
1365,1395
1402,1424
1421,1457
1453,1457
1470,1453
1475,1505
1411,1517
1440,1508
1495,1532
1526,1592
1570,1589
1548,1629
1583,1654
1603,1654
1629,1669
1657,1673
1676,1743
1696,1726
1711,1696
1756,1739
1713,1752
1763,1787
1759,1759
1767,1769
1823,1732
1737,1790
1803,1777
1808,1759
1778,1761
1809,1795
1788,1823
1824,1737
1810,1717
1755,1697
1756,1723
1735,1727
1700,1683
1694,1651
1686,1614
1614,1592
1643,1582
1581,1563
1590,1519
1507,1596
1547,1488
1507,1465
1465,1489
1426,1473
1433,1432
1413,1437
1437,1428
1399,1437
1397,1419
1412,1405
1367,1416
1360,1423
1391,1398
1412,1398
1414,1432
1402,1414
1424,1448
1431,1456
1440,1482
1461,1508
1455,1498
1523,1539
1526,1583
1570,1581
1580,1605
1565,1629
1594,1636
1670,1647
1650,1669
1624,1674
1684,1729
1688,1754
1758,1718
1759,1768
1756,1778
1775,1771
1797,1783
1774,1791
1830,1807
1810,1783
1794,1778
1791,1805
1789,1785
1793,1725
1809,1779
1768,1763
1796,1752
1786,1721
1750,1695
1742,1683
1683,1636
1685,1599
1626,1627
1671,1613
1639,1573
1585,1572
1556,1519
1561,1519
1533,1463
1537,1461
1486,1458
1405,1432
1415,1440
1427,1424
1411,1447
1375,1446
1394,1356
1409,1411
1405,1399
1419,1426
1389,1401
1426,1471
1401,1460
1350,1481
1446,1463
1410,1527
1454,1504
1472,1537
1506,1559
1517,1563
1522,1572
1542,1616
1583,1624
1612,1630
1611,1671
1651,1656
1734,1687
1720,1653
1699,1729
1716,1749
1727,1737
1791,1744
1801,1777
1783,1793
1791,1800
1798,1820
1812,1768
1820,1804
1819,1792
1805,1773
1834,1746
1767,1727
1817,1707
1791,1732
1736,1699
1754,1701
1775,1672
1686,1688
1688,1620
1655,1596
1624,1584
1554,1599
1594,1564
1570,1496
1536,1512
1508,1490
1505,1490
1430,1492
1467,1419
1436,1420
1466,1408
1377,1435
1407,1439
1372,1435
1379,1401
1382,1428
1358,1383
1423,1438
1397,1400
1429,1437
1447,1449
1433,1507
1442,1534
1458,1492
1450,1507
1514,1526
1514,1543
1514,1577
1519,1584
1586,1667
1606,1664
1634,1610
1647,1680
1695,1721
1718,1739
1692,1744
1717,1720
1755,1748
1725,1703
1747,1741
1772,1825
1788,1757
1811,1792
1855,1768
1799,1770
1777,1766
1813,1803
1838,1783
1787,1691
1765,1737
1780,1741
1698,1701
1728,1691
1742,1633
1689,1634
1682,1619
1661,1614
1642,1570
1561,1553
1531,1528
1547,1514
1527,1504
1521,1513
1501,1473
1440,1452
1427,1438
1420,1442
1446,1370
1401,1422
1395,1449
1435,1432
1387,1447
1407,1351
1388,1392
1394,1436
1413,1487
1365,1416
1426,1458
1456,1470
1468,1492
1476,1480
1458,1513
1526,1548
1545,1562
1534,1582
1596,1588
1595,1608
1646,1646
1660,1664
1679,1686
1709,1712
1745,1737
1700,1747
1741,1723
1768,1752
1792,1749
1793,1759
1788,1788
1802,1754
1816,1788
1825,1789
1820,1771
1805,1785
1830,1781
1797,1769
1786,1752
1727,1747
1756,1721
1740,1665
1737,1709
1704,1672
1653,1636
1630,1611
1672,1592
1575,1608
1627,1529
1586,1606
1545,1508
1558,1501
1499,1517
1472,1484
1453,1449
1498,1435
1416,1452
1428,1418
1397,1401
1386,1401
1366,1428
1378,1396
1358,1425
1380,1400
1381,1449
1359,1412
1385,1411
1450,1478
1443,1452
1477,1515
1458,1497
1501,1543
1491,1562
1584,1581
1536,1611
1523,1580
1548,1605
1608,1664
1638,1657
1658,1683
1656,1691
1781,1757
1781,1721
1724,1754
1736,1751
1729,1760
1802,1767
1823,1781
1810,1780
1748,1835
1832,1779
1790,1764
1760,1781
1766,1740
1771,1707
1788,1759
1784,1706
1787,1709
1713,1712
1686,1675
1717,1648
1687,1642
1655,1662
1622,1625
1574,1575
1572,1527
1542,1531
1556,1501
1557,1499
1528,1498
1425,1469
1476,1405
1426,1442
1446,1435
1416,1424
1369,1398
1458,1410
1373,1438
1385,1428
1411,1421
1412,1423
1404,1452
1428,1446
1426,1453
1408,1438
1437,1472
1454,1511
1517,1504
1534,1547
1517,1524
1553,1563
1594,1604
1564,1647
1574,1665
1606,1637
1660,1709
1687,1747
1732,1741
1728,1757
1728,1760
1732,1780
1755,1750
1783,1780
1762,1787
1799,1794
1816,1722
1801,1778
1817,1823
1798,1775
1793,1775
1774,1793
1762,1774
1843,1676
1743,1692
1743,1706
1728,1658
1698,1648
1747,1635
1650,1620
1675,1535
1623,1573
1594,1603
1573,1533
1564,1556
1510,1484
1508,1514
1464,1440
1443,1423
1466,1392
1418,1471
1407,1453
1415,1440
1369,1378
1417,1424
1390,1440
1408,1442
1416,1410
1417,1443
1377,1446
1446,1464
1431,1485
1451,1446
1446,1507
1474,1500
1454,1583
1501,1540
1529,1588
1580,1555
1586,1591
1588,1675
1592,1636
1605,1678
1658,1635
1698,1730
1694,1768
1661,1714
1729,1739
1780,1772
1767,1729
1757,1787
1810,1792
1818,1793
1799,1785
1774,1819
1806,1759
1842,1772
1813,1761
1794,1790
1778,1722
1740,1720
1768,1693
1747,1712
1710,1695
1672,1637
1695,1650
1667,1634
1628,1567
1611,1594
1608,1569
1583,1546
1516,1500
1496,1469
1474,1499
1475,1480
1505,1492
1436,1451
1493,1459
1367,1409
1369,1416
1374,1416
1413,1402
1436,1421
1362,1437
1413,1434
1412,1439
1369,1407
1431,1421
1440,1446
1451,1470
1501,1523
1476,1515
1497,1516
1503,1565
1540,1552
1505,1627
1550,1645
1609,1626
1625,1640
1679,1699
1679,1668
1648,1712
1689,1697
1732,1738
1749,1756
1744,1752
1772,1792
1761,1792
1816,1788
1758,1777
1800,1748
1788,1757
1799,1754
1818,1817
1827,1746
1753,1757
1756,1798
1738,1731
1717,1705
1761,1648
1746,1691
1691,1611
1643,1635
1630,1620
1649,1578
1625,1560
1535,1550
1564,1515
1532,1545
1485,1478
1477,1455
1468,1460
1472,1441
1434,1452
1449,1403
1410,1413
1406,1418
1407,1424
1371,1426
1342,1414
1426,1415
1415,1391
1409,1425
1419,1413
1453,1466
1429,1487
1454,1472
1479,1499
1497,1589
1515,1536
1583,1571
1589,1589
1516,1600
1613,1656
1628,1646
1602,1645
1695,1700
1687,1699
1718,1750
1715,1744
1706,1715
1780,1778
1795,1774
1781,1757
1817,1781
1788,1764
1871,1786
1766,1748
1834,1808
1799,1782
1825,1756
1787,1773
1744,1780
1792,1716
1732,1726
1770,1701
1718,1647
1752,1680
1680,1649
1656,1626
1619,1586
1604,1607
1615,1526
1585,1535
1517,1501
1538,1511
1538,1431
1489,1418
1525,1462
1464,1428
1414,1420
1391,1419
1408,1428
1392,1384
1370,1395
1381,1447
1369,1442
1400,1392
1398,1418
1400,1444
1389,1448
1452,1477
1405,1482
1477,1549
1509,1520
1503,1528
1521,1583
1536,1602
1568,1590
1609,1582
1576,1631
1631,1642
1679,1679
1656,1717
1669,1710
1722,1724
1711,1740
1720,1759
1756,1779
1788,1775
1762,1792
1766,1780
1798,1748
1771,1773
1761,1801
1845,1738
1774,1776
1798,1794
1790,1725
1769,1719
1776,1719
1763,1692
1714,1666
1702,1634
1676,1628
1647,1626
1688,1612
1585,1580
1604,1559
1598,1510
1591,1497
1534,1498
1533,1480
1534,1459
1449,1480
1486,1451
1426,1435
1380,1405
1438,1426
1420,1425
1412,1428
1383,1412
1416,1410
1360,1473
1402,1434
1437,1412
1445,1466
1417,1444
1401,1492
1482,1480
1463,1487
1469,1496
1460,1567
1537,1574
1530,1580
1545,1609
1604,1618
1572,1662
1674,1684
1685,1685
1694,1683
1766,1742
1680,1765
1747,1731
1787,1776
1764,1794
1786,1784
1775,1744
1797,1776
1837,1780
1784,1776
1830,1794
1817,1758
1813,1776
1799,1746
1786,1712
1755,1751
1735,1718
1703,1659
1705,1692
1686,1631
1644,1673
1654,1625
1650,1567
1651,1575
1568,1562
1550,1532
1546,1543
1549,1498
1502,1526
1494,1491
1451,1462
1465,1412
1452,1427
1428,1400
1434,1386
1368,1419
1427,1403
1378,1405
1364,1454
1406,1418
1403,1443
1443,1494
1425,1442
1422,1503
1447,1522
1494,1515
1449,1536
1484,1524
1505,1551
1519,1571
1576,1597
1575,1634
1611,1612
1625,1643
1660,1638
1679,1695
1708,1676
1663,1723
1776,1749
1742,1739
1730,1751
1787,1747
1786,1760
1804,1759
1812,1759
1795,1788
1835,1741
1792,1761
1789,1785
1772,1788
1771,1684
1737,1715
1784,1685
1782,1727
1756,1658
1672,1677
1737,1644
1669,1631
1628,1600
1603,1641
1645,1598
1608,1565
1582,1540
1576,1517
1525,1500
1479,1530
1500,1483
1476,1456
1441,1467
1459,1430
1388,1413
1396,1421
1392,1395
1387,1391
1391,1430
1403,1402
1351,1473
1397,1435
1398,1415
1420,1469
1404,1483
1464,1502
1459,1517
1482,1573
1513,1536
1560,1566
1576,1621
1533,1590
1644,1649
1636,1659
1632,1666
1658,1698
1719,1685
1715,1726
1725,1728
1692,1733
1769,1739
1740,1741
1811,1784
1774,1771
1789,1768
1839,1796
1792,1762
1786,1752
1804,1784
1796,1767
1768,1730
1778,1741
1762,1735
1757,1677
1739,1697
1728,1660
1717,1673
1691,1657
1626,1590
1635,1582
1602,1527
1618,1521
1516,1526
1562,1467
1505,1534
1513,1509
1511,1503
1443,1458
1435,1444
1431,1402
1442,1431
1386,1427
1389,1424
1383,1430
1414,1417
1465,1436
1406,1458
1427,1419
1482,1449
1446,1464
1405,1449
1455,1487
1463,1553
1458,1548
1478,1552
1523,1536
1512,1568
1587,1620
1585,1641
1617,1617
1664,1661
1629,1703
1651,1711
1687,1697
1729,1719
1705,1750
1697,1759
1759,1767
1735,1751
1731,1764
1781,1803
1824,1736
1813,1788
1806,1740
1747,1781
1833,1716
1801,1754
1755,1766
1753,1712
1746,1748
1690,1739
1722,1661
1724,1705
1647,1654
1672,1637
1644,1580
1651,1576
1579,1546
1554,1552
1565,1549
1575,1491
1496,1499
1507,1488
1491,1490
1469,1481
1484,1438
1438,1425
1434,1451
1390,1453
1434,1380
1394,1414
1392,1442
1392,1495
1388,1423
1395,1482
1436,1498
1430,1474
1427,1454
1466,1508
1454,1508
1502,1536
1465,1557
1524,1532
1562,1579
1560,1591
1589,1660
1632,1642
1610,1668
1619,1734
1650,1671
1663,1711
1691,1743
1737,1731
1743,1779
1762,1779
1763,1752
1762,1807
1768,1741
1821,1772
1792,1796
1811,1734
1788,1786
1798,1754
1779,1753
1746,1751
1721,1727
1742,1730
1735,1745
1693,1669
1715,1630
1664,1663
1691,1626
1653,1621
1589,1592
1603,1550
1585,1516
1516,1553
1528,1513
1521,1539
1501,1494
1485,1439
1437,1475
1421,1470
1442,1418
1415,1418
1410,1442
1444,1450
1378,1432
1381,1425
1411,1471
1347,1434
1373,1443
1428,1480
1437,1512
1490,1517
1461,1432
1467,1503
1446,1528
1521,1509
1532,1564
1562,1614
1596,1601
1608,1622
1643,1612
1635,1626
1655,1645
1676,1699
1700,1697
1694,1742
1750,1713
1722,1719
1731,1755
1750,1746
1785,1759
1754,1764
1792,1810
1818,1796
1827,1782
1796,1765
1810,1766
1772,1716
1714,1746
1732,1748
1697,1702
1750,1669
1722,1668
1732,1667
1646,1625
1664,1613
1622,1617
1636,1574
1568,1539
1553,1532
1548,1556
1560,1521
1493,1491
1518,1471
1515,1466
1513,1469
1421,1482
1485,1427
1427,1426
1448,1463
1428,1419
1400,1445
1387,1430
1454,1427
1412,1460
1439,1497
1417,1445
1459,1470
1486,1501
1474,1497
1504,1536
1503,1562
1532,1559
1544,1560
1545,1614
1553,1649
1635,1628
1625,1645
1643,1686
1664,1687
1695,1685
1686,1715
1709,1741
1748,1776
1727,1738
1735,1786
1794,1771
1745,1772
1783,1801
1814,1746
1771,1743
1825,1785
1762,1743
1724,1739
1787,1719
1766,1730
1712,1729
1744,1718
1761,1687
1732,1668
1723,1666
1689,1638
1675,1636
1638,1613
1604,1560
1572,1545
1557,1526
1566,1537
1541,1501
1493,1516
1518,1442
1461,1532
1464,1457
1464,1515
1406,1445
1426,1463
1436,1450
1421,1438
1410,1443
1427,1473
1451,1429
1415,1473
1397,1480
1432,1469
1463,1510
1466,1484
1498,1517
1467,1514
1470,1539
1510,1559
1535,1589
1566,1608
1564,1606
1598,1614
1616,1630
1635,1670
1610,1683
1698,1684
1719,1711
1681,1721
1716,1711
1759,1765
1776,1780
1831,1786
1760,1758
1749,1791
1821,1748
1756,1749
1768,1746
1791,1757
1789,1749
1767,1768
1783,1719
1762,1714
1748,1694
1682,1672
1682,1662
1664,1656
1678,1637
1645,1637
1679,1620
1603,1632
1630,1555
1526,1518
1517,1500
1495,1506
1544,1514
1498,1484
1469,1515
1442,1483
1453,1470
1480,1481
1440,1513
1392,1458
1442,1408
1430,1432
1434,1411
1417,1429
1472,1443
1461,1501
1459,1414
1431,1456
1496,1509
1468,1477
1507,1513
1531,1562
1527,1535
1514,1564
1560,1587
1563,1641
1588,1663
1566,1662
1608,1682
1670,1648
1634,1632
1703,1730
1691,1722
1742,1742
1729,1734
1712,1718
1676,1737
1744,1755
1763,1766
1812,1758
1753,1676
1789,1748
1752,1741
1776,1699
1711,1722
1697,1721
1752,1685
1724,1696
1708,1730
1717,1649
1718,1658
1665,1596
1690,1632
1625,1619
1630,1595
1584,1562
1515,1588
1551,1570
1546,1536
1520,1486
1504,1514
1488,1474
1451,1455
1442,1461
1486,1443
1482,1403
1455,1441
1397,1440
1442,1466
1439,1450
1431,1455
1384,1465
1424,1457
1458,1463
1480,1456
1425,1484
1471,1518
1519,1489
1500,1535
1529,1538
1534,1581
1586,1553
1563,1599
1606,1633
1584,1614
1622,1684
1630,1673
1652,1690
1646,1687
1714,1711
1697,1720
1712,1733
1731,1766
1759,1758
1803,1790
1816,1769
1797,1729
1768,1729
1745,1769
1796,1726
1753,1731
1799,1758
1751,1749
1736,1663
1717,1715
1778,1650
1703,1655
1714,1668
1685,1670
1661,1648
1652,1590
1625,1572
1622,1611
1530,1569
1604,1567
1537,1534
1535,1546
1513,1491
1517,1483
1470,1484
1442,1448
1429,1445
1472,1433
1427,1461
1427,1466
1437,1439
1458,1444
1445,1434
1414,1477
1437,1441
1431,1397
1446,1454
1473,1504
1478,1511
1485,1528
1523,1527
1587,1571
1536,1521
1565,1555
1590,1612
1569,1655
1631,1631
1613,1665
1656,1647
1619,1678
1665,1711
1687,1659
1698,1717
1753,1725
1689,1748
1727,1735
1767,1744
1834,1730
1814,1767
1792,1772
1745,1774
1747,1733
1730,1740
1819,1737
1712,1707
1746,1739
1714,1667
1756,1677
1688,1695
1683,1659
1682,1655
1631,1622
1641,1591
1636,1581
1611,1615
1562,1587
1568,1608
1576,1567
1594,1557
1524,1502
1499,1511
1500,1488
1469,1461
1459,1497
1420,1474
1422,1437
1429,1432
1452,1454
1465,1460
1433,1436
1449,1448
1477,1476
1411,1492
1407,1499
1460,1458
1470,1514
1459,1506
1478,1482
1501,1561
1546,1544
1494,1553
1539,1609
1535,1614
1609,1626
1573,1661
1602,1633
1664,1670
1649,1679
1660,1710
1707,1709
1648,1723
1756,1752
1718,1754
1699,1749
1734,1741
1749,1734
1729,1742
1766,1763
1790,1761
1801,1775
1756,1711
1748,1753
1738,1720
1710,1706
1765,1680
1726,1668
1700,1662
1664,1650
1700,1650
1643,1601
1638,1590
1623,1596
1682,1597
1625,1534
1557,1553
1490,1545
1550,1524
1539,1532
1501,1504
1500,1458
1480,1498
1440,1489
1444,1411
1455,1473
1443,1446
1447,1458
1411,1463
1434,1415
1417,1446
1422,1474
1500,1424
1448,1516
1428,1473
1524,1471
1474,1462
1478,1550
1556,1539
1540,1552
1518,1602
1554,1576
1588,1578
1592,1623
1599,1606
1619,1675
1623,1671
1673,1658
1648,1638
1688,1701
1707,1713
1707,1723
1775,1694
1710,1731
1738,1768
1770,1729
1752,1765
1750,1739
1755,1737
1754,1710
1813,1729
1734,1745
1746,1699
1698,1656
1710,1697
1736,1700
1739,1710
1677,1684
1674,1629
1673,1660
1665,1599
1608,1642
1608,1556
1614,1542
1582,1562
1623,1518
1579,1505
1515,1504
1487,1527
1501,1505
1499,1490
1465,1470
1472,1462
1458,1444
1448,1490
1437,1392
1391,1476
1434,1464
1438,1437
1487,1437
1462,1460
1466,1501
1442,1482
1486,1470
1465,1546
1512,1517
1557,1497
1499,1548
1551,1592
1575,1580
1552,1606
1554,1617
1623,1639
1640,1664
1641,1668
1636,1685
1675,1705
1738,1689
1713,1682
1705,1713
1749,1699
1735,1735
1783,1734
1791,1726
1757,1731
1783,1719
1744,1716
1770,1747
1779,1738
1796,1740
1755,1716
1736,1719
1754,1696
1674,1691
1682,1705
1697,1643
1674,1646
1673,1637
1638,1597
1653,1593
1618,1581
1538,1509
1569,1560
1561,1593
1566,1559
1546,1508
1452,1506
1538,1502
1478,1486
1481,1485
1480,1471
1458,1471
1452,1467
1458,1443
1399,1455
1420,1485
1447,1498
1418,1468
1417,1472
1456,1504
1464,1510
1452,1509
1497,1502
1536,1527
1558,1562
1505,1549
1568,1561
1549,1617
1562,1574
1579,1629
1604,1645
1559,1639
1615,1662
1613,1671
1686,1706
1674,1693
1673,1739
1700,1734
1742,1717
1678,1751
1725,1740
1717,1714
1797,1779
1762,1755
1753,1735
1746,1715
1759,1746
1732,1730
1770,1725
1740,1715
1766,1705
1709,1700
1752,1697
1755,1638
1699,1665
1673,1634
1615,1658
1651,1534
1639,1592
1619,1596
1560,1571
1570,1552
1533,1500
1515,1508
1506,1506
1494,1493
1509,1505
1479,1501
1481,1491
1432,1446
1417,1460
1462,1471
1408,1452
1463,1465
1449,1478
1461,1466
1421,1492
1450,1460
1455,1523
1408,1497
1476,1491
1474,1527
1502,1529
1506,1560
1533,1560
1591,1579
1571,1637
1564,1601
1625,1610
1594,1609
1616,1644
1621,1650
1632,1669
1691,1706
1655,1712
1695,1716
1736,1684
1669,1744
1753,1729
1722,1740
1739,1777
1714,1712
1755,1797
1747,1724
1751,1750
1771,1753
1770,1695
1758,1714
1701,1692
1749,1708
1722,1674
1733,1710
1689,1675
1673,1651
1690,1623
1653,1577
1623,1612
1630,1589
1601,1570
1577,1576
1560,1555
1512,1515
1584,1488
1502,1498
1481,1482
1448,1485
1513,1456
1477,1499
1468,1491
1398,1460
1435,1444
1449,1466
1443,1473
1460,1461
1444,1473
1466,1487
1485,1459
1436,1519
1453,1532
1483,1514
1521,1538
1511,1554
1535,1549
1534,1557
1558,1533
1541,1571
1599,1639
1615,1637
1597,1621
1615,1632
1614,1694
1674,1666
1678,1677
1712,1722
1726,1725
1704,1752
1745,1718
1730,1720
1716,1728
1700,1700
1739,1720
1813,1727
1750,1746
1763,1711
1754,1766
1784,1723
1745,1690
1763,1704
1759,1701
1724,1699
1667,1709
1739,1646
1689,1689
1665,1595
1652,1623
1645,1587
1631,1550
1536,1593
1595,1554
1569,1556
1489,1543
1579,1530
1508,1503
1496,1491
1468,1509
1469,1460
1441,1483
1456,1484
1471,1465
1498,1464
1400,1475
1470,1465
1458,1442
1467,1453
1462,1460
1440,1486
1475,1459
1503,1509
1489,1498
1551,1561
1498,1514
1528,1511
1499,1505
1523,1591
1579,1636
1576,1657
1570,1636
1604,1607
1617,1612
1668,1629
1636,1689
1647,1715
1701,1716
1704,1722
1720,1702
1737,1744
1720,1664
1727,1740
1781,1753
1706,1725
1764,1752
1774,1746
1756,1717
1737,1742
1737,1740
1712,1725
1723,1723
1687,1715
1708,1678
1708,1701
1725,1681
1687,1586
1655,1662
1679,1603
1645,1602
1621,1586
1600,1555
1584,1522
1586,1545
1561,1550
1489,1563
1527,1535
1553,1530
1477,1485
1541,1459
1457,1495
1443,1477
1436,1475
1439,1436
1449,1478
1352,1459
1461,1428
1427,1464
1433,1473
1456,1495
1442,1491
1506,1533
1491,1510
1481,1496
1511,1556
1505,1559
1505,1565
1533,1559
1543,1607
1610,1610
1656,1603
1589,1625
1619,1685
1659,1624
1672,1680
1667,1667
1677,1694
1679,1683
1650,1701
1747,1707
1723,1749
1750,1710
1781,1693
1753,1755
1729,1735
1774,1702
1813,1761
1728,1753
1759,1764
1760,1700
1754,1709
1732,1709
1707,1720
1711,1639
1701,1656
1667,1681
1743,1659
1682,1607
1629,1590
1616,1597
1587,1605
1563,1579
1588,1538
1593,1540
1548,1590
1567,1499
1531,1528
1487,1497
1482,1482
1489,1473
1511,1463
1494,1482
1465,1487
1458,1467
1445,1469
1438,1467
1405,1496
1417,1476
1416,1424
1427,1468
1461,1492
1405,1523
1480,1505
1458,1516
1489,1501
1539,1552
1546,1548
1530,1546
1543,1591
1571,1608
1584,1638
1589,1622
1650,1603
1655,1661
1660,1677
1658,1681
1667,1715
1697,1719
1721,1736
1750,1677
1753,1728
1702,1707
1732,1727
1768,1711
1775,1701
1737,1714
1739,1720
1720,1757
1771,1713
1752,1705
1776,1714
1716,1707
1696,1704
1672,1699
1676,1698
1696,1640
1647,1642
1618,1593
1689,1584
1630,1563
1600,1598
1594,1589
1583,1531
1559,1573
1546,1506
1548,1505
1512,1516
1538,1503
1483,1471
1475,1497
1453,1464
1440,1452
1486,1510
1488,1462
1438,1481
1455,1483
1412,1494
1473,1462
1472,1490
1468,1481
1464,1513
1449,1509
1492,1503
1525,1516
1514,1533
1539,1529
1537,1559
1545,1569
1528,1627
1549,1627
1549,1606
1593,1650
1668,1643
1607,1641
1634,1622
1662,1653
1705,1715
1654,1677
1727,1752
1708,1753
1711,1755
1774,1740
1703,1756
1761,1722
1716,1739
1725,1739
1769,1713
1799,1743
1795,1707
1757,1741
1696,1710
1713,1687
1712,1714
1741,1624
1692,1668
1688,1695
1690,1649
1669,1622
1647,1645
1615,1596
1614,1598
1608,1527
1569,1551
1527,1541
1528,1500
1549,1525
1527,1512
1493,1516
1465,1509
1483,1489
1484,1475
1458,1474
1449,1450
1476,1470
1407,1475
1455,1447
1452,1456
1441,1482
1412,1496
1434,1439
1472,1483
1432,1495
1474,1530
1472,1542
1470,1550
1525,1530
1512,1565
1565,1580
1582,1596
1573,1637
1562,1638
1575,1623
1597,1618
1620,1666
1615,1664
1643,1666
1664,1717
1687,1754
1732,1711
1711,1692
1763,1736
1754,1735
1787,1684
1761,1731
1777,1751
1728,1730
1751,1743
1747,1759
1744,1701
1719,1715
1727,1702
1736,1702
1747,1649
1659,1708
1707,1657
1710,1679
1688,1639
1679,1679
1620,1642
1657,1604
1646,1646
1600,1581
1613,1521
1560,1573
1601,1549
1558,1512
1513,1509
1513,1494
1544,1514
1481,1510
1457,1455
1466,1452
1459,1490
1504,1468
1481,1430
1467,1467
1423,1454
1471,1496
1482,1460
1461,1453
1469,1468
1516,1498
1491,1490
1446,1490
1500,1550
1500,1537
1525,1527
1543,1567
1538,1579
1547,1594
1556,1623
1598,1572
1640,1634
1599,1643
1643,1672
1615,1651
1683,1698
1663,1681
1698,1683
1734,1694
1709,1744
1719,1698
1725,1722
1773,1778
1739,1747
1720,1695
1759,1762
1735,1734
1740,1708
1751,1721
1733,1728
1724,1731
1735,1720
1745,1700
1702,1721
1723,1658
1705,1667
1683,1621
1656,1591
1648,1611
1599,1574
1620,1596
1592,1588
1589,1570
1586,1499
1595,1517
1478,1505
1537,1516
1504,1548
1527,1489
1461,1477
1467,1486
1488,1443
1470,1440
1423,1481
1422,1462
1433,1498
1447,1454
1428,1459
1420,1494
1412,1485
1444,1514
1486,1460
1474,1508
1483,1449
1487,1489
1504,1552
1527,1564
1542,1565
1552,1572
1538,1622
1576,1624
1570,1603
1664,1634
1636,1649
1645,1656
1642,1681
1639,1641
1676,1678
1674,1690
1666,1681
1729,1719
1712,1732
1719,1730
1755,1751
1752,1773
1749,1691
1725,1710
1750,1707
1740,1742
1771,1694
1746,1721
1750,1664
1751,1690
1716,1673
1694,1659
1680,1700
1741,1687
1637,1655
1690,1649
1678,1645
1682,1594
1626,1558
1625,1542
1571,1534
1559,1538
1501,1567
1603,1555
1514,1505
1532,1535
1482,1511
1516,1501
1458,1511
1488,1531
1470,1445
1458,1439
1467,1504
1460,1469
1472,1452
1454,1457
1446,1499
1428,1496
1453,1488
1457,1499
1474,1530
1479,1501
1474,1526
1531,1517
1513,1532
1571,1554
1496,1568
1543,1576
1551,1597
1550,1611
1595,1623
1597,1638
1602,1617
1685,1640
1651,1723
1733,1691
1705,1717
1707,1690
1739,1715
1729,1721
1712,1722
1771,1718
1792,1713
1767,1718
1712,1751
1733,1750
1731,1737
1782,1703
1735,1695
1749,1711
1758,1747
1731,1668
1783,1679
1728,1655
1695,1667
1664,1622
1710,1636
1649,1591
1654,1593
1664,1612
1593,1588
1626,1563
1589,1542
1555,1559
1545,1547
1561,1507
1521,1522
1484,1467
1500,1459
1501,1488
1463,1496
1468,1458
1479,1453
1480,1447
1420,1464
1448,1442
1439,1503
1448,1464
1455,1490
1452,1499
1460,1489
1478,1488
1462,1492
1485,1506
1460,1513
1542,1498
1505,1561
1537,1526
1570,1563
1591,1597
1599,1603
1585,1618
1598,1593
1576,1609
1670,1686
1651,1661
1673,1686
1639,1691
1676,1702
1725,1743
1742,1745
1751,1718
1709,1745
1728,1747
1771,1745
1701,1722
1755,1727
1735,1722
1737,1740
1746,1708
1739,1720
1734,1745
1744,1713
1749,1683
1718,1687
1701,1694
1683,1690
1673,1646
1650,1628
1619,1660
1649,1620
1585,1550
1612,1600
1597,1541
1597,1542
1569,1557
1553,1524
1495,1463
1564,1519
1503,1536
1543,1483
1473,1491
1469,1481
1433,1443
1460,1475
1443,1452
1468,1462
1396,1425
1450,1496
1453,1514
1454,1477
1400,1470
1510,1508
1466,1486
1467,1506
1466,1491
1491,1513
1510,1537
1498,1537
1561,1582
1528,1551
1581,1599
1568,1582
1546,1631
1615,1636
1653,1634
1589,1659
1698,1685
1650,1670
1697,1682
1689,1726
1691,1730
1700,1715
1717,1741
1759,1737
1756,1732
1692,1683
1753,1745
1750,1724
1773,1749
1759,1759
1757,1713
1750,1724
1744,1707
1781,1705
1715,1696
1732,1684
1752,1721
1687,1681
1698,1702
1723,1653
1627,1630
1658,1599
1631,1627
1611,1632
1647,1567
1604,1552
1573,1543
1575,1565
1577,1540
1520,1509
1502,1545
1512,1454
1494,1476
1472,1512
1474,1432
1451,1472
1445,1472
1453,1465
1449,1488
1458,1477
1402,1473
1466,1475
1411,1466
1475,1435
1476,1449
1446,1499
1452,1489
1495,1488
1455,1509
1550,1564
1497,1567
1546,1594
1540,1546
1580,1574
1602,1604
1581,1638
1592,1588
1633,1641
1634,1652
1698,1637
1639,1735
1614,1694
1721,1729
1750,1734
1744,1717
1728,1706
1724,1720
1712,1759
1790,1719
1753,1743
1756,1761
1718,1754
1778,1726
1757,1718
1798,1730
1750,1732
1773,1746
1684,1710
1700,1674
1692,1642
1743,1651
1721,1693
1700,1669
1659,1609
1675,1613
1645,1574
1646,1555
1609,1543
1574,1558
1539,1563
1566,1564
1513,1545
1500,1508
1514,1528
1533,1469
1463,1470
1494,1493
1502,1459
1466,1490
1475,1482
1444,1422
1464,1483
1462,1439
1460,1479
1439,1478
1425,1441
1429,1441
1461,1492
1447,1527
1472,1482
1458,1499
1488,1530
1530,1544
1499,1551
1511,1509
1533,1571
1553,1564
1542,1610
1628,1615
1661,1669
1648,1653
1638,1642
1659,1631
1636,1716
1645,1717
1688,1699
1709,1724
1769,1720
1721,1693
1720,1742
1805,1763
1728,1765
1772,1748
1760,1736
1747,1749
1785,1739
1768,1736
1779,1731
1743,1700
1720,1686
1735,1689
1703,1697
1697,1674
1711,1656
1657,1674
1726,1636
1697,1608
1684,1608
1597,1584
1585,1522
1591,1558
1631,1589
1570,1520
1547,1519
1564,1463
1562,1479
1499,1491
1461,1464
1505,1467
1449,1449
1450,1460
1454,1459
1428,1458
1386,1454
1422,1512
1433,1462
1469,1454
1456,1459
1430,1487
1452,1458
1413,1471
1453,1472
1489,1488
1384,1527
1475,1489
1484,1576
1511,1543
1552,1574
1565,1553
1558,1591
1582,1590
1600,1622
1582,1627
1591,1646
1607,1657
1635,1691
1712,1663
1653,1712
1720,1698
1705,1729
1754,1739
1739,1734
1766,1753
1735,1709
1781,1720
1740,1752
1730,1781
1716,1754
1749,1779
1766,1705
1771,1737
1737,1738
1757,1729
1766,1681
1706,1733
1670,1627
1732,1689
1720,1701
1644,1717
1624,1610
1685,1616
1684,1580
1612,1604
1609,1555
1609,1565
1556,1536
1518,1542
1591,1507
1509,1494
1510,1500
1482,1444
1494,1477
1475,1429
1467,1448
1479,1445
1464,1410
1453,1447
1413,1418
1452,1464
1465,1451
1442,1447
1406,1474
1436,1479
1483,1444
1433,1490
1449,1528
1471,1508
1504,1535
1480,1546
1525,1535
1531,1554
1548,1571
1519,1595
1573,1574
1558,1583
1623,1605
1581,1629
1608,1668
1665,1648
1688,1663
1676,1720
1684,1668
1722,1696
1705,1744
1695,1698
1754,1746
1750,1763
1815,1767
1703,1738
1731,1736
1779,1749
1777,1730
1770,1735
1786,1753
1754,1769
1810,1730
1720,1733
1728,1716
1756,1710
1664,1632
1705,1677
1712,1622
1623,1620
1710,1615
1680,1569
1619,1634
1643,1573
1618,1577
1604,1585
1614,1542
1534,1537
1542,1468
1519,1485
1497,1506
1497,1511
1492,1461
1459,1481
1451,1462
1468,1451
1483,1452
1518,1465
1444,1476
1433,1442
1364,1421
1469,1456
1427,1476
1433,1425
1409,1467
1434,1446
1439,1476
1458,1496
1463,1535
1475,1507
1543,1524
1480,1534
1543,1559
1529,1594
1529,1651
1567,1629
1560,1642
1567,1625
1614,1677
1638,1663
1680,1708
1682,1667
1657,1707
1677,1703
1737,1732
1723,1718
1750,1763
1763,1735
1736,1750
1737,1745
1815,1749
1778,1756
1808,1761
1771,1788
1791,1710
1759,1738
1756,1734
1733,1716
1799,1756
1707,1687
1734,1653
1702,1715
1720,1650
1666,1642
1651,1645
1651,1607
1658,1600
1595,1603
1619,1575
1566,1525
1571,1558
1535,1537
1517,1512
1548,1498
1511,1521
1530,1483
1498,1494
1511,1414
1489,1463
1412,1462
1467,1443
1433,1468
1397,1443
1397,1432
1439,1356
1404,1460
1442,1445
1509,1458
1411,1502
1441,1476
1431,1490
1452,1484
1474,1512
1490,1504
1497,1554
1487,1572
1569,1562
1543,1568
1555,1571
1587,1584
1622,1618
1622,1589
1648,1627
1656,1695
1649,1685
1670,1731
1699,1701
1665,1734
1758,1718
1738,1705
1751,1702
1765,1753
1785,1743
1816,1794
1794,1773
1815,1731
1759,1795
1710,1782
1749,1754
1755,1757
1785,1751
1760,1713
1756,1734
1760,1726
1767,1686
1759,1649
1686,1674
1696,1645
1646,1645
1716,1668
1663,1593
1608,1576
1633,1575
1545,1565
1538,1587
1602,1509
1542,1512
1563,1513
1528,1512
1467,1462
1493,1482
1485,1480
1474,1474
1474,1452
1463,1479
1484,1398
1500,1487
1415,1441
1410,1459
1413,1484
1428,1453
1427,1462
1433,1477
1445,1479
1444,1497
1428,1469
1478,1461
1460,1483
1484,1508
1540,1569
1504,1549
1533,1585
1534,1577
1530,1602
1610,1608
1596,1604
1651,1668
1639,1647
1630,1668
1678,1721
1704,1732
1706,1712
1709,1737
1718,1723
1748,1758
1795,1761
1758,1718
1741,1762
1753,1781
1778,1764
1785,1709
1761,1786
1751,1752
1761,1761
1762,1742
1760,1730
1742,1741
1759,1725
1732,1714
1751,1662
1713,1674
1690,1664
1661,1686
1657,1634
1631,1613
1650,1624
1588,1599
1587,1540
1633,1548
1591,1553
1604,1523
1539,1511
1523,1526
1501,1463
1473,1500
1456,1500
1473,1471
1467,1437
1409,1428
1443,1459
1441,1433
1396,1429
1440,1421
1392,1449
1434,1395
1418,1462
1445,1407
1417,1489
1398,1452
1460,1493
1420,1490
1451,1472
1489,1508
1496,1546
1505,1528
1523,1523
1484,1588
1528,1569
1526,1620
1556,1612
1614,1612
1638,1668
1688,1674
1669,1667
1641,1663
1677,1742
1717,1693
1716,1735
1753,1733
1769,1768
1760,1777
1766,1781
1749,1745
1795,1755
1774,1800
1780,1781
1755,1753
1812,1797
1803,1773
1786,1749
1740,1748
1776,1739
1772,1781
1718,1699
1715,1701
1720,1676
1694,1696
1678,1616
1600,1637
1671,1585
1656,1615
1615,1508
1562,1617
1534,1549
1567,1518
1551,1506
1526,1515
1513,1513
1494,1493
1509,1442
1465,1489
1452,1454
1456,1450
1459,1431
1440,1444
1410,1450
1416,1453
1415,1444
1398,1438
1436,1417
1418,1450
1435,1441
1418,1401
1410,1457
1435,1488
1459,1496
1463,1504
1415,1522
1475,1552
1498,1562
1528,1547
1551,1631
1526,1579
1572,1592
1572,1605
1631,1655
1610,1649
1574,1679
1641,1656
1635,1681
1666,1731
1708,1729
1685,1706
1777,1723
1733,1735
1755,1762
1711,1774
1770,1768
1779,1788
1793,1750
1778,1760
1773,1749
1742,1759
1793,1752
1760,1720
1817,1731
1747,1714
1742,1718
1784,1674
1712,1716
1705,1651
1727,1657
1703,1623
1639,1614
1651,1578
1573,1568
1625,1555
1614,1558
1602,1552
1560,1509
1523,1540
1579,1514
1482,1472
1508,1475
1467,1479
1441,1491
1448,1470
1430,1445
1497,1427
1391,1435
1407,1407
1427,1452
1383,1399
1450,1454
1414,1440
1462,1412
1409,1465
1437,1419
1447,1439
1479,1480
1420,1469
1451,1505
1474,1507
1479,1554
1479,1543
1536,1595
1501,1582
1565,1547
1574,1619
1539,1644
1580,1638
1629,1642
1606,1641
1655,1683
1650,1705
1659,1706
1745,1689
1718,1713
1752,1743
1718,1787
1743,1762
1749,1784
1789,1740
1798,1752
1774,1789
1796,1767
1788,1780
1799,1747
1799,1754
1793,1759
1812,1776
1755,1770
1780,1753
1803,1707
1726,1710
1717,1651
1723,1727
1671,1639
1718,1614
1655,1590
1640,1609
1606,1617
1620,1581
1617,1507
1546,1507
1596,1509
1529,1502
1523,1514
1504,1502
1493,1498
1508,1459
1431,1451
1462,1466
1460,1454
1424,1431
1396,1445
1434,1434
1415,1384
1367,1424
1427,1442
1408,1434
1434,1429
1432,1446
1459,1424
1425,1468
1443,1495
1452,1480
1464,1513
1463,1552
1483,1483
1566,1555
1525,1581
1565,1566
1518,1564
1596,1579
1608,1622
1615,1613
1644,1669
1652,1692
1653,1687
1705,1707
1697,1731
1731,1740
1733,1739
1746,1762
1774,1787
1780,1766
1773,1775
1788,1765
1800,1759
1816,1769
1791,1748
1793,1768
1780,1747
1805,1734
1784,1788
1766,1769
1791,1733
1725,1689
1708,1699
1770,1699
1726,1710
1728,1633
1724,1608
1708,1615
1643,1634
1608,1635
1618,1557
1598,1638
1584,1535
1518,1547
1532,1487
1529,1453
1471,1508
1451,1465
1505,1470
1447,1459
1493,1414
1427,1430
1413,1470
1425,1419
1443,1444
1447,1399
1417,1471
1385,1400
1415,1446
1421,1425
1401,1428
1422,1438
1440,1513
1411,1504
1393,1501
1448,1466
1449,1519
1488,1526
1464,1525
1513,1554
1556,1620
1557,1564
1557,1583
1543,1634
1560,1633
1601,1666
1615,1663
1683,1690
1658,1659
1625,1717
1703,1716
1668,1752
1713,1725
1729,1740
1756,1781
1763,1787
1757,1762
1792,1729
1815,1758
1820,1790
1791,1800
1758,1789
1798,1752
1803,1748
1796,1749
1810,1760
1811,1701
1756,1744
1763,1698
1753,1682
1759,1692
1717,1662
1709,1614
1689,1616
1695,1596
1590,1603
1596,1549
1600,1555
1600,1542
1536,1553
1536,1528
1529,1494
1538,1532
1528,1480
1518,1469
1482,1380
1464,1436
1428,1405
1354,1423
1393,1409
1429,1435
1441,1411
1443,1422
1409,1429
1388,1458
1377,1445
1374,1390
1400,1449
1406,1414
1383,1455
1461,1502
1458,1486
1474,1517
1466,1520
1445,1547
1501,1571
1510,1563
1548,1614
1529,1592
1536,1634
1581,1638
1643,1690
1621,1679
1660,1678
1656,1708
1697,1648
1710,1743
1670,1678
1739,1753
1762,1766
1795,1741
1759,1772
1800,1770
1778,1798
1796,1789
1817,1789
1792,1794
1802,1753
1820,1758
1799,1750
1773,1793
1756,1779
1762,1727
1765,1695
1731,1737
1771,1677
1697,1646
1718,1679
1710,1679
1651,1639
1709,1593
1617,1590
1641,1576
1602,1554
1603,1536
1604,1508
1553,1488
1557,1482
1476,1469
1437,1507
1494,1477
1511,1461
1427,1436
1463,1403
1440,1420
1390,1417
1377,1378
1425,1441
1380,1410
1405,1379
1398,1407
1432,1450
1404,1406
1380,1454
1429,1468
1425,1463
1396,1510
1426,1466
1502,1498
1511,1562
1475,1561
1507,1551
1524,1573
1537,1573
1557,1644
1572,1637
1646,1657
1622,1653
1630,1681
1686,1623
1677,1712
1688,1709
1701,1765
1699,1749
1761,1756
1767,1780
1791,1758
1723,1725
1740,1785
1774,1834
1824,1798
1803,1777
1797,1788
1774,1803
1811,1736
1795,1767
1776,1767
1779,1740
1734,1741
1764,1732
1743,1683
1745,1706
1760,1670
1731,1661
1646,1663
1672,1653
1642,1558
1652,1628
1607,1559
1567,1513
1591,1542
1579,1499
1566,1526
1545,1481
1468,1525
1476,1450
1470,1462
1488,1462
1468,1438
1412,1437
1412,1419
1363,1416
1416,1425
1440,1398
1402,1424
1382,1424
1402,1405
1353,1413
1432,1447
1393,1456
1430,1496
1408,1463
1408,1488
1462,1440
1443,1483
1462,1500
1466,1544
1510,1553
1503,1602
1564,1593
1530,1615
1544,1619
1587,1633
1611,1648
1591,1687
1671,1681
1711,1714
1713,1682
1654,1746
1725,1753
1706,1778
1817,1796
1796,1813
1781,1758
1771,1760
1802,1803
1807,1770
1827,1801
1801,1805
1791,1802
1771,1767
1797,1784
1806,1747
1800,1754
1752,1719
1775,1728
1765,1672
1737,1694
1735,1630
1686,1656
1743,1637
1709,1646
1665,1616
1625,1573
1618,1584
1649,1592
1584,1510
1608,1546
1489,1533
1527,1538
1482,1455
1485,1433
1492,1429
1411,1411
1444,1455
1438,1399
1459,1419
1439,1461
1408,1416
1426,1432
1400,1402
1374,1419
1422,1410
1406,1458
1375,1433
1401,1458
1417,1413
1424,1432
1447,1474
1447,1473
1466,1504
1500,1534
1478,1519
1460,1552
1518,1579
1520,1540
1540,1668
1562,1613
1621,1695
1630,1657
1625,1677
1682,1667
1670,1678
1709,1736
1731,1731
1732,1777
1761,1759
1781,1759
1767,1763
1762,1774
1833,1784
1798,1795
1823,1764
1789,1814
1838,1767
1811,1789
1769,1775
1738,1799
1803,1749
1784,1744
1727,1708
1757,1749
1713,1727
1756,1705
1668,1690
1699,1671
1662,1633
1699,1638
1635,1590
1651,1561
1614,1560
1605,1571
1567,1578
1516,1540
1529,1512
1506,1514
1505,1473
1479,1445
1478,1454
1499,1444
1460,1455
1414,1443
1432,1452
1421,1375
1419,1449
1389,1391
1413,1435
1358,1421
1392,1416
1415,1396
1408,1439
1405,1407
1401,1459
1440,1451
1438,1465
1440,1475
1461,1479
1507,1515
1506,1533
1533,1537
1546,1602
1536,1584
1530,1617
1562,1601
1609,1641
1609,1667
1623,1671
1675,1657
1740,1736
1736,1717
1724,1711
1741,1748
1785,1795
1760,1808
1784,1758
1790,1781
1848,1795
1796,1802
1811,1731
1826,1754
1833,1783
1849,1756
1829,1817
1779,1746
1846,1765
1772,1774
1781,1709
1755,1775
1786,1677
1774,1726
1754,1693
1693,1678
1655,1664
1661,1597
1696,1568
1633,1585
1649,1525
1618,1577
1556,1527
1543,1523
1563,1512
1532,1494
1516,1472
1539,1486
1487,1437
1441,1430
1455,1427
1381,1401
1404,1405
1402,1413
1464,1396
1392,1406
1382,1394
1363,1427
1410,1424
1391,1416
1366,1445
1416,1429
1409,1432
1435,1467
1429,1473
1494,1484
1444,1519
1477,1536
1488,1553
1447,1563
1532,1557
1552,1627
1553,1639
1593,1594
1607,1651
1636,1660
1666,1664
1657,1725
1656,1685
1716,1730
1747,1736
1736,1758
1783,1760
1770,1767
1784,1745
1814,1758
1776,1763
1788,1811
1833,1792
1784,1818
1777,1798
1827,1790
1825,1753
1795,1782
1749,1747
1796,1749
1759,1733
1756,1715
1766,1720
1764,1733
1730,1670
1688,1637
1679,1634
1668,1626
1635,1584
1641,1632
1596,1559
1569,1561
1603,1501
1573,1525
1535,1509
1492,1460
1459,1493
1510,1460
1426,1437
1392,1417
1426,1434
1442,1429
1424,1461
1405,1405
1443,1391
1394,1436
1410,1417
1412,1425
1412,1429
1386,1413
1403,1444
1444,1451
1421,1485
1453,1428
1407,1509
1414,1502
1461,1489
1496,1504
1442,1533
1461,1621
1566,1585
1543,1630
1617,1624
1583,1633
1589,1662
1674,1664
1646,1709
1701,1729
1705,1738
1726,1717
1732,1769
1759,1737
1779,1747
1829,1767
1742,1804
1804,1772
1765,1806
1808,1801
1816,1776
1817,1744
1812,1759
1814,1800
1819,1791
1757,1781
1841,1766
1774,1746
1784,1732
1793,1713
1723,1697
1728,1686
1646,1682
1724,1650
1660,1633
1659,1587
1640,1611
1590,1568
1597,1576
1587,1526
1534,1531
1544,1520
1495,1543
1505,1505
1463,1446
1505,1443
1473,1406
1477,1432
1430,1419
1412,1431
1402,1413
1440,1409
1386,1452
1448,1436
1366,1400
1366,1388
1363,1420
1434,1412
1387,1434
1410,1456
1422,1451
1428,1499
1459,1481
1429,1488
1466,1508
1488,1499
1493,1533
1507,1577
1543,1602
1610,1636
1529,1621
1599,1630
1634,1659
1665,1691
1670,1707
1679,1687
1676,1729
1702,1727
1699,1755
1743,1755
1748,1760
1762,1782
1760,1767
1760,1781
1824,1778
1812,1776
1823,1844
1816,1817
1793,1741
1809,1733
1815,1756
1742,1765
1777,1740
1807,1711
1774,1724
1711,1709
1771,1712
1731,1672
1720,1646
1677,1615
1659,1604
1647,1583
1664,1626
1622,1562
1598,1550
1524,1515
1527,1517
1544,1474
1533,1482
1538,1473
1427,1452
1466,1486
1445,1453
1363,1464
1393,1428
1400,1420
1355,1369
1344,1415
1372,1405
1368,1428
1403,1421
1407,1430
1400,1444
1437,1414
1408,1461
1407,1455
1465,1464
1479,1523
1470,1494
1511,1436
1493,1549
1525,1566
1571,1537
1574,1569
1543,1613
1545,1604
1567,1613
1625,1700
1661,1665
1631,1681
1699,1689
1720,1730
1689,1717
1715,1755
1735,1779
1763,1774
1785,1774
1798,1765
1783,1777
1803,1819
1776,1760
1840,1807
1823,1755
1836,1779
1829,1796
1795,1795
1835,1773
1805,1753
1794,1734
1750,1715
1760,1691
1731,1690
1698,1650
1689,1653
1677,1664
1657,1617
1638,1570
1627,1594
1636,1583
1603,1567
1538,1559
1540,1460
1545,1533
1459,1507
1493,1466
1486,1431
1422,1412
1448,1433
1393,1399
1388,1436
1441,1395
1389,1399
1394,1410
1473,1381
1384,1398
1367,1438
1412,1409
1384,1440
1369,1457
1402,1477
1411,1461
1429,1491
1475,1491
1494,1494
1462,1517
1453,1521
1491,1569
1554,1558
1569,1590
1594,1629
1595,1621
1594,1610
1588,1705
1628,1668
1637,1672
1663,1728
1711,1714
1691,1751
1733,1740
1768,1770
1723,1790
1786,1742
1774,1773
1809,1781
1798,1789
1788,1789
1771,1784
1815,1783
1784,1775
1827,1765
1813,1734
1771,1725
1751,1743
1807,1707
1734,1732
1740,1717
1734,1653
1703,1620
1695,1639
1667,1642
1634,1618
1629,1606
1675,1581
1601,1557
1576,1588
1615,1559
1563,1529
1540,1477
1488,1423
1500,1467
1438,1435
1494,1450
1463,1428
1430,1436
1462,1453
1401,1453
1414,1376
1396,1390
1368,1401
1376,1428
1423,1420
1433,1429
1408,1414
1376,1435
1391,1450
1429,1467
1423,1484
1455,1496
1465,1477
1469,1537
1530,1559
1497,1558
1533,1583
1576,1612
1535,1620
1601,1571
1609,1641
1631,1672
1660,1642
1643,1695
1711,1724
1689,1723
1766,1722
1765,1729
1765,1740
1708,1742
1787,1765
1812,1759
1819,1797
1796,1791
1824,1782
1775,1782
1769,1786
1765,1754
1832,1724
1754,1759
1754,1753
1774,1714
1765,1704
1773,1720
1732,1689
1715,1693
1715,1691
1702,1625
1688,1661
1653,1603
1637,1570
1672,1547
1600,1560
1606,1559
1567,1536
1559,1534
1518,1489
1547,1478
1498,1457
1451,1477
1452,1470
1458,1451
1414,1396
1463,1422
1405,1393
1406,1436
1415,1392
1386,1435
1370,1408
1439,1405
1410,1424
1411,1426
1415,1486
1384,1447
1451,1441
1463,1468
1430,1495
1471,1536
1489,1533
1497,1550
1548,1606
1522,1534
1578,1631
1573,1664
1595,1677
1640,1703
1630,1665
1621,1688
1690,1679
1722,1714
1711,1751
1724,1751
1707,1727
1712,1726
1776,1748
1771,1792
1800,1763
1796,1753
1805,1770
1833,1761
1781,1774
1824,1816
1803,1769
1759,1767
1759,1754
1749,1745
1740,1719
1790,1743
1772,1708
1735,1651
1749,1644
1722,1620
1640,1590
1691,1622
1627,1621
1620,1603
1580,1530
1589,1523
1586,1499
1550,1480
1480,1496
1524,1465
1509,1482
1463,1455
1468,1456
1460,1448
1460,1434
1378,1396
1430,1418
1412,1444
1433,1402
1370,1433
1367,1481
1370,1398
1407,1430
1407,1474
1443,1479
1465,1462
1454,1501
1428,1491
1459,1503
1456,1505
1512,1535
1520,1543
1507,1595
1532,1562
1537,1624
1619,1621
1614,1671
1644,1707
1615,1674
1671,1662
1705,1678
1711,1719
1687,1741
1719,1723
1743,1780
1754,1752
1762,1735
1758,1755
1751,1771
1777,1766
1762,1794
1801,1764
1803,1804
1773,1761
1780,1800
1764,1750
1803,1767
1765,1731
1748,1729
1745,1670
1747,1674
1700,1658
1711,1657
1715,1657
1664,1648
1622,1604
1644,1598
1638,1554
1613,1557
1567,1549
1530,1525
1535,1532
1550,1536
1456,1467
1494,1481
1467,1441
1432,1454
1481,1402
1467,1409
1420,1467
1369,1382
1437,1392
1404,1406
1366,1420
1387,1405
1400,1445
1391,1417
1378,1405
1448,1448
1397,1468
1445,1481
1438,1500
1462,1541
1506,1520
1519,1501
1511,1538
1497,1551
1544,1609
1580,1602
1612,1622
1592,1659
1595,1660
1657,1679
1689,1659
1660,1663
1702,1718
1694,1730
1744,1742
1713,1767
1762,1747
1742,1776
1791,1796
1805,1765
1746,1832
1769,1811
1772,1767
1821,1791
1782,1761
1791,1782
1799,1774
1774,1781
1817,1726
1783,1682
1757,1735
1806,1686
1740,1643
1692,1651
1662,1613
1670,1602
1629,1583
1625,1612
1622,1526
1605,1569
1533,1547
1538,1525
1535,1500
1514,1483
1509,1531
1467,1461
1450,1462
1403,1445
1485,1453
1459,1452
1378,1435
1434,1395
1460,1441
1409,1415
1437,1415
1369,1419
1386,1423
1375,1450
1423,1448
1455,1465
1430,1444
1460,1490
1466,1455
1505,1499
1476,1520
1523,1530
1523,1562
1534,1585
1579,1626
1582,1614
1595,1641
1589,1651
1663,1657
1645,1665
1693,1721
1687,1732
1703,1717
1751,1775
1775,1776
1780,1779
1745,1784
1777,1757
1775,1764
1801,1760
1808,1760
1805,1790
1801,1768
1750,1756
1805,1735
1798,1744
1735,1706
1773,1703
1756,1692
1749,1678
1736,1692
1633,1726
1668,1653
1687,1651
1673,1616
1615,1596
1609,1601
1580,1581
1607,1532
1580,1549
1552,1500
1499,1529
1501,1515
1450,1484
1460,1449
1429,1435
1464,1454
1436,1472
1421,1437
1443,1395
1401,1391
1408,1417
1397,1396
1407,1434
1455,1432
1381,1414
1415,1420
1422,1458
1431,1448
1434,1489
1442,1488
1489,1533
1447,1517
1480,1547
1570,1552
1525,1544
1571,1582
1567,1602
1592,1653
1619,1656
1643,1652
1639,1681
1666,1712
1688,1713
1707,1723
1724,1754
1710,1718
1755,1748
1787,1767
1758,1737
1688,1776
1765,1751
1774,1784
1794,1745
1808,1754
1773,1786
1814,1772
1817,1757
1741,1729
1756,1692
1755,1715
1726,1747
1752,1686
1717,1659
1731,1661
1662,1677
1693,1585
1638,1593
1600,1635
1660,1591
1574,1583
1573,1513
1589,1510
1519,1517
1516,1463
1491,1510
1532,1448
1488,1450
1491,1434
1465,1427
1467,1407
1432,1416
1411,1445
1407,1412
1369,1379
1386,1401
1394,1450
1408,1411
1413,1450
1450,1458
1472,1461
1426,1448
1496,1486
1434,1485
1479,1523
1497,1532
1530,1563
1545,1566
1571,1592
1577,1628
1555,1623
1638,1605
1617,1665
1625,1691
1647,1679
1651,1674
1661,1739
1727,1700
1777,1762
1720,1741
1720,1776
1758,1749
1759,1766
1791,1763
1761,1742
1784,1751
1797,1801
1786,1768
1799,1756
1763,1735
1787,1728
1756,1742
1771,1731
1753,1705
1708,1654
1719,1681
1697,1647
1659,1623
1638,1642
1645,1621
1620,1578
1604,1577
1591,1545
1600,1512
1545,1536
1520,1498
1484,1482
1512,1503
1457,1471
1512,1474
1486,1483
1428,1410
1428,1413
1428,1406
1442,1440
1417,1413
1426,1446
1411,1434
1392,1404
1404,1445
1442,1401
1413,1447
1497,1473
1471,1494
1444,1507
1467,1511
1468,1531
1493,1567
1515,1539
1519,1556
1530,1603
1581,1624
1616,1614
1642,1612
1669,1622
1654,1659
1677,1690
1673,1709
1689,1712
1735,1705
1708,1737
1765,1741
1752,1753
1793,1737
1767,1760
1742,1786
1732,1717
1775,1796
1738,1775
1742,1737
1802,1749
1798,1766
1772,1739
1764,1731
1749,1749
1765,1698
1720,1682
1677,1674
1715,1657
1691,1676
1717,1618
1633,1575
1648,1561
1557,1599
1562,1536
1529,1546
1569,1492
1560,1509
1506,1490
1534,1499
1490,1449
1431,1477
1486,1456
1442,1419
1426,1412
1421,1414
1425,1403
1419,1440
1418,1419
1390,1433
1411,1472
1448,1448
1417,1439
1401,1496
1486,1458
1486,1492
1493,1497
1484,1549
1497,1556
1474,1536
1476,1581
1586,1594
1543,1636
1590,1608
1601,1657
1585,1644
1645,1709
1657,1700
1658,1717
1688,1745
1698,1692
1715,1735
1708,1745
1782,1730
1759,1764
1744,1732
1794,1750
1749,1744
1809,1761
1729,1771
1753,1776
1772,1781
1735,1715
1792,1741
1754,1715
1729,1703
1739,1692
1753,1649
1670,1721
1711,1645
1672,1601
1690,1639
1608,1596
1602,1634
1610,1614
1552,1569
1564,1501
1539,1519
1560,1496
1486,1521
1477,1499
1459,1499
1487,1457
1478,1438
1431,1435
1432,1427
1461,1414
1415,1447
1470,1426
1393,1437
1409,1472
1418,1411
1420,1448
1430,1486
1413,1486
1435,1477
1441,1528
1472,1491
1511,1505
1521,1549
1502,1583
1520,1583
1572,1606
1596,1592
1638,1588
1622,1645
1620,1679
1693,1669
1654,1673
1714,1689
1680,1729
1690,1753
1710,1732
1775,1711
1742,1786
1769,1725
1778,1744
1801,1724
1762,1746
1805,1782
1773,1755
1783,1745
1783,1781
1746,1695
1727,1719
1706,1678
1726,1682
1712,1661
1702,1684
1719,1626
1709,1629
1667,1597
1659,1630
1633,1620
1632,1534
1600,1552
1577,1530
1531,1513
1534,1534
1503,1491
1500,1443
1477,1465
1473,1491
1440,1450
1448,1464
1406,1441
1397,1441
1407,1445
1447,1445
1419,1469
1431,1412
1444,1469
1467,1484
1385,1497
1459,1458
1431,1460
1491,1492
1448,1527
1488,1500
1488,1525
1523,1541
1534,1600
1581,1597
1570,1614
1591,1612
1575,1610
1622,1667
1654,1714
1598,1671
1674,1706
1709,1678
1682,1731
1707,1744
1764,1757
1751,1747
1731,1775
1698,1787
1758,1758
1777,1758
1780,1763
1775,1805
1739,1748
1742,1708
1758,1775
1731,1706
1750,1693
1728,1717
1722,1680
1708,1663
1693,1659
1673,1622
1662,1583
1623,1609
1611,1553
1625,1586
1613,1572
1577,1531
1538,1564
1515,1506
1506,1492
1467,1497
1466,1456
1510,1488
1439,1447
1435,1444
1426,1441
1451,1449
1441,1483
1398,1471
1443,1486
1460,1451
1417,1470
1438,1449
1444,1516
1467,1493
1386,1460
1470,1510
1469,1504
1500,1502
1523,1532
1510,1562
1547,1603
1590,1590
1577,1603
1601,1628
1583,1667
1618,1684
1662,1652
1679,1677
1619,1728
1679,1731
1704,1727
1700,1739
1738,1743
1729,1731
1738,1750
1762,1772
1731,1761
1774,1750
1752,1743
1795,1746
1749,1766
1774,1729
1755,1724
1714,1707
1731,1699
1714,1684
1706,1699
1699,1650
1665,1642
1664,1661
1653,1636
1624,1569
1619,1535
1611,1571
1611,1545
1573,1521
1550,1531
1578,1533
1501,1475
1533,1487
1523,1471
1435,1471
1437,1486
1378,1456
1449,1409
1425,1426
1397,1415
1423,1436
1455,1441
1397,1460
1417,1482
1437,1459
1471,1492
1501,1491
1481,1528
1431,1512
1488,1557
1501,1531
1492,1588
1552,1560
1577,1622
1565,1616
1609,1595
1602,1649
1665,1669
1606,1668
1701,1696
1705,1723
1701,1725
1727,1723
1715,1755
1723,1717
1758,1743
1719,1753
1716,1810
1788,1725
1781,1758
1772,1743
1760,1735
1794,1755
1749,1714
1765,1719
1755,1715
1766,1718
1699,1655
1722,1673
1741,1662
1678,1702
1665,1624
1669,1622
1641,1596
1617,1541
1595,1572
1573,1558
1578,1512
1541,1508
1595,1518
1524,1514
1496,1472
1481,1462
1473,1465
1442,1488
1463,1455
1460,1455
1430,1448
1404,1460
1475,1484
1451,1464
1467,1426
1451,1448
1433,1518
1444,1521
1487,1524
1483,1555
1448,1509
1463,1524
1560,1555
1545,1586
1573,1573
1533,1633
1581,1619
1593,1652
1625,1621
1647,1677
1658,1688
1652,1657
1721,1679
1693,1711
1700,1719
1745,1697
1713,1741
1730,1739
1735,1715
1800,1725
1769,1765
1773,1752
1735,1745
1780,1721
1785,1755
1757,1717
1737,1705
1741,1694
1733,1662
1711,1712
1732,1649
1717,1680
1648,1616
1616,1623
1649,1627
1622,1606
1576,1542
1574,1554
1545,1543
1537,1545
1544,1516
1499,1491
1544,1553
1475,1450
1479,1430
1459,1473
1435,1418
1476,1492
1449,1450
1399,1438
1441,1466
1434,1411
1420,1440
1441,1491
1420,1493
1464,1522
1484,1500
1427,1475
1457,1547
1514,1525
1477,1564
1553,1601
1533,1564
1552,1590
1602,1642
1553,1657
1670,1664
1646,1668
1646,1664
1671,1677
1678,1692
1662,1698
1699,1696
1677,1735
1754,1738
1762,1728
1715,1758
1720,1757
1764,1772
1738,1713
1784,1712
1771,1743
1772,1757
1743,1706
1773,1701
1734,1676
1723,1708
1692,1691
1688,1667
1712,1632
1681,1620
1623,1630
1623,1601
1599,1589
1643,1526
1610,1542
1525,1498
1539,1520
1526,1522
1501,1488
1501,1490
1509,1481
1471,1426
1458,1478
1446,1494
1436,1455
1485,1457
1427,1474
1438,1482
1460,1465
1430,1465
1476,1460
1445,1480
1433,1502
1508,1472
1458,1554
1505,1548
1482,1543
1535,1561
1563,1584
1564,1596
1539,1589
1545,1614
1610,1634
1626,1654
1649,1688
1688,1701
1637,1712
1683,1659
1704,1710
1696,1730
1722,1725
1743,1769
1706,1709
1779,1753
1729,1702
1773,1715
1749,1700
1789,1759
1765,1729
1764,1667
1784,1704
1729,1693
1770,1701
1755,1685
1691,1673
1697,1604
1663,1661
1639,1604
1646,1605
1648,1587
1611,1574
1566,1570
1555,1532
1581,1558
1509,1501
1503,1475
1538,1463
1427,1494
1468,1464
1473,1443
1491,1457
1472,1473
1483,1450
1444,1460
1429,1490
1402,1438
1438,1512
1456,1506
1460,1488
1432,1502
1479,1527
1413,1534
1486,1522
1508,1530
1509,1546
1572,1542
1584,1569
1548,1591
1600,1653
1562,1624
1573,1622
1660,1663
1693,1695
1686,1687
1689,1730
1711,1719
1747,1723
1728,1682
1719,1717
1699,1745
1758,1717
1759,1700
1751,1737
1725,1733
1738,1723
1765,1712
1752,1720
1691,1720
1743,1685
1715,1695
1704,1654
1685,1670
1695,1646
1661,1668
1649,1633
1661,1591
1626,1564
1649,1553
1604,1530
1563,1541
1561,1500
1523,1506
1540,1518
1458,1489
1503,1516
1443,1450
1440,1468
1460,1484
1450,1438
1442,1474
1479,1431
1462,1486
1438,1426
1474,1453
1461,1482
1456,1510
1432,1517
1516,1508
1448,1516
1442,1538
1550,1565
1542,1594
1559,1580
1545,1582
1589,1622
1569,1635
1587,1637
1605,1661
1663,1655
1669,1699
1656,1709
1703,1685
1674,1686
1698,1718
1724,1697
1736,1691
1767,1729
1772,1779
1762,1775
1820,1742
1775,1758
1736,1712
1717,1764
1722,1730
1759,1686
1724,1679
1699,1707
1706,1664
1651,1663
1715,1604
1641,1619
1617,1591
1611,1604
1626,1581
1622,1575
1592,1553
1583,1543
1544,1525
1501,1513
1538,1454
1474,1479
1459,1494
1488,1480
1479,1442
1465,1476
1469,1441
1449,1484
1456,1440
1470,1488
1488,1482
1463,1497
1460,1498
1494,1522
1460,1518
1446,1520
1553,1514
1531,1552
1532,1531
1537,1617
1550,1599
1599,1619
1571,1610
1658,1590
1666,1684
1667,1664
1654,1666
1718,1694
1683,1680
1766,1685
1709,1723
1677,1748
1694,1723
1700,1758
1787,1732
1746,1690
1734,1718
1736,1722
1750,1757
1759,1711
1743,1664
1754,1705
1747,1688
1721,1684
1693,1681
1694,1624
1648,1686
1708,1588
1622,1629
1612,1592
1612,1566
1604,1542
1572,1503
1502,1533
1562,1492
1524,1495
1496,1467
1508,1503
1484,1466
1471,1480
1500,1461
1485,1473
1477,1467
1466,1460
1451,1492
1455,1476
1440,1493
1464,1502
1432,1520
1458,1492
1472,1506
1500,1555
1501,1534
1499,1586
1550,1557
1552,1596
1569,1582
1556,1629
1597,1598
1604,1645
1694,1643
1701,1647
1681,1659
1683,1665
1708,1672
1685,1690
1738,1718
1751,1706
1700,1749
1737,1737
1726,1734
1733,1750
1768,1719
1785,1719
1738,1714
1735,1672
1701,1739
1710,1687
1697,1688
1723,1693
1715,1667
1672,1610
1640,1594
1660,1589
1619,1603
1602,1578
1565,1553
1577,1574
1571,1543
1500,1557
1530,1504
1484,1467
1498,1485
1479,1507
1473,1503
1458,1481
1451,1467
1416,1427
1454,1467
1442,1494
1405,1482
1471,1471
1435,1445
1463,1507
1441,1487
1490,1534
1459,1525
1485,1545
1538,1529
1508,1536
1509,1596
1537,1639
1595,1607
1621,1587
1636,1650
1603,1658
1630,1705
1697,1646
1661,1663
1678,1692
1719,1710
1671,1699
1727,1730
1761,1710
1774,1737
1734,1763
1799,1717
1752,1708
1738,1737
1725,1690
1717,1687
1732,1681
1712,1682
1718,1692
1685,1666
1686,1643
1733,1649
1629,1619
1611,1602
1613,1606
1595,1603
1564,1552
1539,1520
1564,1540
1582,1541
1516,1537
1549,1485
1499,1492
1457,1461
1443,1492
1458,1446
1446,1473
1454,1473
1457,1431
1463,1464
1500,1482
1444,1473
1402,1465
1524,1508
1481,1522
1521,1541
1509,1535
1537,1539
1526,1542
1548,1520
1552,1577
1571,1603
1607,1641
1635,1669
1642,1601
1641,1616
1634,1708
1675,1679
1703,1698
1761,1754
1756,1755
1702,1714
1771,1740
1825,1776
1765,1740
1755,1738
1803,1761
1762,1738
1781,1702
1742,1692
1767,1710
1707,1714
1686,1706
1745,1649
1697,1625
1739,1618
1626,1636
1586,1629
1587,1592
1601,1591
1584,1552
1589,1566
1572,1563
1572,1542
1507,1508
1575,1482
1497,1456
1490,1493
1465,1444
1444,1495
1442,1448
1441,1497
1425,1486
1497,1487
1433,1469
1443,1459
1464,1489
1473,1505
1496,1492
1468,1494
1527,1508
1483,1573
1482,1524
1571,1563
1588,1575
1583,1603
1618,1616
1600,1632
1601,1641
1636,1675
1627,1683
1660,1658
1646,1754
1657,1702
1701,1734
1692,1723
1748,1748
1747,1750
1744,1706
1724,1696
1744,1714
1745,1762
1746,1724
1720,1757
1774,1717
1729,1693
1721,1654
1730,1706
1703,1639
1692,1650
1695,1631
1652,1613
1659,1604
1661,1596
1627,1545
1554,1549
1572,1550
1509,1505
1576,1532
1517,1490
1475,1471
1524,1486
1500,1479
1433,1482
1396,1463
1457,1461
1428,1459
1414,1445
1457,1481
1457,1493
1406,1496
1439,1499
1394,1522
1491,1523
1521,1534
1536,1544
1573,1562
1554,1597
1549,1599
1550,1622
1618,1629
1580,1628
1614,1647
1656,1668
1659,1677
1653,1718
1682,1679
1704,1720
1689,1709
1716,1710
1716,1747
1694,1734
1761,1730
1739,1723
1742,1694
1769,1714
1745,1766
1716,1722
1722,1706
1689,1679
1721,1680
1705,1658
1697,1659
1672,1634
1672,1638
1625,1624
1659,1623
1614,1596
1570,1588
1614,1603
1579,1526
1519,1509
1485,1553
1522,1500
1499,1482
1453,1455
1442,1434
1466,1476
1470,1479
1466,1498
1487,1451
1496,1437
1456,1467
1426,1465
1490,1508
1459,1495
1427,1520
1509,1531
1496,1535
1538,1540
1510,1572
1511,1585
1539,1597
1565,1628
1589,1662
1611,1661
1607,1646
1662,1652
1667,1676
1726,1728
1683,1695
1707,1715
1717,1720
1765,1724
1741,1736
1695,1733
1743,1761
1755,1719
1726,1716
1736,1698
1765,1694
1752,1671
1705,1751
1698,1662
1705,1706
1679,1660
1708,1639
1688,1595
1676,1609
1636,1581
1609,1574
1605,1554
1537,1599
1575,1514
1497,1506
1512,1557
1485,1461
1520,1480
1466,1487
1499,1468
1482,1459
1484,1453
1501,1490
1401,1464
1430,1464
1451,1473
1492,1480
1419,1515
1484,1522
1454,1517
1444,1563
1522,1545
1501,1547
1495,1574
1528,1577
1561,1572
1547,1562
1561,1631
1616,1673
1682,1657
1665,1697
1696,1674
1707,1673
1697,1684
1704,1682
1675,1746
1742,1757
1781,1753
1720,1741
1705,1737
1764,1739
1770,1729
1757,1722
1730,1687
1727,1711
1749,1682
1787,1692
1716,1653
1694,1647
1627,1639
1620,1615
1656,1613
1620,1623
1608,1589
1601,1585
1557,1549
1540,1530
1514,1501
1494,1527
1513,1506
1470,1487
1488,1482
1473,1465
1471,1488
1457,1470
1460,1459
1502,1462
1443,1479
1468,1492
1514,1478
1494,1468
1486,1452
1458,1504
1504,1539
1515,1511
1503,1565
1512,1554
1604,1556
1553,1611
1544,1651
1635,1614
1618,1640
1603,1666
1663,1660
1698,1660
1693,1681
1730,1702
1692,1767
1746,1718
1759,1732
1734,1735
1752,1717
1735,1727
1762,1708
1745,1725
1733,1706
1777,1735
1760,1701
1693,1698
1735,1665
1659,1688
1707,1641
1661,1654
1658,1613
1633,1556
1609,1624
1542,1587
1517,1565
1534,1533
1500,1522
1525,1525
1482,1503
1485,1476
1489,1487
1463,1483
1474,1426
1464,1478
1480,1473
1479,1469
1427,1468
1456,1455
1450,1465
1450,1457
1484,1502
1507,1487
1484,1512
1544,1525
1543,1519
1518,1558
1543,1600
1535,1601
1555,1632
1600,1654
1599,1651
1612,1676
1671,1682
1688,1653
1692,1731
1711,1707
1696,1720
1728,1750
1716,1780
1728,1723
1760,1746
1756,1740
1760,1715
1774,1700
1754,1705
1729,1697
1754,1695
1711,1659
1695,1679
1652,1677
1711,1659
1651,1629
1661,1626
1634,1590
1614,1606
1620,1601
1544,1615
1607,1528
1540,1537
1527,1514
1508,1492
1493,1479
1485,1486
1451,1483
1468,1491
1488,1459
1442,1459
1475,1477
1460,1453
1439,1448
1483,1505
1470,1490
1456,1506
1502,1488
1452,1527
1465,1534
1523,1570
1527,1543
1560,1619
1587,1608
1628,1591
1605,1567
1625,1619
1676,1655
1649,1678
1681,1660
1735,1721
1740,1736
1714,1690
1727,1732
1727,1725
1760,1738
1728,1741
1737,1740
1742,1745
1779,1745
1776,1692
1738,1704
1719,1700
1702,1717
1693,1639
1684,1690
1677,1667
1716,1642
1639,1618
1627,1586
1617,1579
1631,1552
1585,1571
1584,1561
1557,1494
1521,1496
1469,1492
1475,1487
1450,1513
1503,1449
1456,1484
1431,1487
1464,1476
1427,1505
1453,1464
1469,1472
1427,1452
1461,1434
1443,1494
1468,1494
1497,1511
1526,1567
1530,1568
1465,1578
1518,1591
1571,1588
1568,1632
1609,1629
1589,1655
1619,1673
1622,1669
1691,1672
1714,1698
1695,1688
1715,1718
1725,1717
1756,1768
1770,1752
1774,1762
1761,1703
1780,1725
1771,1727
1743,1769
1775,1686
1725,1726
1736,1673
1686,1663
1683,1718
1705,1616
1672,1642
1619,1594
1571,1583
1587,1560
1577,1555
1569,1530
1546,1550
1514,1494
1495,1541
1516,1486
1480,1436
1444,1516
1445,1465
1452,1449
1442,1480
1452,1487
1477,1439
1447,1469
1452,1479
1455,1475
1460,1496
1473,1497
1460,1507
1459,1566
1520,1539
1532,1572
1534,1582
1599,1589
1622,1645
1617,1641
1645,1595
1628,1676
1653,1663
1674,1720
1691,1711
1732,1673
1695,1712
1759,1736
1768,1765
1736,1726
1753,1717
1775,1750
1727,1767
1757,1759
1723,1710
1779,1697
1727,1714
1741,1670
1723,1656
1678,1645
1662,1634
1660,1630
1622,1633
1641,1583
1575,1566
1569,1542
1586,1534
1554,1551
1538,1500
1524,1485
1504,1479
1488,1500
1467,1495
1471,1420
1449,1499
1437,1457
1451,1447
1407,1445
1467,1462
1444,1474
1465,1476
1440,1464
1424,1491
1451,1519
1466,1523
1528,1516
1574,1569
1569,1577
1543,1584
1563,1624
1587,1619
1608,1673
1653,1647
1658,1670
1668,1674
1724,1704
1696,1709
1752,1729
1772,1722
1710,1750
1750,1750
1753,1704
1781,1759
1725,1733
1747,1743
1800,1738
1739,1743
1751,1705
1747,1701
1746,1668
1723,1626
1701,1665
1661,1624
1649,1633
1632,1581
1579,1563
1604,1572
1540,1537
1564,1487
1513,1520
1491,1495
1498,1486
1478,1445
1493,1475
1458,1464
1433,1457
1466,1453
1437,1425
1466,1435
1455,1478
1453,1501
1434,1492
1488,1509
1464,1506
1454,1521
1525,1529
1533,1538
1525,1579
1550,1614
1570,1592
1578,1610
1635,1613
1607,1635
1691,1634
1665,1681
1668,1713
1659,1731
1714,1718
1730,1713
1697,1713
1764,1738
