ch1,ch2
1611,1636
1672,1631
1632,1673
1604,1668
1668,1674
1686,1711
1712,1718
1712,1757
1762,1729
1801,1764
1736,1764
1756,1785
1782,1749
1782,1782
1754,1752
1788,1739
1801,1768
1774,1749
1769,1744
1766,1731
1770,1728
1761,1690
1734,1718
1733,1674
1719,1646
1659,1643
1677,1605
1642,1641
1662,1618
1623,1581
1602,1566
1605,1545
1546,1528
1532,1499
1483,1479
1516,1470
1464,1458
1496,1486
1447,1485
1448,1443
1477,1442
1439,1426
1429,1467
1408,1449
1436,1452
1416,1444
1398,1458
1417,1457
1429,1442
1416,1438
1430,1489
1501,1465
1442,1512
1485,1503
1543,1530
1530,1577
1557,1554
1570,1572
1577,1604
1606,1647
1594,1653
1652,1652
1633,1686
1666,1717
1690,1699
1702,1723
1707,1737
1685,1742
1724,1729
1781,1756
1770,1760
1767,1762
1751,1792
1776,1775
1790,1766
1783,1731
1787,1730
1803,1735
1798,1754
1743,1719
1762,1706
1770,1704
1730,1670
1747,1665
1683,1641
1631,1637
1668,1587
1640,1602
1628,1596
1595,1592
1560,1575
1561,1557
1558,1539
1560,1468
1524,1471
1485,1505
1476,1474
1412,1471
1457,1442
1438,1457
1422,1449
1440,1445
1404,1435
1465,1416
1401,1405
1404,1452
1420,1466
1425,1449
1425,1466
1456,1491
1471,1498
1450,1479
1524,1529
1490,1561
1505,1586
1554,1577
1540,1581
1576,1625
1606,1622
1604,1679
1632,1642
1649,1677
1638,1676
1649,1700
1712,1751
1725,1730
1687,1780
1737,1742
1764,1769
1786,1795
1787,1782
1807,1802
1797,1766
1796,1781
1791,1785
1825,1764
1741,1708
1755,1736
1766,1734
1771,1697
1792,1653
1722,1679
1735,1647
1687,1639
1695,1643
1656,1584
1584,1581
1616,1562
1581,1550
1569,1553
1573,1556
1531,1495
1478,1496
1502,1487
1478,1502
1495,1435
1444,1452
1446,1439
1442,1441
1420,1420
1413,1413
1413,1431
1375,1453
1424,1461
1427,1442
1401,1455
1397,1434
1402,1458
1438,1449
1451,1491
1441,1475
1494,1502
1476,1531
1478,1539
1513,1561
1533,1578
1574,1657
1579,1644
1587,1645
1630,1633
1626,1685
1635,1648
1635,1732
1722,1698
1721,1738
1717,1731
1695,1747
1766,1779
1744,1769
1792,1733
1777,1757
1762,1753
1766,1773
1793,1799
1821,1754
1790,1720
1774,1713
1752,1730
1760,1714
1750,1688
1732,1669
1739,1675
1697,1660
1697,1654
1672,1636
1636,1575
1616,1578
1593,1558
1553,1581
1573,1533
1514,1514
1541,1479
1509,1459
1468,1454
1485,1444
1469,1468
1428,1421
1408,1450
1427,1445
1415,1408
1430,1444
1424,1403
1415,1466
1396,1442
1427,1456
1408,1458
1429,1465
1470,1464
1466,1478
1450,1491
1475,1514
1481,1538
1488,1542
1501,1586
1570,1590
1602,1595
1606,1645
1635,1650
1623,1637
1684,1693
1672,1716
1675,1734
1749,1697
1715,1740
1712,1750
1727,1766
1787,1721
1706,1766
1756,1769
1813,1752
1795,1766
1806,1762
1778,1755
1805,1764
1775,1761
1791,1755
1771,1735
1788,1710
1758,1726
1725,1695
1736,1680
1691,1650
1699,1644
1673,1628
1620,1610
1611,1549
1550,1525
1560,1583
1576,1527
1489,1516
1493,1506
1475,1484
1484,1441
1463,1481
1430,1468
1411,1470
1424,1429
1412,1405
1431,1428
1423,1418
1441,1432
1411,1418
1413,1430
1407,1470
1463,1434
1446,1435
1450,1490
1459,1523
1486,1522
1484,1519
1480,1518
1533,1580
1519,1583
1537,1618
1611,1619
1576,1627
1610,1688
1625,1706
1660,1678
1696,1736
1730,1701
1700,1746
1712,1767
1776,1765
1740,1749
1801,1767
1755,1780
1815,1758
1797,1756
1844,1766
1815,1784
1821,1755
1794,1762
1780,1763
1738,1747
1739,1725
1753,1714
1727,1700
1734,1689
1721,1638
1663,1671
1690,1636
1644,1615
1651,1577
1603,1557
1559,1567
1545,1533
1555,1553
1553,1496
1530,1474
1511,1470
1446,1481
1454,1410
1445,1442
1415,1394
1419,1443
1405,1408
1423,1407
1397,1416
1409,1439
1431,1442
1430,1437
1457,1419
1411,1439
1442,1454
1430,1503
1480,1515
1444,1496
1484,1540
1502,1580
1512,1582
1520,1585
1565,1610
1590,1635
1640,1676
1644,1651
1670,1701
1664,1726
1664,1705
1672,1731
1737,1767
1730,1717
1759,1753
1776,1777
1799,1791
1781,1779
1823,1805
1801,1769
1798,1782
1794,1728
1833,1751
1803,1738
1753,1754
1770,1720
1752,1698
1761,1694
1721,1642
1708,1659
1703,1649
1683,1658
1681,1638
1645,1606
1592,1564
1565,1546
1564,1513
1600,1513
1531,1507
1500,1478
1485,1441
1469,1456
1434,1460
1454,1413
1398,1425
1417,1439
1433,1399
1390,1415
1406,1400
1419,1447
1434,1433
1413,1448
1411,1449
1428,1467
1410,1468
1435,1468
1457,1478
1470,1490
1469,1494
1539,1555
1505,1552
1493,1583
1552,1611
1545,1617
1609,1646
1644,1674
1668,1658
1650,1694
1686,1717
1670,1716
1740,1719
1746,1744
1755,1763
1771,1776
1800,1803
1803,1770
1787,1748
1840,1778
1816,1732
1778,1788
1801,1785
1820,1737
1769,1776
1725,1726
1744,1696
1740,1728
1744,1722
1708,1687
1663,1663
1622,1627
1657,1614
1618,1562
1585,1560
1589,1560
1566,1523
1525,1532
1545,1491
1506,1463
1478,1463
1426,1425
1423,1466
1427,1448
1388,1435
1431,1424
1398,1431
1417,1382
1392,1426
1418,1419
1397,1453
1392,1391
1449,1479
1416,1463
1461,1483
1441,1482
1462,1489
1481,1491
1483,1535
1499,1557
1552,1538
1558,1595
1551,1629
1624,1611
1569,1678
1661,1649
1654,1701
1632,1680
1717,1732
1693,1743
1717,1759
1759,1750
1764,1775
1768,1778
1785,1779
1788,1772
1797,1788
1813,1780
1832,1787
1801,1790
1774,1754
1813,1753
1786,1739
1786,1732
1783,1737
1785,1745
1761,1704
1706,1653
1692,1652
1672,1650
1680,1611
1627,1597
1616,1569
1575,1551
1588,1556
1548,1496
1519,1485
1563,1485
1460,1490
1468,1471
1420,1458
1387,1441
1447,1415
1388,1422
1406,1415
1415,1457
1384,1451
1386,1435
1381,1382
1400,1437
1398,1407
1415,1428
1413,1479
1459,1480
1433,1516
1475,1548
1445,1498
1511,1553
1532,1590
1517,1601
1571,1618
1557,1633
1639,1646
1594,1678
1640,1699
1662,1699
1689,1716
1738,1747
1768,1749
1749,1761
1765,1757
1767,1771
1805,1759
1780,1778
1807,1791
1780,1790
1791,1828
1801,1785
1826,1742
1785,1768
1797,1715
1775,1751
1772,1755
1731,1709
1745,1699
1729,1659
1681,1647
1694,1633
1671,1623
1628,1594
1610,1578
1578,1567
1552,1557
1555,1502
1516,1499
1502,1459
1459,1501
1467,1486
1461,1441
1417,1453
1438,1413
1410,1386
1420,1422
1401,1374
1393,1447
1377,1378
1383,1419
1412,1430
1387,1428
1452,1415
1433,1447
1455,1456
1425,1505
1457,1531
1495,1553
1513,1555
1533,1555
1543,1594
1548,1615
1573,1619
1630,1647
1627,1668
1714,1710
1676,1750
1705,1769
1716,1755
1702,1736
1771,1769
1762,1740
1827,1745
1817,1770
1789,1820
1822,1755
1823,1773
1790,1804
1794,1803
1792,1773
1803,1770
1774,1761
1762,1734
1756,1704
1702,1704
1745,1717
1707,1656
1682,1638
1672,1618
1633,1638
1619,1562
1572,1576
1568,1517
1593,1507
1520,1534
1519,1463
1462,1466
1487,1466
1470,1449
1408,1433
1418,1413
1396,1404
1367,1417
1434,1408
1371,1399
1383,1403
1407,1405
1395,1440
1447,1467
1389,1438
1395,1455
1437,1464
1433,1475
1441,1494
1478,1519
1515,1548
1546,1545
1584,1594
1559,1591
1555,1615
1601,1632
1606,1645
1662,1666
1699,1689
1715,1726
1730,1715
1759,1750
1763,1736
1743,1765
1791,1823
1776,1785
1776,1780
1822,1808
1789,1803
1780,1793
1803,1806
1812,1776
1794,1744
1794,1756
1818,1754
1773,1702
1777,1730
1792,1676
1710,1702
1711,1679
1699,1639
1645,1638
1651,1618
1642,1606
1583,1554
1576,1559
1531,1564
1535,1472
1500,1464
1475,1470
1501,1466
1435,1404
1440,1436
1398,1431
1413,1436
1428,1381
1367,1409
1406,1406
1397,1436
1410,1395
1439,1427
1399,1407
1445,1455
1442,1463
1420,1484
1428,1494
1510,1507
1474,1513
1463,1569
1490,1575
1542,1595
1589,1626
1592,1626
1652,1629
1623,1667
1643,1687
1662,1669
1676,1728
1740,1736
1708,1746
1757,1768
1796,1741
1795,1802
1827,1786
1820,1796
1776,1802
1772,1737
1782,1805
1803,1780
1827,1766
1835,1746
1797,1756
1759,1728
1767,1690
1770,1703
1735,1656
1686,1674
1684,1603
1653,1648
1666,1609
1639,1571
1624,1558
1591,1540
1618,1526
1561,1494
1527,1472
1514,1431
1504,1481
1463,1480
1422,1449
1456,1422
1446,1474
1456,1432
1382,1412
1411,1409
1382,1422
1437,1443
1402,1421
1388,1458
1436,1455
1421,1451
1408,1488
1460,1470
1450,1448
1456,1494
1475,1572
1519,1572
1486,1595
1523,1623
1614,1642
1624,1656
1617,1641
1672,1666
1696,1718
1727,1707
1722,1726
1752,1761
1753,1767
1808,1791
1754,1789
1728,1786
1800,1773
1785,1808
1826,1799
1844,1835
1834,1811
1805,1767
1851,1759
1789,1731
1807,1722
1746,1701
1768,1742
1668,1678
1706,1666
1701,1668
1677,1610
1667,1610
1650,1599
1622,1584
1592,1533
1548,1545
1553,1519
1537,1509
1550,1499
1488,1448
1456,1470
1483,1438
1414,1436
1415,1406
1417,1433
1400,1428
1401,1419
1351,1391
1409,1427
1401,1371
1409,1439
1364,1464
1416,1399
1430,1476
1436,1513
1456,1469
1458,1472
1488,1538
1517,1538
1499,1579
1528,1618
1556,1629
1583,1650
1648,1670
1595,1667
1683,1723
1675,1698
1715,1727
1708,1757
1760,1712
1739,1756
1785,1734
1769,1794
1787,1778
1790,1796
1805,1794
1791,1796
1814,1770
1817,1810
1820,1766
1826,1738
1780,1760
1828,1756
1730,1747
1747,1703
1717,1645
1691,1675
1724,1645
1658,1632
1622,1605
1619,1584
1579,1554
1571,1536
1544,1505
1517,1511
1501,1478
1521,1463
1491,1455
1481,1422
1445,1412
1419,1427
1415,1411
1395,1412
1415,1398
1385,1429
1384,1413
1414,1422
1365,1427
1389,1444
1429,1421
1455,1442
1423,1477
1433,1470
1472,1503
1486,1522
1513,1558
1542,1603
1553,1613
1533,1628
1567,1634
1613,1661
1630,1638
1695,1685
1716,1728
1723,1728
1722,1769
1747,1758
1756,1764
1813,1748
1802,1781
1786,1781
1765,1780
1773,1784
1777,1784
1808,1788
1832,1779
1785,1767
1790,1763
1782,1760
1746,1694
1783,1703
1760,1702
1748,1655
1684,1662
1701,1668
1666,1619
1672,1570
1613,1604
1596,1562
1610,1517
1545,1533
1543,1476
1508,1465
1480,1483
1489,1495
1458,1441
1467,1455
1395,1428
1386,1434
1382,1433
1431,1425
1394,1431
1381,1408
1405,1443
1367,1391
1424,1427
1417,1472
1434,1440
1433,1468
1429,1490
1422,1484
1441,1531
1468,1545
1522,1577
1520,1569
1572,1589
1596,1604
1592,1640
1631,1658
1665,1681
1677,1724
1694,1706
1718,1748
1736,1751
1774,1760
1758,1760
1749,1788
1795,1780
1800,1775
1883,1779
1786,1807
1838,1790
1804,1791
1792,1771
1796,1764
1792,1738
1774,1731
1779,1700
1749,1739
1707,1663
1711,1668
1654,1634
1629,1632
1662,1628
1646,1599
1581,1606
1590,1538
1539,1545
1517,1460
1489,1497
1523,1475
1473,1476
1464,1470
1433,1441
1439,1396
1422,1423
1415,1452
1382,1412
1429,1428
1339,1418
1381,1401
1396,1426
1425,1426
1393,1440
1416,1460
1435,1460
1433,1461
1460,1531
1444,1540
1495,1567
1564,1571
1547,1566
1538,1606
1594,1627
1621,1585
1621,1666
1639,1668
1661,1672
1704,1750
1698,1719
1739,1747
1740,1757
1747,1766
1777,1797
1792,1788
1781,1797
1809,1784
1802,1793
1806,1780
1797,1814
1807,1792
1789,1760
1789,1743
1763,1740
1730,1722
1774,1699
1699,1668
1698,1637
1674,1649
1649,1622
1657,1588
1615,1606
1618,1575
1603,1564
1563,1529
1549,1493
1507,1493
1525,1475
1485,1478
1503,1462
1415,1454
1444,1429
1421,1433
1378,1438
1375,1403
1389,1402
1383,1436
1384,1416
1373,1437
1383,1459
1433,1427
1423,1465
1426,1498
1414,1487
1422,1484
1467,1514
1466,1514
1502,1578
1540,1562
1556,1578
1593,1579
1604,1642
1607,1684
1652,1645
1716,1676
1663,1690
1710,1723
1734,1748
1764,1768
1733,1773
1772,1775
1765,1742
1782,1757
1790,1823
1754,1774
1789,1779
1800,1781
1840,1760
1761,1741
1823,1785
1771,1751
1790,1725
1757,1705
1714,1704
1721,1659
1707,1650
1678,1653
1644,1596
1610,1576
1660,1585
1579,1567
1562,1534
1542,1467
1535,1484
1496,1463
1501,1470
1408,1454
1438,1440
1431,1446
1416,1409
1424,1433
1430,1422
1416,1425
1403,1398
1381,1443
1392,1412
1447,1417
1394,1454
1393,1431
1411,1495
1462,1491
1451,1497
1492,1532
1524,1546
1546,1538
1520,1541
1547,1572
1595,1622
1618,1659
1627,1640
1642,1705
1680,1668
1722,1691
1700,1740
1706,1738
1725,1772
1764,1773
1797,1767
1777,1759
1776,1789
1783,1772
1793,1780
1783,1773
1811,1774
1813,1783
1792,1755
1791,1778
1816,1737
1783,1709
1716,1720
1703,1677
1718,1662
1700,1667
1642,1621
1650,1628
1628,1592
1599,1575
1586,1547
1574,1542
1527,1515
1501,1484
1488,1507
1494,1467
1446,1440
1453,1438
1431,1438
1434,1426
1413,1444
1393,1399
1403,1426
1424,1418
1421,1463
1409,1432
1405,1438
1469,1436
1456,1478
1394,1440
1447,1485
1420,1532
1483,1528
1490,1514
1493,1563
1522,1570
1574,1604
1574,1618
1582,1622
1610,1639
1658,1618
1659,1698
1695,1695
1681,1714
1746,1748
1740,1773
1762,1709
1739,1795
1760,1757
1787,1771
1830,1796
1812,1765
1831,1782
1773,1767
1819,1775
1771,1722
1742,1771
1820,1751
1763,1719
1763,1734
1725,1714
1715,1674
1675,1658
1670,1607
1669,1612
1586,1626
1586,1569
1594,1547
1592,1533
1549,1518
1540,1500
1485,1492
1507,1507
1491,1477
1455,1478
1424,1481
1446,1453
1455,1408
1427,1427
1413,1425
1436,1406
1413,1416
1395,1426
1394,1472
1485,1454
1439,1452
1431,1480
1418,1451
1462,1492
1472,1536
1491,1545
1535,1528
1517,1564
1575,1576
1579,1635
1625,1652
1583,1645
1627,1665
1684,1671
1700,1699
1740,1706
1721,1727
1726,1753
1736,1775
1810,1751
1753,1784
1820,1778
1784,1775
1781,1777
1800,1765
1798,1763
1801,1764
1796,1809
1783,1774
1819,1756
1787,1749
1716,1696
1735,1689
1691,1695
1709,1631
1700,1612
1641,1642
1659,1602
1615,1609
1597,1567
1549,1557
1523,1497
1482,1532
1489,1505
1495,1479
1492,1505
1408,1446
1454,1439
1473,1439
1453,1450
1427,1424
1385,1413
1428,1416
1415,1404
1363,1421
1365,1445
1407,1423
1417,1478
1431,1482
1447,1493
1452,1486
1421,1509
1477,1548
1514,1536
1546,1572
1544,1605
1561,1605
1585,1617
1627,1643
1660,1651
1689,1676
1698,1694
1697,1732
1724,1684
1713,1741
1787,1727
1767,1770
1756,1787
1734,1776
1783,1794
1777,1805
1840,1749
1810,1780
1796,1779
1767,1754
1769,1763
1744,1761
1787,1744
1716,1698
1741,1700
1748,1662
1708,1673
1682,1674
1663,1630
1649,1592
1632,1581
1633,1552
1575,1534
1559,1528
1544,1505
1530,1497
1494,1471
1478,1503
1494,1456
1489,1451
1419,1444
1438,1447
1399,1404
1414,1428
1380,1419
1349,1433
1391,1467
1389,1408
1432,1440
1420,1459
1443,1504
1421,1509
1464,1496
1475,1497
1499,1532
1494,1537
1536,1565
1545,1600
1539,1577
1599,1631
1617,1619
1610,1648
1645,1686
1631,1688
1662,1718
1699,1718
1691,1698
1726,1779
1727,1774
1752,1780
1763,1764
1787,1756
1751,1755
1779,1759
1769,1776
1803,1761
1808,1779
1746,1735
1771,1726
1753,1714
1760,1693
1733,1721
1700,1664
1734,1673
1694,1656
1682,1614
1647,1564
1594,1584
1587,1571
1601,1566
1556,1537
1572,1544
1516,1479
1485,1520
1471,1468
1505,1484
1467,1455
1416,1430
1440,1437
1432,1468
1419,1451
1412,1410
1410,1429
1414,1441
1397,1437
1464,1408
1407,1466
1455,1492
1443,1473
1454,1517
1468,1491
1497,1535
1484,1548
1516,1598
1544,1575
1557,1626
1622,1606
1579,1600
1642,1666
1656,1676
1653,1688
1721,1682
1717,1722
1728,1743
1750,1713
1745,1727
1730,1777
1780,1752
1757,1774
1748,1762
1765,1808
1779,1763
1802,1770
1785,1777
1787,1766
1748,1753
1716,1703
1749,1727
1745,1696
1760,1709
1698,1685
1710,1641
1647,1621
1639,1639
1635,1565
1587,1569
1592,1563
1546,1530
1542,1526
1518,1513
1493,1494
1495,1459
1501,1503
1446,1437
1432,1454
1462,1437
1459,1460
1417,1416
1444,1429
1406,1443
1401,1478
1359,1426
1413,1431
1413,1461
1389,1460
1458,1482
1439,1511
1445,1468
1490,1529
1452,1530
1508,1568
1541,1555
1532,1615
1562,1614
1601,1648
1656,1636
1608,1641
1653,1662
1649,1705
1677,1707
1716,1695
1724,1737
1720,1744
1745,1742
1772,1769
1792,1748
1763,1789
1810,1744
1813,1765
1804,1785
1756,1773
1795,1789
1790,1764
1752,1706
1756,1724
1737,1712
1740,1676
1700,1688
1723,1653
1625,1632
1703,1613
1644,1608
1631,1580
1618,1586
1601,1535
1570,1538
1555,1509
1540,1478
1504,1494
1492,1492
1477,1430
1510,1443
1454,1444
1461,1434
1445,1452
1444,1469
1436,1369
1407,1434
1417,1429
1384,1442
1408,1480
1409,1480
1440,1476
1439,1492
1489,1498
1460,1502
1482,1534
1491,1558
1522,1580
1582,1620
1584,1592
1573,1611
1597,1622
1637,1657
1639,1688
1667,1687
1682,1684
1700,1695
1712,1710
1746,1769
1723,1767
1729,1785
1764,1757
1765,1768
1809,1750
1768,1767
1813,1754
1768,1747
1790,1756
1797,1768
1800,1767
1762,1764
1755,1741
1752,1701
1747,1709
1739,1664
1673,1681
1694,1620
1684,1625
1636,1588
1618,1572
1616,1569
1541,1558
1562,1521
1574,1531
1539,1499
1472,1498
1496,1493
1462,1501
1420,1414
1479,1429
1435,1454
1467,1454
1435,1471
1420,1461
1448,1406
1439,1466
1399,1455
1413,1452
1454,1452
1469,1467
1449,1494
1502,1500
1469,1515
1487,1517
1507,1526
1517,1560
1552,1586
1559,1597
1594,1642
1618,1608
1641,1641
1650,1673
1655,1684
1706,1719
1657,1698
1697,1749
1742,1715
1724,1757
1742,1754
1744,1770
1739,1788
1756,1751
1788,1763
1818,1761
1783,1755
1801,1725
1748,1741
1745,1749
1747,1740
1751,1687
1724,1693
1733,1681
1706,1660
1674,1640
1669,1628
1663,1596
1637,1612
1609,1587
1612,1560
1586,1562
1557,1558
1542,1504
1534,1490
1542,1472
1461,1481
1447,1470
1485,1441
1446,1417
1468,1427
1418,1436
1446,1477
1437,1456
1417,1424
1399,1441
1457,1443
1431,1477
1418,1453
1448,1449
1470,1526
1483,1503
1487,1523
1516,1554
1494,1552
1531,1554
1572,1599
1570,1579
1575,1591
1607,1629
1651,1612
1667,1665
1638,1677
1673,1669
1706,1687
1715,1711
1753,1759
1732,1709
1741,1744
1779,1756
1783,1758
1749,1711
1760,1740
1795,1769
1793,1722
1744,1720
1762,1764
1759,1734
1770,1705
1712,1726
1719,1659
1722,1713
1727,1661
1686,1661
1670,1604
1624,1618
1624,1612
1622,1576
1591,1551
1596,1513
1550,1534
1497,1515
1503,1487
1495,1462
1555,1495
1468,1472
1465,1443
1493,1455
1455,1446
1435,1463
1475,1481
1446,1452
1441,1440
1349,1481
1427,1439
1454,1474
1449,1444
1444,1491
1449,1458
1475,1491
1500,1527
1508,1548
1506,1537
1535,1581
1589,1561
1597,1600
1589,1627
1593,1617
1624,1665
1663,1680
1638,1673
1692,1709
1676,1666
1714,1696
1744,1718
1728,1750
1755,1738
1743,1794
1753,1759
1775,1733
1797,1787
1813,1724
1747,1771
1762,1744
1788,1743
1737,1748
1726,1707
1736,1694
1722,1692
1683,1694
1675,1672
1699,1594
1654,1640
1640,1615
1641,1611
1593,1593
1625,1563
1618,1527
1555,1526
1535,1544
1516,1512
1519,1521
1481,1478
1484,1500
1445,1464
1454,1429
1453,1417
1463,1453
1437,1446
1412,1450
1440,1428
1464,1450
1402,1448
1402,1447
1460,1484
1417,1494
1492,1508
1491,1526
1493,1525
1469,1540
1534,1548
1519,1582
1567,1615
1596,1595
1576,1608
1643,1624
1618,1655
1635,1658
1641,1665
1684,1693
1676,1690
1695,1713
1711,1727
1744,1750
1728,1735
1768,1720
1795,1767
1760,1778
1796,1772
1775,1727
1783,1729
1800,1743
1730,1737
1770,1738
1757,1722
1720,1687
1731,1718
1741,1677
1763,1647
1678,1642
1650,1640
1652,1647
1627,1593
1592,1585
1543,1555
1619,1545
1604,1510
1527,1513
1529,1521
1497,1489
1502,1487
1472,1490
1466,1447
1424,1433
1436,1446
1447,1453
1451,1439
1439,1454
1456,1475
1461,1430
1409,1458
1454,1480
1432,1473
1486,1480
1437,1489
1488,1504
1502,1527
1486,1557
1543,1541
1522,1579
1546,1600
1532,1605
1564,1595
1607,1611
1633,1620
1609,1639
1701,1657
1657,1674
1668,1696
1668,1747
1734,1741
1735,1727
1740,1737
1721,1741
1740,1755
1781,1760
1761,1727
1759,1727
1782,1725
1779,1743
1742,1717
1759,1773
1785,1715
1747,1714
1687,1708
1694,1688
1706,1678
1706,1659
1688,1659
1649,1600
1614,1628
1618,1574
1573,1585
1577,1597
1593,1533
1548,1541
1528,1549
1481,1487
1486,1494
1494,1473
1467,1473
1467,1483
1461,1496
1408,1421
1461,1422
1442,1438
1455,1457
1465,1450
1414,1467
1477,1465
1468,1470
1455,1472
1461,1454
1441,1482
1462,1502
1519,1533
1526,1530
1518,1546
1544,1550
1547,1589
1594,1602
1575,1635
1622,1662
1594,1686
1647,1669
1673,1672
1695,1692
1713,1670
1683,1715
1688,1738
1720,1709
1712,1740
1739,1755
1762,1745
1748,1707
1776,1733
1743,1780
1734,1754
1763,1754
1739,1718
1776,1702
1717,1707
1713,1726
1728,1672
1747,1646
1717,1674
1688,1607
1664,1626
1645,1654
1624,1591
1631,1608
1626,1567
1629,1536
1557,1553
1576,1523
1563,1532
1530,1491
1471,1493
1490,1468
1435,1485
1479,1463
1472,1501
1454,1457
1444,1432
1400,1444
1452,1493
1447,1473
1415,1464
1438,1486
1463,1472
1443,1507
1425,1498
1473,1500
1486,1511
1495,1531
1503,1565
1530,1557
1501,1570
1569,1589
1588,1599
1603,1618
1614,1624
1628,1650
1628,1657
1668,1697
1664,1689
1713,1678
1725,1728
1707,1731
1733,1720
1709,1737
1774,1746
1771,1707
1724,1764
1734,1735
1774,1709
1730,1758
1767,1730
1793,1743
1753,1739
1726,1677
1719,1746
1728,1680
1706,1662
1742,1642
1691,1631
1611,1614
1686,1633
1607,1579
1645,1592
1611,1540
1542,1553
1544,1519
1577,1556
1546,1552
1497,1498
1528,1506
1464,1473
1479,1478
1502,1496
1461,1471
1447,1467
1434,1443
1435,1449
1441,1445
1454,1449
1478,1446
1425,1458
1442,1479
1491,1506
1486,1511
1480,1516
1479,1507
1493,1506
1458,1537
1486,1554
1554,1581
1567,1597
1539,1616
1614,1605
1626,1660
1616,1657
1659,1689
1635,1705
1640,1685
1667,1700
1677,1732
1684,1742
1756,1747
1745,1741
1738,1755
1720,1749
1719,1740
1725,1727
1754,1749
1763,1743
1745,1711
1748,1748
1750,1703
1743,1701
1747,1694
1735,1703
1726,1676
1707,1668
1677,1672
1667,1620
1620,1612
1646,1581
1637,1583
1581,1559
1612,1575
1582,1581
1558,1551
1559,1549
1499,1503
1533,1475
1482,1479
1483,1468
1449,1476
1484,1469
1455,1445
1484,1455
1450,1452
1422,1468
1449,1473
1450,1490
1438,1481
1474,1504
1451,1479
1426,1463
1468,1480
1477,1515
1510,1519
1509,1585
1536,1557
1527,1538
1553,1599
1559,1598
1585,1618
1585,1625
1645,1642
1647,1662
1647,1666
1722,1685
1693,1684
1695,1743
1709,1711
1705,1737
1724,1726
1756,1724
1724,1738
1728,1736
1762,1711
1781,1752
1771,1721
1749,1729
1773,1719
1697,1737
1767,1724
1714,1731
1713,1694
1710,1668
1700,1658
1702,1660
1684,1670
1675,1639
1641,1600
1636,1601
1616,1564
1597,1579
1560,1558
1553,1566
1575,1510
1541,1546
1516,1517
1522,1488
1521,1492
1488,1468
1449,1481
1439,1451
1454,1458
1472,1482
1441,1471
1492,1455
1444,1455
1440,1469
1428,1500
1450,1486
1464,1486
1438,1537
1456,1518
1475,1500
1484,1529
1478,1569
1530,1580
1556,1577
1529,1560
1607,1616
1613,1597
1617,1628
1600,1624
1640,1694
1654,1685
1665,1683
1687,1714
1720,1722
1692,1724
1734,1753
1732,1701
1776,1725
1781,1752
1762,1765
1781,1690
1758,1747
1718,1746
1745,1705
1756,1700
1753,1739
1731,1736
1721,1672
1712,1676
1689,1711
1716,1657
1653,1663
1684,1642
1644,1639
1607,1611
1605,1586
1609,1563
1533,1560
1566,1527
1536,1568
1554,1533
1547,1517
1517,1529
1523,1525
1471,1479
1472,1505
1505,1440
1496,1455
1450,1447
1454,1468
1430,1471
1443,1463
1438,1479
1440,1485
1482,1491
1472,1476
1480,1499
1442,1481
1455,1504
1495,1519
1523,1516
1526,1517
1547,1576
1550,1567
1515,1577
1601,1596
1572,1625
1617,1634
1608,1637
1607,1645
1651,1692
1697,1682
1668,1701
1699,1709
1693,1707
1732,1718
1744,1728
1741,1702
1742,1716
1725,1734
1745,1748
1779,1728
1758,1725
1753,1692
1732,1712
1713,1744
1735,1737
1726,1690
1714,1687
1702,1695
1682,1634
1690,1646
1660,1628
1685,1637
1639,1585
1633,1617
1611,1548
1618,1572
1592,1594
1567,1545
1539,1522
1510,1528
1552,1483
1480,1491
1500,1492
1444,1462
1485,1470
1447,1436
1510,1452
1417,1449
1467,1456
1461,1466
1431,1482
1465,1447
1421,1464
1459,1512
1451,1486
1494,1487
1470,1505
1481,1511
1457,1547
1475,1542
1527,1542
1518,1561
1576,1583
1558,1599
1589,1614
1617,1672
1596,1648
1611,1654
1650,1703
1645,1667
1628,1705
1655,1666
1691,1723
1727,1739
1722,1717
1722,1729
1741,1764
1726,1724
1755,1772
1732,1745
1753,1737
1766,1757
1737,1713
1758,1719
1714,1711
1751,1729
1710,1671
1685,1694
1675,1687
1705,1682
1705,1653
1686,1633
1652,1574
1607,1565
1629,1549
1597,1571
1603,1583
1540,1589
1591,1522
1523,1503
1499,1500
1519,1511
1442,1532
1468,1482
1483,1477
1460,1474
1462,1500
1484,1467
1482,1483
1436,1481
1457,1450
1447,1500
1496,1459
1437,1478
1482,1476
1478,1471
1447,1511
1458,1508
1476,1535
1527,1541
1489,1557
1552,1576
1530,1565
1554,1570
1566,1578
1604,1618
1621,1638
1601,1698
1662,1710
1682,1686
1668,1664
1708,1706
1691,1693
1666,1704
1725,1699
1730,1754
1679,1700
1710,1720
1740,1718
1741,1744
1778,1702
1757,1737
1736,1726
1743,1717
1738,1703
1724,1716
1741,1696
1709,1686
1666,1645
1679,1675
1665,1656
1668,1632
1626,1586
1650,1613
1622,1606
1584,1534
1596,1597
1592,1572
1573,1533
1567,1518
1559,1489
1527,1528
1497,1489
1489,1508
1486,1470
1500,1454
1430,1464
1455,1460
1499,1460
1444,1502
1504,1454
1465,1491
1451,1464
1464,1502
1503,1482
1434,1488
1468,1466
1498,1479
1465,1502
1537,1547
1520,1562
1552,1552
1543,1554
1562,1541
1590,1600
1603,1594
1580,1594
1634,1645
1613,1644
1617,1649
1621,1700
1679,1706
1674,1683
1726,1728
1716,1697
1651,1691
1782,1749
1713,1716
1783,1716
1759,1732
1721,1730
1793,1734
1783,1714
1760,1733
1740,1728
1769,1719
1722,1673
1724,1672
1696,1681
1719,1666
1704,1681
1661,1656
1680,1613
1623,1622
1613,1645
1619,1602
1620,1556
1563,1572
1601,1579
1523,1531
1550,1512
1563,1488
1502,1505
1502,1509
1522,1452
1487,1461
1451,1458
1468,1454
1466,1467
1443,1483
1467,1493
1445,1454
1463,1457
1466,1471
1462,1488
1466,1454
1495,1453
1508,1487
1474,1501
1484,1537
1491,1555
1488,1546
1545,1537
1539,1556
1542,1522
1580,1586
1555,1602
1572,1617
1593,1620
1634,1647
1607,1688
1635,1655
1657,1665
1693,1747
1698,1667
1702,1720
1720,1719
1690,1771
1748,1701
1731,1707
1745,1742
1751,1750
1736,1745
1748,1732
1765,1742
1763,1694
1763,1714
1729,1712
1734,1682
1692,1689
1664,1688
1712,1683
1658,1644
1681,1679
1676,1642
1666,1658
1610,1622
1593,1569
1564,1550
1584,1543
1557,1555
1485,1540
1543,1550
1516,1532
1507,1508
1478,1504
1465,1439
1487,1496
1514,1472
1441,1477
1438,1434
1449,1474
1422,1467
1444,1447
1464,1486
1423,1507
1434,1470
1417,1446
1454,1507
1473,1492
1470,1467
1492,1549
1505,1556
1528,1542
1523,1577
1564,1586
1539,1574
1572,1613
1539,1608
1590,1654
1645,1650
1607,1656
1631,1685
1635,1638
1634,1715
1644,1692
1736,1688
1713,1708
1670,1758
1689,1704
1738,1749
1742,1718
1732,1767
1746,1771
1758,1743
1751,1702
1746,1737
1728,1723
1747,1711
1705,1731
1727,1713
1689,1687
1707,1668
1703,1618
1672,1652
1669,1651
1682,1624
1666,1614
1613,1581
1601,1589
1596,1539
1607,1534
1581,1563
1544,1550
1537,1516
1554,1522
1486,1551
1523,1492
1499,1456
1488,1474
1445,1444
1459,1482
1440,1478
1459,1449
1443,1478
1464,1452
1458,1433
1472,1481
1450,1472
1487,1491
1469,1518
1486,1495
1500,1556
1487,1520
1484,1541
1480,1560
1569,1556
1520,1557
1563,1572
1563,1610
1589,1609
1598,1621
1645,1612
1627,1647
1666,1698
1643,1662
1660,1651
1668,1683
1682,1712
1709,1755
1727,1749
1742,1700
1714,1730
1744,1712
1739,1730
1747,1736
1702,1719
1739,1702
1807,1723
1737,1719
1743,1728
1758,1706
1687,1713
1728,1700
1670,1720
1659,1651
1676,1634
1652,1645
1636,1610
1643,1618
1630,1578
1614,1597
1626,1552
1570,1552
1576,1543
1573,1540
1517,1510
1541,1512
1499,1489
1502,1504
1506,1495
1489,1498
1496,1457
1487,1485
1438,1490
1447,1501
1444,1467
1469,1431
1435,1430
1454,1463
1468,1499
1444,1454
1438,1489
1471,1489
1462,1515
1476,1531
1486,1538
1540,1514
1541,1559
1570,1573
1588,1579
1544,1627
1539,1615
1575,1618
1555,1618
1589,1635
1635,1646
1655,1681
1678,1664
1663,1685
1685,1696
1706,1710
1727,1726
1698,1743
1727,1777
1733,1708
1757,1733
1764,1726
1771,1716
1728,1705
1793,1754
1773,1733
1751,1720
1771,1706
1740,1680
1724,1685
1738,1686
1705,1710
1677,1678
1668,1631
1644,1613
1655,1616
1664,1617
1667,1580
1608,1554
1598,1537
1603,1555
1537,1562
1564,1527
1539,1509
1582,1489
1512,1493
1487,1489
1466,1473
1483,1475
1495,1477
1425,1466
1440,1486
1432,1446
1445,1459
1416,1452
1438,1465
1467,1463
1427,1475
1473,1482
1507,1475
1482,1474
1440,1544
1491,1534
1510,1531
1533,1527
1499,1536
1534,1585
1532,1566
1550,1584
1586,1580
1573,1647
1606,1627
1634,1661
1596,1642
1633,1667
1706,1660
1683,1690
1718,1707
1693,1706
1734,1718
1764,1726
1767,1714
1742,1733
1758,1752
1715,1764
1739,1737
1749,1688
1747,1719
1752,1727
1717,1715
1744,1723
1738,1729
1751,1699
1715,1643
1688,1668
1677,1653
1713,1656
1688,1619
1640,1593
1614,1630
1607,1600
1641,1569
1599,1560
1582,1507
1555,1566
1531,1532
1497,1522
1503,1489
1501,1530
1516,1458
1444,1501
1527,1470
1441,1444
1461,1452
1447,1501
1436,1466
1449,1432
1466,1492
1444,1464
1463,1462
1468,1472
1439,1480
1433,1492
1462,1496
1450,1494
1510,1517
1485,1506
1518,1553
1530,1569
1533,1551
1561,1566
1576,1631
1615,1611
1614,1639
1635,1639
1628,1675
1656,1645
1641,1692
1686,1697
1683,1705
1660,1740
1703,1738
1686,1729
1746,1714
1775,1721
1748,1735
1736,1764
1781,1745
1750,1757
1753,1711
1746,1746
1758,1742
1731,1758
1724,1724
1772,1710
1711,1705
1751,1674
1726,1687
1659,1665
1685,1670
1675,1624
1663,1626
1641,1588
1654,1601
1617,1590
1614,1572
1548,1589
1534,1535
1536,1509
1554,1495
1512,1495
1498,1504
1530,1502
1507,1511
1496,1481
1501,1447
1434,1474
1444,1460
1425,1466
1436,1464
1425,1460
1440,1451
1418,1446
1457,1466
1421,1501
1510,1499
1497,1491
1498,1482
1476,1503
1461,1500
1492,1513
1495,1564
1493,1566
1539,1550
1578,1590
1592,1612
1547,1616
1573,1607
1616,1632
1644,1647
1652,1670
1660,1708
1698,1671
1663,1699
1722,1702
1723,1740
1710,1737
1732,1765
1761,1692
1779,1789
1781,1743
1739,1757
1752,1724
1748,1747
1769,1691
1771,1727
1749,1722
1751,1719
1719,1721
1700,1660
1704,1681
1684,1676
1733,1689
1691,1669
1665,1633
1659,1622
1634,1600
1645,1607
1616,1602
1586,1530
1566,1567
1547,1534
1537,1518
1499,1512
1520,1474
1477,1486
1492,1481
1453,1480
1449,1492
1435,1463
1448,1477
1482,1436
1420,1472
1471,1460
1447,1419
1483,1450
1416,1452
1440,1483
1419,1496
1458,1462
1457,1480
1504,1484
1494,1476
1465,1557
1525,1535
1550,1564
1528,1567
1532,1570
1583,1595
1572,1604
1601,1612
1582,1633
1610,1620
1609,1641
1651,1685
1690,1679
1686,1703
1675,1694
1680,1728
1712,1699
1703,1737
1729,1760
1748,1749
1733,1775
1758,1744
1755,1737
1761,1716
1756,1750
1776,1730
1764,1763
1766,1730
1792,1695
1756,1725
1772,1716
1730,1664
1747,1694
1709,1680
1688,1693
1681,1623
1634,1609
1614,1586
1602,1611
1608,1579
1572,1575
1591,1578
1605,1528
1526,1544
1549,1501
1505,1526
1504,1514
1470,1501
1458,1460
1459,1481
1498,1469
1442,1449
1434,1454
1455,1452
1433,1450
1451,1479
1462,1435
1451,1455
1399,1472
1436,1482
1483,1490
1431,1490
1481,1501
1508,1499
1507,1533
1507,1531
1511,1533
1463,1539
1579,1602
1534,1587
1566,1612
1594,1655
1582,1651
1594,1679
1590,1640
1608,1659
1687,1674
1644,1714
1703,1704
1684,1714
1737,1740
1752,1714
1728,1713
1771,1776
1756,1737
1716,1779
1729,1741
1799,1756
1788,1785
1744,1753
1768,1745
1779,1731
1753,1729
1753,1729
1749,1699
1745,1678
1725,1683
1721,1645
1670,1665
1659,1648
1705,1621
1609,1620
1667,1593
1615,1591
1616,1560
1565,1564
1562,1562
1569,1514
1565,1482
1484,1484
1496,1496
1503,1484
1479,1495
1475,1467
1455,1475
1457,1436
1409,1465
1418,1477
1429,1458
1438,1437
1400,1412
1424,1460
1454,1464
1443,1463
1413,1454
1448,1443
1457,1494
1477,1453
1465,1520
1486,1534
1488,1522
1510,1556
1542,1578
1508,1543
1550,1601
1600,1620
1560,1622
1622,1653
1626,1671
1611,1683
1646,1686
1646,1683
1692,1694
1667,1729
1678,1715
1745,1746
1737,1727
1706,1730
1748,1787
1768,1735
1779,1732
1725,1780
1736,1753
1751,1776
1735,1730
1794,1729
1756,1713
1745,1707
1731,1691
1730,1706
1735,1684
1714,1678
1660,1668
1675,1670
1653,1668
1673,1647
1666,1609
1640,1576
1627,1546
1592,1579
1573,1578
1564,1539
1560,1512
1550,1490
1511,1479
1542,1471
1493,1464
1478,1464
1480,1445
1484,1461
1446,1451
1443,1437
1436,1463
1433,1443
1454,1454
1428,1429
1448,1456
1459,1457
1441,1425
1486,1476
1451,1465
1455,1493
1476,1510
1480,1528
1495,1495
1481,1520
1547,1538
1530,1588
1527,1587
1568,1617
1581,1630
1609,1655
1601,1619
1633,1651
1625,1629
1634,1681
1685,1687
1704,1706
1681,1741
1712,1708
1717,1757
1745,1754
1761,1744
1756,1778
1794,1793
1735,1748
1779,1751
1769,1728
1768,1727
1800,1725
1745,1746
1772,1728
1763,1713
1757,1664
1738,1713
1775,1708
1719,1664
1708,1651
1678,1654
1663,1588
1635,1648
1670,1635
1650,1590
1626,1568
1640,1572
1531,1562
1573,1519
1585,1501
1494,1492
1512,1509
1492,1469
1482,1484
1504,1458
1443,1422
1476,1469
1421,1419
1430,1456
1396,1440
1409,1445
1415,1442
1413,1438
1436,1484
1420,1441
1408,1444
1436,1450
1428,1479
1462,1494
1429,1489
1445,1497
1476,1524
1509,1501
1504,1549
1539,1558
1592,1580
1555,1619
1561,1598
1598,1624
1605,1632
1644,1637
1661,1618
1661,1734
1678,1717
1663,1715
1692,1703
1729,1755
1714,1759
1758,1751
1720,1760
1795,1808
1750,1763
1747,1771
1764,1765
1746,1760
1789,1776
1806,1761
1759,1748
1753,1733
1769,1720
1736,1695
1717,1712
1753,1717
1739,1712
1754,1660
1698,1641
1683,1686
1672,1648
1641,1606
1648,1595
1611,1595
1623,1583
1601,1562
1562,1516
1568,1509
1565,1521
1524,1474
1486,1518
1483,1479
1487,1475
1517,1452
1488,1446
1452,1481
1442,1446
1415,1439
1398,1427
1451,1416
1450,1414
1413,1430
1409,1434
1389,1463
1453,1467
1464,1448
1448,1451
1455,1471
1469,1496
1475,1513
1493,1502
1512,1558
1531,1530
1527,1565
1563,1576
1520,1597
1586,1652
1627,1621
1618,1663
1619,1662
1656,1660
1646,1673
1698,1725
1714,1740
1693,1729
1744,1711
1747,1717
1741,1766
1758,1764
1740,1761
1805,1782
1764,1760
1827,1744
1778,1736
1791,1772
1806,1749
1779,1758
1784,1724
1755,1722
1773,1753
1752,1735
1736,1698
1713,1661
1718,1675
1712,1681
1652,1637
1645,1649
1654,1601
1643,1590
1624,1596
1600,1574
1555,1547
1584,1553
1542,1531
1544,1523
1512,1510
1518,1448
1477,1429
1451,1454
1452,1476
1412,1429
1455,1448
1408,1445
1428,1435
1405,1439
1403,1445
1427,1454
1406,1447
1418,1466
1417,1462
1450,1488
1456,1467
1402,1445
1462,1467
1440,1515
1457,1520
1443,1544
1529,1543
1523,1586
1519,1545
1554,1567
1566,1597
1570,1612
1597,1608
1616,1621
1646,1684
1645,1654
1647,1674
1701,1726
1717,1736
1706,1715
1726,1722
1769,1739
1732,1787
1734,1754
1746,1780
1798,1756
1774,1767
1778,1754
1809,1768
1777,1769
1807,1755
1741,1759
1756,1728
1760,1733
1762,1702
1706,1707
1723,1721
1737,1698
1728,1635
1707,1669
1692,1666
1664,1641
1615,1642
1661,1562
1610,1577
1584,1542
1585,1544
1553,1576
1535,1508
1505,1494
1496,1473
1486,1474
1487,1496
1501,1425
1437,1442
1425,1455
1461,1420
1395,1433
1411,1432
1397,1466
1424,1431
1430,1411
1420,1445
1430,1428
1360,1441
1455,1485
1403,1502
1443,1462
1451,1488
1466,1523
1443,1496
1453,1531
1495,1571
1507,1527
1562,1573
1522,1595
1546,1596
1574,1630
1622,1634
1650,1619
1649,1669
1709,1705
1650,1672
1675,1707
1707,1731
1732,1731
1753,1744
1766,1761
1720,1760
1773,1785
1721,1787
1761,1742
1777,1756
1783,1754
1769,1764
1772,1771
1789,1775
1765,1737
1757,1740
1764,1720
1763,1721
1766,1692
1770,1724
1697,1723
1734,1699
1725,1666
1690,1636
1673,1592
1658,1625
1609,1606
1632,1580
1606,1557
1622,1571
1536,1523
1552,1533
1536,1490
1512,1489
1481,1462
1472,1450
1445,1448
1471,1447
1436,1461
1467,1417
1442,1420
1447,1410
1424,1446
1417,1399
1428,1405
1423,1434
1429,1432
1438,1451
1403,1493
1437,1491
1418,1443
1443,1482
1433,1507
1441,1481
1520,1505
1527,1562
1501,1571
1563,1564
1515,1587
1580,1591
1555,1594
1580,1643
1586,1639
1644,1659
1667,1680
1702,1683
1684,1697
1692,1739
1713,1714
1715,1768
1770,1725
1702,1769
1750,1736
1766,1773
1795,1787
1776,1801
1831,1792
1745,1751
1810,1788
1792,1761
1771,1752
1799,1740
1775,1721
1762,1745
1782,1758
1765,1683
1716,1673
1692,1667
1745,1636
1713,1653
1693,1671
1650,1578
1630,1583
1614,1597
1602,1608
1587,1540
1535,1536
1549,1544
1547,1535
1521,1488
1513,1492
1496,1453
1482,1461
1462,1454
1456,1423
1416,1416
1423,1406
1390,1432
1467,1417
1413,1428
1415,1422
1424,1433
1385,1447
1420,1432
1390,1405
1365,1444
1449,1455
1446,1496
1468,1496
1483,1456
1470,1523
1474,1537
1496,1543
1515,1529
1533,1551
1566,1611
1545,1628
1586,1628
1610,1628
1633,1638
1683,1671
1641,1687
1715,1704
1691,1708
1736,1730
1706,1769
1755,1780
1723,1737
1737,1781
1739,1743
1810,1779
1836,1777
1778,1759
1797,1746
1757,1789
1780,1790
1790,1752
1775,1773
1785,1748
1755,1739
1763,1740
1741,1753
1730,1711
1764,1714
1718,1647
1730,1675
1687,1623
1674,1660
1648,1612
1630,1600
1587,1589
1572,1542
1548,1558
1579,1537
1551,1497
1493,1499
1531,1509
1504,1479
1490,1482
1456,1458
1447,1437
1417,1414
1453,1421
1413,1388
1384,1434
1378,1426
1401,1432
1394,1429
1405,1453
1419,1421
1401,1449
1384,1434
1390,1456
1446,1477
1449,1477
1487,1499
1412,1513
1465,1525
1488,1525
1508,1530
1498,1539
1536,1577
1558,1595
1585,1611
1573,1623
1645,1667
1627,1648
1658,1669
1665,1674
1652,1714
1694,1722
1719,1725
1756,1755
1723,1760
1776,1795
1749,1753
1736,1780
1748,1792
1778,1779
1840,1803
1793,1789
1829,1768
1771,1790
1802,1766
1771,1751
1759,1776
1755,1756
1770,1742
1756,1703
1737,1719
1743,1693
1696,1668
1684,1637
1648,1656
1666,1630
1679,1636
1634,1560
1587,1576
1583,1555
1604,1525
1553,1516
1548,1475
1556,1514
1512,1459
1471,1474
1493,1478
1443,1456
1480,1442
1470,1450
1441,1437
1417,1434
1393,1410
1422,1413
1403,1417
1414,1393
1416,1391
1430,1433
1392,1439
1399,1450
1428,1438
1447,1460
1437,1458
1419,1475
1512,1532
1435,1521
1459,1549
1525,1569
1530,1583
1534,1575
1546,1628
1576,1616
1601,1646
1621,1659
1655,1675
1647,1696
1617,1682
1690,1697
1697,1700
1716,1732
1706,1765
1742,1717
1788,1762
1752,1759
1764,1728
1799,1777
1769,1769
1852,1755
1837,1786
1843,1769
1822,1770
1823,1741
1795,1766
1797,1744
1796,1750
1734,1708
1746,1716
1723,1697
1677,1700
1738,1655
1660,1663
1681,1623
1654,1624
1619,1595
1633,1620
1620,1573
1580,1580
1544,1540
1526,1510
1554,1496
1513,1485
1484,1437
1442,1462
1464,1455
1444,1432
1443,1384
1412,1469
1432,1403
1446,1415
1433,1424
1387,1451
1385,1446
1391,1428
1422,1427
1405,1430
1433,1420
1409,1459
1430,1467
1417,1464
1456,1472
1452,1493
1452,1504
1484,1541
1467,1580
1492,1565
1543,1577
1557,1569
1560,1567
1594,1614
1622,1639
1586,1667
1645,1675
1670,1693
1651,1695
1710,1732
1722,1699
1738,1738
1697,1771
1728,1819
1742,1775
1764,1772
1796,1781
1812,1763
1815,1818
1803,1803
1837,1790
1787,1810
1783,1762
1801,1765
1781,1746
1797,1793
1758,1729
1759,1723
1783,1712
1749,1716
1772,1697
1678,1671
1723,1664
1674,1612
1645,1619
1656,1595
1619,1573
1602,1554
1599,1553
1562,1526
1532,1526
1525,1528
1466,1481
1507,1491
1490,1458
1439,1417
1470,1427
1392,1426
1407,1450
1380,1423
1431,1400
1389,1411
1353,1417
1386,1425
1400,1432
1382,1423
1423,1406
1405,1416
1392,1440
1391,1446
1462,1466
1430,1502
1485,1471
1464,1517
1468,1523
1461,1518
1533,1569
1505,1554
1556,1566
1571,1614
1594,1625
1624,1634
1614,1648
1677,1698
1668,1669
1653,1715
1678,1726
1685,1750
1710,1745
1755,1746
1777,1723
1793,1741
1750,1783
1795,1772
1790,1760
1775,1808
1813,1768
1788,1787
1782,1774
1804,1758
1769,1767
1783,1751
1787,1746
1769,1728
1780,1692
1753,1707
1728,1714
1727,1710
1726,1665
1688,1648
1669,1615
1627,1601
1639,1581
1606,1560
1599,1574
1587,1531
1572,1513
1529,1527
1511,1513
1476,1455
1467,1442
1415,1464
1442,1446
1442,1426
1427,1437
1430,1420
1435,1428
1420,1395
1373,1398
1379,1402
1379,1394
1385,1400
1379,1415
1372,1444
1429,1425
1440,1446
1400,1483
1396,1439
1457,1483
1479,1479
1436,1514
1507,1579
1496,1547
1512,1574
1572,1597
1531,1621
1559,1642
1587,1617
1651,1674
1600,1669
1661,1661
1696,1667
1669,1693
1724,1726
1773,1735
1747,1777
1775,1764
1763,1744
1743,1770
1758,1752
1819,1807
1777,1769
1798,1793
1825,1754
1806,1807
1862,1784
1789,1748
1786,1756
1770,1762
1786,1774
1799,1739
1786,1712
1740,1726
1763,1705
1717,1682
1734,1699
1702,1667
1672,1624
1591,1613
1634,1577
1626,1592
1581,1522
1595,1552
1558,1527
1528,1475
1535,1464
1550,1477
1483,1466
1472,1438
1453,1441
1426,1433
1424,1425
1436,1427
1393,1388
1404,1433
1354,1390
1347,1404
1398,1420
1394,1437
1374,1413
1369,1405
1421,1428
1377,1449
1417,1450
1445,1477
1439,1499
1462,1460
1517,1485
1452,1524
1498,1567
1531,1550
1515,1569
1563,1630
1581,1632
1618,1636
1647,1649
1650,1647
1656,1678
1692,1696
1667,1699
1699,1706
1723,1724
1728,1749
1768,1753
1782,1752
1763,1785
1797,1725
1796,1789
1799,1808
1833,1805
1816,1769
1812,1788
1793,1779
1803,1781
1801,1740
1774,1761
1767,1735
1771,1698
1744,1709
1716,1730
1729,1708
1697,1671
1715,1671
1675,1634
1703,1589
1645,1597
1618,1558
1584,1577
1614,1536
1502,1528
1568,1537
1497,1484
1503,1486
1465,1472
1474,1447
1456,1441
1451,1431
1456,1446
1460,1412
1409,1407
1432,1392
1388,1403
1389,1411
1367,1423
1365,1407
1404,1416
1408,1420
1390,1422
1408,1439
1410,1469
1414,1483
1404,1475
1416,1493
1454,1532
1494,1494
1488,1567
1497,1566
1554,1579
1546,1603
1553,1602
1585,1617
1587,1647
1631,1666
1626,1679
1632,1705
1686,1746
1687,1711
1720,1723
1739,1785
1731,1733
1748,1770
1770,1770
1771,1786
1779,1781
1796,1804
1792,1774
1770,1802
1802,1789
1831,1773
1821,1780
1810,1754
1819,1761
1783,1757
1789,1755
1785,1739
1766,1724
1724,1703
1704,1674
1700,1701
1663,1655
1656,1618
1601,1640
1651,1597
1601,1587
1600,1571
1603,1552
1539,1554
1514,1525
1500,1473
1484,1469
1515,1489
1493,1452
1461,1442
1440,1448
1411,1412
1432,1418
1433,1408
1392,1397
1349,1418
1397,1394
1373,1441
1385,1429
1386,1410
1407,1427
1376,1451
1411,1461
1449,1424
1410,1455
1410,1495
1472,1495
1480,1541
1457,1556
1485,1564
1532,1556
1560,1583
1549,1589
1599,1629
1582,1653
1609,1637
1620,1684
1637,1691
1701,1705
1682,1704
1735,1731
1731,1709
1723,1743
1795,1746
1746,1778
1794,1814
1763,1808
1784,1801
1766,1787
1812,1810
1787,1797
1817,1766
1790,1758
1767,1769
1796,1752
1771,1780
1808,1740
1772,1736
1732,1709
1766,1713
1779,1675
1712,1670
1708,1622
1690,1615
1641,1650
1625,1593
1620,1585
1611,1581
1585,1535
1543,1502
1556,1513
1552,1512
1468,1479
1467,1483
1462,1431
1464,1433
1427,1433
1416,1434
1406,1413
1412,1434
1426,1411
1404,1432
1374,1419
1402,1388
1422,1422
1364,1410
1411,1392
1400,1402
1397,1451
1429,1475
1418,1458
1433,1468
1443,1485
1467,1519
1486,1564
1500,1558
1516,1570
1529,1565
1584,1612
1581,1623
1572,1627
1606,1671
1608,1660
1648,1682
1686,1718
1688,1709
1708,1720
1776,1728
1738,1752
1737,1767
1754,1784
1752,1759
1775,1772
1791,1761
1828,1777
1806,1804
1822,1763
1827,1784
1800,1748
1790,1747
1804,1738
1804,1746
1807,1727
1766,1710
1746,1713
1745,1752
1704,1693
1706,1671
1684,1646
1690,1626
1675,1607
1627,1601
1636,1589
1608,1568
1573,1525
1555,1509
1540,1511
1518,1518
1467,1498
1450,1466
1476,1448
1502,1425
1456,1425
1444,1421
1407,1435
1387,1421
1424,1416
1440,1399
1442,1407
1402,1430
1387,1419
1395,1403
1401,1439
1400,1462
1396,1459
1437,1480
1410,1497
1435,1449
1435,1458
1487,1511
1485,1512
1518,1560
1519,1543
1542,1576
1561,1595
1551,1633
1575,1594
1561,1689
1648,1665
1672,1667
1659,1704
1711,1704
1687,1725
1748,1725
1793,1741
1763,1781
1776,1748
1759,1780
1747,1779
1763,1775
1809,1799
1823,1803
1814,1762
1810,1785
1817,1783
1786,1749
1790,1770
1798,1779
1795,1744
1754,1744
1760,1731
1746,1704
1703,1682
1693,1677
1698,1639
1653,1618
1624,1641
1666,1569
1609,1587
1594,1590
1558,1516
1556,1540
1584,1507
1523,1498
1495,1458
1507,1452
1480,1432
1457,1462
1445,1465
1410,1454
1416,1454
1387,1396
1418,1457
1435,1430
1424,1407
1391,1451
1406,1402
1379,1441
1423,1429
1358,1418
1428,1464
1407,1454
1465,1452
1470,1496
1469,1516
1473,1492
1508,1516
1499,1548
1512,1573
1612,1605
1557,1598
1599,1615
1639,1634
1624,1681
1674,1661
1689,1676
1733,1697
1669,1717
1729,1710
1715,1735
1718,1750
1779,1758
1765,1728
1741,1766
1781,1774
1816,1757
1766,1809
1805,1803
1809,1774
1845,1733
1797,1756
1821,1763
1803,1739
1811,1766
1767,1749
1764,1732
1739,1707
1718,1677
1707,1670
1722,1665
1648,1638
1686,1622
1650,1624
1625,1588
1615,1580
1587,1548
1596,1565
1553,1545
1552,1476
1497,1461
1489,1479
1483,1464
1469,1436
1438,1444
1378,1450
1412,1401
1413,1447
1367,1422
1428,1412
1427,1395
1359,1424
1420,1423
1415,1420
1401,1452
1356,1414
1408,1453
1397,1469
1413,1499
1444,1475
1458,1483
1464,1535
1497,1523
1471,1538
1523,1553
1539,1580
1570,1606
1563,1634
1586,1640
1614,1671
1655,1656
1655,1732
1666,1717
1728,1702
1723,1697
1723,1720
1758,1715
1735,1762
1743,1755
1780,1751
1770,1768
1822,1746
1810,1808
1818,1795
1781,1763
1835,1821
1790,1763
1808,1806
1801,1784
1790,1732
1749,1737
1793,1752
1756,1729
1712,1685
1768,1677
1699,1622
1671,1637
1669,1646
1649,1602
1609,1574
1613,1548
1608,1562
1600,1563
1560,1532
1550,1490
1521,1460
1501,1462
1477,1481
1467,1451
1469,1452
1437,1468
1469,1394
1418,1418
1445,1448
1377,1404
1407,1427
1380,1438
1424,1410
1390,1427
1386,1402
1421,1422
1426,1476
1408,1459
1445,1500
1473,1500
1461,1483
1473,1498
1529,1550
1497,1531
1572,1597
1555,1566
1593,1621
1619,1618
1599,1630
1631,1630
1638,1666
1659,1714
1694,1736
1694,1745
1701,1738
1696,1747
1761,1751
1781,1779
1740,1792
1773,1783
1779,1805
1793,1772
1792,1739
1799,1764
1838,1783
1775,1741
1781,1755
1788,1731
1762,1753
1781,1724
1790,1711
1749,1716
1774,1694
1738,1692
1741,1654
1709,1661
1658,1643
1667,1626
1631,1604
1645,1598
1661,1575
1571,1540
1558,1555
1554,1504
1505,1523
1536,1496
1485,1476
1480,1446
1456,1448
1448,1429
1448,1452
1419,1429
1421,1417
1419,1411
1384,1393
1391,1422
1396,1438
1409,1432
1423,1411
1404,1439
1393,1445
1433,1440
1418,1423
1392,1485
1455,1483
1451,1506
1501,1507
1486,1552
1542,1579
1522,1588
1536,1570
1539,1623
1573,1614
1621,1632
1643,1654
1665,1703
1694,1701
1681,1718
1716,1698
1760,1723
1747,1745
1787,1754
1805,1764
1758,1765
1801,1782
1809,1788
1801,1779
1763,1774
1789,1750
1798,1790
1781,1728
1779,1748
1787,1790
1769,1749
1749,1715
1786,1693
1752,1663
1690,1700
1722,1645
1702,1648
1675,1608
1690,1633
1632,1627
1638,1539
1591,1594
1621,1521
1543,1513
1548,1547
1510,1489
1520,1513
1504,1459
1474,1460
1454,1449
1448,1471
1429,1429
1442,1453
1448,1436
1412,1450
1364,1405
1423,1429
1388,1422
1396,1419
1421,1413
1430,1458
1400,1442
1478,1464
1412,1425
1444,1473
1460,1468
1491,1498
1478,1526
1484,1557
1526,1521
1559,1564
1556,1586
1588,1617
1584,1642
1608,1649
1636,1678
1644,1684
1664,1703
1658,1703
1712,1707
1689,1761
1743,1748
1729,1737
1738,1744
1812,1785
1780,1772
1812,1756
1837,1796
1784,1786
1787,1800
1792,1722
1792,1741
1805,1737
1795,1746
1781,1748
1748,1719
1770,1696
1741,1734
1733,1655
1720,1659
1663,1684
1700,1610
1675,1616
1604,1626
1644,1568
1596,1542
1589,1523
1582,1542
1544,1546
1537,1511
1491,1466
1474,1461
1473,1497
1498,1460
1444,1421
1425,1414
1418,1460
1429,1427
1411,1476
1365,1446
1426,1440
1403,1456
1395,1418
1415,1444
1380,1452
1438,1454
1450,1486
1438,1502
1451,1506
1456,1525
1493,1518
1514,1528
1504,1571
1534,1552
1580,1602
1524,1648
1564,1613
1625,1638
1601,1644
1669,1680
1694,1690
1696,1707
1695,1718
1729,1725
1735,1746
1756,1753
1792,1730
1780,1745
1773,1774
1768,1787
1796,1798
1791,1783
1769,1772
1787,1750
1776,1737
1826,1751
1758,1740
1754,1705
1761,1704
1803,1720
1715,1685
1735,1702
1724,1674
1675,1661
1648,1621
1670,1639
1638,1643
1622,1613
1624,1612
1601,1548
1616,1545
1544,1502
1494,1497
1551,1490
1540,1447
1513,1448
1484,1468
1476,1481
1415,1438
1417,1408
1414,1441
1403,1393
1427,1453
1414,1438
1375,1451
1400,1410
1405,1435
1390,1452
1430,1421
1427,1461
1414,1471
1484,1490
1467,1496
1471,1528
1494,1541
1529,1535
1488,1549
1550,1593
1568,1650
1591,1595
1608,1628
1621,1666
1636,1678
1682,1678
1641,1712
1668,1688
1711,1739
1703,1723
1754,1771
1770,1764
1744,1741
1773,1790
1803,1785
1773,1768
1793,1765
1783,1768
1790,1760
1749,1748
1813,1765
1756,1734
1756,1735
1782,1763
1774,1753
1735,1695
1730,1682
1718,1674
1681,1648
1684,1584
1656,1656
1640,1597
1626,1616
1591,1558
1616,1545
1599,1553
1526,1506
1539,1506
1515,1515
1527,1479
1480,1480
1444,1443
1450,1421
1419,1413
1446,1424
1415,1433
1427,1424
1426,1447
1404,1440
1433,1431
1388,1436
1393,1404
1406,1462
1424,1422
1456,1505
1420,1466
1429,1508
1472,1495
1489,1512
1531,1545
1506,1537
1541,1592
1556,1578
1594,1584
1560,1615
1585,1650
1613,1647
1662,1692
1673,1679
1664,1709
1701,1692
1723,1711
1733,1764
1735,1780
1782,1753
1757,1773
1788,1761
1793,1746
1800,1740
1767,1759
1808,1774
1756,1763
1750,1761
1837,1736
1786,1731
1790,1730
1758,1702
1717,1698
1729,1696
1708,1666
1705,1658
1636,1651
1717,1629
1676,1607
1631,1571
1621,1566
1593,1546
1598,1526
1592,1541
1521,1499
1536,1476
1536,1500
1447,1506
1456,1457
1447,1438
1449,1435
1430,1430
1432,1437
1425,1412
1413,1438
1437,1407
1404,1443
1437,1482
1429,1439
1436,1468
1438,1442
1475,1485
1441,1495
1446,1475
1472,1538
1470,1535
1495,1542
1537,1579
1515,1589
1562,1612
1580,1600
1586,1639
1571,1660
1622,1616
1631,1664
1690,1695
1713,1710
1698,1693
1710,1721
1756,1741
1738,1726
1756,1770
1753,1783
1774,1799
1758,1765
1740,1770
1779,1778
1759,1768
1792,1780
1790,1704
1779,1761
1766,1735
1733,1721
1751,1723
1722,1683
1718,1672
1717,1634
1687,1630
1669,1596
1665,1608
1599,1582
1636,1567
1628,1568
1559,1561
1604,1555
1529,1524
1544,1509
1524,1493
1498,1485
1504,1460
1484,1456
1497,1425
1441,1445
1459,1437
1443,1431
1386,1412
1447,1452
1437,1471
1422,1452
1414,1433
1393,1458
1421,1477
1426,1440
1423,1468
1461,1493
1465,1504
1482,1495
1528,1514
1485,1560
1515,1586
1555,1581
1568,1582
1610,1584
1622,1655
1605,1607
1608,1659
1648,1708
1657,1696
1697,1702
1688,1705
1713,1716
1729,1727
1731,1732
1740,1760
1739,1773
1770,1764
1750,1715
1783,1802
1791,1744
1778,1770
1789,1726
1778,1721
1773,1747
1708,1717
1729,1733
1754,1693
1711,1651
1706,1695
1697,1675
1700,1635
1640,1623
1635,1612
1650,1603
1594,1588
1623,1550
1610,1548
1554,1554
1535,1479
1544,1507
1527,1473
1528,1479
1505,1486
1463,1463
1471,1455
1446,1443
1403,1437
1424,1453
1442,1417
1426,1433
1463,1435
1430,1481
1402,1489
1404,1486
1475,1478
1421,1458
1481,1444
1487,1552
1521,1533
1495,1512
1505,1528
1560,1576
1556,1569
1534,1614
1530,1607
1576,1635
1624,1670
1654,1665
1632,1683
1668,1679
1701,1697
1722,1731
1711,1718
1722,1750
1724,1754
1737,1708
1781,1744
1791,1758
1803,1759
1780,1759
1768,1723
1793,1726
1773,1745
1770,1759
1768,1725
1760,1694
1712,1756
1751,1693
1734,1698
1764,1675
1720,1662
1701,1620
1649,1594
1644,1599
1604,1602
1627,1529
1592,1571
1566,1550
1524,1521
1535,1498
1527,1477
1552,1475
1486,1474
1502,1475
1479,1469
1490,1473
1451,1438
1426,1480
1401,1454
1420,1426
1423,1391
1393,1459
1419,1464
1423,1480
1435,1492
1428,1485
1469,1500
1489,1483
1452,1498
1530,1562
1467,1558
1524,1531
1545,1560
1555,1628
1618,1591
1601,1597
1646,1627
1631,1655
1616,1636
1683,1688
1696,1691
1720,1707
1686,1707
1716,1731
1715,1730
1747,1753
1708,1741
1741,1746
1761,1788
1734,1738
1737,1748
1796,1759
1781,1767
1773,1758
1756,1748
1739,1744
1739,1718
1738,1697
1732,1676
1739,1651
1677,1617
1682,1661
1663,1613
1592,1604
1642,1585
1582,1596
1572,1559
1546,1546
1541,1540
1543,1540
1510,1504
1528,1529
1480,1499
1473,1493
1401,1453
1456,1453
1468,1414
1434,1450
1465,1453
1454,1470
1443,1474
1421,1441
1433,1445
1473,1481
1445,1467
1476,1465
1439,1499
1472,1499
1491,1530
1515,1548
1540,1555
1528,1569
1545,1598
1567,1582
1575,1583
1568,1644
1645,1639
1667,1665
1631,1642
1669,1668
1707,1715
1687,1699
1706,1709
1717,1738
1719,1713
1733,1731
1793,1733
1760,1738
1775,1750
1734,1762
1792,1750
1770,1714
1729,1737
1730,1752
1752,1712
1768,1729
1677,1708
1783,1689
1712,1647
1698,1670
1642,1651
1657,1631
1644,1627
1631,1597
1608,1576
1584,1586
1569,1554
1596,1529
1553,1535
1520,1546
1529,1472
1481,1476
1478,1463
1498,1484
1507,1460
1427,1442
1446,1456
1412,1472
1435,1445
1407,1450
1429,1438
1411,1427
1398,1482
1480,1474
1436,1472
1456,1469
1458,1485
1458,1497
1511,1562
1503,1533
1520,1539
1527,1592
1578,1583
1559,1593
1572,1625
1595,1639
1617,1664
1652,1670
1656,1689
1695,1659
1712,1654
1739,1708
1739,1693
1695,1700
1730,1758
1717,1762
1777,1736
1769,1774
1786,1736
1738,1792
1756,1724
1742,1688
1745,1723
1728,1730
1732,1705
1771,1699
1706,1668
1675,1639
1697,1669
1676,1619
1673,1644
1632,1606
1598,1599
1590,1538
1597,1566
1598,1545
1560,1546
1512,1511
1536,1517
1489,1526
1492,1490
1470,1498
1491,1505
1492,1438
1459,1459
1417,1466
1439,1454
1443,1455
1415,1438
1450,1452
1431,1476
1403,1436
1464,1472
1471,1510
1453,1465
1456,1534
1511,1540
1519,1526
1465,1552
1575,1559
1517,1611
1559,1573
1608,1626
1593,1646
1651,1636
1627,1655
1650,1648
1722,1679
1680,1675
1723,1675
1700,1699
1708,1703
1708,1744
1776,1748
1756,1733
1759,1743
1746,1719
1737,1713
1781,1722
1732,1721
1761,1746
1753,1720
1765,1722
1694,1723
1710,1709
1706,1668
1685,1659
1685,1676
1718,1664
1678,1599
1643,1621
1598,1585
1600,1565
1569,1584
1561,1565
1555,1519
1560,1509
1482,1525
1527,1490
1503,1487
1464,1514
1463,1491
1480,1461
1465,1461
1436,1467
1448,1469
1425,1467
1431,1459
1439,1451
1455,1478
1466,1465
1490,1477
1471,1489
1500,1525
1455,1516
1469,1515
1507,1551
1515,1570
1542,1567
1552,1599
1574,1603
1611,1623
1635,1617
1597,1643
1617,1671
1682,1686
1719,1685
1713,1714
1726,1705
1746,1748
1696,1737
1730,1726
1782,1745
1740,1731
1754,1744
1788,1763
1758,1729
1720,1730
1774,1720
1748,1695
1733,1692
1735,1703
1731,1706
1735,1680
1715,1693
1696,1661
1680,1650
1656,1588
1672,1644
1649,1612
1620,1599
1588,1558
1540,1563
1545,1557
1535,1501
1522,1493
1520,1493
1487,1466
1497,1472
1498,1448
1456,1459
1477,1446
1439,1466
1448,1445
1441,1442
1432,1469
1449,1418
1458,1464
1448,1508
1464,1487
1469,1506
1462,1483
1474,1524
1489,1545
1498,1570
1507,1555
1576,1605
1593,1595
1574,1624
1601,1640
1634,1653
1635,1649
1674,1655
1671,1657
1695,1689
1679,1721
1676,1716
1739,1720
1727,1695
1766,1700
1755,1728
1738,1757
1776,1741
1762,1752
1724,1724
1745,1745
1742,1726
1695,1717
1735,1687
1724,1708
1727,1663
1693,1681
1712,1663
1692,1645
1658,1621
1667,1635
1642,1632
1609,1549
1573,1597
1566,1538
1563,1526
1553,1511
1568,1489
1526,1458
1476,1507
1486,1512
1460,1480
1484,1450
1434,1455
1439,1466
1462,1448
1465,1470
1437,1451
1443,1433
1447,1472
1463,1466
1483,1498
1481,1501
1493,1513
1485,1510
1475,1497
1531,1534
1496,1530
1535,1584
1520,1593
1575,1619
1608,1608
1620,1639
1603,1628
1604,1664
1680,1696
1698,1696
1706,1688
1716,1744
1721,1720
1736,1727
1760,1724
1737,1772
1729,1749
1735,1743
1754,1734
1755,1739
1762,1739
1740,1690
1737,1731
1756,1707
1748,1717
1718,1656
1660,1669
1698,1630
1660,1636
1666,1623
1630,1624
1637,1585
1613,1563
1638,1601
1574,1566
1560,1574
1569,1483
1512,1524
1486,1470
1451,1478
1480,1479
1494,1490
1504,1468
1445,1466
1451,1448
1472,1487
1468,1458
1463,1426
1446,1500
1460,1473
1470,1475
1430,1511
1485,1488
1479,1519
1508,1544
1500,1537
1530,1531
1544,1571
1558,1584
1565,1579
1541,1595
1601,1602
1598,1635
1654,1650
1627,1698
1683,1671
1635,1702
1679,1698
1692,1697
1713,1736
1734,1737
1747,1764
1740,1739
1724,1714
1716,1734
1772,1725
1742,1714
1746,1715
1759,1749
1785,1715
1697,1703
1717,1677
1735,1687
1696,1663
1690,1659
1678,1643
1632,1615
1612,1599
1592,1582
1600,1583
1583,1545
1575,1563
1532,1523
1535,1515
1492,1517
1485,1505
1463,1456
1454,1489
1460,1452
1470,1446
1449,1441
1402,1460
1443,1480
1400,1450
1411,1495
1433,1481
1463,1480
1478,1466
1456,1500
1494,1504
1495,1502
1496,1541
1519,1538
1552,1549
1535,1559
1590,1604
1574,1600
1587,1638
1585,1679
1638,1653
1636,1644
1707,1697
1653,1721
1643,1700
1699,1713
1752,1692
1713,1714
1713,1761
1741,1726
1730,1735
1750,1715
1770,1711
1762,1706
1740,1748
1704,1722
1731,1719
1737,1718
1764,1696
1707,1690
1689,1656
1698,1624
1673,1612
1634,1606
1627,1612
1647,1583
1621,1545
1577,1587
1581,1546
1507,1493
1576,1523
1502,1492
1521,1508
1520,1486
1506,1443
1459,1490
1458,1443
1484,1485
1482,1448
1436,1484
1444,1447
1456,1488
1462,1452
1439,1442
1452,1503
1463,1507
1500,1512
1455,1524
1511,1524
1511,1541
1556,1593
1562,1597
1609,1582
1569,1609
1618,1581
1637,1615
1647,1657
1657,1673
1664,1706
1703,1678
1690,1689
1728,1743
1719,1701
1697,1706
1749,1724
1784,1726
1749,1751
1736,1734
1728,1711
1769,1738
1729,1726
1740,1674
1741,1724
1708,1727
1739,1698
1719,1672
1704,1655
1654,1652
1662,1627
1650,1591
1653,1571
1624,1594
1579,1563
1615,1541
1582,1546
1544,1535
1484,1497
1508,1490
1493,1452
1495,1470
1458,1477
1426,1470
1465,1480
1449,1454
1440,1445
1428,1494
1452,1468
1443,1461
1445,1477
1471,1476
1426,1464
1460,1507
1494,1528
1505,1557
1525,1533
1523,1553
1582,1564
1585,1596
1577,1585
1598,1620
1630,1623
1634,1655
1611,1657
1665,1690
1730,1653
1685,1685
1729,1718
1725,1737
1705,1719
1747,1733
1746,1725
1720,1741
1740,1730
1746,1724
1754,1721
1728,1741
1758,1688
1799,1688
1723,1698
1698,1641
1672,1661
1668,1673
1708,1621
1695,1646
1655,1612
1674,1589
1609,1591
1610,1555
1525,1572
1551,1560
1576,1526
1478,1512
1477,1505
1480,1484
1462,1466
1503,1463
1446,1457
1460,1453
1454,1436
1431,1491
1458,1423
1499,1451
1434,1489
1484,1481
1459,1498
1491,1517
1507,1513
1439,1513
1524,1548
1514,1561
1544,1579
1512,1589
1547,1584
1631,1622
1617,1634
1581,1635
1647,1650
1665,1675
1717,1637
1678,1717
1725,1731
1722,1719
1722,1693
1757,1733
1748,1758
1730,1730
1770,1702
1743,1745
1761,1741
1756,1752
1749,1739
1737,1706
1707,1689
1760,1718
1721,1670
1678,1691
1688,1672
1660,1635
1672,1617
1642,1643
1615,1596
1577,1536
1593,1537
1565,1562
1550,1536
1511,1568
1543,1519
1482,1501
1483,1500
1469,1473
1489,1453
1429,1459
1434,1462
1444,1495
1469,1463
1445,1454
1477,1490
1469,1498
1453,1493
1451,1514
1516,1533
1481,1487
1496,1558
1529,1558
1563,1569
1545,1573
1564,1558
1578,1580
1577,1622
1613,1622
1641,1648
1644,1660
1665,1717
1676,1680
1678,1687
1678,1729
1680,1735
1737,1720
1705,1767
1742,1723
1754,1748
1760,1712
1752,1746
1754,1730
1764,1716
1742,1697
1766,1694
1732,1681
1733,1667
1737,1684
1675,1653
1652,1647
1657,1593
1620,1639
1638,1558
1610,1608
1541,1573
1589,1550
1579,1538
1519,1532
1489,1515
1496,1520
1521,1460
1499,1489
1488,1471
1454,1435
1489,1464
1444,1466
1443,1455
1458,1484
1404,1521
1433,1467
1470,1462
1435,1486
1476,1504
1508,1521
1536,1573
1526,1548
1540,1565
1541,1564
1553,1580
1583,1588
1598,1622
1614,1622
1609,1624
1661,1668
1659,1709
1676,1704
1706,1689
1731,1719
1710,1721
1700,1767
1742,1717
1777,1727
1733,1684
1710,1747
1779,1714
1729,1724
1759,1759
1735,1730
1728,1663
1743,1687
1720,1694
1696,1671
1679,1648
1671,1677
1654,1610
1579,1596
1597,1624
1626,1535
1561,1571
1573,1545
1572,1520
1518,1527
1505,1543
1460,1496
1498,1475
1480,1483
1472,1473
1435,1461
1477,1450
1457,1463
1420,1450
1454,1485
1438,1475
1450,1488
1498,1457
1457,1523
1457,1512
1488,1509
1509,1513
1497,1552
1566,1547
1549,1599
1572,1543
1599,1654
1569,1625
1621,1643
1642,1684
1663,1687
1657,1677
1667,1698
1744,1705
1718,1735
1728,1720
1697,1754
1794,1733
1728,1722
1730,1727
1786,1732
1744,1730
1732,1736
1754,1736
1736,1688
1725,1679
1711,1664
1689,1635
1667,1644
1689,1638
1647,1635
1611,1612
1633,1554
1610,1601
1562,1558
1580,1544
1544,1535
1550,1549
1505,1481
1519,1504
1484,1491
1528,1518
1446,1456
1443,1457
1453,1487
1470,1485
1450,1450
1458,1499
1469,1478
1462,1424
1448,1503
1440,1501
1536,1476
1507,1528
1496,1536
1508,1568
1472,1577
1564,1592
1568,1606
1571,1598
1605,1633
1568,1671
1660,1656
1608,1668
1666,1670
1704,1703
1711,1711
1752,1705
1750,1737
1714,1730
1743,1743
1748,1759
1743,1756
1748,1756
1777,1709
1718,1713
1752,1678
1737,1698
1734,1704
1710,1702
1693,1676
1664,1646
1657,1631
1607,1614
1604,1607
1590,1630
1571,1559
1601,1533
1568,1535
1581,1516
1519,1525
1544,1536
1478,1490
1478,1493
1463,1467
1471,1453
1457,1451
1471,1472
1443,1422
1468,1445
1463,1472
1435,1455
1466,1468
1435,1462
1476,1489
1461,1513
1480,1485
1484,1539
1545,1524
1553,1573
1577,1584
1607,1614
1621,1640
1593,1652
1603,1629
1648,1657
1698,1677
1688,1677
1737,1712
1711,1681
1762,1767
1725,1731
1760,1709
1749,1744
1743,1736
1796,1689
1768,1705
1758,1723
1716,1699
1769,1705
1710,1716
1702,1699
1719,1713
1749,1672
1665,1635
1636,1613
1662,1620
1648,1630
1610,1604
1610,1550
1576,1544
1594,1547
1539,1530
1488,1537
1470,1478
1515,1495
1470,1472
1465,1473
1445,1459
1415,1440
1446,1433
1414,1449
1447,1437
1445,1465
1400,1482
1418,1486
1449,1464
1475,1470
1508,1494
1513,1541
1514,1546
1504,1592
1538,1581
1577,1584
1565,1578
1598,1590
1617,1676
1631,1667
1674,1662
1685,1683
1695,1685
1714,1703
1705,1699
1741,1732
1696,1731
1743,1744
1794,1712
1732,1726
1725,1771
1759,1762
1770,1696
1760,1743
1716,1698
1727,1700
1684,1660
1722,1668
1702,1644
1658,1656
1641,1620
1652,1567
1607,1586
1584,1554
1601,1572
1584,1541
1565,1524
1556,1491
1544,1495
1497,1486
1504,1479
1503,1465
1482,1461
1450,1431
1465,1456
1480,1476
1430,1474
1448,1480
1445,1477
1489,1498
1475,1470
1494,1519
1452,1523
1513,1552
1515,1542
1481,1583
1535,1552
1557,1582
1614,1612
1627,1660
1606,1622
1619,1679
1652,1678
1681,1691
1683,1714
1689,1697
1714,1718
1783,1717
1751,1751
1710,1750
1761,1744
1734,1729
1752,1771
1749,1727
1740,1737
1762,1716
1740,1689
1706,1706
1694,1699
1697,1680
1726,1655
1681,1613
1663,1623
1667,1612
1582,1628
1554,1572
1537,1590
1557,1546
1561,1522
1521,1516
1521,1464
1503,1473
1469,1458
1497,1467
1480,1457
1495,1465
1439,1479
1417,1473
1437,1482
1459,1494
1469,1476
1457,1500
1473,1538
1447,1525
1533,1532
1505,1526
1525,1539
1512,1597
1537,1573
1580,1584
1580,1585
1635,1664
1647,1639
1667,1692
1691,1683
1680,1707
1690,1673
1739,1709
1724,1723
1742,1713
1727,1687
1754,1719
1736,1745
1799,1754
1736,1722
1748,1720
1778,1748
1758,1702
1765,1722
1725,1659
1715,1683
1694,1653
1704,1668
1647,1641
1666,1634
1619,1603
1623,1561
1579,1599
1573,1521
1536,1521
1487,1523
1578,1512
1539,1518
1492,1467
1477,1493
1471,1472
1430,1454
1456,1459
1468,1505
1420,1456
1420,1471
1471,1477
1434,1445
1422,1488
1436,1504
1497,1490
1470,1536
1494,1540
1517,1562
1562,1542
1555,1591
1595,1615
1609,1619
1621,1677
1593,1656
1677,1700
1699,1690
1675,1735
1731,1725
1724,1734
1759,1752
1739,1717
1728,1726
1757,1718
1736,1750
1787,1707
1771,1743
1755,1743
1738,1756
1758,1750
1698,1721
1693,1696
1713,1674
1695,1644
1676,1623
1665,1627
1654,1634
1627,1576
1589,1566
1543,1569
1551,1539
1548,1511
1534,1501
1482,1502
1472,1537
1460,1474
1455,1466
1419,1467
1441,1451
1415,1438
1440,1429
1422,1451
1465,1458
1455,1466
1417,1470
1453,1495
1451,1520
1471,1512
1483,1558
1489,1554
1515,1552
1541,1585
1599,1581
1607,1639
1624,1654
