ch1,ch2
1427,1525
1508,1523
1530,1536
1458,1522
1526,1505
1529,1565
1511,1533
1517,1536
1482,1497
1497,1559
1561,1558
1560,1539
1585,1534
1560,1585
1529,1546
1555,1587
1553,1579
1589,1557
1552,1576
1595,1577
1588,1543
1564,1593
1580,1604
1582,1560
1574,1575
1596,1592
1554,1560
1504,1589
1618,1604
1565,1611
1585,1609
1569,1604
1599,1592
1559,1549
1609,1588
1533,1634
1599,1607
1637,1635
1545,1561
1670,1590
1619,1605
1566,1547
1580,1599
1633,1540
1632,1620
1599,1555
1630,1648
1614,1534
1606,1529
1591,1567
1607,1633
1656,1590
1602,1524
1590,1577
1610,1496
1602,1603
1582,1546
1592,1566
1594,1548
1537,1588
1562,1561
1585,1640
1494,1609
1634,1572
1541,1494
1567,1542
1618,1527
1504,1513
1604,1533
1556,1495
1581,1530
1526,1493
1498,1413
1522,1523
1548,1515
1557,1520
1633,1547
1632,1542
1555,1567
1555,1522
1622,1561
1566,1497
1623,1595
1546,1470
1538,1488
1439,1411
1549,1480
1436,1444
1495,1452
1421,1440
1499,1520
1606,1543
1478,1428
1457,1521
1591,1486
1472,1484
1542,1473
1429,1442
1469,1446
1411,1420
1493,1512
1611,1521
1529,1457
1559,1506
1434,1407
1500,1432
1426,1453
1389,1407
1432,1387
1584,1516
1476,1486
1494,1505
1392,1359
1468,1428
1573,1547
1541,1508
1508,1549
1408,1411
1437,1392
1410,1427
1371,1453
1447,1515
1341,1467
1409,1426
1359,1418
1427,1413
1419,1454
1411,1428
1428,1393
1445,1412
1535,1557
1405,1410
1451,1430
1366,1365
1415,1419
1384,1456
1442,1421
1433,1453
1433,1372
1432,1450
1444,1475
1434,1417
1459,1428
1449,1444
1454,1396
1373,1444
1525,1542
1448,1421
1514,1500
1444,1453
1561,1570
1525,1572
1464,1480
1470,1572
1448,1446
1377,1406
1384,1432
1435,1545
1462,1518
1398,1418
1567,1585
1474,1481
1579,1520
1532,1581
1578,1530
1455,1471
1480,1497
1428,1422
1386,1381
1470,1550
1593,1596
1525,1512
1515,1566
1618,1599
1493,1525
1473,1530
1393,1439
1598,1579
1491,1483
1575,1548
1359,1501
1611,1615
1564,1472
1526,1485
1523,1506
1610,1622
1607,1595
1559,1577
1501,1387
1600,1612
1594,1563
1468,1585
1586,1526
1607,1582
1361,1408
1436,1540
1384,1420
1555,1546
1430,1499
1592,1591
1514,1615
1406,1431
1436,1437
1419,1455
1395,1430
1562,1521
1605,1562
1613,1608
1584,1574
1546,1585
1493,1470
1556,1602
1423,1416
1446,1464
1626,1538
1535,1552
1470,1488
1531,1533
1528,1442
1561,1524
1641,1582
1529,1581
1536,1542
1627,1551
1548,1593
1369,1390
1642,1525
1561,1536
1530,1510
1597,1577
1380,1399
1431,1459
1553,1574
1636,1608
1396,1467
1542,1569
1384,1478
1481,1400
1597,1532
1482,1449
1501,1484
1393,1417
1434,1476
1438,1456
1422,1488
1496,1488
1447,1440
1609,1590
1665,1585
1580,1526
1606,1544
1483,1479
1477,1474
1369,1482
1405,1409
1427,1434
1511,1501
1593,1478
1567,1539
1465,1400
1487,1500
1516,1446
1348,1425
1558,1495
1561,1549
1418,1439
1499,1418
1584,1566
1420,1401
1419,1405
1442,1587
1352,1390
1438,1456
1437,1416
1364,1416
1446,1433
1521,1501
1430,1419
1488,1489
1680,1606
1500,1556
1524,1429
1411,1467
1595,1552
1523,1563
1362,1471
1434,1400
1465,1508
1492,1471
1549,1585
1597,1550
1578,1560
1506,1604
1558,1569
1596,1489
1450,1552
1419,1424
1375,1492
1494,1512
1399,1394
1631,1591
1467,1448
1389,1351
1414,1438
1597,1552
1516,1445
1570,1618
1632,1540
1604,1615
1381,1450
1596,1582
1657,1517
1482,1460
1584,1583
1492,1530
1441,1541
1479,1423
1497,1527
1415,1429
1587,1574
1384,1387
1441,1423
1581,1569
1487,1384
1466,1447
1596,1638
1588,1583
1488,1552
1608,1551
1613,1568
1595,1592
1520,1507
1365,1421
1576,1557
1493,1588
1451,1453
1415,1458
1594,1553
1416,1440
1414,1479
1439,1474
1582,1556
1564,1514
1382,1518
1602,1557
1576,1563
1596,1580
1407,1432
1582,1571
1412,1368
1527,1527
1388,1405
1500,1477
1633,1587
1384,1412
1651,1605
1536,1582
1386,1425
1407,1407
1603,1626
1558,1521
1621,1554
1361,1369
1452,1465
1429,1391
1450,1447
1451,1443
1581,1616
1338,1388
1383,1376
1514,1582
1559,1609
1579,1603
1653,1575
1389,1383
1692,1579
1357,1446
1554,1470
1483,1552
1476,1519
1559,1546
1411,1415
1448,1466
1566,1554
1415,1419
1564,1550
1423,1433
1431,1411
1399,1448
1470,1429
1496,1477
1555,1603
1542,1551
1624,1540
1427,1433
1374,1422
1442,1432
1406,1442
1357,1384
1490,1503
1510,1475
1411,1406
1495,1604
1585,1602
1419,1459
1413,1398
1359,1378
1457,1542
1597,1594
1462,1492
1624,1511
1397,1477
1446,1385
1531,1453
1599,1578
1439,1421
1604,1605
1455,1524
1609,1603
1632,1584
1432,1531
1518,1494
1406,1437
1622,1569
1616,1579
1371,1390
1447,1453
1436,1458
1656,1608
1504,1493
1362,1466
1384,1403
1359,1410
1594,1595
1595,1519
1612,1567
1562,1467
1539,1442
1515,1507
1574,1513
1430,1411
1594,1603
1640,1574
1367,1360
1526,1436
1618,1553
1329,1435
1592,1526
1531,1531
1396,1513
1468,1454
1595,1565
1500,1522
1382,1444
1495,1402
1634,1554
1600,1585
1606,1599
1422,1482
1507,1518
1570,1611
1589,1571
1346,1378
1635,1582
1466,1557
1461,1486
1511,1514
1387,1461
1487,1556
1402,1425
1408,1409
1470,1374
1456,1438
1519,1564
1390,1423
1342,1395
1579,1520
1603,1525
1579,1587
1442,1444
1514,1455
1389,1376
1663,1569
1439,1431
1440,1482
1445,1387
1485,1498
1401,1495
1411,1385
1608,1529
1446,1387
1574,1598
1579,1547
1559,1620
1498,1448
1612,1607
1390,1490
1403,1382
1599,1578
1656,1589
1629,1628
1362,1437
1375,1403
1389,1398
1408,1386
1497,1515
1610,1597
1412,1404
1472,1462
1499,1434
1493,1514
1391,1373
1520,1482
1383,1421
1617,1567
1411,1427
1412,1379
1543,1503
1591,1569
1477,1516
1546,1505
1419,1445
1355,1421
1560,1519
1692,1559
1588,1561
1597,1570
1414,1407
1370,1407
1351,1374
1422,1403
1398,1407
1441,1407
1647,1563
1534,1603
1549,1486
1595,1606
1636,1531
1387,1453
1586,1499
1545,1549
1367,1414
1648,1528
1556,1529
1600,1590
1424,1428
1554,1535
1566,1543
1577,1578
1383,1426
1493,1526
1353,1395
1407,1463
1584,1579
1447,1561
1461,1504
1450,1457
1495,1496
1375,1429
1359,1419
1678,1558
1464,1533
1528,1609
1575,1593
1414,1453
1558,1551
1544,1546
1521,1510
1349,1386
1643,1519
1603,1600
1510,1490
1554,1556
1516,1529
1515,1500
1467,1431
1436,1442
1586,1596
1626,1603
1372,1416
1627,1548
1619,1645
1548,1520
1393,1406
1410,1519
1499,1496
1626,1616
1548,1492
1416,1425
1498,1519
1344,1416
1545,1548
1386,1424
1381,1360
1531,1557
1533,1471
1548,1578
1477,1462
1558,1535
1471,1547
1570,1547
1568,1579
1618,1591
1641,1572
1422,1443
1557,1489
1377,1396
1618,1526
1555,1510
1412,1395
1592,1604
1391,1431
1347,1433
1367,1399
1344,1433
1547,1549
1604,1578
1509,1542
1408,1479
1390,1440
1382,1402
1325,1424
1602,1525
1583,1542
1407,1397
1574,1573
1539,1490
1482,1535
1419,1435
1450,1444
1367,1422
1496,1538
1456,1520
1443,1402
1379,1416
1464,1486
1583,1547
1581,1541
1633,1597
1443,1409
1482,1525
1416,1402
1541,1584
1482,1546
1613,1596
1591,1585
1592,1574
1690,1543
1384,1375
1382,1460
1567,1612
1564,1541
1620,1590
1428,1397
1454,1496
1536,1498
1465,1558
1569,1583
1476,1543
1365,1435
1481,1407
1599,1618
1458,1493
1574,1558
1572,1586
1642,1632
1587,1571
1539,1595
1428,1479
1496,1521
1569,1626
1528,1498
1425,1504
1444,1507
1389,1405
1612,1544
1562,1540
1492,1514
1381,1435
1494,1489
1590,1621
1411,1410
1602,1501
1633,1594
1511,1563
1564,1557
1477,1507
1568,1608
1471,1423
1416,1392
1654,1561
1463,1506
1619,1605
1572,1618
1509,1446
1534,1570
1458,1480
1635,1602
1550,1522
1411,1365
1375,1406
1439,1385
1635,1597
1402,1405
1424,1419
1616,1577
1600,1507
1650,1585
1555,1566
1548,1505
1583,1597
1541,1550
1495,1477
1496,1483
1595,1636
1506,1522
1521,1532
1576,1484
1328,1451
1644,1571
1637,1545
1504,1495
1425,1483
1552,1526
1393,1449
1385,1410
1463,1524
1621,1609
1360,1462
1624,1605
1477,1504
1587,1634
1584,1577
1403,1392
1366,1377
1446,1455
1389,1428
1477,1530
1576,1610
1609,1530
1593,1591
1440,1368
1656,1565
1480,1540
1561,1415
1402,1429
1413,1424
1421,1420
1525,1500
1376,1440
1446,1408
1376,1378
1472,1489
1619,1540
1495,1496
1631,1499
1418,1460
1369,1388
1626,1598
1630,1609
1581,1612
1591,1573
1534,1569
1630,1580
1407,1471
1471,1506
1635,1531
1547,1605
1525,1563
1583,1516
1479,1515
1486,1391
1496,1514
1478,1411
1384,1379
1517,1537
1496,1517
1630,1571
1358,1384
1588,1581
1330,1406
1501,1488
1458,1565
1611,1607
1478,1454
1383,1376
1391,1403
1562,1643
1619,1621
1590,1553
1579,1544
1380,1400
1561,1557
1636,1573
1542,1507
1580,1633
1499,1516
1494,1542
1560,1565
1436,1411
1666,1608
1496,1585
1681,1627
1666,1592
1553,1543
1336,1428
1334,1388
1577,1594
1647,1597
1584,1523
1367,1416
1407,1472
1560,1551
1479,1519
1395,1510
1373,1417
1499,1457
1609,1554
1333,1416
1609,1497
1395,1449
1332,1435
1416,1426
1550,1506
1365,1398
1419,1500
1362,1425
1516,1552
1419,1505
1608,1553
1499,1502
1415,1393
1533,1523
1409,1416
1511,1498
1585,1557
1382,1408
1557,1587
1554,1530
1603,1605
1568,1571
1370,1389
1587,1445
1401,1426
1403,1494
1443,1469
1401,1473
1574,1588
1443,1483
1444,1468
1424,1378
1633,1564
1353,1429
1475,1450
1559,1603
1575,1578
1377,1462
1416,1462
1479,1457
1478,1607
1479,1421
1387,1352
1454,1476
1644,1628
1432,1443
1409,1506
1612,1606
1505,1474
1457,1460
1404,1421
1502,1527
1635,1572
1626,1518
1371,1375
1574,1554
1374,1421
1666,1522
1370,1464
1607,1577
1486,1402
1488,1504
1598,1546
1626,1531
1621,1625
1397,1463
1602,1579
1521,1535
1352,1419
1415,1416
1562,1544
1449,1389
1349,1397
1519,1473
1420,1390
1408,1474
1388,1384
1487,1510
1335,1402
1368,1418
1377,1445
1526,1498
1457,1479
1414,1413
1394,1409
1593,1556
1545,1531
1429,1448
1487,1520
1589,1571
1364,1385
1420,1503
1445,1471
1390,1482
1603,1525
1483,1552
1407,1437
1444,1487
1522,1517
1476,1490
1426,1415
1585,1606
1387,1413
1466,1431
1596,1595
1590,1608
1383,1393
1619,1620
1469,1490
1646,1644
1512,1497
1420,1407
1381,1403
1464,1442
1351,1442
1465,1505
1584,1569
1423,1447
1578,1564
1436,1470
1398,1457
1395,1411
1588,1551
1538,1472
1383,1415
1398,1422
1501,1486
1352,1448
1394,1453
1428,1420
1563,1569
1571,1444
1661,1575
1438,1451
1495,1534
1487,1511
1527,1459
1435,1470
1616,1562
1391,1375
1389,1379
1455,1458
1460,1495
1374,1408
1538,1572
1641,1527
1589,1523
1508,1389
1613,1557
1580,1561
1556,1568
1574,1544
1419,1543
1502,1441
1544,1457
1671,1619
1378,1407
1650,1549
1511,1468
1558,1538
1618,1609
1462,1457
1685,1518
1414,1426
1574,1529
1395,1392
1434,1466
1558,1539
1620,1593
1564,1514
1356,1398
1541,1442
1421,1487
1497,1471
1361,1444
1443,1489
1354,1407
1397,1397
1530,1588
1370,1451
1424,1399
1619,1582
1449,1451
1457,1461
1413,1426
1621,1599
1488,1525
1598,1592
1440,1509
1607,1596
1639,1589
1372,1429
1388,1433
1381,1455
1445,1466
1610,1545
1373,1419
1424,1427
1372,1389
1328,1412
1591,1628
1497,1572
1382,1385
1424,1417
1365,1437
1597,1588
1612,1599
1592,1646
1647,1622
1630,1609
1411,1453
1523,1552
1509,1521
1574,1520
1510,1544
1657,1586
1443,1451
1522,1530
1371,1439
1509,1459
1583,1607
1404,1439
1474,1447
1566,1581
1453,1436
1422,1433
1560,1467
1413,1491
1439,1528
1509,1506
1424,1454
1441,1507
1422,1461
1588,1613
1568,1508
1419,1364
1511,1510
1511,1544
1396,1423
1392,1418
1461,1414
1590,1608
1393,1333
1502,1480
1374,1391
1341,1372
1625,1579
1553,1569
1562,1515
1483,1475
1555,1506
1578,1538
1495,1475
1517,1481
1500,1461
1424,1528
1527,1455
1425,1456
1616,1621
1400,1536
1396,1412
1415,1446
1392,1453
1575,1587
1485,1494
1417,1487
1607,1503
1571,1586
1619,1538
1398,1445
1405,1522
1417,1418
1556,1587
1496,1506
1604,1533
1440,1446
1629,1579
1575,1557
1358,1399
1390,1384
1362,1443
1468,1444
1573,1481
1510,1462
1494,1502
1386,1491
1606,1489
1614,1602
1571,1530
1562,1510
1451,1412
1503,1461
1560,1527
1561,1567
1352,1383
1301,1432
1391,1401
1454,1509
1435,1542
1549,1551
1595,1584
1479,1424
1572,1580
1616,1565
1477,1490
1534,1541
1518,1543
1499,1467
1544,1484
1589,1581
1485,1470
1550,1606
1403,1382
1660,1571
1544,1456
1391,1411
1549,1573
1598,1530
1350,1395
1575,1639
1490,1503
1538,1482
1540,1545
1516,1496
1575,1583
1650,1649
1526,1528
1433,1416
1629,1571
1423,1416
1582,1579
1628,1569
1368,1416
1370,1400
1519,1456
1412,1456
1676,1608
1534,1535
1386,1439
1409,1453
1618,1593
1463,1426
1512,1537
1537,1457
1402,1411
1617,1579
1592,1603
1634,1595
1475,1518
1375,1378
1598,1577
1556,1516
1608,1521
1453,1408
1569,1638
1544,1555
1597,1595
1435,1392
1474,1584
1566,1552
1487,1441
1594,1627
1575,1567
1485,1429
1456,1395
1525,1542
1567,1632
1603,1486
1423,1542
1360,1442
1616,1583
1362,1466
1593,1541
1538,1488
1660,1595
1469,1508
1368,1426
1464,1448
1551,1507
1566,1583
1580,1577
1541,1581
1376,1396
1388,1391
1431,1431
1534,1477
1560,1601
1511,1533
1567,1565
1453,1430
1496,1453
1387,1360
1581,1630
1638,1626
1531,1443
1609,1612
1331,1359
1415,1421
1390,1430
1325,1388
1432,1404
1453,1430
1468,1502
1424,1447
1425,1434
1475,1558
1441,1494
1510,1490
1586,1572
1580,1575
1343,1421
1371,1455
1444,1411
1614,1572
1474,1416
1485,1499
1587,1556
1602,1589
1442,1414
1417,1410
1599,1571
1417,1511
1417,1420
1423,1403
1340,1416
1329,1414
1348,1398
1389,1418
1468,1541
1609,1584
1585,1605
1554,1483
1488,1435
1494,1505
1610,1567
1657,1628
1410,1366
1533,1537
1345,1388
1330,1414
1442,1458
1419,1467
1597,1558
1601,1604
1580,1571
1386,1404
1348,1414
1677,1592
1618,1594
1394,1456
1550,1551
1597,1603
1419,1479
1388,1439
1594,1578
1611,1593
1624,1591
1579,1535
1596,1587
1609,1546
1356,1428
1325,1457
1484,1481
1638,1651
1390,1455
1550,1576
1438,1467
1448,1486
1496,1466
1547,1557
1355,1404
1626,1621
1405,1392
1524,1524
1418,1430
1558,1577
1460,1462
1425,1426
1375,1383
1377,1429
1547,1593
1637,1547
1430,1413
1537,1580
1642,1574
1512,1571
1565,1484
1470,1532
1466,1366
1647,1593
1580,1518
1480,1414
1479,1402
1542,1582
1373,1408
1624,1579
1534,1499
1392,1406
1393,1413
1630,1631
1384,1411
1421,1417
1597,1574
1564,1587
1644,1627
1376,1395
1378,1383
1566,1598
1426,1416
1476,1458
1392,1384
1594,1567
1384,1395
1590,1648
1553,1540
1414,1401
1627,1530
1593,1528
1415,1473
1435,1409
1601,1515
1550,1605
1376,1473
1503,1506
1645,1562
1415,1479
1481,1447
1413,1422
1609,1571
1639,1523
1437,1429
1621,1631
1537,1523
1549,1627
1619,1566
1526,1555
1661,1631
1417,1423
1421,1578
1400,1317
1475,1423
1658,1614
1495,1460
1396,1413
1463,1530
1507,1398
1450,1419
1369,1444
1370,1407
1538,1538
1493,1456
1473,1444
1383,1414
1609,1563
1555,1531
1516,1489
1436,1460
1636,1634
1346,1420
1584,1600
1634,1621
1486,1447
1466,1488
1365,1407
1516,1518
1585,1567
1440,1568
1456,1422
1602,1567
1394,1417
1512,1464
1416,1376
1587,1604
1368,1410
1512,1456
1426,1386
1454,1421
1389,1414
1390,1475
1487,1567
1413,1428
1412,1512
1402,1399
1572,1626
1364,1375
1637,1520
1430,1393
1486,1568
1541,1483
1635,1631
1625,1632
1594,1596
1448,1490
1428,1416
1426,1453
1508,1502
1428,1434
1468,1399
1467,1443
1624,1556
1627,1550
1689,1598
1549,1415
1539,1479
1464,1507
1454,1424
1409,1365
1618,1539
1457,1456
1589,1617
1438,1502
1544,1532
1406,1399
1611,1599
1426,1455
1450,1480
1329,1482
1363,1387
1383,1361
1498,1434
1388,1553
1516,1540
1385,1442
1558,1510
1526,1505
1417,1372
1592,1586
1533,1542
1597,1560
1496,1513
1539,1589
1423,1402
1587,1544
1477,1488
1403,1448
1579,1566
1524,1542
1485,1499
1412,1442
1439,1428
1508,1525
1610,1636
1576,1568
1422,1387
1374,1487
1585,1550
1628,1580
1399,1471
1403,1415
1391,1437
1661,1602
1605,1561
1519,1576
1522,1592
1480,1476
1613,1564
1519,1516
1455,1458
1342,1421
1489,1482
1582,1549
1374,1375
1619,1514
1447,1443
1580,1596
1599,1604
1438,1449
1410,1492
1627,1619
1434,1379
1409,1433
1471,1448
1546,1541
1368,1382
1578,1568
1417,1397
1582,1531
1627,1503
1369,1348
1670,1635
1647,1587
1481,1390
1530,1493
1531,1498
1603,1542
1589,1557
1481,1452
1493,1572
1556,1522
1483,1458
1366,1396
1601,1618
1616,1616
1394,1407
1378,1399
1445,1547
1467,1489
1376,1389
1510,1479
1595,1524
1503,1502
1437,1480
1467,1463
1332,1383
1494,1571
1647,1598
1551,1573
1459,1482
1432,1478
1539,1539
1594,1586
1646,1561
1531,1559
1631,1603
1590,1549
1449,1523
1575,1563
1338,1425
1361,1452
1403,1417
1393,1445
1561,1577
1613,1634
1477,1453
1348,1368
1402,1461
1632,1556
1465,1432
1398,1518
1491,1434
1352,1463
1637,1604
1575,1579
1610,1548
1626,1539
1593,1579
1512,1512
1426,1422
1391,1456
1353,1453
1438,1443
1649,1553
1439,1411
1605,1549
1544,1531
1370,1380
1348,1432
1402,1427
1377,1406
1525,1500
1471,1435
1409,1499
1467,1453
1502,1565
1642,1600
1474,1404
1478,1519
1507,1438
1644,1545
1583,1550
1422,1435
1585,1594
1425,1500
1387,1456
1577,1530
1532,1554
1395,1436
1460,1457
1542,1517
1380,1426
1498,1574
1514,1522
1364,1403
1373,1410
1665,1590
1374,1414
1450,1411
1471,1448
1591,1568
1445,1422
1593,1581
1431,1484
1435,1394
1371,1390
1387,1432
1545,1466
1555,1548
1361,1356
1379,1418
1458,1514
1625,1568
1446,1514
1594,1580
1476,1511
1560,1559
1359,1429
1629,1580
1437,1452
1568,1604
1361,1409
1433,1487
1426,1454
1563,1571
1578,1580
1607,1580
1447,1489
1526,1542
1494,1480
1384,1416
1419,1391
1617,1564
1423,1433
1504,1440
1544,1530
1379,1479
1582,1591
1596,1584
1404,1442
1607,1615
1393,1394
1406,1415
1457,1537
1644,1549
1410,1447
1532,1520
1451,1414
1389,1375
1428,1419
1385,1412
1569,1546
1599,1597
1505,1437
1470,1519
1359,1391
1416,1428
1393,1439
1464,1484
1383,1406
1373,1367
1577,1471
1417,1439
1393,1377
1548,1589
1470,1600
1539,1529
1571,1568
1415,1454
1566,1525
1440,1499
1484,1522
1370,1428
1372,1410
1593,1537
1623,1541
1536,1554
1646,1565
1399,1452
1555,1499
1539,1537
1536,1454
1438,1394
1474,1446
1525,1545
1391,1522
1566,1515
1617,1572
1406,1404
1398,1417
1635,1579
1444,1501
1575,1630
1491,1519
1389,1404
1544,1550
1486,1563
1347,1388
1639,1575
1387,1428
1491,1553
1426,1446
1643,1595
1327,1405
1449,1477
1387,1458
1541,1613
1649,1577
1531,1612
1562,1568
1501,1541
1531,1593
1582,1528
1374,1411
1401,1457
1512,1465
1526,1518
1584,1593
1613,1614
1553,1464
1352,1420
1622,1497
1409,1451
1479,1556
1604,1556
1341,1454
1459,1330
1531,1509
1591,1622
1622,1541
1565,1502
1530,1495
1544,1524
1560,1588
1462,1442
1446,1436
1382,1437
1427,1471
1438,1514
1482,1477
1484,1502
1587,1551
1384,1431
1639,1639
1436,1462
1546,1499
1528,1543
1339,1381
1578,1608
1494,1472
1627,1523
1611,1556
1607,1583
1613,1545
1414,1455
1561,1499
1655,1565
1502,1509
1594,1572
1512,1500
1362,1433
1372,1512
1565,1507
1461,1445
1488,1527
1489,1528
1607,1582
1591,1605
1427,1413
1577,1499
1390,1410
1644,1607
1448,1404
1408,1443
1592,1591
1390,1374
1428,1442
1584,1548
1363,1430
1553,1585
1412,1389
1388,1381
1608,1563
1355,1412
1400,1439
1372,1378
1471,1428
1528,1571
1571,1542
1478,1491
1439,1485
1348,1431
1615,1597
1603,1612
1547,1555
1558,1546
1537,1562
1581,1600
1353,1437
1561,1526
1535,1599
1417,1523
1561,1568
1661,1645
1536,1525
1597,1621
1419,1473
1426,1471
1548,1500
1471,1488
1410,1384
1566,1604
1600,1572
1560,1545
1563,1481
1485,1532
1384,1451
1372,1424
1428,1470
1545,1569
1592,1629
1514,1497
1325,1482
1503,1545
1348,1390
1479,1372
1571,1519
1445,1452
1477,1418
1380,1441
1511,1502
1382,1405
1585,1624
1606,1548
1375,1445
1491,1511
1580,1581
1584,1533
1461,1443
1350,1398
1389,1420
1603,1556
1457,1494
1586,1569
1377,1418
1529,1584
1421,1434
1583,1567
1435,1390
1478,1483
1554,1563
1409,1457
1444,1490
1551,1523
1598,1535
1417,1439
1540,1522
1496,1458
1426,1400
1607,1582
1544,1526
1490,1471
1556,1502
1529,1487
1532,1527
1462,1379
1361,1392
1560,1566
1572,1535
1587,1609
1588,1595
1383,1396
1452,1479
1544,1577
1563,1494
1591,1488
1571,1570
1385,1432
1385,1390
1490,1453
1478,1513
1543,1423
1607,1559
1432,1431
1506,1460
1410,1426
1452,1528
1388,1393
1544,1567
1463,1407
1618,1586
1522,1494
1574,1599
1576,1537
1604,1546
1550,1481
1366,1389
1430,1447
1415,1463
1376,1476
1519,1502
1599,1613
1480,1513
1356,1406
1382,1470
1552,1507
1422,1422
1507,1497
1525,1548
1503,1446
1596,1569
1443,1528
1602,1630
1584,1546
1476,1504
1615,1570
1605,1561
1625,1546
1549,1512
1412,1412
1401,1426
1368,1397
1546,1602
1340,1420
1592,1582
1570,1571
1423,1453
1566,1525
1552,1530
1496,1550
1465,1413
1491,1484
1469,1511
1573,1555
1425,1440
1439,1411
1575,1597
1349,1386
1320,1412
1520,1557
1369,1475
1378,1428
1565,1536
1410,1369
1566,1573
1522,1522
1417,1470
1404,1411
1542,1545
1603,1568
1402,1445
1440,1419
1532,1553
1593,1581
1600,1577
1380,1434
1435,1422
1553,1504
1467,1422
1464,1535
1377,1455
1604,1551
1523,1536
1408,1404
1565,1529
1343,1369
1582,1590
1581,1561
1549,1630
1566,1595
1616,1607
1538,1577
1496,1552
1411,1423
1541,1540
1462,1417
1420,1411
1455,1458
1465,1441
1457,1487
1579,1586
1631,1571
1417,1414
1491,1431
1445,1450
1447,1480
1495,1508
1411,1405
1432,1413
1473,1540
1401,1443
1494,1567
1549,1488
1428,1399
1407,1401
1460,1459
1445,1370
1572,1554
1642,1586
1513,1561
1612,1541
1549,1481
1499,1398
1468,1483
1561,1633
1442,1467
1416,1414
1476,1453
1495,1472
1598,1586
1547,1526
1409,1397
1582,1616
1630,1588
1599,1580
1683,1559
1532,1557
1541,1543
1390,1455
1515,1560
1611,1551
1561,1516
1429,1481
1432,1425
1618,1566
1545,1506
1567,1561
1568,1505
1575,1512
1552,1545
1473,1452
1380,1418
1391,1495
1620,1615
1407,1484
1508,1492
1358,1408
1469,1535
1596,1598
1606,1579
1441,1488
1613,1576
1458,1497
1468,1402
1444,1448
1374,1415
1479,1434
1587,1569
1612,1614
1403,1435
1487,1459
1463,1497
1556,1471
1374,1399
1514,1507
1515,1577
1598,1619
1592,1578
1473,1460
1470,1463
1463,1506
1641,1565
1404,1434
1599,1577
1403,1512
1484,1486
1339,1407
1422,1367
1427,1377
1457,1519
1611,1600
1506,1483
1462,1459
1574,1519
1516,1555
1510,1450
1630,1560
1426,1473
1373,1418
1438,1527
1526,1547
1433,1443
1624,1567
1473,1483
1654,1543
1580,1601
1585,1542
1396,1479
1373,1429
1603,1537
1399,1360
1556,1593
1410,1381
1537,1490
1423,1524
1402,1482
1578,1624
1575,1509
1375,1512
1505,1520
1422,1447
1611,1613
1497,1548
1546,1518
1464,1570
1435,1477
1581,1491
1456,1458
1485,1467
1419,1446
1448,1398
1446,1443
1417,1460
1368,1451
1520,1542
1579,1564
1549,1515
1635,1584
1465,1484
1399,1467
1535,1481
1547,1524
1563,1508
1446,1423
1453,1413
1423,1391
1491,1519
1594,1551
1526,1466
1515,1457
1495,1549
1477,1443
1630,1578
1624,1586
1475,1542
1426,1503
1436,1504
1635,1592
1494,1513
1497,1498
1512,1535
1591,1564
1517,1506
1541,1585
1631,1501
1526,1459
1614,1585
1434,1475
1479,1428
1476,1428
1491,1496
1477,1532
1509,1566
1500,1500
1440,1398
1540,1581
1561,1455
1436,1407
1586,1587
1585,1552
1636,1619
1592,1565
1332,1408
1404,1405
1454,1442
1598,1565
1414,1364
1599,1607
1630,1566
1397,1452
1396,1397
1410,1449
1534,1581
1593,1605
1398,1425
1573,1564
1538,1543
1466,1485
1414,1462
1568,1461
1541,1505
1488,1506
1443,1395
1580,1516
1580,1560
1413,1432
1499,1448
1608,1540
1559,1509
1581,1525
1633,1599
1439,1404
1457,1526
1600,1589
1627,1552
1491,1520
1414,1429
1425,1512
1480,1492
1598,1620
1442,1475
1452,1405
1426,1451
1399,1467
1427,1420
1489,1481
1556,1554
1546,1557
1544,1534
1459,1436
1596,1556
1401,1311
1467,1416
1478,1409
1571,1556
1507,1489
1647,1516
1430,1480
1509,1491
1566,1590
1582,1551
1594,1530
1455,1446
1450,1450
1574,1570
1491,1468
1416,1393
1370,1487
1452,1473
1422,1417
1521,1500
1532,1515
1479,1525
1575,1552
1600,1582
1511,1479
1599,1578
1575,1580
1500,1532
1404,1487
1524,1500
1521,1500
1390,1379
1375,1418
1460,1444
1500,1443
1476,1485
1491,1469
1396,1465
1579,1505
1517,1518
1620,1610
1573,1540
1491,1589
1425,1432
1545,1594
1407,1537
1569,1601
1507,1476
1450,1404
1573,1592
1510,1511
1472,1445
1538,1480
1533,1508
1444,1443
1587,1631
1422,1430
1546,1592
1495,1368
1588,1597
1512,1508
1466,1560
1388,1432
1595,1586
1601,1578
1425,1445
1605,1561
1419,1427
1560,1533
1536,1524
1355,1428
1577,1565
1568,1519
1474,1478
1375,1378
1612,1593
1642,1551
1383,1461
1496,1477
1435,1438
1463,1389
1605,1592
1428,1427
1523,1511
1469,1510
1548,1499
1556,1522
1635,1540
1490,1558
1438,1466
1631,1575
1469,1415
1414,1403
1508,1509
1562,1543
1451,1477
1401,1445
1455,1567
1408,1426
1413,1494
1625,1643
1608,1607
1468,1445
1523,1498
1517,1497
1524,1527
1555,1550
1639,1539
1448,1509
1555,1502
1450,1461
1652,1592
1661,1580
1449,1361
1376,1419
1536,1500
1594,1534
1534,1524
1602,1540
1580,1504
1525,1571
1412,1487
1531,1501
1468,1470
1468,1489
1461,1457
1460,1395
1637,1613
1565,1557
1528,1529
1615,1574
1455,1437
1512,1442
1425,1468
1437,1468
1546,1547
1410,1474
1393,1408
1445,1515
1475,1515
1616,1575
1424,1406
1369,1396
1501,1466
1483,1455
1413,1471
1516,1470
1565,1554
1596,1588
1575,1562
1576,1520
1580,1545
1405,1467
1500,1536
1442,1479
1462,1503
1396,1450
1559,1586
1597,1575
1462,1501
1502,1511
1440,1471
1428,1423
1463,1417
1600,1559
1570,1538
1517,1517
1383,1437
1445,1420
1385,1395
1496,1530
1595,1619
1434,1436
1490,1466
1586,1591
1374,1426
1565,1566
1356,1388
1452,1431
1474,1446
1498,1499
1443,1546
1496,1445
1476,1454
1634,1579
1643,1549
1556,1567
1424,1441
1418,1425
1588,1587
1461,1474
1577,1536
1393,1475
1462,1445
1414,1397
1551,1555
1458,1496
1348,1415
1353,1446
1551,1449
1396,1497
1348,1432
1551,1505
1425,1372
1578,1546
1433,1380
1554,1546
1385,1400
1523,1572
1605,1558
1468,1386
1363,1463
1525,1550
1522,1604
1474,1482
1377,1409
1494,1540
1417,1526
1388,1458
1530,1560
1459,1492
1364,1469
1420,1427
1427,1485
1593,1617
1582,1610
1555,1613
1458,1500
1550,1540
1614,1560
1575,1544
1489,1439
1503,1526
1405,1436
1530,1596
1643,1576
1381,1361
1535,1493
1539,1609
1607,1587
1531,1536
1465,1468
1629,1507
1479,1498
1588,1524
1451,1447
1563,1559
1509,1527
1592,1547
1423,1347
1563,1552
1456,1453
1401,1420
1412,1455
1564,1593
1550,1514
1527,1550
1367,1417
1488,1429
1399,1411
1561,1430
1482,1463
1490,1533
1590,1623
1445,1420
1437,1422
1334,1366
1467,1433
1398,1493
1568,1559
1589,1571
1431,1468
1502,1458
1591,1603
1585,1572
1554,1511
1515,1588
1486,1470
1559,1537
1528,1557
1380,1500
1473,1467
1538,1575
1462,1445
1551,1501
1538,1588
1544,1534
1433,1507
1468,1475
1394,1371
1388,1468
1595,1585
1513,1565
1519,1492
1416,1445
1483,1475
1431,1479
1414,1392
1426,1410
1457,1434
1422,1406
1430,1469
1432,1454
1582,1568
1320,1449
1478,1463
1393,1425
1586,1555
1429,1457
1612,1601
1572,1532
1579,1549
1578,1543
1452,1455
1414,1435
1424,1426
1423,1408
1547,1558
1525,1490
1587,1507
1390,1441
1401,1435
1436,1479
1395,1395
1595,1528
1573,1543
1557,1578
1556,1573
1556,1569
1685,1546
1358,1394
1485,1492
1425,1385
1500,1466
1547,1529
1525,1544
1418,1401
1450,1453
1508,1516
1351,1396
1496,1467
1569,1554
1529,1544
1587,1603
1597,1564
1535,1533
1443,1493
1537,1555
1528,1509
1385,1410
1598,1577
1561,1585
1412,1448
1488,1508
1478,1515
1578,1572
1519,1478
1461,1563
1584,1558
1548,1551
1569,1538
1452,1404
1617,1566
1397,1455
1497,1565
1549,1499
1497,1525
1477,1514
1501,1557
1401,1449
1506,1502
1491,1467
1523,1536
1585,1564
1448,1442
1498,1429
1454,1416
1460,1478
1590,1577
1587,1542
1529,1477
1671,1576
1447,1415
1537,1609
1632,1588
1590,1582
1423,1464
1380,1441
1559,1561
1568,1608
1406,1455
1422,1377
1463,1479
1468,1468
1527,1479
1522,1521
1613,1604
1632,1533
1451,1422
1438,1485
1593,1562
1585,1583
1589,1559
1568,1531
1524,1544
1416,1459
1552,1497
1411,1446
1438,1432
1386,1471
1609,1583
1570,1580
1540,1571
1564,1545
1504,1515
1494,1439
1391,1368
1459,1412
1425,1503
1554,1500
1567,1549
1409,1468
1401,1422
1601,1596
1585,1490
1481,1497
1584,1591
1486,1515
1556,1501
1554,1589
1566,1586
1441,1445
1398,1391
1518,1448
1586,1575
1539,1557
1451,1430
1373,1431
1365,1443
1395,1413
1339,1428
1379,1428
1463,1471
1574,1553
1478,1418
1437,1420
1527,1516
1529,1491
1395,1484
1392,1454
1454,1499
1498,1512
1588,1584
1466,1437
1555,1527
1441,1449
1497,1507
1473,1474
1466,1477
1549,1525
1572,1548
1580,1523
1427,1460
1505,1488
1351,1453
1573,1531
1512,1545
1390,1481
1553,1497
1496,1480
1624,1581
1462,1483
1583,1535
1490,1480
1615,1602
1557,1479
1531,1531
1377,1398
1464,1459
1529,1530
1375,1393
1441,1433
1421,1441
1547,1523
1545,1524
1533,1471
1566,1542
1580,1584
1411,1372
1464,1463
1570,1592
1588,1570
1406,1473
1489,1489
1483,1501
1528,1472
1388,1463
1461,1441
1397,1445
1402,1438
1389,1401
1539,1561
1519,1508
1593,1505
1536,1451
1491,1434
1527,1528
1581,1519
1672,1572
1444,1541
1517,1512
1500,1509
1442,1483
1561,1568
1400,1408
1413,1451
1420,1489
1600,1579
1517,1520
1542,1449
1422,1456
1588,1555
1573,1582
1403,1439
1503,1525
1519,1511
1411,1458
1561,1549
1567,1539
1507,1431
1418,1421
1461,1457
1586,1546
1567,1537
1558,1546
1553,1565
1577,1520
1429,1420
1368,1424
1548,1451
1398,1431
1466,1496
1500,1432
1611,1509
1438,1427
1438,1507
1609,1616
1387,1386
1569,1523
1457,1433
1605,1542
1525,1601
1389,1416
1458,1493
1466,1558
1431,1423
1489,1519
1517,1512
1433,1449
1574,1593
1563,1540
1431,1463
1522,1495
1587,1559
1565,1566
1469,1413
1589,1574
1567,1528
1456,1446
1564,1511
1407,1473
1561,1544
1579,1583
1465,1446
1367,1402
1428,1477
1398,1374
1565,1538
1564,1500
1572,1562
1601,1505
1397,1444
1537,1515
1464,1452
1472,1440
1612,1546
1532,1429
1424,1484
1499,1549
1432,1410
1532,1535
1565,1508
1448,1465
1383,1458
1631,1510
1515,1482
1413,1520
1588,1588
1420,1501
1524,1540
1523,1551
1377,1418
1438,1455
1582,1521
1533,1507
1502,1548
1433,1495
1389,1441
1482,1491
1458,1485
1484,1534
1597,1524
1393,1417
1543,1600
1593,1579
1572,1505
1339,1390
1398,1448
1439,1483
1568,1534
1573,1509
1584,1503
1463,1445
1665,1555
1480,1445
1608,1554
1521,1579
1398,1435
1417,1502
1588,1608
1605,1607
1508,1450
1419,1445
1479,1430
1453,1448
1441,1501
1483,1445
1547,1526
1578,1563
1525,1518
1530,1558
1420,1407
1526,1500
1543,1524
1506,1452
1387,1467
1476,1466
1540,1578
1518,1449
1515,1559
1566,1575
1559,1563
1604,1575
1495,1577
1391,1411
1495,1462
1483,1534
1464,1491
1569,1549
1463,1434
1433,1475
1570,1543
1396,1420
1501,1500
1589,1584
1633,1588
1446,1470
1555,1589
1380,1427
1471,1466
1442,1430
1667,1525
1593,1585
1457,1508
1449,1404
1534,1507
1609,1541
1572,1560
1494,1489
1574,1578
1547,1527
1560,1570
1429,1477
1520,1511
1442,1506
1447,1485
1529,1531
1567,1576
1446,1366
1502,1547
1419,1483
1486,1438
1561,1532
1508,1557
1489,1392
1396,1430
1493,1496
1485,1462
1573,1480
1369,1406
1450,1473
1520,1529
1495,1500
1573,1585
1524,1513
1520,1489
1500,1552
1492,1418
1381,1434
1498,1570
1448,1414
1617,1568
1492,1438
1438,1386
1615,1615
1387,1409
1585,1566
1522,1464
1550,1546
1374,1404
1442,1474
1459,1431
1523,1541
1554,1574
1472,1453
1482,1444
1480,1523
1536,1551
1592,1561
1527,1398
1590,1584
1515,1514
1417,1442
1532,1521
1417,1427
1464,1506
1516,1531
1550,1472
1481,1447
1455,1428
1509,1467
1582,1551
1571,1528
1466,1438
1522,1554
1543,1472
1600,1542
1625,1553
1567,1562
1580,1550
1483,1439
1592,1577
1486,1584
1449,1478
1586,1600
1547,1582
1532,1578
1551,1511
1489,1555
1431,1475
1558,1540
1441,1457
1537,1566
1391,1475
1503,1499
1602,1527
1610,1564
1653,1515
1508,1474
1493,1443
1401,1431
1524,1493
1507,1421
1575,1539
1590,1533
1595,1595
1354,1416
1522,1543
1436,1461
1563,1550
1557,1517
1476,1441
1552,1537
1611,1578
1525,1543
1557,1534
1520,1547
1442,1553
1538,1518
1563,1564
1527,1575
1480,1466
1407,1449
1363,1430
1587,1571
1600,1575
1444,1441
1406,1461
1631,1524
1436,1418
1484,1451
1637,1601
1452,1450
1451,1498
1456,1521
1471,1474
1578,1597
1442,1467
1473,1485
1443,1460
1451,1495
1468,1442
1491,1551
1557,1511
1568,1455
1415,1456
1612,1537
1444,1433
1454,1449
1497,1561
1535,1510
1392,1432
1458,1467
1598,1516
1557,1535
1421,1461
1431,1478
1541,1521
1573,1560
1537,1538
1437,1473
1507,1576
1504,1576
1533,1521
1462,1453
1554,1546
1560,1549
1562,1504
1647,1582
1643,1542
1589,1523
1557,1614
1429,1478
1479,1411
1535,1562
1482,1566
1429,1445
1533,1524
1475,1409
1551,1556
1399,1420
1534,1524
1513,1522
1524,1479
1463,1381
1424,1464
1421,1421
1583,1553
1457,1472
1510,1450
1471,1482
1510,1564
1526,1414
1388,1443
1414,1499
1538,1580
1514,1501
1611,1529
1408,1452
1553,1582
1543,1606
1440,1495
1408,1428
1431,1484
1551,1476
1431,1431
1410,1471
1500,1512
1464,1486
1456,1403
1551,1573
1575,1493
1523,1458
1546,1500
1572,1608
1559,1556
1491,1535
1439,1434
1452,1439
1512,1518
1441,1462
1547,1610
1452,1470
1407,1418
1489,1541
1497,1493
1594,1574
1479,1521
1422,1481
1555,1539
1492,1410
1453,1493
1370,1469
1502,1478
1584,1544
1435,1469
1461,1440
1489,1501
1443,1475
1439,1477
1451,1453
1548,1569
1442,1411
1513,1548
1403,1415
1355,1419
1611,1546
1465,1498
1433,1467
1576,1527
1436,1440
1535,1531
1506,1512
1475,1428
1601,1511
1543,1537
1384,1484
1431,1444
1422,1479
1549,1512
1611,1543
1429,1458
1549,1577
1393,1457
1564,1525
1508,1574
1413,1409
1421,1515
1420,1436
1456,1476
1503,1461
1517,1508
1543,1568
1525,1568
1412,1423
1420,1418
1472,1507
1387,1380
1555,1516
1502,1444
1642,1575
1553,1503
1427,1434
1580,1534
1491,1480
1436,1477
1433,1492
1347,1421
1483,1463
1436,1482
1524,1502
1575,1552
1401,1442
1400,1470
1560,1598
1454,1524
1630,1580
1522,1555
1430,1457
1536,1557
1612,1592
1535,1503
1424,1463
1530,1492
1405,1489
1490,1438
1553,1513
1485,1509
1609,1576
1564,1600
1547,1527
1471,1511
1403,1439
1454,1411
1423,1383
1466,1515
1441,1420
1465,1443
1444,1399
1457,1455
1405,1497
1480,1490
1569,1488
1434,1450
1566,1584
1558,1560
1523,1545
1569,1580
1499,1432
1467,1466
1585,1457
1541,1516
1475,1482
1454,1483
1557,1486
1560,1512
1497,1448
1385,1436
1418,1431
1421,1481
1570,1576
1509,1470
1473,1488
1616,1566
1609,1592
1507,1493
1542,1535
1454,1490
1583,1534
1520,1516
1591,1641
1570,1532
1383,1409
1391,1493
1429,1400
1457,1478
1421,1459
1578,1470
1512,1482
1519,1510
1422,1432
1482,1464
1422,1409
1560,1577
1443,1427
1497,1580
1488,1461
1531,1518
1559,1620
1555,1537
1541,1526
1513,1534
1456,1460
1482,1542
1413,1409
1397,1426
1403,1445
1577,1588
1524,1481
1565,1468
1612,1533
1503,1513
1546,1548
1555,1562
1434,1452
1465,1446
1580,1508
1514,1552
1531,1493
1407,1411
1560,1598
1456,1473
1518,1477
1434,1443
1542,1579
1501,1491
1457,1430
1567,1603
1469,1540
1431,1452
1482,1494
1540,1515
1450,1454
1432,1435
1632,1571
1529,1542
1527,1476
1387,1443
1553,1547
1382,1474
1514,1507
1444,1488
1584,1559
1577,1560
1604,1575
1577,1487
1589,1541
1507,1485
1547,1544
1447,1532
1618,1544
1616,1533
1430,1412
1604,1530
1348,1443
1459,1464
1580,1485
1568,1576
1463,1500
1591,1557
1449,1440
1416,1498
1455,1411
1493,1436
1387,1482
1527,1502
1572,1508
1599,1548
1398,1407
1426,1430
1394,1419
1568,1568
1551,1561
1500,1552
1480,1501
1567,1479
1470,1497
1463,1487
1426,1473
1543,1568
1543,1548
1531,1550
1404,1444
1586,1561
1636,1559
1607,1563
1618,1558
1412,1462
1590,1501
1381,1459
1571,1545
1439,1441
1540,1518
1447,1469
1475,1516
1597,1537
1545,1486
1546,1542
1578,1614
1477,1443
1593,1570
1504,1515
1538,1538
1468,1516
1450,1429
1429,1433
1466,1497
1553,1484
1574,1511
1486,1512
1576,1581
1581,1597
1446,1405
1516,1476
1439,1452
1569,1486
1464,1460
1405,1468
1550,1522
1611,1534
1600,1580
1519,1499
1539,1545
1455,1402
1447,1439
1537,1511
1558,1564
1490,1456
1533,1519
1514,1524
1526,1496
1377,1452
1394,1469
1451,1458
1430,1498
1466,1410
1401,1475
1461,1429
1551,1451
1603,1492
1599,1563
1603,1602
1588,1536
1400,1430
1530,1531
1585,1569
1577,1577
1552,1517
1549,1532
1555,1543
1477,1533
1558,1586
1436,1425
1509,1518
1603,1563
1451,1496
1412,1448
1566,1519
1388,1440
1399,1440
1585,1521
1449,1498
1496,1508
1526,1466
1511,1518
1591,1582
1460,1401
1499,1526
1392,1425
1452,1420
1571,1518
1471,1532
1529,1493
1539,1591
1546,1490
1415,1386
1377,1408
1592,1509
1426,1515
1464,1542
1604,1571
1438,1416
1453,1530
1443,1416
1526,1445
1591,1541
1486,1475
1419,1493
1443,1477
1584,1547
1512,1494
1545,1516
1570,1581
1501,1426
1605,1591
1600,1570
1465,1411
1528,1508
1564,1545
1410,1432
1600,1588
1459,1470
1455,1488
1573,1515
1431,1436
1516,1618
1561,1567
1400,1459
1558,1591
1558,1550
1492,1450
1427,1399
1439,1482
1347,1381
1608,1575
1459,1449
1560,1545
1568,1503
1521,1592
1545,1558
1576,1573
1500,1517
1540,1547
1484,1501
1440,1457
1532,1452
1618,1595
1403,1451
1568,1496
1520,1553
1477,1498
1561,1589
1501,1477
1407,1448
1454,1437
1563,1568
1482,1491
1534,1640
1500,1408
1421,1461
1408,1512
1564,1523
1532,1584
1386,1460
1462,1461
1385,1337
1551,1522
1375,1529
1568,1543
1455,1463
1522,1524
1608,1592
1547,1533
1612,1562
1568,1561
1579,1559
1491,1478
1413,1448
1406,1382
1397,1416
1449,1449
1497,1430
1439,1404
1437,1440
1551,1554
1573,1575
1390,1458
1558,1588
1527,1600
1505,1476
1538,1452
1641,1530
1554,1573
1477,1424
1363,1443
1554,1529
1566,1539
1520,1523
1479,1424
1569,1628
1566,1545
1523,1494
1606,1476
1579,1550
1393,1452
1449,1403
1529,1517
1457,1464
1418,1434
1476,1501
1499,1497
1464,1454
1455,1514
1466,1549
1459,1441
1610,1538
1567,1538
1561,1555
1501,1499
1485,1519
1429,1482
1399,1499
1471,1469
1568,1606
1573,1453
1593,1521
1550,1581
1535,1559
1485,1548
1472,1478
1488,1490
1451,1514
1531,1550
1548,1564
1532,1529
1440,1455
1499,1457
1593,1511
1520,1522
1519,1577
1428,1468
1619,1607
1475,1428
1467,1519
1444,1431
1493,1434
1434,1420
1392,1430
1550,1541
1425,1406
1543,1574
1517,1490
1461,1466
1484,1434
1493,1473
1437,1507
1514,1456
1545,1534
1562,1513
1626,1528
1452,1428
1389,1427
1412,1455
1569,1572
1407,1418
1531,1586
1510,1502
1581,1587
1654,1545
1429,1432
1557,1558
1579,1548
1418,1450
1487,1539
1437,1429
1401,1468
1607,1561
1593,1518
1618,1554
1395,1518
1584,1540
1437,1418
1365,1434
1512,1545
1448,1525
1516,1466
1348,1439
1521,1539
1481,1401
1416,1477
1572,1529
1606,1591
1396,1422
1445,1496
1588,1528
1557,1508
1556,1565
1574,1539
1434,1492
1545,1585
1526,1502
1507,1458
1375,1468
1545,1547
1538,1488
1443,1483
1566,1540
1418,1490
1514,1560
1443,1444
1441,1411
1448,1436
1547,1573
1474,1522
1429,1499
1552,1530
1618,1568
1474,1482
1526,1545
1597,1521
1593,1567
1591,1598
1547,1515
1501,1534
1531,1572
1421,1430
1495,1426
1508,1449
1434,1352
1593,1559
1578,1555
1426,1441
1495,1474
1534,1564
1450,1449
1595,1572
1410,1373
1496,1448
1430,1453
1596,1540
1554,1541
1466,1499
1425,1452
1443,1528
1381,1430
1499,1520
1538,1579
1457,1430
1568,1575
1587,1569
1593,1563
1411,1484
1554,1528
1602,1513
1411,1446
1599,1548
1474,1431
1519,1471
1627,1618
1527,1466
1582,1555
1528,1525
1619,1560
1608,1524
1428,1411
1411,1413
1533,1571
1422,1476
1358,1480
1592,1555
1575,1551
1545,1546
1368,1473
1411,1461
1503,1521
1347,1402
1444,1423
1482,1508
1622,1555
1388,1420
1443,1461
1567,1501
1487,1487
1403,1439
1607,1539
1541,1487
1430,1533
1541,1575
1612,1587
1381,1420
1628,1584
1485,1489
1474,1501
1493,1463
1572,1572
1411,1440
1463,1466
1424,1487
1440,1407
1415,1431
1571,1545
1559,1555
1560,1600
1554,1530
1560,1576
1545,1554
1388,1412
1538,1519
1576,1568
1424,1415
1420,1444
1564,1528
1494,1390
1497,1497
1585,1546
1457,1501
1633,1542
1368,1437
1396,1422
1476,1460
1487,1474
1546,1566
1559,1534
1558,1518
1358,1454
1406,1486
1491,1441
1564,1629
1459,1467
1463,1535
1487,1487
1346,1425
1438,1451
1543,1589
1569,1518
1548,1537
1474,1451
1372,1430
1571,1603
1450,1433
1530,1562
1494,1484
1439,1487
1606,1563
1584,1562
1486,1505
1556,1552
1446,1436
1405,1403
1402,1453
1606,1551
1550,1555
1501,1516
1414,1503
1427,1428
1515,1493
1428,1443
1576,1549
1595,1544
1525,1528
1503,1473
1442,1447
1447,1453
1548,1509
1436,1410
1529,1566
1423,1418
1428,1418
1490,1461
1581,1568
1461,1442
1674,1622
1466,1483
1551,1591
1568,1538
1535,1486
1533,1450
1577,1614
1631,1600
1510,1502
1568,1582
1532,1628
1446,1446
1496,1475
1514,1490
1541,1501
1381,1380
1491,1518
1563,1600
1408,1470
1555,1562
1482,1447
1582,1568
1512,1514
1555,1608
1418,1451
1398,1414
1498,1483
1376,1429
1417,1437
1493,1512
1630,1578
1545,1429
1545,1549
1477,1428
1608,1535
1462,1483
1407,1426
1582,1523
1473,1506
1528,1489
1410,1437
1409,1388
1517,1491
1567,1535
1442,1478
1574,1488
1619,1551
1370,1455
1479,1406
1526,1533
1556,1503
1448,1546
1436,1455
1601,1521
1543,1615
1526,1530
1538,1466
1504,1511
1464,1520
1558,1506
1447,1456
1518,1450
1530,1601
1561,1575
1370,1450
1547,1594
1521,1521
1563,1528
1422,1488
1462,1472
1464,1525
1439,1455
1407,1439
1490,1507
1466,1440
1405,1396
1479,1449
1377,1438
1515,1517
1545,1577
1502,1523
1548,1552
1631,1570
1615,1567
1573,1496
1461,1442
1557,1513
1603,1601
1589,1603
1496,1593
1502,1516
1435,1362
1450,1347
1457,1388
1469,1535
1399,1467
1392,1422
1557,1587
1506,1462
1404,1398
1572,1575
1492,1405
1524,1578
1411,1480
1433,1455
1407,1439
1622,1578
1414,1453
1434,1496
1508,1475
1381,1411
1381,1429
1550,1597
1622,1536
1453,1438
1410,1452
1563,1493
1520,1480
1464,1496
1572,1581
1560,1529
1496,1478
1673,1593
1609,1606
1435,1481
1410,1426
1526,1537
1551,1570
1525,1507
1505,1498
1601,1580
1425,1420
1537,1530
1542,1590
1454,1479
1501,1498
1406,1398
1560,1515
1498,1600
1622,1577
1566,1601
1372,1409
1644,1571
1394,1423
1405,1433
1511,1432
1415,1436
1622,1567
1397,1411
1351,1424
1430,1473
1567,1544
1458,1417
1665,1579
1367,1414
1526,1593
1373,1459
1393,1405
1545,1523
1411,1428
1418,1423
1473,1452
1621,1600
1595,1534
1577,1619
1552,1593
1506,1460
1391,1391
1555,1551
1533,1574
1391,1325
1548,1558
1580,1599
1608,1546
1392,1418
1559,1528
1603,1538
1420,1440
1372,1405
1614,1565
1492,1505
1443,1480
1407,1428
1600,1561
1543,1592
1600,1547
1435,1398
1455,1477
1579,1618
1518,1535
1578,1602
1569,1642
1557,1543
1457,1473
1506,1556
1538,1529
1497,1585
1433,1438
1484,1458
1416,1410
1399,1435
1547,1560
1423,1510
1428,1436
1554,1469
1427,1507
1442,1453
1443,1466
1526,1429
1408,1421
1377,1441
1585,1563
1561,1521
1420,1410
1401,1397
1536,1464
1441,1459
1462,1483
1529,1550
1430,1522
1430,1525
1452,1490
1643,1505
1615,1613
1602,1543
1479,1450
1587,1596
1518,1536
1403,1442
1604,1587
1390,1449
1456,1429
1505,1505
1547,1463
1578,1558
1421,1438
1480,1545
1529,1483
1418,1473
1412,1416
1343,1437
1562,1584
1572,1564
1608,1551
1602,1545
1610,1546
1568,1572
1500,1522
1597,1562
1500,1474
1404,1483
1582,1529
1536,1567
1361,1444
1578,1626
1593,1530
1500,1504
1608,1581
1430,1410
1422,1417
1439,1391
1399,1415
1422,1413
1468,1474
1586,1506
1655,1566
1605,1614
1509,1452
1457,1435
1435,1463
1382,1429
1384,1450
1565,1550
1624,1587
1570,1588
1470,1468
1496,1459
1410,1444
1592,1586
1449,1436
1434,1474
1478,1439
1583,1515
1502,1458
1540,1601
1457,1447
1499,1549
1413,1397
1513,1489
1515,1568
1618,1583
1536,1588
1630,1567
1367,1431
1568,1558
1574,1546
1416,1467
1575,1549
1583,1557
1566,1549
1440,1418
1595,1545
1594,1578
1622,1579
1445,1489
1327,1407
1563,1630
1610,1531
1518,1587
1600,1593
1341,1424
1593,1553
1550,1531
1460,1496
1460,1496
1445,1450
1599,1604
1491,1545
1453,1413
1518,1444
1446,1494
1411,1476
1434,1478
1433,1453
1390,1436
1424,1504
1361,1450
1428,1453
1558,1497
1670,1581
1425,1433
1530,1496
1545,1615
1376,1399
1399,1440
1646,1586
1536,1506
1403,1481
1593,1558
1534,1495
1508,1427
1417,1422
1552,1515
1477,1397
1563,1476
1562,1542
1494,1457
1628,1548
1502,1449
1606,1570
1398,1411
1519,1556
1524,1534
1614,1544
1495,1511
1427,1415
1596,1600
1423,1470
1465,1539
1486,1571
1582,1574
1591,1535
1544,1534
1451,1426
1411,1429
1584,1540
1568,1508
1496,1461
1497,1484
1472,1428
1667,1517
1509,1472
1583,1535
1542,1516
1378,1426
1404,1418
1516,1484
1409,1386
1432,1402
1634,1551
1558,1521
1576,1586
1430,1431
1582,1574
1589,1652
1661,1586
1517,1466
1461,1485
1398,1465
1658,1616
1453,1476
1584,1585
1394,1396
1528,1498
1615,1578
1446,1466
1414,1431
1534,1494
1407,1431
1619,1590
1388,1484
1580,1550
1411,1545
1424,1474
1483,1529
1601,1601
1487,1409
1645,1561
1455,1494
1606,1570
1439,1423
1425,1437
1480,1458
1410,1399
1420,1427
1491,1488
1496,1424
1490,1438
1362,1420
1606,1497
1473,1527
1408,1428
1395,1488
1575,1506
1594,1506
1429,1465
1491,1511
1480,1406
1440,1487
1420,1470
1384,1452
1358,1468
1367,1408
1392,1420
1552,1577
1475,1481
1577,1599
1477,1490
1427,1467
1399,1423
1535,1470
1588,1550
1445,1417
1602,1577
1422,1424
1649,1616
1485,1465
1408,1452
1392,1403
1518,1499
1427,1459
1485,1422
1579,1572
1472,1496
1415,1448
1536,1571
1451,1379
1433,1497
1539,1422
1647,1602
1400,1438
1408,1408
1367,1418
1574,1584
1534,1440
1593,1599
1607,1573
1586,1591
1374,1379
1427,1413
1483,1502
1610,1620
1623,1543
1558,1588
1478,1471
1425,1395
1523,1538
1607,1549
1395,1413
1441,1430
1406,1426
1618,1545
1568,1520
1626,1602
1564,1524
1598,1541
1453,1504
1491,1625
1553,1532
1439,1444
1470,1488
1362,1407
1396,1443
1377,1436
1566,1598
1591,1570
1600,1514
1444,1404
1616,1596
1542,1544
1419,1406
1532,1502
1566,1551
1623,1594
1617,1586
1495,1500
1328,1420
1370,1450
1509,1449
1561,1591
1409,1478
1550,1540
1463,1473
1548,1575
1509,1483
1499,1460
1532,1598
1526,1492
1505,1601
1433,1397
1592,1629
1404,1368
1618,1533
1423,1456
1527,1490
1531,1536
1410,1430
1526,1417
1605,1546
1389,1422
1590,1594
1427,1471
1518,1489
1417,1492
1356,1459
1585,1542
1390,1463
1476,1545
1468,1480
1492,1457
1421,1454
1400,1417
1501,1500
1584,1624
1639,1583
1582,1591
1497,1476
1602,1596
1571,1592
1616,1592
1367,1435
1574,1568
1587,1454
1551,1478
1595,1559
1460,1483
1554,1561
1408,1409
1403,1442
1369,1454
1328,1386
1439,1410
1435,1402
1529,1550
1528,1484
1362,1434
1370,1434
1432,1465
1401,1458
1442,1423
1419,1422
1579,1582
1538,1534
1433,1424
1443,1409
1576,1593
1661,1585
1445,1403
1548,1545
1479,1539
1464,1551
1453,1443
1494,1453
1472,1440
1600,1559
1528,1511
1385,1409
1397,1436
1380,1398
1423,1433
1444,1359
1516,1534
1328,1379
1479,1532
1489,1462
1500,1463
1635,1604
1645,1550
1559,1530
1549,1583
1415,1424
1535,1500
1502,1471
1421,1399
1436,1453
1448,1427
1503,1530
1598,1561
1401,1462
1397,1498
1466,1472
1461,1421
1629,1573
1501,1456
1514,1493
1388,1443
1422,1465
1583,1556
1417,1397
1569,1553
1387,1452
1423,1390
1535,1578
1411,1495
1462,1503
1610,1570
1617,1556
1603,1476
1369,1436
1371,1423
1512,1567
1540,1493
1553,1485
1622,1569
1558,1490
1551,1549
1588,1624
1437,1369
1372,1428
1615,1576
1471,1432
1410,1465
1611,1562
1460,1563
1628,1604
1509,1458
1503,1487
1587,1555
1355,1375
1520,1579
1419,1494
1334,1437
1443,1468
1608,1540
1563,1572
1442,1431
1544,1537
1434,1496
1638,1609
1430,1486
1597,1560
1477,1401
1436,1509
1582,1587
1415,1390
1564,1531
1376,1436
1338,1402
1517,1485
1629,1526
1404,1407
1568,1506
1532,1451
1615,1622
1538,1554
1387,1414
1461,1529
1575,1537
1462,1435
1574,1490
1634,1595
1376,1418
1551,1547
1627,1522
1386,1380
1567,1561
1505,1500
1438,1443
1498,1503
1534,1477
1674,1638
1625,1562
1417,1452
1557,1527
1563,1531
1571,1516
1458,1471
1532,1553
1371,1478
1425,1416
1605,1613
1617,1562
1414,1429
1546,1611
1622,1607
1431,1386
1600,1590
1395,1442
1438,1413
1402,1442
1441,1423
1543,1588
1559,1466
1410,1385
1631,1533
1417,1463
1574,1492
1509,1492
1415,1434
1428,1423
1423,1447
1493,1522
1542,1567
1572,1600
1596,1635
1424,1491
1565,1591
1431,1463
1368,1447
1485,1545
1397,1443
1444,1483
1394,1404
1420,1419
1554,1563
1622,1557
1485,1525
1505,1511
1461,1535
1381,1438
1608,1549
1551,1591
1412,1494
1560,1533
1369,1425
1484,1523
1604,1604
1443,1478
1656,1562
1592,1589
1647,1584
1514,1512
1559,1556
1396,1414
1387,1412
1600,1585
1388,1492
1524,1478
1413,1395
1588,1579
1402,1402
1486,1524
1583,1579
1418,1392
1498,1509
1406,1464
1401,1409
1401,1410
1606,1484
1539,1498
1391,1436
1642,1588
1431,1411
1618,1582
1559,1601
1575,1597
1599,1598
1608,1576
1399,1388
1535,1502
1547,1524
1688,1582
1384,1476
1394,1427
1581,1568
1405,1466
1412,1438
1350,1401
1567,1516
1589,1546
1350,1449
1443,1481
1574,1583
1633,1586
1423,1444
1455,1517
1377,1386
1603,1631
1574,1577
1538,1486
1408,1439
1517,1494
1380,1441
1445,1422
1402,1496
1399,1453
1400,1476
1419,1429
1482,1544
1637,1604
1446,1489
1643,1531
1603,1646
1641,1589
1512,1493
1601,1589
1589,1691
1532,1535
1612,1582
1429,1425
1372,1388
1400,1408
1575,1574
1379,1501
1444,1544
1502,1491
1497,1437
1561,1464
1528,1564
1661,1608
1417,1361
1549,1571
1410,1441
1540,1492
1574,1517
1610,1565
1547,1529
1606,1577
1620,1608
1604,1602
1596,1577
1453,1382
1520,1433
1393,1422
1621,1542
1634,1543
1431,1405
1460,1485
1431,1435
1392,1399
1474,1500
1558,1486
1511,1453
1563,1598
1557,1537
1444,1415
1583,1556
1511,1515
1627,1630
1432,1455
1450,1477
1460,1499
1564,1608
1376,1400
1415,1431
1635,1568
1380,1448
1399,1425
1377,1467
1403,1450
1590,1528
1311,1400
1545,1511
1499,1460
1531,1576
1476,1490
1362,1403
1634,1584
1614,1527
1317,1405
1499,1505
1367,1421
1463,1444
1474,1492
1600,1593
1590,1594
1350,1357
1468,1446
1587,1484
1608,1648
1558,1627
1416,1397
1611,1591
1383,1487
1374,1431
1409,1503
1357,1407
1416,1422
1478,1449
1454,1479
1537,1493
1490,1435
1416,1488
1640,1567
1615,1589
1397,1372
1632,1604
1402,1391
1600,1601
1573,1603
1545,1496
1469,1495
1396,1439
1586,1609
1340,1397
1383,1419
1507,1535
1444,1442
1564,1591
1645,1623
1499,1440
1517,1526
1470,1429
1496,1468
1516,1592
1525,1488
1607,1613
1445,1394
1457,1455
1461,1437
1493,1521
1602,1588
1413,1487
1429,1414
1429,1482
1563,1623
1521,1540
1664,1581
1437,1364
1414,1391
1538,1605
1566,1580
1424,1424
1611,1577
1465,1471
1483,1471
1464,1470
1333,1404
1476,1465
1335,1416
1572,1576
1417,1409
1441,1447
1603,1544
1538,1527
1601,1530
1504,1567
1415,1501
1350,1411
1576,1561
1594,1488
1536,1594
1556,1459
1576,1550
1417,1449
1513,1551
1643,1611
1570,1518
1336,1368
1606,1560
1613,1615
1412,1456
1674,1559
1476,1450
1399,1407
1524,1501
1429,1392
1481,1482
1468,1417
1403,1450
1537,1572
1442,1513
1399,1438
1550,1552
1430,1427
1579,1557
1411,1379
1635,1534
1484,1479
1408,1533
1472,1457
1704,1550
1623,1579
1497,1483
1598,1574
1518,1474
1579,1502
1639,1535
1623,1576
1423,1429
1399,1452
1419,1421
1462,1463
1591,1542
1381,1382
1337,1377
1427,1446
1388,1446
1651,1515
1617,1626
1542,1517
1472,1550
1429,1439
1484,1507
1624,1629
1445,1409
1447,1422
1492,1464
1612,1643
1584,1536
1442,1434
1446,1427
1513,1480
1412,1474
1373,1411
1536,1553
1526,1582
1582,1484
1516,1445
1454,1557
1501,1511
1456,1507
1493,1484
1567,1613
1585,1616
1462,1484
1599,1623
1606,1504
1625,1575
1621,1550
1484,1462
1396,1403
1383,1353
1555,1533
1435,1430
1602,1579
1590,1569
1616,1558
1515,1503
1491,1530
1575,1562
1612,1621
1440,1490
1687,1599
1597,1580
1444,1403
1388,1408
1412,1475
1637,1551
1478,1462
1578,1541
1483,1473
1376,1400
1429,1437
1522,1519
1578,1573
1631,1623
1389,1490
1662,1578
1533,1520
1500,1565
1394,1413
1601,1610
1635,1608
1599,1572
1444,1416
1657,1630
1436,1427
1613,1565
1516,1524
1487,1405
1582,1588
1413,1450
1676,1635
1533,1558
1406,1402
1376,1390
1492,1494
1535,1610
1383,1421
1661,1579
1528,1536
1555,1536
1480,1513
1411,1372
1380,1491
1356,1392
1587,1650
1401,1422
1593,1591
1409,1411
1573,1528
1627,1594
1509,1448
1412,1501
1604,1597
1367,1487
1518,1514
1521,1558
1601,1583
1400,1388
1404,1460
1533,1515
1623,1584
1393,1441
1444,1455
1400,1445
1618,1583
1371,1427
1435,1401
1546,1469
1393,1403
1627,1549
1568,1568
1387,1413
1498,1468
1424,1421
1623,1600
1651,1581
1501,1443
1363,1470
1485,1472
1587,1547
1398,1455
1506,1402
1417,1375
1556,1567
1468,1464
1430,1469
1415,1483
1585,1631
1648,1578
1544,1557
1424,1422
1469,1531
1397,1458
1410,1403
1528,1557
1547,1524
1397,1440
1384,1416
1468,1457
1414,1398
1549,1529
1604,1571
1518,1516
1549,1482
1583,1565
1379,1406
1357,1478
1499,1551
1562,1579
1545,1544
1421,1420
1596,1602
1563,1600
1451,1434
1470,1566
1664,1572
1380,1412
1439,1478
1428,1382
1522,1502
1677,1531
1537,1456
1527,1486
1559,1533
1655,1542
1383,1404
1561,1507
1474,1508
1573,1501
1569,1613
1587,1606
1379,1448
1438,1430
1437,1412
1397,1458
1396,1392
1359,1401
1484,1476
1585,1534
1406,1340
1573,1550
1489,1509
1374,1413
1383,1415
1482,1542
1394,1480
1488,1447
1473,1463
1576,1534
1605,1565
1381,1436
1454,1444
1441,1377
1437,1520
1437,1433
1396,1427
1502,1397
1500,1471
1429,1391
1514,1521
1563,1597
1393,1430
1569,1530
1636,1549
1432,1442
1421,1452
1394,1414
1401,1431
1423,1435
1569,1592
1360,1405
1507,1505
1419,1402
1633,1588
1582,1552
1420,1498
1347,1461
1452,1428
1524,1432
1395,1433
1459,1471
1410,1446
1419,1431
1564,1547
1603,1580
1605,1586
1412,1380
1600,1624
1653,1607
1566,1548
1486,1490
1450,1377
1427,1541
1542,1587
1345,1411
1614,1546
1509,1437
1468,1529
1637,1539
1596,1627
1546,1531
1597,1615
1594,1601
1411,1401
1527,1594
1441,1555
1641,1639
1589,1587
1571,1541
1379,1428
1637,1633
1591,1573
1574,1503
1514,1562
1456,1459
1528,1577
1350,1397
1616,1554
1525,1488
1380,1389
1440,1558
1654,1574
1680,1574
1399,1386
1562,1565
1622,1526
1596,1579
1553,1561
1421,1442
1505,1436
1380,1359
1566,1533
1623,1575
1430,1399
1629,1547
1528,1508
1565,1545
1591,1596
1624,1581
1547,1545
1618,1601
1612,1581
1308,1353
1468,1382
1380,1478
1574,1553
1511,1476
1460,1504
1617,1528
1461,1547
1504,1488
1507,1398
1589,1553
1427,1495
1484,1437
1560,1587
1627,1578
1395,1417
1403,1428
1536,1511
1431,1401
1496,1477
1483,1393
1547,1581
1624,1624
1503,1537
1473,1470
1420,1488
1386,1378
1409,1482
1649,1577
1606,1529
1378,1424
1545,1590
1390,1454
1331,1417
1442,1463
1607,1563
1556,1624
1635,1621
1560,1566
1488,1413
1599,1583
1536,1549
1543,1465
1422,1502
1424,1448
1618,1591
1391,1376
1557,1514
1618,1575
1620,1579
1485,1542
1389,1430
1418,1467
1396,1432
1360,1402
1455,1415
1453,1458
1466,1522
1531,1560
1429,1408
1458,1450
1444,1460
1374,1400
1687,1650
1614,1561
1524,1483
1377,1419
1544,1508
1415,1393
1396,1415
1367,1447
1530,1475
1373,1426
1618,1607
1594,1553
1327,1424
1619,1571
1439,1535
1450,1484
1456,1475
1501,1529
1435,1478
1431,1434
1603,1613
1427,1411
1644,1589
1457,1505
1643,1543
1422,1436
1519,1527
1361,1496
1612,1544
1591,1567
1559,1530
1508,1486
1412,1499
1669,1537
1603,1547
1529,1493
1429,1434
1640,1614
1540,1561
1523,1592
1360,1382
1610,1602
1446,1444
1503,1440
1614,1518
1571,1520
1563,1637
1454,1406
1547,1568
1410,1440
1424,1474
1592,1597
1435,1474
1401,1401
1357,1359
1373,1439
1636,1517
1393,1402
1507,1580
1652,1575
1615,1589
1389,1403
1401,1445
1427,1466
1502,1490
1442,1424
1539,1501
1615,1548
1533,1553
1567,1605
1456,1462
1411,1420
1384,1452
1591,1554
1423,1430
1572,1498
1434,1471
1369,1430
1587,1581
1611,1589
1696,1598
1481,1455
1449,1408
1490,1581
1569,1580
1538,1564
1547,1546
1616,1596
1362,1397
1443,1451
1514,1592
1610,1563
1458,1450
1563,1463
1494,1471
1320,1419
1339,1421
1615,1627
1417,1419
1445,1461
1371,1395
1416,1443
1603,1608
1364,1438
1381,1378
1433,1441
1457,1489
1466,1508
1418,1433
1573,1560
1636,1635
1606,1630
1533,1460
1361,1428
1388,1450
1583,1540
1463,1528
1606,1576
1617,1563
1416,1449
1437,1404
1400,1426
1434,1414
1368,1406
1495,1424
1457,1351
1418,1418
1408,1416
1606,1618
1440,1430
1428,1406
1451,1520
1502,1490
1489,1468
1604,1563
1438,1371
1582,1570
1622,1606
1619,1564
1407,1433
1642,1579
1420,1403
1359,1399
1609,1578
1672,1570
1524,1446
1560,1571
1441,1425
1401,1417
1534,1526
1374,1476
1575,1575
1460,1534
1453,1393
1480,1547
1438,1512
1419,1452
1523,1534
1526,1573
1568,1618
1354,1455
1406,1374
1413,1435
1595,1605
1508,1534
1356,1440
1410,1504
1612,1621
1554,1552
1524,1533
1619,1567
1487,1486
1491,1514
1436,1397
1525,1495
1609,1609
1339,1424
1590,1617
1530,1541
1457,1418
1543,1476
1523,1471
1380,1422
1650,1560
1429,1485
1425,1430
1406,1430
1412,1415
1593,1519
1573,1600
1528,1618
1621,1579
1619,1587
1593,1611
1464,1379
1582,1632
1531,1590
1463,1446
1553,1523
1452,1391
1410,1469
1553,1477
1463,1430
1628,1631
1527,1482
1432,1502
1636,1557
1503,1555
1599,1566
1573,1541
1445,1538
1341,1423
1360,1374
1568,1605
1500,1477
1430,1444
1450,1436
1451,1528
1544,1677
1368,1396
1362,1367
1638,1534
1377,1405
1591,1573
1582,1608
1565,1631
1374,1409
1570,1600
1348,1425
1637,1589
1426,1458
1413,1381
1471,1445
1405,1461
1661,1564
1526,1505
1500,1495
1669,1604
1618,1573
1557,1539
1629,1557
1584,1570
1415,1476
1608,1569
1606,1581
1599,1606
1526,1528
1634,1557
1414,1412
1297,1437
1571,1559
1342,1371
1649,1604
1359,1450
1347,1401
1413,1418
1389,1434
1518,1513
1422,1422
1346,1400
1415,1432
1565,1632
1652,1510
1602,1584
1430,1447
1362,1400
1401,1442
1532,1530
1586,1557
1538,1423
1394,1470
1372,1370
1554,1506
1639,1592
1519,1602
1377,1397
1415,1417
1391,1422
1546,1503
1520,1498
1642,1589
1591,1563
1600,1606
1617,1632
1528,1563
1508,1538
1484,1429
1541,1625
1388,1389
1397,1497
1426,1569
1534,1564
1501,1482
1419,1522
1556,1526
1523,1474
1631,1568
1521,1469
1540,1487
1474,1530
1360,1436
1571,1569
1517,1538
1518,1525
1622,1625
1636,1582
1559,1494
1625,1552
1479,1544
1396,1466
1629,1553
1454,1437
1366,1433
1613,1637
1463,1547
1451,1483
1409,1416
1640,1541
1548,1542
1649,1641
1374,1398
1420,1416
1602,1629
1491,1512
1522,1530
1534,1577
1544,1500
1430,1444
1388,1385
1426,1443
1464,1501
1333,1438
1528,1511
1592,1597
1540,1549
1386,1427
1556,1529
1363,1408
1559,1557
1600,1563
1469,1419
1598,1572
1360,1399
1427,1441
1448,1460
1454,1421
1406,1434
1426,1467
1422,1449
1546,1585
1556,1589
1376,1422
1424,1394
1510,1497
1485,1442
1325,1401
1696,1619
1587,1530
1540,1508
1650,1607
1665,1596
1446,1465
1626,1585
1616,1537
1626,1612
1637,1667
1641,1618
1373,1460
1509,1506
1627,1631
1634,1574
1682,1623
1413,1415
1410,1404
1538,1588
1639,1565
1389,1387
1636,1596
1401,1457
1584,1534
1385,1401
1494,1450
1499,1495
1537,1497
1567,1584
1584,1526
1558,1530
1358,1434
1432,1439
1421,1432
1432,1432
1502,1447
1621,1536
1489,1416
1371,1469
1507,1512
1645,1558
1451,1407
1482,1479
1467,1471
1644,1609
1466,1495
1595,1606
1584,1590
1427,1508
1382,1453
1452,1514
1421,1409
1435,1399
1484,1477
1616,1554
1417,1454
1444,1459
1582,1537
1626,1542
1581,1572
1534,1608
1544,1589
1604,1576
1563,1551
1648,1583
1477,1382
1395,1448
1425,1516
1388,1435
1538,1515
1645,1512
1391,1455
1564,1556
1423,1376
1475,1491
1588,1511
1504,1555
1493,1506
1604,1632
1646,1562
1434,1395
1581,1536
1411,1434
1562,1494
1448,1485
1359,1469
1398,1440
1418,1382
1548,1560
1636,1533
1491,1461
1642,1543
1442,1445
1570,1549
1369,1429
1503,1473
1608,1567
1457,1406
1599,1532
1466,1448
1578,1528
1526,1596
1495,1414
1559,1560
1587,1526
1353,1442
1354,1483
1450,1428
1393,1460
1445,1533
1640,1584
1305,1409
1534,1475
1592,1557
1514,1510
1539,1512
1593,1586
1498,1469
1445,1410
1417,1385
1367,1384
1429,1427
1488,1467
1464,1519
1615,1569
1435,1468
1522,1482
1514,1448
1657,1614
1377,1423
1469,1419
1426,1404
1371,1343
1589,1610
1362,1425
1634,1523
1405,1422
1438,1512
1636,1602
1544,1498
1382,1392
1515,1437
1349,1399
1682,1587
1509,1477
1558,1572
1585,1549
1566,1530
1421,1420
1337,1406
1639,1601
1618,1605
1417,1445
1388,1404
1631,1586
1602,1583
1469,1412
1565,1607
1497,1486
1669,1581
1495,1437
1402,1505
1615,1602
1517,1561
1376,1369
1564,1505
1355,1425
1369,1473
1529,1593
1530,1524
1525,1487
1342,1437
1506,1474
1467,1465
1358,1408
1339,1450
1411,1444
1606,1600
1483,1467
1583,1586
1617,1565
1602,1551
1545,1577
1449,1471
1425,1343
1372,1377
1510,1501
1425,1435
1484,1510
1457,1417
1519,1517
1382,1415
1541,1480
1586,1613
1406,1505
1463,1449
1505,1561
1622,1591
1592,1570
1353,1380
1412,1425
1578,1624
1429,1406
1368,1411
1487,1439
1426,1359
1403,1434
1621,1571
1567,1571
1368,1426
1647,1620
1443,1441
1554,1591
1612,1569
1380,1392
1595,1598
1567,1595
1590,1627
1541,1595
1579,1534
1461,1492
1606,1535
1419,1412
1579,1504
1387,1330
1445,1422
1582,1551
1549,1509
1468,1563
1588,1613
1585,1584
1405,1461
1393,1451
1366,1426
1389,1480
1430,1458
1675,1610
1479,1542
1566,1564
1440,1488
1461,1464
1381,1412
1500,1485
1446,1485
1579,1587
1558,1558
1386,1411
1476,1477
1526,1619
1655,1646
1535,1589
1642,1519
1389,1420
1481,1510
1412,1406
1505,1450
1509,1543
1395,1373
1648,1539
1355,1423
1486,1567
1400,1434
1598,1565
1594,1586
1414,1407
1359,1438
1572,1607
1498,1408
1483,1453
1428,1468
1418,1423
1425,1475
1570,1557
1637,1562
1401,1447
1405,1416
1635,1565
1469,1519
1630,1575
1438,1514
1628,1583
1537,1573
1576,1555
1546,1562
1540,1524
1567,1476
1520,1492
1518,1545
1352,1401
1459,1412
1574,1542
1399,1438
1631,1586
1392,1374
1565,1574
1611,1582
1471,1528
1585,1529
1394,1441
1477,1488
1421,1431
1454,1449
1445,1489
1428,1441
1522,1486
1416,1431
1608,1561
1602,1583
1398,1390
1540,1513
1541,1498
1395,1446
1524,1504
1521,1587
1600,1588
1431,1528
1601,1569
1590,1607
1657,1641
1644,1592
1568,1506
1415,1420
1393,1411
1489,1434
1393,1408
1609,1589
1511,1502
1569,1531
1563,1594
1484,1484
1628,1546
1463,1515
1474,1449
1556,1489
1557,1485
1500,1467
1596,1495
1490,1526
1454,1413
1547,1512
1521,1564
1429,1410
1364,1426
1351,1438
1531,1539
1423,1457
1423,1469
1543,1513
1582,1574
1389,1362
1481,1491
1476,1516
1347,1452
1582,1553
1530,1551
1604,1587
1416,1443
1370,1385
1629,1599
1382,1461
1393,1399
1572,1595
1444,1413
1580,1543
1486,1549
1640,1534
1553,1541
1527,1496
1419,1458
1553,1474
1548,1618
1423,1380
1572,1572
1635,1532
1322,1407
1421,1399
1374,1430
1409,1464
1460,1425
1482,1461
1555,1604
1574,1591
1638,1620
1621,1578
1576,1463
1377,1403
1411,1469
1411,1395
1496,1558
1525,1571
1571,1560
1546,1551
1521,1459
1631,1583
1463,1417
1407,1386
1487,1487
1415,1380
1610,1591
1372,1414
1624,1533
1526,1503
1395,1426
1617,1599
1544,1606
1619,1634
1518,1576
1474,1398
1644,1617
1398,1355
1487,1520
1531,1477
1496,1442
1380,1437
1434,1448
1443,1431
1581,1608
1454,1406
1585,1592
1354,1389
1562,1555
1654,1538
1474,1388
1385,1463
1513,1517
1442,1395
1523,1486
1606,1614
1608,1582
1464,1440
1535,1503
1485,1547
1440,1414
1594,1531
1461,1423
1596,1533
1598,1573
1393,1418
1419,1397
1434,1427
1483,1490
1524,1531
1376,1413
1601,1567
1463,1356
1592,1604
1420,1460
1407,1404
1523,1530
1626,1625
1354,1462
1560,1564
1459,1455
1673,1562
1607,1558
1557,1531
1511,1453
1647,1588
1569,1482
1478,1520
1348,1416
1608,1530
1538,1553
1438,1455
1596,1617
1574,1614
1592,1546
1586,1599
1386,1448
1628,1635
1476,1430
1422,1453
1360,1402
1616,1624
1524,1580
1479,1499
1435,1418
1543,1481
1514,1462
1358,1414
1408,1461
1430,1422
1594,1593
1568,1489
1531,1519
1469,1427
1654,1575
