ch1,ch2
1533,1573
1592,1593
1546,1586
1600,1599
1573,1583
1589,1607
1589,1636
1591,1629
1606,1638
1634,1641
1620,1642
1637,1620
1645,1642
1660,1651
1660,1654
1637,1656
1673,1652
1673,1661
1673,1656
1678,1673
1699,1683
1686,1664
1674,1662
1683,1682
1682,1660
1693,1661
1678,1649
1693,1665
1668,1652
1664,1635
1647,1624
1660,1621
1663,1615
1659,1608
1637,1632
1642,1612
1618,1607
1634,1589
1610,1596
1616,1580
1617,1571
1576,1566
1573,1547
1564,1556
1530,1544
1546,1539
1549,1538
1524,1518
1517,1496
1494,1507
1496,1500
1502,1491
1523,1444
1462,1472
1483,1486
1488,1460
1458,1476
1469,1455
1476,1465
1448,1439
1448,1432
1430,1419
1445,1435
1408,1441
1427,1425
1425,1421
1443,1449
1395,1421
1442,1404
1419,1445
1408,1426
1427,1449
1414,1463
1434,1433
1427,1437
1420,1453
1434,1457
1454,1475
1416,1458
1451,1478
1484,1465
1465,1496
1462,1492
1464,1482
1472,1500
1503,1497
1487,1522
1532,1524
1514,1551
1531,1575
1512,1549
1541,1582
1546,1573
1564,1579
1559,1568
1566,1583
1585,1595
1584,1621
1595,1619
1614,1646
1620,1618
1633,1660
1637,1645
1689,1635
1660,1637
1672,1648
1660,1650
1684,1640
1677,1659
1687,1687
1684,1681
1676,1651
1657,1679
1716,1634
1688,1699
1668,1668
1674,1651
1695,1676
1663,1682
1691,1643
1663,1625
1688,1668
1665,1645
1664,1657
1633,1622
1634,1654
1669,1584
1630,1620
1650,1592
1616,1603
1614,1584
1591,1604
1594,1580
1590,1572
1572,1544
1578,1537
1582,1542
1540,1530
1561,1513
1521,1522
1524,1490
1521,1514
1515,1476
1502,1453
1465,1482
1482,1464
1504,1461
1466,1479
1459,1425
1463,1411
1437,1425
1454,1461
1434,1432
1414,1451
1421,1422
1417,1428
1400,1427
1406,1440
1434,1413
1401,1413
1409,1434
1381,1419
1411,1416
1427,1450
1408,1406
1450,1421
1403,1440
1427,1424
1423,1478
1441,1436
1456,1485
1471,1489
1450,1486
1443,1480
1483,1506
1483,1490
1476,1516
1493,1507
1490,1546
1531,1540
1521,1507
1513,1549
1537,1539
1542,1557
1555,1568
1532,1578
1567,1571
1580,1599
1591,1612
1610,1629
1620,1634
1609,1626
1645,1649
1632,1655
1637,1673
1652,1636
1651,1652
1680,1676
1656,1653
1704,1688
1672,1666
1696,1664
1696,1671
1708,1692
1699,1656
1723,1661
1675,1685
1714,1678
1687,1654
1668,1671
1689,1671
1695,1651
1662,1644
1665,1629
1690,1665
1675,1625
1659,1655
1667,1637
1632,1609
1659,1593
1653,1609
1630,1576
1623,1604
1607,1578
1593,1589
1561,1566
1594,1563
1588,1562
1543,1507
1549,1527
1542,1501
1514,1510
1537,1505
1516,1486
1509,1492
1496,1488
1459,1483
1465,1476
1478,1428
1445,1459
1446,1430
1463,1461
1440,1428
1451,1440
1455,1415
1405,1413
1399,1423
1431,1441
1431,1429
1400,1405
1417,1433
1388,1427
1412,1426
1404,1415
1427,1406
1423,1441
1388,1436
1389,1461
1423,1469
1416,1431
1443,1471
1429,1483
1441,1474
1424,1463
1450,1497
1446,1471
1455,1498
1478,1505
1470,1510
1498,1542
1490,1541
1484,1528
1498,1528
1545,1568
1525,1585
1519,1576
1546,1592
1580,1563
1585,1578
1580,1617
1614,1617
1585,1598
1630,1641
1611,1645
1611,1643
1644,1622
1630,1668
1633,1658
1657,1670
1676,1672
1667,1656
1679,1658
1692,1685
1678,1676
1698,1683
1694,1706
1676,1679
1658,1657
1697,1657
1700,1650
1675,1690
1696,1649
1692,1652
1665,1641
1684,1650
1688,1641
1640,1633
1659,1627
1643,1629
1662,1634
1624,1598
1674,1587
1635,1585
1610,1597
1609,1585
1595,1594
1579,1560
1599,1543
1567,1583
1572,1523
1558,1525
1546,1523
1537,1492
1501,1497
1522,1521
1484,1496
1503,1509
1510,1470
1459,1457
1483,1446
1473,1462
1452,1457
1453,1411
1414,1454
1418,1441
1452,1464
1441,1411
1410,1445
1407,1415
1436,1439
1428,1429
1389,1438
1427,1435
1424,1436
1412,1443
1394,1423
1397,1438
1397,1457
1386,1424
1418,1451
1427,1439
1416,1481
1431,1457
1427,1465
1454,1479
1463,1490
1447,1502
1463,1472
1472,1487
1466,1543
1464,1520
1514,1532
1489,1534
1501,1540
1522,1569
1537,1548
1534,1563
1559,1560
1559,1589
1591,1572
1594,1590
1586,1629
1606,1622
1616,1636
1631,1634
1600,1626
1601,1636
1648,1653
1672,1658
1638,1662
1669,1662
1679,1648
1719,1669
1680,1664
1679,1677
1692,1695
1734,1678
1699,1644
1683,1653
1704,1676
1685,1675
1717,1686
1677,1654
1692,1669
1694,1681
1705,1641
1705,1649
1662,1623
1662,1650
1665,1662
1653,1617
1664,1618
1654,1626
1654,1602
1605,1601
1623,1601
1618,1603
1598,1603
1543,1571
1580,1586
1548,1551
1568,1552
1523,1519
1556,1519
1528,1518
1495,1501
1507,1513
1485,1489
1487,1491
1520,1492
1473,1462
1482,1462
1450,1463
1489,1448
1428,1459
1429,1433
1400,1418
1415,1455
1437,1426
1394,1465
1413,1431
1382,1413
1422,1406
1438,1410
1420,1411
1404,1400
1401,1409
1410,1421
1412,1439
1416,1427
1383,1465
1425,1453
1398,1460
1439,1460
1417,1466
1432,1478
1439,1477
1450,1487
1459,1496
1466,1473
1507,1469
1491,1544
1519,1512
1491,1546
1530,1570
1526,1571
1539,1555
1543,1547
1570,1576
1542,1611
1600,1584
1558,1586
1608,1624
1611,1586
1599,1639
1594,1593
1607,1634
1632,1652
1636,1655
1682,1640
1673,1647
1664,1657
1666,1650
1671,1668
1709,1672
1679,1667
1687,1693
1692,1667
1690,1636
1707,1674
1705,1691
1668,1677
1715,1679
1722,1705
1707,1671
1694,1637
1697,1659
1673,1678
1699,1661
1667,1631
1661,1633
1666,1650
1640,1630
1659,1625
1651,1610
1650,1612
1622,1627
1624,1587
1608,1581
1611,1548
1588,1568
1579,1541
1559,1522
1581,1545
1571,1538
1521,1526
1533,1501
1499,1497
1523,1511
1498,1517
1509,1486
1469,1469
1445,1446
1483,1465
1444,1466
1450,1434
1420,1446
1430,1410
1416,1442
1440,1423
1434,1441
1426,1412
1392,1460
1413,1409
1413,1418
1389,1423
1389,1443
1418,1397
1383,1421
1412,1401
1409,1424
1403,1431
1420,1441
1423,1416
1436,1447
1422,1463
1417,1445
1419,1478
1459,1469
1441,1452
1440,1476
1460,1486
1488,1486
1477,1525
1487,1526
1496,1531
1498,1550
1520,1531
1531,1534
1547,1556
1533,1579
1559,1599
1561,1610
1577,1607
1594,1609
1579,1633
1607,1608
1655,1646
1612,1640
1638,1669
1638,1676
1657,1636
1665,1666
1660,1654
1650,1675
1679,1681
1669,1642
1691,1681
1697,1694
1704,1691
1706,1716
1695,1669
1694,1687
1698,1684
1688,1659
1704,1688
1683,1658
1687,1692
1681,1684
1665,1641
1680,1660
1669,1629
1672,1622
1691,1609
1659,1629
1658,1604
1618,1615
1652,1587
1619,1592
1608,1612
1605,1576
1598,1549
1570,1553
1573,1534
1566,1533
1551,1535
1559,1530
1529,1535
1544,1516
1528,1494
1505,1499
1501,1499
1485,1456
1434,1479
1447,1450
1472,1438
1459,1442
1449,1457
1449,1427
1420,1419
1411,1435
1429,1432
1376,1409
1400,1419
1395,1428
1421,1420
1381,1434
1396,1413
1381,1430
1409,1418
1393,1447
1377,1442
1373,1416
1398,1461
1450,1426
1434,1450
1439,1461
1432,1437
1433,1478
1436,1499
1406,1475
1461,1480
1462,1479
1449,1480
1469,1509
1473,1544
1523,1529
1491,1532
1481,1545
1539,1561
1522,1543
1552,1580
1563,1562
1597,1576
1546,1617
1587,1619
1567,1636
1623,1596
1594,1634
1611,1636
1637,1668
1644,1631
1670,1639
1653,1655
1652,1648
1675,1675
1683,1686
1679,1678
1681,1657
1692,1648
1684,1674
1690,1695
1683,1692
1717,1676
1718,1685
1682,1683
1710,1665
1711,1683
1706,1661
1683,1683
1696,1666
1684,1682
1658,1635
1666,1651
1666,1659
1698,1632
1633,1615
1659,1593
1656,1598
1646,1618
1648,1587
1605,1589
1586,1598
1587,1593
1562,1551
1568,1544
1584,1563
1531,1540
1528,1500
1509,1496
1498,1511
1527,1493
1482,1497
1488,1497
1469,1492
1464,1458
1475,1468
1458,1452
1454,1435
1456,1447
1435,1443
1436,1414
1418,1437
1425,1407
1411,1430
1391,1394
1424,1414
1424,1426
1414,1402
1378,1420
1360,1399
1392,1429
1389,1433
1387,1417
1393,1439
1395,1440
1389,1427
1424,1460
1406,1456
1426,1464
1432,1443
1431,1451
1424,1480
1476,1481
1457,1513
1481,1500
1484,1492
1476,1502
1501,1542
1520,1557
1513,1535
1511,1561
1560,1547
1559,1552
1563,1559
1575,1575
1555,1609
1550,1604
1602,1607
1589,1613
1624,1633
1627,1633
1660,1650
1619,1633
1641,1665
1671,1670
1662,1667
1682,1649
1663,1678
1680,1696
1712,1686
1723,1677
1680,1672
1704,1696
1720,1683
1698,1687
1724,1716
1678,1671
1722,1663
1719,1686
1730,1683
1683,1674
1692,1636
1659,1647
1692,1657
1662,1679
1696,1633
1653,1616
1674,1634
1634,1620
1637,1589
1634,1595
1584,1584
1613,1599
1582,1582
1605,1584
1571,1556
1586,1563
1586,1527
1555,1521
1548,1490
1558,1527
1500,1495
1528,1486
1492,1495
1466,1457
1487,1472
1463,1466
1461,1456
1469,1428
1443,1455
1435,1437
1414,1435
1412,1442
1413,1425
1415,1395
1394,1438
1405,1399
1388,1422
1400,1417
1391,1406
1391,1424
1401,1408
1397,1426
1401,1416
1362,1419
1397,1416
1377,1430
1425,1466
1416,1432
1423,1476
1423,1438
1434,1450
1455,1471
1454,1474
1464,1484
1478,1485
1441,1525
1487,1499
1486,1516
1493,1518
1520,1548
1523,1531
1538,1572
1513,1544
1537,1586
1573,1592
1588,1606
1583,1579
1572,1622
1591,1625
1615,1620
1613,1623
1604,1616
1618,1658
1651,1676
1640,1671
1666,1675
1663,1663
1666,1682
1661,1707
1695,1690
1676,1667
1697,1698
1702,1672
1710,1681
1721,1674
1683,1660
1740,1664
1687,1674
1688,1676
1702,1671
1703,1661
1706,1682
1670,1649
1633,1619
1698,1673
1672,1643
1672,1618
1653,1623
1626,1594
1660,1603
1640,1602
1653,1595
1618,1587
1594,1584
1573,1583
1573,1581
1582,1531
1577,1534
1581,1518
1553,1490
1538,1526
1512,1498
1520,1497
1546,1484
1487,1499
1478,1470
1490,1467
1460,1461
1465,1450
1427,1445
1427,1413
1434,1428
1425,1434
1414,1420
1411,1431
1411,1409
1392,1419
1417,1408
1378,1415
1381,1443
1399,1402
1384,1435
1375,1419
1389,1426
1398,1401
1383,1424
1411,1418
1395,1436
1416,1436
1404,1447
1417,1465
1437,1447
1439,1443
1461,1496
1460,1478
1451,1511
1457,1495
1439,1502
1515,1516
1498,1533
1507,1548
1536,1545
1525,1566
1525,1561
1539,1556
1541,1549
1544,1577
1576,1589
1578,1613
1601,1619
1604,1584
1629,1641
1622,1633
1654,1666
1660,1670
1651,1662
1654,1654
1661,1655
1693,1676
1678,1661
1698,1695
1698,1678
1696,1701
1700,1676
1682,1680
1704,1709
1713,1653
1682,1706
1685,1668
1709,1681
1709,1683
1697,1659
1702,1653
1693,1679
1683,1644
1674,1657
1655,1654
1657,1640
1645,1633
1676,1644
1661,1620
1636,1600
1639,1616
1622,1602
1590,1575
1612,1589
1590,1584
1569,1583
1554,1533
1550,1542
1551,1542
1531,1526
1523,1505
1528,1523
1517,1479
1505,1468
1493,1472
1500,1445
1478,1479
1465,1425
1442,1443
1463,1447
1431,1445
1420,1454
1400,1430
1418,1429
1419,1410
1391,1440
1440,1432
1394,1433
1385,1415
1397,1411
1406,1433
1390,1402
1403,1434
1384,1405
1389,1434
1400,1426
1402,1448
1416,1420
1389,1441
1402,1459
1446,1478
1426,1460
1444,1477
1425,1471
1454,1475
1471,1513
1481,1496
1482,1509
1481,1515
1525,1511
1506,1536
1528,1527
1512,1582
1566,1557
1502,1562
1559,1615
1574,1606
1584,1581
1570,1611
1602,1623
1625,1621
1622,1637
1638,1670
1641,1657
1652,1665
1637,1661
1671,1676
1686,1676
1647,1682
1677,1671
1681,1688
1671,1644
1705,1673
1701,1654
1689,1677
1727,1687
1727,1684
1728,1688
1699,1688
1701,1689
1704,1675
1692,1682
1731,1675
1684,1662
1673,1657
1690,1653
1699,1637
1666,1644
1668,1623
1669,1586
1671,1633
1652,1588
1652,1614
1630,1583
1604,1573
1610,1566
1602,1545
1586,1542
1576,1539
1557,1536
1548,1523
1547,1516
1528,1480
1547,1481
1507,1498
1486,1491
1491,1504
1493,1462
1487,1453
1445,1460
1459,1463
1471,1449
1426,1442
1420,1452
1443,1430
1399,1413
1426,1417
1416,1446
1420,1380
1407,1410
1397,1419
1375,1414
1383,1411
1407,1426
1410,1416
1408,1444
1394,1433
1392,1413
1398,1421
1388,1454
1425,1424
1428,1442
1407,1443
1434,1466
1422,1453
1428,1476
1451,1493
1466,1485
1449,1494
1489,1524
1498,1531
1487,1511
1508,1526
1526,1529
1552,1576
1561,1571
1548,1587
1595,1624
1588,1630
1575,1612
1564,1590
1591,1609
1591,1621
1588,1618
1650,1638
1630,1661
1658,1659
1658,1641
1642,1654
1647,1686
1678,1662
1693,1686
1666,1678
1729,1682
1688,1702
1703,1682
1712,1694
1706,1685
1705,1697
1714,1680
1706,1684
1679,1714
1691,1668
1676,1626
1708,1660
1686,1656
1676,1639
1656,1639
1671,1643
1653,1629
1664,1639
1614,1632
1628,1607
1601,1620
1618,1579
1629,1571
1596,1551
1618,1590
1595,1542
1590,1553
1544,1547
1531,1523
1553,1523
1557,1494
1508,1508
1502,1517
1526,1486
1502,1483
1447,1457
1452,1473
1481,1440
1468,1424
1441,1443
1464,1430
1419,1431
1407,1409
1430,1402
1396,1399
1398,1421
1425,1421
1389,1442
1407,1410
1402,1428
1401,1410
1380,1425
1402,1421
1368,1418
1395,1415
1384,1414
1402,1399
1406,1430
1427,1434
1429,1476
1410,1461
1422,1436
1447,1485
1441,1485
1442,1453
1457,1504
1504,1501
1462,1509
1483,1510
1473,1518
1517,1539
1528,1517
1550,1557
1557,1555
1560,1560
1559,1599
1579,1569
1556,1564
1608,1605
1585,1633
1603,1586
1622,1632
1603,1623
1632,1643
1639,1652
1648,1663
1666,1666
1679,1656
1668,1647
1685,1659
1668,1663
1702,1680
1673,1680
1689,1675
1697,1669
1651,1689
1684,1678
1696,1694
1718,1679
1694,1673
1700,1680
1724,1637
1661,1692
1726,1668
1688,1663
1683,1660
1683,1673
1680,1650
1682,1636
1664,1603
1652,1622
1644,1606
1637,1608
1609,1616
1621,1602
1610,1575
1590,1601
1606,1565
1590,1519
1550,1545
1548,1513
1537,1527
1536,1508
1544,1511
1526,1470
1503,1480
1475,1487
1491,1494
1470,1459
1489,1451
1447,1455
1461,1436
1424,1439
1426,1430
1447,1405
1440,1438
1409,1446
1420,1426
1400,1423
1419,1412
1399,1378
1385,1431
1389,1424
1384,1434
1392,1414
1376,1409
1414,1419
1395,1424
1418,1451
1402,1450
1407,1430
1441,1446
1427,1446
1445,1475
1410,1467
1454,1448
1455,1465
1455,1470
1469,1526
1474,1496
1475,1505
1503,1516
1509,1542
1524,1542
1520,1564
1557,1559
1530,1583
1567,1579
1579,1584
1568,1599
1598,1613
1588,1630
1596,1637
1630,1635
1630,1639
1633,1628
1673,1675
1655,1638
1665,1663
1658,1623
1693,1687
1667,1679
1695,1692
1677,1698
1699,1681
1681,1692
1703,1700
1697,1678
1699,1681
1705,1660
1705,1680
1698,1708
1698,1648
1665,1679
1718,1674
1680,1667
1697,1652
1673,1647
1660,1654
1667,1657
1666,1613
1648,1621
1635,1586
1628,1589
1592,1602
1612,1590
1589,1562
1600,1583
1585,1567
1560,1548
1547,1539
1555,1527
1565,1529
1551,1514
1515,1492
1523,1502
1510,1475
1478,1500
1488,1490
1485,1483
1458,1473
1471,1468
1458,1447
1439,1444
1428,1437
1464,1455
1426,1445
1405,1427
1385,1419
1450,1401
1418,1410
1399,1419
1384,1424
1401,1422
1399,1416
1391,1435
1398,1426
1397,1442
1403,1420
1431,1450
1407,1415
1426,1457
1412,1434
1449,1448
1427,1441
1436,1466
1432,1473
1438,1486
1463,1499
1447,1524
1495,1492
1494,1508
1486,1514
1495,1511
1539,1519
1513,1558
1511,1552
1541,1571
1575,1584
1536,1585
1577,1569
1579,1608
1594,1600
1610,1632
1619,1620
1588,1639
1635,1628
1653,1641
1642,1634
1661,1640
1651,1671
1682,1664
1669,1656
1659,1670
1691,1701
1696,1668
1672,1692
1681,1688
1726,1695
1684,1675
1710,1662
1718,1688
1715,1678
1697,1677
1702,1651
1682,1668
1690,1667
1688,1684
1674,1641
1690,1639
1672,1609
1668,1615
1649,1624
1664,1639
1657,1606
1661,1602
1636,1593
1589,1591
1594,1558
1616,1572
1599,1551
1562,1559
1557,1541
1564,1514
1540,1521
1568,1520
1499,1485
1534,1500
1506,1463
1498,1460
1475,1488
1483,1463
1452,1466
1480,1453
1421,1457
1434,1430
1446,1417
1415,1424
1421,1443
1392,1414
1440,1421
1401,1447
1391,1426
1393,1422
1397,1400
1367,1410
1402,1442
1410,1418
1421,1438
1400,1405
1389,1417
1384,1438
1420,1415
1409,1456
1396,1443
1451,1442
1436,1465
1421,1462
1419,1468
1445,1496
1491,1472
1494,1493
1496,1499
1515,1517
1499,1513
1532,1556
1519,1540
1534,1538
1558,1562
1556,1562
1540,1596
1553,1577
1601,1599
1590,1623
1600,1616
1604,1652
1602,1622
1621,1644
1623,1644
1649,1629
1657,1664
1631,1645
1632,1681
1668,1656
1668,1674
1684,1645
1713,1682
1681,1676
1711,1673
1683,1679
1716,1649
1692,1707
1721,1706
1710,1660
1712,1666
1681,1691
1722,1676
1684,1658
1687,1679
1724,1658
1668,1645
1652,1655
1668,1649
1655,1629
1671,1622
1668,1604
1634,1582
1660,1600
1615,1578
1607,1541
1597,1562
1611,1552
1599,1554
1575,1563
1567,1555
1567,1530
1549,1514
1531,1502
1524,1469
1513,1494
1501,1476
1506,1478
1452,1490
1475,1463
1429,1464
1452,1456
1453,1444
1433,1425
1433,1467
1451,1417
1383,1442
1419,1417
1421,1431
1418,1432
1403,1395
1388,1452
1394,1416
1393,1434
1390,1416
1377,1425
1420,1412
1405,1417
1409,1448
1413,1439
1418,1443
1375,1448
1439,1450
1437,1465
1432,1442
1446,1480
1463,1444
1476,1465
1483,1498
1465,1497
1492,1491
1491,1532
1475,1527
1513,1515
1536,1563
1534,1545
1525,1563
1548,1576
1574,1568
1575,1596
1581,1615
1575,1625
1610,1616
1601,1624
1593,1632
1609,1621
1620,1652
1646,1660
1646,1665
1678,1668
1654,1673
1652,1670
1667,1675
1686,1649
1697,1705
1715,1676
1692,1688
1697,1711
1675,1681
1695,1685
1695,1677
1699,1704
1691,1695
1706,1656
1677,1652
1701,1678
1692,1660
1683,1648
1688,1634
1670,1632
1682,1648
1671,1612
1660,1624
1660,1631
1666,1583
1621,1586
1634,1580
1585,1569
1603,1590
1604,1551
1599,1573
1572,1534
1560,1518
1540,1537
1549,1490
1513,1512
1503,1499
1502,1499
1500,1492
1480,1487
1489,1465
1467,1456
1465,1445
1444,1463
1430,1446
1456,1441
1434,1455
1422,1417
1430,1427
1428,1433
1421,1401
1410,1415
1396,1424
1390,1419
1398,1418
1387,1421
1380,1425
1410,1419
1418,1423
1439,1447
1420,1437
1397,1442
1419,1438
1425,1442
1410,1452
1429,1459
1438,1475
1459,1484
1471,1494
1452,1480
1448,1536
1459,1513
1498,1506
1493,1510
1529,1523
1505,1540
1515,1551
1559,1551
1538,1590
1543,1582
1559,1607
1560,1597
1585,1592
1582,1613
1606,1608
1626,1630
1604,1628
1631,1627
1667,1645
1671,1658
1658,1660
1689,1666
1670,1657
1639,1653
1677,1700
1676,1677
1693,1690
1686,1685
1677,1688
1713,1681
1693,1661
1707,1677
1694,1677
1705,1661
1680,1660
1700,1673
1688,1642
1691,1655
1656,1653
1684,1645
1660,1633
1673,1645
1619,1640
1633,1624
1625,1619
1630,1610
1634,1609
1606,1610
1611,1581
1628,1575
1588,1573
1582,1548
1571,1563
1568,1537
1562,1520
1539,1526
1503,1527
1518,1498
1530,1506
1502,1485
1479,1470
1476,1482
1471,1477
1470,1469
1477,1461
1492,1444
1441,1429
1456,1428
1444,1448
1401,1424
1411,1454
1414,1431
1446,1413
1406,1431
1395,1424
1413,1431
1408,1433
1413,1414
1398,1415
1385,1420
1421,1440
1398,1432
1399,1428
1396,1445
1430,1451
1468,1455
1449,1464
1432,1475
1449,1477
1456,1488
1465,1469
1438,1508
1480,1488
1502,1521
1492,1521
1511,1527
1484,1524
1519,1559
1537,1564
1517,1551
1556,1577
1535,1550
1580,1589
1596,1591
1578,1605
1583,1607
1595,1613
1623,1646
1611,1635
1636,1627
1643,1645
1630,1657
1679,1652
1700,1672
1669,1664
1639,1658
1697,1676
1685,1672
1681,1698
1698,1693
1683,1673
1676,1686
1694,1690
1702,1666
1683,1679
1683,1673
1700,1667
1701,1668
1688,1669
1684,1665
1673,1638
1678,1638
1685,1645
1666,1630
1650,1627
1652,1615
1646,1612
1642,1597
1632,1604
1636,1564
1614,1588
1568,1574
1582,1573
1612,1573
1585,1526
1596,1536
1550,1524
1533,1525
1558,1511
1517,1497
1514,1478
1517,1508
1489,1481
1478,1483
1468,1452
1484,1440
1427,1457
1421,1446
1437,1436
1420,1441
1427,1464
1422,1419
1430,1430
1397,1430
1421,1410
1411,1446
1397,1414
1421,1407
1408,1435
1419,1414
1427,1418
1429,1425
1404,1451
1413,1445
1407,1436
1430,1453
1383,1432
1447,1455
1438,1488
1434,1479
1443,1459
1463,1478
1441,1494
1452,1522
1449,1518
1496,1499
1493,1532
1494,1526
1515,1544
1517,1526
1542,1557
1563,1572
1556,1600
1551,1596
1565,1580
1571,1591
1610,1600
1585,1563
1620,1629
1630,1639
1621,1609
1619,1632
1651,1633
1616,1647
1667,1650
1647,1657
1663,1665
1653,1672
1686,1656
1705,1670
1663,1695
1684,1696
1693,1686
1660,1679
1702,1662
1697,1671
1709,1676
1686,1666
1707,1660
1687,1670
1690,1671
1673,1634
1670,1650
1655,1632
1678,1634
1620,1616
1638,1633
1628,1615
1611,1602
1610,1585
1604,1586
1605,1566
1588,1572
1619,1543
1591,1546
1577,1553
1575,1523
1572,1536
1569,1521
1573,1515
1527,1501
1531,1504
1527,1487
1499,1496
1480,1471
1474,1496
1485,1480
1461,1453
1437,1440
1422,1432
1454,1453
1437,1460
1410,1421
1409,1416
1414,1394
1428,1448
1411,1405
1410,1442
1396,1442
1414,1445
1406,1450
1430,1417
1429,1420
1410,1419
1425,1442
1438,1430
1403,1456
1423,1478
1411,1431
1431,1453
1452,1443
1445,1455
1428,1470
1442,1467
1462,1474
1492,1513
1479,1512
1505,1538
1503,1522
1504,1557
1517,1561
1520,1535
1584,1528
1541,1562
1561,1580
1552,1571
1559,1590
1565,1617
1602,1583
1605,1607
1603,1642
1635,1631
1631,1643
1622,1635
1649,1645
1652,1623
1654,1641
1653,1668
1698,1658
1718,1662
1672,1659
1669,1682
1666,1657
1698,1691
1678,1673
1684,1673
1670,1691
1692,1662
1703,1666
1692,1666
1671,1676
1682,1660
1671,1643
1695,1676
1663,1643
1675,1639
1667,1633
1623,1623
1651,1598
1658,1617
1674,1619
1623,1601
1595,1610
1620,1553
1580,1567
1575,1540
1587,1534
1567,1526
1575,1538
1518,1523
1537,1517
1546,1500
1541,1502
1518,1510
1506,1496
1490,1479
1509,1477
1486,1458
1507,1463
1480,1486
1467,1436
1461,1426
1484,1442
1436,1458
1437,1459
1400,1457
1400,1436
1418,1432
1420,1453
1423,1457
1413,1429
1401,1426
1386,1449
1418,1424
1413,1466
1413,1447
1420,1441
1428,1462
1399,1422
1437,1469
1437,1442
1433,1444
1416,1463
1462,1489
1469,1473
1462,1505
1484,1457
1483,1507
1474,1509
1506,1528
1513,1544
1507,1536
1529,1532
1517,1551
1523,1546
1555,1569
1551,1559
1556,1600
1583,1595
1558,1619
1585,1606
1583,1616
1588,1638
1613,1629
1640,1635
1691,1627
1647,1642
1674,1654
1646,1661
1669,1668
1659,1644
1683,1676
1662,1665
1708,1668
1710,1657
1705,1671
1710,1702
1663,1658
1684,1682
1684,1673
1692,1655
1690,1663
1694,1649
1663,1666
1682,1653
1667,1635
1686,1646
1658,1657
1648,1626
1623,1615
1618,1606
1633,1611
1623,1604
1635,1591
1606,1588
1620,1579
1605,1560
1633,1567
1551,1569
1563,1554
1548,1546
1531,1539
1519,1519
1533,1501
1529,1503
1505,1509
1511,1501
1508,1490
1489,1475
1448,1474
1452,1467
1463,1477
1427,1462
1442,1421
1430,1455
1431,1413
1430,1423
1446,1401
1452,1432
1406,1447
1468,1427
1425,1441
1399,1420
1421,1444
1414,1439
1416,1430
1423,1459
1420,1451
1397,1407
1430,1455
1424,1430
1418,1459
1441,1455
1453,1453
1453,1501
1476,1495
1451,1499
1466,1490
1489,1486
1478,1511
1503,1553
1518,1515
1504,1511
1495,1554
1535,1545
1523,1566
1541,1553
1575,1598
1564,1560
1594,1590
1549,1608
1569,1599
1576,1621
1584,1605
1630,1604
1639,1644
1633,1630
1639,1649
1622,1637
1624,1639
1677,1655
1650,1649
1665,1661
1702,1664
1684,1659
1677,1652
1655,1658
1657,1666
1655,1686
1694,1658
1707,1648
1689,1661
1654,1656
1679,1668
1676,1656
1703,1633
1691,1660
1673,1642
1689,1623
1688,1645
1630,1612
1623,1624
1626,1601
1625,1593
1655,1591
1616,1584
1624,1585
1580,1589
1586,1576
1582,1553
1569,1545
1547,1546
1544,1532
1577,1523
1524,1520
1511,1507
1529,1505
1509,1499
1493,1497
1502,1508
1510,1479
1465,1453
1464,1478
1448,1452
1473,1483
1451,1446
1449,1478
1411,1438
1439,1457
1456,1434
1425,1428
1406,1446
1446,1455
1411,1419
1409,1432
1420,1421
1426,1440
1409,1446
1410,1445
1406,1420
1412,1430
1423,1459
1445,1465
1412,1456
1453,1481
1433,1457
1460,1446
1449,1501
1446,1493
1447,1495
1479,1479
1493,1513
1494,1503
1520,1569
1528,1535
1516,1569
1505,1568
1537,1576
1549,1554
1535,1587
1552,1592
1568,1589
1588,1594
1617,1613
1602,1607
1602,1643
1643,1647
1641,1629
1620,1605
1658,1640
1636,1639
1655,1645
1653,1631
1669,1645
1670,1675
1677,1647
1677,1648
1695,1689
1671,1659
1689,1656
1678,1642
1678,1655
1664,1654
1652,1677
1651,1671
1689,1640
1692,1641
1669,1654
1672,1629
1654,1642
1677,1626
1666,1629
1620,1640
1631,1616
1612,1609
1621,1597
1595,1577
1607,1586
1601,1559
1578,1564
1586,1539
1584,1570
1563,1581
1576,1540
1553,1516
1552,1527
1537,1517
1532,1513
1512,1506
1528,1495
1501,1475
1482,1460
1473,1461
1480,1486
1491,1454
1464,1443
1469,1454
1457,1434
1441,1449
1429,1448
1422,1444
1422,1455
1422,1431
1422,1428
1438,1449
1432,1436
1425,1440
1428,1453
1405,1432
1423,1440
1404,1451
1430,1463
1434,1455
1425,1454
1435,1446
1441,1438
1446,1465
1454,1478
1455,1483
1439,1498
1459,1476
1478,1490
1484,1496
1496,1506
1472,1517
1509,1512
1520,1538
1542,1530
1527,1562
1541,1566
1573,1574
1562,1565
1563,1568
1582,1590
1585,1587
1596,1613
1593,1615
1609,1630
1626,1605
1643,1625
1632,1626
1645,1649
1630,1642
1640,1676
1660,1654
1657,1657
1646,1662
1635,1663
1693,1667
1680,1626
1660,1650
1678,1653
1664,1639
1702,1667
1706,1644
1676,1682
1687,1659
1647,1645
1667,1637
1657,1659
1664,1644
1667,1637
1667,1648
1660,1611
1634,1602
1640,1624
1613,1572
1632,1580
1635,1607
1618,1571
1622,1569
1623,1531
1559,1557
1563,1538
1585,1551
1545,1525
1524,1545
1515,1523
1540,1539
1525,1503
1519,1496
1520,1485
1492,1479
1483,1510
1504,1448
1489,1495
1499,1486
1460,1451
1478,1442
1439,1438
1407,1460
1461,1438
1423,1442
1448,1477
1438,1461
1449,1452
1416,1444
1398,1414
1426,1441
1406,1443
1425,1437
1455,1435
1415,1457
1428,1447
1427,1455
1464,1470
1456,1468
1437,1467
1455,1500
1443,1454
1446,1512
1467,1492
1494,1513
1501,1501
1489,1522
1508,1513
1504,1540
1503,1522
1514,1544
1543,1543
1509,1557
1545,1554
1556,1569
1584,1577
1587,1592
1607,1572
1583,1607
1613,1627
1601,1637
1587,1611
1611,1636
1598,1633
1629,1633
1623,1660
1599,1639
1665,1651
1656,1675
1675,1676
1670,1662
1677,1648
1669,1631
1664,1654
1649,1661
1645,1635
1665,1639
1635,1695
1658,1656
1688,1662
1665,1632
1663,1652
1655,1645
1664,1623
1671,1633
1636,1647
1644,1643
1643,1628
1635,1625
1625,1592
1612,1585
1610,1628
1617,1601
1614,1592
1624,1576
1574,1567
1561,1562
1582,1549
1547,1513
1555,1516
1551,1543
1521,1558
1489,1519
1528,1505
1513,1470
1528,1477
1519,1474
1511,1481
1474,1469
1445,1454
1466,1487
1490,1458
1446,1425
1472,1458
1448,1470
1448,1428
1428,1465
1404,1462
1418,1423
1419,1456
1416,1448
1433,1434
1432,1456
1444,1433
1452,1455
1448,1469
1405,1472
1413,1465
1421,1435
1425,1453
1439,1465
1446,1489
1471,1475
1464,1491
1480,1480
1466,1515
1492,1488
1482,1529
1470,1534
1515,1511
1533,1528
1521,1540
1504,1542
1522,1519
1549,1582
1550,1569
1553,1569
1547,1583
1569,1584
1571,1591
1581,1631
1600,1605
1593,1585
1641,1622
1615,1648
1615,1651
1639,1635
1627,1649
1619,1641
1666,1643
1659,1667
1683,1665
1655,1652
1676,1665
1677,1664
1655,1654
1669,1671
1667,1634
1719,1676
1657,1655
1702,1661
1652,1658
1699,1663
1695,1643
1658,1623
1659,1633
1646,1604
1676,1611
1646,1628
1660,1614
1636,1609
1628,1621
1619,1588
1592,1572
1626,1592
1588,1588
1570,1564
1572,1570
1571,1529
1566,1542
1599,1561
1546,1560
1546,1522
1534,1521
1539,1496
1530,1515
1517,1521
1507,1488
1516,1473
1487,1492
1488,1482
1462,1454
1463,1448
1446,1451
1456,1438
1455,1458
1434,1458
1459,1469
1446,1446
1439,1439
1447,1447
1422,1449
1409,1444
1458,1459
1436,1443
1443,1441
1408,1425
1434,1468
1453,1446
1421,1475
1466,1454
1437,1460
1452,1460
1450,1483
1467,1481
1455,1445
1479,1485
1492,1486
1481,1523
1478,1514
1480,1501
1496,1523
1521,1546
1517,1541
1514,1529
1540,1548
1543,1560
1557,1546
1570,1575
1547,1595
1578,1582
1566,1609
1594,1588
1576,1611
1606,1638
1644,1654
1626,1627
1641,1631
1645,1646
1658,1632
1638,1660
1669,1641
1658,1649
1666,1642
1679,1638
1662,1647
1690,1650
1672,1690
1640,1637
1674,1664
1659,1656
1661,1665
1693,1666
1650,1670
1655,1640
1668,1637
1674,1652
1670,1632
1664,1652
1644,1616
1656,1607
1653,1618
1654,1613
1639,1611
1603,1586
1608,1590
1605,1587
1607,1565
1612,1574
1580,1563
1573,1569
1560,1567
1556,1524
1526,1544
1537,1525
1495,1523
1496,1507
1528,1512
1533,1498
1516,1507
1532,1485
1484,1497
1453,1468
1476,1453
1505,1479
1467,1469
1445,1447
1454,1449
1443,1440
1448,1475
1456,1451
1435,1431
1428,1448
1427,1455
1424,1421
1448,1435
1423,1428
1392,1431
1449,1460
1411,1478
1454,1475
1449,1433
1426,1465
1460,1464
1481,1468
1454,1494
1483,1481
1463,1462
1468,1482
1473,1498
1475,1489
1488,1529
1489,1516
1506,1551
1535,1543
1523,1538
1516,1537
1540,1582
1513,1544
1547,1558
1559,1585
1579,1567
1572,1584
1584,1598
1593,1610
1592,1613
1608,1597
1605,1621
1648,1632
1636,1610
1640,1616
1635,1643
1650,1639
1644,1648
1661,1632
1657,1647
1670,1671
1640,1659
1661,1643
1662,1661
1655,1622
1673,1628
1656,1642
1647,1667
1677,1649
1670,1654
1664,1669
1665,1650
1669,1624
1644,1641
1656,1620
1648,1640
1637,1631
1615,1603
1609,1614
1617,1581
1640,1599
1622,1601
1574,1560
1605,1546
1570,1569
1567,1547
1565,1531
1560,1550
1530,1548
1543,1537
1518,1528
1520,1520
1505,1515
1504,1520
1500,1509
1504,1467
1465,1480
1488,1497
1459,1471
1472,1462
1451,1429
1459,1487
1471,1462
1454,1450
1446,1462
1452,1442
1458,1465
1429,1427
1433,1432
1427,1449
1428,1427
1424,1430
1426,1443
1429,1445
1421,1468
1438,1462
1461,1445
1421,1483
1450,1449
1453,1472
1462,1481
1459,1482
1469,1490
1479,1519
1454,1488
1496,1501
1470,1523
1503,1510
1497,1515
1521,1528
1511,1544
1520,1523
1537,1541
1531,1569
1548,1552
1561,1552
1578,1574
1547,1594
1566,1589
1588,1573
1567,1600
1599,1601
1605,1605
1611,1641
1601,1635
1609,1595
1652,1629
1656,1646
1651,1633
1669,1630
1643,1661
1650,1637
1663,1659
1652,1635
1672,1639
1692,1637
1670,1654
1656,1638
1648,1646
1677,1643
1677,1615
1680,1666
1668,1641
1665,1667
1665,1656
1669,1635
1671,1637
1652,1588
1632,1601
1617,1600
1620,1619
1656,1602
1600,1587
1616,1585
1601,1581
1599,1560
1598,1552
1565,1558
1569,1554
1577,1560
1527,1514
1533,1531
1546,1523
1544,1515
1518,1515
1492,1508
1491,1491
1501,1472
1486,1495
1507,1496
1492,1472
1493,1479
1447,1493
1482,1451
1427,1473
1459,1467
1464,1464
1441,1434
1425,1444
1459,1443
1444,1444
1435,1436
1435,1449
1430,1452
1419,1437
1421,1470
1437,1453
1421,1440
1453,1441
1434,1499
1438,1481
1447,1475
1452,1499
1473,1474
1473,1480
1491,1502
1514,1498
1465,1502
1470,1549
1499,1535
1497,1548
1487,1521
1506,1548
1519,1554
1527,1547
1540,1587
1563,1568
1564,1570
1556,1576
1575,1582
1574,1589
1570,1604
1600,1604
1607,1620
1595,1642
1631,1635
1616,1625
1626,1616
1586,1642
1649,1625
1643,1621
1639,1615
1646,1661
1626,1627
1663,1651
1676,1645
1675,1661
1667,1646
1672,1637
1700,1659
1654,1653
1673,1645
1668,1668
1660,1643
1673,1635
1662,1653
1640,1638
1661,1648
1649,1613
1626,1610
1622,1588
1594,1627
1621,1605
1603,1591
1603,1569
1611,1560
1612,1573
1591,1562
1581,1576
1546,1526
1551,1559
1561,1550
1525,1539
1573,1521
1517,1527
1519,1527
1500,1523
1519,1480
1500,1515
1485,1510
1501,1484
1466,1489
1471,1467
1464,1441
1483,1459
1464,1466
1458,1455
1449,1454
1456,1432
1430,1426
1459,1449
1461,1457
1428,1444
1440,1433
1407,1456
1433,1444
1428,1472
1450,1452
1437,1478
1436,1454
1447,1454
1442,1457
1425,1477
1424,1473
1460,1478
1467,1466
1486,1457
1457,1477
1477,1504
1502,1513
1488,1529
1482,1518
1504,1515
1546,1527
1513,1527
1526,1554
1521,1548
1572,1586
1551,1579
1571,1603
1576,1558
1596,1607
1604,1617
1590,1609
1598,1589
1617,1586
1622,1577
1596,1598
1633,1632
1617,1604
1650,1662
1647,1615
1648,1652
1653,1637
1644,1639
1662,1642
1664,1652
1679,1656
1668,1650
1659,1680
1670,1649
1631,1641
1644,1653
1695,1656
1644,1638
1670,1640
1682,1632
1672,1613
1650,1620
1660,1628
1646,1614
1638,1626
1623,1620
1600,1602
1600,1647
1594,1585
1585,1589
1584,1594
1601,1545
1562,1559
1560,1548
1577,1549
1552,1536
1531,1524
1544,1536
1566,1520
1532,1518
1528,1504
1505,1496
1510,1507
1485,1473
1508,1503
1512,1484
1491,1489
1485,1463
1467,1451
1436,1424
1439,1449
1461,1457
1446,1431
1457,1474
1466,1460
1463,1460
1440,1455
1406,1424
1436,1425
1419,1453
1438,1432
1450,1477
1424,1450
1431,1441
1439,1469
1435,1455
1435,1494
1434,1468
1452,1485
1431,1468
1456,1503
1473,1501
1467,1498
1475,1508
1458,1519
1497,1506
1521,1511
1476,1549
1529,1560
1522,1540
1524,1562
1560,1555
1533,1564
1579,1571
1563,1566
1575,1583
1575,1595
1570,1596
1610,1602
1595,1598
1639,1608
1579,1607
1627,1650
1633,1657
1646,1642
1606,1631
1646,1620
1650,1658
1654,1664
1642,1640
1661,1655
1675,1646
1696,1619
1628,1637
1661,1645
1663,1642
1664,1652
1672,1628
1622,1644
1637,1624
1666,1657
1666,1608
1637,1625
1627,1633
1653,1631
1620,1628
1629,1617
1643,1586
1618,1625
1626,1581
1630,1572
1594,1578
1610,1563
1597,1544
1583,1546
1581,1561
1568,1531
1563,1543
1549,1533
1536,1521
1515,1524
1525,1507
1520,1493
1530,1502
1521,1499
1493,1488
1519,1482
1468,1487
1485,1503
1466,1477
1464,1472
1473,1454
1478,1425
1439,1455
1457,1438
1452,1431
1460,1464
1441,1460
1443,1438
1449,1442
1456,1467
1420,1434
1432,1440
1438,1456
1404,1468
1441,1471
1447,1460
1457,1438
1459,1470
1430,1480
1451,1457
1464,1492
1437,1500
1495,1480
1486,1507
1468,1505
1500,1524
1498,1522
1545,1554
1486,1532
1512,1575
1525,1533
1533,1559
1544,1575
1549,1580
1567,1579
1559,1575
1578,1597
1580,1578
1596,1593
1601,1617
1596,1599
1593,1621
1611,1630
1618,1627
1595,1599
1656,1611
1653,1646
1637,1626
1645,1644
1621,1665
1666,1625
1658,1659
1655,1664
1687,1645
1655,1628
1651,1630
1674,1643
1692,1671
1665,1663
1680,1651
1652,1627
1670,1642
1647,1664
1630,1627
1663,1636
1612,1618
1631,1618
1642,1583
1626,1584
1647,1581
1583,1572
1608,1573
1598,1586
1593,1548
1555,1552
1583,1567
1570,1542
1573,1549
1546,1535
1562,1539
1518,1533
1549,1530
1544,1520
1493,1494
1507,1497
1517,1510
1487,1480
1509,1459
1503,1474
1458,1485
1474,1457
1483,1481
1417,1474
1462,1480
1428,1466
1459,1434
1441,1463
1442,1472
1459,1448
1436,1443
1400,1431
1435,1444
1454,1446
1439,1468
1451,1454
1460,1451
1439,1464
1439,1459
1453,1455
1440,1495
1460,1479
1471,1482
1468,1468
1462,1497
1463,1514
1461,1532
1471,1522
1472,1530
1525,1526
1497,1504
1502,1516
1512,1542
1514,1554
1553,1569
1547,1574
1558,1557
1561,1562
1573,1579
1564,1601
1550,1576
1608,1601
1592,1618
1579,1620
1583,1630
1626,1615
1630,1633
1608,1627
1607,1613
1629,1629
1635,1654
1671,1655
1679,1655
1673,1648
1694,1645
1652,1663
1655,1668
1665,1659
1666,1655
1675,1661
1644,1667
1648,1631
1653,1632
1669,1655
1683,1645
1665,1633
1644,1624
1657,1614
1648,1612
1644,1626
1625,1606
1621,1605
1592,1568
1599,1589
1610,1589
1580,1583
1567,1577
1587,1580
1577,1584
1563,1553
1553,1530
1582,1532
1540,1491
1543,1529
1514,1524
1500,1513
1517,1486
1534,1491
1503,1473
1505,1485
1455,1467
1469,1465
1497,1476
1480,1471
1444,1461
1469,1448
1444,1486
1458,1453
1490,1433
1456,1470
1446,1439
1442,1448
1439,1454
1451,1455
1411,1457
1436,1441
1437,1431
1444,1444
1442,1485
1446,1452
1445,1466
1451,1476
1443,1479
1470,1469
1458,1486
1478,1491
1512,1486
1475,1481
1511,1525
1478,1479
1488,1521
1492,1537
1487,1532
1528,1551
1522,1534
1560,1552
1517,1557
1548,1571
1609,1582
1555,1587
1562,1613
1567,1571
1592,1606
1588,1596
1572,1623
1640,1606
1613,1655
1595,1630
1627,1619
1620,1631
1638,1612
1600,1649
1623,1647
1659,1656
1645,1650
1644,1648
1665,1633
1629,1668
1668,1654
1662,1634
1679,1643
1662,1646
1681,1644
1652,1648
1636,1650
1657,1634
1670,1637
1666,1623
1646,1643
1659,1640
1649,1599
1606,1622
1654,1601
1633,1626
1611,1598
1577,1549
1630,1609
1613,1566
1591,1567
1597,1564
1589,1547
1569,1542
1548,1536
1555,1520
1521,1522
1514,1505
1510,1519
1508,1478
1516,1513
1510,1531
1517,1471
1501,1481
1475,1495
1481,1487
1473,1492
1466,1462
1450,1439
1448,1457
1468,1466
1418,1464
1426,1451
1461,1451
1456,1444
1423,1445
1438,1461
1426,1442
1428,1460
1419,1460
1449,1473
1439,1459
1422,1444
1446,1454
1429,1447
1439,1431
1431,1462
1474,1499
1449,1496
1464,1459
1457,1478
1485,1515
1481,1492
1482,1493
1492,1514
1496,1545
1503,1526
1534,1548
1533,1553
1550,1535
1520,1551
1551,1582
1567,1557
1589,1578
1590,1602
1585,1606
1590,1585
1617,1610
1638,1612
1587,1601
1616,1635
1616,1633
1650,1631
1610,1638
1608,1636
1620,1643
1639,1648
1624,1635
1666,1640
1641,1658
1691,1656
1658,1635
1677,1639
1673,1636
1658,1651
1686,1645
1651,1650
1667,1623
1672,1635
1666,1637
1635,1614
1642,1629
1649,1630
1652,1625
1656,1574
1624,1605
1631,1592
1591,1589
1616,1580
1594,1582
1615,1582
1627,1569
1586,1571
1602,1547
1604,1549
1569,1553
1554,1538
1544,1551
1550,1545
1529,1539
1538,1509
1520,1503
1514,1470
1514,1510
1469,1467
1494,1479
1480,1492
1461,1494
1453,1491
1475,1493
1486,1454
1451,1475
1455,1466
1460,1434
1455,1431
1457,1429
1426,1445
1426,1444
1424,1450
1423,1460
1449,1439
1425,1435
1429,1458
1435,1475
1430,1430
1460,1439
1466,1475
1451,1469
1447,1475
1446,1481
1454,1477
1499,1476
1462,1457
1487,1492
1477,1510
1481,1516
1497,1512
1493,1565
1498,1535
1544,1546
1548,1565
1517,1570
1534,1584
1515,1560
1574,1580
1573,1576
1577,1580
1575,1602
1577,1575
1592,1605
1591,1593
1621,1627
1618,1616
1597,1632
1622,1638
1628,1606
1662,1629
1642,1645
1661,1646
1655,1647
1649,1641
1653,1643
1670,1670
1667,1656
1675,1653
1659,1642
1673,1658
1666,1642
1669,1653
1648,1632
1647,1640
1660,1641
1666,1655
1639,1625
1650,1625
1662,1629
1635,1625
1637,1576
1632,1620
1609,1599
1604,1596
1607,1592
1589,1550
1586,1601
1591,1562
1576,1529
1560,1542
1534,1534
1582,1547
1555,1538
1536,1538
1523,1527
1531,1501
1499,1527
1499,1491
1511,1481
1480,1471
1512,1467
1454,1480
1495,1480
1475,1466
1477,1446
1449,1472
1467,1437
1456,1437
1421,1487
1453,1450
1411,1453
1416,1454
1424,1455
1429,1442
1435,1446
1427,1469
1431,1460
1455,1477
1437,1460
1441,1460
1440,1495
1439,1449
1461,1464
1427,1461
1467,1505
1458,1506
1460,1461
1449,1477
1493,1488
1482,1529
1517,1508
1505,1520
1468,1533
1518,1520
1531,1562
1521,1544
1534,1569
1535,1556
1538,1573
1521,1586
1593,1572
1589,1603
1589,1608
1618,1623
1597,1618
1621,1618
1605,1631
1630,1637
1637,1625
1641,1632
1628,1667
1662,1673
1638,1673
1663,1652
1629,1653
1651,1668
1672,1641
1655,1651
1651,1656
1671,1653
1670,1667
1690,1646
1668,1632
1662,1633
1663,1620
1681,1621
1643,1624
1665,1613
1677,1612
1669,1613
1602,1623
1637,1620
1637,1625
1664,1609
1596,1574
1608,1588
1626,1563
1609,1562
1591,1544
1577,1556
1584,1568
1590,1529
1579,1562
1547,1528
1538,1534
1544,1525
1509,1527
1528,1507
1514,1513
1500,1465
1520,1486
1493,1489
1491,1477
1469,1488
1440,1472
1476,1437
1445,1435
1443,1440
1454,1421
1438,1447
1410,1432
1444,1463
1407,1448
1413,1429
1428,1438
1424,1417
1430,1456
1434,1465
1440,1439
1443,1441
1401,1420
1436,1462
1433,1467
1430,1454
1445,1497
1459,1467
1442,1477
1460,1477
1461,1483
1465,1526
1492,1526
1470,1515
1496,1520
1524,1528
1504,1533
1521,1543
1522,1555
1541,1529
1532,1564
1549,1566
1588,1580
1599,1599
1558,1621
1578,1571
1592,1595
1611,1600
1589,1603
1659,1629
1642,1625
1634,1615
1626,1618
1646,1636
1615,1628
1676,1639
1647,1656
1660,1665
1669,1643
1619,1638
1653,1637
1662,1663
1664,1629
1678,1647
1662,1648
1658,1651
1671,1654
1703,1649
1673,1666
1667,1638
1666,1638
1638,1635
1652,1643
1640,1640
1674,1616
1664,1605
1630,1611
1622,1581
1632,1594
1605,1588
1600,1564
1583,1559
1585,1568
1582,1547
1589,1532
1564,1553
1560,1544
1562,1560
1572,1523
1535,1525
1507,1524
1495,1487
1513,1509
1495,1441
1475,1461
1489,1473
1494,1484
1478,1475
1465,1451
1446,1456
1476,1469
1444,1448
1456,1458
1434,1474
1442,1433
1433,1423
1418,1432
1414,1448
1420,1446
1428,1418
1425,1434
1446,1430
1447,1448
1423,1434
1397,1432
1450,1458
1470,1450
1428,1458
1443,1499
1468,1479
1458,1473
1470,1474
1464,1525
1486,1499
1466,1517
1495,1530
1460,1504
1491,1532
1510,1534
1511,1535
1553,1553
1522,1562
1574,1570
1534,1571
1547,1564
1590,1571
1606,1595
1574,1617
1593,1617
1610,1612
1616,1608
1620,1631
1627,1651
1600,1613
1635,1655
1623,1659
1647,1650
1639,1619
1658,1646
1687,1674
1643,1678
1649,1662
1678,1653
1680,1681
1659,1657
1678,1663
1665,1671
1680,1670
1677,1668
1695,1648
1643,1626
1687,1636
1639,1628
1651,1631
1672,1622
1649,1617
1626,1618
1619,1620
1646,1589
1639,1600
1617,1570
1591,1585
1608,1601
1579,1576
1578,1559
1582,1522
1544,1553
1564,1567
1544,1526
1557,1553
1508,1516
1520,1521
1508,1504
1509,1482
1509,1486
1479,1456
1500,1477
1472,1481
1469,1470
1458,1451
1449,1476
1469,1453
1433,1439
1444,1459
1440,1435
1453,1443
1456,1463
1436,1426
1437,1443
1418,1430
1452,1434
1418,1460
1456,1435
1474,1459
1444,1444
1433,1437
1410,1445
1430,1442
1434,1470
1434,1475
1471,1456
1463,1489
1470,1475
1475,1477
1477,1531
1467,1513
1454,1498
1489,1511
1526,1518
1510,1549
1508,1564
1502,1558
1522,1515
1537,1554
1531,1556
1566,1586
1565,1609
1560,1589
1579,1608
1585,1618
1607,1624
1607,1641
1640,1616
1635,1626
1650,1610
1631,1637
1641,1649
1661,1642
1638,1638
1658,1680
1643,1668
1671,1671
1659,1654
1668,1699
1658,1661
1690,1671
1664,1642
1642,1633
1691,1641
1642,1646
1672,1651
1659,1652
1663,1631
1643,1649
1654,1627
1679,1633
1665,1654
1664,1611
1654,1613
1645,1582
1630,1596
1601,1594
1606,1591
1620,1606
1605,1576
1595,1578
1571,1541
1578,1558
1578,1563
1555,1547
1521,1552
1520,1525
1540,1517
1511,1478
1530,1526
1513,1501
1517,1502
1493,1516
1486,1494
1479,1476
1471,1458
1445,1446
1476,1439
1438,1463
1412,1458
1438,1443
1420,1451
1438,1413
1430,1443
1432,1435
1430,1404
1418,1406
1402,1430
1436,1447
1448,1463
1427,1461
1401,1468
1414,1466
1432,1457
1429,1442
1431,1481
1469,1445
1459,1475
1457,1479
1476,1479
1465,1520
1487,1500
1483,1508
1504,1523
1503,1531
1509,1519
1537,1531
1508,1541
1528,1560
1530,1567
1528,1537
1545,1571
1555,1591
1575,1603
1580,1589
1582,1619
1585,1596
1592,1601
1592,1612
1619,1648
1644,1635
1632,1629
1645,1622
1617,1653
1662,1632
1632,1624
1677,1667
1650,1648
1657,1682
1649,1642
1661,1653
1666,1642
1674,1641
1699,1682
1684,1670
1661,1650
1678,1665
1650,1672
1658,1646
1653,1680
1688,1620
1660,1621
1664,1611
1640,1635
1656,1618
1645,1609
1615,1610
1647,1604
1620,1613
1606,1565
1607,1578
1551,1576
1578,1554
1579,1547
1565,1555
1551,1572
1546,1552
1562,1540
1525,1528
1550,1506
1516,1511
1517,1499
1496,1504
1489,1476
1481,1476
1437,1454
1454,1479
1469,1448
1474,1466
1440,1450
1447,1447
1469,1439
1442,1462
1429,1468
1434,1443
1428,1429
1425,1435
1400,1424
1416,1424
1412,1450
1415,1436
1439,1449
1410,1439
1433,1447
1421,1442
1419,1459
1445,1467
1443,1465
1444,1457
1438,1497
1447,1468
1475,1493
1464,1510
1473,1492
1461,1494
1473,1499
1495,1524
1519,1512
1527,1505
1510,1521
1512,1552
1537,1557
1515,1563
1572,1580
1584,1590
1540,1586
1591,1588
1610,1614
1575,1610
1599,1625
1611,1600
1605,1650
1635,1609
1668,1618
1631,1615
1626,1630
1657,1649
1645,1657
1658,1633
1650,1686
1672,1654
1678,1656
1685,1661
1708,1656
1667,1651
1706,1649
1652,1645
1665,1654
1668,1683
1675,1671
1628,1634
1646,1650
1651,1635
1659,1645
1657,1634
1630,1601
1637,1622
1632,1607
1654,1617
1627,1603
1623,1571
1638,1588
1615,1597
1595,1589
1591,1569
1589,1551
1574,1540
1558,1528
1538,1542
1561,1516
1555,1492
1556,1507
1534,1471
1523,1516
1512,1532
1499,1472
1461,1445
1477,1480
1467,1452
1471,1441
1470,1447
1436,1464
1419,1445
1455,1448
1429,1444
1425,1438
1437,1435
1445,1428
1450,1419
1446,1425
1448,1425
1410,1456
1431,1426
1394,1431
1396,1418
1438,1430
1438,1439
1430,1465
1432,1457
1431,1488
1475,1466
1474,1453
1431,1468
1491,1494
1473,1506
1480,1515
1481,1504
1506,1545
1501,1498
1464,1518
1507,1559
1533,1543
1528,1539
1512,1568
1563,1588
1547,1575
1562,1600
1558,1587
1593,1590
1595,1564
1601,1609
1604,1618
1625,1620
1666,1620
1626,1649
1644,1662
1638,1634
1663,1650
1664,1644
1675,1639
1676,1659
1697,1644
1685,1656
1684,1655
1697,1660
1681,1663
1703,1647
1702,1658
1665,1657
1685,1667
1687,1660
1683,1635
1674,1656
1681,1658
1683,1648
1672,1603
1640,1629
1663,1631
1658,1613
1642,1602
1648,1617
1623,1597
1617,1569
1585,1584
1603,1572
1582,1565
1581,1544
1580,1543
1559,1547
1561,1528
1559,1513
1540,1518
1530,1515
1526,1517
1522,1458
1498,1480
1504,1491
1491,1479
1467,1455
1465,1461
1460,1466
1465,1457
1471,1464
1447,1446
1460,1426
1417,1418
1410,1430
1441,1443
1405,1432
1400,1429
1406,1407
1436,1424
1419,1444
1419,1435
1409,1433
1403,1432
1423,1424
1408,1436
1430,1445
1459,1476
1399,1456
1423,1441
1434,1438
1427,1480
1454,1499
1435,1499
1464,1507
1485,1478
1481,1500
1485,1507
1509,1526
1491,1529
1532,1528
1512,1537
1542,1549
1559,1576
1578,1553
1559,1572
1540,1592
1577,1591
1570,1595
1574,1619
1625,1632
1605,1627
1608,1621
1642,1639
1613,1640
1643,1661
1646,1681
1694,1661
1700,1648
1678,1656
1677,1660
1673,1659
1685,1652
1678,1657
1673,1681
1683,1665
1657,1669
1678,1667
1708,1663
1672,1667
1683,1634
1685,1659
1679,1664
1694,1656
1688,1660
1650,1626
1650,1650
1653,1624
1640,1615
1636,1613
1625,1606
1632,1590
1621,1581
1595,1576
1601,1564
1568,1560
1541,1551
1571,1555
1551,1551
1559,1515
1543,1534
1524,1514
1583,1509
1522,1476
1501,1490
1517,1477
1458,1517
1493,1468
1475,1462
1447,1469
1476,1467
1471,1469
1446,1467
1445,1442
1451,1418
1417,1454
1403,1434
1387,1431
1416,1430
1441,1411
1406,1405
1422,1406
1418,1440
1382,1459
1415,1440
1392,1459
1439,1427
1431,1443
1420,1448
1443,1457
1393,1442
1416,1452
1450,1443
1427,1464
1440,1456
1461,1508
1489,1484
1498,1472
1495,1508
1491,1527
1511,1541
1478,1531
1517,1525
1542,1565
1521,1572
1585,1550
1537,1581
1558,1593
1564,1574
1601,1617
1601,1594
1603,1628
1623,1601
1634,1607
1612,1618
1644,1635
1662,1622
1653,1669
1660,1643
1656,1670
1671,1668
1668,1666
1695,1660
1692,1673
1694,1667
1668,1659
1671,1668
1676,1684
1675,1670
1663,1699
1695,1679
1664,1669
1689,1663
1673,1651
1692,1661
1672,1637
1661,1658
1667,1629
1660,1630
1648,1616
1660,1642
1640,1625
1652,1597
1641,1619
1620,1566
1599,1559
1582,1604
1579,1555
1560,1575
1573,1551
1576,1522
1545,1511
1546,1525
1559,1503
1553,1487
1506,1506
1509,1519
1519,1469
1485,1478
1491,1479
1474,1434
1472,1440
1457,1453
1433,1457
1445,1456
1433,1469
1430,1411
1437,1462
1450,1449
1386,1415
1430,1453
1413,1404
1388,1414
1384,1409
1428,1420
1412,1431
1405,1447
1423,1430
1390,1458
1408,1439
1439,1444
1439,1451
1419,1474
1453,1463
1443,1465
1447,1470
1462,1519
1467,1464
1517,1483
1482,1520
1483,1543
1490,1496
1511,1524
1509,1560
1528,1551
1543,1583
1514,1582
1547,1571
1581,1575
1596,1611
1583,1604
1595,1599
1596,1599
1617,1630
1615,1615
1613,1613
1646,1635
1640,1672
1666,1634
1638,1651
1661,1638
1668,1645
1662,1671
1686,1667
1669,1694
1692,1657
1654,1693
1696,1685
1687,1683
1704,1669
1685,1658
1701,1681
1684,1671
1654,1668
1684,1637
1669,1639
1671,1602
1685,1650
1690,1639
1701,1620
1657,1638
1627,1631
1640,1614
1630,1613
1630,1613
1615,1595
1589,1586
1571,1577
1578,1567
1577,1584
1596,1539
1559,1537
1561,1514
1541,1537
1545,1513
1533,1506
1497,1498
1527,1481
1520,1478
1469,1481
1471,1484
1484,1461
1485,1460
1471,1476
1443,1449
1442,1436
1435,1434
1439,1414
1422,1393
1443,1447
1397,1434
1419,1440
1469,1417
1448,1431
1414,1424
1395,1431
1373,1450
1392,1408
1416,1448
1400,1427
1382,1420
1438,1469
1408,1425
1439,1430
1421,1473
1426,1443
1451,1439
1432,1473
1447,1485
1474,1463
1480,1491
1487,1499
1481,1512
1501,1509
1507,1537
1518,1527
1522,1540
1570,1566
1545,1599
1548,1557
1573,1588
1580,1607
1573,1613
1595,1603
1587,1613
1658,1608
1618,1643
1626,1651
1655,1638
1646,1633
1647,1653
1669,1665
1660,1658
1692,1661
1645,1657
1669,1648
1699,1673
1685,1682
1709,1675
1664,1657
1692,1667
1713,1668
1695,1657
1667,1640
1672,1667
1677,1662
1690,1656
1686,1652
1657,1659
1687,1648
1684,1624
1662,1625
1650,1629
1679,1617
1634,1624
1637,1599
1628,1600
1623,1591
1608,1563
1616,1582
1625,1588
1601,1567
1592,1537
1540,1531
1576,1494
1550,1489
1533,1521
1552,1491
1494,1486
1502,1492
1510,1486
1486,1478
1492,1471
1488,1451
1473,1447
1461,1440
1423,1463
1428,1458
1450,1437
1429,1446
1426,1424
1404,1432
1432,1444
1410,1434
1429,1419
1405,1432
1394,1430
1378,1432
1409,1411
1383,1408
1442,1430
1375,1435
1408,1477
1380,1450
1405,1438
1433,1431
1438,1478
1452,1453
1458,1471
1445,1485
1477,1481
1470,1511
1477,1490
1503,1547
1491,1503
1484,1493
1518,1562
1524,1549
1555,1554
1551,1563
1540,1572
1563,1555
1584,1602
1559,1605
1562,1588
1575,1604
1601,1601
1606,1637
1655,1651
1624,1650
1643,1661
1647,1657
1621,1656
1651,1676
1670,1637
1666,1654
1693,1669
1672,1645
1679,1686
1712,1681
1680,1662
1698,1663
1668,1664
1709,1698
1698,1666
1681,1644
1683,1680
1668,1661
1681,1671
1683,1692
1689,1635
1671,1616
1692,1652
1670,1617
1672,1629
1646,1612
1631,1587
1640,1609
1607,1594
1610,1593
1605,1578
1586,1576
1593,1577
1606,1537
1571,1539
1569,1537
1568,1514
1536,1497
1520,1477
1523,1503
1515,1491
1490,1489
1470,1498
1489,1474
1495,1474
1453,1438
1458,1459
1439,1470
1453,1421
1418,1424
1433,1439
1443,1407
1403,1425
1418,1436
1394,1415
1391,1419
1395,1421
1391,1399
1413,1445
1403,1421
1422,1407
1384,1426
1422,1435
1415,1445
1417,1450
1409,1451
1416,1454
1446,1448
1444,1454
1464,1484
1479,1450
1468,1486
1457,1495
1465,1474
1461,1466
1474,1490
1483,1531
1521,1527
1514,1546
1521,1542
1519,1566
1527,1571
1530,1584
1564,1600
1555,1574
1583,1608
1601,1609
1619,1595
1623,1634
1621,1643
1615,1610
1644,1645
1647,1632
1634,1635
1655,1647
1650,1665
1691,1661
1647,1667
1695,1688
1690,1693
1681,1660
1718,1656
1747,1685
1704,1679
1694,1676
1689,1682
1698,1669
1706,1666
1716,1672
1687,1688
1666,1641
1683,1652
1694,1635
1648,1649
1684,1638
1685,1654
1620,1644
1649,1631
1670,1608
1622,1601
1633,1608
1642,1562
1604,1590
1608,1561
1603,1565
1595,1561
1525,1540
1583,1529
1547,1539
1542,1513
1534,1506
1563,1503
1526,1496
1482,1491
1505,1482
1470,1449
1456,1445
1461,1465
1434,1450
1478,1427
1444,1439
1459,1450
1410,1459
1430,1408
1400,1413
1398,1423
1392,1406
1413,1436
1406,1444
1377,1418
1393,1403
1413,1423
1387,1427
1396,1417
1399,1437
1413,1436
1393,1429
1409,1441
1452,1431
1430,1442
1423,1434
1444,1461
1451,1484
1440,1475
1437,1485
1443,1523
1457,1544
1487,1521
1501,1516
1499,1529
1499,1568
1512,1559
1519,1556
1543,1541
1565,1595
1586,1597
1558,1577
1578,1624
1591,1629
1579,1619
1621,1633
1611,1618
1630,1639
1623,1617
1628,1659
1654,1668
1652,1642
1659,1672
1653,1672
1683,1672
1666,1672
1685,1668
1677,1677
1709,1698
1680,1679
1693,1688
1702,1687
1706,1670
1684,1670
1688,1696
1689,1668
1679,1672
1676,1650
1679,1649
1674,1650
1668,1648
1657,1633
1674,1626
1632,1635
1668,1586
1640,1636
1630,1612
1613,1602
1618,1574
1616,1574
1593,1564
1591,1550
1577,1530
1585,1533
1558,1508
1529,1524
1518,1497
1520,1505
1493,1480
1519,1473
1477,1493
1495,1465
1489,1466
1449,1482
1444,1461
1453,1460
1439,1428
1465,1448
1428,1436
1430,1430
1424,1453
1397,1403
1399,1415
1394,1427
1379,1408
1407,1408
1395,1441
1389,1414
1378,1422
1399,1400
1405,1436
1400,1416
1411,1429
1408,1453
1398,1449
1431,1460
1442,1463
1447,1456
1435,1463
1445,1489
1475,1523
1440,1488
1469,1497
1482,1527
1500,1549
1464,1523
1499,1527
1549,1539
1499,1564
1527,1591
1511,1620
1546,1573
1552,1570
1581,1570
1586,1604
1582,1609
1600,1616
1619,1630
1622,1620
1650,1640
1652,1640
1643,1620
1659,1633
1665,1661
1658,1661
1674,1659
1694,1662
1689,1689
1689,1680
1676,1673
1708,1687
1713,1706
1679,1671
1745,1650
1706,1649
1690,1685
1707,1658
1701,1656
1675,1670
1684,1657
1688,1683
1693,1650
1705,1662
1669,1621
1679,1629
1634,1631
1667,1589
1610,1610
1636,1588
1618,1592
1594,1584
1600,1573
1594,1544
1565,1549
1574,1539
1538,1522
1546,1534
1539,1532
1539,1522
1507,1469
1527,1514
1528,1481
1477,1467
1465,1456
1491,1434
1497,1415
1471,1433
1448,1434
1439,1446
1433,1421
1413,1426
1390,1436
1408,1423
1409,1413
1416,1422
1412,1423
1379,1416
1411,1449
1407,1439
1412,1445
1438,1409
1414,1408
1428,1422
1413,1422
1431,1443
1422,1431
1425,1444
1430,1431
1449,1475
1424,1439
1411,1495
1439,1476
1460,1479
1470,1494
1472,1516
1473,1526
1498,1536
1482,1519
1521,1550
1511,1542
1515,1566
1551,1549
1557,1594
1580,1574
1597,1588
1604,1598
1570,1618
1587,1632
1613,1616
1611,1657
1621,1621
1637,1647
1645,1680
1620,1657
1673,1647
1659,1653
1660,1665
1658,1690
1708,1678
1716,1696
1686,1694
1691,1670
1684,1672
1677,1675
1699,1691
1696,1699
1698,1666
1677,1680
1683,1671
1713,1660
1683,1676
1675,1664
1684,1646
1672,1627
1681,1639
1651,1642
1642,1674
1670,1620
1651,1610
1633,1595
1647,1606
1620,1589
1615,1585
1601,1580
1574,1554
1609,1535
1606,1549
1553,1524
1547,1522
1544,1533
1535,1486
1514,1474
1477,1492
1488,1469
1481,1447
1472,1493
1488,1467
1455,1436
1459,1444
1448,1405
1456,1445
1421,1430
1408,1412
1407,1416
1419,1432
1384,1403
1405,1401
1361,1446
1377,1399
1382,1414
1390,1429
1419,1403
1381,1431
1389,1412
1384,1415
1425,1431
1407,1427
1405,1431
1399,1448
1430,1438
1426,1457
1444,1454
1464,1472
1453,1489
1466,1496
1471,1488
1483,1493
1479,1507
1503,1525
1488,1554
1517,1529
1524,1553
1559,1548
1547,1569
1530,1569
1566,1555
1602,1608
1597,1595
1583,1616
1587,1632
1628,1650
1643,1630
1619,1619
1630,1664
1675,1661
1666,1644
1653,1658
1687,1697
1691,1649
1708,1661
1699,1694
1675,1673
1707,1681
1693,1688
1720,1678
1706,1694
1676,1698
1692,1677
1698,1690
1704,1681
1704,1640
1685,1655
1678,1653
1692,1653
1704,1650
1688,1654
1687,1644
1663,1641
1656,1643
1649,1642
1649,1648
1637,1570
1654,1567
1600,1571
1601,1595
1589,1562
1567,1553
1597,1557
1571,1540
1520,1495
1543,1506
1526,1510
1515,1535
1510,1462
1514,1481
1486,1500
1461,1461
1482,1482
1490,1450
1442,1440
1432,1458
1456,1430
1460,1442
1401,1432
1429,1447
1424,1401
1417,1432
1423,1414
1408,1408
1388,1450
1408,1399
1422,1395
1411,1427
1389,1431
1375,1403
1400,1444
1397,1434
1423,1424
1388,1439
1397,1444
1411,1427
1427,1469
1431,1455
1462,1442
1427,1486
1451,1486
1452,1492
1436,1478
1457,1513
1522,1488
1478,1523
1517,1534
1551,1556
1529,1540
1500,1554
1565,1563
1532,1586
1567,1583
1588,1613
1589,1619
1569,1610
1622,1617
1634,1642
1666,1630
1645,1646
1623,1648
1632,1639
1665,1647
1660,1669
1675,1663
1651,1660
1667,1699
1700,1695
1698,1656
1701,1698
1702,1687
1708,1691
1699,1685
1740,1677
1692,1685
1697,1684
1666,1658
1677,1676
1680,1657
1690,1695
1708,1643
1703,1640
1695,1656
1687,1600
1653,1635
1638,1643
1670,1622
1626,1600
1642,1608
1619,1598
1598,1587
1612,1574
1605,1547
1547,1558
1594,1542
1568,1546
1533,1516
1500,1498
1524,1511
1512,1506
1504,1476
1482,1482
1466,1479
1488,1465
1477,1479
1445,1462
1434,1437
1454,1448
1418,1453
1441,1393
1447,1436
1423,1439
1415,1413
1417,1417
1399,1404
1399,1443
1418,1411
1418,1419
1388,1410
1384,1400
1390,1412
1414,1421
1403,1434
1408,1425
1421,1433
1408,1461
1416,1446
1422,1453
1414,1451
1449,1489
1438,1464
1448,1485
1438,1470
1455,1501
1495,1508
1480,1511
1504,1509
1524,1533
1507,1545
1541,1566
1520,1540
1548,1567
1552,1575
1580,1600
1551,1593
1575,1596
1579,1602
1613,1612
1608,1648
1611,1641
1632,1630
1662,1668
1651,1656
1656,1646
1646,1687
1674,1676
1680,1677
1677,1668
1698,1695
1706,1679
1665,1672
1691,1668
1727,1692
1704,1649
1720,1671
1694,1699
1692,1675
1743,1664
1709,1668
1688,1659
1699,1635
1721,1656
1695,1615
1657,1618
1689,1633
1658,1634
1660,1638
1631,1623
1650,1603
1644,1605
1588,1605
1630,1573
1617,1596
1608,1566
1574,1567
1556,1592
1575,1560
1573,1539
1535,1503
1526,1544
1494,1504
1493,1490
1500,1482
1498,1479
1480,1477
1497,1488
1449,1433
1424,1446
1441,1462
1434,1441
1435,1422
1431,1439
1444,1404
1412,1429
1429,1434
1431,1441
1420,1415
1403,1405
1391,1404
1384,1437
1446,1416
1394,1424
1399,1405
1400,1437
1410,1468
1390,1434
1408,1432
1420,1419
1426,1462
1402,1444
1415,1473
1429,1478
1401,1475
1459,1471
1472,1497
1458,1505
1508,1481
1455,1504
1486,1522
1523,1538
1484,1528
1519,1570
1549,1570
1514,1568
1582,1556
1580,1594
1577,1584
1570,1596
1608,1624
1585,1631
1641,1607
1657,1625
1647,1665
1658,1651
1668,1681
1665,1671
1652,1658
1651,1658
1687,1667
1694,1665
1694,1707
1681,1707
1685,1677
1706,1685
1710,1675
1688,1653
1709,1681
1685,1691
1690,1698
1681,1690
1708,1679
1690,1633
1707,1654
1656,1680
1661,1628
1671,1670
1683,1621
1672,1633
1652,1603
1661,1624
1633,1603
1647,1596
1607,1594
1611,1587
1592,1576
1608,1555
1583,1558
1589,1534
1560,1543
1538,1524
1538,1510
1531,1516
1522,1501
1495,1486
1490,1473
1491,1476
1472,1475
1467,1439
1479,1448
1470,1449
1422,1445
1454,1448
1449,1430
1419,1414
1417,1446
1403,1414
1389,1411
1399,1433
1392,1421
1417,1396
1386,1415
1400,1422
1391,1405
1368,1417
1378,1416
1383,1424
1403,1422
1394,1455
1390,1442
1409,1443
1402,1430
1418,1476
1442,1445
1426,1462
1446,1467
1407,1501
1439,1506
1480,1500
1463,1538
1467,1508
1512,1522
1483,1531
1524,1574
1539,1556
1538,1565
1563,1593
1555,1590
1590,1631
1586,1608
1584,1584
1592,1611
1627,1644
1616,1638
1636,1649
1654,1637
1681,1664
1649,1642
1649,1666
1641,1667
1656,1670
1683,1684
1708,1673
1694,1672
1708,1670
1696,1692
1675,1690
1674,1697
1708,1677
1691,1667
1713,1679
1699,1670
1683,1706
1715,1658
1711,1652
1686,1667
1689,1665
1688,1644
1671,1663
1650,1643
1666,1618
1676,1634
1666,1603
1654,1599
1628,1595
1637,1603
1600,1559
1615,1539
1592,1549
1573,1564
1585,1537
1580,1560
1553,1516
1552,1500
1524,1516
1520,1486
1534,1490
1492,1462
1491,1472
1486,1477
1444,1455
1445,1441
1441,1456
1424,1441
1441,1446
1445,1429
1418,1418
1433,1408
1432,1426
1400,1397
1423,1438
1417,1419
1404,1420
1415,1427
1400,1416
1392,1403
1381,1425
1394,1429
1425,1447
1406,1437
1394,1397
1425,1460
1427,1446
1419,1446
1414,1442
1442,1452
1447,1466
1449,1459
1443,1479
1469,1492
1469,1509
1468,1505
1480,1510
1496,1546
1505,1512
1525,1562
1521,1544
1534,1562
1556,1604
1548,1585
1582,1593
1592,1606
1613,1613
1610,1626
1619,1625
1612,1639
1645,1658
1661,1659
1667,1674
1647,1646
1678,1655
1667,1644
1673,1677
1697,1674
1685,1682
1681,1682
1703,1688
1690,1653
1738,1693
1713,1690
1688,1683
1689,1691
1735,1672
1666,1668
1703,1658
1647,1677
1730,1653
1668,1677
1695,1662
1643,1633
1677,1674
1651,1633
1644,1621
1649,1594
1641,1597
1611,1602
1604,1576
1626,1586
1614,1579
1558,1562
1584,1581
1591,1546
1562,1551
1569,1526
1526,1528
1537,1492
1532,1494
1490,1483
1490,1486
1495,1464
1488,1481
1470,1458
1457,1459
1496,1464
1462,1463
1444,1442
1442,1425
1439,1406
1408,1451
1425,1430
1416,1423
1423,1426
1417,1422
1403,1389
1417,1428
1391,1415
1376,1384
1402,1415
1381,1417
1409,1423
1369,1401
1403,1446
1416,1443
1417,1439
1447,1422
1438,1454
1440,1443
1425,1468
1435,1477
1467,1490
1435,1487
1449,1512
1469,1491
1508,1511
1514,1512
1494,1515
1525,1535
1503,1557
1563,1569
1572,1552
1561,1582
1581,1583
1584,1590
1596,1578
1590,1616
1599,1614
1617,1639
1619,1637
1663,1660
1645,1674
1653,1651
1654,1663
1686,1678
1661,1681
1679,1692
1669,1689
1695,1694
1708,1701
1702,1673
1701,1695
1745,1671
1666,1695
1693,1697
1689,1700
1692,1664
1708,1662
1697,1677
1719,1667
1674,1659
1684,1634
1698,1645
1680,1631
1680,1641
1674,1670
1651,1635
1615,1631
1643,1611
1612,1620
1590,1570
1588,1599
1604,1579
1574,1588
1594,1553
1584,1530
1548,1538
1558,1505
1558,1510
1528,1500
1516,1501
1518,1497
1484,1485
1461,1486
1480,1485
1503,1481
1487,1445
1473,1440
1427,1436
1459,1425
1461,1423
1446,1426
1418,1419
1430,1436
1400,1422
1412,1403
1395,1430
1411,1398
1419,1400
1405,1417
1409,1408
1389,1421
1378,1403
1419,1418
1414,1430
1403,1422
1420,1444
1384,1440
1423,1493
1433,1491
1430,1455
1429,1466
1432,1466
1472,1506
1485,1493
1445,1506
1479,1493
1496,1533
1520,1514
1526,1523
1526,1539
1534,1567
1531,1564
1507,1593
1564,1578
1602,1601
1564,1600
1572,1606
1576,1609
1623,1633
1617,1622
1615,1665
1602,1633
1630,1665
1656,1628
1639,1678
1687,1656
1671,1664
1665,1665
1713,1673
1653,1667
1704,1677
1692,1675
1702,1690
1697,1686
1720,1694
1687,1668
1699,1670
1718,1666
1681,1663
1706,1657
1689,1672
1678,1651
1701,1651
1683,1637
1666,1638
1671,1637
1651,1641
1638,1640
1647,1603
1626,1624
1648,1581
1644,1555
1625,1572
1606,1583
1588,1562
1604,1528
1572,1543
1556,1521
1548,1529
1568,1533
1528,1504
1530,1526
1507,1493
1517,1484
1500,1469
1454,1467
1462,1464
1449,1469
1449,1447
1465,1445
1450,1439
1425,1417
1416,1412
1438,1432
1444,1445
1419,1410
1418,1429
1405,1424
1404,1434
1377,1448
1400,1418
1408,1416
1421,1433
1392,1430
1383,1431
1437,1393
1395,1434
1401,1465
1412,1459
1441,1470
1438,1447
1405,1462
1450,1487
1436,1497
1443,1497
1487,1495
1476,1516
1476,1521
1468,1494
1492,1512
1518,1554
1532,1560
1530,1540
1570,1547
1561,1566
1559,1595
1581,1604
1583,1592
1586,1624
1579,1624
1617,1621
1655,1656
1656,1621
1627,1665
1666,1645
1650,1650
1685,1664
1714,1676
1643,1668
1692,1669
1669,1669
1690,1668
1684,1660
1699,1680
1678,1674
1699,1679
1710,1713
1711,1676
1710,1663
1704,1673
1700,1654
1697,1646
1688,1651
1696,1641
1699,1647
1673,1634
1655,1631
1663,1633
1627,1631
1631,1618
1630,1604
1631,1615
1634,1588
1609,1575
1606,1601
1589,1561
1580,1561
1561,1542
1560,1533
1568,1525
1548,1538
1554,1514
1520,1489
1506,1510
1518,1483
1491,1507
1474,1450
1475,1469
1469,1440
1461,1482
1456,1469
1445,1432
1440,1448
1422,1414
1410,1442
1425,1413
1441,1427
1412,1405
1406,1432
1423,1432
1413,1434
1416,1412
1412,1392
1386,1449
1413,1433
1398,1454
1420,1440
1382,1421
1382,1424
1421,1435
1413,1479
1409,1460
1417,1443
1453,1453
1447,1485
1471,1476
1452,1485
1496,1495
1488,1539
1497,1521
1548,1542
1476,1553
1511,1545
1539,1530
1542,1598
1528,1595
1578,1559
1584,1572
1565,1617
1590,1598
1590,1609
1598,1614
1612,1620
1620,1618
1627,1630
1638,1634
1623,1664
1663,1645
1691,1697
1663,1689
1681,1684
1685,1660
1657,1641
1690,1667
1688,1674
1694,1680
1692,1674
1705,1691
1699,1669
1691,1676
1686,1669
1694,1677
1681,1656
1690,1658
1677,1655
1669,1652
1646,1666
1685,1636
1677,1647
1645,1633
1646,1620
1618,1596
1658,1613
1619,1595
1611,1567
1597,1598
1612,1549
1596,1563
1577,1563
1575,1530
1564,1529
1544,1547
1584,1500
1536,1506
1521,1517
1510,1511
1508,1463
1483,1477
1472,1482
1501,1453
1464,1466
1451,1460
1450,1427
1420,1429
1443,1436
1437,1434
1408,1416
1440,1437
1419,1427
1398,1421
1396,1428
1413,1434
1401,1413
1424,1403
1411,1426
1386,1419
1418,1408
1414,1436
1415,1457
1403,1459
1392,1440
1446,1460
1415,1438
1417,1474
1433,1458
1403,1491
1455,1498
1490,1494
1503,1511
1493,1495
1478,1531
1497,1521
1520,1557
1497,1543
1527,1532
1535,1547
1555,1565
1559,1565
1588,1595
1610,1594
1607,1573
1603,1581
1600,1598
1573,1627
1621,1631
1621,1615
1620,1661
1641,1649
1661,1626
1652,1637
1672,1681
1681,1651
1700,1683
1665,1652
1701,1678
1700,1688
1669,1665
1718,1675
1702,1679
1687,1700
1698,1658
1701,1651
1671,1664
1704,1657
1658,1662
1703,1653
1670,1641
1693,1652
1717,1638
1652,1639
1672,1651
1654,1629
1618,1618
1638,1619
1607,1623
1594,1587
1629,1584
1595,1561
1561,1556
1579,1567
