ch1,ch2
1576,1545
1581,1581
1590,1605
1606,1585
1585,1626
1600,1627
1605,1630
1626,1677
1596,1650
1661,1664
1619,1690
1666,1652
1682,1651
1626,1646
1699,1626
1664,1651
1689,1669
1638,1690
1664,1696
1691,1662
1680,1606
1659,1684
1683,1637
1696,1629
1679,1647
1677,1672
1655,1642
1640,1610
1583,1604
1632,1601
1616,1626
1606,1583
1608,1547
1555,1569
1565,1579
1566,1570
1569,1530
1564,1572
1573,1527
1546,1521
1500,1543
1499,1509
1480,1496
1495,1478
1475,1497
1450,1487
1462,1432
1482,1459
1443,1442
1428,1487
1464,1430
1418,1422
1403,1411
1433,1429
1447,1417
1378,1389
1394,1411
1431,1423
1437,1398
1396,1435
1409,1419
1465,1467
1443,1446
1425,1482
1435,1482
1492,1477
1441,1477
1549,1488
1456,1490
1493,1522
1501,1528
1521,1555
1513,1519
1538,1589
1542,1572
1532,1538
1550,1600
1560,1623
1610,1632
1587,1574
1625,1607
1585,1653
1636,1674
1649,1651
1653,1649
1673,1669
1655,1639
1682,1648
1661,1663
1655,1671
1669,1656
1661,1702
1671,1685
1701,1666
1686,1678
1702,1618
1729,1658
1686,1655
1657,1658
1671,1643
1658,1649
1627,1621
1598,1625
1673,1580
1693,1607
1627,1572
1629,1578
1601,1583
1604,1588
1557,1558
1614,1553
1598,1532
1536,1494
1518,1511
1591,1532
1503,1519
1510,1458
1476,1461
1481,1509
1439,1434
1425,1473
1466,1398
1420,1461
1413,1458
1426,1463
1451,1479
1426,1438
1404,1439
1425,1426
1384,1459
1387,1415
1436,1394
1375,1422
1386,1453
1390,1448
1403,1419
1436,1477
1407,1490
1379,1458
1452,1446
1427,1488
1428,1461
1453,1477
1436,1463
1430,1501
1482,1537
1501,1552
1480,1552
1532,1507
1529,1531
1544,1568
1572,1598
1568,1605
1551,1587
1590,1635
1584,1627
1616,1641
1625,1638
1633,1634
1633,1662
1642,1645
1712,1642
1686,1642
1688,1663
1642,1651
1647,1673
1680,1640
1713,1672
1718,1636
1708,1627
1676,1652
1693,1704
1711,1645
1654,1704
1616,1640
1668,1659
1687,1635
1702,1642
1636,1629
1673,1581
1674,1616
1635,1563
1632,1553
1596,1562
1609,1540
1605,1571
1590,1546
1555,1555
1517,1505
1522,1484
1515,1507
1511,1505
1478,1500
1506,1433
1503,1498
1441,1470
1493,1452
1472,1414
1455,1433
1435,1436
1430,1446
1385,1491
1432,1403
1459,1387
1322,1406
1384,1388
1454,1421
1402,1427
1392,1429
1410,1396
1376,1451
1434,1484
1439,1536
1439,1390
1414,1462
1465,1468
1510,1493
1462,1480
1423,1495
1404,1510
1477,1519
1494,1516
1555,1531
1493,1569
1568,1535
1572,1528
1522,1569
1584,1573
1617,1601
1577,1614
1608,1581
1613,1609
1626,1618
1640,1640
1637,1614
1653,1686
1689,1645
1683,1669
1686,1666
1691,1668
1642,1691
1681,1715
1663,1695
1643,1690
1711,1684
1722,1645
1712,1683
1720,1626
1711,1636
1706,1631
1655,1619
1656,1649
1708,1636
1655,1588
1635,1605
1652,1567
1644,1608
1618,1606
1594,1579
1614,1544
1620,1573
1555,1539
1593,1518
1562,1544
1543,1487
1541,1492
1509,1510
1515,1504
1499,1513
1476,1456
1468,1482
1469,1474
1439,1465
1463,1431
1469,1417
1458,1409
1446,1440
1455,1405
1372,1438
1387,1439
1403,1431
1387,1411
1449,1461
1408,1401
1434,1432
1382,1438
1460,1425
1451,1462
1422,1459
1419,1425
1421,1506
1433,1483
1457,1468
1492,1515
1469,1513
1490,1519
1501,1513
1486,1568
1485,1507
1558,1578
1525,1577
1525,1608
1540,1636
1612,1632
1591,1595
1571,1600
1610,1622
1684,1572
1639,1615
1642,1653
1659,1653
1716,1659
1709,1647
1654,1694
1692,1723
1699,1697
1684,1667
1712,1690
1705,1674
1702,1734
1712,1688
1679,1662
1633,1671
1699,1673
1736,1682
1660,1663
1690,1645
1637,1641
1685,1660
1641,1641
1649,1647
1671,1621
1631,1606
1606,1580
1608,1601
1590,1517
1532,1520
1601,1557
1571,1499
1514,1507
1511,1490
1520,1512
1529,1488
1487,1515
1520,1475
1498,1475
1430,1468
1450,1455
1472,1424
1394,1439
1436,1461
1440,1463
1431,1430
1442,1427
1418,1424
1461,1416
1364,1432
1441,1484
1344,1436
1355,1411
1385,1412
1391,1430
1413,1403
1384,1440
1421,1445
1436,1488
1441,1459
1458,1487
1486,1520
1500,1501
1504,1509
1519,1533
1503,1514
1535,1552
1512,1511
1569,1607
1591,1567
1593,1617
1553,1567
1567,1634
1643,1624
1608,1592
1574,1675
1658,1610
1617,1598
1653,1671
1688,1628
1704,1669
1718,1657
1677,1637
1670,1701
1662,1630
1710,1682
1698,1683
1679,1638
1729,1708
1684,1691
1655,1681
1685,1645
1692,1704
1651,1624
1658,1660
1648,1647
1680,1655
1636,1619
1628,1601
1641,1581
1636,1554
1585,1563
1592,1588
1568,1584
1579,1564
1551,1577
1482,1483
1572,1502
1527,1522
1530,1533
1515,1496
1473,1457
1460,1403
1443,1404
1439,1433
1479,1440
1445,1455
1457,1430
1452,1417
1431,1445
1426,1402
1399,1399
1416,1406
1420,1424
1409,1473
1430,1422
1439,1432
1371,1453
1351,1415
1401,1454
1416,1424
1443,1460
1468,1453
1447,1450
1435,1459
1469,1486
1452,1466
1453,1515
1473,1480
1472,1531
1520,1540
1528,1550
1518,1514
1592,1557
1545,1587
1559,1606
1628,1588
1593,1620
1601,1609
1607,1616
1630,1598
1638,1638
1646,1629
1638,1662
1671,1665
1626,1666
1700,1639
1690,1657
1668,1683
1736,1679
1713,1700
1690,1651
1683,1676
1663,1671
1688,1649
1737,1680
1717,1637
1732,1678
1699,1622
1690,1681
1646,1645
1673,1621
1627,1616
1642,1615
1637,1574
1587,1604
1623,1607
1627,1558
1601,1577
1577,1562
1530,1567
1515,1489
1570,1548
1522,1469
1496,1454
1513,1493
1526,1498
1479,1460
1489,1413
1473,1464
1431,1472
1396,1442
1403,1458
1462,1379
1417,1458
1410,1417
1364,1451
1396,1422
1375,1398
1392,1414
1416,1402
1436,1455
1369,1424
1423,1455
1425,1406
1399,1458
1454,1450
1452,1432
1428,1451
1407,1420
1440,1454
1449,1500
1443,1497
1451,1475
1442,1531
1537,1538
1491,1597
1500,1569
1561,1576
1548,1581
1590,1595
1580,1615
1500,1593
1577,1632
1526,1607
1631,1629
1623,1637
1688,1643
1669,1688
1692,1668
1687,1639
1706,1623
1618,1675
1703,1708
1670,1661
1699,1648
1670,1713
1679,1687
1700,1669
1664,1640
1731,1651
1683,1678
1684,1632
1685,1679
1660,1643
1686,1649
1671,1592
1641,1614
1636,1631
1594,1614
1605,1586
1581,1605
1575,1557
1639,1582
1587,1549
1534,1555
1569,1540
1555,1536
1501,1543
1503,1517
1482,1517
1471,1499
1485,1453
1436,1450
1470,1496
1468,1456
1446,1421
1440,1478
1417,1455
1408,1418
1384,1428
1382,1421
1395,1425
1403,1427
1380,1423
1448,1422
1441,1416
1426,1428
1383,1439
1406,1420
1389,1415
1409,1446
1403,1424
1448,1470
1418,1501
1460,1436
1402,1508
1491,1500
1481,1504
1494,1500
1482,1531
1500,1532
1483,1519
1556,1575
1605,1567
1552,1569
1578,1623
1624,1659
1561,1668
1614,1607
1637,1618
1601,1658
1629,1648
1684,1618
1641,1670
1709,1671
1679,1653
1650,1626
1668,1712
1713,1633
1726,1650
1709,1694
1719,1686
1698,1668
1652,1700
1670,1682
1727,1653
1706,1662
1718,1652
1662,1671
1730,1676
1600,1633
1688,1598
1672,1615
1621,1601
1687,1535
1591,1570
1589,1570
1579,1515
1549,1561
1583,1519
1555,1510
1551,1510
1509,1491
1574,1513
1475,1489
1490,1492
1476,1455
1467,1469
1487,1414
1428,1464
1451,1453
1438,1408
1437,1417
1427,1426
1385,1386
1451,1400
1410,1425
1404,1420
1413,1380
1388,1410
1381,1413
1436,1431
1408,1444
1387,1418
1457,1419
1423,1444
1376,1441
1438,1436
1458,1470
1473,1502
1434,1495
1438,1494
1456,1500
1515,1484
1457,1533
1480,1574
1559,1559
1514,1581
1590,1606
1542,1551
1562,1572
1621,1578
1597,1610
1582,1634
1625,1641
1615,1650
1629,1653
1652,1668
1639,1674
1643,1672
1696,1681
1688,1670
1678,1655
1680,1680
1741,1685
1677,1643
1702,1689
1767,1673
1718,1676
1735,1704
1698,1656
1678,1655
1654,1666
1686,1659
1700,1660
1671,1650
1638,1634
1683,1611
1614,1616
1598,1581
1600,1575
1594,1562
1563,1576
1626,1583
1586,1523
1545,1549
1580,1525
1504,1525
1529,1517
1537,1502
1459,1498
1447,1476
1462,1456
1451,1437
1437,1420
1453,1445
1398,1437
1428,1442
1408,1397
1404,1415
1391,1393
1453,1475
1382,1439
1384,1407
1397,1390
1393,1426
1399,1394
1433,1400
1357,1440
1404,1356
1389,1405
1389,1440
1420,1422
1437,1443
1446,1458
1459,1443
1473,1500
1467,1500
1477,1500
1518,1540
1567,1586
1489,1562
1528,1562
1568,1595
1537,1604
1561,1644
1600,1566
1592,1614
1672,1602
1611,1665
1629,1664
1597,1642
1625,1642
1641,1699
1689,1713
1671,1699
1644,1683
1674,1691
1703,1677
1713,1697
1715,1644
1689,1696
1716,1689
1690,1691
1694,1668
1748,1634
1674,1707
1717,1663
1692,1690
1707,1631
1640,1656
1668,1606
1670,1646
1652,1648
1679,1597
1665,1579
1645,1596
1592,1578
1590,1550
1586,1547
1595,1526
1537,1528
1558,1538
1517,1484
1497,1480
1552,1467
1482,1451
1465,1488
1412,1461
1497,1496
1474,1409
1409,1443
1453,1430
1421,1396
1383,1465
1426,1420
1350,1472
1395,1453
1446,1411
1368,1402
1400,1487
1370,1429
1432,1438
1384,1417
1467,1437
1436,1439
1414,1442
1407,1460
1428,1465
1408,1429
1402,1490
1450,1524
1515,1519
1458,1531
1495,1564
1526,1547
1533,1561
1580,1570
1502,1583
1579,1589
1533,1593
1588,1603
1605,1651
1651,1618
1636,1620
1651,1651
1636,1629
1641,1630
1639,1641
1706,1631
1640,1659
1665,1696
1675,1650
1657,1696
1678,1642
1722,1650
1671,1644
1645,1681
1710,1671
1707,1714
1686,1679
1713,1661
1632,1646
1654,1609
1695,1663
1669,1614
1669,1628
1622,1668
1668,1613
1630,1614
1615,1589
1641,1542
1619,1551
1554,1531
1562,1549
1560,1543
1517,1546
1542,1527
1496,1518
1542,1475
1516,1456
1494,1463
1535,1470
1446,1438
1452,1419
1462,1434
1432,1456
1399,1428
1345,1414
1404,1425
1422,1431
1421,1406
1411,1412
1365,1399
1416,1410
1406,1442
1373,1388
1410,1399
1407,1411
1390,1419
1395,1422
1490,1443
1437,1436
1442,1477
1398,1448
1462,1487
1483,1477
1505,1499
1489,1502
1540,1527
1500,1530
1540,1559
1553,1535
1536,1557
1541,1592
1632,1581
1565,1555
1589,1624
1567,1629
1639,1655
1622,1605
1553,1654
1626,1651
1664,1660
1640,1683
1650,1689
1744,1648
1683,1712
1678,1663
1677,1689
1719,1698
1716,1699
1656,1700
1722,1707
1735,1702
1702,1657
1689,1720
1695,1645
1678,1639
1655,1642
1707,1635
1660,1630
1652,1606
1668,1585
1631,1605
1597,1593
1582,1567
1589,1601
1634,1559
1607,1514
1566,1538
1505,1507
1538,1509
1490,1513
1513,1500
1540,1498
1476,1494
1513,1480
1475,1445
1432,1477
1435,1433
1436,1425
1434,1411
1425,1401
1407,1443
1383,1418
1428,1421
1388,1429
1427,1448
1371,1415
1407,1396
1405,1406
1393,1410
1442,1409
1375,1441
1402,1413
1428,1465
1381,1449
1451,1453
1423,1446
1435,1467
1465,1473
1471,1504
1414,1489
1477,1552
1503,1507
1520,1555
1508,1589
1548,1549
1608,1594
1586,1615
1568,1662
1522,1589
1614,1608
1585,1646
1633,1633
1617,1618
1631,1691
1648,1687
1666,1677
1748,1657
1680,1677
1707,1686
1713,1692
1701,1664
1706,1680
1704,1681
1734,1708
1670,1668
1690,1733
1684,1643
1648,1638
1656,1688
1739,1674
1754,1624
1687,1640
1672,1618
1623,1634
1661,1635
1639,1611
1622,1594
1583,1530
1537,1557
1584,1561
1613,1551
1546,1496
1569,1515
1527,1563
1519,1488
1538,1478
1464,1492
1511,1474
1457,1455
1477,1447
1439,1430
1435,1454
1403,1402
1452,1468
1410,1436
1434,1443
1365,1441
1369,1375
1366,1432
1376,1405
1388,1454
1429,1404
1415,1441
1364,1451
1380,1432
1379,1388
1435,1415
1429,1452
1387,1489
1440,1474
1384,1489
1416,1449
1438,1498
1458,1495
1481,1523
1515,1522
1507,1536
1499,1531
1532,1556
1549,1547
1579,1565
1557,1600
1564,1618
1584,1629
1620,1636
1627,1600
1593,1650
1692,1641
1650,1639
1650,1653
1689,1678
1666,1703
1653,1652
1747,1688
1693,1697
1705,1663
1642,1681
1658,1700
1674,1701
1705,1666
1709,1663
1649,1634
1716,1648
1684,1671
1713,1624
1673,1704
1671,1622
1714,1650
1596,1621
1662,1625
1633,1611
1641,1645
1590,1587
1557,1569
1618,1569
1609,1550
1570,1584
1532,1493
1551,1517
1533,1520
1560,1503
1565,1473
1514,1436
1518,1505
1436,1466
1462,1411
1419,1437
1481,1443
1389,1448
1377,1415
1458,1440
1409,1410
1427,1406
1393,1388
1399,1419
1424,1387
1406,1397
1396,1409
1435,1429
1400,1427
1358,1441
1398,1431
1434,1446
1378,1418
1423,1431
1450,1461
1454,1476
1474,1532
1437,1489
1471,1562
1527,1517
1493,1502
1535,1576
1546,1550
1579,1562
1535,1616
1574,1633
1611,1588
1625,1614
1565,1631
1582,1660
1591,1631
1650,1652
1658,1600
1663,1693
1687,1666
1684,1696
1735,1681
1699,1659
1703,1681
1684,1684
1696,1730
1640,1714
1716,1698
1719,1676
1719,1673
1659,1664
1692,1650
1728,1663
1715,1676
1647,1604
1627,1622
1697,1616
1629,1627
1665,1622
1640,1622
1617,1607
1607,1587
1562,1591
1586,1540
1599,1571
1536,1528
1542,1522
1542,1545
1549,1484
1515,1499
1493,1467
1480,1456
1492,1458
1510,1446
1448,1432
1421,1492
1455,1447
1437,1435
1354,1434
1409,1418
1492,1419
1401,1458
1434,1412
1385,1400
1382,1432
1405,1444
1341,1449
1404,1433
1432,1433
1400,1458
1440,1453
1402,1407
1400,1385
1413,1429
1449,1480
1430,1482
1432,1466
1457,1490
1452,1491
1506,1500
1518,1533
1472,1562
1515,1553
1524,1574
1561,1550
1584,1565
1553,1608
1591,1584
1563,1618
1600,1599
1599,1601
1620,1618
1666,1663
1648,1623
1661,1650
1686,1700
1700,1701
1701,1661
1673,1668
1718,1683
1765,1651
1716,1670
1752,1713
1687,1689
1655,1701
1716,1699
1690,1667
1697,1687
1686,1649
1686,1646
1696,1670
1660,1678
1666,1596
1636,1633
1683,1600
1642,1612
1646,1623
1618,1578
1564,1595
1552,1570
1553,1539
1584,1512
1573,1506
1495,1482
1507,1531
1499,1462
1452,1478
1509,1525
1482,1458
1401,1452
1431,1439
1449,1450
1425,1452
1451,1432
1410,1447
1339,1403
1427,1441
1380,1367
1400,1434
1412,1432
1399,1386
1398,1410
1364,1411
1386,1407
1440,1437
1380,1433
1374,1431
1462,1457
1437,1429
1428,1471
1455,1497
1466,1483
1451,1471
1443,1563
1454,1509
1479,1503
1507,1525
1541,1575
1549,1559
1605,1592
1614,1561
1609,1605
1562,1620
1576,1606
1569,1591
1623,1638
1635,1635
1591,1661
1624,1663
1671,1692
1627,1681
1716,1667
1678,1661
1701,1678
1726,1729
1720,1715
1725,1687
1699,1692
1705,1686
1700,1689
1752,1672
1706,1665
1697,1688
1658,1652
1680,1654
1638,1612
1684,1644
1681,1647
1658,1617
1603,1603
1639,1627
1628,1614
1581,1592
1572,1539
1607,1547
1542,1528
1562,1510
1547,1515
1559,1478
1514,1459
1474,1453
1511,1438
1513,1462
1464,1497
1448,1469
1476,1459
1433,1446
1437,1430
1457,1439
1442,1410
1394,1424
1389,1462
1384,1434
1416,1392
1362,1397
1428,1420
1371,1438
1383,1421
1432,1418
1410,1424
1399,1455
1461,1424
1475,1407
1445,1445
1462,1506
1437,1492
1444,1502
1468,1505
1479,1523
1478,1486
1547,1524
1493,1588
1513,1568
1568,1533
1539,1574
1534,1601
1620,1603
1606,1621
1584,1589
1648,1629
1637,1596
1664,1652
1664,1629
1691,1665
1636,1667
1670,1686
1635,1695
1691,1652
1646,1641
1726,1672
1698,1646
1689,1697
1669,1676
1731,1695
1665,1682
1727,1668
1753,1710
1743,1663
1687,1661
1640,1675
1718,1648
1703,1645
1612,1616
1597,1613
1639,1590
1574,1604
1637,1544
1589,1584
1574,1574
1550,1550
1590,1545
1588,1464
1559,1559
1563,1527
1539,1530
1525,1519
1552,1484
1487,1425
1446,1421
1446,1449
1445,1410
1464,1454
1422,1433
1479,1423
1431,1421
1405,1433
1415,1420
1389,1415
1390,1410
1386,1391
1392,1439
1448,1435
1401,1418
1383,1421
1461,1453
1417,1445
1409,1413
1464,1442
1485,1473
1470,1479
1469,1479
1510,1481
1497,1467
1417,1551
1548,1518
1493,1493
1504,1544
1548,1574
1514,1562
1531,1551
1538,1612
1537,1610
1564,1606
1600,1578
1581,1629
1629,1582
1676,1615
1639,1655
1597,1700
1655,1666
1729,1673
1700,1681
1645,1721
1682,1699
1696,1718
1688,1719
1736,1664
1736,1717
1693,1733
1744,1691
1681,1646
1668,1676
1706,1651
1698,1658
1670,1670
1684,1648
1638,1642
1586,1665
1649,1638
1642,1643
1640,1591
1661,1611
1577,1581
1575,1575
1634,1563
1550,1564
1544,1565
1554,1517
1581,1476
1466,1467
1531,1534
1493,1501
1501,1456
1488,1482
1438,1470
1435,1483
1426,1469
1455,1360
1445,1478
1433,1418
1438,1468
1432,1460
1384,1406
1394,1417
1424,1416
1376,1407
1404,1437
1423,1383
1409,1435
1420,1453
1379,1427
1378,1465
1401,1435
1419,1493
1463,1461
1459,1463
1447,1467
1472,1521
1427,1517
1487,1544
1535,1515
1493,1516
1519,1580
1566,1619
1514,1566
1541,1537
1572,1606
1601,1593
1598,1642
1586,1592
1649,1641
1628,1617
1667,1651
1617,1663
1673,1650
1683,1678
1635,1692
1722,1696
1709,1651
1650,1665
1678,1650
1702,1726
1687,1672
1742,1662
1686,1672
1687,1699
1676,1672
1713,1681
1674,1660
1695,1617
1676,1633
1646,1634
1624,1574
1690,1616
1669,1581
1591,1642
1621,1590
1588,1595
1594,1564
1624,1551
1565,1547
1549,1548
1539,1541
1525,1503
1459,1516
1476,1495
1499,1454
1474,1452
1479,1476
1466,1446
1443,1447
1413,1435
1431,1453
1486,1401
1416,1424
1409,1410
1416,1484
1433,1409
1354,1412
1374,1416
1418,1403
1429,1421
1463,1429
1393,1411
1424,1474
1376,1424
1446,1462
1446,1455
1410,1455
1455,1486
1502,1444
1457,1508
1443,1486
1467,1530
1472,1482
1472,1505
1510,1524
1500,1548
1538,1596
1523,1608
1576,1578
1534,1627
1579,1614
1597,1632
1611,1602
1583,1620
1634,1638
1630,1657
1637,1660
1718,1688
1669,1676
1656,1695
1735,1639
1715,1655
1650,1679
1681,1667
1686,1709
1646,1703
1681,1683
1684,1666
1771,1680
1683,1661
1692,1623
1687,1656
1645,1634
1629,1624
1667,1639
1666,1633
1635,1589
1610,1674
1632,1644
1666,1587
1565,1519
1606,1563
1603,1531
1611,1552
1517,1553
1557,1532
1509,1526
1519,1499
1485,1438
1493,1494
1487,1463
1510,1497
1456,1455
1461,1440
1390,1476
1426,1427
1430,1451
1375,1427
1419,1394
1473,1434
1389,1442
1400,1378
1386,1414
1361,1437
1384,1439
1378,1416
1380,1454
1416,1428
1463,1449
1433,1436
1431,1465
1416,1419
1437,1514
1429,1484
1477,1445
1432,1535
1520,1498
1497,1498
1526,1543
1481,1553
1469,1555
1524,1550
1525,1561
1539,1594
1571,1605
1610,1627
1620,1600
1557,1627
1645,1649
1603,1622
1618,1598
1671,1647
1632,1694
1660,1688
1655,1620
1676,1654
1663,1688
1677,1660
1667,1687
1681,1702
1700,1686
1692,1664
1729,1688
1696,1668
1644,1688
1703,1655
1672,1598
1693,1669
1676,1654
1645,1634
1625,1645
1648,1608
1672,1579
1664,1564
1577,1565
1649,1592
1602,1571
1539,1552
1607,1541
1561,1561
1505,1497
1560,1502
1563,1491
1492,1504
1523,1496
1487,1481
1535,1478
1443,1466
1475,1415
1459,1457
1416,1442
1434,1454
1376,1413
1408,1433
1400,1430
1410,1435
1395,1414
1420,1418
1443,1396
1406,1444
1411,1461
1387,1442
1401,1424
1402,1432
1470,1426
1396,1472
1455,1452
1432,1464
1458,1484
1485,1478
1463,1500
1452,1473
1535,1508
1482,1512
1520,1537
1491,1555
1570,1553
1531,1573
1546,1576
1560,1589
1587,1602
1615,1588
1610,1634
1631,1652
1611,1596
1636,1609
1698,1662
1655,1632
1666,1659
1655,1679
1692,1679
1677,1676
1714,1674
1690,1707
1709,1646
1752,1682
1689,1673
1712,1703
1733,1688
1703,1664
1661,1657
1665,1681
1664,1624
1692,1624
1644,1620
1670,1617
1693,1606
1635,1575
1696,1599
1587,1603
1585,1612
1584,1527
1628,1570
1575,1587
1538,1518
1574,1577
1498,1553
1529,1465
1514,1482
1505,1473
1514,1461
1531,1471
1489,1449
1460,1470
1503,1425
1461,1462
1497,1449
1507,1414
1382,1436
1442,1402
1427,1456
1395,1434
1415,1433
1435,1393
1377,1441
1377,1414
1425,1448
1396,1416
1399,1441
1417,1418
1448,1515
1450,1456
1426,1482
1467,1503
1490,1494
1444,1494
1428,1518
1518,1499
1511,1490
1523,1500
1476,1536
1512,1597
1558,1563
1571,1579
1582,1604
1556,1607
1597,1605
1589,1586
1620,1613
1629,1651
1640,1659
1638,1669
1653,1657
1663,1655
1701,1665
1689,1642
1687,1624
1644,1672
1721,1681
1668,1673
1655,1658
1722,1688
1702,1678
1678,1671
1672,1622
1657,1642
1677,1646
1619,1657
1722,1646
1640,1619
1678,1614
1695,1643
1656,1595
1593,1577
1630,1563
1648,1577
1583,1545
1604,1550
1575,1564
1588,1575
1524,1459
1555,1504
1564,1509
1520,1507
1491,1525
1500,1448
1463,1443
1482,1488
1443,1460
1450,1436
1418,1449
1411,1421
1439,1455
1398,1445
1384,1427
1414,1433
1431,1456
1354,1449
1369,1417
1413,1421
1405,1428
1423,1437
1402,1462
1400,1433
1410,1418
1437,1475
1407,1484
1470,1482
1451,1499
1396,1513
1428,1513
1508,1506
1465,1539
1489,1531
1482,1514
1576,1554
1525,1510
1537,1585
1551,1588
1536,1555
1540,1605
1604,1623
1556,1619
1620,1617
1640,1649
1595,1623
1616,1635
1644,1665
1686,1648
1667,1638
1640,1640
1650,1659
1679,1682
1685,1662
1677,1673
1668,1708
1691,1630
1644,1605
1684,1664
1660,1643
1654,1683
1641,1693
1652,1671
1646,1649
1715,1624
1658,1694
1674,1644
1659,1623
1638,1637
1625,1623
1651,1600
1601,1578
1587,1554
1596,1562
1565,1531
1577,1521
1532,1497
1538,1559
1494,1543
1527,1505
1510,1507
1461,1439
1456,1466
1460,1483
1422,1473
1459,1439
1451,1396
1446,1462
1418,1416
1418,1402
1431,1429
1447,1424
1431,1458
1426,1426
1407,1428
1482,1460
1363,1402
1409,1439
1447,1443
1460,1420
1401,1510
1498,1510
1413,1460
1412,1447
1481,1439
1439,1461
1453,1489
1490,1542
1512,1507
1520,1544
1576,1552
1539,1533
1531,1551
1538,1559
1547,1578
1562,1609
1568,1566
1587,1647
1570,1641
1603,1644
1617,1654
1574,1618
1628,1597
1675,1665
1649,1659
1679,1652
1702,1642
1708,1700
1681,1681
1640,1663
1703,1680
1696,1703
1668,1663
1674,1612
1687,1625
1707,1662
1716,1678
1676,1637
1662,1687
1626,1643
1638,1634
1597,1638
1644,1594
1649,1608
1630,1606
1587,1605
1610,1575
1602,1537
1597,1514
1602,1556
1537,1575
1523,1483
1544,1521
1550,1516
1497,1528
1497,1491
1425,1517
1493,1484
1452,1467
1453,1465
1429,1451
1429,1437
1394,1434
1462,1448
1401,1414
1405,1403
1359,1443
1416,1463
1452,1404
1388,1433
1426,1448
1432,1396
1421,1437
1409,1455
1438,1459
1393,1423
1444,1458
1425,1445
1467,1462
1443,1489
1447,1470
1469,1493
1523,1503
1508,1496
1511,1542
1520,1537
1525,1541
1532,1545
1543,1581
1543,1565
1572,1568
1587,1583
1594,1572
1609,1625
1616,1677
1695,1622
1645,1694
1624,1660
1642,1656
1719,1678
1694,1679
1698,1650
1670,1705
1654,1679
1634,1661
1704,1672
1697,1693
1695,1646
1654,1699
1654,1662
1652,1653
1701,1662
1770,1613
1656,1654
1662,1612
1689,1613
1634,1602
1667,1584
1647,1585
1635,1556
1602,1597
1623,1575
1565,1598
1615,1583
1561,1559
1572,1514
1556,1538
1513,1490
1528,1499
1513,1528
1533,1462
1479,1496
1482,1464
1498,1477
1465,1462
1421,1458
1415,1442
1450,1461
1418,1473
1433,1445
1471,1443
1427,1431
1432,1460
1376,1378
1414,1449
1413,1437
1403,1418
1405,1458
1412,1402
1427,1475
1438,1462
1443,1424
1490,1465
1423,1484
1435,1463
1473,1484
1514,1514
1450,1527
1510,1506
1522,1523
1528,1547
1550,1497
1519,1559
1546,1538
1571,1607
1565,1580
1582,1586
1580,1606
1614,1641
1598,1615
1632,1626
1589,1627
1647,1664
1681,1647
1609,1657
1622,1625
1670,1673
1694,1660
1688,1626
1634,1628
1677,1693
1654,1618
1658,1653
1727,1648
1666,1706
1691,1651
1666,1646
1673,1648
1698,1643
1684,1628
1664,1615
1636,1628
1639,1606
1623,1584
1617,1577
1631,1585
1614,1533
1589,1555
1539,1582
1565,1551
1553,1556
1557,1563
1524,1508
1474,1521
1554,1487
1488,1497
1485,1503
1505,1477
1473,1447
1477,1512
1523,1462
1447,1501
1433,1478
1428,1442
1439,1470
1414,1443
1417,1492
1434,1405
1422,1385
1405,1467
1416,1455
1401,1438
1368,1422
1427,1459
1419,1455
1422,1465
1436,1444
1428,1467
1398,1461
1453,1478
1427,1482
1495,1499
1465,1478
1495,1540
1533,1527
1553,1536
1536,1568
1510,1569
1549,1573
1494,1576
1576,1563
1603,1613
1608,1605
1624,1616
1606,1593
1590,1626
1655,1645
1646,1634
1609,1684
1586,1641
1664,1633
1662,1645
1666,1653
1737,1667
1632,1636
1646,1691
1681,1713
1662,1586
1674,1624
1677,1700
1707,1658
1674,1647
1638,1657
1662,1611
1646,1580
1648,1621
1635,1595
1609,1635
1645,1607
1592,1603
1629,1604
1588,1549
1563,1603
1597,1537
1590,1541
1575,1563
1596,1506
1537,1512
1542,1537
1521,1515
1509,1483
1459,1448
1501,1456
1468,1467
1442,1528
1401,1461
1419,1443
1406,1409
1422,1432
1420,1430
1398,1459
1376,1449
1430,1439
1457,1484
1415,1403
1447,1438
1449,1430
1434,1436
1397,1443
1450,1416
1427,1449
1466,1459
1430,1486
1469,1465
1449,1453
1486,1501
1425,1467
1513,1518
1476,1543
1486,1504
1466,1519
1500,1544
1544,1552
1540,1554
1535,1558
1582,1601
1575,1621
1571,1622
1580,1604
1619,1621
1601,1616
1627,1684
1631,1627
1678,1658
1661,1659
1650,1653
1642,1666
1693,1688
1689,1689
1670,1688
1665,1649
1699,1608
1691,1701
1688,1695
1640,1676
1681,1644
1650,1656
1656,1616
1638,1619
1667,1634
1598,1688
1664,1605
1628,1593
1647,1581
1632,1566
1624,1541
1637,1558
1644,1552
1562,1558
1584,1536
1557,1563
1555,1551
1569,1501
1508,1476
1496,1507
1503,1491
1518,1442
1466,1487
1468,1437
1499,1451
1442,1432
1475,1439
1437,1442
1426,1464
1461,1436
1404,1421
1407,1462
1425,1446
1422,1430
1458,1429
1428,1397
1463,1420
1422,1435
1374,1419
1445,1437
1461,1451
1430,1451
1486,1474
1482,1472
1457,1492
1457,1466
1479,1482
1491,1518
1515,1476
1481,1551
1544,1516
1580,1545
1521,1514
1528,1583
1525,1600
1589,1558
1569,1614
1585,1593
1585,1599
1597,1601
1602,1641
1603,1638
1658,1626
1631,1650
1633,1685
1652,1661
1689,1691
1674,1640
1644,1654
1700,1668
1689,1658
1659,1653
1629,1654
1691,1669
1700,1670
1627,1665
1716,1672
1711,1649
1676,1647
1672,1629
1693,1595
1650,1575
1642,1601
1638,1599
1613,1587
1600,1558
1595,1562
1594,1547
1617,1550
1531,1552
1561,1574
1581,1536
1547,1501
1523,1491
1515,1494
1510,1464
1526,1431
1501,1465
1464,1484
1510,1438
1440,1397
1503,1481
1400,1470
1443,1442
1434,1484
1420,1434
1400,1457
1426,1406
1450,1409
1421,1388
1420,1430
1424,1470
1400,1434
1366,1462
1379,1432
1416,1444
1462,1465
1403,1519
1438,1480
1471,1508
1445,1472
1448,1453
1431,1527
1560,1508
1500,1523
1492,1520
1558,1582
1539,1561
1536,1576
1525,1558
1562,1573
1616,1612
1559,1629
1635,1570
1621,1575
1648,1620
1592,1631
1633,1652
1654,1647
1678,1619
1627,1658
1649,1670
1633,1658
1686,1660
1670,1636
1650,1661
1692,1721
1652,1682
1655,1602
1679,1656
1646,1606
1687,1620
1699,1670
1633,1671
1668,1595
1623,1611
1657,1611
1637,1579
1675,1634
1625,1578
1666,1601
1603,1571
1600,1535
1567,1558
1551,1516
1592,1530
1545,1526
1552,1530
1525,1497
1514,1553
1583,1497
1541,1510
1480,1464
1483,1442
1499,1474
1509,1424
1473,1436
1435,1437
1479,1431
1450,1475
1453,1399
1406,1438
1395,1436
1465,1480
1455,1482
1430,1458
1394,1411
1440,1423
1429,1470
1386,1434
1430,1471
1421,1495
1480,1479
1477,1499
1466,1523
1503,1480
1450,1478
1470,1536
1531,1496
1513,1546
1523,1532
1525,1555
1537,1576
1523,1565
1570,1597
1532,1574
1594,1563
1588,1587
1568,1590
1657,1609
1598,1656
1617,1624
1620,1625
1618,1625
1606,1606
1670,1649
1698,1638
1672,1672
1669,1660
1635,1644
1688,1685
1616,1649
1704,1673
1662,1611
1680,1701
1684,1684
1616,1636
1676,1687
1638,1639
1664,1626
1674,1620
1592,1610
1618,1604
1612,1640
1619,1602
1591,1566
1576,1589
1591,1570
1593,1575
1584,1583
1590,1537
1548,1515
1540,1535
1556,1534
1498,1491
1460,1478
1540,1481
1481,1408
1468,1449
1507,1477
1482,1450
1515,1458
1439,1425
1498,1422
1470,1427
1425,1427
1381,1447
1443,1449
1436,1443
1415,1424
1436,1410
1445,1455
1450,1473
1399,1421
1427,1464
1431,1474
1458,1463
1448,1490
1491,1420
1446,1466
1467,1460
1443,1491
1512,1515
1510,1541
1500,1489
1530,1535
1528,1517
1552,1550
1520,1542
1591,1557
1604,1562
1582,1555
1547,1605
1571,1603
1622,1601
1626,1615
1644,1645
1616,1627
1648,1646
1595,1635
1634,1633
1670,1646
1653,1678
1725,1646
1695,1646
1667,1623
1689,1647
1714,1642
1652,1641
1670,1656
1700,1635
1656,1668
1681,1636
1702,1678
1583,1629
1631,1619
1623,1630
1636,1563
1647,1573
1656,1562
1607,1605
1568,1564
1580,1557
1605,1582
1600,1559
1550,1571
1567,1574
1536,1514
1506,1511
1516,1502
1521,1541
1530,1488
1471,1487
1482,1456
1462,1463
1496,1423
1460,1464
1432,1470
1421,1514
1455,1471
1446,1399
1426,1439
1442,1484
1397,1457
1455,1497
1423,1409
1416,1466
1406,1458
1437,1438
1448,1465
1494,1460
1434,1470
1457,1486
1459,1503
1437,1454
1477,1491
1487,1469
1493,1539
1468,1464
1529,1528
1509,1542
1556,1536
1532,1520
1533,1547
1562,1590
1534,1527
1603,1570
1578,1585
1574,1608
1553,1585
1620,1645
1626,1593
1640,1627
1658,1635
1630,1643
1637,1648
1669,1640
1660,1672
1665,1632
1671,1721
1672,1626
1646,1655
1637,1659
1695,1668
1674,1681
1656,1622
1681,1703
1675,1654
1613,1670
1654,1650
1669,1634
1641,1607
1677,1599
1603,1682
1600,1591
1597,1540
1612,1579
1590,1586
1568,1585
1589,1545
1521,1546
1502,1583
1571,1516
1556,1523
1552,1462
1508,1485
1480,1479
1525,1500
1508,1475
1492,1495
1535,1459
1517,1485
1516,1454
1451,1462
1447,1460
1400,1430
1424,1473
1448,1454
1429,1446
1410,1453
1432,1467
1379,1441
1411,1432
1439,1439
1467,1442
1427,1461
1441,1481
1482,1481
1452,1500
1460,1515
1484,1446
1481,1504
1460,1491
1500,1529
1533,1539
1531,1531
1534,1527
1547,1546
1543,1522
1564,1598
1507,1546
1537,1572
1551,1635
1563,1568
1653,1602
1622,1603
1620,1649
1592,1625
1671,1632
1607,1647
1636,1653
1673,1640
1612,1601
1665,1610
1627,1702
1617,1644
1690,1674
1699,1689
1684,1664
1627,1669
1645,1689
1662,1653
1662,1620
1671,1625
1646,1586
1668,1632
1686,1670
1651,1602
1666,1570
1647,1612
1553,1580
1598,1574
1601,1552
1592,1572
1558,1537
1543,1544
1579,1549
1512,1499
1546,1536
1570,1515
1492,1504
1516,1510
1463,1505
1498,1479
1495,1454
1504,1462
1490,1446
1445,1482
1445,1474
1435,1425
1456,1439
1438,1473
1460,1418
1456,1460
1420,1463
1436,1424
1429,1425
1422,1467
1459,1440
1442,1438
1440,1459
1425,1470
1436,1441
1485,1507
1436,1488
1475,1512
1461,1469
1488,1477
1451,1526
1551,1525
1511,1504
1488,1541
1478,1582
1510,1556
1527,1593
1524,1575
1537,1559
1607,1584
1535,1635
1564,1638
1616,1646
1627,1627
1631,1635
1633,1611
1611,1606
1636,1582
1627,1665
1643,1653
1651,1636
1617,1666
1676,1627
1645,1678
1665,1697
1675,1600
1667,1690
1659,1650
1632,1685
1653,1633
1638,1615
1634,1625
1674,1654
1607,1633
1640,1541
1616,1624
1609,1624
1602,1601
1535,1588
1635,1568
1510,1582
1617,1514
1545,1511
1535,1566
1572,1515
1497,1517
1495,1538
1469,1527
1508,1490
1516,1506
1447,1493
1502,1450
1475,1451
1469,1483
1439,1446
1471,1474
1473,1464
1444,1456
1432,1452
1467,1440
1419,1452
1491,1453
1405,1489
1466,1478
1454,1412
1413,1471
1444,1458
1477,1449
1413,1526
1438,1491
1438,1443
1453,1520
1507,1497
1470,1518
1466,1470
1477,1506
1513,1526
1514,1554
1516,1511
1553,1499
1551,1574
1612,1596
1547,1560
1554,1580
1549,1613
1602,1609
1605,1607
1591,1606
1641,1629
1642,1623
1639,1626
1611,1611
1604,1665
1622,1622
1665,1642
1660,1632
1617,1670
1644,1664
1718,1635
1597,1603
1689,1677
1683,1635
1697,1705
1635,1639
1647,1653
1617,1634
1640,1651
1662,1623
1648,1648
1604,1615
1630,1618
1649,1603
1612,1596
1572,1561
1552,1589
1552,1527
1583,1554
1514,1555
1595,1502
1569,1519
1546,1510
1526,1512
1548,1512
1499,1459
1461,1505
1482,1481
1541,1513
1509,1509
1444,1418
1470,1489
1459,1436
1423,1484
1421,1448
1454,1480
1399,1438
1438,1481
1419,1451
1434,1425
1394,1481
1398,1446
1432,1449
1419,1419
1468,1477
1455,1484
1459,1476
1518,1475
1454,1519
1440,1465
1519,1487
1445,1513
1448,1507
1519,1490
1518,1524
1491,1552
1532,1574
1551,1540
1516,1532
1563,1516
1567,1565
1622,1588
1571,1561
1588,1604
1641,1621
1530,1618
1638,1636
1626,1653
1607,1676
1629,1613
1664,1619
1702,1635
1660,1589
1656,1659
1700,1629
1679,1648
1666,1623
1636,1674
1656,1694
1631,1699
1701,1648
1626,1623
1652,1660
1662,1628
1645,1639
1634,1628
1608,1601
1634,1609
1652,1602
1608,1581
1617,1548
1639,1562
1573,1522
1572,1550
1545,1539
1590,1514
1510,1534
1560,1553
1531,1485
1510,1511
1528,1510
1539,1493
1452,1502
1455,1467
1462,1461
1490,1452
1469,1483
1447,1484
1459,1480
1442,1462
1410,1449
1450,1471
1407,1443
1429,1466
1417,1433
1414,1476
1435,1474
1438,1402
1448,1499
1418,1458
1454,1489
1428,1468
1480,1418
1449,1481
1455,1504
1502,1518
1467,1485
1487,1477
1490,1515
1462,1500
1484,1582
1470,1552
1527,1565
1530,1549
1586,1576
1573,1573
1532,1578
1643,1619
1603,1608
1598,1623
1604,1648
1640,1597
1597,1630
1669,1609
1646,1613
1633,1647
1591,1627
1650,1642
1730,1609
1652,1622
1649,1655
1608,1675
1671,1684
1673,1646
1687,1625
1657,1649
1652,1622
1672,1640
1681,1658
1677,1655
1625,1630
1695,1639
1616,1605
1638,1601
1607,1616
1567,1605
1607,1544
1608,1606
1600,1563
1568,1553
1526,1520
1545,1472
1589,1530
1565,1498
1521,1553
1451,1500
1528,1486
1483,1476
1482,1491
1468,1484
1482,1473
1440,1432
1435,1469
1452,1474
1471,1473
1449,1411
1410,1445
1475,1442
1421,1496
1408,1461
1409,1459
1416,1462
1449,1452
1447,1477
1458,1429
1455,1453
1395,1466
1511,1464
1449,1447
1451,1493
1486,1499
1510,1498
1448,1508
1502,1518
1492,1558
1479,1546
1578,1576
1504,1555
1551,1567
1582,1548
1597,1536
1560,1563
1577,1614
1584,1620
1554,1569
1592,1588
1655,1657
1642,1620
1600,1621
1591,1585
1631,1631
1626,1665
1649,1632
1607,1588
1651,1614
1700,1649
1676,1642
1673,1673
1672,1624
1689,1615
1690,1661
1642,1580
1617,1628
1652,1594
1639,1614
1631,1620
1609,1616
1611,1617
1686,1609
1632,1617
1555,1624
1624,1542
1549,1612
1545,1569
1585,1543
1587,1528
1544,1527
1596,1570
1500,1529
1521,1486
1542,1525
1521,1501
1488,1480
1455,1457
1475,1493
1506,1485
1519,1486
1521,1504
1498,1499
1451,1516
1443,1424
1449,1431
1488,1451
1430,1458
1399,1474
1440,1470
1459,1460
1411,1417
1451,1431
1455,1474
1411,1425
1460,1458
1481,1517
1454,1492
1468,1513
1448,1513
1433,1489
1480,1500
1509,1519
1511,1578
1523,1536
1514,1579
1533,1564
1539,1565
1565,1598
1549,1549
1527,1625
1539,1581
1578,1576
1623,1612
1655,1636
1631,1622
1588,1651
1654,1621
1631,1629
1643,1636
1646,1670
1625,1639
1659,1624
1680,1653
1680,1698
1661,1635
1641,1661
1655,1644
1662,1668
1649,1616
1710,1661
1685,1612
1662,1619
1660,1622
1625,1618
1635,1598
1614,1635
1612,1623
1624,1608
1624,1558
1615,1576
1623,1576
1554,1548
1611,1586
1510,1536
1515,1555
1515,1548
1488,1553
1565,1543
1482,1490
1502,1454
1491,1520
1508,1502
1505,1487
1499,1436
1484,1474
1429,1460
1476,1488
1491,1465
1431,1482
1485,1446
1392,1444
1457,1468
1402,1436
1462,1449
1415,1424
1429,1435
1420,1467
1442,1463
1441,1475
1408,1481
1452,1489
1464,1509
1494,1513
1494,1465
1514,1503
1475,1448
1458,1504
1493,1490
1549,1552
1542,1515
1539,1564
1538,1559
1597,1561
1586,1602
1585,1612
1585,1623
1619,1663
1604,1606
1624,1618
1612,1598
1589,1619
1672,1614
1632,1621
1665,1670
1647,1697
1653,1665
1675,1641
1659,1621
1690,1697
1663,1642
1653,1657
1620,1622
1662,1654
1724,1640
1665,1594
1677,1641
1724,1657
1661,1623
1676,1580
1669,1575
1628,1574
1655,1557
1638,1569
1596,1569
1609,1604
1609,1586
1566,1562
1600,1556
1552,1516
1559,1575
1522,1493
1473,1491
1516,1464
1537,1497
1466,1501
1505,1491
1509,1466
1445,1434
1441,1511
1467,1465
1438,1478
1440,1433
1441,1442
1431,1419
1435,1450
1446,1459
1449,1442
1423,1477
1417,1460
1439,1476
1424,1437
1436,1453
1440,1430
1448,1473
1481,1515
1473,1492
1473,1470
1453,1473
1457,1490
1474,1429
1497,1490
1502,1569
1495,1524
1564,1553
1537,1542
1522,1526
1552,1543
1510,1556
1526,1596
1598,1592
1610,1588
1564,1580
1607,1574
1594,1602
1612,1647
1586,1637
1637,1636
1605,1641
1631,1600
1665,1623
1695,1685
1666,1645
1609,1662
1679,1652
1672,1675
1674,1700
1614,1643
1665,1603
1675,1656
1641,1605
1710,1649
1661,1678
1651,1581
1654,1578
1643,1611
1654,1598
1619,1609
1562,1593
1590,1538
1560,1561
1659,1616
1533,1555
1581,1584
1570,1560
1525,1567
1508,1500
1496,1514
1547,1507
1490,1565
1497,1500
1489,1472
1502,1516
1553,1504
1456,1515
1478,1467
1481,1445
1467,1465
1478,1425
1412,1421
1446,1421
1438,1498
1428,1461
1434,1450
1389,1466
1450,1423
1418,1457
1418,1441
1400,1415
1417,1486
1433,1466
1446,1422
1464,1453
1490,1516
1481,1485
1443,1465
1489,1474
1479,1531
1503,1561
1515,1555
1469,1544
1543,1534
1492,1586
1579,1586
1602,1600
1544,1615
1540,1577
1633,1589
1650,1564
1575,1596
1633,1646
1641,1656
1606,1658
1649,1655
1645,1617
1614,1649
1660,1582
1628,1600
1662,1632
1606,1641
1667,1640
1643,1644
1641,1628
1655,1646
1635,1669
1640,1670
1647,1625
1689,1612
1705,1624
1631,1628
1591,1605
1607,1546
1600,1624
1593,1587
1591,1574
1616,1561
1615,1568
1555,1521
1584,1529
1542,1528
1574,1515
1514,1558
1562,1511
1532,1496
1522,1498
1498,1521
1546,1452
1442,1470
1473,1530
1468,1451
1459,1442
1443,1433
1474,1432
1482,1451
1479,1474
1418,1458
1437,1423
1433,1483
1424,1421
1426,1449
1426,1396
1465,1463
1441,1471
1482,1423
1409,1452
1435,1466
1421,1438
1459,1461
1460,1490
1511,1489
1474,1498
1466,1531
1508,1491
1438,1504
1450,1524
1541,1554
1566,1586
1550,1551
1583,1555
1541,1545
1576,1566
1584,1621
1575,1583
1542,1593
1573,1615
1610,1610
1613,1604
1663,1655
1623,1621
1625,1669
1590,1626
1665,1639
1671,1667
1699,1605
1693,1651
1649,1627
1672,1641
1660,1661
1630,1685
1661,1645
1662,1628
1681,1664
1685,1648
1691,1624
1678,1624
1643,1593
1629,1638
1621,1641
1613,1611
1593,1628
1622,1582
1579,1579
1621,1610
1586,1555
1586,1531
1542,1504
1522,1565
1527,1531
1523,1527
1493,1509
1532,1466
1533,1515
1480,1470
1512,1459
1430,1499
1460,1446
1421,1462
1475,1476
1466,1471
1471,1476
1439,1466
1451,1433
1437,1426
1434,1493
1443,1451
1419,1418
1441,1433
1434,1425
1411,1477
1439,1465
1469,1461
1465,1488
1457,1494
1484,1476
1478,1527
1439,1505
1451,1523
1487,1487
1525,1495
1482,1545
1494,1546
1547,1605
1534,1561
1591,1573
1533,1582
1554,1581
1582,1611
1586,1585
1631,1612
1590,1629
1610,1608
1613,1628
1602,1624
1606,1667
1679,1640
1649,1645
1695,1650
1596,1643
1672,1684
1662,1676
1712,1669
1714,1641
1665,1657
1690,1666
1650,1644
1684,1675
1640,1631
1622,1635
1654,1631
1664,1666
1647,1619
1623,1595
1626,1582
1631,1619
1630,1586
1651,1539
1608,1610
1579,1575
1576,1568
1590,1534
1596,1546
1590,1510
1521,1527
1555,1556
1543,1529
1518,1520
1456,1489
1541,1507
1479,1479
1454,1457
1484,1462
1528,1513
1472,1488
1433,1486
1464,1446
1421,1449
1422,1431
1396,1459
1454,1409
1449,1437
1455,1439
1418,1459
1411,1491
1416,1484
1448,1471
1435,1488
1470,1497
1390,1486
1476,1502
1477,1450
1464,1496
1476,1479
1455,1504
1489,1497
1523,1540
1530,1538
1537,1548
1553,1555
1508,1574
1564,1561
1526,1620
1600,1617
1596,1615
1581,1605
1537,1585
1633,1597
1597,1632
1609,1629
1648,1625
1651,1639
1679,1617
1638,1653
1640,1659
1674,1691
1682,1652
1693,1641
1691,1639
1672,1635
1689,1649
1634,1660
1621,1641
1666,1618
1649,1641
1660,1605
1604,1616
1602,1635
1630,1605
1606,1582
1652,1584
1643,1581
1575,1558
1599,1639
1617,1561
1618,1598
1573,1573
1587,1497
1571,1523
1541,1506
1548,1518
1522,1488
1464,1526
1471,1446
1478,1475
1482,1518
1514,1467
1475,1490
1460,1447
1488,1463
1414,1444
1424,1463
1426,1419
1445,1419
1453,1452
1442,1462
1381,1471
1441,1423
1382,1454
1394,1438
1413,1485
1479,1448
1412,1459
1432,1510
1433,1439
1429,1495
1439,1454
1498,1528
1516,1504
1445,1481
1464,1480
1508,1513
1521,1534
1527,1566
1550,1576
1576,1543
1558,1556
1587,1562
1577,1590
1584,1548
1631,1573
1595,1636
1682,1637
1632,1626
1653,1612
1655,1670
1612,1627
1636,1647
1681,1711
1695,1616
1645,1661
1673,1614
1702,1663
1653,1668
1665,1615
1658,1627
1671,1659
1697,1689
1674,1660
1642,1611
1663,1643
1696,1662
1586,1639
1658,1591
1646,1588
1651,1578
1629,1568
1607,1561
1617,1587
1603,1572
1621,1563
1579,1570
1519,1543
1552,1544
1557,1525
1519,1502
1536,1472
1493,1466
1510,1493
1490,1455
1534,1496
1484,1481
1497,1457
1495,1487
1498,1495
1481,1493
1422,1460
1434,1458
1387,1438
1481,1450
1419,1471
1438,1478
1438,1474
1418,1412
1412,1442
1439,1446
1414,1469
1453,1492
1487,1461
1448,1514
1451,1490
1409,1482
1454,1487
1452,1501
1494,1525
1472,1544
1501,1507
1461,1543
1512,1571
1557,1529
1557,1554
1558,1610
1612,1540
1578,1598
1592,1620
1607,1565
1569,1614
1628,1597
1679,1649
1633,1692
1633,1603
1648,1649
1702,1647
1709,1663
1641,1650
1637,1643
1648,1667
1671,1679
1662,1652
1638,1653
1675,1624
1655,1636
1703,1658
1667,1599
1670,1617
1630,1617
1663,1616
1650,1625
1651,1619
1609,1619
1642,1599
1625,1565
1603,1588
1628,1581
1594,1561
1602,1562
1575,1540
1565,1514
1538,1563
1553,1544
1513,1467
1554,1529
1518,1494
1465,1534
1537,1494
1512,1443
1507,1459
1486,1435
1472,1460
1462,1468
1443,1446
1445,1448
1415,1444
1433,1464
1398,1436
1425,1407
1399,1435
1420,1448
1418,1436
1444,1423
1470,1494
1449,1434
1415,1445
1427,1502
1433,1444
1472,1504
1460,1512
1464,1463
1461,1538
1519,1524
1497,1541
1498,1528
1496,1530
1515,1526
1518,1558
1536,1551
1528,1602
1540,1566
1565,1570
1607,1623
1603,1584
1611,1593
1627,1600
1666,1624
1654,1650
1663,1641
1665,1643
1627,1652
1712,1643
1649,1614
1689,1653
1670,1696
1656,1652
1641,1643
1688,1671
1631,1623
1677,1621
1702,1686
1670,1612
1651,1660
1674,1621
1658,1605
1668,1610
1672,1633
1652,1636
1599,1600
1651,1593
1562,1584
1592,1577
1637,1600
1591,1553
1551,1507
1572,1535
1525,1560
1522,1473
1533,1516
1512,1482
1515,1476
1497,1464
1455,1495
1489,1436
1486,1505
1452,1481
1494,1435
1496,1444
1466,1472
1441,1443
1446,1425
1464,1467
1384,1452
1443,1426
1442,1445
1415,1412
1433,1508
1407,1465
1403,1496
1427,1461
1455,1491
1461,1456
1458,1464
1448,1468
1427,1475
1426,1472
1434,1486
1469,1525
1553,1494
1529,1536
1503,1539
1505,1553
1572,1542
1564,1540
1524,1562
1512,1590
1577,1568
1576,1634
1581,1601
1615,1601
1656,1585
1592,1635
1631,1605
1623,1695
1623,1648
1660,1640
1646,1650
1643,1654
1652,1663
1662,1641
1697,1665
1689,1674
1752,1642
1642,1637
1665,1627
1720,1639
1712,1635
1664,1658
1681,1676
1646,1626
1628,1632
1675,1647
1660,1616
1663,1617
1588,1596
1581,1566
1642,1586
1576,1558
1601,1567
1591,1546
1546,1516
1560,1513
1561,1545
1519,1488
1545,1522
1513,1487
1527,1480
1534,1467
1471,1519
1464,1457
1466,1485
1452,1468
1490,1448
1453,1459
1437,1414
1452,1482
1402,1457
1364,1442
1440,1393
1437,1444
1401,1463
1431,1425
1403,1449
1425,1443
1440,1431
1452,1429
1462,1445
1411,1488
1445,1451
1433,1452
1476,1485
1481,1509
1487,1539
1479,1538
1494,1552
1487,1542
1490,1512
1573,1568
1538,1537
1505,1571
1558,1585
1532,1567
1539,1575
1620,1603
1593,1576
1633,1644
1598,1655
1587,1608
1616,1661
1664,1661
1641,1628
1598,1655
1690,1628
1660,1662
1702,1653
1693,1650
1654,1628
1690,1611
1697,1603
1717,1652
1712,1653
1669,1617
1666,1653
1665,1608
1658,1624
1655,1637
1650,1590
1640,1631
1619,1627
1644,1592
1659,1595
1630,1612
1635,1564
1569,1567
1606,1534
1568,1526
1555,1555
1562,1561
1492,1518
1517,1506
1504,1521
1503,1480
1488,1476
1478,1479
1445,1483
1478,1462
1435,1503
1516,1432
1449,1406
1487,1417
1407,1459
1434,1453
1423,1455
1464,1412
1440,1416
1376,1448
1451,1443
1390,1435
1405,1405
1447,1451
1441,1464
1421,1500
1457,1455
1403,1479
1478,1464
1465,1460
1429,1525
1483,1515
1514,1500
1473,1548
1520,1535
1509,1561
1538,1528
1552,1572
1580,1572
1602,1598
1554,1590
1543,1592
1617,1567
1647,1623
1625,1628
1628,1614
1636,1620
1612,1662
1657,1646
1699,1649
1638,1628
1687,1610
1680,1654
1664,1655
1650,1692
1692,1684
1640,1663
1658,1641
1639,1657
1645,1648
1688,1676
1679,1681
1629,1609
1640,1671
1597,1655
1595,1611
1649,1568
1654,1602
1615,1586
1571,1590
1599,1588
1615,1545
1596,1580
1537,1561
1555,1531
1595,1524
1563,1544
1539,1543
1504,1509
1538,1473
1485,1482
1464,1454
1486,1495
1450,1463
1458,1491
1434,1422
1431,1494
1461,1473
1446,1435
1420,1469
1394,1401
1429,1415
1371,1430
1421,1438
1441,1401
1430,1418
1383,1415
1437,1423
1411,1449
1429,1479
1455,1429
1453,1446
1475,1538
1444,1497
1412,1513
1501,1485
1442,1484
1469,1513
1470,1566
1516,1537
1484,1508
1518,1567
1530,1525
1522,1567
1554,1599
1560,1576
1594,1584
1557,1615
1567,1591
1639,1609
1617,1635
1595,1632
1618,1663
1610,1620
1615,1656
1687,1618
1694,1637
1663,1682
1733,1670
1657,1649
1692,1684
1720,1653
1694,1693
1663,1679
1677,1602
1713,1660
1698,1645
1686,1644
1626,1628
1669,1619
1655,1592
1651,1647
1641,1607
1575,1608
1670,1600
1616,1565
1641,1614
1603,1515
1526,1569
1600,1521
1560,1513
1537,1513
1540,1553
1555,1511
1537,1514
1478,1462
1477,1454
1527,1470
1452,1427
1523,1479
1451,1440
1435,1438
1467,1422
1383,1409
1417,1420
1405,1383
1434,1405
1399,1417
1445,1450
1437,1412
1407,1430
1417,1416
1434,1436
1399,1439
1456,1492
1456,1463
1450,1503
1476,1438
1495,1491
1459,1498
1468,1481
1486,1516
1454,1498
1536,1489
1483,1519
1501,1520
1549,1538
1543,1566
1554,1561
1535,1563
1574,1603
1574,1604
1595,1599
1574,1642
1617,1679
1664,1644
1623,1615
1628,1660
1624,1640
1693,1645
1646,1687
1661,1669
1654,1629
1724,1665
1643,1634
1625,1689
1655,1730
1690,1685
1708,1659
1689,1705
1683,1671
1676,1676
1672,1630
1630,1649
1647,1637
1692,1631
1650,1618
1635,1613
1653,1616
1593,1608
1563,1606
1609,1553
1608,1574
1533,1535
1611,1539
1569,1514
1552,1548
1545,1512
1492,1481
1523,1500
1478,1477
1526,1489
1443,1476
1453,1492
1477,1468
1443,1441
1465,1440
1457,1429
1437,1471
1412,1465
1451,1465
1389,1402
1402,1433
1450,1458
1412,1402
1392,1460
1396,1468
1381,1435
1358,1481
1412,1454
1424,1453
1494,1436
1454,1448
1451,1470
1419,1434
1448,1470
1460,1540
1434,1509
1480,1557
1499,1518
1520,1514
1526,1510
1519,1556
1564,1557
1545,1548
1572,1558
1605,1581
1559,1578
1585,1626
1578,1651
1670,1617
1659,1645
1651,1648
1707,1641
1675,1657
1615,1628
1657,1755
1646,1622
1674,1664
1656,1688
1706,1644
1688,1694
1648,1659
1755,1658
1673,1670
1686,1644
1607,1644
1660,1667
1652,1641
1606,1671
1643,1673
1583,1619
1621,1606
1602,1631
1627,1612
1599,1572
1587,1567
1603,1576
1639,1544
1568,1533
1573,1526
1530,1517
1541,1527
1535,1551
1507,1531
1515,1511
1514,1499
1497,1445
1473,1470
1465,1458
1489,1471
1474,1446
1469,1454
1393,1449
1418,1425
1415,1409
1464,1450
1407,1416
1428,1430
1448,1420
1401,1426
1417,1417
1415,1426
1418,1459
1455,1462
1436,1469
1451,1484
1434,1462
1415,1481
1466,1487
1448,1487
1469,1451
1474,1491
1487,1515
1522,1547
1488,1536
1530,1556
1511,1581
1527,1573
1542,1590
1501,1565
1577,1620
1536,1648
1610,1646
1603,1638
1607,1675
1614,1646
1669,1646
1655,1669
1639,1713
1668,1678
1642,1665
1693,1696
1679,1640
1674,1675
1714,1674
1630,1646
1690,1658
1657,1693
1665,1692
1696,1682
1669,1659
1629,1654
1657,1670
1692,1623
1644,1671
1685,1614
1648,1594
1629,1645
1649,1600
1583,1609
1596,1582
1607,1557
1558,1577
1592,1532
1530,1550
1583,1519
1573,1496
1550,1482
1537,1521
1450,1502
1516,1510
1460,1512
1488,1456
1432,1471
1411,1460
1458,1439
1425,1453
1408,1464
1419,1425
1430,1440
1427,1438
1353,1434
1366,1385
1472,1439
1413,1421
1384,1417
1432,1425
1416,1388
1425,1437
1402,1449
1432,1474
1401,1469
1490,1448
1422,1465
1506,1479
1519,1521
1431,1502
1517,1474
1482,1525
1515,1515
1531,1560
1535,1507
1511,1579
1584,1631
1597,1618
1558,1610
1565,1577
1621,1623
1638,1633
1587,1602
1632,1612
1642,1652
1684,1630
1654,1648
1626,1639
1642,1682
1711,1651
1703,1666
1723,1643
1702,1671
1720,1673
1717,1727
1726,1679
1675,1680
1696,1659
1680,1667
1656,1619
1617,1638
1698,1661
1684,1624
1680,1617
1672,1626
1639,1595
1661,1614
1625,1623
1615,1550
1570,1567
1592,1554
1571,1505
1575,1535
1542,1528
1566,1557
1562,1521
1495,1493
1474,1464
1469,1499
1486,1441
1533,1444
1451,1426
1463,1452
1428,1406
1450,1449
1436,1438
1437,1406
1457,1430
1436,1450
1397,1406
1412,1423
1407,1436
1413,1442
1428,1425
1391,1417
1380,1475
1385,1420
1406,1445
1475,1459
1382,1444
1396,1465
1458,1457
1447,1488
1504,1525
1486,1513
1534,1538
1486,1520
1495,1527
1466,1572
1499,1561
1500,1519
1542,1583
1556,1554
1553,1584
1595,1607
1615,1624
1644,1620
1604,1616
1650,1639
1651,1652
1639,1631
1705,1620
1697,1634
1696,1640
1672,1703
1671,1689
1687,1672
1656,1672
1702,1689
1693,1704
1692,1661
1718,1688
1628,1619
1708,1649
1672,1656
1675,1638
1698,1649
1646,1625
1677,1615
1649,1627
1617,1648
1611,1583
1607,1550
1559,1569
1585,1603
1580,1584
1635,1546
1554,1563
1562,1518
1481,1512
1547,1438
1538,1490
1512,1509
1518,1449
1516,1479
1506,1432
1423,1494
1436,1459
1441,1466
1443,1480
1418,1406
1422,1451
1392,1418
1391,1414
1387,1399
1433,1415
1391,1454
1456,1399
1369,1378
1409,1450
1416,1422
1378,1410
1414,1433
1423,1431
1417,1428
1419,1435
1473,1461
1442,1477
1429,1549
1455,1515
1506,1528
1520,1499
1505,1496
1507,1542
1523,1541
1535,1591
1484,1594
1598,1565
1588,1609
1607,1610
1582,1587
1600,1651
1638,1636
1598,1675
1653,1683
1679,1630
1633,1673
1673,1673
1674,1665
1681,1639
1652,1639
1729,1695
1659,1673
1706,1713
1692,1668
1683,1666
1667,1639
1720,1690
1695,1650
1682,1686
1706,1654
1687,1678
1674,1663
1634,1640
1674,1611
1643,1637
1659,1591
1647,1594
1661,1603
1593,1610
1579,1563
1586,1557
1589,1554
1564,1556
1567,1524
1546,1545
1547,1472
1515,1500
1506,1467
1498,1467
1510,1479
1500,1476
1472,1480
1448,1466
1500,1424
1461,1481
1429,1421
1458,1443
1406,1448
1399,1441
1417,1405
1407,1416
1409,1406
1364,1467
1404,1433
1454,1412
1409,1446
1413,1461
1456,1480
1407,1465
1414,1476
1454,1504
1454,1479
1452,1465
1498,1502
1540,1473
1507,1528
1484,1515
1534,1514
1501,1569
1561,1564
1572,1573
1549,1571
1558,1595
1607,1639
1607,1606
1658,1646
1592,1651
1626,1673
1662,1694
1629,1668
1594,1642
1682,1659
1650,1683
1729,1707
1711,1664
1688,1696
1739,1700
1708,1657
1654,1695
1718,1689
1707,1676
1707,1661
1710,1660
1693,1677
1697,1643
1676,1651
1681,1667
1662,1611
1655,1625
1611,1612
1626,1607
1598,1564
1624,1618
1635,1596
1602,1538
1565,1543
1567,1560
1535,1565
1491,1515
1509,1482
1502,1516
1522,1455
1546,1484
1453,1467
1482,1446
1471,1441
1432,1433
1517,1436
1437,1443
1411,1421
1384,1408
1406,1455
1401,1422
1378,1435
1448,1408
1378,1458
1379,1414
1396,1483
1404,1399
1404,1416
1411,1395
1401,1460
1460,1489
1391,1435
1448,1500
1403,1461
1484,1502
1424,1524
1454,1493
1500,1524
1464,1533
1494,1568
1530,1510
1582,1547
1524,1540
1565,1573
1571,1628
1569,1636
1612,1592
1589,1621
1592,1624
1633,1602
1665,1663
1680,1649
1640,1679
1663,1612
1725,1638
1668,1634
1698,1696
1670,1680
1687,1671
1702,1706
1732,1739
1714,1650
1728,1693
1739,1646
1677,1655
1652,1656
1632,1653
1643,1679
1672,1638
1659,1634
1637,1635
1680,1588
1602,1642
1655,1591
1640,1603
1593,1573
1587,1548
1576,1572
1572,1525
1558,1540
1546,1546
1546,1536
1563,1494
1527,1467
1476,1499
1482,1474
1488,1492
1513,1448
1425,1461
1461,1439
1455,1445
1435,1433
1439,1460
1476,1431
1411,1461
1427,1428
1435,1398
1414,1423
1391,1426
1397,1460
1400,1411
1411,1409
1404,1403
1400,1464
1415,1465
1467,1448
1421,1471
1465,1423
1437,1471
1413,1509
1497,1504
1474,1472
1458,1449
1491,1496
1516,1548
1515,1551
1537,1545
1590,1561
1530,1599
1569,1583
1567,1581
1558,1586
1611,1612
1545,1592
1641,1614
1676,1600
1621,1644
1665,1655
1698,1669
1691,1647
1680,1619
1656,1648
1683,1657
1659,1645
1676,1665
1709,1657
1730,1652
1707,1670
1728,1656
1752,1671
1674,1652
1684,1623
1640,1664
1672,1673
1668,1607
1655,1627
1642,1609
1684,1606
1618,1563
1650,1641
1607,1566
1620,1553
1655,1600
1557,1528
1563,1559
1576,1537
1588,1542
1498,1501
1516,1501
1533,1473
1520,1512
1485,1471
1471,1422
1435,1479
1481,1470
1442,1433
1452,1458
1406,1425
1383,1425
1426,1442
1410,1421
1384,1430
1393,1424
1404,1419
1393,1399
1383,1451
1401,1388
1440,1420
1411,1454
1460,1409
1464,1441
1422,1404
1410,1447
1425,1476
1477,1507
1460,1520
1444,1497
1437,1537
1451,1517
1435,1508
1507,1554
1529,1558
1577,1546
1559,1536
1556,1599
1599,1600
1583,1619
1643,1614
1603,1622
1625,1664
1669,1637
1649,1597
1630,1705
1677,1648
1662,1707
1693,1673
1684,1645
1698,1702
1708,1684
1685,1708
1688,1678
1682,1666
1714,1652
1692,1741
1728,1706
1730,1679
1690,1704
1646,1636
1706,1680
1691,1671
1703,1667
1659,1614
1631,1593
1675,1594
1650,1579
1640,1577
1629,1578
1580,1555
1600,1555
1570,1563
1543,1559
1503,1507
1527,1554
1549,1516
1525,1506
1452,1481
1472,1480
1456,1469
1482,1478
1467,1467
1456,1439
1450,1442
1373,1478
1459,1410
1388,1430
1417,1441
1392,1424
1411,1439
1362,1439
1406,1438
1438,1438
1381,1390
1390,1389
1433,1424
1368,1432
1429,1447
1417,1499
1505,1458
1452,1457
1448,1474
1432,1484
1470,1486
1465,1486
1467,1517
1505,1532
1495,1507
1462,1539
1498,1546
1559,1577
1610,1572
1514,1545
1604,1610
1607,1633
1560,1595
1600,1650
1642,1671
1617,1652
1631,1673
1643,1695
1662,1668
1704,1678
1677,1656
1719,1660
1719,1631
1697,1710
1716,1698
1714,1698
1682,1711
1690,1706
1707,1726
1714,1636
1682,1687
1671,1703
1668,1631
1662,1649
1671,1659
1678,1623
1667,1654
1639,1614
1649,1597
1633,1591
1639,1585
1607,1548
1572,1544
1656,1546
1609,1554
1617,1550
1500,1526
1588,1474
1492,1470
1494,1480
1510,1512
1528,1462
1446,1471
1480,1459
1401,1448
1417,1417
1463,1406
1371,1426
1395,1402
1364,1430
1376,1401
1406,1390
1456,1449
1401,1382
1426,1393
1385,1414
1374,1406
1449,1433
1384,1448
1443,1440
1418,1444
1457,1494
1421,1454
1463,1469
1462,1472
1459,1460
1454,1425
1476,1523
1462,1546
1505,1501
1477,1559
1523,1555
1572,1571
1544,1584
1576,1606
1536,1622
1586,1585
1641,1594
1592,1672
1598,1664
1636,1675
1666,1666
1677,1656
1646,1660
1689,1659
1661,1667
1697,1676
1728,1707
1740,1690
1684,1660
1684,1678
1685,1692
1742,1669
1710,1676
1700,1697
1678,1682
1681,1658
1661,1646
1610,1656
1663,1709
1673,1622
1638,1584
1669,1622
1622,1590
1645,1578
1541,1552
1609,1520
1616,1550
1538,1539
1561,1529
1574,1543
1580,1554
1575,1501
1498,1469
1521,1461
1450,1462
1441,1433
1454,1510
1455,1443
1458,1418
1443,1428
1426,1412
1403,1450
1411,1404
1366,1421
1434,1431
1409,1436
1402,1408
1373,1450
1403,1414
1419,1429
1434,1404
1418,1418
1424,1473
1409,1437
1419,1436
1413,1458
1461,1470
1396,1456
1479,1463
1455,1480
1496,1513
1468,1521
1565,1531
1480,1527
1546,1530
1523,1581
1511,1571
1561,1591
1540,1616
1606,1602
1571,1615
1588,1616
1613,1651
1652,1641
1636,1661
1683,1682
1693,1609
1631,1618
1684,1712
1657,1708
1702,1703
1701,1692
1720,1698
1726,1646
1725,1695
1668,1658
1724,1677
1702,1728
1682,1695
1716,1697
1688,1683
1698,1664
1680,1649
1670,1582
1672,1641
1658,1602
1621,1616
1611,1587
1635,1584
1583,1558
1623,1568
1595,1562
1616,1554
1583,1580
1564,1528
1523,1512
1528,1514
1471,1465
1532,1489
1473,1520
1506,1464
1445,1449
1433,1477
1418,1432
1438,1399
1402,1441
1477,1435
1439,1407
1427,1417
1360,1442
1452,1435
1397,1405
1403,1373
1450,1435
1381,1422
1394,1440
1379,1401
1432,1445
1399,1447
1418,1509
1448,1422
1389,1462
1431,1465
1401,1455
1440,1475
1474,1480
1513,1550
1475,1493
1480,1556
1487,1555
1548,1531
1552,1568
1554,1613
1576,1608
1603,1588
1587,1591
1612,1618
1633,1622
1601,1652
1590,1637
1668,1659
1659,1629
1682,1654
1715,1678
1690,1686
1679,1677
1674,1688
1725,1661
1698,1676
1687,1662
1752,1652
1725,1692
1690,1686
1700,1698
1709,1692
1664,1663
1666,1679
1668,1656
1700,1680
1698,1664
1669,1615
1603,1614
1649,1621
1595,1576
1666,1593
1599,1560
1598,1564
1581,1529
1585,1537
1538,1560
1547,1515
1564,1573
1469,1457
1502,1508
1454,1488
1512,1478
1470,1479
1479,1475
1443,1481
1446,1452
1438,1430
1449,1437
1419,1442
1397,1433
1422,1366
1394,1365
1435,1428
1367,1405
1422,1380
1373,1412
1357,1442
1364,1415
1393,1416
1413,1391
1430,1409
1425,1438
1470,1476
1475,1469
1478,1484
1450,1504
1490,1509
1455,1509
1508,1474
1512,1509
1517,1459
1503,1534
1518,1591
1526,1588
1532,1557
1594,1603
1565,1630
1584,1643
1642,1617
1644,1620
1627,1664
1668,1629
1683,1657
1696,1686
1720,1688
1681,1684
1653,1719
1644,1662
1687,1688
1703,1688
1713,1696
1673,1695
1702,1629
1722,1659
1702,1660
1702,1648
1706,1675
1716,1660
1693,1667
1681,1648
1736,1635
1671,1640
1637,1664
1642,1603
1572,1582
1624,1604
1599,1597
1574,1553
1576,1561
1577,1552
1620,1537
1518,1491
1533,1502
1492,1476
1441,1475
1490,1424
1516,1446
1419,1431
1448,1445
1419,1413
1449,1396
1440,1448
1384,1388
1424,1388
1432,1443
1397,1428
1393,1406
1392,1417
1357,1411
1399,1419
1406,1428
1405,1445
1379,1465
1376,1442
1471,1394
1431,1406
1410,1448
1472,1478
1451,1507
1456,1454
1423,1464
1503,1514
1491,1540
1508,1527
1520,1522
1477,1536
1530,1511
1545,1577
1517,1621
1529,1587
1583,1566
1592,1599
1569,1617
1659,1616
1640,1647
1609,1662
1662,1650
1638,1653
1683,1632
1661,1647
1704,1690
1692,1728
1722,1674
1661,1695
1726,1683
1697,1634
1689,1676
1723,1705
1735,1669
1724,1694
1688,1666
1658,1723
1667,1641
1718,1644
1649,1673
1648,1656
1693,1647
1632,1611
1652,1625
1619,1607
1611,1594
1612,1589
1557,1588
1551,1522
1603,1504
1624,1530
1504,1497
1497,1481
1558,1497
1510,1482
1537,1454
1461,1435
1435,1467
1429,1405
1448,1457
1426,1397
1494,1433
1386,1411
1382,1423
1398,1358
1367,1433
1418,1412
1393,1453
1400,1450
1413,1387
1383,1420
1410,1406
1414,1448
1393,1460
1398,1448
1378,1473
1442,1474
1395,1470
1418,1509
1437,1504
1518,1475
1481,1485
1447,1517
1467,1533
1517,1507
1513,1533
1484,1563
1521,1587
1526,1569
1560,1540
1557,1565
1586,1613
1572,1629
1623,1633
1636,1649
1635,1637
1647,1655
1673,1631
1643,1685
1639,1676
1666,1646
1649,1671
1677,1685
1687,1668
1719,1673
1710,1674
1722,1703
1671,1658
1719,1684
1755,1724
1712,1681
1725,1633
1677,1680
1674,1633
1674,1647
1677,1637
1678,1633
1627,1587
1674,1636
1623,1565
1609,1579
1601,1575
1654,1584
1559,1555
1559,1552
1600,1526
1494,1522
1508,1538
1511,1500
1471,1484
1514,1480
1501,1481
1485,1460
1463,1479
1419,1491
1434,1408
1425,1450
1440,1410
1448,1397
1405,1438
1365,1419
1401,1411
1405,1388
1388,1414
1400,1434
1376,1407
1344,1421
1417,1440
1403,1461
1431,1416
1404,1415
1399,1478
1456,1408
1432,1460
1448,1515
1477,1489
1474,1474
1448,1489
1486,1487
1510,1528
1516,1535
1562,1541
1526,1534
1519,1561
1585,1571
1555,1612
1575,1628
1545,1568
1588,1654
1596,1630
1566,1639
1629,1649
1699,1681
1642,1701
1699,1655
1653,1665
1747,1692
1713,1687
1709,1699
1691,1661
1738,1689
1706,1684
1720,1680
1676,1669
1726,1684
1686,1653
1708,1675
1686,1631
1710,1666
1667,1602
1672,1658
1642,1628
1653,1632
1653,1585
1657,1539
1584,1564
1574,1608
1603,1573
1579,1574
1587,1553
1561,1549
1486,1521
1483,1532
1514,1530
1466,1518
1497,1444
1517,1503
1484,1423
1514,1455
1398,1419
1445,1478
1399,1404
1451,1422
1390,1433
1428,1431
1396,1434
1354,1412
1376,1403
1415,1410
1329,1404
1369,1394
1386,1411
1427,1398
1369,1439
1389,1417
1436,1472
1400,1421
1419,1462
1416,1483
1442,1486
1459,1491
1473,1449
1502,1505
1475,1521
1506,1524
1546,1545
1523,1559
1562,1537
1521,1625
1585,1592
1607,1591
1519,1610
1619,1655
1586,1614
1604,1611
1641,1657
1634,1635
1662,1653
1663,1672
1694,1674
1618,1680
1722,1646
1699,1693
1746,1685
1701,1692
1692,1711
1656,1652
1688,1675
1720,1697
1697,1715
1708,1651
1674,1688
1654,1707
1663,1660
1670,1715
1679,1656
1662,1621
1677,1620
1687,1644
1634,1608
1610,1619
1611,1587
1603,1590
1591,1538
1568,1529
1536,1526
1521,1495
1511,1503
1469,1513
1525,1508
1510,1477
1504,1502
1498,1454
1470,1471
1454,1444
1431,1447
1419,1406
1445,1403
1394,1412
1452,1420
1419,1444
1394,1396
1447,1433
1383,1450
1387,1395
1388,1430
1376,1391
1382,1432
1359,1442
1422,1463
1421,1432
1400,1464
1439,1465
1443,1472
1449,1458
1431,1498
1529,1465
1491,1509
1465,1534
1493,1508
1505,1552
1503,1530
1544,1596
1503,1563
1559,1613
1531,1595
1549,1626
1586,1609
1604,1616
1660,1579
1664,1663
1629,1649
1683,1626
1668,1692
1665,1658
1687,1701
1702,1666
1733,1677
1705,1647
1670,1633
1699,1682
1743,1669
1668,1718
1723,1669
1733,1643
1659,1679
1720,1652
1698,1631
1652,1628
1654,1638
1698,1645
1694,1619
1696,1616
1643,1654
1612,1611
1666,1591
1623,1558
1585,1563
1571,1548
1584,1560
1564,1525
1532,1516
1542,1496
1516,1510
1500,1491
1518,1471
1498,1482
1515,1493
1473,1437
1456,1470
1462,1433
1379,1444
1413,1390
1441,1471
1389,1407
1441,1426
1380,1411
1395,1449
1401,1452
1364,1373
1419,1352
1492,1450
1410,1423
1381,1408
1401,1452
1452,1455
1381,1446
1427,1466
1427,1454
1443,1488
1483,1470
1446,1453
1477,1511
1489,1484
1498,1510
1469,1524
1531,1530
1530,1566
1533,1560
1567,1588
1542,1608
1540,1602
1600,1598
1626,1646
1598,1589
1617,1614
1652,1679
1663,1650
1669,1682
1661,1616
1711,1653
1684,1683
1688,1658
1708,1666
1667,1681
1689,1715
1678,1701
1691,1706
1688,1686
1699,1630
1733,1680
1685,1646
1673,1630
1721,1604
1686,1710
1682,1647
1647,1620
1659,1613
1619,1602
1600,1640
1623,1624
1644,1588
1595,1586
1529,1577
1582,1553
1566,1548
1543,1552
1502,1520
1484,1472
1516,1488
1492,1471
1491,1503
1523,1502
1506,1506
1447,1479
1445,1422
1507,1460
1440,1420
1438,1423
1413,1425
1403,1398
1399,1444
1419,1435
1410,1393
1416,1401
1346,1404
1370,1418
1429,1446
1381,1438
1404,1451
1424,1468
1429,1437
1453,1437
1447,1457
1465,1483
1471,1467
1464,1480
1484,1497
1500,1486
1526,1547
1547,1533
1515,1561
1568,1543
1594,1573
1567,1588
1565,1607
1596,1588
1658,1627
1580,1560
1613,1584
1633,1629
1604,1637
1635,1644
1643,1650
1668,1707
1677,1662
1643,1661
1755,1672
1685,1685
1650,1684
1666,1673
1661,1678
1728,1684
1711,1681
1706,1707
1692,1649
1685,1692
1742,1671
1655,1668
1674,1674
1710,1620
1661,1580
1672,1618
1586,1650
1658,1609
1604,1613
1623,1637
1613,1572
1572,1611
1606,1544
1548,1525
1541,1542
1502,1499
1580,1502
1468,1470
1530,1496
1512,1486
1472,1499
1454,1470
1416,1478
1470,1422
1437,1451
1477,1487
1425,1441
1451,1401
1391,1392
1398,1424
1389,1408
1369,1402
1380,1443
1439,1476
1443,1453
1398,1420
1419,1452
1404,1508
1403,1434
1421,1411
1459,1464
1413,1488
1415,1440
1449,1499
1456,1506
1464,1468
1465,1472
1458,1511
1500,1536
1464,1539
1617,1559
1532,1555
1550,1577
1557,1597
1557,1589
1591,1603
1621,1582
1609,1615
1584,1629
1583,1628
1613,1650
1629,1659
1678,1691
1663,1641
1721,1658
1674,1657
1664,1694
1677,1717
1701,1716
1703,1680
1716,1685
1622,1615
1690,1681
1720,1650
1746,1701
1658,1629
1662,1630
1668,1655
1682,1621
1654,1644
1655,1597
1643,1595
1676,1618
1616,1584
1623,1592
1574,1551
1584,1574
1616,1579
1598,1507
1576,1518
1502,1517
1503,1480
1552,1499
1498,1473
1525,1481
1538,1469
1519,1477
1432,1473
1455,1421
1448,1446
1453,1443
1402,1456
1385,1457
1383,1451
1432,1416
1392,1436
1407,1424
1379,1431
1415,1422
1410,1436
1412,1400
1374,1448
1430,1458
1386,1476
1429,1448
1415,1465
1445,1464
1460,1485
1447,1475
1453,1505
1442,1545
1516,1568
1486,1499
1513,1523
1536,1540
1539,1576
1473,1573
1597,1577
1573,1585
1584,1624
1598,1620
1567,1622
1626,1636
1633,1602
1641,1589
1608,1616
1685,1649
1666,1678
1648,1687
1679,1668
1695,1690
1695,1620
1683,1672
1673,1683
1677,1686
1652,1658
1702,1695
1686,1695
1686,1641
1662,1631
1663,1651
1724,1646
1688,1630
1671,1635
1627,1634
1620,1617
1626,1631
1570,1529
1572,1573
1642,1608
1610,1625
1550,1522
1589,1520
1553,1556
1519,1516
1568,1547
1493,1483
1532,1500
1533,1479
1470,1520
1443,1454
1480,1445
1453,1454
1490,1472
1484,1449
1458,1486
1458,1431
1441,1387
1403,1416
1406,1408
1407,1415
1431,1434
1468,1408
1438,1461
1375,1414
1423,1470
1399,1391
1469,1396
1399,1443
1429,1488
1440,1441
1455,1447
1432,1495
