ch1,ch2
1490,1561
1517,1475
1510,1528
1429,1525
1454,1526
1506,1532
1535,1517
1543,1581
1529,1541
1503,1556
1577,1545
1519,1540
1515,1556
1508,1587
1574,1566
1578,1541
1565,1567
1588,1541
1637,1605
1636,1593
1556,1573
1560,1546
1588,1558
1632,1555
1587,1593
1587,1616
1601,1609
1571,1597
1562,1625
1586,1565
1554,1569
1624,1591
1620,1609
1601,1571
1524,1605
1600,1590
1582,1596
1600,1601
1636,1525
1609,1573
1634,1577
1644,1574
1619,1582
1620,1568
1599,1582
1662,1600
1683,1586
1592,1568
1684,1564
1594,1585
1597,1558
1623,1583
1590,1615
1635,1537
1697,1522
1610,1628
1623,1582
1610,1604
1694,1646
1615,1626
1644,1584
1617,1545
1661,1565
1651,1594
1602,1537
1607,1619
1620,1620
1608,1529
1584,1496
1534,1503
1610,1530
1679,1616
1665,1597
1558,1542
1547,1568
1608,1599
1637,1588
1533,1485
1555,1618
1505,1551
1551,1535
1563,1536
1574,1519
1582,1529
1541,1556
1554,1531
1395,1446
1590,1545
1444,1387
1518,1498
1621,1609
1484,1537
1548,1482
1529,1440
1512,1476
1556,1534
1400,1457
1546,1568
1517,1449
1357,1393
1408,1413
1557,1531
1378,1421
1364,1363
1443,1416
1444,1411
1467,1457
1474,1413
1545,1521
1535,1495
1539,1491
1475,1432
1397,1379
1551,1437
1402,1433
1368,1397
1376,1406
1499,1484
1417,1378
1488,1490
1542,1478
1340,1396
1635,1518
1476,1472
1344,1376
1389,1373
1358,1421
1422,1382
1382,1417
1424,1457
1383,1429
1430,1388
1438,1390
1362,1430
1406,1459
1425,1552
1399,1416
1406,1394
1393,1456
1349,1462
1573,1620
1411,1441
1391,1402
1420,1404
1383,1332
1410,1502
1427,1477
1338,1401
1461,1502
1403,1483
1329,1423
1383,1428
1408,1382
1406,1361
1374,1412
1629,1562
1579,1575
1533,1553
1433,1405
1672,1621
1449,1555
1432,1444
1328,1394
1423,1429
1325,1384
1592,1558
1475,1558
1585,1557
1619,1654
1583,1599
1636,1596
1522,1487
1619,1545
1346,1424
1451,1482
1430,1491
1435,1556
1619,1573
1463,1501
1364,1398
1455,1480
1652,1591
1621,1573
1516,1543
1373,1420
1549,1499
1428,1387
1481,1492
1601,1523
1713,1538
1532,1487
1359,1493
1429,1501
1633,1597
1422,1498
1517,1505
1513,1501
1519,1504
1465,1530
1443,1437
1593,1561
1592,1583
1562,1529
1547,1522
1606,1606
1596,1535
1609,1640
1642,1609
1606,1626
1571,1571
1618,1549
1556,1555
1437,1439
1646,1599
1338,1384
1422,1417
1530,1496
1547,1523
1628,1547
1529,1533
1609,1543
1481,1414
1551,1589
1709,1533
1567,1497
1577,1511
1484,1406
1652,1582
1513,1543
1620,1635
1405,1419
1557,1528
1678,1561
1652,1564
1560,1474
1408,1467
1602,1543
1636,1574
1416,1392
1615,1587
1418,1401
1543,1510
1641,1587
1430,1494
1382,1365
1500,1448
1522,1469
1542,1510
1470,1513
1448,1360
1320,1402
1313,1370
1370,1450
1532,1497
1454,1466
1592,1516
1418,1419
1553,1605
1392,1430
1452,1477
1506,1458
1591,1532
1649,1649
1603,1552
1633,1543
1599,1482
1385,1458
1522,1509
1397,1349
1557,1521
1468,1323
1317,1415
1609,1601
1400,1393
1486,1448
1406,1346
1489,1458
1367,1367
1494,1367
1429,1369
1519,1439
1539,1495
1356,1419
1393,1459
1542,1573
1516,1574
1515,1499
1549,1508
1408,1386
1406,1458
1453,1422
1516,1433
1395,1406
1487,1459
1514,1583
1574,1520
1523,1435
1435,1427
1402,1370
1338,1467
1413,1400
1560,1561
1473,1510
1347,1385
1356,1496
1567,1617
1550,1543
1381,1438
1507,1520
1594,1600
1637,1603
1611,1572
1577,1578
1546,1638
1348,1374
1425,1446
1483,1483
1484,1507
1505,1511
1470,1450
1566,1527
1642,1597
1604,1500
1474,1511
1322,1369
1648,1588
1614,1543
1597,1623
1450,1479
1575,1550
1408,1379
1420,1517
1419,1322
1398,1388
1561,1518
1349,1442
1613,1618
1402,1480
1531,1481
1452,1458
1592,1571
1434,1473
1398,1380
1553,1497
1456,1454
1603,1458
1535,1518
1384,1397
1520,1530
1353,1432
1593,1563
1626,1608
1423,1370
1535,1485
1442,1366
1598,1610
1606,1599
1375,1330
1567,1568
1471,1456
1649,1579
1688,1628
1619,1611
1554,1600
1669,1535
1562,1572
1510,1484
1592,1594
1538,1590
1565,1607
1564,1546
1624,1559
1440,1502
1526,1561
1379,1463
1565,1566
1558,1521
1639,1585
1420,1375
1504,1433
1395,1368
1447,1393
1630,1606
1582,1570
1477,1465
1505,1523
1681,1550
1529,1505
1442,1484
1345,1381
1403,1382
1439,1393
1390,1502
1527,1497
1635,1587
1552,1655
1679,1585
1566,1587
1541,1552
1664,1605
1534,1601
1351,1453
1589,1620
1409,1544
1612,1592
1414,1446
1530,1531
1429,1403
1477,1376
1345,1390
1499,1542
1407,1391
1632,1635
1440,1537
1583,1540
1635,1591
1455,1394
1419,1417
1395,1419
1568,1533
1391,1401
1641,1567
1631,1564
1431,1500
1530,1538
1609,1599
1449,1433
1377,1443
1407,1423
1578,1621
1502,1499
1600,1606
1352,1402
1603,1639
1420,1523
1384,1377
1480,1515
1450,1464
1474,1550
1409,1471
1348,1444
1602,1622
1315,1348
1334,1420
1551,1606
1449,1540
1457,1402
1409,1490
1629,1549
1614,1506
1693,1559
1415,1537
1414,1438
1511,1563
1571,1638
1364,1405
1548,1505
1417,1429
1502,1476
1410,1396
1560,1592
1373,1388
1614,1556
1512,1437
1493,1585
1386,1437
1456,1544
1525,1471
1601,1548
1591,1610
1504,1436
1382,1346
1669,1581
1466,1501
1584,1557
1656,1582
1602,1616
1527,1433
1405,1392
1696,1599
1388,1375
1607,1603
1643,1599
1616,1573
1380,1407
1354,1377
1444,1477
1445,1521
1634,1602
1398,1416
1570,1584
1370,1500
1565,1612
1516,1455
1639,1579
1480,1488
1617,1498
1558,1617
1640,1569
1669,1598
1517,1450
1593,1560
1415,1367
1638,1565
1330,1427
1409,1432
1599,1587
1380,1505
1520,1596
1410,1350
1618,1644
1414,1360
1647,1547
1619,1563
1412,1439
1370,1490
1461,1421
1448,1569
1617,1634
1617,1583
1448,1396
1562,1460
1551,1516
1533,1428
1435,1541
1410,1430
1608,1589
1532,1485
1671,1514
1594,1521
1547,1509
1326,1394
1582,1516
1573,1654
1416,1435
1620,1519
1568,1577
1411,1394
1297,1402
1610,1533
1535,1487
1608,1593
1530,1524
1459,1540
1437,1463
1535,1525
1489,1476
1590,1489
1343,1411
1510,1482
1592,1587
1547,1579
1358,1346
1502,1582
1549,1584
1610,1603
1652,1620
1336,1408
1599,1555
1384,1346
1604,1594
1530,1455
1400,1385
1530,1560
1536,1442
1603,1545
1608,1598
1398,1404
1518,1470
1624,1619
1401,1415
1667,1555
1605,1648
1433,1407
1611,1567
1558,1455
1444,1505
1381,1462
1360,1466
1357,1427
1631,1606
1467,1529
1618,1558
1634,1582
1503,1517
1436,1474
1502,1572
1649,1600
1389,1368
1559,1591
1573,1521
1625,1591
1460,1444
1639,1647
1539,1626
1484,1502
1519,1550
1498,1530
1582,1486
1498,1507
1311,1447
1330,1437
1493,1481
1623,1635
1494,1518
1505,1580
1558,1561
1384,1416
1408,1354
1419,1392
1464,1395
1392,1466
1650,1595
1353,1409
1468,1465
1544,1578
1322,1368
1440,1421
1567,1499
1605,1557
1368,1483
1440,1432
1453,1505
1389,1479
1402,1361
1403,1462
1436,1414
1564,1583
1576,1548
1416,1444
1559,1625
1382,1439
1444,1502
1317,1433
1511,1445
1448,1378
1607,1423
1428,1444
1666,1607
1623,1614
1399,1434
1558,1590
1424,1430
1416,1395
1516,1443
1430,1440
1555,1581
1541,1604
1654,1643
1401,1429
1585,1570
1603,1595
1589,1583
1551,1612
1601,1591
1438,1467
1628,1607
1343,1368
1575,1619
1646,1545
1580,1602
1330,1411
1341,1403
1433,1452
1500,1439
1345,1413
1468,1524
1571,1504
1438,1377
1391,1410
1496,1532
1509,1609
1693,1580
1455,1550
1602,1624
1594,1531
1490,1632
1367,1430
1653,1581
1602,1577
1558,1450
1485,1512
1459,1411
1621,1565
1453,1528
1598,1608
1502,1540
1616,1556
1515,1423
1340,1447
1419,1434
1419,1475
1654,1637
1653,1613
1475,1450
1471,1480
1356,1479
1570,1602
1535,1534
1481,1502
1601,1577
1437,1380
1401,1403
1566,1575
1595,1651
1553,1476
1657,1672
1373,1421
1557,1472
1564,1557
1453,1471
1594,1570
1652,1576
1510,1429
1673,1588
1396,1435
1401,1427
1499,1578
1372,1363
1325,1387
1585,1616
1513,1553
1606,1583
1554,1504
1673,1654
1358,1408
1549,1571
1626,1632
1371,1463
1535,1559
1421,1396
1571,1594
1594,1542
1448,1384
1643,1628
1613,1604
1434,1363
1660,1607
1404,1446
1414,1403
1567,1500
1336,1455
1647,1616
1573,1446
1607,1533
1489,1582
1601,1556
1423,1349
1580,1665
1570,1500
1409,1501
1373,1459
1411,1417
1515,1468
1596,1589
1548,1581
1331,1419
1507,1507
1357,1404
1331,1393
1628,1552
1498,1474
1559,1603
1578,1581
1495,1556
1548,1556
1616,1590
1618,1615
1360,1384
1563,1497
1322,1390
1659,1594
1400,1403
1600,1527
1464,1466
1537,1519
1490,1524
1668,1606
1488,1419
1406,1468
1424,1381
1429,1463
1465,1462
1367,1364
1436,1411
1582,1577
1355,1357
1339,1412
1535,1499
1646,1622
1490,1439
1450,1419
1651,1565
1395,1386
1554,1515
1621,1578
1312,1364
1501,1552
1332,1475
1627,1621
1411,1470
1475,1347
1667,1571
1426,1445
1624,1553
1602,1610
1378,1397
1653,1581
1570,1545
1656,1589
1648,1606
1340,1396
1593,1535
1573,1535
1589,1616
1579,1572
1520,1579
1561,1496
1625,1590
1478,1400
1308,1411
1368,1440
1450,1530
1594,1550
1390,1377
1331,1411
1498,1449
1525,1468
1603,1585
1300,1389
1527,1528
1439,1433
1575,1512
1329,1385
1507,1508
1528,1469
1506,1475
1402,1357
1649,1535
1413,1492
1534,1524
1555,1595
1582,1576
1555,1602
1607,1557
1624,1608
1481,1493
1556,1640
1534,1426
1331,1399
1627,1625
1574,1560
1488,1555
1638,1538
1547,1533
1549,1516
1392,1411
1542,1547
1391,1463
1622,1561
1418,1380
1422,1456
1428,1430
1419,1386
1409,1483
1474,1524
1383,1461
1544,1555
1527,1551
1413,1451
1549,1522
1382,1333
1585,1576
1605,1633
1358,1360
1476,1416
1671,1605
1660,1602
1640,1583
1404,1455
1636,1617
1329,1382
1592,1582
1307,1401
1532,1531
1577,1566
1669,1564
1543,1484
1635,1604
1623,1573
1354,1415
1587,1554
1548,1571
1393,1463
1396,1444
1538,1612
1617,1579
1409,1540
1664,1647
1421,1452
1314,1419
1510,1544
1563,1550
1602,1581
1346,1428
1604,1571
1378,1461
1425,1355
1479,1390
1506,1461
1479,1530
1681,1520
1467,1390
1568,1584
1616,1588
1381,1417
1465,1464
1365,1415
1557,1534
1361,1390
1548,1606
1510,1454
1416,1472
1505,1444
1411,1439
1480,1466
1508,1514
1542,1518
1524,1564
1324,1413
1608,1696
1607,1598
1577,1557
1728,1571
1616,1584
1382,1405
1539,1500
1349,1367
1593,1522
1493,1459
1343,1393
1610,1603
1628,1545
1601,1499
1357,1383
1494,1566
1400,1437
1625,1636
1397,1349
1590,1637
1468,1531
1441,1461
1645,1568
1617,1595
1614,1610
1666,1576
1385,1442
1445,1404
1662,1612
1645,1613
1634,1612
1589,1618
1549,1654
1515,1519
1448,1485
1593,1552
1445,1417
1490,1465
1443,1504
1365,1433
1547,1565
1451,1403
1629,1571
1609,1519
1621,1615
1604,1487
1530,1558
1644,1560
1559,1490
1293,1406
1408,1384
1615,1583
1438,1480
1375,1421
1423,1407
1408,1392
1339,1354
1460,1463
1534,1473
1600,1565
1602,1635
1447,1382
1600,1561
1392,1472
1467,1487
1399,1401
1561,1593
1551,1553
1360,1432
1585,1566
1359,1415
1429,1467
1371,1358
1542,1452
1390,1404
1663,1610
1395,1449
1387,1430
1635,1554
1412,1404
1395,1418
1404,1426
1562,1608
1351,1369
1656,1643
1568,1548
1639,1598
1472,1572
1607,1604
1578,1527
1588,1513
1587,1546
1537,1591
1605,1651
1562,1638
1695,1613
1375,1400
1642,1655
1395,1487
1379,1459
1621,1606
1447,1455
1574,1612
1503,1452
1543,1577
1463,1457
1597,1530
1610,1652
1358,1407
1400,1437
1453,1427
1394,1434
1457,1488
1511,1455
1510,1504
1676,1606
1558,1527
1474,1473
1468,1407
1472,1434
1697,1615
1634,1611
1351,1432
1353,1408
1528,1563
1507,1471
1520,1465
1630,1578
1662,1603
1527,1504
1637,1586
1674,1563
1652,1613
1376,1407
1383,1408
1389,1503
1604,1681
1412,1495
1440,1421
1617,1557
1490,1530
1407,1432
1508,1564
1542,1550
1586,1621
1489,1477
1502,1453
1639,1624
1495,1498
1455,1497
1502,1544
1484,1597
1439,1458
1460,1442
1644,1666
1590,1581
1609,1620
1342,1375
1401,1455
1635,1577
1613,1527
1691,1592
1467,1456
1557,1535
1497,1484
1375,1460
1353,1409
1486,1509
1667,1606
1565,1570
1416,1428
1504,1450
1468,1517
1596,1516
1393,1377
1451,1509
1428,1545
1376,1415
1545,1504
1618,1482
1611,1563
1485,1521
1343,1396
1566,1510
1477,1438
1423,1447
1365,1342
1421,1423
1350,1389
1612,1620
1402,1443
1524,1591
1498,1490
1584,1554
1395,1417
1721,1615
1650,1619
1592,1479
1581,1478
1473,1452
1606,1514
1495,1600
1405,1428
1629,1580
1396,1409
1504,1571
1384,1365
1476,1575
1476,1535
1578,1609
1488,1444
1678,1508
1586,1554
1336,1444
1651,1628
1452,1393
1660,1618
1392,1385
1424,1393
1609,1525
1630,1644
1462,1419
1563,1482
1614,1634
1617,1518
1669,1543
1587,1620
1359,1445
1467,1445
1553,1464
1457,1516
1394,1413
1440,1435
1385,1423
1410,1427
1591,1524
1617,1615
1403,1440
1367,1408
1435,1518
1575,1640
1383,1391
1577,1544
1435,1442
1397,1366
1456,1451
1584,1526
1565,1544
1390,1469
1640,1606
1595,1611
1416,1430
1404,1500
1634,1581
1714,1607
1573,1638
1414,1449
1725,1599
1601,1566
1519,1500
1677,1594
1593,1519
1656,1614
1528,1551
1448,1426
1543,1545
1432,1415
1482,1418
1486,1507
1466,1462
1611,1612
1395,1483
1386,1431
1553,1588
1505,1463
1550,1467
1607,1578
1492,1491
1527,1561
1430,1524
1430,1416
1279,1385
1415,1378
1482,1356
1410,1455
1578,1564
1385,1353
1591,1598
1328,1436
1520,1492
1697,1583
1658,1618
1435,1414
1447,1400
1578,1559
1368,1457
1588,1512
1460,1421
1311,1432
1528,1548
1427,1535
1372,1412
1461,1410
1331,1393
1649,1598
1526,1472
1479,1470
1467,1428
1664,1584
1490,1442
1345,1410
1393,1416
1671,1622
1576,1603
1507,1577
1399,1456
1556,1590
1507,1470
1317,1383
1599,1621
1499,1524
1619,1624
1378,1384
1321,1421
1540,1597
1362,1397
1582,1609
1611,1536
1435,1483
1685,1531
1373,1405
1461,1409
1468,1441
1444,1525
1496,1526
1606,1609
1496,1508
1534,1478
1633,1643
1660,1537
1378,1436
1624,1592
1505,1505
1621,1521
1271,1415
1435,1486
1549,1561
1312,1361
1452,1431
1672,1596
1407,1432
1574,1549
1665,1605
1337,1344
1474,1412
1518,1498
1407,1394
1595,1529
1611,1621
1640,1620
1651,1588
1395,1408
1429,1505
1546,1553
1553,1624
1606,1564
1617,1532
1455,1466
1605,1613
1338,1405
1361,1368
1506,1480
1666,1610
1630,1581
1646,1634
1341,1411
1650,1539
1399,1360
1381,1367
1387,1365
1552,1520
1415,1421
1458,1419
1541,1507
1468,1427
1388,1390
1344,1393
1351,1375
1501,1518
1490,1471
1599,1568
1511,1565
1501,1480
1661,1577
1409,1446
1392,1381
1335,1401
1421,1410
1630,1603
1629,1617
1556,1544
1630,1592
1488,1407
1615,1527
1409,1455
1523,1500
1383,1412
1591,1612
1371,1476
1353,1389
1630,1558
1419,1409
1659,1590
1361,1372
1483,1548
1383,1376
1636,1517
1582,1590
1561,1521
1530,1478
1626,1594
1379,1422
1381,1467
1552,1578
1392,1379
1442,1424
1626,1569
1390,1357
1332,1390
1474,1608
1551,1622
1520,1603
1390,1410
1375,1436
1392,1362
1653,1617
1564,1560
1394,1441
1640,1630
1698,1596
1379,1468
1586,1506
1575,1490
1621,1584
1415,1385
1611,1577
1395,1399
1543,1576
1520,1431
1634,1593
1350,1399
1502,1545
1405,1475
1531,1574
1485,1460
1508,1547
1603,1592
1353,1357
1418,1396
1594,1589
1627,1537
1668,1634
1578,1626
1419,1432
1380,1447
1534,1515
1509,1568
1349,1347
1586,1530
1640,1601
1332,1404
1593,1586
1313,1422
1669,1598
1633,1627
1486,1567
1587,1525
1615,1588
1680,1632
1475,1482
1571,1590
1617,1593
1379,1378
1619,1578
1392,1374
1438,1404
1594,1597
1550,1596
1376,1404
1660,1619
1501,1453
1488,1608
1674,1580
1519,1510
1514,1510
1343,1438
1367,1385
1577,1628
1333,1433
1393,1332
1410,1387
1426,1456
1395,1490
1355,1432
1573,1548
1545,1544
1427,1435
1615,1603
1548,1575
1654,1657
1346,1418
1615,1564
1543,1541
1585,1613
1406,1381
1517,1534
1388,1419
1364,1407
1627,1620
1465,1417
1514,1573
1375,1451
1433,1572
1457,1393
1617,1595
1361,1490
1416,1386
1416,1371
1656,1616
1572,1490
1395,1421
1591,1631
1654,1574
1515,1505
1423,1451
1400,1442
1411,1481
1548,1519
1637,1542
1335,1367
1602,1654
1642,1601
1363,1365
1655,1591
1628,1570
1534,1560
1350,1444
1574,1543
1579,1588
1586,1578
1560,1553
1362,1467
1519,1487
1644,1545
1414,1409
1447,1463
1589,1623
1655,1634
1397,1394
1529,1492
1380,1439
1404,1440
1584,1553
1574,1578
1457,1492
1466,1455
1574,1516
1339,1373
1532,1423
1346,1452
1591,1523
1486,1457
1417,1458
1541,1615
1480,1473
1623,1564
1592,1488
1636,1590
1398,1401
1352,1353
1461,1559
1636,1604
1606,1521
1371,1433
1344,1431
1361,1405
1609,1642
1347,1412
1369,1442
1620,1540
1588,1518
1473,1500
1498,1391
1642,1595
1468,1499
1399,1416
1370,1383
1463,1493
1613,1582
1592,1514
1334,1412
1486,1527
1606,1590
1523,1460
1676,1621
1578,1590
1685,1596
1574,1592
1424,1411
1342,1401
1346,1449
1434,1434
1512,1525
1646,1636
1447,1507
1387,1484
1270,1381
1532,1468
1619,1581
1419,1441
1518,1547
1548,1533
1410,1393
1554,1597
1543,1466
1659,1580
1447,1371
1510,1452
1540,1527
1296,1423
1359,1445
1418,1403
1437,1420
1410,1461
1337,1371
1341,1406
1602,1577
1473,1385
1557,1501
1656,1592
1619,1591
1430,1518
1523,1422
1426,1446
1378,1444
1558,1557
1365,1402
1379,1368
1612,1529
1440,1450
1612,1586
1506,1510
1571,1578
1607,1626
1601,1541
1521,1473
1617,1560
1471,1552
1500,1508
1577,1489
1355,1438
1471,1451
1605,1652
1428,1451
1634,1603
1451,1377
1297,1332
1592,1560
1483,1442
1515,1462
1386,1374
1483,1448
1438,1580
1509,1525
1548,1621
1659,1648
1711,1621
1307,1469
1468,1411
1349,1390
1452,1423
1449,1437
1507,1556
1327,1391
1448,1481
1526,1569
1442,1407
1398,1401
1582,1541
1455,1520
1574,1604
1507,1464
1417,1447
1360,1438
1352,1378
1613,1525
1580,1623
1577,1602
1572,1503
1561,1531
1363,1496
1419,1427
1486,1534
1359,1377
1371,1422
1489,1467
1554,1587
1370,1411
1449,1409
1460,1454
1718,1593
1350,1373
1518,1478
1378,1383
1353,1421
1530,1575
1403,1447
1588,1473
1573,1459
1395,1426
1607,1604
1395,1432
1603,1563
1392,1431
1470,1517
1455,1407
1647,1659
1491,1520
1559,1556
1475,1409
1556,1533
1627,1615
1433,1453
1689,1617
1422,1413
1531,1550
1397,1399
1452,1356
1368,1428
1518,1519
1668,1605
1378,1362
1493,1478
1586,1522
1579,1609
1589,1589
1529,1532
1437,1465
1405,1482
1465,1421
1551,1585
1394,1405
1524,1594
1607,1581
1532,1475
1624,1593
1664,1599
1493,1504
1563,1546
1566,1595
1396,1408
1643,1577
1590,1588
1488,1405
1671,1649
1424,1405
1626,1572
1370,1465
1506,1507
1645,1564
1520,1580
1614,1647
1421,1491
1434,1499
1352,1397
1357,1398
1515,1528
1607,1562
1426,1446
1393,1385
1538,1505
1402,1402
1639,1629
1370,1403
1433,1421
1618,1608
1493,1561
1540,1488
1539,1456
1575,1531
1471,1408
1399,1465
1545,1496
1503,1544
1426,1446
1665,1554
1541,1568
1477,1520
1649,1613
1558,1457
1501,1461
1663,1602
1618,1580
1552,1599
1646,1603
1569,1557
1561,1613
1422,1421
1666,1613
1467,1381
1489,1390
1539,1554
1615,1590
1548,1608
1555,1478
1612,1625
1600,1574
1529,1589
1551,1518
1541,1527
1562,1616
1493,1474
1486,1561
1603,1604
1583,1535
1527,1508
1626,1504
1498,1518
1447,1441
1508,1485
1569,1599
1626,1631
1411,1492
1629,1596
1381,1436
1617,1614
1395,1389
1414,1492
1338,1480
1457,1508
1550,1523
1507,1517
1363,1428
1414,1499
1479,1579
1607,1648
1551,1582
1385,1406
1606,1550
1450,1503
1507,1456
1415,1466
1665,1608
1511,1556
1615,1572
1643,1620
1577,1586
1513,1498
1397,1462
1647,1584
1644,1572
1645,1579
1493,1548
1541,1499
1328,1357
1432,1441
1409,1407
1614,1530
1630,1583
1522,1423
1417,1484
1567,1444
1564,1477
1615,1620
1605,1592
1569,1605
1638,1629
1601,1554
1522,1418
1365,1458
1548,1599
1337,1413
1545,1515
1499,1549
1581,1593
1353,1467
1608,1621
1654,1576
1466,1540
1527,1522
1581,1551
1375,1468
1583,1602
1419,1482
1392,1373
1574,1489
1595,1525
1326,1363
1471,1542
1400,1396
1438,1526
1472,1432
1394,1489
1590,1561
1637,1595
1549,1519
1632,1583
1510,1533
1367,1436
1538,1536
1359,1467
1603,1633
1652,1619
1374,1408
1605,1574
1622,1579
1660,1571
1577,1524
1375,1438
1467,1435
1364,1373
1507,1451
1344,1404
1407,1429
1476,1457
1433,1443
1361,1409
1552,1497
1438,1549
1340,1459
1446,1404
1392,1423
1402,1517
1484,1515
1603,1548
1512,1502
1637,1571
1544,1499
1471,1468
1433,1439
1372,1445
1584,1565
1589,1588
1412,1451
1549,1605
1639,1627
1454,1539
1425,1400
1453,1398
1442,1447
1638,1598
1335,1411
1493,1431
1546,1524
1660,1531
1549,1563
1503,1497
1415,1497
1400,1418
1418,1394
1354,1388
1432,1496
1641,1581
1603,1538
1375,1452
1571,1658
1621,1575
1604,1605
1659,1592
1399,1502
1592,1614
1635,1540
1408,1354
1407,1393
1357,1346
1487,1475
1654,1568
1373,1410
1534,1535
1564,1500
1378,1419
1577,1614
1382,1422
1525,1533
1535,1519
1339,1423
1512,1469
1617,1531
1429,1429
1422,1421
1349,1425
1442,1510
1472,1523
1421,1456
1690,1530
1383,1514
1575,1608
1435,1414
1539,1491
1425,1373
1558,1612
1683,1611
1565,1553
1635,1541
1399,1362
1634,1650
1632,1574
1412,1546
1457,1461
1612,1604
1371,1385
1439,1538
1406,1508
1539,1634
1467,1376
1422,1444
1552,1498
1613,1625
1620,1567
1452,1461
1479,1426
1625,1581
1607,1550
1605,1544
1521,1534
1641,1606
1601,1583
1425,1460
1445,1392
1573,1501
1395,1414
1586,1579
1571,1581
1357,1380
1637,1636
1453,1416
1426,1422
1408,1410
1350,1415
1443,1472
1409,1425
1586,1529
1379,1374
1348,1371
1534,1522
1582,1577
1430,1437
1363,1350
1586,1614
1395,1413
1568,1507
1379,1401
1470,1473
1344,1502
1415,1378
1493,1548
1388,1409
1581,1496
1587,1595
1564,1488
1406,1453
1483,1434
1666,1536
1483,1555
1432,1445
1437,1474
1586,1563
1297,1405
1562,1479
1605,1586
1465,1513
1423,1465
1550,1523
1386,1446
1614,1670
1596,1514
1654,1592
1661,1616
1523,1509
1635,1554
1615,1561
1617,1539
1418,1435
1436,1475
1603,1609
1509,1494
1659,1603
1401,1383
1631,1624
1423,1452
1501,1468
1577,1613
1600,1613
1631,1523
1383,1441
1443,1427
1680,1564
1642,1642
1575,1599
1601,1609
1643,1555
1420,1433
1391,1403
1571,1553
1391,1403
1564,1613
1597,1550
1560,1502
1594,1576
1581,1610
1599,1612
1626,1590
1374,1448
1473,1526
1428,1489
1645,1579
1545,1591
1570,1511
1452,1454
1367,1424
1582,1553
1364,1417
1384,1406
1519,1466
1431,1463
1458,1440
1407,1480
1400,1379
1439,1447
1472,1447
1519,1584
1343,1442
1569,1574
1409,1443
1663,1573
1519,1460
1495,1470
1408,1376
1563,1616
1473,1505
1384,1375
1552,1550
1542,1563
1455,1378
1480,1504
1429,1451
1410,1466
1473,1586
1357,1430
1573,1515
1635,1576
1641,1599
1498,1493
1411,1362
1397,1427
1430,1369
1582,1590
1674,1560
1354,1490
1527,1642
1434,1408
1440,1449
1601,1586
1411,1453
1541,1463
1507,1471
1343,1426
1410,1413
1539,1604
1643,1601
1404,1367
1553,1512
1391,1418
1505,1505
1382,1365
1419,1428
1558,1600
1450,1384
1363,1428
1653,1586
1549,1524
1455,1460
1530,1538
1491,1425
1369,1426
1438,1459
1392,1420
1562,1573
1417,1461
1422,1512
1404,1480
1464,1466
1353,1398
1562,1568
1357,1450
1567,1611
1590,1504
1533,1443
1432,1445
1429,1460
1487,1550
1509,1477
1553,1524
1597,1596
1537,1496
1578,1584
1353,1420
1590,1591
1647,1581
1608,1614
1403,1420
1600,1607
1509,1424
1554,1560
1416,1404
1607,1625
1412,1411
1585,1548
1492,1521
1629,1561
1627,1584
1656,1513
1439,1445
1542,1537
1617,1583
1359,1413
1601,1523
1521,1546
1381,1425
1412,1476
1556,1571
1592,1543
1438,1471
1497,1549
1405,1514
1548,1529
1614,1581
1398,1410
1414,1470
1518,1400
1637,1547
1412,1552
1600,1569
1533,1624
1374,1422
1679,1590
1643,1535
1351,1425
1357,1379
1536,1510
1442,1550
1349,1422
1441,1471
1554,1654
1396,1429
1513,1542
1591,1577
1435,1428
1436,1401
1452,1416
1586,1550
1536,1538
1514,1527
1466,1411
1572,1558
1495,1465
1388,1394
1398,1363
1374,1405
1518,1587
1584,1606
1529,1443
1550,1566
1512,1442
1551,1438
1467,1490
1616,1580
1574,1608
1594,1533
1458,1403
1590,1552
1582,1600
1480,1529
1373,1344
1386,1422
1631,1559
1398,1467
1395,1367
1393,1452
1472,1470
1445,1444
1472,1456
1648,1469
1626,1585
1520,1571
1607,1558
1368,1420
1494,1494
1594,1577
1415,1525
1623,1538
1503,1494
1529,1515
1421,1520
1465,1382
1473,1558
1585,1544
1594,1580
1508,1543
1558,1507
1401,1434
1606,1590
1346,1383
1452,1462
1498,1488
1513,1617
1492,1530
1332,1417
1481,1491
1367,1398
1395,1417
1504,1531
1550,1554
1574,1575
1388,1407
1616,1548
1634,1519
1682,1611
1619,1512
1529,1409
1504,1522
1359,1419
1563,1564
1422,1487
1628,1628
1388,1441
1534,1546
1642,1564
1534,1519
1545,1565
1432,1502
1455,1448
1386,1375
1381,1411
1578,1539
1416,1415
1462,1435
1569,1515
1578,1541
1591,1619
1313,1403
1457,1434
1474,1555
1411,1456
1416,1473
1481,1512
1456,1446
1335,1444
1386,1438
1354,1433
1506,1505
1421,1451
1586,1644
1444,1484
1561,1503
1577,1551
1574,1516
1556,1531
1469,1459
1388,1431
1426,1393
1398,1390
1390,1473
1509,1525
1518,1581
1342,1450
1562,1474
1604,1621
1396,1454
1596,1557
1488,1451
1487,1438
1632,1584
1684,1565
1575,1593
1481,1518
1367,1442
1460,1621
1611,1595
1392,1424
1404,1402
1480,1465
1363,1432
1620,1568
1488,1459
1485,1503
1390,1511
1563,1474
1460,1564
1390,1417
1396,1447
1522,1608
1501,1581
1419,1411
1627,1592
1379,1456
1514,1474
1686,1520
1519,1557
1465,1448
1599,1587
1411,1471
1419,1470
1570,1589
1570,1612
1618,1552
1520,1553
1499,1491
1534,1547
1418,1385
1525,1570
1616,1597
1638,1558
1403,1461
1525,1559
1563,1508
1530,1547
1460,1444
1326,1389
1559,1441
1404,1433
1457,1453
1586,1548
1555,1564
1610,1533
1409,1417
1446,1460
1513,1577
1483,1559
1557,1611
1598,1614
1431,1409
1516,1528
1338,1484
1595,1512
1469,1506
1369,1405
1503,1484
1354,1395
1605,1517
1605,1521
1399,1424
1462,1432
1496,1485
1402,1447
1652,1534
1544,1546
1644,1565
1359,1358
1553,1537
1539,1619
1503,1498
1413,1401
1440,1399
1426,1424
1403,1458
1559,1614
1602,1645
1615,1478
1547,1557
1445,1367
1570,1536
1494,1457
1636,1562
1360,1484
1446,1452
1542,1501
1541,1474
1389,1434
1385,1433
1615,1584
1403,1440
1480,1480
1445,1362
1407,1384
1618,1498
1603,1606
1588,1553
1452,1461
1419,1493
1604,1570
1535,1576
1416,1544
1604,1593
1607,1543
1569,1579
1582,1488
1566,1562
1369,1430
1616,1618
1608,1553
1458,1492
1568,1568
1537,1612
1389,1438
1499,1567
1426,1419
1607,1549
1581,1471
1665,1597
1569,1607
1475,1418
1509,1481
1422,1411
1487,1496
1389,1407
1637,1567
1577,1524
1508,1576
1430,1460
1553,1600
1580,1612
1582,1527
1627,1619
1520,1573
1404,1404
1493,1469
1559,1503
1360,1463
1613,1566
1397,1448
1666,1589
1346,1382
1399,1431
1543,1560
1467,1491
1426,1433
1573,1578
1512,1517
1637,1608
1388,1441
1604,1588
1587,1582
1636,1553
1541,1512
1467,1467
1511,1549
1508,1496
1561,1465
1600,1486
1460,1465
1606,1565
1600,1573
1443,1469
1378,1364
1568,1568
1632,1625
1441,1484
1341,1416
1381,1425
1452,1503
1516,1465
1435,1455
1591,1605
1620,1545
1557,1557
1596,1660
1462,1467
1609,1580
1471,1478
1479,1556
1403,1412
1611,1573
1508,1567
1590,1533
1467,1536
1537,1508
1616,1560
1622,1587
1494,1527
1500,1416
1552,1550
1462,1414
1345,1410
1467,1527
1600,1526
1520,1552
1542,1492
1463,1415
1553,1469
1580,1592
1559,1526
1616,1630
1483,1408
1552,1583
1385,1393
1465,1474
1554,1582
1562,1622
1563,1537
1575,1509
1432,1420
1546,1565
1429,1398
1616,1564
1615,1537
1564,1585
1611,1598
1573,1524
1613,1625
1563,1496
1580,1538
1399,1439
1499,1454
1548,1561
1550,1561
1602,1514
1591,1628
1408,1446
1428,1420
1497,1518
1474,1503
1512,1542
1461,1452
1570,1493
1580,1614
1361,1423
1636,1599
1396,1453
1460,1539
1566,1572
1579,1594
1562,1544
1459,1420
1390,1453
1549,1528
1440,1533
1633,1556
1559,1525
1489,1514
1323,1440
1555,1516
1445,1412
1457,1462
1409,1442
1597,1608
1469,1457
1593,1558
1402,1458
1520,1569
1464,1548
1405,1538
1657,1599
1426,1407
1694,1545
1455,1481
1485,1417
1440,1409
1464,1532
1433,1472
1518,1598
1350,1365
1424,1405
1650,1540
1386,1495
1439,1470
1451,1383
1563,1551
1614,1557
1359,1423
1318,1417
1413,1439
1582,1625
1630,1567
1551,1568
1394,1397
1623,1537
1492,1405
1558,1615
1394,1451
1556,1588
1536,1452
1618,1552
1428,1442
1551,1571
1485,1483
1482,1545
1394,1458
1584,1580
1580,1552
1574,1567
1558,1527
1587,1598
1417,1486
1551,1459
1574,1562
1461,1508
1391,1457
1508,1456
1530,1390
1450,1423
1547,1534
1557,1511
1453,1477
1525,1576
1378,1400
1609,1556
1598,1525
1598,1590
1399,1448
1621,1603
1370,1431
1452,1438
1478,1440
1625,1555
1451,1449
1417,1437
1604,1525
1518,1517
1502,1447
1446,1466
1583,1557
1562,1584
1509,1449
1491,1401
1427,1402
1461,1475
1587,1593
1584,1525
1555,1569
1359,1425
1507,1428
1490,1441
1406,1491
1456,1430
1578,1583
1628,1576
1483,1387
1531,1468
1509,1481
1423,1420
1603,1560
1504,1447
1476,1524
1438,1422
1385,1353
1567,1504
1413,1482
1573,1519
1595,1591
1629,1564
1328,1445
1549,1562
1598,1561
1466,1520
1361,1464
1400,1430
1444,1487
1496,1453
1416,1410
1381,1394
1439,1484
1394,1412
1472,1381
1359,1458
1603,1571
1474,1456
1403,1421
1618,1557
1485,1554
1477,1433
1559,1503
1567,1575
1573,1521
1562,1583
1586,1636
1528,1534
1569,1505
1572,1562
1400,1471
1412,1415
1506,1457
1453,1431
1399,1460
1465,1457
1585,1599
1555,1519
1589,1599
1564,1542
1643,1584
1495,1539
1621,1574
1557,1501
1365,1408
1445,1417
1556,1495
1436,1468
1405,1392
1550,1487
1353,1389
1488,1524
1441,1422
1456,1555
1572,1535
1591,1568
1637,1600
1447,1449
1556,1550
1451,1504
1619,1543
1573,1538
1543,1534
1515,1500
1385,1488
1600,1552
1641,1568
1508,1515
1509,1533
1410,1443
1563,1500
1547,1561
1458,1467
1561,1480
1576,1558
1569,1560
1637,1557
1445,1394
1597,1587
1474,1531
1409,1381
1404,1341
1665,1567
1522,1489
1501,1540
1635,1608
1565,1599
1489,1502
1603,1587
1415,1411
1570,1565
1430,1458
1387,1501
1411,1418
1393,1433
1548,1514
1585,1553
1438,1388
1618,1564
1562,1575
1407,1421
1602,1554
1446,1471
1445,1452
1447,1499
1604,1586
1484,1446
1489,1465
1576,1573
1665,1530
1550,1575
1420,1468
1412,1441
1576,1571
1508,1504
1417,1444
1540,1570
1585,1524
1414,1422
1560,1516
1487,1477
1390,1414
1400,1406
1498,1468
1608,1561
1554,1538
1461,1421
1433,1496
1510,1422
1407,1458
1450,1386
1637,1522
1462,1456
1396,1433
1600,1526
1625,1563
1580,1547
1538,1607
1511,1492
1452,1439
1526,1592
1430,1476
1599,1579
1429,1396
1617,1560
1584,1551
1524,1482
1469,1476
1429,1400
1409,1449
1489,1505
1585,1431
1407,1485
1607,1544
1567,1521
1518,1554
1553,1564
1486,1502
1499,1394
1396,1416
1569,1516
1483,1438
1397,1499
1593,1580
1538,1494
1412,1423
1656,1598
1386,1399
1555,1522
1535,1559
1644,1579
1444,1406
1541,1540
1456,1404
1477,1481
1584,1532
1604,1588
1595,1528
1445,1503
1586,1593
1589,1581
1590,1610
1507,1454
1419,1412
1505,1524
1419,1513
1433,1417
1435,1460
1566,1545
1629,1556
1606,1570
1596,1543
1498,1488
1476,1510
1523,1494
1510,1460
1413,1480
1598,1542
1558,1520
1451,1489
1627,1528
1511,1522
1495,1443
1616,1590
1508,1431
1503,1532
1580,1559
1381,1405
1614,1654
1549,1511
1428,1461
1418,1404
1580,1516
1600,1616
1526,1547
1647,1619
1583,1523
1454,1484
1532,1588
1471,1477
1411,1447
1572,1578
1431,1473
1405,1427
1463,1434
1499,1482
1512,1473
1368,1456
1450,1425
1526,1512
1537,1484
1618,1563
1537,1572
1364,1461
1537,1510
1536,1526
1506,1509
1371,1444
1569,1530
1614,1567
1592,1580
1480,1490
1608,1594
1564,1581
1595,1572
1556,1474
1349,1394
1571,1554
1636,1561
1562,1532
1585,1543
1630,1583
1504,1509
1619,1538
1582,1612
1441,1466
1466,1404
1372,1420
1469,1505
1604,1600
1638,1555
1515,1502
1529,1486
1430,1437
1572,1602
1617,1557
1349,1376
1641,1543
1506,1543
1349,1374
1465,1444
1358,1415
1440,1454
1565,1418
1411,1379
1471,1553
1546,1581
1377,1436
1486,1459
1624,1629
1594,1473
1586,1531
1458,1514
1548,1567
1568,1560
1598,1566
1434,1446
1559,1567
1654,1575
1447,1545
1391,1411
1429,1478
1365,1420
1487,1528
1415,1403
1467,1396
1384,1432
1549,1546
1556,1491
1561,1490
1461,1466
1414,1457
1622,1636
1610,1583
1424,1496
1447,1477
1405,1382
1457,1517
1588,1553
1595,1569
1427,1434
1616,1578
1551,1530
1560,1557
1424,1458
1427,1534
1547,1610
1428,1579
1546,1521
1545,1558
1595,1565
1436,1478
1453,1468
1415,1453
1577,1562
1418,1536
1451,1417
1464,1489
1623,1513
1515,1541
1478,1431
1636,1586
1444,1472
1554,1479
1545,1583
1524,1474
1471,1438
1379,1397
1455,1461
1522,1564
1407,1458
1404,1492
1496,1545
1433,1424
1599,1573
1572,1547
1392,1459
1607,1504
1385,1385
1392,1423
1553,1520
1482,1526
1481,1425
1567,1466
1582,1578
1489,1509
1443,1542
1382,1443
1631,1563
1471,1463
1499,1474
1619,1545
1643,1562
1591,1558
1401,1426
1584,1609
1456,1427
1448,1414
1383,1370
1412,1439
1528,1501
1424,1444
1415,1377
1497,1477
1553,1575
1441,1383
1437,1451
1380,1421
1410,1433
1505,1607
1398,1414
1507,1521
1489,1533
1368,1419
1608,1521
1514,1491
1475,1472
1358,1441
1470,1481
1345,1375
1439,1453
1392,1455
1532,1567
1546,1557
1580,1469
1565,1591
1590,1533
1606,1588
1405,1390
1505,1493
1417,1447
1606,1524
1579,1561
1599,1546
1479,1546
1424,1431
1385,1429
1571,1508
1632,1556
1619,1523
1457,1435
1612,1601
1532,1520
1582,1553
1354,1452
1348,1418
1576,1603
1540,1516
1522,1512
1432,1464
1355,1434
1476,1487
1403,1456
1585,1561
1404,1404
1575,1558
1586,1549
1539,1544
1622,1569
1404,1408
1488,1497
1531,1426
1421,1522
1502,1436
1382,1475
1422,1490
1587,1530
1538,1496
1625,1650
1601,1580
1634,1638
1592,1544
1533,1550
1482,1593
1420,1487
1439,1441
1433,1453
1392,1456
1502,1541
1377,1401
1579,1549
1406,1448
1481,1475
1539,1571
1547,1553
1599,1615
1560,1558
1565,1570
1579,1535
1650,1554
1363,1385
1420,1438
1379,1434
1549,1536
1573,1553
1445,1502
1391,1454
1558,1543
1434,1420
1601,1588
1467,1396
1461,1514
1525,1480
1537,1542
1496,1493
1341,1461
1578,1585
1428,1504
1623,1526
1574,1595
1554,1598
1421,1480
1358,1389
1553,1478
1418,1476
1437,1437
1446,1513
1612,1599
1374,1362
1618,1553
1412,1450
1477,1471
1542,1490
1620,1605
1534,1510
1432,1442
1497,1439
1575,1519
1414,1468
1506,1547
1500,1469
1469,1471
1446,1439
1594,1613
1663,1561
1549,1546
1512,1458
1493,1487
1483,1427
1431,1510
1600,1543
1367,1441
1476,1445
1609,1615
1613,1589
1526,1580
1512,1460
1651,1554
1649,1586
1489,1440
1439,1493
1604,1613
1494,1415
1470,1539
1569,1614
1377,1454
1463,1439
1375,1502
1648,1585
1378,1452
1569,1580
1476,1465
1480,1500
1414,1425
1463,1477
1622,1607
1399,1503
1584,1568
1431,1498
1372,1421
1692,1577
1404,1433
1438,1477
1393,1371
1552,1515
1411,1405
1445,1392
1543,1472
1373,1441
1488,1468
1351,1414
1497,1413
1528,1539
1541,1483
1371,1447
1524,1528
1553,1505
1558,1571
1362,1433
1456,1453
1603,1482
1597,1537
1529,1525
1392,1453
1393,1400
1559,1511
1427,1492
1415,1443
1430,1434
1408,1407
1370,1483
1443,1440
1525,1542
1516,1428
1449,1496
1396,1454
1428,1405
1585,1473
1551,1550
1481,1463
1427,1474
1594,1536
1437,1520
1476,1470
1437,1412
1430,1442
1546,1547
1564,1553
1636,1553
1446,1425
1466,1467
1558,1553
1386,1532
1531,1521
1564,1562
1559,1574
1457,1479
1474,1523
1509,1524
1606,1584
1598,1538
1566,1587
1475,1402
1549,1536
1416,1401
1400,1432
1506,1463
1408,1526
1436,1401
1588,1563
1667,1563
1413,1429
1646,1590
1481,1514
1340,1467
1400,1366
1403,1468
1417,1428
1462,1437
1417,1462
1553,1541
1522,1509
1550,1527
1435,1475
1460,1426
1575,1593
1487,1528
1535,1482
1424,1481
1433,1481
1415,1443
1486,1472
1399,1503
1506,1498
1363,1415
1454,1414
1494,1547
1377,1439
1383,1425
1543,1560
1612,1616
1400,1467
1376,1439
1431,1420
1562,1529
1609,1562
1601,1553
1402,1367
1504,1524
1615,1544
1435,1443
1358,1380
1562,1547
1414,1497
1537,1448
1491,1556
1463,1493
1406,1453
1349,1449
1459,1422
1515,1539
1554,1544
1550,1592
1562,1555
1384,1404
1482,1533
1387,1473
1499,1492
1566,1572
1521,1592
1548,1537
1622,1592
1436,1420
1543,1570
1500,1475
1576,1527
1608,1547
1587,1596
1442,1484
1603,1565
1510,1541
1426,1446
1517,1489
1610,1621
1598,1548
1612,1518
1415,1467
1498,1506
1399,1384
1442,1458
1580,1567
1556,1549
1658,1519
1354,1373
1396,1421
1552,1561
1632,1557
1629,1629
1603,1654
1455,1416
1429,1406
1565,1525
1504,1512
1563,1545
1582,1615
1416,1402
1619,1649
1421,1492
1389,1424
1413,1410
1562,1584
1478,1445
1557,1510
1451,1496
1442,1442
1429,1375
1359,1459
1450,1406
1512,1488
1499,1491
1501,1405
1428,1417
1573,1553
1551,1567
1421,1491
1492,1445
1610,1539
1552,1468
1405,1436
1592,1521
1553,1587
1554,1495
1578,1584
1597,1578
1401,1490
1443,1412
1531,1583
1535,1468
1528,1546
1512,1461
1401,1399
1507,1455
1413,1492
1462,1481
1618,1529
1525,1545
1497,1512
1506,1503
1609,1617
1378,1389
1500,1422
1513,1524
1629,1590
1403,1453
1617,1612
1397,1440
1522,1532
1523,1481
1604,1595
1489,1435
1382,1476
1618,1569
1531,1567
1361,1454
1599,1568
1411,1437
1526,1512
1570,1598
1469,1409
1485,1491
1548,1539
1407,1398
1578,1581
1471,1511
1548,1513
1486,1559
1360,1477
1609,1562
1552,1510
1405,1441
1583,1563
1429,1442
1497,1514
1540,1541
1504,1514
1462,1422
1390,1394
1457,1504
1639,1540
1387,1460
1464,1438
1406,1452
1410,1463
1562,1540
1384,1463
1387,1461
1426,1502
1479,1471
1498,1544
1470,1525
1517,1517
1586,1528
1566,1557
1494,1527
1541,1537
1410,1418
1401,1428
1533,1572
1484,1529
1593,1571
1546,1553
1449,1434
1623,1584
1412,1411
1389,1478
1570,1627
1357,1395
1577,1508
1484,1487
1512,1528
1599,1572
1406,1422
1426,1462
1394,1439
1427,1407
1436,1433
1533,1505
1600,1568
1449,1443
1526,1519
1525,1537
1592,1492
1535,1462
1413,1410
1462,1487
1526,1515
1550,1536
1495,1560
1475,1541
1413,1470
1484,1554
1363,1444
1502,1559
1483,1422
1427,1361
1483,1479
1676,1570
1380,1428
1446,1399
1545,1556
1610,1563
1472,1434
1565,1557
1588,1535
1593,1497
1589,1544
1364,1348
1582,1581
1619,1561
1395,1440
1482,1514
1481,1429
1563,1557
1407,1419
1595,1535
1633,1578
1470,1464
1555,1536
1466,1434
1405,1415
1401,1439
1462,1390
1452,1436
1593,1596
1610,1551
1508,1584
1528,1571
1530,1514
1432,1431
1435,1452
1547,1526
1386,1452
1460,1433
1522,1574
1535,1499
1620,1537
1402,1414
1426,1472
1435,1513
1594,1593
1373,1423
1366,1449
1450,1528
1431,1437
1437,1441
1383,1474
1449,1540
1442,1421
1331,1384
1544,1495
1561,1546
1457,1474
1467,1412
1490,1565
1457,1453
1465,1413
1420,1485
1399,1389
1613,1610
1423,1385
1551,1549
1379,1446
1409,1457
1432,1408
1387,1396
1452,1469
1485,1428
1433,1463
1399,1393
1421,1491
1491,1442
1518,1556
1419,1413
1486,1430
1502,1583
1428,1429
1632,1573
1579,1611
1515,1540
1528,1519
1481,1490
1511,1487
1377,1393
1505,1600
1546,1517
1620,1592
1484,1516
1633,1552
1415,1496
1584,1516
1595,1644
1560,1577
1478,1414
1483,1494
1549,1488
1441,1430
1518,1476
1424,1467
1608,1555
1369,1428
1407,1413
1493,1510
1640,1552
1603,1512
1510,1537
1480,1428
1642,1563
1405,1406
1481,1394
1556,1511
1445,1468
1510,1540
1377,1516
1394,1458
1411,1391
1609,1552
1472,1433
1515,1608
1390,1394
1375,1407
1521,1459
1475,1500
1518,1471
1540,1539
1588,1538
1469,1487
1641,1584
1613,1537
1471,1489
1545,1577
1442,1477
1422,1460
1414,1437
1631,1559
1589,1640
1402,1447
1420,1482
1608,1551
1599,1530
1498,1547
1403,1380
1546,1534
1526,1533
1427,1486
1543,1533
1537,1561
1559,1474
1405,1426
1540,1423
1313,1459
1556,1496
1394,1421
1580,1599
1492,1513
1595,1615
1407,1514
1427,1446
1423,1523
1431,1462
1392,1436
1591,1566
1557,1514
1458,1461
1555,1509
1407,1434
1509,1511
1605,1597
1600,1506
1461,1488
1568,1529
1656,1572
1430,1475
1409,1399
1612,1559
1476,1513
1489,1460
1358,1415
1631,1605
1574,1525
1550,1616
1544,1475
1651,1585
1425,1499
1605,1523
1451,1428
1640,1594
1496,1504
1492,1467
1422,1431
1524,1541
1484,1403
1517,1491
1538,1508
1564,1525
1564,1512
1407,1412
1607,1554
1394,1434
1390,1407
1492,1564
1586,1549
1462,1457
1388,1445
1555,1571
1579,1537
1452,1488
1377,1384
1610,1505
1411,1433
1464,1474
1456,1549
1491,1503
1603,1600
1423,1377
1407,1398
1499,1415
1394,1444
1291,1373
1533,1507
1553,1538
1470,1461
1482,1464
1435,1499
1630,1627
1355,1471
1401,1429
1567,1526
1578,1614
1426,1399
1551,1495
1401,1441
1367,1433
1679,1594
1368,1390
1515,1550
1496,1574
1625,1553
1416,1443
1608,1565
1517,1499
1562,1567
1415,1448
1399,1444
1527,1456
1398,1435
1426,1433
1427,1432
1439,1459
1468,1523
1622,1544
1548,1560
1585,1569
1376,1438
1620,1627
1465,1416
1371,1423
1555,1530
1589,1569
1473,1442
1549,1596
1624,1621
1572,1601
1498,1536
1662,1542
1452,1508
1429,1482
1505,1526
1572,1585
1522,1583
1445,1478
1423,1442
1650,1538
1423,1504
1513,1480
1475,1457
1566,1515
1471,1465
1603,1607
1431,1414
1626,1560
1626,1592
1466,1439
1457,1423
1436,1454
1481,1480
1557,1554
1348,1425
1575,1539
1522,1492
1435,1443
1555,1533
1551,1553
1589,1534
1427,1485
1613,1573
1509,1535
1433,1484
1672,1561
1604,1562
1358,1418
1450,1385
1582,1561
1611,1559
1384,1465
1323,1481
1366,1403
1422,1420
1412,1401
1574,1556
1529,1512
1648,1594
1410,1446
1586,1562
1456,1496
1526,1534
1395,1417
1511,1467
1424,1449
1580,1532
1465,1474
1540,1591
1587,1525
1467,1380
1534,1564
1411,1505
1393,1470
1454,1517
1372,1423
1567,1554
1427,1489
1537,1574
1608,1587
1405,1447
1546,1593
1487,1461
1514,1461
1491,1460
1406,1453
1432,1452
1516,1596
1487,1497
1473,1571
1580,1513
1394,1376
1520,1533
1576,1560
1603,1576
1425,1459
1291,1436
1435,1450
1347,1342
1467,1481
1495,1518
1572,1505
1580,1445
1585,1487
1542,1489
1561,1500
1488,1442
1518,1486
1453,1409
1372,1494
1564,1624
1512,1534
1621,1548
1481,1468
1473,1549
1314,1372
1618,1556
1555,1592
1545,1591
1610,1578
1429,1386
1532,1535
1346,1420
1578,1572
1529,1539
1615,1530
1530,1541
1564,1503
1634,1584
1557,1557
1392,1404
1560,1537
1594,1631
1565,1499
1462,1422
1573,1536
1368,1404
1475,1476
1461,1477
1443,1526
1411,1445
1381,1451
1631,1573
1528,1579
1586,1572
1406,1399
1369,1362
1384,1421
1515,1470
1584,1566
1479,1549
1500,1488
1651,1575
1438,1407
1581,1585
1467,1430
1434,1448
1380,1449
1346,1457
1430,1475
1563,1522
1472,1496
1599,1604
1492,1411
1502,1543
1535,1491
1433,1427
1544,1504
1354,1430
1579,1466
1438,1499
1609,1588
1421,1425
1651,1533
1527,1600
1406,1444
1437,1447
1573,1606
1646,1586
1559,1594
1443,1393
1577,1591
1432,1490
1595,1631
1446,1480
1413,1506
1562,1599
1427,1493
1613,1608
1377,1430
1414,1399
1554,1510
1370,1356
1397,1378
1591,1575
1603,1574
1362,1387
1583,1511
1524,1432
1487,1436
1397,1418
1559,1571
1349,1390
1565,1496
1629,1581
1592,1548
1553,1564
1466,1486
1540,1574
1476,1505
1354,1425
1628,1615
1416,1417
1592,1612
1589,1580
1471,1414
1536,1486
1574,1543
1508,1496
1654,1568
1537,1586
1413,1423
1658,1536
1441,1357
1597,1620
1519,1600
1566,1588
1568,1540
1358,1438
1570,1449
1425,1464
1438,1468
1391,1372
1565,1506
1449,1405
1397,1446
1441,1492
1362,1396
1527,1486
1683,1588
1537,1530
1568,1598
1524,1478
1443,1505
1436,1512
1547,1568
1674,1529
1406,1435
1350,1460
1539,1605
1489,1476
1524,1605
1401,1455
1667,1598
1602,1592
1372,1484
1371,1407
1505,1451
1545,1627
1532,1516
1557,1540
1478,1478
1421,1530
1520,1639
1392,1491
1600,1531
1439,1431
1476,1504
1516,1540
1528,1490
1415,1420
1627,1582
1374,1403
1488,1560
1622,1590
1383,1359
1580,1494
1629,1588
1419,1459
1627,1569
1529,1504
1611,1564
1350,1445
1491,1493
1453,1524
1530,1507
1587,1622
1408,1421
1451,1512
1432,1369
1395,1424
1412,1371
1557,1543
1509,1502
1454,1478
1604,1532
1407,1447
1476,1546
1300,1392
1672,1623
1619,1538
1415,1500
1580,1526
1463,1453
1537,1553
1502,1472
1411,1391
1547,1467
1666,1582
1642,1587
1374,1514
1515,1558
1388,1427
1384,1521
1610,1594
1448,1463
1366,1389
1562,1566
1431,1399
1528,1562
1635,1603
1575,1569
1377,1417
1572,1591
1581,1618
1397,1508
1422,1440
1581,1533
1567,1491
1420,1490
1441,1461
1573,1564
1516,1486
1548,1561
1452,1458
1604,1578
1361,1431
1617,1576
1401,1425
1639,1584
1532,1477
1597,1588
1528,1450
1425,1514
1550,1499
1521,1456
1621,1497
1503,1518
1406,1369
1388,1444
1439,1459
1621,1562
1397,1445
1416,1403
1426,1470
1471,1461
1445,1381
1444,1477
1395,1435
1559,1463
1494,1547
1584,1595
1355,1412
1607,1607
1392,1439
1423,1450
1501,1449
1562,1516
1432,1494
1404,1414
1348,1356
1498,1455
1613,1636
1520,1525
1538,1427
1379,1376
1425,1430
1368,1358
1503,1474
1651,1561
1516,1552
1585,1522
1609,1608
1503,1497
1350,1439
1536,1502
1615,1522
1551,1560
1418,1433
1371,1402
1343,1482
1536,1530
1404,1387
1484,1489
1536,1548
1377,1442
1437,1393
1642,1614
1555,1558
1450,1422
1381,1431
1605,1598
1385,1439
1549,1490
1389,1507
1526,1559
1573,1537
1668,1541
1567,1570
1413,1407
1331,1413
1506,1485
1511,1501
1646,1604
1559,1614
1580,1587
1340,1500
1568,1572
1567,1546
1330,1383
1552,1593
1557,1518
1420,1425
1551,1539
1407,1465
1417,1433
1605,1640
1603,1639
1407,1446
1483,1502
1587,1572
1565,1570
1393,1425
1585,1597
1568,1626
1590,1561
1565,1489
1413,1380
1588,1516
1374,1472
1450,1495
1638,1581
1477,1458
1574,1468
1423,1416
1610,1550
1377,1391
1365,1432
1507,1485
1389,1465
1473,1531
1445,1386
1451,1493
1631,1541
1368,1409
1435,1414
1361,1343
1408,1461
1502,1486
1392,1378
1551,1552
1533,1527
1455,1447
1447,1524
1460,1469
1590,1538
1522,1493
1559,1572
1592,1522
1521,1473
1558,1572
1583,1550
1432,1396
1575,1570
1617,1530
1450,1427
1623,1559
1552,1509
1413,1451
1378,1477
1549,1580
1595,1513
1554,1520
1401,1381
1365,1405
1554,1526
1393,1517
1407,1390
1383,1411
1360,1413
1500,1465
1561,1543
1403,1436
1432,1446
1593,1624
1390,1401
1435,1474
1625,1569
1632,1608
1660,1588
1529,1592
1375,1492
1591,1538
1400,1431
1412,1492
1469,1420
1393,1415
1541,1544
1619,1538
1601,1611
1544,1504
1559,1606
1466,1571
1494,1553
1640,1570
1501,1502
1433,1473
1350,1515
1642,1608
1392,1359
1504,1410
1469,1410
1581,1581
1486,1503
1549,1557
1496,1491
1683,1644
1424,1397
1545,1633
1482,1398
1354,1352
1630,1535
1514,1551
1396,1368
1626,1560
1363,1435
1393,1431
1666,1541
1312,1362
1422,1461
1329,1424
1675,1640
1657,1566
1565,1505
1537,1474
1625,1601
1625,1557
1670,1566
1480,1497
1424,1487
1319,1384
1391,1414
1468,1497
1417,1429
1514,1507
1450,1430
1653,1580
1620,1558
1441,1462
1387,1397
1418,1378
1672,1573
1610,1585
1599,1556
1577,1493
1534,1503
1601,1598
1405,1456
1612,1511
1599,1586
1557,1530
1485,1414
1365,1416
1396,1395
1635,1421
1548,1547
1601,1594
1600,1588
1363,1430
1536,1479
1358,1406
1522,1510
1384,1449
1368,1509
1397,1412
1648,1620
1567,1575
1348,1451
1458,1393
1548,1508
1420,1488
1437,1468
1600,1591
1391,1378
1385,1423
1355,1395
1431,1397
1431,1434
1628,1574
1622,1615
1516,1511
1600,1564
1650,1573
1644,1568
1488,1476
1703,1592
1577,1581
1424,1363
1533,1466
1578,1633
1589,1610
1572,1575
1428,1364
1557,1567
1421,1480
1458,1467
1397,1438
1480,1433
1531,1540
1617,1535
1452,1414
1602,1628
1637,1563
1508,1445
1440,1476
1400,1456
1380,1442
1420,1415
1615,1483
1422,1397
1429,1471
1359,1419
1598,1609
1578,1513
1597,1555
1623,1595
1642,1567
1399,1343
1471,1482
1428,1367
1633,1652
1340,1448
1428,1487
1428,1383
1350,1391
1526,1640
1520,1404
1355,1396
1671,1596
1475,1338
1448,1522
1399,1441
1592,1565
1631,1595
1334,1465
1621,1619
1573,1557
1423,1416
1577,1580
1509,1533
1470,1397
1540,1593
1546,1575
1595,1511
1581,1570
1384,1441
1446,1450
1545,1537
1373,1376
1520,1551
1344,1447
1606,1577
1533,1510
1342,1352
1413,1497
1336,1371
1373,1456
1578,1581
1564,1597
1352,1350
1479,1408
1616,1549
1396,1362
1643,1647
1320,1428
1558,1598
1564,1522
1629,1486
1449,1518
1387,1441
1463,1426
1304,1373
1444,1461
1625,1634
1446,1454
1491,1566
1577,1604
1665,1527
1381,1424
1643,1577
1530,1471
1390,1497
1412,1396
1539,1599
1565,1548
1422,1420
1671,1626
1618,1619
1628,1585
1551,1422
1411,1503
1611,1640
1459,1462
1647,1569
1371,1344
1430,1520
1581,1590
1524,1526
1623,1615
1323,1442
1622,1608
1549,1490
1484,1473
1554,1523
1621,1479
1372,1387
1367,1379
1561,1590
1626,1593
1509,1487
1437,1477
1469,1457
1553,1601
1653,1597
1336,1408
1628,1549
1534,1545
1580,1534
1508,1501
1638,1573
1641,1600
1583,1644
1499,1495
1588,1610
1414,1370
1606,1657
1341,1457
1586,1552
1425,1435
1354,1369
1540,1488
1533,1626
1389,1443
1377,1479
1579,1589
1531,1546
1603,1624
1593,1605
1561,1571
1439,1460
1650,1600
1435,1398
1544,1582
1551,1579
1549,1542
1559,1626
1378,1411
1496,1430
1511,1436
1660,1605
1366,1393
1652,1605
1346,1476
1431,1373
1387,1364
1392,1368
1637,1546
1539,1548
1366,1377
1409,1464
1378,1392
1456,1476
1460,1505
1387,1384
1602,1633
1430,1465
1506,1429
1549,1578
1343,1400
1528,1442
1423,1390
1485,1465
1413,1463
1616,1637
1637,1608
1366,1435
1624,1581
1489,1473
1523,1561
1643,1580
1382,1387
1383,1412
1574,1599
1377,1373
1601,1579
1615,1662
1516,1583
1620,1608
1583,1520
1504,1461
1526,1589
1372,1426
1617,1625
1537,1502
1428,1370
1582,1595
1466,1444
1488,1537
1566,1485
1522,1591
1456,1525
1520,1621
1489,1550
1599,1549
1641,1568
1626,1627
1616,1627
1378,1391
1592,1537
1527,1561
1419,1418
1460,1479
1610,1613
1388,1431
1363,1459
1634,1568
1518,1419
1447,1561
1620,1617
1362,1484
1510,1505
1366,1439
1526,1529
1412,1334
1593,1567
1596,1577
1455,1531
1456,1397
1644,1611
1437,1418
1556,1566
1408,1397
1512,1421
1594,1525
1607,1614
1505,1445
1520,1600
1465,1516
1568,1598
1576,1607
1488,1467
1408,1413
1353,1437
1324,1436
1440,1377
1392,1412
1537,1547
1645,1587
1405,1489
1636,1618
1548,1518
1471,1448
1679,1573
1549,1515
1343,1445
1616,1559
1441,1419
1470,1522
1600,1594
1436,1470
1465,1427
1478,1540
1586,1543
1601,1596
1456,1477
1628,1596
1379,1433
1351,1413
1591,1639
1385,1411
1649,1550
1604,1602
1391,1453
1627,1674
1530,1489
1587,1520
1541,1535
1640,1605
1548,1586
1353,1358
1478,1473
1420,1439
1299,1407
1666,1587
1335,1414
1595,1590
1559,1531
1392,1380
1371,1452
1345,1393
1423,1424
1449,1387
1559,1518
1387,1457
1600,1600
1606,1525
1393,1390
1405,1405
1409,1377
1432,1429
1411,1405
1622,1524
1370,1414
1584,1529
1675,1582
1652,1577
1601,1616
1573,1600
1469,1520
1444,1438
1665,1620
1652,1615
1445,1469
1512,1542
1645,1646
1382,1397
1446,1434
1567,1531
1468,1428
1602,1617
1469,1452
1537,1498
1540,1562
1480,1441
1517,1509
1510,1542
1467,1437
1491,1526
1539,1522
1627,1578
1431,1433
1628,1637
1361,1461
1419,1427
1530,1552
1525,1524
1352,1430
1591,1583
1653,1603
1538,1554
1630,1552
1661,1594
1425,1398
1518,1549
1474,1516
1578,1519
1352,1407
1645,1603
1541,1461
1454,1435
1362,1469
1466,1416
1567,1629
1647,1521
1458,1480
1610,1632
1450,1480
1362,1406
1367,1442
1588,1570
1552,1516
1667,1623
1378,1417
1576,1648
1442,1435
1405,1461
1594,1611
1563,1626
1553,1606
1362,1374
1473,1409
1350,1422
1394,1381
1448,1390
1534,1596
1386,1436
1381,1375
1431,1456
1622,1639
1471,1460
1522,1550
1334,1423
1617,1591
1657,1531
1614,1549
1488,1438
1513,1479
1425,1443
1470,1484
1475,1414
1389,1449
1303,1379
1456,1437
1664,1615
1502,1604
1448,1512
1403,1380
1695,1564
1485,1480
1615,1542
1501,1482
1610,1575
1316,1397
1515,1589
1397,1556
1423,1497
1584,1521
1569,1592
1373,1362
1326,1347
1612,1605
1600,1563
1386,1377
1305,1398
1621,1645
1525,1531
1612,1628
1610,1565
1635,1603
1619,1513
1606,1586
1587,1619
1396,1408
1594,1614
1672,1561
1600,1532
1415,1512
1376,1353
1525,1443
1413,1474
1463,1428
1560,1521
1558,1513
1439,1401
1566,1478
1565,1550
1418,1456
1669,1612
1358,1426
1612,1677
1495,1497
1439,1501
1620,1561
1591,1613
1429,1472
1660,1661
1370,1397
1629,1576
1431,1512
1570,1586
1607,1603
1467,1462
1373,1404
1652,1616
1454,1516
1533,1575
1605,1595
1571,1554
1655,1671
1564,1579
1656,1600
1569,1598
1432,1483
1418,1372
1345,1332
1417,1520
1634,1599
1679,1605
1401,1492
1619,1608
1479,1500
1638,1575
1559,1555
1565,1589
1650,1601
1378,1361
1641,1562
1656,1555
1671,1580
1471,1377
1453,1419
1583,1598
1520,1554
1465,1420
1511,1617
1349,1406
1399,1455
1655,1648
1649,1623
1330,1417
1441,1443
1390,1408
1362,1396
1398,1446
1404,1417
1413,1386
1681,1609
1352,1386
1390,1401
1442,1429
1558,1514
1505,1482
1435,1541
1624,1546
1602,1590
1368,1388
1583,1585
1602,1655
1411,1402
1586,1580
1376,1380
1511,1412
1376,1366
1331,1460
1355,1443
1341,1497
1684,1582
1431,1512
1447,1464
1588,1650
1635,1574
1386,1364
1397,1375
1509,1601
1367,1366
1669,1599
1476,1474
1414,1393
1606,1636
1645,1540
1360,1411
1396,1462
1491,1546
1570,1547
1399,1399
1627,1481
1615,1605
1382,1392
1523,1477
1631,1608
1631,1647
1491,1458
1392,1405
1350,1437
1422,1357
1523,1514
1645,1590
1377,1385
1638,1628
1344,1358
1569,1474
1397,1469
1549,1490
1332,1398
1634,1603
1385,1438
1325,1444
1423,1452
1465,1394
1613,1629
1405,1395
1596,1542
1413,1448
1415,1486
1412,1426
1663,1635
1490,1465
1628,1635
1320,1442
1581,1532
1383,1406
1497,1415
1604,1563
1444,1422
1487,1496
1454,1506
1468,1387
1597,1585
1667,1594
1589,1535
1428,1445
1590,1590
1381,1376
1502,1418
1481,1465
1621,1596
1524,1555
1458,1515
1344,1387
1327,1354
1608,1624
1461,1503
1353,1419
1621,1612
1435,1422
1645,1627
1334,1409
1656,1621
1401,1415
1567,1544
1508,1557
1339,1391
1600,1589
1445,1488
1562,1639
1631,1564
1340,1424
1395,1403
1504,1477
1517,1512
1478,1580
1401,1452
1384,1421
1596,1585
1595,1610
1416,1485
1651,1582
1453,1450
1571,1508
1623,1629
1582,1541
1368,1376
1465,1539
1640,1628
1627,1547
1700,1623
1411,1444
1611,1534
1656,1601
1391,1393
1532,1465
1526,1523
1545,1570
1383,1465
1634,1561
1605,1565
1481,1571
1343,1400
1498,1457
1510,1562
1586,1636
1399,1468
1466,1429
1330,1396
1541,1579
1544,1425
1591,1618
1403,1367
1540,1479
1374,1486
1539,1503
1386,1463
1423,1354
1449,1528
1599,1575
1361,1410
1366,1423
1364,1379
1496,1414
1377,1483
1685,1590
1601,1577
1377,1443
1529,1509
1477,1469
1464,1482
1525,1504
1582,1578
1493,1614
1637,1664
1622,1593
1355,1354
1466,1436
1599,1568
1633,1580
1333,1441
1680,1595
1498,1520
1335,1383
1572,1570
1623,1620
1575,1577
1424,1532
1378,1352
1518,1603
1682,1626
1654,1618
1449,1456
1564,1543
1609,1581
1456,1463
1462,1415
1536,1623
1463,1469
1626,1549
1477,1487
1516,1543
1470,1444
1387,1485
1355,1386
1288,1418
1340,1366
1607,1607
1665,1592
1625,1566
1416,1497
1620,1552
1590,1614
1614,1598
1468,1426
1503,1493
1569,1538
1474,1497
1607,1558
1654,1578
1687,1629
1346,1350
1633,1628
1471,1430
1454,1466
1628,1526
1603,1500
1594,1625
1594,1480
1590,1564
1596,1603
1345,1360
1596,1585
1354,1414
1418,1422
1479,1536
1373,1403
1371,1432
1352,1393
1493,1425
1369,1407
1558,1467
1643,1510
1398,1409
1591,1599
1445,1458
1629,1614
1505,1481
1545,1489
1479,1424
1658,1579
1373,1442
1557,1525
1365,1465
1417,1373
1541,1475
1674,1597
1445,1435
1402,1439
1644,1611
1520,1562
1370,1399
1627,1645
1554,1511
1455,1428
1677,1593
1522,1452
1395,1405
1683,1610
1615,1625
1659,1603
1619,1587
1485,1487
1528,1532
1570,1594
1497,1563
1580,1524
1584,1587
1518,1550
1589,1589
1583,1499
1377,1467
1646,1677
1384,1406
1474,1530
1524,1471
1703,1599
1459,1415
1554,1538
1386,1400
1560,1488
1373,1476
1464,1451
1534,1487
1464,1407
1332,1370
1404,1347
1400,1449
1382,1518
1350,1450
1410,1480
1608,1548
1481,1466
1511,1522
1574,1561
1339,1404
1566,1535
1519,1538
1484,1442
1609,1604
1370,1356
1625,1574
1415,1435
1443,1462
1611,1549
1344,1443
1617,1617
1451,1400
1443,1400
1645,1623
1401,1397
1406,1352
1573,1522
1530,1532
1585,1605
1567,1523
1514,1482
1503,1531
1600,1596
1553,1540
1512,1437
1393,1365
1610,1567
1419,1405
1325,1447
1639,1538
1358,1427
1671,1649
1432,1427
1608,1554
1393,1421
1481,1501
1495,1466
1583,1582
1364,1392
1384,1527
1466,1480
1471,1508
1648,1626
1448,1494
1623,1605
1564,1461
1398,1407
1445,1418
1571,1542
1429,1468
1367,1352
1632,1575
1554,1577
1510,1512
1441,1479
1423,1506
1609,1565
1572,1589
1520,1520
1370,1353
1663,1642
1415,1412
1680,1631
1503,1498
1431,1499
1677,1686
1432,1448
1628,1568
1325,1392
1670,1605
1489,1486
1498,1469
1385,1445
1569,1575
1335,1447
1420,1372
1597,1516
1392,1350
1351,1359
1446,1450
1624,1567
1462,1491
1559,1622
1579,1551
1530,1616
1382,1410
1657,1554
1358,1485
1576,1484
1347,1383
1629,1641
1358,1420
1587,1579
1448,1469
1513,1465
1520,1551
1441,1529
1377,1377
1417,1384
1617,1574
1532,1510
1384,1363
1639,1606
1450,1491
1412,1416
1649,1576
1651,1642
1366,1429
1428,1492
1477,1578
1619,1633
1643,1597
1600,1615
1284,1387
1509,1597
1363,1458
1319,1380
1396,1425
1608,1603
1569,1610
1483,1524
1375,1442
1387,1388
1514,1513
1585,1631
1629,1509
1684,1628
1581,1608
1414,1446
1376,1424
1545,1550
1653,1641
1591,1525
1401,1381
1375,1425
1429,1469
1350,1383
1656,1601
1344,1421
1436,1484
1623,1575
1623,1571
1506,1498
1411,1405
1523,1483
1680,1663
1385,1341
1595,1561
1641,1588
1346,1419
1410,1418
1362,1424
1524,1456
1435,1341
1545,1501
1387,1466
1354,1371
1511,1606
1628,1657
1529,1513
1517,1513
1547,1512
1556,1474
1416,1465
1461,1381
1669,1640
1369,1452
1502,1448
1397,1386
1326,1382
1457,1493
1621,1589
1328,1408
1429,1522
1412,1418
1668,1598
1471,1518
1681,1593
1589,1558
1396,1438
1627,1550
1392,1438
1566,1528
1385,1414
1491,1429
1397,1492
1624,1625
1455,1518
1584,1520
1362,1362
1600,1588
1363,1334
1387,1331
1622,1619
1588,1597
1380,1392
1336,1349
1653,1597
1379,1445
1593,1604
1646,1630
1344,1410
1519,1460
1536,1478
1549,1541
1344,1482
1457,1454
1326,1408
1652,1571
1609,1599
1347,1370
1623,1593
1353,1363
1638,1594
1422,1487
1455,1472
1361,1364
1597,1607
1595,1594
1641,1643
1668,1542
1669,1558
1380,1434
1555,1531
1490,1528
1495,1531
1564,1614
1628,1594
1640,1573
1472,1478
1460,1414
1350,1499
1449,1512
1367,1403
1541,1548
1463,1459
1423,1427
1569,1571
1529,1481
1654,1616
1515,1544
1602,1581
1584,1553
1503,1523
1637,1627
1411,1381
1533,1489
1539,1575
1457,1406
1317,1484
1627,1552
1574,1538
1498,1529
1457,1500
1616,1553
1350,1378
1610,1585
1640,1576
1566,1560
1375,1419
1528,1527
1411,1397
1585,1596
1526,1560
1404,1440
1466,1457
1565,1451
1607,1595
1352,1405
1441,1500
1388,1455
1307,1389
1600,1638
1636,1574
1446,1542
1409,1427
1600,1609
1590,1562
1629,1634
1402,1476
1391,1495
1428,1578
1483,1555
1606,1606
1547,1631
1345,1383
1390,1415
1567,1573
1325,1422
1357,1365
1346,1358
1454,1452
1430,1384
1358,1449
1500,1538
1620,1592
1621,1598
1643,1556
1367,1370
1354,1434
1614,1645
1455,1514
1423,1467
1516,1472
1320,1363
1453,1433
1490,1508
1473,1446
1617,1539
1420,1435
1387,1537
1386,1340
1441,1480
1628,1593
1455,1514
1616,1595
1566,1462
1436,1460
1515,1550
1634,1558
1635,1617
1331,1426
1394,1499
1404,1417
1582,1622
1626,1588
1400,1485
1589,1637
1417,1479
1597,1526
1519,1540
1481,1419
1324,1397
1580,1576
1444,1379
1568,1581
1472,1425
1468,1423
1515,1479
1388,1463
1551,1478
1334,1386
1336,1422
1538,1515
1541,1575
1521,1560
1606,1603
1480,1571
1364,1352
1643,1617
1352,1376
1479,1435
1571,1539
1516,1491
1572,1564
1465,1398
1540,1509
1411,1446
1611,1609
1463,1499
1558,1597
1560,1548
1428,1373
1397,1432
1505,1412
1654,1616
1635,1569
1429,1446
1609,1560
1455,1512
1552,1501
1494,1524
1539,1487
1577,1526
1422,1469
1536,1495
1358,1381
1630,1565
1368,1373
1384,1470
1634,1567
1421,1437
1433,1437
1638,1580
1634,1579
1616,1634
1402,1410
1514,1446
1561,1594
1466,1496
1521,1551
1617,1529
1633,1621
1644,1652
1417,1448
1515,1554
1679,1627
1588,1561
1637,1644
1598,1581
1572,1582
1671,1610
1352,1338
1480,1449
1410,1413
1452,1416
1396,1408
1324,1397
1386,1476
1577,1527
1641,1605
1460,1464
1376,1452
1562,1614
1359,1352
1395,1354
1499,1499
1483,1501
1420,1499
1582,1505
1411,1366
1558,1579
1331,1390
1365,1481
1406,1468
1649,1646
1471,1474
1429,1421
1552,1543
1448,1494
1491,1540
1473,1450
1393,1380
1471,1564
1434,1359
1500,1500
1533,1524
1378,1385
1586,1608
1586,1524
1509,1444
1675,1626
1606,1621
1529,1542
1544,1458
1428,1395
1481,1461
1689,1542
1496,1603
1655,1615
1617,1644
1329,1395
1496,1449
1554,1539
1565,1511
1420,1440
1496,1381
1439,1504
1577,1443
1582,1563
1595,1611
1495,1498
1333,1450
1533,1590
1549,1499
1578,1661
1366,1430
1639,1533
1480,1488
1641,1601
1355,1380
1395,1457
1379,1362
1542,1548
1489,1410
1362,1426
1467,1476
1429,1489
1623,1565
1354,1346
1380,1416
1419,1476
1563,1612
1428,1431
1528,1528
1485,1507
1392,1410
1470,1497
1570,1466
1538,1564
1532,1480
1488,1571
1484,1550
1393,1391
1614,1559
1419,1406
1583,1572
1607,1606
1385,1403
1446,1382
1379,1418
1521,1532
1405,1435
1558,1578
1507,1503
1445,1391
1402,1489
1582,1617
1471,1513
1603,1558
1430,1440
1580,1506
1479,1564
1510,1489
1437,1503
1392,1446
1425,1472
1579,1554
1386,1445
1536,1578
1453,1449
1563,1564
1520,1547
1439,1458
1621,1581
1615,1601
1625,1616
1522,1528
1649,1645
1437,1419
1350,1475
1514,1528
1508,1476
1458,1390
1474,1520
1526,1453
1595,1559
1422,1494
1380,1412
1568,1573
1432,1476
1559,1533
1470,1578
1518,1471
1375,1368
1521,1531
1419,1431
1381,1373
1489,1502
1436,1410
1421,1410
1615,1626
1434,1457
1628,1547
1563,1489
1448,1491
1379,1404
1325,1382
1373,1400
1446,1394
1368,1436
1592,1505
1467,1515
1462,1421
1437,1376
1556,1498
1457,1448
1408,1438
1501,1506
1552,1576
1594,1620
1596,1555
1453,1400
1590,1640
1581,1573
1357,1380
1674,1560
1328,1436
1526,1553
1651,1601
1520,1476
1586,1588
1511,1595
1537,1548
1390,1409
1433,1429
1380,1386
1438,1443
1665,1516
1376,1419
1423,1459
1622,1548
1628,1558
1599,1579
1535,1550
1335,1431
1397,1387
1624,1552
1318,1415
1700,1656
1385,1399
1521,1560
1622,1641
1412,1444
1646,1575
1604,1596
1563,1570
1645,1636
1394,1377
1339,1404
1387,1358
1611,1563
1498,1476
1331,1402
1663,1641
1527,1543
1593,1576
1601,1653
1464,1510
1614,1546
1586,1533
1390,1430
1347,1396
1679,1541
1613,1590
1542,1559
1539,1538
1414,1437
1416,1419
1550,1482
1512,1480
1316,1396
1520,1499
1525,1450
1425,1434
1365,1450
1608,1598
1512,1381
1438,1456
1410,1409
1375,1408
1620,1633
1468,1377
1634,1586
1381,1426
1428,1468
1584,1585
1377,1394
1634,1626
1366,1466
1429,1421
1377,1381
1530,1449
1503,1592
1350,1387
1337,1370
1374,1391
1374,1383
1428,1371
1347,1450
1493,1426
1390,1373
1359,1341
1517,1557
1388,1389
1358,1341
1351,1382
1621,1577
1408,1435
1420,1417
1381,1379
1390,1445
1633,1585
1375,1429
1403,1407
1400,1474
1374,1397
1621,1563
1514,1515
1564,1560
1564,1594
1394,1417
1351,1425
1504,1593
1426,1424
1669,1657
1571,1623
1526,1650
1345,1479
1570,1618
1377,1382
1409,1398
1473,1516
1422,1429
1352,1432
1591,1609
1440,1543
1467,1475
1465,1469
1407,1430
1561,1505
1660,1575
1584,1633
1609,1615
1369,1400
1531,1548
1566,1554
1499,1580
1575,1603
1376,1450
1353,1411
1459,1460
1468,1552
1577,1574
1617,1584
1467,1439
1312,1397
1569,1591
1606,1574
1414,1354
1440,1384
1396,1536
1621,1573
1423,1461
1355,1438
1413,1391
1656,1612
1370,1424
1447,1407
1348,1371
1323,1383
1357,1387
1343,1419
1418,1379
1636,1557
1583,1490
1488,1527
1453,1414
1363,1413
1371,1378
1563,1480
1408,1444
1593,1603
1656,1571
1630,1549
1541,1413
1429,1432
1330,1476
1408,1473
1507,1443
1592,1630
1399,1413
1372,1431
1349,1453
1374,1456
1615,1609
1541,1491
1472,1438
1647,1566
1621,1543
1628,1598
1625,1558
1353,1424
1467,1349
1401,1462
1484,1551
1346,1420
1563,1501
1512,1533
1433,1490
1601,1580
1523,1579
1480,1452
1412,1447
1418,1399
1450,1462
1608,1618
1435,1427
1378,1403
1586,1477
1584,1586
1609,1639
1411,1430
1558,1579
1566,1584
1399,1423
1456,1409
1527,1449
1364,1427
1591,1647
1486,1519
1361,1441
1466,1507
1611,1590
1587,1549
1578,1511
1472,1462
1418,1459
