ch1,ch2
1575,1519
1524,1532
1459,1561
1526,1499
1499,1479
1504,1489
1567,1488
1474,1585
1465,1610
1582,1574
1611,1622
1658,1569
1457,1501
1616,1507
1514,1573
1569,1578
1598,1601
1571,1598
1483,1637
1555,1547
1536,1540
1616,1550
1548,1624
1565,1614
1610,1609
1616,1573
1623,1648
1565,1603
1545,1557
1497,1581
1645,1611
1583,1697
1577,1659
1533,1561
1568,1626
1597,1559
1561,1571
1592,1606
1658,1583
1645,1606
1615,1589
1715,1626
1691,1591
1639,1644
1634,1609
1703,1512
1626,1627
1563,1589
1657,1661
1602,1650
1557,1587
1546,1576
1606,1571
1658,1565
1683,1512
1598,1615
1572,1548
1558,1488
1576,1577
1592,1539
1478,1582
1550,1536
1646,1644
1725,1601
1584,1620
1492,1453
1578,1529
1568,1583
1525,1524
1628,1530
1554,1572
1619,1576
1572,1539
1592,1569
1488,1509
1544,1571
1547,1510
1640,1532
1544,1463
1447,1453
1490,1519
1537,1457
1651,1654
1570,1472
1562,1569
1496,1466
1421,1427
1520,1526
1548,1454
1496,1474
1516,1446
1557,1473
1597,1622
1613,1539
1625,1572
1504,1598
1579,1567
1579,1492
1360,1475
1548,1555
1531,1463
1459,1438
1453,1447
1518,1431
1578,1500
1313,1414
1384,1387
1448,1400
1468,1354
1427,1405
1378,1419
1443,1410
1389,1417
1435,1431
1391,1397
1394,1381
1304,1321
1463,1361
1379,1383
1439,1364
1508,1401
1417,1453
1355,1397
1580,1490
1464,1421
1498,1304
1293,1480
1546,1485
1419,1515
1398,1418
1468,1401
1431,1348
1414,1411
1389,1374
1443,1389
1412,1405
1335,1519
1377,1405
1307,1429
1414,1443
1362,1441
1408,1501
1398,1440
1526,1587
1458,1348
1405,1505
1500,1440
1349,1463
1476,1554
1387,1395
1436,1434
1406,1356
1613,1603
1469,1596
1613,1593
1297,1452
1372,1426
1404,1486
1420,1460
1335,1439
1426,1428
1479,1517
1377,1422
1483,1566
1498,1485
1280,1396
1519,1445
1334,1339
1551,1437
1406,1524
1625,1612
1581,1563
1364,1455
1558,1463
1566,1508
1543,1620
1365,1378
1596,1596
1525,1546
1396,1446
1512,1610
1638,1564
1488,1556
1683,1656
1384,1434
1531,1536
1506,1546
1712,1552
1481,1547
1550,1515
1604,1599
1674,1512
1537,1633
1555,1562
1466,1533
1414,1438
1534,1471
1619,1542
1575,1615
1632,1576
1492,1589
1579,1584
1624,1643
1473,1556
1375,1465
1563,1603
1652,1607
1544,1532
1269,1396
1605,1597
1513,1528
1431,1518
1609,1652
1356,1506
1424,1381
1591,1545
1410,1420
1556,1559
1567,1449
1650,1639
1512,1488
1617,1556
1394,1329
1450,1545
1485,1403
1390,1446
1554,1544
1623,1618
1561,1521
1606,1478
1556,1540
1609,1551
1549,1583
1635,1565
1462,1342
1587,1573
1688,1578
1672,1665
1494,1461
1550,1617
1616,1551
1660,1554
1340,1353
1373,1358
1649,1460
1496,1535
1399,1464
1402,1409
1603,1537
1528,1476
1544,1531
1559,1527
1601,1565
1527,1480
1555,1463
1518,1492
1627,1554
1653,1595
1366,1376
1345,1453
1431,1459
1524,1534
1427,1371
1302,1425
1331,1476
1452,1366
1482,1413
1474,1493
1439,1544
1645,1513
1526,1539
1378,1423
1624,1632
1583,1589
1381,1495
1577,1397
1357,1447
1634,1579
1464,1451
1565,1502
1623,1561
1488,1402
1601,1452
1616,1626
1379,1423
1598,1623
1552,1476
1383,1464
1391,1416
1471,1399
1461,1378
1459,1523
1398,1473
1417,1420
1485,1522
1618,1571
1408,1352
1335,1513
1424,1394
1389,1428
1383,1442
1417,1435
1338,1364
1375,1473
1351,1367
1357,1404
1454,1503
1678,1566
1476,1442
1630,1610
1471,1639
1403,1401
1453,1518
1596,1600
1417,1515
1580,1606
1463,1426
1458,1430
1441,1464
1393,1432
1508,1370
1399,1410
1421,1477
1590,1464
1605,1626
1364,1366
1450,1531
1441,1495
1469,1404
1335,1391
1373,1376
1702,1613
1408,1368
1461,1399
1499,1433
1332,1381
1374,1419
1385,1342
1547,1521
1408,1377
1617,1490
1573,1548
1439,1400
1439,1450
1601,1572
1413,1369
1358,1442
1471,1500
1376,1421
1575,1666
1514,1542
1623,1575
1560,1656
1512,1425
1444,1479
1702,1651
1634,1649
1667,1631
1570,1599
1560,1609
1536,1596
1406,1415
1357,1388
1513,1411
1304,1447
1573,1591
1630,1606
1593,1466
1698,1672
1389,1391
1551,1598
1393,1497
1662,1612
1609,1475
1630,1628
1670,1598
1414,1454
1362,1453
1604,1645
1500,1571
1600,1643
1408,1422
1432,1461
1590,1614
1607,1587
1537,1545
1449,1363
1547,1666
1367,1345
1265,1371
1615,1640
1568,1611
1506,1474
1405,1498
1611,1601
1560,1559
1632,1547
1420,1365
1667,1575
1574,1556
1555,1550
1417,1518
1531,1644
1566,1507
1596,1584
1664,1575
1345,1433
1547,1513
1620,1610
1651,1619
1466,1382
1380,1410
1420,1531
1486,1462
1613,1616
1369,1457
1669,1593
1602,1561
1410,1396
1691,1462
1580,1543
1425,1497
1598,1444
1376,1418
1668,1611
1414,1373
1345,1425
1477,1465
1639,1573
1530,1565
1496,1489
1552,1588
1497,1540
1627,1500
1473,1473
1661,1598
1492,1438
1379,1374
1581,1556
1543,1661
1578,1607
1537,1550
1329,1440
1529,1498
1677,1651
1471,1470
1403,1441
1440,1392
1557,1468
1456,1400
1573,1587
1545,1616
1430,1392
1631,1566
1448,1461
1468,1528
1414,1397
1588,1488
1432,1436
1285,1338
1709,1559
1651,1647
1387,1454
1679,1548
1397,1348
1509,1375
1499,1484
1448,1435
1609,1546
1638,1560
1496,1444
1467,1465
1582,1567
1350,1434
1509,1555
1495,1524
1619,1476
1577,1640
1449,1505
1364,1397
1558,1570
1711,1544
1335,1440
1415,1354
1537,1469
1540,1575
1618,1551
1409,1444
1607,1548
1443,1542
1494,1534
1597,1598
1612,1624
1446,1408
1499,1503
1642,1504
1391,1415
1563,1445
1422,1435
1537,1644
1557,1538
1603,1610
1397,1449
1467,1535
1404,1516
1577,1550
1654,1514
1338,1463
1615,1662
1581,1649
1429,1479
1499,1623
1368,1453
1553,1621
1550,1527
1567,1605
1401,1443
1578,1580
1393,1393
1426,1472
1560,1622
1516,1534
1606,1670
1638,1576
1498,1514
1365,1436
1415,1456
1484,1329
1334,1316
1320,1461
1635,1584
1455,1337
1477,1598
1390,1474
1602,1661
1619,1471
1457,1464
1446,1522
1352,1432
1620,1635
1505,1519
1564,1543
1562,1565
1341,1375
1517,1428
1693,1634
1640,1560
1269,1429
1374,1517
1429,1530
1641,1544
1595,1570
1572,1611
1521,1567
1574,1451
1538,1497
1535,1421
1534,1536
1448,1582
1390,1467
1561,1606
1624,1653
1633,1653
1556,1520
1559,1599
1414,1455
1388,1435
1441,1337
1624,1555
1336,1372
1543,1577
1413,1383
1446,1465
1563,1507
1470,1416
1531,1549
1431,1460
1328,1496
1501,1457
1380,1462
1584,1525
1397,1439
1660,1569
1398,1429
1604,1546
1569,1575
1406,1397
1370,1390
1451,1362
1371,1445
1656,1530
1584,1621
1550,1509
1498,1535
1536,1539
1483,1509
1470,1545
1477,1517
1675,1538
1522,1478
1330,1420
1387,1431
1575,1642
1555,1543
1533,1524
1481,1483
1607,1620
1383,1329
1363,1375
1524,1490
1417,1480
1610,1655
1369,1479
1466,1503
1372,1439
1539,1518
1527,1532
1682,1607
1623,1602
1478,1489
1462,1498
1706,1621
1518,1577
1411,1392
1596,1580
1414,1438
1454,1535
1595,1521
1388,1522
1613,1584
1481,1436
1309,1412
1526,1467
1714,1564
1560,1488
1342,1393
1352,1424
1631,1553
1586,1533
1402,1315
1560,1566
1417,1396
1495,1458
1512,1446
1334,1301
1525,1595
1400,1385
1489,1552
1351,1389
1395,1434
1362,1457
1674,1494
1598,1628
1485,1574
1609,1573
1562,1496
1373,1386
1501,1540
1379,1522
1475,1534
1491,1505
1633,1557
1440,1491
1482,1466
1630,1645
1424,1417
1356,1420
1372,1421
1658,1507
1335,1348
1554,1492
1546,1497
1482,1550
1363,1451
1554,1622
1690,1573
1596,1624
1242,1367
1668,1643
1415,1381
1422,1471
1552,1569
1425,1433
1578,1590
1479,1426
1338,1426
1637,1519
1376,1441
1388,1443
1441,1365
1404,1465
1543,1498
1413,1372
1437,1434
1557,1588
1510,1369
1643,1651
1587,1588
1439,1446
1634,1614
1522,1514
1505,1538
1619,1586
1561,1625
1298,1412
1395,1519
1536,1583
1627,1621
1513,1544
1457,1530
1439,1486
1380,1329
1425,1412
1571,1484
1500,1425
1663,1571
1536,1460
1547,1548
1489,1412
1489,1455
1342,1425
1525,1452
1522,1578
1386,1460
1410,1389
1665,1601
1598,1495
1329,1407
1471,1462
1617,1560
1661,1657
1398,1493
1533,1402
1572,1544
1654,1662
1384,1353
1627,1558
1605,1588
1528,1624
1429,1406
1371,1313
1637,1557
1668,1597
1443,1398
1371,1445
1367,1359
1295,1474
1357,1537
1437,1584
1449,1424
1484,1464
1553,1613
1371,1411
1323,1396
1410,1434
1534,1471
1368,1453
1558,1594
1420,1420
1615,1615
1486,1484
1390,1441
1573,1702
1572,1596
1584,1574
1435,1384
1552,1496
1637,1637
1399,1406
1613,1532
1573,1576
1665,1583
1597,1565
1570,1514
1443,1397
1603,1619
1368,1379
1564,1632
1398,1390
1554,1594
1447,1379
1328,1458
1401,1540
1481,1470
1305,1446
1548,1397
1365,1446
1346,1331
1456,1482
1472,1484
1647,1553
1387,1453
1443,1489
1731,1603
1499,1443
1596,1618
1443,1428
1489,1450
1349,1365
1645,1605
1316,1425
1500,1606
1614,1600
1385,1396
1350,1404
1451,1495
1496,1517
1515,1569
1633,1543
1466,1607
1655,1589
1460,1367
1482,1503
1558,1622
1357,1463
1374,1453
1645,1653
1658,1561
1351,1422
1680,1578
1476,1524
1688,1589
1464,1507
1586,1529
1338,1375
1383,1469
1689,1582
1649,1574
1387,1531
1440,1431
1391,1417
1479,1453
1533,1539
1388,1455
1521,1434
1624,1617
1433,1528
1526,1516
1581,1572
1372,1445
1652,1559
1561,1643
1605,1599
1287,1407
1492,1576
1481,1378
1514,1560
1372,1376
1653,1629
1485,1451
1561,1564
1393,1440
1414,1445
1378,1441
1526,1447
1570,1431
1592,1596
1510,1481
1702,1613
1380,1485
1419,1353
1492,1408
1347,1386
1356,1386
1347,1359
1658,1610
1600,1638
1654,1568
1348,1444
1577,1468
1382,1536
1355,1411
1392,1465
1579,1613
1485,1425
1669,1654
1350,1396
1651,1576
1435,1473
1414,1445
1525,1333
1519,1489
1436,1418
1473,1530
1416,1435
1649,1536
1329,1406
1443,1514
1485,1386
1594,1604
1463,1597
1454,1401
1490,1529
1676,1554
1633,1633
1392,1410
1374,1456
1419,1470
1369,1440
1485,1563
1333,1453
1409,1423
1558,1695
1485,1499
1638,1559
1472,1497
1601,1558
1673,1592
1613,1594
1371,1417
1550,1497
1426,1462
1478,1442
1360,1394
1637,1595
1584,1545
1640,1549
1558,1594
1710,1583
1514,1499
1601,1589
1303,1499
1594,1546
1663,1560
1389,1389
1609,1576
1323,1363
1423,1378
1374,1383
1354,1429
1363,1422
1542,1590
1536,1575
1368,1361
1522,1349
1409,1507
1412,1410
1473,1373
1385,1423
1378,1380
1511,1518
1400,1459
1679,1617
1490,1527
1356,1351
1353,1311
1525,1475
1667,1542
1656,1505
1658,1572
1500,1493
1483,1556
1376,1485
1611,1541
1328,1406
1427,1424
1388,1384
1560,1612
1452,1478
1676,1597
1472,1403
1385,1450
1450,1349
1573,1640
1591,1480
1449,1480
1451,1430
1431,1375
1481,1571
1492,1549
1707,1603
1619,1572
1650,1549
1606,1572
1303,1342
1590,1636
1426,1407
1358,1379
1457,1521
1320,1369
1272,1375
1426,1456
1537,1613
1383,1403
1343,1379
1549,1486
1431,1411
1350,1428
1390,1451
1605,1580
1637,1671
1414,1471
1430,1535
1592,1495
1565,1566
1585,1566
1593,1503
1648,1674
1428,1352
1646,1550
1514,1528
1631,1660
1390,1428
1690,1647
1463,1462
1563,1525
1453,1436
1508,1454
1650,1600
1493,1482
1329,1449
1250,1404
1296,1462
1632,1555
1406,1478
1444,1544
1447,1459
1668,1642
1438,1424
1443,1530
1512,1441
1485,1520
1375,1501
1455,1505
1471,1513
1356,1442
1392,1411
1517,1684
1266,1276
1321,1381
1356,1295
1457,1421
1434,1308
1428,1580
1561,1586
1372,1335
1340,1401
1565,1604
1423,1480
1586,1613
1312,1346
1447,1532
1437,1329
1556,1507
1334,1300
1621,1694
1542,1619
1401,1408
1329,1376
1445,1439
1594,1575
1485,1419
1338,1392
1332,1408
1620,1626
1560,1452
1503,1469
1378,1501
1443,1531
1314,1405
1560,1642
1638,1618
1354,1378
1651,1563
1386,1373
1333,1384
1649,1577
1474,1435
1553,1414
1545,1600
1457,1480
1435,1484
1674,1604
1571,1584
1581,1545
1346,1481
1611,1597
1364,1403
1352,1429
1505,1445
1641,1625
1606,1582
1427,1479
1423,1288
1513,1484
1396,1388
1557,1590
1603,1510
1384,1410
1512,1504
1413,1373
1433,1438
1376,1405
1411,1463
1616,1573
1314,1362
1504,1525
1370,1428
1599,1618
1584,1562
1587,1638
1644,1478
1559,1628
1524,1663
1328,1431
1554,1486
1296,1354
1487,1500
1383,1425
1615,1509
1540,1528
1659,1619
1490,1588
1530,1523
1497,1444
1299,1431
1613,1569
1570,1587
1612,1583
1462,1520
1608,1622
1478,1515
1349,1475
1330,1413
1551,1578
1525,1536
1521,1497
1374,1334
1556,1579
1548,1542
1450,1541
1453,1466
1286,1397
1345,1371
1596,1581
1620,1550
1316,1372
1462,1385
1663,1602
1448,1480
1405,1438
1565,1639
1467,1397
1605,1550
1351,1425
1344,1394
1456,1414
1605,1582
1384,1427
1482,1554
1457,1408
1586,1603
1504,1525
1310,1417
1313,1413
1510,1474
1395,1372
1397,1425
1639,1531
1406,1391
1619,1602
1512,1408
1605,1580
1541,1580
1674,1554
1594,1561
1582,1563
1264,1418
1457,1402
1619,1623
1347,1366
1451,1513
1408,1374
1505,1600
1541,1562
1605,1510
1606,1561
1432,1404
1591,1562
1644,1583
1476,1482
1393,1347
1479,1518
1372,1475
1660,1637
1740,1624
1570,1573
1542,1498
1736,1598
1385,1478
1495,1436
1632,1588
1403,1510
1396,1436
1547,1509
1488,1446
1520,1554
1374,1443
1590,1654
1328,1360
1613,1569
1521,1518
1605,1619
1624,1561
1372,1369
1583,1642
1575,1672
1460,1398
1385,1416
1412,1380
1311,1327
1605,1573
1398,1465
1465,1474
1322,1414
1491,1514
1454,1571
1555,1442
1498,1415
1426,1564
1316,1376
1365,1312
1566,1580
1352,1430
1538,1589
1475,1539
1585,1606
1611,1504
1657,1560
1582,1667
1409,1381
1411,1497
1650,1594
1546,1486
1527,1581
1458,1408
1681,1682
1651,1599
1491,1447
1646,1546
1530,1509
1534,1505
1489,1549
1579,1624
1411,1396
1394,1392
1563,1490
1639,1625
1608,1698
1580,1559
1557,1520
1617,1663
1370,1364
1573,1591
1402,1437
1622,1562
1350,1384
1651,1581
1394,1449
1358,1379
1335,1416
1497,1491
1597,1519
1694,1617
1596,1642
1485,1466
1590,1575
1641,1665
1544,1587
1595,1593
1628,1554
1488,1549
1480,1472
1395,1368
1691,1588
1417,1412
1497,1519
1499,1568
1557,1545
1502,1467
1366,1439
1376,1454
1394,1480
1666,1708
1506,1411
1416,1495
1480,1499
1552,1568
1462,1471
1529,1523
1536,1590
1631,1567
1590,1590
1429,1521
1548,1442
1296,1405
1511,1688
1695,1600
1327,1429
1498,1547
1329,1448
1628,1535
1317,1450
1546,1582
1402,1374
1601,1540
1415,1399
1349,1386
1556,1543
1462,1412
1667,1561
1630,1678
1543,1568
1577,1477
1651,1499
1372,1486
1430,1417
1463,1371
1599,1535
1424,1434
1436,1512
1684,1553
1389,1416
1591,1573
1372,1390
1597,1540
1289,1455
1579,1609
1599,1523
1497,1586
1722,1610
1571,1581
1388,1442
1553,1551
1402,1424
1651,1521
1612,1558
1572,1499
1406,1324
1609,1575
1473,1435
1595,1552
1578,1598
1355,1371
1455,1454
1400,1341
1386,1447
1438,1473
1395,1481
1321,1392
1487,1397
1597,1537
1397,1432
1470,1473
1428,1375
1534,1547
1461,1467
1426,1447
1657,1614
1500,1473
1520,1549
1362,1367
1659,1586
1504,1480
1393,1427
1671,1528
1571,1522
1382,1405
1444,1416
1647,1519
1525,1671
1412,1497
1566,1620
1631,1643
1614,1538
1450,1511
1366,1458
1367,1351
1514,1581
1389,1402
1511,1535
1640,1608
1602,1556
1656,1560
1683,1655
1359,1409
1407,1443
1466,1412
1674,1605
1743,1568
1422,1327
1370,1386
1613,1651
1405,1368
1544,1611
1460,1529
1540,1593
1473,1494
1586,1623
1627,1603
1596,1527
1327,1524
1516,1488
1370,1324
1387,1431
1599,1595
1667,1639
1345,1422
1344,1455
1567,1551
1487,1435
1614,1640
1333,1510
1621,1535
1449,1372
1571,1586
1390,1376
1336,1400
1592,1536
1420,1475
1265,1462
1683,1619
1448,1484
1429,1394
1627,1610
1689,1627
1384,1448
1541,1628
1582,1585
1646,1570
1449,1489
1608,1552
1343,1394
1412,1455
1383,1461
1368,1356
1614,1575
1408,1396
1386,1383
1384,1439
1534,1462
1509,1448
1469,1455
1427,1519
1562,1556
1403,1418
1665,1552
1598,1634
1508,1577
1436,1426
1430,1343
1661,1583
1584,1507
1476,1571
1362,1419
1597,1547
1601,1610
1493,1528
1501,1550
1556,1603
1583,1468
1436,1366
1473,1428
1401,1431
1395,1479
1321,1503
1649,1632
1293,1433
1440,1447
1652,1555
1364,1413
1574,1518
1441,1499
1372,1427
1700,1594
1410,1399
1378,1492
1495,1514
1466,1347
1419,1360
1623,1515
1604,1596
1589,1610
1416,1464
1489,1513
1560,1504
1494,1415
1509,1482
1616,1520
1415,1444
1586,1657
1425,1452
1403,1461
1355,1342
1578,1615
1388,1452
1624,1601
1393,1395
1541,1508
1366,1383
1404,1374
1373,1343
1677,1614
1602,1578
1358,1481
1561,1638
1343,1464
1433,1484
1571,1639
1425,1511
1434,1395
1404,1483
1615,1606
1327,1422
1330,1379
1384,1421
1565,1678
1572,1566
1584,1509
1512,1515
1628,1572
1460,1547
1702,1629
1464,1582
1423,1441
1422,1511
1342,1443
1466,1418
1642,1571
1554,1586
1549,1563
1388,1470
1438,1495
1479,1571
1420,1510
1390,1330
1326,1402
1558,1540
1511,1514
1641,1511
1333,1380
1405,1431
1315,1399
1314,1414
1464,1415
1551,1572
1591,1494
1360,1356
1515,1513
1409,1441
1534,1505
1650,1593
1523,1582
1534,1590
1692,1489
1426,1397
1616,1561
1609,1511
1377,1404
1450,1476
1445,1538
1292,1333
1347,1428
1468,1551
1381,1437
1384,1458
1364,1407
1411,1415
1401,1570
1649,1604
1552,1540
1577,1566
1376,1301
1581,1536
1385,1461
1460,1579
1632,1646
1374,1453
1371,1368
1524,1474
1650,1446
1383,1400
1403,1468
1315,1478
1405,1349
1616,1597
1596,1558
1317,1503
1611,1616
1443,1511
1661,1635
1636,1556
1509,1608
1346,1404
1597,1561
1458,1393
1633,1592
1321,1420
1461,1390
1495,1559
1633,1542
1639,1532
1493,1578
1686,1656
1557,1499
1294,1401
1596,1614
1484,1471
1606,1601
1427,1382
1499,1459
1398,1447
1574,1606
1604,1641
1537,1516
1608,1539
1432,1431
1420,1568
1482,1490
1437,1521
1528,1578
1470,1516
1347,1249
1589,1627
1567,1530
1652,1604
1477,1586
1527,1454
1596,1654
1374,1416
1412,1310
1380,1408
1466,1549
1477,1468
1519,1544
1366,1418
1629,1477
1553,1603
1530,1497
1309,1325
1494,1395
1715,1637
1561,1590
1400,1443
1387,1490
1607,1648
1543,1427
1650,1544
1676,1665
1371,1394
1429,1368
1430,1467
1479,1410
1435,1420
1358,1365
1373,1456
1622,1521
1436,1456
1539,1470
1435,1405
1566,1632
1348,1381
1565,1631
1571,1576
1647,1648
1346,1429
1533,1563
1334,1458
1506,1534
1595,1522
1585,1543
1651,1550
1490,1459
1658,1573
1461,1508
1610,1563
1583,1682
1533,1548
1423,1403
1526,1553
1539,1608
1598,1527
1605,1547
1521,1469
1602,1629
1357,1362
1696,1578
1411,1489
1648,1623
1482,1538
1533,1536
1652,1552
1495,1503
1626,1514
1409,1429
1315,1461
1582,1529
1333,1412
1373,1392
1339,1423
1477,1528
1450,1375
1634,1580
1480,1493
1376,1609
1480,1394
1591,1618
1526,1498
1476,1460
1621,1563
1368,1429
1570,1633
1489,1622
1370,1437
1482,1556
1455,1489
1437,1414
1633,1533
1405,1433
1432,1408
1535,1582
1445,1525
1328,1366
1633,1603
1415,1513
1498,1520
1496,1501
1380,1400
1354,1487
1441,1501
1539,1603
1446,1386
1542,1606
1582,1499
1593,1518
1430,1447
1701,1642
1601,1572
1366,1353
1410,1475
1461,1444
1614,1529
1466,1518
1594,1530
1558,1561
1579,1522
1413,1360
1374,1361
1487,1504
1404,1479
1647,1607
1485,1618
1390,1336
1547,1593
1552,1571
1563,1601
1300,1383
1367,1463
1363,1427
1597,1630
1617,1448
1614,1559
1429,1374
1553,1653
1640,1554
1399,1307
1422,1414
1487,1473
1522,1546
1597,1629
1641,1573
1394,1410
1348,1429
1390,1478
1526,1604
1407,1388
1577,1519
1525,1429
1499,1421
1437,1421
1485,1441
1417,1428
1507,1602
1668,1576
1297,1526
1479,1625
1501,1440
1606,1563
1633,1593
1704,1614
1660,1529
1441,1340
1349,1386
1396,1438
1565,1570
1505,1534
1470,1479
1539,1563
1514,1426
1597,1690
1584,1623
1674,1593
1589,1492
1611,1492
1590,1563
1428,1390
1527,1646
1344,1414
1346,1420
1377,1370
1610,1521
1532,1563
1649,1653
1427,1506
1583,1422
1321,1446
1584,1548
1494,1449
1425,1385
1354,1405
1338,1405
1542,1560
1426,1436
1583,1560
1554,1551
1404,1426
1415,1477
1703,1609
1599,1594
1525,1467
1665,1584
1515,1569
1562,1626
1551,1514
1394,1402
1449,1550
1419,1413
1642,1594
1622,1502
1369,1447
1655,1600
1630,1614
1347,1455
1591,1531
1631,1525
1333,1376
1603,1627
1504,1575
1395,1437
1434,1509
1454,1546
1555,1545
1612,1604
1666,1647
1329,1468
1438,1532
1550,1563
1407,1487
1632,1545
1700,1550
1509,1489
1521,1491
1657,1564
1423,1389
1695,1591
1445,1415
1658,1608
1400,1433
1609,1611
1648,1447
1399,1467
1484,1580
1631,1577
1368,1491
1626,1610
1325,1512
1430,1430
1602,1490
1665,1519
1567,1563
1375,1456
1487,1463
1450,1459
1567,1585
1573,1471
1642,1561
1470,1502
1391,1498
1494,1431
1571,1637
1559,1591
1522,1591
1501,1376
1371,1494
1476,1507
1476,1601
1558,1649
1585,1578
1349,1382
1409,1518
1429,1376
1357,1480
1431,1515
1307,1410
1409,1456
1519,1483
1549,1476
1635,1577
1572,1598
1417,1507
1481,1433
1643,1558
1528,1579
1603,1586
1484,1454
1664,1583
1542,1573
1703,1621
1429,1474
1558,1538
1424,1409
1537,1592
1489,1442
1438,1388
1427,1444
1576,1681
1436,1481
1307,1384
1316,1427
1436,1453
1569,1566
1680,1580
1495,1524
1571,1508
1632,1542
1565,1590
1426,1517
1378,1348
1339,1406
1397,1435
1606,1526
1517,1657
1621,1648
1488,1467
1523,1508
1587,1481
1527,1503
1574,1605
1631,1570
1634,1529
1625,1503
1619,1552
1472,1389
1539,1446
1491,1535
1397,1394
1450,1462
1708,1577
1348,1415
1495,1429
1564,1541
1407,1448
1469,1471
1369,1417
1453,1607
1483,1507
1525,1616
1577,1567
1521,1613
1593,1550
1614,1476
1514,1546
1500,1613
1559,1597
1370,1411
1400,1393
1430,1362
1414,1366
1351,1496
1465,1465
1349,1318
1349,1371
1577,1496
1534,1528
1366,1401
1557,1486
1417,1457
1411,1576
1557,1580
1586,1552
1414,1511
1545,1467
1456,1432
1526,1558
1537,1512
1425,1405
1426,1512
1377,1353
1312,1455
1532,1615
1383,1374
1355,1446
1445,1307
1532,1600
1713,1513
1628,1594
1496,1436
1345,1466
1635,1504
1415,1456
1624,1516
1402,1430
1477,1481
1510,1447
1563,1457
1534,1531
1226,1387
1592,1644
1337,1397
1528,1551
1440,1402
1655,1612
1554,1390
1332,1485
1377,1360
1576,1489
1358,1462
1527,1645
1401,1426
1612,1650
1327,1449
1584,1547
1643,1493
1594,1560
1575,1575
1417,1432
1433,1410
1421,1441
1498,1652
1603,1606
1588,1597
1628,1506
1494,1475
1617,1665
1385,1476
1629,1621
1585,1545
1613,1582
1473,1591
1588,1617
1483,1409
1584,1535
1511,1536
1529,1538
1545,1542
1596,1609
1554,1555
1469,1437
1489,1463
1487,1464
1618,1609
1289,1367
1493,1408
1536,1585
1552,1509
1513,1515
1583,1478
1608,1513
1614,1585
1438,1519
1708,1577
1498,1500
1413,1478
1451,1435
1706,1556
1607,1608
1345,1344
1496,1502
1329,1406
1573,1541
1429,1504
1514,1582
1560,1609
1647,1586
1398,1387
1602,1666
1428,1496
1367,1353
1541,1557
1522,1596
1476,1511
1310,1392
1446,1431
1514,1432
1620,1530
1400,1503
1373,1482
1529,1439
1605,1678
1420,1444
1451,1498
1539,1428
1507,1496
1593,1597
1588,1558
1439,1406
1485,1494
1606,1627
1602,1558
1544,1652
1421,1397
1373,1445
1537,1523
1546,1561
1429,1509
1448,1454
1326,1354
1599,1672
1529,1484
1501,1409
1473,1479
1351,1444
1420,1346
1507,1466
1382,1386
1628,1604
1466,1463
1421,1490
1338,1347
1429,1352
1433,1545
1482,1566
1397,1430
1675,1566
1442,1535
1497,1556
1630,1590
1376,1337
1443,1457
1631,1521
1612,1531
1378,1334
1380,1417
1417,1420
1477,1511
1618,1560
1554,1624
1641,1503
1494,1500
1577,1597
1454,1429
1447,1530
1646,1604
1468,1506
1423,1412
1651,1513
1536,1468
1590,1553
1531,1550
1456,1456
1579,1462
1519,1566
1496,1439
1451,1441
1602,1537
1333,1492
1536,1569
1428,1397
1354,1400
1652,1532
1454,1408
1598,1578
1312,1439
1518,1544
1493,1454
1539,1607
1580,1557
1520,1482
1417,1428
1468,1546
1506,1492
1616,1516
1487,1562
1476,1479
1513,1535
1515,1482
1439,1394
1403,1385
1528,1594
1452,1405
1459,1429
1349,1312
1363,1360
1563,1489
1464,1452
1672,1576
1470,1415
1422,1448
1467,1507
1586,1566
1376,1399
1647,1473
1620,1582
1396,1296
1581,1551
1389,1452
1536,1516
1386,1375
1754,1519
1386,1400
1430,1350
1589,1504
1622,1572
1645,1595
1359,1427
1450,1397
1491,1424
1650,1646
1541,1578
1439,1360
1414,1530
1641,1493
1486,1506
1390,1468
1665,1622
1249,1379
1376,1473
1338,1427
1478,1575
1653,1519
1513,1371
1684,1590
1640,1536
1545,1592
1396,1420
1601,1599
1436,1416
1477,1554
1330,1391
1371,1410
1425,1468
1361,1431
1547,1474
1363,1451
1512,1443
1382,1423
1529,1565
1606,1590
1611,1560
1556,1486
1323,1463
1438,1365
1307,1387
1564,1505
1460,1518
1525,1569
1441,1413
1509,1423
1615,1530
1346,1356
1530,1545
1616,1625
1593,1475
1402,1482
1496,1473
1513,1520
1516,1512
1480,1523
1618,1627
1325,1415
1387,1436
1568,1520
1358,1355
1482,1525
1660,1523
1499,1608
1638,1558
1633,1561
1522,1610
1535,1424
1512,1456
1407,1461
1557,1497
1451,1414
1627,1595
1351,1415
1617,1601
1322,1408
1692,1573
1393,1425
1368,1441
1499,1473
1330,1362
1431,1393
1305,1402
1451,1478
1635,1510
1464,1594
1484,1505
1561,1580
1580,1493
1460,1534
1520,1487
1643,1611
1449,1466
1472,1399
1581,1648
1531,1516
1281,1415
1445,1427
1425,1431
1564,1486
1449,1476
1382,1398
1465,1411
1452,1417
1424,1438
1453,1547
1455,1594
1524,1395
1362,1385
1540,1641
1548,1604
1584,1568
1609,1559
1418,1422
1483,1538
1583,1588
1350,1387
1628,1605
1422,1530
1369,1392
1649,1626
1514,1565
1477,1478
1556,1579
1616,1474
1425,1452
1498,1530
1516,1527
1370,1407
1531,1472
1513,1482
1390,1401
1376,1382
1535,1499
1682,1579
1446,1483
1637,1600
1629,1609
1527,1587
1373,1409
1365,1430
1439,1444
1499,1607
1559,1461
1465,1476
1454,1418
1568,1418
1397,1454
1473,1464
1496,1521
1541,1478
1571,1511
1631,1620
1646,1582
1528,1439
1476,1544
1374,1399
1454,1419
1639,1548
1466,1481
1358,1444
1387,1400
1653,1481
1526,1504
1496,1495
1519,1565
1422,1474
1610,1591
1615,1593
1423,1399
1573,1635
1503,1494
1469,1404
1390,1406
1396,1395
1397,1340
1306,1391
1538,1443
1301,1446
1443,1352
1552,1491
1639,1598
1507,1444
1275,1440
1585,1602
1442,1444
1493,1509
1605,1571
1615,1539
1524,1471
1618,1639
1621,1508
1621,1591
1441,1496
1451,1437
1599,1624
1709,1584
1496,1428
1314,1353
1695,1565
1578,1599
1394,1488
1408,1441
1517,1514
1365,1348
1539,1609
1590,1522
1353,1479
1635,1530
1535,1513
1581,1573
1581,1506
1555,1461
1428,1395
1547,1523
1516,1536
1397,1372
1605,1588
1476,1374
1427,1527
1610,1629
1381,1465
1436,1445
1543,1599
1461,1443
1360,1477
1380,1476
1496,1561
1361,1455
1573,1556
1489,1518
1611,1529
1414,1442
1478,1491
1484,1457
1546,1569
1445,1431
1557,1545
1565,1558
1440,1428
1405,1486
1622,1575
1380,1535
1502,1614
1497,1492
1492,1460
1353,1428
1366,1393
1562,1639
1640,1643
1639,1545
1618,1566
1434,1460
1598,1598
1628,1531
1443,1528
1356,1417
1505,1532
1461,1417
1495,1503
1611,1571
1578,1545
1595,1581
1448,1492
1385,1462
1508,1536
1576,1457
1395,1397
1480,1555
1346,1447
1539,1546
1501,1499
1617,1555
1525,1493
1676,1559
1531,1513
1607,1640
1481,1447
1489,1464
1614,1571
1344,1415
1569,1646
1511,1485
1392,1429
1414,1473
1455,1451
1533,1548
1583,1568
1476,1356
1389,1370
1439,1400
1589,1582
1601,1540
1622,1586
1477,1458
1486,1460
1366,1402
1455,1470
1630,1570
1627,1486
1411,1508
1343,1361
1447,1488
1691,1577
1588,1648
1535,1510
1550,1607
1417,1395
1686,1621
1422,1479
1708,1583
1381,1435
1377,1447
1405,1459
1408,1469
1613,1588
1430,1443
1507,1578
1437,1460
1441,1414
1389,1479
1522,1511
1561,1553
1417,1428
1443,1487
1451,1474
1447,1441
1619,1549
1512,1539
1374,1442
1659,1572
1431,1567
1527,1563
1618,1523
1468,1586
1606,1687
1392,1480
1398,1409
1492,1473
1581,1556
1406,1489
1487,1467
1590,1574
1456,1616
1566,1561
1315,1383
1446,1383
1585,1543
1380,1540
1417,1362
1638,1515
1452,1389
1612,1585
1554,1464
1524,1563
1502,1516
1400,1457
1460,1499
1622,1607
1414,1449
1565,1537
1438,1540
1450,1362
1605,1554
1716,1528
1487,1451
1547,1625
1426,1508
1494,1540
1627,1517
1401,1464
1492,1494
1589,1591
1666,1542
1433,1412
1609,1499
1431,1415
1629,1554
1533,1481
1447,1433
1387,1431
1458,1475
1546,1556
1604,1638
1545,1523
1588,1592
1497,1543
1398,1464
1529,1484
1652,1519
1537,1561
1647,1580
1708,1600
1674,1544
1441,1532
1586,1653
1486,1496
1575,1628
1597,1526
1524,1542
1376,1375
1489,1498
1621,1523
1633,1577
1551,1574
1525,1464
1663,1580
1422,1504
1688,1534
1361,1438
1536,1532
1499,1500
1436,1450
1474,1511
1683,1561
1546,1592
1557,1481
1439,1389
1445,1427
1582,1540
1401,1409
1592,1588
1663,1580
1459,1492
1585,1606
1324,1474
1534,1669
1526,1535
1551,1539
1508,1507
1400,1474
1437,1535
1541,1487
1468,1446
1522,1585
1631,1551
1374,1438
1605,1557
1400,1437
1503,1476
1491,1505
1588,1493
1539,1456
1528,1537
1450,1409
1507,1653
1535,1404
1433,1468
1405,1440
1595,1557
1427,1451
1691,1530
1423,1450
1480,1461
1404,1503
1609,1516
1602,1527
1569,1583
1454,1475
1597,1586
1468,1607
1433,1536
1561,1485
1359,1441
1423,1360
1548,1635
1672,1650
1462,1436
1496,1510
1542,1398
1438,1434
1600,1610
1416,1429
1611,1581
1347,1427
1362,1450
1635,1577
1475,1518
1396,1442
1515,1385
1642,1576
1431,1511
1367,1381
1536,1602
1449,1421
1350,1392
1514,1436
1434,1424
1384,1423
1412,1449
1514,1594
1594,1498
1481,1447
1531,1421
1490,1533
1498,1442
1474,1485
1576,1459
1452,1521
1470,1480
1701,1582
1431,1402
1528,1492
1454,1530
1625,1556
1411,1470
1319,1410
1420,1477
1507,1532
1557,1439
1390,1486
1639,1497
1595,1540
1437,1396
1472,1398
1432,1464
1559,1513
1606,1508
1623,1610
1507,1450
1353,1485
1605,1543
1473,1483
1487,1396
1576,1556
1311,1374
1589,1558
1364,1480
1481,1452
1633,1466
1574,1558
1471,1505
1329,1464
1455,1486
1602,1549
1404,1430
1531,1642
1630,1543
1479,1448
1449,1490
1401,1401
1391,1491
1460,1490
1560,1563
1510,1556
1564,1516
1311,1484
1628,1549
1536,1501
1574,1660
1419,1473
1504,1560
1399,1488
1492,1437
1497,1546
1477,1463
1440,1469
1556,1544
1394,1354
1432,1500
1397,1475
1580,1535
1503,1580
1463,1574
1491,1444
1376,1431
1507,1492
1560,1588
1478,1487
1345,1487
1579,1516
1561,1550
1394,1423
1592,1494
1370,1431
1622,1645
1561,1594
1594,1594
1412,1451
1641,1515
1451,1343
1614,1457
1404,1477
1584,1512
1420,1401
1642,1471
1597,1625
1524,1437
1533,1569
1578,1568
1464,1424
1427,1593
1468,1479
1674,1603
1566,1570
1405,1490
1383,1443
1462,1395
1515,1458
1618,1581
1392,1419
1600,1592
1482,1485
1531,1565
1444,1497
1423,1417
1448,1504
1435,1440
1505,1468
1545,1664
1480,1395
1427,1439
1564,1601
1557,1540
1448,1457
1457,1472
1550,1463
1467,1563
1307,1419
1558,1539
1524,1451
1588,1537
1562,1501
1501,1442
1393,1433
1448,1579
1499,1515
1400,1488
1369,1379
1418,1413
1499,1433
1606,1526
1335,1467
1590,1559
1573,1535
1472,1529
1450,1475
1496,1586
1427,1387
1485,1439
1468,1477
1695,1633
1436,1568
1569,1562
1603,1608
1702,1686
1427,1471
1480,1426
1432,1434
1412,1424
1373,1491
1494,1466
1408,1426
1442,1427
1417,1408
1396,1430
1453,1532
1411,1487
1502,1476
1338,1381
1456,1442
1451,1565
1491,1568
1534,1543
1484,1327
1704,1558
1472,1484
1630,1502
1398,1414
1542,1560
1528,1539
1420,1422
1352,1423
1573,1498
1590,1524
1651,1480
1582,1563
1518,1525
1568,1556
1616,1537
1490,1494
1537,1422
1390,1399
1496,1474
1552,1563
1613,1600
1594,1598
1515,1524
1429,1452
1585,1523
1387,1458
1579,1561
1628,1569
1510,1536
1610,1634
1493,1555
1669,1549
1508,1503
1621,1582
1413,1515
1649,1584
1435,1516
1472,1486
1419,1405
1418,1411
1487,1440
1400,1517
1578,1584
1485,1454
1522,1462
1490,1523
1563,1586
1631,1585
1466,1452
1449,1599
1481,1405
1413,1455
1514,1582
1504,1553
1444,1500
1602,1564
1397,1491
1466,1407
1690,1568
1645,1594
1565,1565
1518,1571
1486,1470
1442,1488
1467,1460
1531,1528
1562,1599
1458,1518
1575,1602
1502,1511
1715,1519
1472,1449
1435,1472
1606,1444
1390,1491
1406,1387
1435,1407
1373,1449
1445,1361
1455,1459
1404,1406
1618,1532
1536,1532
1354,1453
1563,1609
1414,1438
1399,1543
1416,1439
1622,1554
1525,1515
1435,1444
1437,1510
1694,1502
1427,1426
1488,1559
1641,1557
1503,1562
1472,1500
1426,1401
1438,1481
1597,1623
1644,1507
1557,1520
1547,1546
1437,1444
1502,1466
1452,1444
1395,1461
1363,1375
1516,1547
1418,1377
1453,1459
1412,1435
1449,1481
1720,1510
1585,1491
1365,1463
1393,1489
1448,1443
1485,1529
1539,1565
1492,1605
1554,1560
1462,1438
1553,1618
1506,1400
1389,1533
1581,1453
1552,1415
1559,1582
1377,1546
1311,1519
1541,1533
1472,1515
1638,1542
1406,1338
1617,1526
1492,1490
1509,1439
1590,1586
1610,1478
1594,1543
1531,1504
1480,1489
1592,1629
1330,1490
1452,1483
1480,1402
1410,1448
1591,1431
1554,1459
1578,1531
1612,1688
1468,1413
1320,1463
1497,1535
1556,1670
1489,1543
1520,1368
1456,1483
1460,1528
1558,1474
1588,1573
1462,1451
1540,1610
1468,1563
1458,1430
1540,1562
1453,1482
1659,1570
1393,1464
1465,1437
1408,1509
1513,1559
1579,1526
1550,1599
1617,1464
1471,1548
1650,1643
1507,1504
1427,1360
1422,1480
1498,1530
1451,1491
1553,1567
1360,1419
1500,1563
1575,1494
1592,1546
1630,1595
1409,1428
1416,1414
1436,1427
1667,1555
1568,1524
1592,1535
1541,1474
1587,1500
1548,1556
1485,1437
1469,1517
1636,1592
1573,1573
1445,1470
1512,1436
1567,1591
1453,1427
1363,1509
1514,1513
1396,1452
1433,1420
1550,1477
1499,1413
1560,1622
1471,1454
1608,1511
1440,1448
1469,1451
1588,1553
1553,1556
1538,1540
1539,1580
1472,1559
1638,1594
1439,1465
1534,1540
1453,1496
1412,1504
1572,1502
1570,1510
1427,1490
1463,1400
1545,1518
1536,1622
1425,1461
1465,1475
1422,1434
1428,1458
1567,1539
1419,1377
1432,1494
1441,1440
1529,1585
1337,1529
1334,1363
1480,1405
1459,1478
1634,1579
1272,1418
1488,1513
1423,1377
1385,1550
1428,1490
1573,1510
1506,1546
1591,1546
1581,1461
1525,1505
1580,1566
1496,1399
1503,1537
1379,1422
1663,1522
1582,1566
1432,1432
1640,1569
1604,1598
1658,1549
1407,1491
1382,1415
1552,1584
1399,1353
1392,1441
1636,1611
1477,1391
1394,1454
1621,1478
1609,1491
1426,1513
1482,1435
1400,1523
1472,1499
1589,1574
1560,1432
1587,1627
1413,1402
1444,1386
1388,1434
1552,1565
1644,1555
1584,1581
1640,1575
1624,1570
1408,1437
1394,1509
1670,1528
1545,1579
1586,1558
1486,1440
1414,1457
1384,1454
1601,1565
1378,1388
1560,1507
1265,1490
1597,1522
1504,1472
1455,1578
1505,1466
1472,1415
1613,1455
1417,1439
1567,1448
1550,1569
1654,1549
1572,1502
1462,1451
1523,1537
1543,1545
1495,1568
1432,1427
1372,1463
1549,1497
1640,1546
1557,1612
1561,1537
1617,1621
1433,1513
1388,1446
1434,1485
1523,1501
1357,1385
1532,1478
1513,1556
1586,1595
1495,1597
1508,1590
1437,1557
1598,1516
1636,1658
1332,1419
1363,1493
1376,1439
1542,1571
1451,1381
1504,1520
1306,1446
1595,1558
1334,1355
1555,1523
1646,1545
1495,1482
1641,1575
1468,1423
1420,1457
1405,1396
1530,1585
1364,1494
1657,1549
1461,1419
1383,1374
1599,1562
1487,1508
1465,1474
1430,1412
1550,1551
1574,1571
1467,1614
1477,1517
1632,1606
1409,1410
1415,1385
1513,1549
1624,1615
1439,1512
1448,1370
1295,1431
1438,1506
1528,1570
1567,1574
1464,1437
1524,1552
1629,1577
1396,1539
1511,1522
1547,1518
1537,1564
1462,1489
1590,1563
1414,1426
1512,1657
1396,1471
1567,1605
1475,1539
1448,1516
1374,1467
1356,1448
1420,1512
1599,1543
1412,1468
1335,1448
1410,1411
1357,1400
1530,1540
1390,1479
1367,1477
1477,1484
1453,1510
1585,1522
1542,1534
1575,1506
1287,1433
1481,1581
1419,1481
1425,1456
1382,1468
1651,1622
1676,1521
1649,1585
1403,1473
1514,1563
1485,1616
1392,1457
1429,1538
1640,1569
1624,1548
1575,1446
1486,1448
1480,1489
1333,1454
1484,1414
1423,1468
1417,1528
1500,1494
1561,1523
1607,1615
1400,1383
1615,1488
1445,1430
1569,1563
1464,1500
1590,1547
1348,1450
1674,1594
1521,1637
1424,1540
1504,1506
1550,1540
1631,1539
1546,1442
1596,1538
1510,1447
1572,1588
1532,1509
1535,1462
1464,1406
1480,1455
1359,1431
1606,1547
1624,1540
1494,1495
1571,1514
1564,1523
1461,1495
1627,1575
1432,1337
1422,1485
1608,1513
1428,1414
1507,1478
1556,1432
1513,1462
1378,1422
1531,1616
1376,1412
1372,1455
1586,1592
1584,1474
1581,1505
1417,1317
1315,1470
1517,1527
1415,1446
1518,1524
1616,1528
1493,1533
1457,1443
1479,1422
1678,1567
1376,1434
1654,1521
1473,1441
1448,1453
1405,1511
1318,1390
1458,1401
1473,1517
1691,1495
1445,1501
1376,1548
1617,1565
1481,1481
1549,1543
1676,1586
1575,1587
1405,1424
1527,1524
1546,1546
1546,1483
1436,1435
1448,1450
1387,1393
1379,1435
1387,1456
1493,1538
1620,1590
1639,1621
1528,1514
1545,1520
1536,1628
1554,1530
1618,1561
1378,1459
1386,1430
1542,1418
1646,1548
1538,1462
1561,1551
1500,1486
1501,1428
1391,1367
1579,1529
1368,1347
1529,1487
1598,1494
1492,1567
1365,1421
1344,1502
1510,1404
1362,1444
1578,1570
1611,1509
1437,1457
1436,1550
1551,1472
1629,1521
1573,1499
1405,1514
1462,1442
1472,1451
1487,1470
1595,1611
1641,1620
1587,1549
1419,1459
1552,1604
1593,1504
1579,1572
1370,1411
1333,1434
1568,1584
1570,1486
1522,1587
1308,1364
1390,1470
1483,1535
1630,1569
1657,1562
1539,1521
1426,1430
1441,1583
1415,1509
1653,1542
1477,1451
1597,1601
1351,1457
1572,1565
1403,1532
1577,1583
1411,1547
1480,1396
1543,1636
1605,1577
1536,1492
1404,1500
1601,1578
1467,1397
1583,1612
1618,1517
1576,1479
1508,1457
1491,1500
1531,1537
1487,1388
1492,1461
1601,1584
1411,1364
1366,1479
1441,1429
1616,1585
1503,1481
1511,1526
1361,1453
1460,1472
1413,1436
1629,1568
1540,1465
1514,1554
1550,1359
1469,1359
1535,1588
1527,1498
1474,1511
1499,1573
1446,1396
1547,1524
1568,1541
1570,1608
1540,1586
1568,1566
1407,1556
1457,1455
1540,1594
1446,1448
1460,1412
1460,1539
1575,1641
1536,1595
1418,1449
1592,1552
1560,1559
1505,1567
1569,1544
1436,1409
1542,1485
1613,1507
1467,1505
1461,1438
1432,1422
1377,1501
1324,1430
1632,1527
1400,1373
1458,1631
1541,1573
1611,1558
1439,1438
1581,1442
1462,1505
1454,1408
1458,1419
1337,1564
1449,1434
1569,1522
1481,1387
1621,1551
1506,1549
1425,1421
1419,1503
1412,1516
1451,1466
1483,1422
1466,1537
1394,1358
1431,1453
1550,1512
1359,1460
1614,1552
1465,1498
1315,1533
1487,1527
1581,1575
1618,1558
1511,1510
1385,1448
1458,1510
1590,1521
1565,1564
1537,1435
1632,1591
1603,1573
1412,1443
1582,1489
1600,1619
1505,1584
1611,1646
1355,1345
1456,1452
1494,1577
1389,1422
1402,1432
1555,1525
1420,1354
1613,1559
1469,1498
1462,1517
1410,1488
1614,1504
1350,1403
1635,1439
1585,1393
1475,1479
1635,1600
1406,1456
1546,1580
1341,1489
1602,1455
1409,1398
1498,1439
1405,1451
1574,1577
1429,1549
1484,1478
1338,1446
1647,1585
1551,1530
1403,1397
1611,1607
1567,1537
1369,1422
1618,1568
1431,1451
1547,1641
1547,1594
1444,1429
1586,1571
1538,1527
1513,1589
1585,1536
1477,1501
1395,1424
1463,1373
1520,1536
1536,1558
1357,1493
1367,1493
1377,1444
1538,1535
1348,1379
1353,1451
1401,1357
1593,1566
1593,1535
1684,1640
1468,1426
1464,1459
1638,1571
1639,1533
1513,1586
1495,1574
1632,1545
1386,1414
1428,1511
1434,1376
1656,1604
1518,1466
1548,1566
1435,1555
1612,1557
1450,1461
1399,1438
1422,1490
1553,1612
1384,1348
1559,1549
1558,1530
1470,1448
1286,1399
1549,1585
1359,1361
1554,1510
1566,1551
1654,1572
1433,1519
1367,1395
1506,1552
1573,1582
1576,1580
1577,1581
1362,1475
1604,1541
1614,1592
1487,1412
1492,1518
1465,1433
1633,1506
1429,1435
1503,1542
1602,1541
1529,1576
1631,1594
1595,1586
1535,1480
1505,1452
1412,1404
1458,1447
1562,1509
1418,1426
1630,1548
1511,1397
1462,1624
1374,1423
1480,1472
1434,1497
1404,1413
1575,1550
1453,1503
1508,1428
1413,1435
1603,1548
1534,1582
1454,1523
1315,1376
1370,1448
1669,1585
1633,1572
1603,1637
1528,1600
1358,1441
1662,1585
1388,1452
1539,1592
1644,1547
1363,1461
1464,1304
1629,1497
1590,1530
1452,1540
1486,1560
1562,1560
1555,1567
1555,1574
1498,1405
1454,1450
1433,1422
1504,1542
1402,1476
1648,1485
1507,1512
1486,1394
1586,1521
1408,1454
1394,1509
1410,1424
1565,1498
1579,1652
1425,1481
1366,1475
1427,1441
1440,1416
1690,1551
1468,1295
1513,1476
1532,1578
1496,1444
1552,1504
1543,1516
1481,1492
1618,1409
1380,1469
1373,1469
1543,1447
1432,1443
1577,1544
1567,1568
1600,1576
1421,1493
1425,1459
1434,1484
1547,1604
1655,1426
1394,1439
1439,1415
1595,1432
1474,1513
1355,1376
1499,1514
1632,1547
1318,1422
1547,1487
1420,1384
1581,1540
1438,1449
1646,1572
1593,1501
1787,1680
1371,1549
1549,1483
1516,1460
1534,1517
1622,1506
1605,1563
1480,1438
1642,1577
1406,1439
1387,1353
1397,1464
1530,1519
1424,1444
1490,1424
1636,1544
1471,1472
1542,1601
1460,1419
1495,1441
1484,1528
1374,1442
1520,1626
1550,1646
1517,1605
1650,1569
1454,1418
1509,1564
1370,1432
1510,1554
1506,1474
1382,1461
1474,1531
1592,1553
1308,1380
1408,1475
1613,1479
1646,1569
1475,1431
1682,1650
1599,1617
1586,1475
1623,1632
1472,1454
1551,1624
1439,1461
1440,1511
1644,1554
1463,1477
1368,1427
1497,1410
1604,1638
1484,1523
1606,1568
1419,1400
1417,1424
1599,1561
1457,1392
1471,1390
1468,1453
1629,1511
1403,1522
1641,1618
1546,1531
1412,1439
1596,1697
1552,1596
1479,1498
1617,1618
1452,1525
1498,1498
1433,1513
1342,1347
1282,1362
1484,1397
1480,1493
1532,1544
1648,1598
1435,1384
1512,1514
1623,1415
1533,1439
1477,1500
1451,1472
1661,1553
1388,1493
1516,1478
1488,1514
1645,1541
1388,1446
1466,1499
1528,1508
1566,1603
1535,1524
1517,1612
1525,1527
1652,1571
1348,1426
1538,1596
1374,1508
1610,1539
1595,1482
1516,1545
1394,1367
1367,1454
1457,1499
1430,1428
1486,1538
1426,1462
1515,1518
1367,1404
1612,1681
1497,1545
1623,1625
1392,1499
1630,1422
1689,1537
1561,1522
1617,1501
1520,1476
1329,1471
1287,1419
1571,1502
1519,1435
1488,1557
1542,1479
1633,1513
1316,1406
1470,1491
1521,1420
1688,1589
1605,1550
1450,1421
1469,1509
1645,1495
1663,1525
1529,1620
1452,1415
1572,1592
1421,1437
1273,1452
1498,1577
1602,1558
1626,1570
1459,1476
1523,1445
1466,1456
1369,1405
1588,1582
1569,1588
1483,1501
1383,1414
1614,1466
1565,1561
1646,1532
1336,1432
1407,1491
1440,1531
1420,1457
1457,1552
1467,1598
1385,1406
1636,1606
1474,1514
1669,1630
1357,1336
1378,1411
1547,1569
1581,1581
1513,1624
1517,1517
1607,1612
1482,1447
1504,1547
1665,1568
1365,1424
1385,1429
1495,1468
1426,1485
1387,1388
1402,1391
1513,1560
1480,1448
1556,1513
1599,1520
1624,1538
1617,1610
1433,1564
1475,1511
1407,1455
1623,1574
1414,1334
1557,1599
1370,1361
1620,1556
1444,1461
1622,1536
1381,1456
1535,1518
1371,1395
1519,1583
1531,1586
1517,1574
1569,1553
1510,1531
1475,1527
1571,1487
1586,1604
1444,1473
1596,1570
1385,1457
1647,1546
1389,1442
1573,1586
1471,1539
1606,1536
1361,1393
1494,1448
1684,1508
1401,1342
1610,1632
1468,1374
1567,1553
1374,1339
1375,1456
1457,1489
1477,1389
1585,1540
1443,1363
1597,1550
1430,1524
1645,1477
1489,1546
1377,1412
1426,1456
1571,1527
1512,1449
1623,1562
1551,1571
1368,1404
1463,1446
1371,1500
1436,1482
1367,1321
1605,1529
1429,1391
1438,1474
1413,1449
1502,1560
1380,1423
1436,1446
1370,1413
1466,1411
1414,1518
1412,1519
1403,1490
1390,1391
1449,1466
1360,1460
1550,1499
1477,1472
1375,1376
1319,1436
1513,1491
1580,1565
1558,1511
1404,1410
1456,1472
1352,1437
1586,1611
1616,1531
1464,1415
1397,1457
1629,1643
1355,1474
1608,1545
1549,1457
1483,1514
1430,1482
1491,1392
1606,1578
1314,1339
1645,1589
1547,1434
1493,1603
1372,1369
1426,1396
1541,1441
1530,1413
1619,1598
1401,1466
1416,1452
1404,1406
1448,1479
1578,1541
1405,1425
1560,1537
1493,1520
1495,1376
1468,1443
1423,1409
1574,1622
1397,1476
1675,1587
1422,1402
1363,1458
1473,1541
1467,1431
1499,1492
1550,1558
1553,1536
1439,1537
1545,1568
1598,1582
1458,1460
1448,1415
1606,1444
1494,1508
1556,1563
1445,1443
1564,1542
1422,1406
1482,1538
1413,1575
1534,1450
1556,1596
1381,1436
1433,1403
1483,1420
1444,1429
1512,1485
1454,1478
1602,1555
1564,1595
1385,1399
1551,1608
1545,1552
1648,1579
1368,1377
1632,1559
1419,1413
1546,1525
1597,1538
1424,1344
1434,1357
1565,1487
1439,1455
1638,1615
1530,1518
1424,1360
1526,1572
1353,1485
1453,1515
1511,1627
1584,1539
1477,1581
1548,1684
1530,1540
1490,1534
1516,1584
1675,1563
1601,1489
1487,1484
1368,1439
1331,1419
1417,1448
1523,1483
1592,1578
1430,1514
1526,1518
1641,1568
1293,1422
1550,1600
1642,1552
1585,1611
1474,1473
1519,1583
1369,1390
1490,1579
1494,1470
1647,1553
1439,1569
1600,1531
1573,1490
1475,1449
1384,1462
1511,1529
1496,1536
1316,1460
1560,1421
1466,1553
1560,1496
1544,1563
1517,1473
1576,1535
1503,1461
1400,1441
1364,1466
1596,1578
1502,1447
1456,1425
1652,1588
1569,1649
1501,1548
1646,1618
1600,1633
1385,1325
1542,1526
1400,1338
1551,1630
1529,1379
1315,1377
1674,1536
1410,1471
1493,1440
1434,1463
1571,1554
1423,1454
1393,1464
1539,1395
1476,1474
1563,1459
1581,1519
1480,1562
1612,1633
1549,1648
1577,1581
1568,1507
1607,1555
1452,1462
1570,1565
1619,1543
1436,1360
1381,1422
1594,1552
1418,1447
1552,1510
1552,1551
1527,1498
1692,1565
1431,1352
1548,1555
1468,1483
1300,1417
1564,1558
1313,1433
1531,1519
1413,1424
1388,1426
1486,1471
1538,1469
1549,1499
1382,1479
1458,1461
1640,1606
1621,1565
1485,1504
1548,1496
1608,1527
1403,1461
1385,1456
1360,1445
1617,1561
1346,1473
1579,1598
1663,1630
1701,1570
1444,1400
1549,1597
1385,1411
1382,1433
1656,1500
1573,1603
1530,1381
1463,1403
1510,1524
1460,1506
1591,1635
1400,1453
1412,1470
1603,1588
1398,1314
1687,1557
1584,1590
1394,1405
1617,1557
1639,1593
1408,1351
1433,1398
1619,1621
1472,1412
1610,1624
1391,1464
1507,1581
1467,1507
1578,1587
1656,1526
1363,1398
1457,1599
1487,1454
1523,1486
1343,1451
1573,1524
1342,1447
1599,1593
1612,1663
1382,1487
1467,1490
1378,1453
1499,1499
1506,1448
1458,1394
1407,1469
1425,1515
1410,1543
1565,1537
1528,1540
1473,1462
1628,1581
1365,1441
1379,1455
1482,1380
1521,1558
1319,1449
1492,1504
1488,1473
1279,1385
1374,1491
1638,1523
1431,1451
1460,1415
1541,1518
1390,1504
1413,1489
1514,1482
1653,1590
1434,1313
1397,1453
1490,1441
1550,1650
1604,1576
1584,1577
1431,1495
1488,1506
1578,1453
1541,1617
1636,1621
1427,1439
1684,1586
1545,1599
1585,1588
1394,1521
1439,1385
1415,1387
1497,1443
1435,1533
1439,1459
1521,1498
1565,1550
1489,1512
1569,1520
1341,1350
1402,1512
1433,1423
1433,1422
1389,1413
1637,1564
1402,1373
1362,1525
1435,1550
1370,1430
1314,1428
1416,1353
1612,1597
1489,1424
1435,1377
1401,1437
1555,1559
1370,1426
1380,1415
1462,1550
1425,1511
1455,1423
1428,1469
1525,1393
1410,1469
1450,1510
1440,1419
1384,1367
1454,1360
1468,1451
1517,1481
1555,1580
1401,1380
1387,1491
1500,1565
1575,1596
1499,1452
1532,1669
1511,1550
1634,1576
1457,1513
1344,1503
1563,1480
1543,1473
1418,1444
1613,1570
1557,1530
1508,1459
1594,1603
1426,1471
1658,1560
1526,1463
1393,1487
1465,1436
1349,1397
1495,1537
1546,1544
1538,1631
1483,1497
1341,1428
1510,1619
1514,1496
1466,1491
1420,1539
1614,1495
1408,1348
1601,1643
1573,1580
1445,1447
1551,1519
1340,1410
1383,1492
1464,1533
1552,1601
1619,1573
1579,1514
1558,1603
1313,1485
1439,1473
1469,1553
1587,1564
1393,1382
1320,1403
1521,1579
1476,1616
1576,1525
1637,1593
1578,1619
1358,1357
1592,1623
1368,1343
1645,1514
1369,1489
1655,1598
1392,1454
1556,1548
1542,1584
1360,1406
1528,1591
1429,1444
1546,1545
1480,1461
1351,1324
1600,1546
1460,1460
1541,1548
1487,1410
1396,1381
1629,1623
1444,1507
1393,1413
1399,1387
1626,1476
1410,1454
1413,1490
1593,1545
1519,1403
1645,1540
1445,1406
1554,1535
1479,1539
1553,1486
1554,1617
1494,1504
1661,1530
1509,1473
1484,1566
1498,1493
1569,1598
1314,1434
1531,1586
1380,1474
1611,1633
1334,1427
1475,1572
1375,1423
1343,1422
1374,1383
1414,1434
1660,1607
1454,1373
1429,1345
1581,1657
1507,1492
1430,1540
1455,1444
1717,1563
1534,1640
1665,1535
1408,1482
1470,1428
1487,1577
1519,1504
1485,1457
1646,1540
1578,1643
1250,1377
1571,1590
1569,1474
1477,1505
1628,1593
1376,1428
1525,1629
1400,1370
1532,1666
1558,1601
1548,1577
1389,1473
1480,1410
1334,1353
1412,1441
1642,1579
1351,1387
1315,1515
1422,1480
1468,1503
1260,1354
1611,1540
1414,1427
1498,1459
1324,1454
1626,1624
1508,1467
1535,1499
1609,1615
1631,1638
1412,1457
1368,1495
1446,1386
1469,1561
1378,1449
1575,1556
1479,1455
1628,1588
1403,1539
1621,1590
1628,1642
1620,1513
1426,1523
1341,1356
1416,1348
1616,1594
1479,1511
1434,1512
1520,1521
1388,1427
1628,1548
1530,1533
1624,1675
1363,1439
1514,1425
1542,1474
1441,1528
1525,1627
1482,1480
1568,1562
1544,1523
1679,1641
1630,1539
1474,1550
1402,1472
1459,1483
1561,1558
1415,1416
1541,1533
1542,1598
1444,1460
1522,1496
1398,1428
1361,1356
1391,1539
1526,1447
1409,1346
1627,1599
1357,1377
1421,1498
1473,1532
1301,1349
1361,1529
1479,1481
1546,1538
1540,1478
1489,1469
1665,1535
1330,1417
1293,1453
1385,1442
1582,1510
1618,1595
1544,1541
1606,1590
1475,1473
1341,1370
1624,1596
1396,1387
1665,1550
1718,1622
1597,1539
1379,1413
1352,1392
1672,1604
1510,1440
1585,1610
1658,1585
1581,1602
1622,1636
1645,1588
1396,1456
1572,1592
1442,1403
1633,1561
1549,1584
1602,1526
1584,1620
1399,1550
1382,1417
1437,1363
1585,1561
1379,1507
1375,1414
1584,1482
1388,1395
1371,1407
1438,1482
1380,1397
1352,1414
1551,1560
1635,1621
1532,1430
1672,1639
1283,1330
1579,1583
1561,1604
1641,1506
1390,1452
1487,1495
1528,1623
1509,1422
1425,1588
1461,1432
1481,1536
1471,1509
1533,1614
1316,1396
1343,1438
1525,1562
1645,1563
1632,1581
1497,1559
1622,1564
1481,1435
1578,1548
1537,1519
1370,1415
1534,1479
1718,1509
1456,1456
1427,1445
1586,1677
1354,1417
1482,1398
1634,1562
1442,1426
1568,1475
1449,1426
1405,1462
1630,1615
1624,1663
1509,1500
1465,1465
1629,1572
1507,1492
1340,1427
1480,1626
1360,1374
1547,1473
1586,1633
1462,1473
1335,1486
1707,1561
1354,1405
1605,1574
1451,1357
1447,1398
1520,1522
1542,1601
1543,1616
1310,1348
1369,1446
1518,1442
1499,1531
1580,1487
1368,1374
1356,1421
1317,1344
1429,1349
1375,1412
1418,1434
1556,1554
1432,1456
1358,1354
1380,1491
1625,1581
1633,1587
1445,1432
1460,1447
1475,1492
1559,1555
1447,1482
1670,1624
1443,1469
1329,1444
1495,1466
1466,1563
1352,1424
1459,1485
1415,1409
1358,1366
1481,1362
1263,1385
1380,1429
1687,1607
1549,1527
1422,1421
1570,1582
1491,1510
1603,1614
1530,1527
1645,1538
1693,1599
1469,1442
1352,1433
1528,1551
1601,1498
1530,1517
1565,1600
1669,1610
1701,1598
1404,1431
1612,1580
1488,1615
1346,1416
1424,1465
1389,1385
1393,1384
1397,1406
1628,1663
1474,1449
1357,1383
1641,1566
1500,1575
1343,1446
1538,1527
1607,1644
1403,1393
1533,1372
1459,1414
1716,1613
1389,1476
1487,1508
1580,1579
1460,1523
1452,1423
1643,1566
1379,1429
1409,1429
1548,1528
1658,1630
1541,1516
1406,1415
1411,1456
1371,1496
1449,1512
1515,1434
1271,1378
1544,1479
1600,1514
1352,1437
1525,1488
1590,1543
1592,1515
1579,1624
1494,1478
1531,1509
1578,1524
1547,1497
1501,1482
1588,1557
1522,1501
1605,1596
1581,1600
1598,1632
1596,1501
1680,1607
1422,1427
1444,1503
1630,1523
1490,1467
1401,1408
1371,1412
1438,1403
1638,1594
1537,1510
1553,1470
1384,1401
1411,1425
1339,1383
1672,1646
1467,1483
1573,1543
1596,1595
1583,1591
1387,1485
1526,1478
1373,1469
1573,1540
1555,1585
1628,1679
1576,1512
1329,1434
1384,1377
1554,1459
1608,1527
1619,1624
1604,1520
1566,1518
1474,1451
1575,1652
1317,1453
1568,1595
1683,1632
1678,1612
1338,1381
1598,1616
1622,1558
1617,1487
1474,1502
1438,1344
1393,1468
1610,1568
1675,1582
1568,1602
1325,1452
1555,1493
1390,1439
1389,1411
1540,1488
1628,1633
1398,1418
1651,1605
1726,1600
1417,1444
1615,1663
1348,1479
1516,1476
1547,1521
1570,1555
1661,1597
1339,1446
1314,1344
1388,1499
1500,1548
1658,1629
1624,1649
1443,1477
1471,1547
1603,1595
1667,1578
1570,1519
1498,1503
1614,1632
1567,1567
1640,1563
1663,1646
1517,1419
1397,1334
1616,1617
1607,1554
1567,1582
1421,1537
1297,1353
1450,1474
1634,1665
1420,1415
1443,1491
1580,1589
1384,1412
1621,1592
1598,1613
1462,1499
1627,1558
1490,1586
1525,1559
1362,1364
1587,1574
1519,1431
1564,1531
1617,1539
1691,1510
1540,1520
1388,1404
1462,1550
1506,1509
1568,1580
1590,1577
1422,1383
1242,1418
1706,1609
1436,1523
1414,1302
1369,1369
1613,1629
1486,1449
1431,1423
1613,1599
1395,1334
1613,1584
1618,1608
1366,1483
1479,1570
1486,1491
1453,1368
1621,1616
1708,1645
1476,1478
1619,1621
1458,1484
1474,1559
1209,1414
1379,1359
1382,1434
1479,1381
1345,1442
1503,1484
1540,1522
1339,1392
1367,1415
1421,1405
1426,1459
1703,1632
1582,1609
1632,1580
1671,1576
1480,1564
1657,1609
1610,1616
1674,1618
1664,1593
1496,1558
1680,1625
1474,1514
1387,1463
1591,1602
1554,1597
1489,1420
1595,1514
1441,1590
1338,1458
1579,1560
1631,1541
1570,1609
1344,1397
1511,1510
1487,1477
1395,1396
1673,1608
1469,1423
1551,1578
1477,1510
1374,1488
1514,1522
1427,1572
1358,1503
1468,1452
1427,1347
1665,1641
1336,1388
1539,1548
1594,1642
1566,1601
1488,1566
1389,1350
1555,1590
1479,1542
1633,1617
1511,1426
1269,1390
1524,1505
1638,1575
1582,1549
1391,1401
1423,1547
1380,1352
1355,1370
1669,1703
1393,1441
1530,1589
1542,1614
1645,1591
1584,1567
1666,1488
1548,1460
1464,1470
1428,1418
1395,1367
1547,1541
1348,1424
1616,1610
1451,1445
1304,1478
1645,1673
1423,1390
1337,1380
1382,1353
1360,1380
1571,1505
1398,1446
1421,1596
1335,1411
1555,1561
1578,1639
1465,1455
1382,1379
1487,1513
1670,1556
1364,1501
1679,1572
1603,1621
1498,1440
1445,1505
1495,1476
1635,1591
1498,1529
1332,1410
1490,1449
1345,1494
1493,1466
1528,1395
1439,1373
1613,1578
1594,1493
1429,1387
1675,1602
1366,1472
1471,1429
1380,1443
1698,1621
1624,1625
1310,1391
1435,1433
1368,1405
1582,1726
1403,1471
1329,1511
1667,1653
1412,1410
1587,1572
1677,1660
1359,1369
1391,1462
1495,1453
1337,1361
1578,1513
1489,1622
1434,1555
1542,1636
1492,1498
1490,1422
1414,1396
1388,1412
1634,1477
1575,1539
1510,1552
1547,1694
1452,1378
1548,1571
1589,1575
1251,1463
1577,1494
1528,1532
1585,1589
1619,1554
1654,1556
1471,1592
1578,1495
1432,1394
1521,1478
1428,1464
1344,1504
1529,1511
1417,1555
1606,1640
1455,1306
1516,1593
1386,1423
1597,1609
1662,1569
1349,1318
1428,1478
1570,1639
1510,1546
1503,1482
1384,1372
1345,1439
1632,1564
1401,1435
1391,1472
1354,1471
1470,1505
1612,1668
1398,1429
1502,1598
1618,1617
1637,1656
1687,1644
1556,1558
1406,1326
1463,1481
1421,1480
1679,1568
1550,1616
1343,1318
1679,1556
1457,1423
1511,1425
1537,1466
1669,1606
1620,1520
1410,1464
1490,1413
1342,1407
1465,1503
1680,1654
1569,1501
1360,1453
1433,1415
1452,1389
1377,1412
1438,1411
1558,1512
1466,1587
1474,1557
1472,1497
1281,1343
1428,1473
1456,1543
1500,1457
1564,1531
1558,1634
1453,1404
1612,1521
1578,1568
1465,1455
1614,1612
1639,1594
1484,1386
1386,1388
1634,1530
1409,1426
1343,1447
1522,1475
1622,1594
1574,1523
1329,1413
1411,1468
1477,1389
1308,1369
1445,1405
1522,1578
1584,1473
1364,1334
1367,1389
1328,1433
1389,1358
1397,1441
1525,1520
1527,1440
1395,1431
1393,1533
1497,1556
1669,1598
1650,1664
1435,1410
1416,1420
1554,1454
1506,1528
1604,1456
1407,1492
1467,1543
1508,1416
1368,1495
1610,1646
1368,1471
1590,1627
1614,1430
1613,1576
1438,1510
1405,1398
1418,1407
1668,1628
1533,1548
1596,1631
1544,1554
1537,1472
1451,1540
1311,1374
1450,1496
1567,1519
1501,1400
1383,1352
1507,1540
1713,1608
1635,1619
1286,1501
1410,1427
1334,1343
1656,1563
1598,1628
1451,1455
1352,1475
1655,1570
1476,1350
1579,1635
1675,1634
1510,1413
1696,1683
1676,1613
1586,1453
1627,1553
1466,1572
1352,1360
1513,1519
1314,1375
1487,1472
1673,1627
1421,1397
1467,1378
1557,1553
1645,1658
1319,1392
1595,1643
1439,1360
1425,1554
1610,1629
1504,1592
1413,1454
1526,1535
1462,1507
1532,1523
1386,1416
1457,1584
1350,1301
1555,1596
1553,1516
1649,1606
1421,1500
1391,1481
1314,1454
1277,1454
1621,1608
1331,1420
1547,1616
1355,1492
1320,1472
1624,1562
1596,1609
1662,1610
1576,1546
1606,1563
1479,1472
1319,1364
1635,1651
1417,1386
1494,1490
1706,1530
1345,1376
1395,1424
1585,1594
1512,1507
1472,1596
1348,1487
1350,1497
1374,1367
1675,1594
1403,1468
1543,1528
1419,1444
1372,1393
1364,1421
1405,1431
1332,1361
1558,1678
1665,1548
1610,1537
1585,1521
1625,1639
1507,1451
1492,1477
1535,1554
1324,1462
1694,1667
1421,1525
1434,1444
1408,1291
1467,1408
1475,1534
1558,1474
1489,1405
1599,1595
1462,1446
1667,1578
1392,1397
1743,1546
1466,1568
1406,1440
1328,1403
1451,1437
1327,1439
1515,1626
1501,1456
1459,1429
1623,1618
1408,1486
1510,1607
1485,1474
1649,1570
1472,1392
1484,1467
1458,1354
1365,1348
1473,1590
1302,1389
1363,1417
1475,1554
1669,1666
1360,1399
1393,1435
1490,1447
1612,1539
1726,1622
1534,1656
1424,1503
1425,1453
1422,1467
1535,1619
1618,1696
1292,1355
1380,1418
1394,1466
1650,1641
1373,1523
1639,1610
1419,1378
1463,1500
1283,1417
1520,1397
1613,1638
1407,1486
1309,1427
1730,1564
1508,1410
1457,1442
1296,1436
1736,1632
1525,1503
1625,1622
1396,1383
1326,1430
1640,1618
1406,1489
1398,1366
1724,1568
1491,1611
1330,1452
1617,1626
1464,1611
1361,1422
1710,1606
1281,1408
1496,1577
1404,1399
1655,1454
1388,1420
1605,1610
1467,1453
1387,1419
1637,1610
1379,1352
1595,1532
1451,1394
1374,1374
1576,1577
1389,1399
1549,1539
1691,1700
1329,1363
1486,1411
1368,1371
1502,1530
1441,1532
1614,1572
1473,1525
1376,1365
1326,1403
1491,1412
1384,1393
1334,1413
1440,1556
1327,1394
1607,1590
1482,1613
1464,1536
1494,1654
1614,1566
1583,1536
1590,1608
1585,1555
1631,1672
1312,1388
1565,1624
1341,1314
1471,1421
1545,1492
1502,1598
1421,1385
1478,1466
1580,1602
1655,1636
1557,1607
1426,1450
1563,1539
1563,1505
1563,1531
1610,1486
1445,1422
1641,1565
1451,1435
1426,1400
1420,1559
1545,1573
1528,1479
1436,1447
1369,1364
1360,1437
1601,1566
1425,1546
1399,1368
1370,1386
1501,1473
1386,1474
1254,1377
1393,1447
1559,1480
1379,1381
1317,1373
1346,1352
1461,1334
1528,1673
1438,1515
1391,1362
1669,1597
1658,1584
1586,1548
1620,1559
1587,1600
1551,1621
1420,1354
1578,1555
1403,1411
1337,1423
1423,1345
1451,1500
1382,1398
1415,1408
1289,1362
1349,1388
1632,1607
1440,1592
1666,1634
1378,1351
1513,1488
1635,1581
1406,1481
1426,1398
1505,1517
1620,1590
1345,1382
1621,1718
1454,1469
1507,1533
1575,1590
1567,1453
1409,1412
1567,1645
1347,1375
1691,1557
1376,1405
1543,1583
1680,1524
1542,1447
1474,1481
1513,1629
1395,1323
1340,1398
1408,1355
1439,1369
1380,1406
1539,1421
1472,1528
1506,1519
1433,1391
1417,1412
1563,1556
1502,1366
1609,1534
1429,1382
1341,1367
1503,1506
1582,1460
1600,1494
1356,1437
1562,1575
1622,1635
1350,1365
1610,1629
1560,1498
1390,1360
1412,1500
1595,1604
1390,1485
1557,1555
1522,1664
1478,1483
1579,1599
1610,1522
1614,1589
1576,1502
1426,1502
1473,1462
1439,1541
1339,1476
1501,1514
1525,1505
1455,1421
1328,1333
1613,1547
1597,1579
1608,1564
1415,1475
1578,1510
1531,1452
1487,1484
1615,1564
1528,1505
1601,1619
1571,1634
1558,1549
1573,1576
1530,1474
1572,1577
1410,1418
1566,1585
1649,1661
1486,1428
1549,1510
1583,1573
1515,1442
1632,1626
1582,1468
1384,1407
1476,1470
1544,1514
1637,1621
1338,1392
1422,1485
1460,1587
1395,1427
1417,1394
1410,1333
1407,1386
1327,1416
1445,1398
1552,1524
1356,1433
1401,1440
1407,1407
1577,1623
1542,1595
1350,1458
1650,1583
1456,1469
1410,1458
1332,1406
1436,1613
1372,1456
1623,1609
1462,1412
1594,1461
1525,1497
1653,1616
1622,1559
1503,1526
1588,1537
1491,1473
1441,1570
1393,1401
1438,1459
1504,1536
1675,1562
1535,1433
1385,1427
1291,1454
1697,1661
1700,1574
1559,1490
1428,1425
1621,1539
1253,1374
1628,1556
1360,1397
1566,1572
1560,1489
1608,1622
1347,1432
1322,1384
1647,1633
1638,1575
1551,1608
1525,1504
1548,1440
1622,1601
1442,1357
1710,1573
1468,1452
1710,1606
1610,1602
1665,1633
1579,1668
1410,1396
1518,1416
1410,1438
1609,1564
1550,1418
1458,1446
1637,1532
1398,1479
1645,1568
1426,1444
1393,1417
1355,1466
1481,1479
1426,1520
1345,1367
1715,1546
1695,1529
1532,1535
1494,1412
1353,1494
1696,1666
1435,1390
1667,1559
1495,1673
1494,1355
1685,1619
1419,1452
1346,1368
1472,1466
1322,1464
1594,1596
1382,1433
1451,1435
1665,1657
1321,1479
1592,1503
1419,1422
1384,1389
1566,1620
1487,1414
1420,1400
1617,1609
1409,1475
1580,1635
1439,1434
1479,1444
1386,1401
1673,1570
1650,1554
1632,1570
1439,1396
1583,1583
1347,1439
1611,1590
1607,1587
1618,1600
1607,1488
1572,1544
1379,1332
1362,1406
1357,1409
1520,1607
1542,1518
1541,1532
1516,1630
1549,1474
1521,1573
1414,1427
1681,1590
1645,1536
1329,1446
1456,1400
1421,1445
1667,1586
1399,1427
1624,1657
1605,1566
1522,1500
1527,1531
1592,1495
1369,1475
1621,1516
1626,1602
1573,1515
1318,1454
1456,1418
1488,1581
1448,1443
1617,1505
1280,1378
1639,1641
1488,1418
1649,1581
1628,1586
1584,1529
1636,1502
1473,1472
1462,1595
1403,1491
1454,1396
1509,1419
1426,1413
1352,1397
1465,1505
1385,1438
1635,1662
1555,1531
1557,1489
1473,1558
1649,1616
1557,1566
1523,1378
1434,1476
1596,1516
1524,1467
1380,1382
1472,1377
1604,1589
1460,1432
1396,1420
1692,1540
1350,1439
1574,1477
1641,1513
1319,1404
1339,1442
1696,1517
1505,1497
1364,1345
1441,1408
1401,1419
1556,1427
1574,1564
1453,1431
1475,1549
1456,1437
1512,1439
1515,1534
1506,1365
1390,1384
1362,1502
1508,1471
1675,1576
1578,1596
1536,1610
1681,1700
1403,1396
1323,1431
1557,1636
1368,1407
1475,1519
1639,1598
1529,1657
1348,1453
1567,1571
1563,1566
1356,1363
1445,1484
1384,1355
1541,1513
1627,1516
1343,1442
1432,1554
1558,1555
1560,1505
1446,1418
1576,1566
1600,1539
1394,1475
1401,1345
1520,1496
1491,1420
1302,1361
1595,1671
1657,1527
1574,1670
1631,1570
1594,1559
1546,1548
1669,1658
1360,1429
1370,1465
1357,1418
1601,1522
1426,1447
1547,1624
1635,1528
1611,1586
1361,1388
1312,1335
1454,1554
1583,1525
1537,1543
1391,1427
1346,1424
1443,1451
1450,1470
1492,1575
1668,1465
1714,1592
1363,1514
1363,1451
1582,1560
1484,1441
1552,1536
1688,1579
1610,1581
1595,1518
1699,1619
1507,1476
1329,1433
1626,1583
1643,1608
1563,1596
1624,1561
1628,1665
1345,1349
1495,1467
1670,1589
1463,1471
1402,1433
1460,1481
1695,1658
1404,1413
1478,1540
1415,1502
1540,1479
1494,1470
1456,1380
1682,1527
1374,1465
1440,1550
1590,1589
1376,1386
1345,1437
1653,1573
1546,1552
1331,1385
1540,1564
1613,1578
1606,1556
1433,1385
1286,1342
1718,1604
1381,1453
1606,1556
1612,1535
1338,1387
1644,1640
1539,1536
1657,1547
1477,1369
1349,1427
1598,1453
1493,1589
1674,1594
1689,1616
1390,1418
1515,1509
1327,1426
1649,1589
1608,1575
1498,1599
1379,1529
1582,1526
1432,1347
1428,1515
1385,1356
1366,1440
1448,1456
1436,1458
1652,1578
1656,1587
1496,1582
1419,1359
1597,1589
1395,1368
1658,1647
1417,1375
1574,1526
1548,1559
1643,1543
1511,1642
1381,1448
1427,1437
1411,1556
1573,1554
1431,1523
1656,1645
1572,1580
1717,1595
1360,1372
1662,1631
1597,1428
1346,1347
1578,1540
1422,1362
1607,1565
1538,1572
1424,1456
1617,1510
1578,1576
1594,1617
1365,1415
1388,1433
1396,1449
1409,1412
1383,1440
1453,1548
1670,1622
1473,1460
1388,1412
1528,1555
1345,1430
1394,1381
1407,1573
1574,1488
1586,1612
1339,1453
1409,1408
1569,1472
1456,1417
1692,1673
1614,1516
1540,1596
1441,1558
1404,1434
1387,1388
1574,1561
1293,1414
1468,1447
1437,1521
1477,1462
1393,1469
1450,1418
1501,1513
1595,1562
1482,1510
1549,1584
1513,1528
1548,1567
1562,1591
1336,1396
1405,1549
1597,1564
1482,1417
1606,1653
1447,1453
1579,1551
1392,1385
1540,1636
1590,1541
1302,1559
1420,1517
1530,1563
1524,1556
1481,1597
1423,1561
1603,1600
1666,1564
1507,1419
1682,1576
1422,1439
1423,1463
1573,1504
1548,1483
1619,1590
1493,1605
1514,1537
1392,1470
1502,1448
1536,1591
1462,1461
1501,1473
1652,1544
1538,1551
1430,1508
1412,1262
1675,1520
