ch1,ch2
1448,1469
1455,1467
1452,1469
1438,1457
1467,1481
1466,1460
1444,1464
1456,1466
1447,1463
1474,1509
1440,1480
1471,1489
1488,1491
1470,1486
1498,1500
1468,1497
1494,1485
1491,1477
1483,1512
1499,1483
1481,1517
1485,1495
1498,1505
1498,1524
1503,1507
1490,1501
1499,1503
1493,1503
1500,1515
1486,1504
1500,1507
1500,1501
1496,1516
1515,1516
1526,1528
1508,1497
1519,1530
1527,1523
1520,1518
1519,1526
1508,1527
1544,1513
1536,1515
1496,1520
1520,1537
1530,1528
1543,1518
1528,1536
1523,1517
1559,1518
1520,1529
1513,1533
1534,1515
1518,1521
1525,1534
1524,1511
1547,1534
1551,1520
1544,1524
1540,1538
1521,1535
1560,1509
1549,1529
1544,1525
1554,1535
1529,1531
1552,1533
1558,1521
1515,1520
1522,1514
1542,1547
1526,1540
1539,1544
1508,1539
1552,1533
1499,1523
1563,1514
1537,1511
1525,1528
1522,1519
1546,1479
1519,1518
1525,1498
1523,1515
1520,1498
1487,1496
1541,1490
1524,1507
1549,1504
1518,1537
1499,1482
1530,1511
1519,1502
1527,1486
1494,1508
1494,1501
1503,1481
1508,1487
1514,1487
1526,1493
1538,1495
1482,1472
1512,1484
1497,1491
1473,1492
1493,1462
1489,1489
1479,1449
1458,1484
1502,1490
1501,1469
1463,1452
1482,1474
1477,1448
1488,1453
1474,1453
1479,1481
1478,1449
1454,1464
1453,1449
1461,1456
1449,1459
1440,1433
1462,1435
1467,1445
1458,1435
1478,1437
1428,1440
1445,1439
1443,1456
1446,1436
1447,1445
1453,1426
1437,1432
1440,1421
1439,1427
1430,1424
1437,1431
1443,1405
1431,1410
1435,1425
1448,1411
1415,1416
1429,1416
1431,1407
1417,1411
1430,1407
1389,1390
1417,1411
1383,1395
1417,1395
1392,1414
1410,1399
1406,1396
1405,1408
1385,1391
1404,1399
1392,1396
1402,1380
1406,1373
1370,1387
1370,1389
1388,1385
1377,1387
1389,1373
1393,1383
1393,1375
1387,1387
1346,1371
1388,1388
1370,1383
1383,1384
1377,1365
1364,1390
1373,1340
1391,1374
1365,1361
1366,1379
1354,1380
1388,1362
1356,1367
1386,1360
1388,1370
1345,1362
1375,1377
1370,1391
1347,1368
1350,1366
1357,1382
1395,1380
1364,1372
1373,1370
1357,1392
1381,1383
1371,1363
1372,1382
1372,1378
1348,1389
1367,1368
1355,1362
1356,1394
1351,1363
1359,1385
1347,1377
1374,1366
1366,1413
1362,1376
1365,1404
1381,1383
1366,1381
1370,1376
1376,1379
1363,1377
1374,1397
1386,1407
1367,1395
1356,1405
1371,1401
1376,1390
1385,1402
1388,1407
1394,1411
1385,1383
1407,1388
1384,1411
1380,1391
1387,1405
1361,1419
1377,1410
1412,1428
1388,1404
1382,1393
1429,1427
1399,1412
1372,1440
1409,1414
1392,1432
1405,1435
1413,1405
1411,1426
1413,1445
1422,1448
1446,1441
1417,1432
1416,1446
1424,1443
1416,1433
1437,1446
1404,1439
1427,1470
1445,1455
1428,1461
1453,1441
1436,1455
1442,1462
1438,1478
1442,1470
1456,1462
1459,1491
1460,1466
1464,1477
1497,1466
1431,1475
1472,1482
1463,1484
1470,1480
1455,1482
1454,1495
1476,1483
1465,1475
1477,1492
1484,1472
1482,1495
1471,1501
1495,1491
1481,1501
1511,1504
1479,1489
1509,1500
1493,1511
1503,1491
1485,1512
1502,1495
1496,1513
1507,1518
1516,1528
1518,1525
1508,1528
1510,1519
1509,1524
1531,1529
1531,1502
1523,1531
1498,1529
1544,1516
1531,1536
1533,1527
1507,1531
1546,1530
1527,1501
1511,1519
1538,1523
1523,1532
1530,1519
1541,1530
1531,1526
1548,1526
1528,1515
1520,1512
1557,1504
1516,1527
1527,1527
1552,1534
1527,1523
1538,1527
1544,1537
1538,1513
1497,1536
1544,1510
1549,1539
1509,1516
1566,1548
1544,1525
1538,1510
1533,1522
1566,1524
1567,1524
1531,1515
1535,1511
1556,1538
1559,1516
1545,1520
1527,1503
1522,1517
1513,1504
1553,1523
1508,1517
1525,1526
1507,1511
1521,1534
1532,1507
1524,1526
1523,1523
1497,1539
1524,1514
1520,1499
1528,1501
1520,1512
1515,1511
1516,1480
1518,1506
1509,1496
1508,1487
1493,1496
1507,1487
1484,1497
1497,1494
1506,1500
1499,1487
1506,1485
1505,1472
1495,1472
1485,1488
1480,1469
1480,1465
1487,1499
1521,1465
1478,1451
1488,1458
1481,1455
1471,1477
1475,1453
1470,1456
1465,1459
1469,1450
1473,1450
1487,1437
1473,1453
1453,1439
1474,1439
1467,1446
1459,1442
1450,1443
1449,1445
1469,1434
1448,1424
1478,1435
1469,1441
1456,1413
1440,1431
1446,1425
1427,1441
1467,1414
1436,1417
1434,1428
1451,1416
1427,1404
1425,1408
1415,1428
1403,1402
1403,1403
1418,1395
1446,1407
1394,1401
1391,1401
1438,1412
1399,1402
1406,1385
1420,1406
1404,1405
1403,1405
1387,1381
1396,1390
1373,1390
1391,1390
1408,1373
1379,1394
1401,1384
1386,1382
1368,1392
1385,1378
1371,1367
1373,1374
1390,1384
1381,1381
1378,1378
1369,1387
1361,1379
1370,1346
1380,1370
1371,1387
1375,1403
1388,1374
1368,1363
1374,1366
1393,1365
1360,1371
1366,1364
1377,1367
1373,1368
1353,1363
1352,1365
1363,1359
1382,1363
1351,1371
1358,1371
1365,1365
1378,1335
1360,1368
1374,1393
1374,1376
1347,1366
1361,1384
1367,1376
1348,1386
1358,1372
1352,1379
1359,1386
1376,1383
1358,1369
1382,1372
1357,1382
1377,1399
1349,1370
1355,1383
1359,1404
1361,1389
1353,1366
1383,1394
1393,1381
1374,1408
1373,1390
1358,1401
1360,1385
1374,1386
1380,1392
1409,1390
1398,1404
1393,1397
1386,1416
1386,1406
1385,1387
1404,1409
1391,1412
1391,1403
1373,1406
1426,1416
1399,1398
1410,1406
1388,1427
1387,1423
1405,1428
1426,1434
1424,1443
1411,1432
1430,1431
1422,1417
1429,1422
1420,1439
1417,1453
1431,1421
1419,1455
1431,1446
1452,1451
1448,1446
1452,1466
1445,1453
1447,1455
1410,1460
1454,1454
1446,1448
1446,1477
1443,1467
1454,1483
1449,1464
1462,1450
1481,1461
1445,1472
1462,1485
1444,1473
1491,1476
1470,1468
1473,1474
1480,1474
1493,1488
1452,1483
1489,1502
1495,1485
1494,1485
1488,1499
1477,1499
1489,1501
1495,1504
1500,1501
1491,1492
1500,1505
1492,1507
1511,1494
1499,1510
1498,1506
1516,1501
1528,1506
1514,1521
1517,1497
1516,1507
1526,1536
1499,1511
1514,1524
1526,1521
1521,1518
1520,1525
1532,1507
1536,1517
1553,1523
1507,1541
1512,1525
1512,1521
1530,1530
1524,1521
1532,1536
1521,1539
1522,1526
1541,1536
1522,1530
1531,1531
1540,1521
1537,1526
1567,1527
1537,1554
1541,1547
1538,1515
1550,1529
1531,1534
1538,1529
1522,1515
1537,1522
1531,1536
1554,1507
1565,1538
1555,1528
1536,1534
1548,1533
1555,1539
1535,1528
1548,1505
1518,1524
1528,1530
1521,1527
1546,1529
1504,1513
1546,1513
1526,1512
1528,1500
1529,1513
1544,1505
1542,1515
1540,1519
1526,1518
1543,1504
1534,1528
1537,1525
1551,1516
1508,1486
1508,1504
1509,1487
1523,1514
1522,1489
1513,1489
1522,1491
1535,1491
1510,1495
1493,1488
1517,1485
1510,1490
1480,1476
1505,1487
1508,1492
1468,1474
1501,1486
1487,1475
1483,1480
1480,1460
1495,1463
1501,1479
1484,1489
1475,1453
1466,1468
1479,1468
1470,1454
1478,1454
1486,1463
1478,1464
1482,1438
1490,1452
1458,1468
1445,1456
1459,1426
1443,1429
1450,1433
1444,1432
1431,1443
1459,1433
1446,1426
1439,1441
1448,1419
1444,1432
1448,1425
1425,1433
1427,1415
1435,1420
1443,1417
1424,1394
1407,1412
1422,1416
1424,1416
1428,1411
1411,1423
1423,1400
1438,1397
1399,1381
1428,1402
1414,1387
1410,1386
1393,1413
1415,1400
1393,1412
1404,1404
1418,1406
1379,1402
1400,1383
1363,1381
1384,1384
1408,1399
1367,1390
1396,1396
1380,1388
1369,1387
1370,1384
1379,1372
1372,1385
1379,1372
1376,1364
1351,1384
1388,1372
1393,1381
1381,1374
1389,1374
1368,1369
1375,1364
1352,1354
1340,1370
1364,1374
1370,1371
1362,1361
1347,1352
1364,1349
1372,1366
1372,1377
1350,1364
1363,1364
1380,1363
1375,1365
1367,1367
1380,1370
1371,1368
1381,1356
1349,1376
1342,1370
1341,1371
1352,1376
1343,1370
1348,1360
1372,1392
1353,1372
1377,1390
1367,1366
1349,1378
1350,1366
1362,1379
1347,1390
1350,1364
1350,1382
1359,1379
1356,1387
1365,1390
1368,1385
1379,1393
1368,1365
1365,1396
1417,1395
1380,1400
1364,1389
1374,1391
1388,1423
1377,1422
1363,1403
1376,1407
1392,1406
1395,1400
1396,1403
1414,1415
1388,1427
1396,1416
1393,1428
1399,1432
1389,1423
1407,1424
1404,1427
1405,1430
1407,1422
1405,1399
1394,1435
1391,1428
1407,1437
1417,1438
1386,1441
1413,1436
1439,1425
1419,1450
1432,1438
1437,1469
1439,1477
1429,1432
1423,1439
1435,1470
1443,1474
1448,1462
1436,1446
1449,1463
1456,1473
1440,1473
1456,1475
1448,1485
1460,1472
1468,1482
1468,1474
1472,1473
1482,1492
1482,1496
1479,1476
1459,1484
1482,1477
1508,1473
1480,1494
1488,1479
1477,1509
1473,1505
1487,1485
1510,1487
1503,1509
1515,1521
1526,1521
1486,1491
1508,1509
1487,1493
1508,1513
1510,1518
1508,1503
1520,1518
1523,1508
1502,1527
1491,1514
1529,1529
1500,1504
1537,1528
1502,1530
1513,1523
1548,1526
1530,1540
1503,1517
1522,1510
1557,1512
1527,1521
1527,1530
1520,1530
1529,1545
1536,1522
1521,1525
1534,1529
1545,1542
1528,1542
1546,1560
1519,1532
1541,1516
1558,1513
1538,1539
1541,1515
1558,1529
1549,1524
1533,1529
1529,1518
1533,1529
1531,1534
1545,1547
1552,1518
1549,1528
1559,1518
1540,1523
1540,1526
1545,1527
1539,1541
1553,1514
1553,1516
1543,1524
1538,1514
1522,1526
1544,1514
1534,1517
1520,1518
1526,1509
1527,1514
1515,1517
1540,1510
1527,1524
1538,1524
1517,1506
1520,1509
1521,1524
1541,1503
1538,1494
1500,1491
1530,1520
1528,1500
1512,1510
1491,1496
1514,1485
1507,1500
1521,1494
1485,1491
1510,1490
1506,1482
1507,1499
1510,1477
1497,1487
1494,1490
1497,1474
1486,1463
1485,1490
1476,1470
1486,1481
1499,1461
1493,1490
1484,1460
1479,1453
1490,1471
1458,1460
1470,1445
1480,1461
1491,1447
1448,1448
1447,1437
1459,1457
1467,1442
1457,1440
1474,1452
1452,1429
1442,1430
1448,1437
1443,1449
1431,1438
1436,1449
1447,1429
1454,1422
1430,1432
1437,1426
1417,1432
1462,1402
1420,1413
1418,1388
1419,1403
1427,1409
1420,1403
1438,1406
1420,1408
1420,1394
1397,1392
1402,1402
1390,1394
1403,1397
1422,1392
1383,1395
1405,1389
1398,1389
1394,1396
1392,1393
1395,1401
1409,1378
1383,1366
1363,1376
1399,1400
1412,1388
1402,1397
1392,1381
1359,1372
1372,1362
1384,1375
1381,1392
1379,1381
1371,1357
1360,1376
1373,1383
1347,1363
1367,1365
1345,1373
1380,1372
1370,1374
1368,1363
1361,1366
1366,1366
1372,1369
1375,1364
1373,1367
1356,1364
1370,1375
1376,1381
1365,1351
1352,1370
1367,1366
1349,1377
1360,1360
1351,1350
1361,1356
1363,1364
1353,1376
1343,1387
1379,1372
1331,1354
1361,1343
1362,1377
1358,1376
1336,1380
1366,1392
1355,1393
1351,1379
1332,1371
1360,1357
1351,1384
1352,1385
1352,1370
1375,1383
1358,1379
1396,1388
1344,1386
1370,1394
1346,1393
1392,1390
1367,1387
1384,1383
1384,1414
1375,1394
1361,1404
1375,1379
1389,1405
1381,1408
1373,1408
1372,1412
1371,1416
1390,1414
1376,1411
1382,1412
1401,1401
1386,1404
1393,1411
1390,1433
1384,1438
1389,1416
1412,1428
1416,1416
1406,1425
1411,1441
1421,1418
1413,1429
1403,1444
1419,1429
1444,1430
1430,1441
1427,1453
1451,1445
1399,1473
1428,1466
1438,1477
1423,1471
1446,1474
1451,1469
1465,1467
1448,1476
1438,1468
1455,1469
1452,1460
1455,1468
1454,1471
1477,1481
1483,1472
1478,1462
1463,1496
1476,1490
1486,1489
1460,1493
1489,1506
1472,1502
1475,1501
1476,1489
1486,1496
1512,1491
1495,1507
1488,1499
1470,1504
1494,1514
1482,1520
1474,1503
1497,1506
1523,1506
1507,1504
1517,1515
1504,1530
1512,1508
1512,1517
1526,1518
1534,1511
1519,1516
1538,1524
1534,1520
1514,1529
1536,1526
1509,1529
1525,1529
1516,1539
1527,1509
1539,1520
1551,1528
1514,1541
1526,1519
1531,1530
1519,1540
1535,1513
1531,1529
1552,1526
1542,1528
1550,1526
1523,1522
1534,1543
1523,1541
1535,1537
1560,1534
1554,1524
1538,1532
1551,1525
1535,1547
1555,1524
1556,1526
1551,1530
1533,1542
1568,1522
1518,1538
1533,1541
1533,1534
1545,1516
1534,1538
1555,1532
1545,1522
1542,1542
1559,1518
1544,1523
1530,1520
1526,1500
1532,1510
1522,1518
1532,1525
1522,1493
1532,1518
1548,1498
1513,1511
1528,1522
1511,1511
1559,1515
1528,1495
1538,1505
1534,1505
1536,1492
1508,1492
1515,1483
1507,1495
1509,1495
1507,1486
1529,1486
1512,1488
1506,1481
1512,1492
1496,1481
1503,1486
1496,1474
1494,1466
1493,1473
1500,1481
1487,1462
1489,1459
1497,1473
1458,1458
1479,1473
1459,1458
1473,1450
1476,1446
1486,1452
1470,1462
1478,1445
1467,1431
1465,1430
1461,1467
1459,1417
1478,1445
1458,1427
1453,1454
1453,1425
1412,1433
1435,1445
1458,1431
1442,1425
1430,1424
1425,1435
1446,1416
1435,1420
1431,1416
1422,1433
1435,1415
1434,1409
1434,1439
1442,1409
1418,1396
1418,1409
1432,1398
1409,1388
1410,1413
1401,1395
1400,1389
1386,1378
1406,1381
1414,1377
1402,1387
1396,1407
1388,1381
1405,1398
1400,1379
1392,1385
1386,1390
1396,1371
1379,1383
1384,1369
1377,1370
1388,1385
1374,1365
1384,1374
1367,1365
1379,1384
1402,1369
1377,1366
1342,1373
1373,1360
1355,1364
1364,1368
1371,1362
1383,1367
1350,1372
1344,1377
1380,1370
1361,1386
1354,1376
1354,1366
1366,1356
1347,1371
1357,1365
1373,1364
1344,1371
1368,1362
1378,1356
1336,1368
1353,1373
1362,1384
1356,1391
1364,1361
1372,1352
1368,1362
1361,1367
1375,1360
1348,1373
1352,1353
1365,1359
1363,1360
1359,1374
1357,1369
1344,1367
1365,1382
1348,1378
1359,1369
1335,1376
1354,1370
1347,1404
1357,1386
1375,1379
1343,1393
1369,1395
1356,1381
1366,1393
1371,1400
1391,1378
1384,1384
1379,1391
1400,1394
1389,1438
1371,1413
1400,1396
1408,1399
1389,1401
1373,1407
1388,1417
1385,1430
1377,1414
1400,1414
1393,1414
1397,1421
1404,1412
1424,1414
1409,1425
1411,1426
1410,1439
1425,1424
1424,1442
1433,1422
1415,1428
1427,1438
1402,1438
1414,1442
1432,1441
1427,1458
1413,1445
1429,1442
1460,1445
1444,1450
1439,1461
1458,1453
1454,1471
1433,1469
1446,1475
1462,1478
1464,1471
1441,1454
1448,1460
1441,1484
1474,1484
1464,1476
1453,1474
1463,1485
1478,1497
1472,1482
1476,1496
1476,1496
1488,1517
1508,1497
1490,1507
1475,1497
1514,1492
1487,1502
1516,1501
1491,1512
1500,1500
1495,1512
1501,1496
1494,1503
1502,1505
1491,1507
1506,1518
1504,1507
1488,1524
1504,1520
1511,1505
1486,1505
1504,1526
1500,1534
1499,1520
1514,1514
1513,1532
1531,1512
1528,1533
1518,1532
1512,1524
1538,1538
1531,1530
1535,1534
1533,1533
1540,1519
1538,1519
1535,1541
1523,1529
1532,1538
1561,1528
1539,1525
1535,1547
1550,1519
1548,1551
1543,1528
1537,1542
1533,1532
1543,1533
1537,1533
1530,1530
1556,1524
1537,1510
1560,1531
1537,1531
1536,1532
1544,1529
1550,1542
1541,1550
1562,1512
1554,1519
1521,1517
1547,1521
1556,1514
1546,1533
1541,1513
1555,1539
1537,1524
1533,1504
1538,1534
1520,1514
1527,1522
1531,1505
1522,1509
1559,1518
1518,1518
1530,1513
1530,1491
1517,1506
1521,1495
1518,1509
1526,1496
1514,1495
1523,1503
1507,1491
1531,1474
1504,1492
1507,1493
1504,1486
1527,1483
1512,1488
1514,1477
1514,1478
1485,1486
1500,1461
1517,1465
1507,1464
1522,1477
1478,1467
1481,1475
1474,1475
1493,1481
1475,1458
1464,1473
1490,1463
1466,1464
1470,1457
1489,1463
1472,1453
1456,1441
1460,1452
1457,1453
1483,1451
1449,1447
1448,1447
1442,1445
1465,1439
1451,1424
1455,1440
1441,1431
1455,1411
1446,1422
1419,1420
1429,1410
1436,1411
1425,1403
1419,1408
1408,1412
1416,1423
1418,1408
1407,1424
1402,1406
1419,1410
1427,1405
1434,1402
1405,1397
1404,1389
1398,1378
1401,1392
1385,1398
1427,1410
1403,1387
1392,1411
1358,1393
1393,1391
1380,1399
1399,1388
1404,1390
1376,1382
1380,1372
1381,1369
1376,1367
1380,1388
1361,1382
1373,1368
1378,1386
1375,1377
1360,1369
1371,1392
1375,1369
1365,1361
1359,1360
1368,1385
1337,1363
1361,1376
1372,1395
1362,1358
1358,1380
1369,1360
1342,1359
1383,1345
1350,1367
1354,1354
1357,1353
1351,1364
1343,1354
1364,1378
1349,1368
1354,1369
1357,1369
1387,1359
1357,1379
1389,1371
1363,1361
1361,1361
1341,1363
1363,1371
1335,1393
1351,1376
1345,1370
1371,1387
1350,1348
1336,1371
1342,1359
1353,1368
1354,1384
1353,1388
1359,1379
1349,1375
1345,1382
1357,1363
1361,1382
1357,1391
1373,1391
1389,1397
1383,1395
1385,1386
1378,1399
1382,1387
1360,1391
1385,1389
1390,1405
1371,1407
1383,1404
1380,1406
1389,1412
1384,1400
1386,1415
1391,1411
1399,1408
1392,1403
1396,1410
1410,1422
1394,1415
1422,1407
1410,1419
1417,1442
1403,1441
1431,1430
1401,1427
1436,1428
1426,1431
1417,1440
1429,1446
1415,1454
1414,1452
1439,1455
1425,1463
1436,1438
1422,1474
1439,1451
1453,1484
1454,1455
1455,1457
1455,1447
1455,1447
1454,1466
1457,1476
1463,1485
1489,1477
1460,1470
1460,1493
1478,1463
1466,1470
1477,1479
1496,1492
1465,1493
1472,1487
1492,1503
1484,1498
1479,1498
1492,1505
1492,1486
1453,1502
1497,1500
1501,1509
1479,1519
1516,1502
1501,1518
1491,1499
1508,1520
1496,1512
1519,1490
1520,1519
1498,1522
1489,1524
1524,1515
1495,1512
1520,1513
1523,1528
1529,1525
1525,1530
1530,1533
1533,1529
1548,1534
1523,1526
1529,1538
1511,1539
1518,1528
1518,1515
1516,1533
1539,1524
1533,1532
1539,1545
1537,1531
1547,1525
1537,1546
1531,1538
1537,1553
1534,1528
1531,1526
1550,1546
1552,1537
1541,1545
1521,1534
1552,1522
1540,1548
1556,1529
1548,1531
1529,1547
1530,1515
1565,1514
1553,1529
1530,1525
1539,1516
1533,1535
1524,1531
1517,1538
1521,1525
1535,1538
1577,1540
1558,1514
1561,1493
1545,1519
1553,1505
1526,1510
1524,1518
1529,1527
1533,1513
1552,1530
1537,1511
1548,1528
1540,1503
1528,1511
1528,1514
1545,1503
1521,1514
1535,1512
1500,1495
1520,1490
1499,1505
1523,1494
1522,1497
1531,1509
1486,1482
1506,1500
1504,1479
1478,1480
1520,1471
1509,1469
1523,1471
1504,1472
1497,1480
1482,1453
1509,1475
1506,1467
1485,1471
1464,1463
1472,1467
1466,1473
1498,1453
1476,1451
1469,1455
1469,1446
1495,1471
1466,1461
1467,1440
1454,1439
1465,1431
1469,1428
1456,1426
1448,1443
1437,1425
1452,1420
1460,1424
1448,1439
1465,1408
1435,1426
1435,1417
1407,1421
1435,1427
1432,1417
1435,1406
1429,1409
1409,1402
1442,1421
1424,1419
1416,1416
1424,1414
1415,1403
1420,1389
1417,1392
1399,1389
1390,1402
1423,1393
1388,1379
1396,1395
1411,1392
1377,1397
1393,1380
1386,1394
1374,1386
1370,1384
1409,1394
1407,1373
1398,1377
1380,1380
1387,1389
1376,1378
1382,1358
1364,1355
1377,1365
1376,1364
1370,1369
1368,1383
1367,1371
1365,1367
1380,1365
1373,1364
1365,1364
1361,1350
1341,1361
1370,1374
1376,1355
1374,1369
1367,1362
1367,1344
1347,1366
1356,1355
1363,1350
1362,1369
1341,1361
1344,1378
1354,1359
1369,1374
1348,1362
1344,1342
1350,1363
1358,1358
1355,1371
1352,1382
1368,1363
1353,1375
1357,1343
1359,1361
1371,1365
1337,1386
1369,1370
1351,1377
1364,1373
1372,1395
1358,1359
1373,1380
1360,1383
1370,1377
1352,1368
1364,1378
1369,1383
1381,1414
1363,1385
1364,1378
1358,1392
1379,1400
1369,1388
1395,1378
1375,1407
1353,1402
1371,1396
1378,1386
1384,1412
1381,1395
1389,1408
1380,1419
1394,1413
1377,1408
1409,1401
1412,1409
1386,1424
1412,1422
1391,1420
1418,1411
1391,1410
1402,1438
1394,1437
1415,1424
1423,1449
1417,1455
1426,1433
1409,1440
1423,1444
1450,1447
1414,1431
1446,1445
1443,1452
1456,1452
1453,1458
1461,1457
1421,1476
1451,1474
1448,1466
1449,1472
1431,1483
1448,1470
1455,1451
1438,1467
1464,1485
1467,1461
1449,1481
1464,1480
1460,1466
1457,1484
1474,1477
1488,1497
1472,1493
1484,1480
1502,1509
1488,1487
1495,1505
1497,1509
1502,1502
1485,1509
1511,1512
1505,1502
1488,1493
1503,1503
1500,1512
1494,1499
1522,1529
1499,1512
1523,1524
1515,1517
1500,1496
1528,1534
1504,1498
1527,1528
1529,1529
1526,1529
1519,1521
1496,1521
1521,1533
1533,1523
1510,1521
1536,1537
1521,1525
1531,1538
1525,1542
1553,1531
1547,1547
1537,1551
1554,1531
1532,1543
1516,1540
1517,1540
1549,1531
1552,1536
1544,1540
1537,1517
1542,1521
1533,1532
1530,1534
1542,1540
1554,1546
1535,1541
1547,1519
1530,1529
1536,1527
1555,1537
1572,1543
1535,1532
1540,1540
1530,1530
1532,1514
1552,1551
1533,1534
1565,1526
1556,1533
1539,1525
1540,1514
1539,1523
1539,1534
1528,1526
1529,1508
1567,1519
1538,1530
1530,1524
1559,1513
1522,1494
1531,1505
1555,1493
1520,1490
1521,1511
1528,1499
1521,1508
1523,1504
1505,1514
1511,1493
1528,1487
1510,1504
1520,1497
1501,1498
1516,1477
1513,1481
1500,1471
1526,1504
1511,1481
1488,1472
1531,1459
1510,1492
1501,1484
1486,1476
1501,1478
1490,1482
1494,1471
1504,1458
1489,1467
1468,1468
1492,1447
1475,1444
1476,1467
1470,1457
1470,1447
1464,1466
1505,1442
1457,1442
1479,1454
1437,1434
1438,1429
1441,1436
1456,1425
1465,1436
1452,1417
1437,1431
1445,1427
1462,1423
1449,1427
1399,1432
1447,1418
1430,1418
1437,1420
1423,1407
1420,1415
1425,1410
1416,1410
1413,1406
1437,1400
1409,1406
1435,1387
1398,1409
1411,1396
1424,1389
1393,1385
1383,1388
1386,1389
1391,1393
1386,1386
1373,1370
1382,1373
1377,1376
1390,1375
1385,1401
1371,1382
1405,1374
1375,1394
1388,1384
1375,1369
1360,1355
1367,1369
1346,1372
1379,1386
1367,1353
1362,1360
1383,1350
1376,1363
1362,1375
1353,1371
1382,1364
1357,1372
1379,1346
1374,1373
1348,1360
1349,1361
1347,1382
1359,1368
1381,1362
1338,1354
1372,1365
1367,1376
1359,1370
1357,1367
1339,1373
1345,1355
1365,1370
1343,1377
1358,1372
1352,1357
1365,1367
1362,1384
1346,1381
1336,1383
1355,1379
1352,1365
1375,1351
1360,1373
1380,1383
1366,1364
1352,1378
1351,1381
1382,1373
1376,1387
1349,1380
1376,1390
1377,1364
1328,1407
1358,1369
1380,1370
1365,1392
1359,1386
1350,1393
1380,1390
1378,1386
1378,1384
1370,1400
1347,1401
1364,1377
1371,1398
1388,1389
1375,1405
1378,1411
1375,1409
1374,1399
1402,1407
1380,1400
1371,1393
1393,1429
1427,1422
1392,1432
1420,1432
1402,1428
1418,1424
1399,1424
1409,1395
1416,1440
1405,1441
1437,1452
1412,1428
1409,1437
1420,1429
1438,1447
1431,1451
1424,1455
1402,1447
1422,1468
1441,1458
1447,1449
1446,1455
1452,1473
1427,1482
1474,1465
1441,1466
1447,1469
1469,1471
1462,1479
1478,1473
1460,1480
1478,1467
1473,1479
1454,1500
1466,1483
1482,1480
1465,1503
1494,1485
1470,1492
1496,1475
1506,1498
1483,1495
1491,1500
1471,1488
1514,1523
1490,1507
1492,1492
1511,1517
1508,1500
1503,1512
1503,1525
1508,1502
1509,1502
1523,1509
1502,1501
1496,1523
1518,1512
1534,1513
1545,1519
1527,1533
1511,1534
1525,1526
1531,1527
1523,1518
1517,1526
1541,1538
1507,1535
1531,1535
1527,1515
1547,1516
1543,1535
1520,1520
1525,1519
1532,1517
1524,1537
1529,1519
1541,1536
1533,1531
1531,1535
1540,1537
1533,1547
1536,1535
1533,1528
1527,1528
1543,1538
1542,1525
1560,1530
1579,1533
1540,1545
1536,1544
1553,1522
1534,1531
1529,1541
1540,1527
1538,1522
1540,1513
1545,1527
1550,1513
1537,1521
1558,1514
1535,1532
1540,1526
1535,1525
1510,1523
1515,1527
1525,1521
1506,1520
1534,1506
1548,1509
1550,1519
1540,1498
1537,1496
1528,1520
1539,1497
1501,1503
1525,1478
1526,1500
1511,1515
1520,1487
1514,1497
1537,1505
1544,1499
1511,1500
1515,1481
1506,1486
1495,1494
1528,1487
1494,1479
1510,1472
1529,1483
1498,1473
1505,1468
1486,1464
1495,1464
1493,1470
1483,1478
1501,1452
1483,1459
1508,1447
1487,1470
1485,1459
1457,1455
1474,1445
1459,1462
1460,1460
1441,1451
1460,1447
1470,1466
1463,1454
1469,1431
1441,1437
1450,1433
1442,1448
1444,1446
1468,1427
1428,1432
1442,1439
1431,1415
1428,1416
1424,1406
1451,1406
1437,1418
1426,1421
1433,1390
1428,1407
1415,1417
1428,1400
1422,1413
1424,1398
1424,1406
1419,1408
1428,1398
1386,1404
1417,1397
1397,1391
1416,1383
1396,1390
1399,1387
1410,1364
1385,1386
1404,1386
1374,1373
1388,1386
1397,1391
1380,1364
1381,1378
1384,1358
1357,1355
1386,1356
1400,1378
1373,1372
1383,1360
1385,1375
1381,1366
1361,1376
1386,1350
1368,1367
1370,1377
1367,1357
1368,1366
1343,1375
1375,1373
1368,1355
1354,1351
1365,1355
1363,1371
1358,1367
1339,1377
1342,1367
1345,1347
1347,1376
1333,1362
1342,1370
1364,1356
1337,1360
1369,1360
1338,1356
1372,1361
1355,1376
1352,1372
1334,1370
1367,1385
1376,1364
1352,1366
1367,1373
1351,1372
1360,1379
1355,1364
1370,1363
1369,1365
1350,1361
1356,1375
1354,1389
1347,1376
1372,1357
1368,1382
1346,1398
1360,1381
1379,1390
1337,1392
1363,1386
1386,1390
1354,1391
1354,1393
1390,1410
1373,1412
1373,1394
1369,1405
1370,1398
1370,1406
1383,1390
1412,1412
1386,1422
1392,1402
1402,1425
1402,1416
1398,1412
1388,1414
1397,1437
1398,1408
1403,1428
1396,1435
1423,1426
1401,1429
1407,1452
1429,1434
1429,1423
1402,1437
1412,1427
1414,1456
1440,1414
1414,1456
1425,1450
1432,1451
1449,1456
1433,1440
1436,1461
1434,1462
1462,1464
1438,1461
1437,1473
1465,1468
1460,1472
1483,1461
1457,1464
1461,1464
1465,1456
1471,1475
1458,1480
1470,1489
1470,1457
1481,1483
1479,1481
1470,1483
1485,1506
1503,1490
1483,1494
1476,1500
1489,1490
1497,1504
1487,1510
1471,1518
1495,1505
1517,1501
1504,1500
1490,1500
1487,1526
1526,1505
1517,1494
1546,1509
1531,1522
1499,1500
1505,1519
1537,1524
1529,1508
1509,1541
1528,1525
1506,1529
1528,1546
1531,1518
1529,1522
1500,1532
1524,1537
1522,1541
1543,1546
1529,1530
1529,1520
1522,1529
1546,1539
1525,1532
1525,1535
1531,1538
1510,1525
1553,1539
1539,1530
1544,1551
1551,1540
1538,1544
1547,1532
1544,1548
1549,1541
1532,1514
1539,1542
1535,1530
1543,1535
1538,1538
1552,1558
1547,1535
1556,1548
1543,1535
1553,1522
1545,1528
1566,1519
1538,1523
1554,1520
1539,1526
1555,1522
1546,1520
1527,1515
1547,1521
1520,1524
1534,1510
1546,1521
1549,1507
1530,1512
1535,1511
1531,1520
1523,1501
1517,1491
1542,1495
1534,1532
1522,1516
1532,1504
1509,1501
1510,1510
1521,1496
1524,1490
1524,1499
1502,1499
1523,1515
1492,1503
1506,1474
1514,1496
1530,1487
1500,1481
1515,1472
1481,1482
1511,1478
1530,1483
1493,1467
1498,1470
1472,1483
1469,1472
1478,1457
1473,1464
1485,1468
1467,1476
1479,1448
1488,1462
1475,1451
1467,1439
1468,1429
1459,1446
1452,1456
1438,1432
1468,1453
1443,1446
1441,1458
1445,1417
1438,1427
1466,1433
1447,1427
1456,1452
1449,1436
1423,1428
1438,1423
1443,1431
1426,1413
1428,1437
1431,1432
1422,1429
1418,1410
1422,1414
1400,1419
1408,1416
1409,1398
1426,1386
1396,1415
1431,1393
1402,1400
1400,1379
1395,1391
1407,1383
1381,1382
1394,1394
1389,1374
1390,1374
1375,1394
1377,1384
1372,1379
1357,1371
1381,1391
1374,1389
1393,1379
1364,1374
1364,1370
1379,1398
1374,1382
1373,1346
1365,1382
1371,1363
1339,1356
1343,1367
1362,1363
1369,1365
1365,1384
1360,1347
1366,1358
1362,1381
1343,1353
1372,1360
1353,1353
1357,1363
1360,1360
1350,1362
1375,1370
1373,1360
1359,1365
1336,1350
1351,1361
1354,1362
1337,1363
1363,1370
1356,1358
1344,1368
1355,1380
1363,1373
1357,1373
1338,1382
1357,1363
1367,1383
1341,1378
1351,1386
1370,1380
1357,1384
1352,1372
1369,1380
1351,1380
1334,1373
1384,1387
1343,1381
1365,1392
1358,1383
1373,1394
1357,1385
1339,1378
1371,1390
1404,1377
1369,1403
1371,1399
1354,1412
1391,1383
1376,1392
1357,1393
1394,1395
1365,1413
1393,1408
1389,1400
1390,1411
1401,1425
1385,1403
1375,1430
1410,1412
1397,1417
1399,1408
1414,1419
1396,1426
1403,1426
1403,1414
1407,1425
1427,1430
1439,1429
1425,1441
1421,1430
1423,1436
1438,1433
1431,1424
1416,1426
1427,1454
1431,1460
1463,1441
1434,1468
1449,1472
1431,1456
1453,1461
1453,1469
1446,1455
1452,1476
1430,1468
1440,1487
1459,1479
1463,1485
1461,1492
1463,1493
1465,1464
1493,1488
1504,1489
1479,1492
1444,1498
1481,1492
1481,1507
1457,1498
1475,1493
1493,1496
1507,1490
1500,1495
1508,1520
1516,1516
1473,1507
1514,1525
1492,1520
1525,1498
1533,1535
1497,1527
1499,1508
1509,1517
1507,1510
1511,1506
1497,1532
1511,1493
1531,1524
1507,1530
1516,1533
1519,1525
1515,1519
1503,1514
1529,1526
1535,1531
1502,1526
1526,1556
1538,1557
1542,1517
1526,1532
1550,1522
1520,1535
1535,1518
1526,1538
1570,1529
1528,1547
1541,1535
1536,1565
1542,1527
1536,1531
1523,1532
1533,1549
1533,1527
1552,1546
1528,1511
1543,1528
1531,1536
1555,1537
1528,1556
1543,1516
1536,1533
1554,1530
1524,1516
1520,1533
1549,1538
1535,1515
1529,1535
1536,1521
1546,1532
1520,1515
1503,1537
1538,1521
1548,1524
1542,1530
1542,1525
1522,1539
1537,1515
1521,1510
1531,1520
1523,1504
1506,1504
1532,1497
1532,1519
1529,1501
1527,1501
1522,1512
1522,1495
1525,1487
1505,1508
1509,1488
1502,1501
1529,1489
1509,1523
1500,1487
1513,1485
1499,1470
1519,1475
1510,1490
1505,1474
1493,1474
1498,1478
1499,1485
1483,1476
1490,1447
1484,1474
1469,1480
1489,1496
1472,1471
1470,1453
1482,1469
1475,1446
1464,1458
1480,1443
1470,1453
1488,1451
1502,1445
1491,1446
1474,1447
1450,1429
1460,1459
1449,1433
1460,1441
1450,1440
1443,1431
1445,1439
1448,1418
1436,1428
1438,1420
1441,1421
1422,1410
1429,1435
1414,1415
1433,1425
1414,1403
1419,1402
1408,1420
1409,1396
1417,1383
1415,1397
1390,1399
1423,1401
1381,1395
1421,1395
1398,1397
1379,1407
1387,1373
1388,1394
1387,1391
1399,1392
1393,1362
1375,1391
1416,1376
1393,1372
1394,1384
1391,1381
1360,1383
1391,1390
1365,1365
1376,1368
1377,1365
1378,1375
1342,1354
1378,1375
1335,1385
1372,1369
1368,1369
1362,1382
1379,1356
1355,1354
1369,1380
1371,1364
1354,1361
1365,1356
1364,1367
1369,1357
1366,1373
1362,1349
1352,1371
1357,1375
1373,1343
1373,1359
1355,1358
1351,1368
1353,1376
1342,1356
1365,1351
1359,1367
1355,1363
1348,1356
1354,1377
1359,1369
1338,1381
1369,1390
1359,1377
1357,1361
1358,1382
1361,1371
1354,1359
1367,1356
1362,1381
1359,1393
1361,1366
1373,1360
1374,1378
1359,1373
1368,1385
1371,1378
1365,1386
1378,1394
1381,1383
1366,1401
1393,1393
1343,1405
1391,1386
1375,1380
1356,1392
1373,1389
1385,1403
1375,1389
1389,1407
1386,1406
1381,1424
1382,1407
1399,1409
1397,1411
1413,1404
1422,1419
1375,1410
1413,1416
1402,1400
1398,1427
1402,1431
1416,1427
1405,1443
1417,1432
1421,1442
1421,1452
1411,1424
1421,1452
1438,1446
1421,1439
1417,1452
1428,1455
1414,1451
1435,1430
1459,1452
1449,1449
1449,1470
1432,1461
1449,1466
1459,1468
1458,1460
1448,1488
1452,1471
1431,1485
1450,1476
1470,1478
1459,1469
1452,1487
1443,1487
1475,1482
1454,1478
1483,1475
1484,1477
1496,1491
1488,1503
1473,1505
1484,1504
1492,1497
1481,1492
1480,1503
1496,1509
1489,1506
1514,1501
1506,1486
1509,1511
1496,1521
1502,1522
1473,1504
1495,1506
1501,1497
1510,1512
1512,1519
1516,1516
1525,1518
1512,1515
1526,1543
1515,1527
1530,1508
1545,1527
1530,1523
1517,1527
1522,1530
1537,1546
1542,1545
1529,1527
1526,1532
1520,1520
1539,1527
1517,1550
1537,1531
1542,1531
1530,1519
1511,1542
1533,1529
1531,1545
1539,1517
1540,1543
1567,1545
1528,1543
1535,1513
1547,1547
1539,1536
1530,1547
1561,1543
1542,1524
1549,1529
1555,1541
1563,1527
1559,1536
1523,1524
1524,1535
1533,1511
1534,1517
1542,1520
1531,1515
1536,1531
1545,1530
1553,1528
1535,1510
1525,1531
1535,1510
1537,1534
1529,1519
1527,1540
1534,1514
1537,1514
1528,1512
1517,1512
1522,1501
1546,1512
1501,1507
1534,1503
1519,1490
1518,1497
1512,1493
1525,1511
1538,1494
1507,1484
1505,1475
1519,1450
1519,1486
1520,1481
1491,1480
1493,1495
1516,1487
1497,1458
1483,1474
1497,1467
1492,1475
1482,1470
1479,1450
1480,1468
1483,1472
1486,1454
1482,1453
1474,1452
1478,1460
1485,1455
1475,1453
1452,1465
1464,1452
1471,1446
1461,1426
1458,1441
1455,1426
1446,1440
1445,1442
1459,1419
1459,1442
1441,1426
1444,1429
1428,1430
1416,1431
1435,1405
1425,1426
1451,1402
1433,1402
1422,1412
1436,1419
1429,1407
1414,1400
1443,1395
1404,1398
1413,1408
1417,1427
1409,1388
1399,1393
1416,1393
1405,1395
1394,1399
1402,1396
1401,1398
1400,1384
1386,1378
1386,1391
1398,1404
1393,1371
1370,1384
1398,1365
1417,1362
1382,1382
1358,1364
1370,1385
1363,1381
1389,1392
1378,1368
1356,1372
1374,1382
1360,1347
1387,1384
1334,1353
1371,1388
1361,1361
1347,1378
1347,1369
1342,1379
1375,1364
1365,1367
1344,1357
1371,1363
1377,1387
1373,1370
1345,1384
1378,1362
1353,1358
1367,1396
1354,1360
1343,1357
1343,1382
1366,1361
1349,1367
1344,1372
1331,1360
1352,1366
1361,1360
1348,1369
1370,1366
1361,1364
1334,1378
1361,1376
1357,1374
1346,1375
1355,1375
1374,1377
1357,1387
1377,1380
1369,1384
1349,1382
1379,1399
1360,1384
1371,1407
1346,1389
1348,1374
1357,1398
1378,1393
1349,1373
1381,1383
1388,1381
1367,1414
1383,1399
1369,1383
1389,1401
1397,1406
1384,1405
1384,1401
1375,1408
1384,1409
1388,1413
1397,1413
1374,1419
1383,1427
1408,1419
1402,1430
1415,1423
1400,1414
1406,1443
1394,1411
1407,1432
1427,1430
1400,1439
1395,1441
1405,1437
1414,1448
1444,1442
1404,1448
1398,1444
1444,1449
1415,1446
1440,1456
1440,1454
1466,1441
1454,1447
1438,1444
1456,1466
1464,1454
1435,1478
1440,1461
1454,1472
1440,1484
1471,1457
1459,1468
1463,1488
1449,1477
1467,1486
1468,1481
1485,1475
1470,1484
1460,1494
1484,1489
1459,1494
1468,1489
1495,1494
1496,1496
1497,1505
1501,1517
1482,1512
1482,1498
1484,1512
1515,1517
1499,1504
1517,1503
1523,1491
1519,1509
1525,1521
1499,1520
1508,1514
1509,1509
1518,1523
1502,1522
1508,1541
1506,1500
1521,1521
1528,1528
1531,1523
1522,1526
1530,1530
1535,1517
1543,1522
1513,1535
1510,1548
1541,1531
1512,1535
1518,1531
1527,1540
1544,1541
1522,1537
1544,1532
1541,1536
1513,1527
1551,1534
1532,1512
1554,1531
1535,1541
1563,1531
1529,1516
1533,1544
1541,1510
1530,1533
1543,1505
1537,1544
1539,1532
1547,1534
1538,1545
1523,1522
1560,1538
1523,1539
1541,1541
1531,1536
1526,1538
1556,1527
1545,1518
1538,1502
1528,1514
1528,1534
1533,1512
1529,1509
1545,1537
1544,1499
1536,1503
1519,1507
1520,1515
1523,1486
1523,1503
1566,1504
1544,1496
1523,1488
1513,1520
1524,1512
1525,1504
1520,1522
1511,1493
1512,1494
1499,1499
1523,1487
1512,1485
1519,1494
1533,1482
1519,1500
1510,1502
1512,1500
1500,1473
1485,1462
1509,1504
1510,1480
1482,1478
1484,1471
1476,1479
1476,1465
1481,1463
1477,1472
1468,1451
1497,1455
1482,1482
1476,1462
1462,1438
1467,1463
1475,1439
1468,1465
1443,1447
1457,1445
1455,1458
1457,1443
1453,1438
1455,1432
1454,1422
1454,1461
1433,1405
1455,1426
1420,1418
1455,1416
1420,1420
1438,1434
1441,1423
1410,1411
1443,1412
1419,1409
1434,1423
1411,1408
1411,1408
1414,1415
1398,1408
1423,1385
1419,1409
1367,1432
1413,1400
1388,1410
1409,1398
1407,1404
1409,1373
1403,1404
1384,1389
1377,1372
1400,1371
1379,1375
1381,1392
1397,1386
1381,1399
1384,1370
1367,1391
1374,1375
1385,1379
1391,1386
1398,1383
1373,1364
1359,1368
1358,1371
1373,1354
1374,1363
1365,1382
1371,1359
1364,1370
1384,1388
1357,1372
1359,1357
1366,1375
1366,1364
1347,1365
1382,1375
1365,1374
1358,1362
1354,1372
1357,1366
1357,1374
1356,1367
1363,1367
1364,1367
1359,1364
1369,1380
1380,1369
1351,1361
1354,1382
1368,1373
1362,1380
1362,1365
1363,1365
1350,1388
1364,1387
1370,1369
1358,1368
1358,1363
1353,1374
1357,1388
1349,1390
1377,1395
1368,1399
1361,1371
1345,1389
1381,1384
1374,1380
1395,1405
1375,1384
1399,1386
1380,1385
1379,1386
1368,1410
1374,1399
1367,1433
1384,1393
1388,1395
1363,1407
1382,1404
1394,1419
1380,1410
1404,1413
1397,1421
1382,1405
1419,1403
1387,1417
1401,1445
1375,1404
1399,1431
1422,1417
1399,1408
1408,1425
1403,1445
1402,1428
1406,1428
1417,1430
1431,1439
1429,1438
1434,1446
1419,1443
1435,1455
1441,1429
1425,1445
1430,1445
1455,1450
1440,1443
1452,1447
1422,1471
1445,1464
1447,1443
1446,1470
1449,1468
1468,1483
1448,1479
1453,1472
1451,1465
1449,1487
1451,1457
1476,1491
1472,1486
1460,1472
1470,1500
1484,1491
1493,1503
1454,1479
1492,1495
1476,1500
1477,1494
1493,1507
1473,1501
1491,1520
1476,1499
1488,1509
1480,1488
1497,1508
1513,1516
1509,1512
1506,1496
1523,1505
1518,1515
1519,1511
1506,1506
1515,1510
1529,1513
1488,1521
1535,1523
1516,1542
1514,1503
1530,1521
1510,1524
1517,1514
1529,1526
1545,1531
1505,1531
1536,1547
1545,1523
1525,1524
1527,1521
1526,1523
1538,1536
1522,1538
1524,1550
1508,1523
1549,1521
1535,1536
1536,1548
1550,1546
1569,1547
1530,1537
1561,1539
1533,1535
1539,1543
1539,1527
1523,1518
1545,1540
1550,1529
1526,1522
1535,1532
1522,1521
1548,1530
1546,1537
1516,1526
1523,1511
1526,1537
1545,1524
1529,1544
1536,1520
1541,1535
1545,1513
1514,1523
1539,1524
1523,1528
1521,1532
1529,1513
1530,1500
1522,1506
1521,1531
1549,1514
1527,1511
1537,1503
1526,1509
1546,1498
1537,1504
1516,1514
1503,1486
1512,1490
1538,1501
1524,1487
1504,1498
1500,1483
1485,1486
1513,1488
1477,1474
1490,1475
1493,1491
1506,1494
1510,1474
1503,1483
1481,1461
1485,1475
1490,1478
1496,1459
1498,1471
1493,1457
1468,1467
1494,1464
1481,1464
1490,1452
1469,1462
1489,1433
1474,1472
1461,1457
1480,1445
1467,1453
1475,1448
1432,1429
1452,1429
1450,1450
1432,1442
1443,1435
1425,1429
1458,1432
1455,1428
1457,1441
1448,1413
1451,1416
1435,1423
1429,1411
1432,1416
1426,1413
1423,1407
1413,1424
1415,1416
1417,1408
1433,1408
1420,1419
1408,1395
1411,1403
1404,1394
1383,1400
1402,1401
1412,1393
1398,1397
1404,1352
1383,1384
1390,1398
1389,1392
1405,1378
1403,1394
1377,1392
1367,1374
1376,1381
1376,1389
1372,1378
1359,1375
1366,1384
1399,1386
1379,1377
1374,1368
1374,1379
1383,1375
1367,1366
1364,1366
1366,1369
1390,1384
1341,1377
1381,1375
1377,1373
1373,1371
1385,1354
1366,1379
1355,1371
1377,1364
1355,1369
1361,1379
1369,1372
1350,1359
1369,1360
1377,1371
1333,1366
1346,1370
1354,1387
1373,1378
1358,1358
1391,1383
1349,1380
1347,1380
1370,1364
1362,1376
1358,1360
1370,1365
1356,1376
1350,1366
1342,1395
1381,1380
1369,1378
1381,1383
1346,1386
1352,1386
1348,1380
1349,1389
1383,1386
1352,1389
1390,1399
1361,1376
1365,1390
1381,1372
1370,1394
1359,1410
1370,1392
1365,1403
1408,1402
1389,1414
1366,1411
1375,1400
1392,1403
1397,1420
1387,1407
1394,1410
1424,1413
1379,1420
1405,1406
1397,1434
1401,1417
1416,1419
1406,1420
1406,1420
1407,1452
1417,1428
1416,1428
1426,1441
1405,1439
1423,1443
1420,1442
1396,1440
1434,1418
1438,1442
1442,1422
1426,1432
1439,1442
1429,1438
1426,1446
1432,1450
1433,1434
1452,1446
1445,1490
1459,1481
1441,1465
1466,1447
1473,1470
1460,1471
1469,1489
1460,1479
1473,1474
1481,1470
1476,1485
1464,1496
1458,1495
1475,1478
1473,1480
1511,1495
1473,1493
1483,1497
1489,1496
1488,1501
1497,1513
1490,1502
1470,1499
1504,1513
1498,1503
1516,1490
1517,1522
1508,1520
1478,1516
1518,1506
1508,1523
1503,1515
1527,1527
1518,1514
1522,1513
1528,1498
1513,1510
1540,1528
1503,1514
1535,1518
1528,1513
1514,1531
1513,1528
1520,1521
1539,1529
1546,1505
1531,1501
1534,1513
1541,1545
1519,1530
1538,1541
1535,1522
1538,1547
1536,1525
1514,1537
1554,1517
1510,1532
1535,1534
1546,1541
1543,1525
1519,1520
1540,1519
1560,1536
1554,1546
1532,1536
1530,1527
1512,1541
1518,1547
1537,1529
1541,1537
1528,1505
1538,1514
1520,1515
1554,1528
1548,1528
1536,1512
1521,1504
1550,1525
1542,1508
1527,1535
1549,1518
1550,1493
1542,1526
1530,1500
1522,1509
1518,1512
1527,1510
1502,1501
1517,1506
1524,1528
1500,1507
1510,1512
1514,1479
1499,1498
1527,1499
1542,1520
1498,1498
1532,1520
1494,1480
1518,1474
1514,1482
1495,1494
1509,1488
1515,1482
1506,1498
1483,1471
1495,1474
1511,1462
1502,1475
1499,1479
1466,1483
1500,1459
1471,1475
1490,1461
1459,1484
1484,1459
1477,1448
1472,1463
1478,1454
1464,1452
1447,1451
1478,1456
1462,1422
1459,1448
1459,1436
1466,1436
1458,1429
1478,1430
1454,1417
1451,1438
1457,1425
1447,1414
1476,1430
1439,1429
1439,1426
1443,1442
1426,1428
1421,1412
1420,1416
1400,1430
1435,1400
1419,1417
1420,1412
1426,1418
1413,1413
1403,1413
1423,1409
1419,1395
1422,1408
1412,1379
1406,1390
1416,1382
1394,1367
1399,1402
1398,1384
1407,1385
1394,1388
1386,1386
1393,1395
1380,1377
1393,1388
1381,1394
1388,1395
1394,1379
1388,1381
1378,1401
1382,1358
1375,1390
1371,1368
1392,1405
1366,1389
1390,1357
1339,1370
1368,1383
1385,1382
1368,1371
1388,1363
1364,1368
1372,1370
1363,1365
1360,1375
1367,1355
1356,1372
1358,1391
1371,1372
1376,1366
1377,1365
1357,1371
1363,1362
1368,1373
1356,1371
1363,1357
1340,1367
1371,1363
1368,1364
1360,1367
1340,1372
1348,1381
1373,1396
1364,1372
1364,1371
1367,1380
1372,1364
1379,1410
1350,1389
1370,1375
1348,1381
1391,1399
1347,1401
1356,1378
1383,1391
1369,1390
1344,1387
1375,1406
1366,1374
1375,1401
1390,1405
1369,1386
1387,1396
1386,1380
1389,1382
1397,1390
1394,1398
1376,1392
1381,1383
1403,1420
1395,1403
1406,1402
1395,1378
1394,1416
1399,1436
1397,1408
1391,1435
1401,1412
1381,1401
1391,1393
1395,1424
1411,1426
1402,1431
1415,1421
1419,1444
1402,1432
1417,1437
1411,1415
1419,1427
1431,1453
1424,1451
1429,1458
1442,1440
1433,1412
1432,1447
1455,1407
1426,1460
1428,1452
1434,1463
1433,1453
1443,1442
1468,1454
1446,1473
1456,1463
1447,1478
1435,1461
1470,1488
1456,1485
1475,1469
1470,1463
1478,1478
1484,1481
1473,1484
1483,1496
1479,1489
1488,1485
1479,1509
1491,1483
1506,1479
1471,1470
1485,1504
1473,1521
1488,1498
1498,1508
1497,1503
1504,1530
1500,1491
1504,1519
1502,1502
1515,1487
1486,1517
1504,1543
1509,1515
1500,1512
1492,1513
1522,1527
1526,1520
1519,1517
1509,1527
1514,1508
1522,1532
1534,1518
1511,1513
1527,1526
1526,1531
1528,1509
1536,1539
1514,1532
1516,1523
1513,1524
1536,1521
1521,1520
1539,1526
1556,1517
1540,1523
1556,1530
1531,1550
1524,1510
1532,1524
1553,1521
1551,1513
1529,1526
1524,1525
1541,1521
1541,1517
1533,1539
1534,1542
1522,1544
1533,1519
1533,1519
1522,1516
1536,1523
1534,1525
1530,1532
1525,1520
1541,1524
1554,1523
1536,1526
1533,1505
1530,1520
1532,1512
1524,1500
1530,1522
1537,1521
1521,1512
1535,1518
1525,1502
1548,1510
1514,1501
1535,1500
1529,1498
1518,1503
1534,1496
1538,1502
1514,1505
1507,1486
1502,1512
1509,1487
1497,1496
1507,1508
1501,1482
1504,1487
1494,1487
1488,1500
1506,1472
1495,1473
1488,1475
1481,1472
1503,1484
1492,1497
1499,1473
1484,1467
1505,1459
1489,1464
1474,1454
1467,1470
1476,1455
1472,1440
1499,1443
1478,1440
1435,1449
1498,1437
1484,1457
1451,1440
1463,1437
1443,1447
1453,1428
1437,1435
1459,1439
1456,1437
1451,1443
1441,1413
1428,1425
1438,1422
1439,1425
1437,1428
1414,1432
1434,1426
1442,1414
1426,1400
1430,1406
1445,1424
1438,1417
1428,1391
1413,1407
1392,1390
1413,1398
1402,1417
1399,1410
1409,1412
1406,1397
1415,1389
1383,1409
1401,1387
1385,1381
1397,1387
1414,1395
1394,1416
1408,1417
1399,1376
1375,1382
1395,1385
1396,1367
1407,1384
1394,1382
1406,1382
1388,1369
1389,1373
1387,1377
1373,1384
1381,1387
1366,1375
1397,1363
1348,1376
1377,1385
1386,1365
1368,1368
1354,1366
1362,1377
1377,1390
1380,1375
1366,1371
1357,1372
1357,1387
1384,1377
1355,1366
1350,1384
1367,1367
1367,1353
1334,1364
1364,1370
1364,1388
1370,1367
1355,1383
1383,1364
1369,1371
1371,1376
1362,1377
1360,1370
1364,1387
1362,1385
1379,1390
1386,1394
1361,1367
1380,1366
1356,1387
1372,1374
1376,1388
1379,1379
1374,1391
1371,1388
1372,1388
1373,1403
1366,1394
1371,1392
1365,1393
1378,1392
1390,1406
1371,1380
1376,1406
1385,1394
1382,1396
1400,1409
1360,1416
1345,1410
1403,1408
1388,1383
1406,1423
1393,1416
1392,1418
1382,1420
1381,1417
1404,1421
1376,1424
1392,1415
1389,1421
1413,1420
1380,1425
1412,1425
1396,1430
1406,1437
1423,1438
1421,1421
1437,1457
1428,1429
1416,1433
1450,1437
1438,1444
1412,1446
1423,1444
1432,1433
1431,1453
1415,1455
1444,1459
1469,1462
1429,1467
1454,1456
1442,1460
1462,1468
1437,1463
1446,1484
1448,1482
1458,1473
1449,1468
1480,1473
1466,1472
1465,1492
1486,1459
1478,1486
1489,1490
1463,1491
1474,1495
1476,1486
1473,1506
1486,1485
1483,1503
1496,1501
1492,1512
1487,1499
1484,1477
1476,1529
1497,1503
1500,1514
1474,1492
1496,1493
1494,1506
1502,1504
1500,1516
1509,1530
1525,1516
1498,1511
1519,1494
1510,1519
1524,1512
1508,1510
1522,1530
1513,1515
1530,1515
1505,1535
1557,1534
1515,1533
1536,1533
1540,1519
1526,1522
1545,1521
1517,1538
1524,1519
1535,1505
1502,1535
1541,1524
1531,1520
1520,1521
1513,1530
1552,1504
1537,1522
1519,1534
1526,1518
1530,1516
1524,1522
1535,1514
1525,1532
1520,1520
1520,1528
1539,1527
1517,1521
1521,1534
1536,1514
1549,1538
1553,1513
1535,1507
1556,1515
1531,1524
1523,1515
1529,1520
1514,1524
1516,1510
1520,1511
1527,1503
1535,1494
1513,1517
1527,1534
1512,1511
1512,1511
1550,1490
1537,1511
1511,1506
1503,1513
1520,1491
1516,1501
1533,1490
1514,1506
1488,1490
1521,1490
1516,1513
1498,1505
1511,1486
1488,1492
1498,1481
1490,1475
1501,1496
1498,1476
1519,1479
1506,1476
1487,1491
1485,1490
1489,1483
1478,1480
1488,1458
1476,1475
1479,1455
1506,1461
1484,1458
1501,1463
1464,1448
1483,1450
1453,1453
1458,1451
1488,1466
1475,1467
1465,1468
1459,1455
1471,1445
1442,1443
1449,1433
1466,1454
1462,1420
1449,1432
1458,1450
1444,1428
1455,1428
1430,1433
1438,1431
1444,1427
1432,1429
1422,1414
1438,1426
1421,1419
1418,1433
1415,1416
1446,1413
1419,1407
1415,1401
1403,1401
1409,1415
1416,1414
1406,1398
1392,1395
1408,1403
1405,1388
1413,1408
1405,1399
1414,1382
1427,1388
1382,1386
1372,1398
1398,1378
1411,1393
1377,1397
1386,1387
1398,1382
1364,1390
1406,1382
1374,1377
1384,1384
1399,1385
1396,1400
1386,1378
1378,1383
1385,1385
1381,1384
1374,1372
1380,1371
1383,1373
1360,1363
1376,1349
1378,1352
1364,1370
1377,1358
1398,1377
1350,1370
1365,1384
1381,1382
1351,1390
1363,1389
1379,1379
1370,1365
1369,1363
1369,1376
1373,1378
1344,1388
1375,1380
1378,1373
1375,1371
1371,1369
1374,1378
1362,1378
1378,1382
1365,1373
1378,1381
1357,1376
1368,1389
1355,1364
1357,1376
1368,1395
1385,1391
1360,1374
1378,1404
1373,1411
1364,1375
1379,1394
1365,1376
1373,1395
1389,1404
1357,1404
1365,1398
1381,1394
1382,1393
1400,1393
1371,1381
1380,1409
1379,1403
1370,1403
1395,1431
1392,1401
1386,1406
1365,1424
1398,1429
1396,1421
1397,1420
1409,1425
1406,1419
1412,1411
1408,1448
1387,1423
1415,1438
1424,1429
1405,1445
1424,1429
1403,1441
1422,1411
1411,1439
1407,1449
1423,1432
1432,1431
1423,1451
1409,1448
1433,1438
1422,1451
1431,1444
1448,1467
1456,1459
1460,1462
1446,1442
1440,1445
1445,1478
1436,1459
1449,1479
1463,1476
1448,1463
1455,1465
1460,1472
1485,1461
1468,1481
1465,1491
1464,1486
1480,1486
1472,1476
1457,1496
1479,1498
1472,1476
1474,1491
1465,1490
1458,1490
1492,1473
1502,1495
1486,1507
1489,1510
1508,1500
1498,1533
1503,1503
1524,1517
1490,1511
1489,1496
1488,1517
1511,1508
1496,1503
1491,1521
1506,1509
1510,1517
1504,1506
1515,1510
1510,1516
1513,1515
1506,1509
1514,1510
1533,1508
1531,1531
1497,1530
1516,1531
1527,1521
1515,1503
1528,1525
1515,1500
1516,1523
1528,1522
1514,1533
1523,1533
1525,1532
1522,1523
1535,1535
1549,1516
1537,1536
1526,1530
1552,1515
1525,1536
1521,1517
1530,1518
1551,1519
1549,1534
1547,1519
1535,1519
1539,1528
1545,1532
1534,1518
1530,1528
1544,1516
1522,1506
1506,1534
1537,1525
1530,1509
1514,1518
1514,1508
1526,1512
1527,1500
1521,1523
1518,1521
1525,1522
1517,1510
1537,1526
1543,1496
1531,1512
1501,1516
1514,1487
1532,1495
1538,1500
1501,1497
1522,1490
1509,1498
1513,1499
1483,1491
1493,1491
1493,1490
1515,1482
1502,1462
1490,1479
1502,1483
1515,1463
1517,1481
1472,1480
1501,1478
1499,1477
1506,1474
1507,1470
1484,1470
1482,1478
1479,1475
1493,1483
1494,1462
1485,1466
1489,1472
1480,1463
1479,1463
1477,1442
1469,1455
1469,1443
1446,1461
1474,1447
1456,1438
1451,1415
1456,1445
1461,1428
1442,1447
1470,1443
1454,1424
1454,1436
1454,1421
1431,1425
1428,1429
1425,1436
1433,1436
1442,1406
1433,1409
1419,1418
1421,1416
1444,1414
1427,1415
1405,1411
1418,1401
1394,1406
1422,1383
1408,1391
1414,1404
1415,1396
1418,1404
1411,1413
1414,1409
1417,1397
1420,1403
1393,1390
1389,1397
1408,1401
1405,1387
1367,1390
1385,1395
1405,1398
1405,1369
1368,1391
1385,1400
1362,1394
1390,1389
1372,1360
1396,1371
1389,1369
1389,1392
1387,1370
1370,1382
1372,1370
1380,1369
1351,1345
1380,1383
1365,1376
1368,1373
1393,1377
1371,1380
1374,1375
1364,1360
1360,1366
1362,1379
1364,1365
1386,1366
1364,1364
1372,1377
1361,1376
1372,1373
1363,1383
1358,1358
1360,1383
1376,1361
1362,1382
1366,1382
1379,1362
1352,1390
1342,1368
1361,1392
1366,1386
1342,1378
1372,1388
1368,1375
1379,1380
1354,1377
1355,1386
1361,1401
1394,1389
1365,1400
1386,1382
1390,1378
1393,1393
1363,1405
1382,1399
1361,1387
1373,1398
1384,1416
1396,1410
1389,1393
1378,1399
1392,1408
1392,1416
1379,1392
1400,1422
1393,1419
1394,1409
1383,1414
1399,1415
1398,1424
1394,1410
1409,1413
1411,1426
1416,1440
1400,1417
1404,1422
1409,1430
1434,1414
1406,1437
1428,1446
1421,1449
1426,1432
1418,1454
1421,1420
1428,1444
1437,1454
1411,1448
1424,1447
1410,1452
1441,1457
1432,1448
1409,1454
1430,1463
1442,1436
1440,1453
1449,1476
1443,1453
1422,1463
1429,1468
1462,1475
1468,1480
1459,1475
1444,1465
1468,1472
1474,1472
1471,1478
1468,1505
1451,1476
1475,1479
1472,1489
1478,1492
1485,1471
1491,1469
1501,1492
1480,1477
1498,1493
1484,1500
1467,1524
1480,1480
1485,1519
1486,1500
1499,1506
1515,1501
1500,1502
1527,1505
1500,1527
1492,1515
1500,1512
1502,1498
1502,1519
1509,1515
1513,1508
1519,1501
1524,1491
1518,1521
1500,1544
1493,1532
1532,1535
1527,1522
1527,1514
1531,1521
1547,1512
1514,1526
1514,1511
1509,1519
1526,1521
1526,1539
1530,1517
1528,1536
1531,1519
1529,1519
1545,1523
1528,1536
1538,1519
1532,1511
1545,1530
1513,1543
1517,1533
1534,1521
1540,1509
1546,1529
1516,1518
1553,1525
1535,1524
1541,1525
1530,1519
1529,1517
1532,1531
1519,1531
1522,1509
1532,1525
1513,1508
1520,1496
1525,1509
1520,1523
1546,1511
1523,1509
1506,1497
1534,1498
1504,1521
1511,1491
1540,1526
1522,1513
1526,1513
1518,1488
1536,1515
1502,1505
1510,1472
1534,1505
1518,1486
1515,1501
1532,1483
1511,1498
1478,1489
1498,1471
1506,1498
1490,1478
1501,1487
1488,1486
1519,1505
1502,1487
1494,1460
1481,1471
1490,1472
1509,1469
1495,1494
1468,1455
1475,1465
1493,1469
1477,1465
1503,1457
1481,1464
1481,1457
1471,1456
1464,1447
1491,1431
1446,1451
1470,1444
1451,1424
1464,1437
1451,1439
1458,1438
1467,1445
1458,1423
1428,1451
1448,1436
1436,1430
1451,1423
1437,1434
1442,1438
1445,1424
1432,1417
1425,1432
1424,1434
1407,1408
1450,1431
1425,1408
1441,1395
1412,1389
1447,1412
1387,1407
1411,1409
1399,1412
1435,1403
1394,1412
1414,1401
1404,1398
1416,1386
1413,1397
1429,1396
1399,1396
1401,1390
1400,1392
1422,1406
1402,1405
1397,1383
1413,1409
1384,1400
1388,1381
1392,1393
1375,1390
1361,1393
1401,1392
1373,1388
1367,1391
1375,1378
1377,1378
1394,1389
1338,1376
1395,1378
1369,1370
1388,1383
1376,1387
1380,1382
1383,1374
1361,1382
1375,1385
1383,1378
1356,1392
1362,1404
1358,1386
1372,1381
1368,1369
1385,1382
1372,1360
1364,1394
1357,1343
1364,1371
1360,1379
1358,1399
1384,1372
1370,1369
1352,1384
1372,1385
1359,1383
1373,1376
1376,1379
1375,1383
1372,1399
1389,1384
1386,1390
1377,1370
1388,1369
1372,1378
1365,1368
1382,1406
1388,1405
1355,1406
1382,1387
1374,1393
1393,1385
1385,1402
1380,1399
1388,1412
1381,1393
1398,1398
1390,1422
1396,1407
1392,1397
1385,1408
1389,1415
1405,1419
1378,1402
1402,1404
1391,1413
1398,1432
1383,1426
1381,1414
1389,1405
1400,1442
1415,1433
1422,1408
1414,1412
1424,1442
1423,1433
1424,1433
1388,1439
1397,1426
1430,1437
1421,1421
1422,1446
1420,1444
1409,1441
1436,1455
1438,1454
1428,1457
1423,1465
1417,1452
1427,1465
1425,1471
1467,1454
1458,1464
1457,1477
1440,1444
1429,1459
1441,1482
1441,1471
1435,1462
1466,1456
1449,1454
1465,1470
1473,1490
1472,1471
1450,1478
1460,1478
1478,1504
1500,1473
1478,1466
1480,1486
1470,1494
1487,1477
1479,1474
1485,1487
1487,1501
1479,1488
1522,1483
1481,1488
1496,1497
1506,1482
1503,1497
1501,1496
1505,1505
1502,1518
1497,1506
1506,1504
1504,1485
1499,1510
1487,1512
1505,1498
1502,1506
1497,1511
1508,1507
1508,1518
1516,1515
1504,1517
1539,1515
1531,1528
1496,1512
1517,1534
1512,1522
1507,1539
1520,1525
1535,1520
1544,1520
1522,1513
1528,1499
1537,1513
1530,1515
1501,1536
1529,1519
1519,1521
1526,1539
1517,1507
1524,1508
1509,1525
1519,1533
1516,1521
1535,1493
1525,1518
1524,1514
1524,1526
1514,1528
1526,1517
1515,1525
1535,1511
1530,1529
1525,1536
1527,1519
1515,1532
1528,1529
1542,1507
1516,1505
1522,1494
1517,1507
1534,1507
1534,1499
1503,1517
1511,1504
1518,1504
1524,1512
1523,1511
1524,1491
1509,1524
1498,1488
1523,1497
1497,1495
1492,1494
1509,1505
1520,1500
1512,1496
1495,1518
1502,1491
1491,1495
1522,1485
1500,1489
1491,1482
1469,1473
1486,1483
1485,1464
1494,1488
1490,1471
1464,1452
1491,1478
1477,1456
1481,1477
1466,1446
1476,1476
1477,1460
1460,1447
1476,1452
1472,1467
1466,1455
1469,1444
1459,1443
1452,1452
1455,1459
1458,1447
1474,1449
1475,1430
1457,1437
1456,1447
1442,1437
1452,1423
1441,1431
1430,1418
1437,1432
1440,1430
1409,1435
1448,1425
1433,1434
1434,1417
1416,1440
1440,1444
1446,1443
1437,1422
1421,1412
1442,1404
1438,1411
1430,1415
1422,1406
1405,1399
1424,1396
1424,1404
1416,1397
1409,1409
1395,1400
1406,1405
1412,1402
1418,1409
1410,1388
1392,1389
1390,1384
1401,1386
1400,1403
1393,1363
1374,1388
1388,1383
1399,1367
1373,1373
1411,1393
1383,1377
1356,1372
1362,1395
1374,1400
1374,1371
1374,1376
1386,1374
1382,1384
1397,1372
1373,1365
1380,1388
1370,1381
1381,1361
1366,1383
1381,1381
1338,1387
1356,1384
1372,1379
1387,1385
1373,1381
1370,1368
1364,1384
1366,1370
1382,1400
1375,1360
1359,1387
1358,1388
1371,1388
1380,1373
1366,1373
1357,1381
1380,1367
1385,1397
1374,1366
1359,1379
1390,1374
1373,1384
1383,1384
1363,1384
1381,1393
1380,1412
1372,1399
1382,1380
1387,1394
1366,1406
1377,1394
1368,1408
1396,1394
1395,1379
1373,1383
1412,1410
1401,1411
1372,1403
1394,1412
1391,1411
1377,1396
1397,1405
1374,1421
1398,1411
1396,1401
1401,1403
1392,1408
1396,1410
1384,1406
1401,1420
1396,1411
1401,1412
1409,1422
1415,1428
1414,1434
1425,1423
1385,1435
1416,1450
1446,1423
1420,1440
1430,1449
1415,1433
1444,1447
1406,1457
1430,1441
1415,1453
1444,1454
1430,1436
1439,1447
1436,1465
1446,1462
1426,1449
1458,1465
1464,1456
1466,1457
1459,1473
1441,1459
1462,1462
1467,1466
1449,1478
1461,1471
1460,1474
1454,1489
1457,1476
1470,1500
1445,1463
1453,1476
1495,1484
1505,1487
1494,1498
1478,1491
1473,1510
1472,1497
1477,1507
1471,1507
1488,1499
1502,1502
1488,1509
1472,1511
1500,1491
1491,1484
1495,1497
1488,1485
1513,1496
1509,1524
1494,1516
1479,1498
1485,1519
1522,1509
1491,1519
1493,1517
1517,1508
1510,1495
1510,1521
1532,1521
1498,1523
1532,1536
1524,1503
1516,1516
1493,1523
1514,1501
1512,1499
1526,1500
1527,1515
1531,1518
1519,1511
1504,1534
1507,1520
1526,1509
1520,1519
1520,1506
1543,1515
1516,1526
1487,1523
1519,1531
1515,1506
1537,1524
1538,1536
1520,1498
1520,1525
1542,1523
1511,1537
1521,1519
1558,1506
1519,1524
1516,1510
1513,1531
1519,1497
1499,1521
1543,1512
1501,1500
1548,1497
1511,1502
1545,1521
1519,1510
1525,1513
1506,1500
1525,1503
1519,1511
1531,1496
1513,1487
1529,1515
1501,1501
1507,1488
1524,1501
1518,1499
1511,1499
1502,1513
1524,1502
1507,1477
1495,1477
1499,1476
1501,1496
1493,1475
1505,1480
1501,1479
1499,1487
1488,1472
1483,1471
1498,1473
1506,1481
1502,1487
1481,1471
1488,1448
1462,1461
1494,1459
1482,1479
1462,1449
1474,1469
1480,1454
1472,1452
1468,1444
1470,1463
1456,1467
1477,1450
1492,1444
1446,1435
1474,1454
1455,1442
1452,1437
1476,1434
1440,1414
1461,1452
1447,1418
1454,1446
1441,1419
1444,1426
1428,1438
1442,1427
1445,1432
1414,1395
1433,1423
1432,1418
1416,1413
1428,1405
1439,1417
1420,1415
1406,1416
1415,1413
1413,1410
1414,1404
1424,1408
1408,1392
1397,1419
1436,1411
1414,1394
1407,1420
1426,1401
1404,1384
1401,1395
1396,1395
1408,1405
1395,1387
1407,1405
1410,1386
1413,1410
1377,1385
1380,1383
1393,1374
1388,1396
1378,1398
1388,1376
1397,1376
1368,1396
1388,1400
1377,1394
1375,1375
1368,1393
1367,1402
1361,1382
1355,1389
1395,1397
1373,1391
1372,1380
1375,1386
1388,1356
1374,1365
1378,1372
1374,1391
1385,1377
1385,1383
1377,1384
1356,1374
1365,1381
1405,1376
1385,1367
1372,1377
1386,1363
1376,1389
1365,1377
1372,1378
1380,1376
1362,1380
1364,1382
1370,1396
1376,1379
1379,1389
1383,1390
1382,1397
1353,1390
1371,1398
1379,1393
1378,1392
1365,1377
1384,1398
1384,1387
1367,1400
1382,1399
1394,1401
1360,1375
1379,1409
1389,1399
1390,1413
1389,1403
1370,1404
1391,1408
1391,1410
1386,1401
1404,1417
1372,1418
1407,1407
1397,1413
1379,1418
1409,1412
1412,1418
1430,1425
1412,1429
1396,1435
1392,1430
1422,1415
1423,1442
1421,1448
1419,1432
1439,1439
1437,1433
1424,1430
1439,1436
1426,1447
1422,1444
1423,1444
1422,1440
1429,1451
1419,1449
1429,1445
1436,1453
1433,1470
1421,1436
1434,1453
1428,1450
1423,1458
1442,1461
1458,1466
1454,1465
1454,1457
1452,1449
1441,1461
1460,1474
1434,1470
1435,1464
1465,1506
1486,1483
1490,1484
1498,1482
1489,1485
1463,1494
1479,1484
1483,1485
1480,1477
1503,1485
1484,1482
1479,1479
1502,1490
1495,1493
1483,1491
1503,1480
1496,1496
1520,1507
1501,1495
1499,1505
1498,1500
1502,1506
1503,1504
1513,1515
1502,1512
1511,1504
1508,1522
1487,1517
1515,1508
1519,1515
1526,1510
1505,1493
1507,1537
1493,1525
1522,1523
1508,1506
1530,1514
1524,1505
1510,1523
1523,1509
1530,1520
1534,1515
1526,1529
1527,1508
1533,1534
1528,1524
1547,1524
1541,1510
1530,1520
1530,1514
1539,1515
1518,1517
1521,1523
1514,1512
1529,1516
1526,1519
1543,1509
1547,1525
1549,1505
1528,1500
1522,1513
1546,1511
1536,1514
1521,1513
1528,1534
1520,1503
1516,1528
1533,1536
1536,1500
1524,1525
1513,1503
1526,1502
1533,1513
1523,1507
1519,1512
1510,1507
1521,1511
1523,1499
1515,1506
1524,1497
1521,1493
1533,1509
1517,1511
1517,1481
1504,1473
1505,1485
1511,1500
1517,1484
1495,1484
1503,1501
1537,1493
1507,1482
1495,1481
1507,1468
1506,1487
1488,1480
1507,1478
1497,1450
1484,1491
1489,1473
1476,1482
1478,1464
1495,1465
1483,1462
1487,1465
1481,1457
1499,1442
1467,1450
1487,1440
1472,1465
1476,1451
1445,1469
1461,1445
1454,1450
1441,1451
1462,1448
1437,1445
1457,1456
1468,1432
1456,1445
1460,1429
1453,1439
1448,1402
1438,1429
1445,1443
1431,1437
1424,1434
1434,1418
1439,1415
1421,1409
1422,1427
1428,1409
1444,1422
1421,1403
1425,1419
1405,1428
1437,1409
1413,1413
1433,1409
1409,1414
1403,1395
1418,1403
1405,1403
1431,1392
1407,1407
1391,1413
1416,1392
1407,1388
1394,1409
1402,1387
1405,1410
1405,1387
1401,1391
1389,1401
1375,1393
1401,1405
1392,1382
1381,1390
1371,1390
1387,1401
1392,1383
1369,1402
1389,1390
1373,1392
1382,1376
1384,1378
1357,1388
1381,1402
1397,1387
1375,1387
1376,1366
1370,1375
1386,1387
1363,1388
1378,1364
1388,1389
1371,1390
1349,1382
1376,1368
1355,1387
1367,1377
1361,1379
1347,1378
1353,1371
1387,1394
1360,1360
1369,1391
1378,1379
1367,1407
1374,1402
1370,1376
1378,1387
1366,1393
1385,1400
1372,1399
1372,1383
1381,1365
1372,1370
1404,1382
1387,1385
1392,1393
1404,1393
1371,1386
1367,1390
1389,1373
1387,1396
1389,1394
1399,1384
1370,1423
1390,1397
1374,1407
1387,1401
1372,1396
1362,1402
1381,1404
1402,1414
1389,1407
1384,1445
1416,1398
1392,1419
1397,1419
1389,1415
1406,1402
1385,1407
1412,1428
1421,1405
1393,1430
1402,1451
1386,1438
1406,1438
1450,1431
1410,1458
1413,1437
1413,1427
1420,1424
1415,1429
1423,1425
1400,1446
1424,1459
1424,1451
1439,1447
1421,1459
1414,1459
1451,1458
1461,1449
1437,1452
1458,1469
1478,1440
1442,1475
1449,1472
1438,1483
1446,1453
1451,1472
1441,1484
1467,1484
1449,1461
1485,1481
1456,1481
1480,1491
1471,1485
1482,1491
1474,1492
1445,1486
1479,1481
1483,1483
1465,1501
1483,1506
1497,1485
1461,1489
1474,1490
1495,1501
1478,1510
1483,1483
1491,1497
1496,1483
1495,1488
1500,1506
1512,1516
1498,1491
1486,1509
1485,1504
1514,1492
1526,1501
1502,1520
1513,1519
1526,1508
1504,1504
1513,1504
1503,1522
1511,1510
1503,1505
1510,1509
1516,1527
1530,1519
1508,1531
1524,1521
1532,1530
1514,1519
1517,1514
1518,1528
1528,1520
1530,1515
1531,1515
1539,1515
1533,1525
1520,1525
1509,1524
1518,1529
1518,1498
1519,1516
1518,1512
1528,1529
1543,1516
1544,1513
1525,1503
1514,1529
1523,1525
1517,1505
1525,1507
1523,1519
1525,1508
1519,1491
1514,1519
1512,1507
1534,1512
1516,1505
1517,1506
1526,1501
1523,1491
1495,1515
1491,1513
1500,1520
1529,1496
1526,1502
1522,1502
1517,1493
1512,1507
1509,1490
1494,1488
1493,1472
1513,1507
1499,1490
1503,1476
1541,1494
1491,1492
1489,1490
1487,1475
1486,1477
1496,1481
1495,1482
1501,1497
1513,1466
1485,1485
1490,1482
1489,1473
1481,1462
1481,1462
1491,1463
1501,1472
1470,1451
1489,1441
1473,1460
1465,1459
1466,1468
1514,1466
1485,1443
1467,1455
1458,1450
1467,1449
1454,1462
1462,1448
1476,1450
1462,1439
1460,1440
1453,1436
1452,1442
1456,1442
1447,1431
1445,1406
1424,1419
1431,1417
1423,1426
1443,1424
1449,1421
1427,1424
1433,1413
1430,1419
1427,1405
1407,1427
1419,1403
1440,1402
1432,1419
1423,1415
1418,1408
1410,1427
1419,1403
1394,1416
1426,1400
1385,1408
1424,1397
1398,1406
1397,1380
1401,1385
1379,1397
1400,1405
1416,1398
1410,1390
1391,1388
1416,1403
1366,1406
1411,1390
1386,1382
1389,1405
1383,1399
1400,1390
1412,1395
1363,1399
1357,1385
1404,1375
1375,1378
1402,1391
1380,1400
1383,1395
1375,1397
1372,1393
1384,1383
1394,1390
1360,1388
1372,1381
1374,1382
1372,1389
1349,1389
1386,1386
1388,1368
1370,1383
1372,1394
1386,1376
1373,1385
1369,1383
1372,1389
1363,1396
1393,1380
1366,1377
1367,1373
1381,1377
1363,1394
1379,1374
1366,1397
1363,1382
1385,1382
1373,1386
1376,1402
1379,1394
1377,1398
1369,1412
1398,1406
1378,1396
1393,1398
1369,1415
1393,1387
1388,1399
1387,1385
1375,1389
1394,1403
1396,1403
1382,1394
1403,1415
1402,1406
1405,1414
1403,1402
1390,1413
1378,1417
1384,1419
1405,1400
1417,1429
1403,1406
1396,1422
1394,1432
1385,1425
1393,1407
1401,1421
1412,1428
1403,1422
1413,1451
1435,1443
1413,1433
1412,1440
1427,1450
1415,1424
1417,1424
1428,1441
1410,1435
1440,1439
1435,1457
1436,1466
1453,1440
1433,1456
1463,1464
1432,1446
1433,1464
1452,1457
1436,1453
1459,1461
1452,1453
1441,1453
1463,1470
1439,1489
1459,1465
1450,1467
1455,1472
1447,1473
1460,1472
1470,1474
1454,1476
1465,1476
1479,1478
1478,1466
1461,1490
1483,1492
1483,1482
1470,1495
1482,1501
1479,1503
1477,1492
1480,1486
1489,1511
1485,1504
1491,1506
1466,1491
1497,1483
1493,1485
1515,1500
1472,1479
1494,1504
1522,1510
1501,1503
1521,1503
1497,1514
1490,1505
1520,1510
1514,1485
1536,1507
1503,1505
1506,1483
1515,1511
1518,1499
1513,1512
1521,1523
1494,1505
1524,1512
1520,1511
1507,1526
1523,1509
1514,1512
1516,1528
1538,1516
1541,1527
1541,1540
1522,1517
1527,1535
1512,1537
1543,1545
1526,1517
1530,1521
1539,1529
1517,1515
1534,1535
1529,1513
1536,1529
1504,1519
1520,1520
1535,1523
1523,1501
1526,1515
1515,1493
1516,1496
1513,1521
1522,1517
1532,1507
1518,1507
1512,1516
1517,1513
1543,1509
1501,1503
1523,1509
1507,1480
1528,1504
1518,1511
1489,1495
1513,1496
1506,1500
1517,1497
1511,1523
1525,1509
1516,1497
1501,1484
1497,1494
1514,1487
1513,1511
1512,1495
1498,1491
1493,1472
1486,1476
1488,1492
1530,1487
1496,1469
1492,1483
1477,1463
1489,1491
