ch1,ch2
1550,1579
1579,1610
1597,1590
1597,1600
1587,1576
1589,1601
1591,1622
1605,1581
1605,1587
1609,1637
1603,1632
1610,1627
1639,1639
1606,1655
1655,1617
1631,1664
1685,1645
1680,1657
1647,1634
1637,1627
1684,1659
1653,1679
1712,1673
1648,1644
1675,1651
1669,1677
1666,1654
1679,1627
1648,1624
1687,1675
1704,1666
1624,1624
1663,1673
1688,1660
1679,1627
1708,1648
1704,1637
1635,1642
1669,1619
1634,1605
1661,1646
1643,1588
1609,1647
1619,1593
1621,1614
1638,1596
1595,1583
1613,1551
1570,1596
1548,1611
1568,1554
1597,1580
1552,1526
1548,1526
1579,1534
1531,1513
1502,1545
1545,1479
1536,1515
1523,1494
1518,1450
1488,1459
1471,1481
1497,1446
1476,1449
1462,1457
1497,1485
1467,1459
1475,1472
1468,1433
1433,1420
1420,1436
1452,1488
1496,1415
1445,1475
1413,1402
1430,1440
1412,1417
1450,1428
1454,1429
1443,1429
1424,1446
1425,1422
1405,1433
1393,1397
1430,1432
1399,1442
1363,1456
1421,1460
1470,1451
1469,1448
1444,1509
1483,1494
1453,1488
1460,1486
1493,1469
1460,1507
1529,1530
1502,1505
1501,1536
1484,1510
1468,1528
1518,1524
1507,1495
1509,1519
1552,1560
1532,1590
1532,1595
1582,1578
1573,1549
1566,1566
1595,1614
1553,1595
1587,1584
1583,1569
1605,1626
1630,1620
1623,1621
1620,1629
1665,1680
1614,1626
1667,1643
1655,1672
1598,1624
1625,1637
1678,1637
1675,1672
1659,1686
1647,1673
1677,1658
1666,1703
1676,1656
1677,1686
1686,1700
1647,1692
1674,1667
1702,1668
1650,1651
1655,1639
1677,1648
1663,1672
1697,1633
1653,1674
1671,1678
1678,1668
1643,1654
1660,1634
1623,1600
1651,1651
1613,1611
1651,1598
1648,1591
1626,1583
1637,1527
1621,1601
1580,1553
1534,1532
1586,1559
1554,1548
1547,1538
1544,1512
1550,1562
1529,1571
1498,1521
1510,1481
1495,1492
1520,1542
1523,1470
1504,1453
1481,1493
1474,1503
1499,1454
1483,1436
1446,1468
1462,1457
1422,1451
1475,1465
1449,1431
1436,1421
1472,1428
1443,1418
1433,1392
1457,1426
1412,1455
1430,1435
1435,1386
1411,1418
1440,1442
1457,1450
1427,1466
1402,1476
1441,1417
1413,1441
1419,1431
1448,1431
1395,1455
1470,1456
1437,1474
1453,1452
1436,1489
1455,1498
1443,1490
1468,1493
1487,1470
1517,1497
1516,1484
1447,1497
1489,1476
1487,1522
1514,1512
1476,1527
1500,1518
1533,1558
1571,1574
1568,1556
1553,1582
1531,1593
1560,1577
1552,1545
1578,1585
1558,1616
1569,1622
1587,1612
1628,1596
1636,1610
1646,1658
1675,1644
1632,1637
1662,1670
1666,1651
1673,1634
1664,1611
1654,1640
1656,1679
1687,1689
1695,1687
1719,1681
1715,1721
1668,1659
1702,1663
1681,1683
1713,1652
1654,1645
1715,1682
1705,1699
1730,1690
1678,1646
1650,1625
1648,1613
1661,1627
1639,1661
1678,1631
1630,1638
1667,1637
1678,1618
1631,1637
1658,1617
1670,1597
1613,1583
1634,1596
1619,1558
1626,1597
1588,1550
1546,1555
1588,1533
1550,1534
1542,1534
1575,1536
1597,1481
1566,1499
1542,1530
1502,1469
1539,1483
1514,1479
1490,1499
1494,1480
1511,1453
1494,1471
1487,1508
1446,1437
1436,1455
1469,1455
1451,1444
1399,1447
1447,1477
1422,1406
1420,1423
1383,1461
1409,1447
1429,1433
1429,1458
1395,1427
1431,1450
1406,1444
1374,1439
1424,1433
1395,1443
1448,1435
1457,1426
1402,1459
1439,1446
1430,1422
1416,1454
1435,1433
1437,1492
1469,1438
1436,1474
1473,1513
1486,1457
1435,1470
1489,1507
1459,1475
1551,1501
1454,1461
1466,1526
1519,1563
1526,1529
1520,1559
1531,1548
1508,1567
1567,1561
1561,1538
1550,1601
1535,1569
1593,1579
1598,1590
1577,1610
1582,1600
1641,1619
1614,1648
1570,1645
1634,1644
1613,1609
1611,1642
1646,1650
1661,1661
1639,1645
1677,1665
1633,1671
1680,1626
1696,1666
1693,1655
1674,1648
1651,1681
1672,1642
1643,1656
1720,1645
1678,1661
1643,1665
1669,1635
1720,1664
1732,1683
1658,1655
1692,1658
1665,1659
1650,1633
1673,1623
1677,1667
1677,1634
1638,1590
1659,1615
1651,1626
1657,1608
1679,1620
1616,1576
1619,1579
1614,1616
1562,1617
1611,1551
1586,1547
1587,1517
1584,1533
1543,1564
1525,1547
1526,1500
1560,1525
1527,1528
1523,1551
1517,1507
1490,1522
1507,1489
1501,1482
1461,1523
1509,1472
1453,1436
1439,1476
1491,1464
1472,1452
1468,1458
1418,1456
1468,1424
1425,1444
1446,1426
1445,1426
1422,1462
1426,1432
1406,1433
1454,1432
1405,1473
1415,1408
1402,1474
1396,1442
1393,1437
1444,1424
1433,1475
1418,1432
1425,1436
1405,1428
1405,1431
1435,1469
1394,1433
1432,1427
1436,1431
1421,1472
1418,1457
1434,1460
1442,1478
1443,1517
1463,1488
1496,1541
1525,1495
1509,1520
1477,1526
1505,1511
1485,1522
1490,1535
1520,1570
1516,1577
1521,1564
1547,1576
1600,1580
1601,1602
1552,1621
1601,1580
1617,1618
1576,1621
1616,1600
1613,1625
1634,1654
1616,1627
1643,1638
1581,1655
1649,1649
1631,1628
1658,1692
1683,1663
1630,1638
1686,1633
1657,1657
1680,1667
1691,1699
1661,1675
1636,1709
1731,1680
1683,1641
1686,1612
1683,1645
1708,1663
1711,1616
1695,1665
1652,1680
1668,1661
1673,1644
1665,1657
1642,1612
1675,1617
1697,1607
1712,1608
1658,1596
1671,1612
1571,1588
1637,1630
1614,1596
1657,1621
1648,1598
1606,1576
1646,1585
1576,1550
1571,1554
1586,1533
1576,1567
1561,1530
1558,1579
1549,1513
1519,1543
1508,1492
1534,1528
1494,1500
1474,1539
1492,1495
1483,1467
1458,1510
1457,1474
1457,1439
1460,1487
1488,1434
1437,1447
1440,1433
1402,1459
1448,1426
1446,1454
1424,1444
1385,1466
1429,1419
1408,1402
1420,1430
1373,1427
1438,1419
1410,1387
1420,1479
1438,1435
1420,1418
1405,1419
1442,1440
1426,1423
1429,1412
1425,1437
1446,1478
1453,1454
1428,1444
1445,1446
1406,1474
1457,1529
1479,1463
1457,1499
1429,1466
1486,1549
1490,1531
1517,1555
1484,1500
1485,1533
1504,1535
1509,1490
1534,1545
1567,1581
1529,1568
1522,1582
1564,1541
1597,1584
1609,1611
1586,1573
1582,1633
1569,1603
1599,1643
1598,1635
1631,1642
1645,1634
1654,1630
1654,1627
1617,1638
1686,1639
1669,1640
1631,1656
1650,1692
1666,1675
1653,1708
1669,1635
1690,1684
1715,1679
1647,1682
1701,1643
1647,1689
1669,1704
1712,1702
1706,1632
1667,1684
1687,1659
1694,1682
1633,1659
1680,1627
1718,1678
1689,1686
1650,1649
1657,1651
1641,1646
1695,1634
1678,1631
1624,1614
1597,1597
1657,1614
1633,1584
1591,1584
1624,1592
1577,1584
1576,1542
1565,1580
1606,1575
1595,1555
1557,1540
1576,1539
1572,1546
1511,1531
1532,1497
1542,1483
1507,1501
1509,1484
1455,1470
1496,1459
1501,1485
1450,1436
1473,1422
1419,1462
1440,1413
1416,1428
1433,1446
1487,1417
1443,1436
1431,1431
1439,1428
1420,1456
1414,1417
1406,1439
1403,1426
1442,1444
1404,1427
1388,1432
1422,1426
1375,1437
1418,1423
1427,1414
1376,1383
1403,1408
1415,1440
1459,1410
1423,1450
1417,1498
1420,1471
1450,1456
1414,1489
1454,1485
1435,1484
1502,1464
1499,1485
1475,1466
1531,1496
1494,1506
1503,1517
1446,1512
1515,1517
1496,1544
1493,1566
1535,1596
1569,1587
1566,1582
1601,1590
1568,1558
1556,1576
1603,1564
1590,1595
1657,1597
1586,1622
1563,1616
1639,1664
1658,1647
1666,1659
1597,1656
1635,1644
1649,1636
1635,1648
1625,1607
1642,1637
1668,1646
1650,1679
1664,1649
1712,1686
1692,1671
1668,1677
1682,1673
1683,1672
1663,1675
1712,1687
1664,1652
1677,1683
1691,1658
1691,1688
1665,1659
1748,1652
1654,1667
1673,1685
1663,1637
1699,1673
1712,1593
1642,1576
1689,1628
1675,1604
1683,1621
1624,1617
1643,1581
1573,1589
1592,1583
1632,1590
1602,1598
1583,1571
1601,1544
1552,1547
1578,1551
1579,1557
1568,1514
1543,1515
1554,1497
1519,1503
1547,1497
1501,1469
1496,1512
1502,1420
1511,1488
1457,1463
1482,1466
1469,1464
1495,1505
1476,1435
1408,1464
1431,1428
1430,1453
1459,1431
1423,1425
1370,1452
1432,1406
1414,1417
1405,1397
1414,1437
1380,1425
1390,1457
1391,1395
1408,1419
1434,1387
1375,1446
1380,1431
1375,1436
1430,1425
1387,1467
1409,1438
1417,1456
1428,1439
1442,1471
1424,1457
1420,1468
1447,1479
1463,1491
1487,1486
1416,1543
1479,1479
1520,1534
1489,1479
1484,1528
1514,1474
1467,1540
1507,1513
1554,1558
1517,1557
1577,1540
1528,1567
1553,1526
1625,1571
1614,1576
1610,1612
1604,1608
1556,1613
1628,1634
1616,1612
1656,1625
1635,1630
1638,1648
1642,1633
1659,1621
1673,1645
1696,1668
1659,1663
1638,1700
1661,1682
1704,1678
1681,1686
1699,1664
1663,1680
1654,1687
1701,1645
1657,1699
1691,1694
1650,1651
1663,1669
1684,1705
1708,1649
1686,1647
1678,1685
1697,1674
1651,1638
1691,1592
1652,1659
1638,1667
1642,1637
1697,1622
1664,1655
1642,1663
1639,1572
1655,1615
1590,1584
1624,1607
1615,1587
1590,1611
1616,1562
1563,1572
1569,1560
1573,1575
1569,1561
1507,1508
1520,1528
1552,1499
1558,1503
1547,1528
1522,1496
1468,1487
1456,1455
1451,1487
1459,1498
1464,1500
1472,1461
1492,1447
1453,1420
1444,1460
1442,1437
1473,1405
1467,1413
1396,1458
1397,1425
1415,1438
1430,1424
1448,1427
1439,1429
1425,1451
1424,1426
1379,1439
1387,1423
1395,1403
1350,1443
1406,1440
1393,1474
1398,1413
1390,1408
1417,1485
1437,1431
1388,1476
1364,1444
1397,1488
1398,1472
1458,1446
1486,1462
1423,1500
1496,1493
1442,1499
1451,1502
1477,1536
1470,1502
1537,1534
1535,1584
1542,1535
1559,1537
1542,1583
1555,1588
1599,1588
1562,1583
1585,1573
1592,1595
1557,1612
1594,1623
1612,1614
1590,1637
1642,1635
1615,1648
1636,1647
1669,1649
1648,1641
1631,1670
1657,1654
1632,1657
1697,1679
1659,1627
1675,1666
1685,1680
1693,1688
1689,1677
1675,1669
1670,1696
1688,1674
1695,1693
1692,1690
1709,1658
1685,1660
1661,1658
1678,1675
1675,1627
1668,1666
1679,1658
1670,1685
1666,1637
1646,1631
1693,1649
1646,1610
1694,1609
1629,1633
1662,1662
1600,1635
1635,1614
1618,1578
1605,1587
1617,1554
1678,1573
1577,1557
1609,1535
1550,1579
1584,1543
1577,1492
1575,1542
1496,1534
1517,1541
1525,1530
1505,1462
1561,1502
1507,1438
1466,1481
1483,1468
1491,1461
1511,1461
1482,1444
1459,1458
1469,1430
1445,1426
1439,1432
1428,1465
1446,1432
1430,1417
1426,1475
1404,1421
1436,1438
1433,1414
1424,1415
1409,1432
1443,1412
1372,1416
1378,1420
1417,1412
1400,1465
1455,1429
1409,1397
1429,1435
1421,1429
1395,1434
1393,1484
1466,1462
1421,1430
1416,1462
1431,1464
1443,1498
1429,1484
1455,1509
1441,1457
1439,1510
1506,1489
1521,1531
1523,1491
1502,1523
1521,1523
1523,1531
1545,1529
1496,1519
1552,1571
1585,1543
1564,1575
1543,1605
1525,1564
1617,1633
1608,1620
1583,1619
1609,1634
1626,1628
1598,1668
1630,1638
1615,1641
1671,1632
1677,1684
1693,1632
1677,1659
1663,1694
1674,1663
1667,1636
1654,1684
1656,1658
1688,1695
1693,1656
1684,1679
1686,1693
1684,1659
1622,1689
1712,1712
1729,1665
1665,1659
1713,1643
1697,1662
1695,1632
1688,1670
1694,1700
1707,1646
1693,1650
1659,1620
1671,1631
1673,1662
1658,1611
1584,1601
1656,1609
1618,1579
1607,1619
1618,1565
1642,1603
1621,1560
1606,1573
1576,1533
1587,1519
1603,1556
1564,1539
1580,1521
1552,1501
1500,1506
1507,1494
1520,1482
1498,1516
1504,1473
1515,1491
1482,1464
1458,1462
1453,1476
1479,1453
1452,1441
1447,1444
1401,1456
1472,1452
1434,1430
1435,1438
1398,1452
1418,1449
1385,1410
1387,1427
1404,1446
1455,1388
1453,1418
1399,1403
1396,1431
1423,1438
1405,1388
1361,1438
1362,1481
1436,1426
1437,1460
1393,1462
1395,1422
1383,1471
1416,1468
1454,1462
1424,1446
1443,1463
1448,1469
1457,1470
1436,1499
1496,1485
1506,1511
1467,1509
1466,1533
1513,1478
1491,1509
1507,1551
1538,1572
1530,1535
1517,1572
1588,1504
1537,1569
1559,1573
1585,1617
1586,1591
1557,1607
1587,1540
1579,1601
1597,1660
1624,1620
1608,1643
1599,1672
1644,1632
1626,1656
1679,1626
1682,1622
1693,1626
1634,1661
1653,1646
1664,1672
1661,1655
1642,1642
1694,1698
1707,1665
1670,1675
1716,1712
1711,1653
1648,1697
1700,1662
1689,1663
1716,1665
1696,1651
1701,1660
1670,1636
1734,1685
1676,1693
1658,1705
1673,1648
1694,1646
1673,1639
1670,1628
1655,1642
1610,1607
1692,1596
1619,1564
1662,1617
1616,1569
1633,1610
1640,1559
1605,1557
1578,1581
1580,1609
1579,1521
1577,1592
1565,1544
1566,1564
1533,1483
1536,1533
1480,1505
1566,1529
1533,1477
1470,1476
1501,1503
1470,1439
1503,1472
1468,1450
1475,1458
1441,1456
1431,1449
1413,1413
1435,1427
1451,1431
1439,1431
1436,1457
1436,1420
1439,1434
1414,1415
1387,1432
1402,1419
1430,1401
1387,1413
1413,1415
1403,1466
1431,1492
1345,1448
1449,1399
1405,1435
1372,1460
1451,1432
1386,1438
1436,1445
1411,1483
1450,1426
1420,1430
1461,1465
1448,1479
1414,1490
1407,1490
1441,1484
1517,1512
1495,1546
1472,1517
1498,1552
1521,1490
1494,1537
1539,1609
1512,1532
1518,1575
1563,1550
1525,1578
1551,1578
1586,1591
1559,1569
1564,1589
1629,1602
1602,1610
1592,1606
1718,1655
1634,1636
1631,1657
1643,1639
1660,1656
1696,1659
1625,1663
1643,1673
1664,1665
1653,1657
1670,1678
1741,1610
1675,1667
1671,1681
1689,1691
1674,1644
1652,1664
1706,1686
1715,1672
1642,1637
1660,1676
1648,1669
1679,1673
1678,1654
1681,1625
1683,1677
1709,1666
1682,1625
1683,1675
1701,1658
1610,1649
1668,1649
1653,1646
1626,1615
1633,1591
1660,1569
1582,1584
1603,1581
1648,1569
1642,1634
1584,1579
1584,1527
1548,1532
1547,1541
1514,1529
1564,1503
1511,1509
1540,1507
1511,1521
1508,1520
1538,1503
1517,1501
1521,1474
1468,1459
1490,1469
1425,1506
1438,1468
1477,1463
1440,1493
1475,1478
1423,1457
1422,1477
1415,1416
1395,1405
1400,1414
1403,1424
1417,1374
1421,1404
1408,1430
1404,1399
1404,1426
1411,1418
1432,1403
1435,1373
1419,1432
1393,1435
1411,1437
1414,1450
1392,1423
1393,1421
1435,1455
1415,1481
1419,1469
1429,1483
1420,1455
1457,1493
1398,1515
1482,1503
1450,1511
1492,1496
1462,1506
1470,1502
1505,1560
1537,1529
1502,1563
1536,1529
1552,1586
1519,1593
1536,1611
1564,1592
1544,1612
1580,1575
1572,1624
1574,1592
1581,1608
1615,1650
1631,1660
1596,1635
1621,1627
1622,1648
1637,1665
1644,1662
1631,1663
1656,1626
1659,1629
1633,1687
1672,1691
1687,1678
1720,1657
1691,1656
1705,1690
1691,1661
1677,1698
1704,1645
1711,1691
1712,1675
1699,1685
1721,1674
1663,1669
1697,1671
1686,1657
1710,1660
1686,1682
1681,1674
1711,1655
1664,1649
1646,1587
1657,1643
1678,1622
1645,1613
1668,1621
1635,1661
1624,1629
1658,1592
1609,1612
1600,1594
1595,1586
1618,1577
1563,1532
1558,1562
1615,1531
1588,1555
1573,1561
1562,1542
1562,1502
1520,1495
1563,1495
1505,1503
1503,1486
1514,1453
1450,1472
1482,1484
1437,1457
1492,1437
1418,1447
1426,1467
1433,1437
1445,1448
1452,1429
1365,1439
1419,1436
1476,1434
1405,1417
1454,1449
1418,1413
1395,1422
1405,1416
1399,1412
1350,1414
1393,1465
1475,1437
1407,1447
1371,1442
1396,1433
1401,1458
1464,1425
1457,1444
1411,1422
1439,1442
1455,1450
1458,1482
1480,1496
1442,1491
1461,1487
1468,1501
1468,1504
1502,1502
1514,1545
1500,1515
1516,1510
1506,1532
1465,1513
1505,1528
1527,1561
1571,1552
1529,1530
1571,1528
1585,1592
1572,1607
1596,1597
1610,1634
1615,1603
1630,1597
1627,1624
1640,1624
1623,1610
1593,1635
1649,1636
1655,1699
1625,1654
1709,1611
1659,1657
1641,1643
1687,1645
1665,1673
1663,1704
1724,1681
1707,1690
1669,1665
1702,1663
1673,1693
1712,1701
1724,1623
1705,1671
1655,1692
1663,1670
1676,1640
1659,1665
1674,1675
1717,1629
1685,1637
1711,1636
1654,1635
1703,1644
1663,1626
1642,1640
1615,1621
1641,1593
1654,1560
1661,1643
1635,1607
1620,1551
1594,1601
1615,1585
1618,1563
1569,1553
1589,1563
1562,1550
1509,1533
1546,1527
1525,1542
1486,1572
1546,1517
1502,1519
1491,1476
1494,1477
1470,1465
1493,1484
1506,1462
1502,1463
1482,1418
1458,1450
1454,1437
1383,1438
1374,1407
1433,1442
1445,1451
1436,1428
1436,1430
1417,1403
1415,1423
1424,1377
1433,1408
1462,1417
1412,1422
1407,1414
1374,1422
1464,1451
1405,1439
1450,1424
1400,1397
1430,1441
1452,1441
1458,1451
1393,1447
1486,1447
1426,1486
1466,1472
1457,1485
1398,1466
1421,1486
1454,1492
1456,1486
1469,1507
1483,1471
1480,1520
1484,1516
1522,1521
1507,1568
1503,1544
1556,1541
1544,1589
1560,1576
1551,1566
1562,1569
1564,1599
1581,1613
1583,1586
1596,1612
1642,1629
1611,1622
1595,1623
1647,1609
1609,1629
1649,1624
1615,1655
1655,1650
1649,1643
1644,1645
1643,1636
1682,1673
1671,1690
1691,1680
1670,1688
1737,1678
1649,1678
1705,1687
1703,1690
1671,1698
1727,1715
1709,1670
1647,1665
1697,1660
1704,1624
1705,1655
1715,1623
1702,1654
1610,1666
1632,1636
1697,1628
1648,1624
1682,1643
1657,1594
1641,1599
1678,1613
1626,1601
1655,1586
1626,1634
1605,1592
1640,1574
1568,1640
1577,1581
1574,1576
1617,1559
1600,1529
1587,1548
1574,1549
1583,1525
1564,1520
1548,1541
1499,1513
1495,1518
1485,1507
1503,1432
1505,1465
1519,1483
1500,1485
1467,1479
1487,1458
1436,1441
1446,1423
1444,1454
1420,1463
1452,1433
1410,1404
1425,1428
1375,1417
1414,1459
1401,1442
1460,1386
1374,1421
1429,1412
1402,1420
1414,1416
1442,1426
1417,1422
1382,1414
1353,1428
1410,1466
1391,1446
1405,1425
1446,1462
1427,1428
1401,1436
1407,1462
1447,1478
1456,1475
1480,1448
1452,1455
1453,1468
1464,1519
1475,1518
1500,1511
1504,1529
1489,1507
1512,1541
1493,1527
1504,1530
1507,1560
1528,1560
1568,1602
1503,1585
1571,1601
1573,1610
1580,1596
1552,1599
1622,1630
1586,1634
1614,1631
1620,1622
1593,1632
1646,1622
1648,1678
1645,1658
1649,1687
1643,1677
1670,1711
1668,1687
1656,1672
1699,1658
1701,1688
1710,1693
1717,1682
1658,1664
1725,1691
1717,1675
1680,1655
1658,1681
1687,1685
1685,1642
1677,1709
1669,1681
1665,1633
1694,1699
1645,1648
1674,1644
1678,1631
1686,1625
1599,1635
1686,1634
1655,1578
1673,1627
1639,1615
1600,1592
1629,1581
1625,1581
1616,1555
1583,1579
1581,1567
1573,1565
1549,1554
1572,1558
1577,1533
1568,1503
1542,1521
1560,1480
1561,1533
1483,1476
1499,1518
1478,1484
1482,1479
1506,1490
1496,1518
1468,1469
1468,1486
1489,1453
1484,1457
1450,1445
1426,1450
1423,1456
1396,1437
1451,1450
1430,1453
1397,1472
1437,1440
1447,1455
1459,1444
1440,1404
1389,1438
1439,1396
1441,1392
1417,1413
1373,1407
1433,1456
1417,1458
1442,1471
1423,1414
1429,1437
1404,1459
1381,1452
1444,1462
1456,1452
1422,1465
1443,1470
1449,1480
1465,1507
1479,1482
1495,1507
1516,1498
1486,1518
1497,1539
1495,1517
1506,1553
1501,1576
1557,1509
1523,1521
1542,1543
1518,1550
1575,1599
1570,1608
1540,1572
1578,1610
1587,1617
1585,1640
1615,1608
1646,1614
1572,1648
1605,1631
1585,1613
1652,1643
1647,1661
1625,1651
1633,1651
1661,1619
1671,1635
1660,1637
1658,1697
1681,1658
1684,1656
1622,1636
1690,1646
1655,1681
1664,1682
1673,1686
1681,1671
1662,1667
1652,1697
1635,1672
1640,1682
1704,1687
1707,1654
1699,1635
1654,1663
1678,1669
1652,1623
1671,1631
1664,1597
1653,1608
1638,1610
1653,1608
1590,1590
1614,1596
1652,1592
1637,1556
1591,1595
1566,1591
1580,1547
1584,1547
1566,1553
1537,1537
1571,1519
1572,1556
1537,1515
1539,1522
1542,1534
1489,1503
1540,1525
1459,1498
1492,1474
1480,1491
1471,1519
1450,1455
1460,1471
1466,1430
1451,1469
1477,1446
1451,1458
1428,1435
1450,1434
1425,1428
1427,1469
1443,1435
1422,1438
1394,1422
1423,1419
1400,1434
1406,1449
1452,1431
1420,1439
1401,1446
1425,1471
1421,1435
1433,1468
1432,1470
1409,1458
1441,1442
1425,1415
1430,1480
1429,1481
1443,1488
1421,1483
1432,1447
1456,1505
1449,1494
1451,1505
1468,1487
1513,1501
1527,1557
1498,1537
1498,1523
1509,1499
1541,1561
1539,1538
1521,1594
1556,1575
1525,1563
1542,1567
1608,1543
1575,1613
1578,1614
1611,1582
1617,1610
1567,1602
1599,1588
1598,1627
1613,1673
1633,1694
1667,1655
1639,1621
1683,1626
1667,1643
1650,1682
1642,1668
1661,1672
1686,1653
1671,1657
1664,1683
1645,1632
1655,1694
1677,1665
1678,1701
1666,1661
1702,1702
1671,1649
1695,1648
1686,1642
1664,1656
1690,1703
1678,1675
1656,1651
1662,1620
1626,1641
1668,1671
1648,1612
1641,1605
1659,1628
1691,1657
1642,1606
1618,1589
1637,1598
1575,1590
1585,1572
1593,1574
1607,1580
1623,1548
1590,1546
1581,1524
1611,1548
1576,1534
1562,1557
1555,1528
1492,1494
1557,1514
1488,1506
1491,1498
1494,1495
1472,1470
1479,1466
1446,1480
1465,1454
1483,1445
1454,1462
1450,1486
1430,1477
1446,1427
1444,1433
1375,1466
1380,1452
1414,1451
1400,1473
1399,1409
1417,1461
1419,1440
1466,1428
1430,1467
1422,1465
1428,1427
1377,1422
1392,1438
1408,1437
1443,1419
1434,1418
1408,1443
1447,1424
1459,1481
1370,1483
1456,1459
1422,1492
1502,1485
1445,1524
1447,1477
1450,1511
1486,1529
1529,1520
1485,1493
1515,1525
1494,1543
1531,1530
1508,1563
1553,1555
1484,1598
1542,1576
1548,1584
1533,1579
1543,1621
1559,1592
1566,1608
1590,1581
1617,1601
1580,1617
1583,1623
1566,1594
1608,1635
1612,1632
1657,1671
1669,1638
1657,1649
1644,1643
1632,1644
1704,1649
1664,1636
1669,1658
1698,1642
1656,1667
1678,1666
1708,1671
1694,1671
1696,1659
1679,1649
1699,1635
1634,1654
1645,1665
1671,1633
1680,1678
1620,1662
1687,1649
1636,1641
1707,1658
1649,1617
1672,1607
1687,1652
1621,1609
1634,1653
1621,1608
1648,1617
1611,1577
1576,1581
1628,1604
1616,1615
1652,1576
1615,1551
1597,1518
1596,1568
1550,1543
1569,1544
1553,1535
1568,1529
1560,1532
1567,1505
1504,1511
1524,1511
1466,1462
1490,1478
1454,1481
1425,1475
1476,1468
1485,1475
1461,1444
1496,1442
1467,1472
1456,1422
1461,1463
1433,1438
1435,1437
1392,1425
1424,1434
1430,1458
1449,1423
1443,1444
1428,1438
1386,1441
1398,1449
1439,1436
1438,1433
1404,1427
1387,1407
1406,1417
1442,1433
1450,1429
1459,1461
1438,1472
1467,1436
1440,1461
1450,1499
1439,1485
1491,1475
1464,1446
1514,1487
1469,1486
1465,1503
1500,1510
1488,1514
1483,1511
1530,1546
1529,1551
1503,1506
1522,1528
1506,1564
1528,1569
1512,1567
1588,1588
1548,1572
1542,1554
1579,1614
1597,1612
1633,1590
1592,1625
1608,1619
1611,1639
1611,1640
1655,1602
1649,1618
1651,1653
1652,1673
1659,1624
1682,1641
1641,1667
1649,1667
1678,1656
1628,1653
1695,1671
1657,1625
1713,1659
1688,1663
1683,1641
1714,1635
1689,1665
1668,1602
1686,1680
1695,1639
1666,1636
1646,1634
1660,1681
1678,1648
1704,1615
1635,1600
1651,1612
1621,1636
1651,1630
1654,1632
1623,1593
1639,1583
1637,1607
1669,1556
1611,1596
1625,1550
1591,1593
1602,1553
1578,1568
1585,1551
1512,1551
1571,1527
1540,1592
1537,1522
1562,1547
1522,1509
1481,1491
1525,1493
1463,1507
1510,1499
1523,1449
1487,1475
1509,1437
1470,1454
1452,1497
1489,1434
1471,1462
1398,1471
1443,1445
1411,1462
1441,1438
1436,1402
1421,1424
1438,1434
1439,1453
1414,1459
1426,1388
1435,1434
1413,1466
1385,1444
1425,1450
1442,1473
1422,1457
1397,1453
1402,1447
1454,1429
1405,1462
1387,1458
1455,1453
1433,1479
1430,1468
1445,1452
1457,1492
1431,1493
1478,1512
1425,1519
1460,1518
1503,1496
1511,1515
1487,1522
1551,1508
1500,1527
1571,1511
1549,1518
1501,1564
1531,1546
1564,1550
1600,1590
1584,1553
1600,1595
1557,1601
1614,1581
1635,1613
1597,1661
1619,1646
1556,1596
1613,1604
1649,1583
1613,1635
1622,1596
1656,1653
1655,1609
1674,1630
1642,1669
1625,1620
1659,1642
1645,1667
1668,1634
1654,1629
1705,1688
1651,1641
1667,1649
1629,1653
1665,1614
1673,1616
1649,1654
1666,1634
1672,1682
1673,1649
1681,1638
1690,1648
1664,1660
1656,1634
1602,1638
1628,1644
1692,1597
1611,1560
1585,1605
1654,1607
1624,1616
1533,1589
1597,1594
1607,1592
1607,1528
1594,1567
1561,1559
1571,1574
1544,1522
1507,1529
1542,1554
1574,1560
1528,1550
1502,1545
1505,1511
1522,1491
1522,1510
1476,1474
1474,1490
1498,1480
1503,1481
1486,1476
1516,1457
1478,1480
1485,1452
1445,1458
1460,1465
1437,1509
1449,1476
1433,1448
1442,1438
1442,1451
1478,1448
1422,1439
1455,1439
1412,1432
1463,1427
1444,1425
1394,1459
1419,1431
1428,1464
1411,1445
1411,1443
1415,1485
1452,1421
1455,1436
1466,1467
1438,1479
1457,1465
1444,1441
1441,1484
1456,1478
1488,1465
1485,1509
1473,1506
1449,1504
1481,1520
1524,1514
1499,1560
1495,1550
1549,1552
1557,1528
1509,1550
1552,1557
1520,1588
1566,1586
1518,1552
1562,1573
1545,1603
1580,1632
1578,1611
1610,1633
1612,1598
1646,1639
1575,1614
1644,1628
1623,1632
1628,1649
1649,1640
1675,1616
1643,1636
1657,1659
1634,1654
1668,1638
1686,1652
1656,1643
1659,1643
1665,1652
1713,1664
1654,1652
1645,1635
1660,1630
1680,1653
1681,1690
1666,1676
1630,1664
1651,1639
1643,1636
1656,1616
1647,1588
1689,1629
1625,1633
1649,1647
1621,1635
1693,1596
1593,1636
1663,1602
1617,1584
1629,1589
1608,1584
1601,1601
1614,1562
1610,1560
1577,1575
1598,1562
1539,1539
1609,1544
1573,1541
1568,1529
1513,1545
1514,1555
1512,1508
1515,1449
1519,1538
1491,1489
1484,1470
1492,1476
1524,1469
1510,1491
1497,1491
1438,1501
1461,1474
1421,1476
1463,1485
1463,1479
1457,1459
1427,1454
1487,1399
1420,1416
1433,1406
1468,1442
1445,1433
1397,1484
1437,1453
1411,1470
1423,1425
1420,1446
1400,1446
1470,1490
1460,1478
1427,1490
1465,1450
1431,1471
1454,1457
1459,1470
1444,1453
1450,1528
1484,1454
1468,1482
1483,1486
1471,1526
1505,1505
1447,1509
1529,1490
1491,1489
1533,1540
1555,1536
1513,1555
1530,1527
1547,1586
1503,1574
1578,1565
1568,1555
1537,1591
1606,1598
1534,1577
1580,1584
1550,1583
1599,1574
1601,1633
1617,1662
1570,1614
1603,1642
1622,1633
1633,1678
1679,1657
1638,1615
1646,1601
1660,1638
1683,1628
1636,1632
1669,1646
1636,1636
1679,1666
1666,1621
1706,1668
1676,1615
1702,1660
1665,1652
1642,1643
1676,1652
1648,1627
1666,1642
1647,1666
1678,1614
1675,1632
1671,1633
1647,1626
1675,1642
1616,1634
1634,1620
1630,1586
1625,1593
1634,1586
1621,1608
1638,1603
1590,1587
1600,1576
1615,1587
1627,1589
1594,1639
1562,1560
1569,1534
1561,1566
1569,1542
1505,1548
1527,1537
1548,1505
1563,1536
1467,1493
1505,1493
1485,1512
1528,1485
1500,1464
1488,1503
1479,1474
1481,1503
1483,1471
1452,1486
1475,1467
1495,1442
1461,1445
1471,1463
1420,1454
1439,1465
1448,1454
1424,1432
1433,1400
1401,1413
1451,1458
1411,1439
1407,1483
1436,1439
1415,1435
1441,1449
1400,1448
1456,1444
1440,1432
1478,1513
1465,1478
1484,1484
1433,1470
1411,1456
1425,1483
1439,1474
1500,1493
1458,1496
1509,1482
1459,1496
1479,1518
1475,1504
1538,1492
1487,1547
1503,1525
1506,1527
1483,1529
1546,1541
1542,1586
1561,1581
1531,1554
1580,1571
1536,1579
1571,1615
1552,1554
1569,1626
1607,1580
1602,1593
1584,1623
1649,1631
1646,1630
1633,1625
1651,1621
1608,1634
1651,1650
1641,1642
1660,1609
1686,1643
1662,1636
1587,1682
1648,1642
1677,1656
1666,1673
1685,1657
1716,1650
1666,1619
1675,1635
1708,1628
1609,1609
1663,1673
1667,1631
1709,1625
1670,1665
1649,1658
1615,1630
1665,1614
1631,1635
1653,1656
1641,1621
1622,1610
1638,1621
1627,1586
1628,1600
1633,1593
1626,1585
1591,1611
1594,1585
1585,1555
1590,1587
1573,1570
1577,1563
1568,1521
1543,1518
1553,1497
1569,1536
1544,1510
1540,1517
1536,1478
1527,1490
1531,1516
1533,1511
1489,1500
1435,1454
1498,1487
1465,1479
1481,1471
1477,1449
1444,1440
1455,1475
1460,1435
1459,1488
1434,1473
1442,1480
1414,1448
1442,1443
1437,1460
1482,1427
1398,1429
1447,1454
1471,1457
1433,1425
1443,1449
1455,1470
1394,1436
1437,1449
1455,1433
1403,1483
1469,1461
1445,1428
1488,1464
1475,1461
1462,1485
1446,1497
1483,1473
1522,1493
1454,1526
1484,1515
1518,1505
1483,1491
1489,1498
1513,1527
1511,1544
1528,1551
1509,1550
1562,1544
1536,1543
1553,1553
1538,1540
1528,1633
1608,1553
1591,1592
1563,1568
1593,1591
1593,1615
1626,1616
1585,1607
1607,1619
1614,1598
1602,1640
1651,1600
1558,1663
1634,1671
1644,1668
1640,1620
1645,1646
1595,1640
1605,1588
1660,1656
1597,1641
1641,1652
1673,1640
1659,1641
1678,1626
1654,1625
1692,1615
1674,1638
1602,1637
1676,1656
1675,1605
1649,1655
1621,1633
1646,1602
1640,1622
1653,1624
1634,1649
1630,1594
1640,1616
1639,1618
1656,1620
1628,1615
1657,1604
1613,1591
1625,1614
1595,1561
1592,1607
1542,1519
1587,1580
1611,1558
1565,1554
1577,1560
1549,1527
1560,1533
1548,1536
1556,1502
1557,1505
1525,1562
1540,1510
1533,1500
1507,1549
1480,1509
1464,1476
1532,1459
1433,1512
1476,1497
1467,1470
1457,1441
1434,1457
1480,1449
1476,1465
1459,1463
1466,1489
1440,1474
1445,1436
1431,1398
1472,1479
1493,1423
1444,1450
1444,1438
1456,1435
1462,1501
1427,1453
1439,1446
1461,1486
1455,1494
1460,1456
1456,1484
1417,1475
1418,1499
1452,1484
1517,1529
1430,1492
1455,1479
1504,1503
1513,1497
1480,1474
1473,1522
1511,1532
1535,1526
1511,1549
1520,1551
1527,1529
1530,1563
1525,1550
1541,1537
1549,1544
1551,1567
1573,1624
1570,1575
1574,1594
1590,1641
1597,1587
1571,1595
1583,1601
1600,1597
1618,1617
1627,1612
1652,1650
1595,1622
1637,1617
1612,1609
1596,1697
1635,1626
1651,1619
1681,1655
1661,1669
1639,1652
1658,1621
1665,1633
1634,1656
1641,1617
1666,1624
1670,1659
1637,1613
1640,1619
1642,1600
1693,1612
1671,1617
1603,1651
1686,1602
1636,1615
1639,1612
1689,1606
1644,1642
1638,1614
1613,1611
1584,1607
1590,1609
1628,1599
1589,1589
1631,1580
1614,1597
1599,1583
1562,1576
1573,1546
1575,1547
1582,1570
1571,1528
1560,1527
1585,1514
1546,1516
1526,1508
1535,1498
1520,1537
1523,1497
1487,1528
1526,1509
1479,1492
1502,1515
1503,1513
1474,1470
1454,1460
1451,1463
1471,1438
1477,1480
1500,1449
1441,1450
1452,1491
1411,1467
1442,1489
1464,1501
1432,1468
1482,1480
1400,1442
1460,1434
1451,1435
1414,1476
1424,1442
1458,1491
1418,1439
1464,1486
1443,1476
1436,1443
1451,1500
1434,1430
1443,1492
1453,1455
1503,1471
1446,1483
1482,1514
1477,1489
1457,1507
1495,1515
1476,1517
1463,1534
1515,1543
1494,1534
1512,1553
1531,1537
1500,1553
1543,1533
1519,1565
1558,1560
1529,1574
1565,1575
1533,1594
1549,1537
1571,1587
1589,1619
1583,1626
1612,1597
1544,1605
1608,1617
1640,1618
1623,1637
1645,1606
1605,1608
1632,1625
1685,1652
1622,1599
1622,1642
1616,1634
1621,1642
1678,1684
1661,1647
1647,1644
1651,1615
1604,1637
1678,1647
1636,1620
1710,1641
1682,1646
1666,1607
1696,1656
1650,1615
1659,1669
1603,1620
1629,1608
1618,1629
1603,1665
1655,1616
1610,1584
1600,1589
1615,1609
1616,1592
1577,1596
1575,1560
1579,1562
1616,1594
1593,1560
1580,1598
1616,1579
1594,1578
1554,1562
1545,1536
1569,1502
1533,1526
1534,1539
1515,1523
1545,1543
1519,1510
1546,1509
1505,1538
1507,1485
1540,1472
1516,1480
1455,1465
1541,1496
1466,1471
1482,1478
1479,1487
1464,1462
1452,1490
1442,1441
1461,1463
1442,1471
1427,1473
1413,1453
1442,1411
1409,1411
1440,1442
1468,1419
1483,1442
1397,1465
1442,1471
1452,1445
1455,1507
1415,1474
1424,1491
1456,1486
1455,1481
1500,1474
1453,1466
1500,1490
1498,1460
1501,1498
1476,1494
1487,1516
1515,1477
1500,1501
1468,1504
1489,1501
1465,1545
1532,1527
1505,1490
1487,1507
1536,1540
1494,1552
1526,1564
1512,1548
1521,1518
1582,1574
1569,1603
1565,1548
1549,1599
1583,1577
1573,1593
1598,1572
1599,1587
1639,1597
1626,1661
1625,1645
1647,1632
1644,1634
1647,1626
1608,1625
1687,1648
1655,1608
1636,1630
1654,1642
1646,1616
1657,1611
1662,1632
1661,1645
1647,1666
1674,1634
1662,1636
1653,1664
1664,1645
1636,1680
1653,1630
1667,1648
1652,1611
1659,1664
1601,1639
1655,1647
1646,1598
1616,1664
1660,1617
1588,1620
1635,1625
1589,1599
1614,1610
1612,1572
1590,1574
1620,1618
1642,1592
1548,1547
1590,1551
1581,1525
1591,1539
1581,1552
1567,1521
1521,1539
1568,1508
1561,1534
1520,1552
1563,1534
1522,1547
1524,1476
1510,1505
1508,1506
1478,1524
1488,1490
1528,1484
1486,1451
1480,1498
1458,1473
1505,1490
1454,1446
1488,1446
1413,1447
1443,1460
1474,1449
1452,1443
1452,1468
1447,1440
1458,1453
1433,1483
1466,1458
1442,1453
1447,1443
1434,1479
1444,1449
1490,1476
1450,1447
1459,1419
1454,1479
1427,1491
1481,1492
1518,1470
1484,1513
1450,1507
1474,1505
1459,1526
1404,1526
1468,1473
1505,1508
1503,1533
1465,1500
1535,1488
1489,1561
1491,1533
1568,1554
1539,1542
1535,1548
1535,1557
1564,1580
1575,1585
1562,1593
1567,1549
1558,1626
1548,1587
1574,1613
1596,1582
1594,1593
1599,1607
1628,1629
1611,1598
1626,1630
1626,1642
1608,1589
1647,1675
1652,1611
1643,1609
1665,1664
1649,1622
1666,1667
1646,1658
1667,1640
1673,1639
1653,1608
1684,1659
1647,1640
1684,1620
1657,1665
1643,1633
1640,1618
1682,1603
1650,1628
1623,1646
1650,1606
1618,1567
1655,1602
1630,1606
1623,1590
1666,1606
1666,1606
1552,1525
1620,1596
1590,1560
1628,1592
1578,1573
1634,1579
1589,1556
1582,1559
1572,1557
1616,1548
1565,1556
1558,1551
1557,1506
1558,1541
1558,1528
1532,1489
1516,1472
1556,1523
1515,1511
1487,1464
1561,1506
1490,1477
1450,1478
1483,1474
1502,1516
1479,1471
1514,1462
1456,1477
1486,1456
1447,1463
1473,1465
1478,1465
1417,1473
1458,1457
1433,1443
1481,1458
1449,1446
1443,1485
1446,1438
1455,1445
1425,1502
1417,1462
1463,1466
1419,1471
1465,1460
1415,1474
1472,1461
1445,1491
1448,1501
1445,1456
1426,1512
1486,1470
1484,1503
1452,1507
1454,1487
1513,1501
1495,1487
1498,1499
1504,1542
1471,1529
1525,1550
1529,1499
1549,1526
1534,1578
1515,1533
1554,1556
1555,1574
1589,1560
1578,1588
1548,1604
1574,1610
1565,1558
1573,1633
1572,1605
1603,1618
1607,1629
1660,1646
1615,1603
1629,1642
1614,1640
1613,1616
1626,1667
1623,1645
1677,1639
1643,1658
1640,1598
1663,1648
1638,1652
1629,1619
1627,1671
1669,1681
1650,1634
1633,1693
1626,1635
1659,1668
1649,1645
1673,1654
1643,1627
1659,1634
1677,1620
1643,1642
1648,1649
1665,1596
1625,1600
1599,1592
1622,1603
1645,1621
1611,1604
1596,1561
1597,1573
1589,1583
1601,1595
1635,1566
1595,1586
1600,1578
1569,1578
1532,1555
1541,1537
1556,1562
1519,1576
1562,1486
1552,1565
1542,1494
1546,1541
1546,1539
1508,1541
1528,1515
1502,1537
1485,1526
1463,1493
1472,1495
1527,1465
1493,1450
1493,1453
1480,1475
1470,1468
1451,1481
1471,1455
1451,1501
1478,1464
1494,1427
1457,1463
1476,1455
1465,1475
1463,1419
1388,1471
1460,1489
1434,1454
1442,1448
1485,1446
1472,1481
1379,1448
1456,1443
1432,1483
1479,1491
1491,1480
1447,1459
1451,1461
1467,1464
1499,1478
1486,1506
1473,1490
1467,1484
1507,1492
1469,1476
1473,1531
1508,1562
1495,1520
1524,1527
1525,1562
1559,1526
1510,1536
1569,1555
1562,1564
1547,1578
1567,1585
1562,1590
1581,1578
1569,1578
1566,1595
1597,1616
1584,1615
1569,1599
1579,1613
1609,1612
1607,1612
1594,1635
1580,1594
1627,1623
1648,1657
1648,1646
1659,1596
1614,1663
1679,1617
1638,1660
1685,1648
1630,1639
1653,1638
1632,1604
1648,1615
1672,1646
1648,1649
1670,1637
1620,1654
1676,1608
1645,1610
1669,1585
1616,1635
1619,1607
1671,1659
1607,1623
1559,1610
1625,1570
1656,1596
1632,1586
1625,1627
1596,1574
1550,1563
1621,1570
1608,1582
1583,1597
1595,1549
1584,1539
1536,1587
1566,1541
1564,1536
1535,1546
1550,1552
1547,1519
1517,1505
1520,1543
1505,1506
1552,1484
1496,1514
1496,1489
1490,1456
1471,1507
1504,1494
1489,1463
1480,1490
1507,1456
1484,1480
1459,1455
1469,1460
1452,1436
1487,1474
1447,1479
1442,1437
1452,1468
1460,1451
1446,1467
1423,1437
1478,1463
1442,1494
1423,1467
1450,1465
1454,1463
1429,1429
1452,1434
1446,1448
1463,1466
1432,1490
1480,1456
1439,1499
1429,1472
1459,1479
1435,1494
1462,1472
1518,1490
1467,1506
1489,1488
1452,1521
1486,1532
1494,1506
1513,1559
1550,1561
1494,1515
1506,1547
1537,1523
1546,1527
1559,1583
1562,1572
1579,1592
1539,1579
1613,1576
1578,1592
1593,1574
1575,1590
1600,1582
1562,1649
1608,1606
1623,1611
1597,1637
1633,1595
1667,1615
1608,1659
1631,1621
1635,1655
1664,1628
1639,1652
1614,1648
1624,1660
1678,1644
1620,1661
1679,1669
1652,1625
1627,1657
1638,1633
1680,1630
1650,1627
1668,1657
1652,1645
1651,1633
1643,1619
1640,1636
1624,1597
1604,1621
1681,1615
1664,1596
1621,1626
1674,1590
1654,1592
1643,1609
1593,1568
1578,1564
1584,1598
1602,1594
1639,1524
1583,1589
1620,1529
1630,1567
1574,1564
1554,1547
1556,1549
1574,1539
1558,1487
1508,1506
1573,1522
1548,1518
1533,1491
1526,1468
1498,1517
1491,1498
1501,1494
1468,1501
1536,1470
1471,1495
1471,1483
1497,1468
1467,1458
1446,1473
1474,1450
1493,1468
1411,1463
1434,1442
1427,1462
1447,1477
1480,1446
1387,1473
1433,1449
1449,1475
1473,1465
1459,1439
1501,1461
1441,1453
1451,1453
1445,1474
1472,1444
1499,1483
1456,1468
1434,1480
1443,1477
1459,1487
1475,1510
1469,1499
1442,1497
1455,1522
1467,1457
1485,1498
1484,1520
1505,1478
1483,1507
1488,1515
1520,1536
1516,1545
1559,1548
1526,1545
1460,1538
1564,1595
1545,1560
1562,1551
1544,1577
1552,1610
1562,1616
1562,1619
1586,1576
1583,1576
1628,1603
1597,1611
1612,1584
1653,1599
1600,1640
1677,1622
1674,1661
1602,1625
1669,1647
1647,1669
1650,1650
1633,1659
1656,1634
1662,1698
1623,1633
1630,1642
1660,1640
1666,1634
1672,1677
1641,1642
1659,1602
1672,1637
1671,1608
1684,1668
1672,1649
1665,1615
1685,1679
1645,1602
1597,1600
1696,1623
1600,1605
1643,1612
1610,1588
1601,1601
1633,1553
1614,1547
1595,1619
1603,1545
1571,1556
1637,1570
1563,1548
1556,1549
1577,1575
1547,1525
1604,1517
1597,1540
1556,1550
1514,1539
1495,1502
1563,1487
1569,1478
1553,1491
1511,1479
1490,1512
1490,1475
1480,1472
1487,1522
1490,1514
1464,1504
1460,1438
1479,1448
1463,1474
1445,1432
1476,1467
1423,1474
1422,1454
1433,1450
1471,1466
1383,1471
1407,1410
1457,1408
1469,1446
1417,1452
1462,1441
1429,1502
1459,1458
1421,1451
1441,1462
1447,1483
1460,1431
1442,1487
1433,1479
1402,1494
1439,1472
1470,1513
1467,1495
1473,1497
1473,1462
1462,1507
1499,1493
1500,1486
1493,1504
1494,1568
1507,1522
1526,1517
1547,1565
1501,1549
1544,1545
1610,1561
1560,1599
1578,1556
1575,1606
1559,1629
1630,1595
1586,1629
1571,1591
1593,1576
1588,1582
1637,1639
1623,1599
1610,1628
1622,1663
1612,1613
1633,1645
1654,1672
1680,1638
1591,1672
1690,1660
1630,1616
1661,1623
1666,1624
1684,1651
1605,1637
1660,1625
1662,1636
1660,1649
1613,1631
1673,1657
1669,1624
1679,1641
1593,1671
1667,1634
1690,1614
1658,1618
1628,1597
1626,1610
1655,1593
1619,1606
1656,1581
1646,1601
1624,1642
1610,1549
1618,1599
1587,1567
1602,1600
1607,1551
1568,1557
1601,1596
1553,1595
1593,1560
1552,1539
1569,1537
1540,1530
1501,1538
1549,1515
1555,1479
1488,1505
1551,1519
1473,1460
1528,1497
1486,1504
1480,1480
1492,1474
1498,1475
1506,1475
1452,1472
1476,1468
1435,1476
1478,1456
1446,1500
1395,1454
1466,1457
1470,1478
1450,1469
1450,1461
1403,1448
1463,1426
1402,1466
1456,1491
1468,1459
1395,1456
1427,1456
1460,1455
1458,1446
1409,1435
1441,1470
1454,1446
1474,1440
1444,1463
1451,1470
1449,1429
1459,1522
1427,1480
1454,1504
1511,1526
1504,1500
1469,1518
1472,1521
1508,1527
1477,1501
1551,1551
1521,1554
1516,1571
1552,1573
1512,1573
1567,1570
1565,1596
1510,1578
1580,1597
1590,1567
1609,1607
1622,1592
1611,1593
1561,1635
1620,1637
1610,1624
1621,1640
1609,1616
1621,1620
1644,1596
1641,1623
1646,1624
1665,1623
1688,1628
1666,1644
1674,1647
1658,1681
1690,1663
1612,1614
1671,1660
1678,1691
1627,1616
1656,1636
1690,1598
1659,1665
1676,1610
1665,1649
1626,1616
1686,1645
1635,1672
1653,1639
1624,1605
1630,1635
1635,1607
1654,1617
1634,1577
1626,1608
1590,1612
1662,1642
1625,1599
1587,1569
1579,1588
1626,1571
1559,1616
1566,1582
1615,1547
1612,1554
1555,1572
1567,1551
1537,1536
1529,1532
1565,1558
1512,1529
1532,1494
1561,1502
1494,1495
1506,1468
1513,1468
1524,1462
1511,1452
1513,1460
1437,1484
1483,1478
1474,1471
1451,1457
1446,1451
1466,1484
1479,1438
1433,1495
1462,1447
1472,1465
1433,1456
1468,1428
1468,1454
1415,1444
1416,1459
1432,1447
1452,1473
1460,1436
1433,1462
1418,1459
1486,1467
1448,1456
1439,1454
1468,1458
1430,1475
1477,1484
1482,1491
1458,1479
1497,1482
1448,1515
1508,1520
1449,1488
1483,1510
1516,1488
1514,1506
1529,1539
1509,1592
1530,1512
1559,1535
1584,1545
1523,1545
1525,1579
1549,1516
1548,1595
1536,1625
1592,1603
1597,1617
1608,1614
1589,1634
1620,1610
1572,1611
1592,1607
1625,1592
1653,1636
1657,1629
1625,1609
1643,1619
1653,1634
1670,1632
1611,1645
1674,1615
1669,1630
1662,1658
1664,1628
1671,1636
1625,1675
1701,1631
1663,1631
1645,1663
1709,1619
1668,1603
1650,1653
1673,1653
1640,1627
1662,1639
1607,1621
1600,1644
1644,1642
1634,1642
1668,1618
1600,1625
1641,1614
1664,1583
1646,1573
1643,1568
1568,1577
1638,1585
1604,1544
1609,1583
1595,1589
1615,1572
1566,1564
1540,1557
1551,1534
1560,1552
1522,1507
1514,1529
1512,1477
1559,1511
1527,1491
1540,1499
1512,1509
1519,1526
1525,1475
1482,1468
1460,1465
1494,1501
1457,1462
1441,1467
1459,1456
1473,1472
1467,1473
1443,1467
1401,1463
1450,1448
1445,1465
1421,1460
1457,1437
1462,1420
1467,1456
1481,1424
1467,1450
1420,1426
1435,1470
1411,1483
1396,1434
1450,1437
1382,1482
1428,1444
1452,1513
1435,1483
1418,1466
1431,1504
1459,1505
1453,1513
1448,1529
1492,1508
1502,1539
1500,1496
1476,1523
1484,1497
1465,1540
1542,1512
1509,1476
1544,1499
1532,1551
1520,1568
1546,1573
1542,1527
1581,1581
1558,1573
1628,1547
1569,1593
1561,1562
1591,1613
1577,1605
1586,1604
1611,1619
1633,1641
1598,1600
1571,1634
1618,1630
1632,1603
1643,1618
1643,1648
1634,1630
1655,1641
1707,1628
1655,1647
1685,1641
1654,1647
1673,1627
1666,1617
1655,1642
1670,1652
1644,1647
1655,1654
1688,1644
1637,1640
1631,1641
1662,1671
1673,1660
1663,1634
1611,1636
1658,1624
1651,1614
1617,1630
1658,1608
1656,1595
1624,1623
1665,1620
1614,1553
1594,1654
1596,1588
1648,1594
1607,1572
1581,1538
1577,1584
1581,1562
1576,1541
1553,1515
1540,1551
1559,1526
1571,1504
1546,1501
1523,1523
1541,1523
1539,1508
1502,1462
1531,1497
1455,1504
1547,1501
1503,1445
1514,1505
1469,1458
1441,1482
1405,1444
1472,1452
1472,1446
1380,1465
1417,1487
1444,1404
1416,1440
1406,1453
1460,1445
1445,1472
1402,1451
1449,1473
1425,1436
1411,1450
1450,1437
1451,1440
1439,1465
1475,1442
1434,1478
1426,1494
1449,1474
1463,1455
1457,1487
1475,1462
1465,1436
1412,1516
1473,1481
1464,1462
1465,1515
1418,1496
1504,1513
1478,1548
1487,1508
1481,1514
1528,1529
1526,1532
1515,1548
1558,1537
1552,1585
1505,1529
1539,1564
1610,1554
1533,1546
1551,1557
1572,1579
1616,1598
1604,1658
1562,1633
1594,1612
1602,1630
1581,1645
1565,1654
1622,1634
1661,1633
1699,1607
1667,1638
1660,1665
1652,1633
1609,1619
1675,1648
1665,1643
1649,1665
1700,1600
1616,1646
1647,1672
1656,1689
1651,1663
1671,1672
1673,1667
1642,1651
1675,1650
1661,1666
1683,1648
1665,1658
1680,1621
1631,1627
1664,1625
1651,1623
1652,1617
1649,1626
1627,1610
1620,1605
1640,1585
1621,1609
1645,1614
1616,1598
1613,1581
1618,1554
1586,1578
1571,1529
1552,1568
1560,1560
1553,1483
1557,1534
1549,1522
1530,1524
1533,1549
1512,1506
1503,1527
1525,1524
1478,1464
1483,1463
1489,1520
1513,1488
1487,1471
1536,1429
1483,1498
1456,1447
1477,1428
1437,1460
1440,1493
1436,1470
1466,1453
1445,1468
1443,1461
1443,1442
1417,1438
1434,1484
1423,1444
1407,1464
1467,1442
1394,1444
1460,1446
1394,1439
1428,1455
1403,1439
1450,1470
1404,1470
1420,1451
1466,1486
1458,1467
1469,1446
1395,1422
1471,1501
1459,1483
1445,1506
1485,1540
1474,1548
1509,1487
1498,1552
1502,1506
1524,1545
1525,1500
1495,1553
1519,1542
1543,1554
1512,1547
1524,1566
1532,1562
1523,1561
1604,1600
1571,1567
1609,1640
1611,1590
1624,1606
1615,1629
1655,1576
1594,1609
1581,1642
1627,1617
1652,1627
1679,1629
1652,1647
1635,1657
1618,1623
1663,1604
1634,1656
1677,1662
1682,1653
1645,1653
1644,1694
1660,1663
1663,1657
1639,1630
1673,1658
1631,1656
1641,1660
1642,1689
1686,1637
1671,1664
1615,1644
1673,1640
1685,1626
1656,1640
1650,1613
1637,1597
1649,1589
1632,1616
1648,1575
1662,1615
1648,1591
1588,1614
1613,1589
1660,1571
1602,1565
1567,1586
1594,1558
1588,1549
1515,1523
1538,1565
1566,1498
1529,1544
1531,1541
1527,1525
1522,1538
1540,1514
1512,1514
1487,1482
1510,1509
1505,1517
1491,1505
1477,1508
1530,1451
1491,1501
1486,1469
1468,1428
1457,1423
1465,1473
1415,1418
1496,1409
1432,1434
1461,1433
1473,1461
1398,1462
1404,1474
1407,1467
1405,1424
1446,1430
1402,1441
1457,1434
1462,1432
1423,1492
1435,1457
1468,1464
1431,1447
1458,1448
1436,1452
1416,1485
1454,1488
1453,1485
1482,1497
1456,1449
1416,1451
1513,1510
1450,1502
1510,1529
1434,1520
1522,1540
1520,1504
1533,1529
1540,1539
1489,1524
1530,1542
1526,1571
1562,1541
1534,1522
1528,1572
1545,1563
1552,1602
1592,1589
1580,1574
1612,1643
1583,1626
1584,1656
1656,1653
1573,1628
1652,1627
1595,1653
1641,1629
1615,1653
1637,1642
1644,1629
1629,1657
1674,1616
1633,1703
1632,1663
1668,1621
1659,1664
1706,1661
1671,1624
1674,1680
1686,1656
1655,1661
1683,1646
1666,1659
1707,1614
1672,1636
1686,1680
1687,1640
1631,1632
1629,1601
1635,1664
1612,1633
1625,1650
1677,1609
1632,1629
1617,1630
1593,1618
1625,1598
1623,1602
1594,1592
1594,1551
1621,1550
1559,1543
1552,1560
1565,1569
1579,1544
1606,1542
1544,1541
1562,1587
1548,1500
1550,1495
1521,1517
1528,1554
1485,1474
1499,1502
1513,1465
1464,1498
1514,1487
1465,1499
1431,1463
1489,1446
1425,1454
1438,1470
1451,1408
1457,1435
1480,1467
1412,1433
1447,1426
1412,1411
1415,1456
1429,1444
1429,1425
1441,1416
1420,1406
1433,1455
1380,1433
1428,1454
1398,1475
1445,1472
1442,1426
1434,1427
1423,1434
1420,1473
1444,1518
1438,1451
1431,1467
1432,1491
1479,1501
1461,1494
1463,1486
1474,1517
1446,1551
1508,1528
1472,1541
1518,1520
1508,1541
1495,1540
1534,1509
1502,1579
1521,1562
1521,1591
1554,1564
1545,1595
1560,1586
1566,1597
1606,1588
1660,1609
1580,1628
1593,1616
1568,1641
1653,1637
1621,1660
1653,1632
1616,1655
1621,1678
1633,1666
1645,1657
1635,1669
1678,1673
1646,1658
1645,1633
1684,1631
1673,1670
1668,1659
1701,1624
1703,1678
1675,1636
1683,1637
1688,1657
1707,1672
1687,1664
1687,1653
1701,1645
1696,1626
1701,1666
1665,1643
1624,1658
1689,1611
1639,1655
1615,1625
1682,1645
1658,1661
1647,1580
1629,1604
1577,1611
1640,1645
1609,1587
1580,1594
1651,1581
1581,1591
1566,1544
1565,1573
1571,1511
1557,1534
1538,1521
1546,1529
1546,1536
1547,1525
1549,1465
1503,1444
1514,1531
1491,1512
1520,1485
1468,1490
1491,1517
1438,1471
1426,1490
1464,1431
1485,1416
1438,1486
1438,1472
1435,1477
1454,1441
1437,1444
1402,1407
1443,1425
1456,1410
1406,1410
1397,1434
1470,1401
1422,1411
1437,1430
1415,1425
1434,1401
1434,1423
1405,1457
1448,1415
1393,1447
1433,1471
1450,1455
1448,1441
1442,1461
1457,1443
1452,1444
1475,1458
1452,1492
1439,1493
1452,1522
1444,1487
1518,1502
1490,1536
1504,1525
1503,1544
1520,1534
1524,1528
1535,1541
1525,1591
1521,1562
1504,1589
1559,1599
1598,1590
1530,1636
1593,1574
1586,1617
1602,1621
1604,1624
1627,1640
1647,1613
1579,1656
1656,1650
1624,1623
1597,1651
1649,1649
1650,1611
1625,1630
1637,1632
1664,1685
1690,1675
1643,1628
1686,1712
1664,1660
1691,1669
1697,1699
1701,1677
1634,1658
1690,1626
1699,1659
1681,1672
1681,1676
1683,1636
1688,1660
1744,1617
1686,1658
1632,1652
1700,1641
1664,1605
1642,1665
1608,1592
1667,1634
1597,1623
1622,1629
1650,1596
1622,1551
1648,1576
1599,1587
1606,1572
1588,1587
1610,1569
1567,1537
1538,1542
1610,1556
1574,1561
1543,1514
1521,1543
1541,1519
1498,1492
1488,1476
1533,1493
1537,1452
1461,1461
1492,1476
1468,1481
1503,1445
1425,1491
1466,1450
1444,1443
1482,1475
1449,1414
1455,1431
1406,1454
1421,1471
1447,1436
1430,1450
1423,1430
1471,1445
1436,1440
1469,1405
1399,1458
1409,1466
1412,1462
1410,1457
1414,1461
1365,1443
1436,1480
1397,1440
1472,1480
1420,1453
1426,1450
1468,1458
1472,1439
1399,1506
1457,1491
1472,1472
1435,1481
1434,1510
1454,1519
1483,1510
1456,1520
1499,1482
1541,1520
1479,1529
1518,1530
1540,1538
1506,1577
1542,1580
1546,1588
1551,1592
1514,1557
1557,1613
1576,1584
1575,1604
1562,1595
1575,1603
1638,1651
1646,1595
1590,1658
1610,1660
1664,1679
1667,1635
1646,1638
1667,1666
1647,1653
1632,1637
1632,1655
1714,1646
1677,1701
1696,1639
1694,1629
1679,1667
1621,1636
1673,1653
1698,1624
1684,1646
1693,1678
1642,1633
1707,1674
1711,1642
1716,1627
1701,1628
1680,1685
1666,1623
1657,1633
1683,1634
1677,1624
1681,1613
1627,1682
1669,1643
1657,1615
1626,1603
1589,1582
1653,1617
1568,1588
1621,1556
1579,1558
1590,1576
1568,1541
1557,1571
1522,1532
1515,1490
1564,1544
1578,1535
1535,1504
1521,1528
1512,1514
1499,1518
1499,1462
1525,1499
1504,1479
1488,1473
1480,1464
1441,1448
1471,1443
1473,1407
1464,1432
1443,1377
1438,1451
1455,1452
1445,1447
1437,1420
1441,1410
1422,1456
1397,1449
1421,1380
1419,1440
1393,1413
1422,1469
1391,1414
1435,1432
1390,1447
1414,1488
1440,1474
1416,1440
1419,1444
1419,1487
1424,1446
1413,1452
1413,1482
1431,1437
1475,1476
1472,1484
1451,1503
1473,1495
1490,1498
1504,1500
1449,1516
1496,1520
1495,1566
1582,1543
1487,1533
1510,1564
1531,1506
1529,1548
1532,1578
1563,1562
1555,1622
1596,1582
1600,1591
1585,1601
1569,1610
1596,1630
1599,1602
1628,1604
1636,1593
1636,1673
1661,1609
1640,1652
1645,1623
1639,1689
1674,1702
1642,1652
1649,1681
1691,1670
1667,1644
1687,1653
1709,1646
1685,1686
1689,1673
1672,1669
1681,1699
1690,1671
1686,1686
1695,1683
1721,1674
1682,1628
1659,1620
1704,1618
1718,1639
1626,1681
1727,1621
1692,1653
1658,1652
1636,1624
1675,1601
1655,1619
1670,1591
1610,1587
1633,1602
1586,1585
1621,1540
1665,1570
1605,1572
1578,1558
1604,1564
1580,1548
1541,1545
1548,1532
1545,1493
1528,1502
1527,1501
1523,1490
1479,1489
1486,1508
1516,1494
1511,1498
1491,1467
1495,1463
1473,1476
1423,1469
1461,1459
1459,1462
1446,1433
1473,1442
1449,1403
1424,1419
1427,1436
1394,1422
1422,1434
1383,1398
1430,1432
1376,1413
1409,1432
1384,1427
1389,1464
1419,1436
1423,1475
1377,1416
1387,1420
1404,1420
1399,1463
1415,1437
1420,1431
1419,1437
1457,1479
1428,1480
1466,1462
1453,1503
1482,1468
1477,1483
1461,1504
1480,1496
1469,1486
1483,1500
1521,1508
1482,1538
1501,1566
1503,1512
1471,1547
1521,1569
1541,1555
1552,1562
1562,1569
1572,1536
1558,1566
1509,1566
1583,1626
1558,1649
1585,1601
1606,1632
1573,1589
1607,1620
1613,1639
1680,1620
1643,1625
1617,1648
1657,1614
1671,1677
1667,1679
1668,1677
1724,1672
1675,1647
1657,1686
1681,1637
1668,1685
1675,1683
1673,1658
1691,1681
1672,1660
1732,1660
1697,1638
1673,1686
1667,1662
1711,1651
1694,1673
1695,1657
1665,1659
1647,1656
1674,1657
1650,1651
1641,1627
1653,1627
1664,1615
1676,1627
1650,1597
1601,1601
1635,1565
1622,1609
1599,1572
1595,1553
1597,1570
1556,1537
1573,1534
1570,1536
1519,1554
1564,1507
1519,1508
1535,1521
1565,1548
1508,1495
1535,1446
1519,1490
1491,1496
1488,1487
1503,1433
1464,1476
1466,1451
1448,1486
1447,1423
1471,1455
1432,1422
1401,1460
1446,1405
1439,1408
1374,1438
1468,1447
1395,1433
1455,1425
1446,1431
1408,1445
1440,1430
1404,1399
1369,1455
1418,1420
1414,1374
1402,1428
1367,1439
1432,1453
1425,1457
1431,1486
1417,1452
1453,1511
1427,1437
1417,1490
1465,1495
1514,1463
1455,1487
1471,1497
1440,1495
1447,1506
1447,1532
1519,1577
1488,1531
1524,1521
1495,1553
1504,1571
1560,1575
1509,1528
1605,1562
1532,1558
1564,1631
1570,1550
1554,1596
1617,1607
1566,1581
1628,1581
1588,1603
1542,1569
1598,1627
1618,1638
1641,1658
1680,1656
1639,1643
1662,1639
1667,1642
1655,1633
1622,1688
1641,1651
1697,1691
1682,1688
1702,1698
1661,1662
1685,1666
1702,1707
1734,1678
1715,1690
1703,1686
1706,1690
1713,1657
1676,1704
1653,1658
1742,1650
1682,1659
1653,1659
1663,1598
1660,1639
1680,1622
1683,1628
1643,1621
1654,1596
1652,1644
1583,1604
1654,1575
1663,1601
1612,1561
1634,1558
1577,1574
1575,1598
1585,1574
1572,1555
1529,1532
1553,1535
1539,1519
1554,1522
1532,1505
1554,1492
1484,1499
1495,1474
1515,1501
1482,1485
1463,1461
1504,1496
1492,1435
1460,1436
1448,1467
1467,1450
1440,1410
1454,1455
1433,1450
1384,1399
1431,1415
1422,1433
1422,1409
1376,1442
1368,1426
1398,1430
1432,1402
1386,1413
1397,1435
1391,1430
1434,1467
1406,1431
1395,1402
1389,1443
1403,1428
1405,1471
1390,1433
1405,1475
1429,1478
1430,1438
1454,1502
1465,1434
1450,1497
1442,1501
1476,1461
1497,1445
1474,1491
1475,1455
1471,1542
1488,1532
1489,1556
1498,1529
1484,1571
1518,1539
1548,1585
1594,1610
1516,1553
1522,1582
1550,1589
1601,1592
1544,1631
1598,1596
1592,1653
1605,1611
1582,1604
1601,1654
1598,1646
1651,1617
1624,1651
1682,1672
1664,1694
1659,1637
1667,1655
1729,1657
1684,1699
1614,1670
1678,1678
1712,1637
1699,1651
1679,1695
1696,1685
1696,1671
1682,1683
1684,1703
1696,1696
1728,1655
1689,1688
1656,1676
1696,1631
1680,1683
1657,1645
1687,1644
1691,1635
1656,1627
1661,1649
1662,1626
1614,1624
1652,1570
1604,1614
1683,1599
1618,1613
1612,1555
1605,1573
1586,1595
1630,1597
1572,1535
1565,1549
1603,1535
1586,1507
1549,1553
1504,1523
1514,1546
1531,1513
1475,1486
1462,1471
1536,1506
1494,1538
1479,1501
1490,1487
1485,1461
1483,1460
1460,1437
1451,1472
1457,1471
1474,1481
1452,1412
1426,1456
1386,1436
1451,1381
1399,1440
1380,1446
1433,1446
1408,1393
1436,1433
1382,1461
1362,1443
1398,1448
1407,1414
1427,1416
1375,1402
1403,1422
1389,1440
1384,1453
1396,1446
1414,1431
1443,1428
1464,1430
1434,1461
1456,1448
1473,1510
1412,1499
1456,1483
1451,1512
1468,1515
1445,1470
1476,1523
1536,1534
1520,1542
1511,1525
1552,1525
1472,1547
1580,1520
1558,1555
1566,1575
1573,1553
1494,1597
1543,1588
1642,1593
1586,1596
1576,1619
1595,1596
1628,1628
1622,1637
1589,1650
1670,1626
1635,1630
1656,1653
1658,1686
1622,1651
1672,1651
1622,1646
1728,1679
1690,1655
1685,1670
1655,1709
1696,1700
1708,1633
1731,1674
1704,1662
1705,1670
1670,1644
1710,1654
1717,1702
1689,1673
1704,1612
1682,1667
1685,1677
1724,1653
1642,1656
1663,1649
1689,1636
1688,1620
1695,1639
1663,1631
1638,1613
1618,1568
1680,1588
1679,1587
1639,1576
1617,1584
1593,1540
1593,1579
1597,1555
1574,1552
1574,1526
1562,1525
1540,1531
1527,1536
1506,1533
1528,1516
1525,1455
1541,1484
1535,1471
1509,1511
1459,1447
1500,1415
1476,1430
1523,1451
1478,1418
1477,1422
1447,1450
1442,1457
1437,1435
1419,1430
1426,1426
1430,1422
1385,1422
1422,1412
1393,1403
1396,1422
1412,1400
1397,1424
1426,1462
1406,1435
1424,1435
1437,1420
1359,1450
1416,1465
1387,1433
1396,1428
1437,1419
1421,1451
1410,1460
1437,1496
1442,1450
1419,1473
1420,1490
1420,1491
1467,1485
1468,1505
1439,1491
1508,1478
1493,1472
1534,1502
1469,1522
1488,1539
1554,1542
1517,1551
1578,1553
1529,1570
1563,1563
1521,1582
1560,1605
1557,1626
1575,1612
1581,1635
1548,1610
1612,1608
1641,1630
1643,1629
1594,1689
1647,1657
1629,1629
1717,1676
1656,1659
1659,1672
1680,1684
1662,1680
1721,1699
1668,1656
1668,1684
1637,1646
1708,1682
1643,1693
1714,1692
1679,1664
1730,1684
1685,1671
1697,1663
1678,1698
1745,1632
1701,1656
1697,1655
1714,1640
1695,1658
1718,1663
1687,1661
1669,1646
1672,1648
1704,1644
1660,1650
1667,1600
1650,1620
1611,1595
1609,1619
1628,1593
1631,1580
1601,1571
1594,1552
1619,1546
1594,1549
1576,1548
1566,1481
1567,1520
1543,1542
1525,1535
1516,1546
1559,1483
1540,1466
1515,1511
1499,1471
1496,1490
1479,1483
1465,1458
1499,1456
1451,1444
1484,1432
1434,1454
1455,1417
1458,1458
1456,1420
1415,1408
1402,1431
1445,1464
1427,1417
1421,1431
1437,1387
1389,1416
1406,1427
1405,1392
1375,1462
1410,1441
1437,1424
1428,1426
1396,1370
1401,1422
1360,1457
1398,1463
1432,1456
1442,1480
1437,1418
1408,1446
1453,1455
1448,1490
1445,1489
1416,1496
1475,1472
1447,1433
1448,1494
1497,1513
1484,1504
1551,1534
1496,1537
1534,1526
1540,1531
1551,1527
1543,1601
1577,1580
1555,1574
1582,1599
1591,1580
1631,1600
1616,1626
1653,1606
1610,1622
1596,1590
1623,1586
1629,1613
1664,1654
1679,1643
1645,1654
1658,1655
1678,1688
1689,1668
1682,1644
1677,1653
1726,1697
1660,1678
1693,1662
1688,1712
1729,1644
1735,1661
1691,1641
1692,1669
1705,1652
1706,1684
1693,1697
1682,1644
1702,1703
1667,1676
1691,1669
1736,1674
1686,1658
1653,1663
1647,1677
1681,1631
1724,1641
1645,1661
1648,1615
1624,1587
1663,1616
1556,1642
1626,1569
1545,1589
1601,1561
1574,1559
1575,1593
1598,1535
1565,1566
1566,1545
1568,1534
1528,1530
1534,1525
1538,1497
1521,1499
1532,1491
1495,1490
1496,1481
1459,1459
1476,1474
1477,1467
1474,1476
1494,1481
1464,1449
1436,1451
1399,1449
1397,1424
1415,1411
1406,1447
1424,1471
1428,1460
1419,1382
1419,1414
1413,1419
1426,1422
1429,1419
1406,1399
1372,1413
1461,1446
1379,1384
1451,1420
1456,1419
1404,1437
1403,1413
1443,1478
1441,1433
1402,1476
1457,1463
1406,1481
1448,1457
1414,1493
1436,1439
1457,1469
1442,1500
1479,1484
1501,1515
1479,1534
1450,1499
1448,1527
1497,1591
1537,1572
1519,1556
1527,1561
1498,1573
1502,1544
1548,1586
1567,1564
1573,1596
1545,1598
1581,1597
1580,1633
1590,1625
1641,1616
1621,1613
1608,1609
1631,1613
1631,1623
1629,1622
1656,1670
1647,1661
1665,1674
1700,1656
1675,1632
1695,1656
1666,1688
1701,1692
1658,1703
1704,1696
1698,1710
1678,1677
1675,1687
1699,1673
1686,1653
1704,1661
1697,1694
1707,1648
1707,1685
1651,1677
1709,1686
1636,1698
1698,1628
1685,1625
1672,1631
1680,1636
1636,1649
1681,1630
1655,1593
1665,1595
1646,1574
1661,1588
1597,1587
1619,1560
1598,1600
1593,1552
1609,1589
1551,1563
1531,1549
1540,1533
1523,1528
1529,1506
1570,1534
1453,1544
1507,1511
1508,1496
1484,1507
1536,1462
1484,1466
1491,1459
1494,1465
1455,1445
1446,1464
1458,1465
1419,1430
1419,1436
1465,1433
1450,1442
1401,1430
1397,1423
1452,1385
1407,1429
1400,1453
1377,1406
1420,1398
1379,1431
1389,1407
1450,1418
1427,1415
1394,1416
1419,1467
1414,1453
1392,1422
1435,1436
1416,1448
1368,1468
1447,1429
1430,1456
1420,1481
1460,1468
1427,1509
1466,1506
1404,1473
1462,1494
1480,1498
1474,1495
1498,1545
1471,1527
1502,1511
1549,1534
1521,1542
1550,1532
1505,1564
1491,1554
1570,1550
1573,1550
1573,1564
1594,1602
1593,1597
1583,1608
1635,1598
1587,1621
1613,1639
1624,1646
1651,1624
1643,1654
1634,1683
1664,1667
1698,1652
1675,1678
1631,1683
1701,1630
1651,1668
1629,1652
1685,1683
1665,1664
1688,1649
1649,1694
1699,1689
1703,1680
1685,1698
1683,1702
1660,1689
1680,1646
1746,1650
1647,1672
1690,1645
1681,1680
1669,1653
1657,1678
1654,1668
1680,1625
1643,1681
1657,1622
1675,1642
1611,1626
1617,1617
1623,1613
1644,1591
1635,1627
1575,1617
1595,1533
1605,1559
1570,1568
1602,1582
1591,1548
1567,1552
1589,1515
1533,1526
1557,1497
1490,1519
1538,1504
1554,1509
1481,1490
1493,1487
1450,1495
1473,1454
1481,1445
1473,1431
1470,1458
1452,1439
1483,1422
1484,1422
1400,1422
1447,1432
1426,1439
1408,1423
1416,1444
1422,1404
1413,1397
1415,1420
1405,1423
1424,1451
1406,1455
1420,1440
1412,1440
1468,1415
1447,1427
1399,1436
1385,1414
1389,1440
1386,1438
1385,1482
1441,1397
1420,1460
1403,1466
1427,1452
1420,1462
1443,1472
1454,1546
1464,1481
1453,1489
1443,1543
1519,1507
1480,1498
1494,1496
1541,1546
1528,1542
1526,1556
1551,1570
1593,1542
1539,1554
1606,1575
1573,1576
1595,1592
1592,1551
1592,1608
1579,1616
1638,1625
1653,1622
1581,1624
1617,1625
1653,1633
1639,1666
1686,1675
1650,1637
1670,1683
1645,1677
1645,1643
1684,1653
1692,1635
1654,1646
1671,1693
1724,1670
1653,1661
1705,1689
1699,1673
1669,1669
1686,1646
1706,1671
1678,1653
1684,1656
1683,1682
1701,1643
1674,1651
1662,1657
1667,1680
1649,1626
1663,1622
1674,1627
1641,1632
1648,1612
1641,1593
1644,1631
1660,1596
1651,1634
1646,1650
1585,1586
1606,1565
1621,1542
1617,1578
1559,1544
1591,1565
1593,1568
1545,1552
1548,1509
1567,1504
1537,1520
1530,1534
1523,1503
1501,1495
1458,1476
1485,1491
1484,1496
1444,1476
1491,1487
1479,1469
1450,1454
1466,1435
1462,1451
1465,1447
1423,1442
1432,1431
1421,1429
1437,1403
1409,1416
1408,1418
1420,1424
1412,1427
1392,1442
1393,1428
1382,1422
1424,1427
1405,1420
1412,1416
1421,1456
1426,1389
1431,1431
1403,1433
1394,1426
1436,1427
1431,1480
1472,1454
1422,1479
1476,1515
1403,1458
1474,1525
1460,1498
1476,1510
1432,1512
1490,1503
1467,1547
1443,1514
1517,1519
1510,1488
1485,1559
1508,1574
1531,1534
1535,1559
1566,1562
1545,1552
1585,1620
1578,1582
1573,1629
1552,1591
1596,1610
1612,1653
1638,1627
1643,1632
1581,1649
1632,1650
1629,1649
1648,1650
1680,1671
1656,1710
1651,1653
1662,1635
1714,1667
1685,1630
1708,1672
1696,1677
1718,1672
1684,1694
1679,1673
1676,1674
1658,1651
1685,1669
1709,1682
1703,1621
1672,1684
1681,1652
1666,1696
1705,1677
1670,1671
1664,1662
1670,1665
1642,1653
1660,1582
1579,1658
1607,1620
1663,1593
1655,1584
1634,1572
1699,1588
1606,1569
1627,1597
1578,1568
1607,1586
1571,1567
1564,1532
1569,1512
1547,1539
1559,1527
1539,1547
1533,1501
1518,1508
1528,1478
1519,1508
1523,1497
1488,1476
1470,1504
1504,1460
1497,1472
1469,1478
1490,1442
1455,1432
1440,1452
1476,1454
1431,1422
1425,1427
1432,1452
1441,1399
1453,1425
1398,1410
1425,1464
1445,1465
1417,1456
1435,1413
1400,1473
1424,1418
1420,1399
1419,1456
1413,1415
1394,1420
1389,1431
1469,1426
1419,1470
1415,1459
1416,1458
1420,1435
1445,1434
1465,1498
1452,1487
1430,1477
1500,1520
1485,1512
1460,1518
1530,1496
1461,1526
1542,1548
1494,1530
1558,1534
1529,1584
1511,1543
1554,1541
1508,1587
1553,1573
1508,1608
1571,1618
1585,1564
1565,1594
1599,1579
1559,1600
1565,1638
1642,1692
1611,1607
1649,1655
1627,1652
1645,1641
1663,1664
1620,1684
1636,1677
1661,1643
1705,1657
1687,1638
1670,1682
1696,1625
1649,1665
1691,1685
1663,1636
1673,1674
1675,1696
1674,1660
1700,1652
1683,1661
1703,1684
1684,1659
1686,1651
1734,1644
1711,1612
1655,1620
1710,1681
1673,1665
1648,1652
1700,1672
1675,1671
1681,1610
1672,1601
1619,1577
1602,1598
1617,1595
1602,1605
1616,1600
1600,1551
1606,1513
1613,1550
1573,1573
1543,1581
1534,1542
1576,1539
1546,1547
1524,1529
1540,1488
1520,1497
1436,1486
1511,1518
1501,1484
1533,1526
1471,1497
1459,1497
1449,1417
1455,1467
1442,1417
1458,1476
1421,1438
1435,1447
1431,1403
1437,1461
1443,1467
1424,1412
1409,1417
1418,1436
1397,1476
1412,1424
1406,1405
1401,1412
1431,1463
1420,1443
1427,1464
1445,1425
1416,1438
1380,1432
1428,1445
1396,1400
1436,1471
1412,1466
1432,1451
1466,1453
1394,1479
1468,1509
1462,1480
1460,1513
1460,1531
1504,1510
1486,1503
1489,1554
1506,1470
1472,1519
1491,1517
1523,1537
1577,1545
1550,1564
1527,1551
1594,1550
1566,1608
1564,1593
1527,1588
1558,1598
1579,1632
1557,1628
1652,1627
1587,1653
1629,1639
1604,1647
1596,1604
1639,1674
1631,1643
1664,1621
1674,1651
1652,1654
1666,1652
1637,1637
1688,1653
1701,1659
1728,1661
1683,1663
1661,1665
1702,1680
1671,1659
1702,1659
1672,1682
1688,1701
1657,1632
1715,1656
1658,1669
1650,1664
1640,1618
1722,1652
1701,1611
1677,1641
1634,1664
1635,1613
1656,1623
1613,1632
1619,1560
1667,1644
1595,1583
1626,1601
1626,1599
1649,1568
1591,1568
1633,1544
1585,1589
1588,1546
1550,1571
1589,1527
1545,1538
1588,1561
1529,1499
1527,1506
1490,1491
1471,1486
1543,1489
1495,1503
1527,1477
1485,1448
1451,1502
1449,1469
1468,1455
1405,1445
1457,1415
1477,1430
1428,1451
1450,1403
1439,1420
1425,1431
1421,1452
1421,1449
1408,1468
1398,1441
1450,1418
1422,1455
1413,1437
1419,1414
1461,1431
1403,1430
1425,1402
1413,1412
1437,1435
1406,1431
1417,1445
1418,1446
1410,1473
1401,1477
1427,1485
1439,1499
1439,1489
1424,1498
1481,1471
1417,1498
1453,1496
1502,1505
1448,1498
1501,1554
1511,1536
1506,1582
