ch1,ch2
1413,1419
1418,1416
1407,1407
1385,1436
1401,1433
1417,1429
1388,1412
1393,1420
1407,1431
1434,1426
1416,1426
1419,1430
1453,1436
1428,1427
1433,1449
1416,1442
1412,1436
1426,1439
1426,1445
1440,1444
1430,1460
1431,1446
1450,1442
1429,1446
1439,1451
1443,1446
1445,1441
1428,1429
1438,1427
1435,1448
1451,1458
1458,1445
1449,1449
1464,1450
1456,1434
1448,1453
1449,1443
1468,1455
1454,1451
1449,1456
1450,1447
1464,1456
1471,1447
1464,1461
1470,1457
1463,1452
1463,1450
1448,1454
1432,1451
1459,1427
1477,1462
1482,1462
1457,1450
1455,1460
1455,1457
1458,1453
1473,1458
1469,1462
1458,1444
1463,1459
1477,1461
1467,1449
1476,1457
1463,1436
1473,1448
1464,1458
1470,1462
1460,1449
1463,1454
1456,1436
1480,1454
1475,1447
1446,1453
1474,1453
1469,1433
1471,1453
1463,1455
1472,1439
1465,1437
1464,1441
1450,1439
1457,1430
1438,1444
1447,1436
1463,1427
1449,1432
1432,1440
1438,1422
1446,1443
1437,1429
1454,1414
1452,1427
1426,1428
1458,1426
1449,1427
1438,1403
1434,1414
1435,1411
1449,1411
1433,1405
1456,1425
1423,1419
1428,1418
1446,1410
1427,1416
1426,1400
1418,1417
1419,1390
1425,1412
1415,1414
1428,1399
1417,1399
1419,1389
1407,1386
1388,1395
1406,1391
1412,1409
1385,1396
1402,1393
1397,1375
1393,1370
1390,1364
1400,1388
1382,1371
1387,1387
1387,1366
1383,1366
1400,1381
1385,1376
1384,1365
1383,1377
1406,1368
1366,1362
1360,1357
1373,1360
1384,1364
1364,1361
1377,1364
1361,1369
1345,1362
1358,1360
1371,1345
1372,1344
1339,1357
1355,1351
1359,1365
1361,1347
1357,1331
1355,1372
1337,1343
1335,1361
1350,1350
1355,1351
1350,1341
1364,1362
1345,1353
1357,1352
1326,1340
1351,1331
1323,1348
1334,1353
1310,1316
1345,1348
1308,1345
1328,1337
1329,1356
1345,1338
1339,1336
1329,1348
1325,1334
1331,1344
1341,1331
1311,1357
1316,1342
1335,1344
1343,1350
1308,1341
1343,1337
1324,1341
1340,1332
1326,1359
1338,1354
1324,1318
1348,1349
1337,1343
1330,1353
1333,1363
1326,1351
1340,1352
1331,1354
1325,1341
1327,1369
1335,1354
1335,1346
1291,1344
1317,1358
1345,1359
1348,1349
1343,1373
1354,1359
1354,1358
1347,1364
1359,1368
1342,1374
1321,1349
1337,1368
1355,1369
1345,1368
1362,1380
1332,1373
1364,1372
1357,1362
1350,1382
1362,1396
1360,1383
1346,1373
1384,1391
1367,1403
1358,1393
1371,1391
1373,1380
1377,1400
1378,1410
1379,1406
1373,1409
1381,1405
1388,1405
1380,1383
1390,1386
1382,1394
1373,1397
1383,1398
1393,1405
1398,1404
1398,1414
1399,1410
1393,1425
1415,1437
1382,1426
1415,1410
1385,1418
1420,1407
1413,1430
1416,1415
1415,1430
1409,1421
1420,1429
1407,1439
1422,1430
1425,1428
1448,1443
1431,1441
1417,1453
1435,1441
1441,1441
1431,1438
1444,1442
1435,1452
1430,1448
1452,1444
1428,1436
1454,1452
1416,1453
1465,1431
1451,1439
1440,1458
1450,1451
1459,1455
1463,1475
1447,1452
1451,1461
1459,1451
1450,1474
1465,1457
1452,1447
1459,1437
1454,1459
1463,1460
1485,1447
1456,1469
1475,1460
1472,1457
1476,1462
1464,1451
1494,1457
1463,1474
1461,1469
1459,1461
1461,1461
1461,1466
1467,1445
1464,1459
1490,1450
1482,1445
1474,1442
1456,1463
1486,1460
1481,1459
1474,1483
1489,1450
1472,1451
1480,1442
1473,1456
1455,1461
1458,1452
1460,1455
1461,1463
1461,1442
1458,1466
1447,1445
1473,1433
1480,1445
1457,1440
1436,1447
1439,1438
1457,1438
1461,1448
1458,1432
1480,1435
1448,1424
1452,1445
1450,1423
1454,1431
1441,1435
1457,1440
1430,1430
1433,1429
1430,1430
1452,1422
1447,1435
1425,1414
1422,1411
1449,1411
1432,1411
1449,1396
1438,1404
1412,1404
1428,1412
1430,1417
1444,1408
1425,1404
1405,1401
1399,1417
1410,1393
1436,1402
1415,1405
1418,1394
1387,1399
1413,1397
1403,1392
1401,1392
1403,1388
1399,1387
1412,1371
1390,1372
1389,1364
1386,1380
1386,1385
1386,1374
1399,1364
1390,1374
1370,1372
1383,1389
1376,1365
1366,1369
1376,1367
1386,1363
1376,1372
1369,1367
1373,1367
1355,1368
1381,1345
1378,1356
1382,1347
1359,1362
1341,1353
1380,1349
1370,1359
1357,1341
1348,1367
1356,1337
1340,1341
1362,1350
1332,1336
1363,1352
1354,1347
1335,1340
1351,1340
1343,1348
1325,1342
1332,1346
1338,1358
1347,1331
1325,1325
1331,1326
1324,1348
1355,1330
1321,1342
1349,1335
1313,1346
1342,1322
1334,1331
1324,1339
1330,1334
1334,1349
1338,1348
1330,1328
1343,1352
1317,1350
1317,1346
1327,1339
1325,1344
1333,1338
1330,1341
1330,1326
1345,1341
1334,1347
1327,1341
1344,1357
1321,1348
1340,1341
1328,1349
1343,1353
1321,1351
1337,1350
1313,1358
1325,1363
1332,1351
1354,1353
1344,1356
1347,1343
1322,1369
1337,1357
1310,1358
1351,1364
1347,1359
1342,1366
1344,1370
1344,1355
1367,1368
1353,1363
1354,1370
1356,1366
1360,1382
1376,1386
1333,1378
1363,1366
1373,1379
1355,1386
1364,1380
1362,1403
1359,1383
1383,1384
1374,1393
1377,1393
1386,1407
1375,1393
1381,1386
1385,1400
1389,1413
1370,1388
1383,1410
1384,1393
1396,1399
1389,1411
1407,1413
1408,1416
1398,1405
1405,1405
1385,1412
1396,1430
1409,1391
1407,1411
1421,1424
1402,1434
1422,1428
1410,1420
1421,1422
1418,1441
1412,1427
1451,1431
1408,1423
1421,1434
1433,1441
1439,1445
1420,1459
1424,1447
1436,1449
1438,1440
1449,1455
1441,1443
1432,1449
1438,1454
1432,1464
1458,1451
1448,1445
1456,1452
1452,1455
1449,1446
1452,1452
1468,1458
1455,1450
1466,1459
1464,1465
1463,1457
1480,1474
1440,1466
1440,1455
1467,1463
1465,1470
1475,1461
1459,1465
1465,1464
1480,1466
1483,1447
1472,1458
1471,1463
1465,1468
1464,1459
1476,1463
1480,1459
1463,1472
1477,1473
1472,1464
1477,1448
1462,1459
1485,1454
1489,1466
1485,1443
1484,1467
1460,1452
1475,1462
1475,1463
1481,1451
1469,1459
1457,1447
1452,1463
1466,1451
1441,1453
1477,1455
1441,1445
1462,1457
1474,1468
1468,1443
1455,1454
1464,1441
1477,1436
1467,1434
1457,1451
1449,1434
1439,1441
1443,1439
1454,1427
1443,1440
1458,1424
1452,1433
1457,1425
1448,1422
1457,1428
1437,1432
1437,1421
1446,1435
1445,1432
1448,1426
1431,1425
1427,1414
1431,1422
1424,1408
1423,1429
1421,1405
1420,1417
1431,1405
1408,1389
1416,1386
1418,1397
1408,1399
1413,1402
1406,1382
1414,1382
1405,1379
1399,1401
1391,1395
1397,1389
1406,1375
1387,1389
1392,1388
1400,1382
1404,1371
1406,1365
1375,1389
1369,1365
1387,1393
1367,1371
1392,1361
1396,1358
1341,1367
1382,1378
1380,1352
1376,1365
1362,1349
1343,1367
1347,1359
1342,1339
1350,1341
1377,1373
1374,1349
1335,1358
1342,1338
1337,1334
1343,1353
1360,1337
1344,1336
1349,1345
1334,1346
1338,1341
1326,1350
1340,1343
1325,1324
1333,1344
1328,1350
1341,1332
1364,1345
1325,1334
1322,1326
1358,1331
1340,1342
1312,1347
1330,1346
1326,1327
1324,1341
1318,1339
1319,1323
1306,1333
1338,1340
1338,1327
1332,1346
1329,1349
1335,1332
1318,1341
1333,1348
1327,1326
1308,1346
1310,1347
1308,1343
1316,1353
1334,1345
1317,1334
1330,1341
1315,1337
1326,1354
1321,1333
1330,1358
1313,1358
1336,1333
1316,1355
1316,1333
1312,1347
1313,1348
1323,1348
1301,1355
1340,1346
1358,1358
1354,1368
1322,1355
1322,1359
1334,1348
1338,1375
1350,1375
1354,1363
1334,1365
1356,1366
1342,1365
1339,1366
1351,1373
1341,1362
1376,1378
1363,1376
1358,1380
1358,1368
1352,1376
1364,1406
1376,1389
1375,1380
1369,1391
1379,1396
1373,1411
1381,1398
1358,1394
1358,1398
1408,1385
1385,1402
1383,1412
1381,1392
1390,1418
1380,1404
1393,1407
1376,1411
1420,1414
1411,1414
1397,1406
1405,1425
1412,1419
1419,1424
1406,1440
1428,1428
1421,1423
1428,1437
1442,1411
1400,1430
1428,1442
1420,1445
1436,1439
1424,1442
1440,1427
1447,1441
1437,1452
1430,1446
1444,1444
1456,1452
1449,1430
1441,1449
1446,1447
1459,1442
1452,1447
1442,1446
1461,1454
1444,1450
1448,1464
1464,1469
1449,1462
1446,1454
1464,1448
1453,1446
1456,1461
1477,1450
1461,1482
1481,1465
1486,1450
1468,1469
1468,1458
1464,1449
1481,1486
1472,1452
1466,1457
1472,1461
1485,1466
1484,1458
1459,1459
1479,1463
1492,1467
1483,1456
1456,1464
1469,1453
1482,1462
1472,1455
1465,1484
1488,1465
1483,1447
1468,1457
1470,1436
1491,1439
1465,1453
1462,1449
1476,1453
1466,1447
1484,1457
1467,1446
1464,1460
1473,1460
1462,1455
1465,1457
1473,1437
1462,1447
1479,1440
1458,1443
1461,1448
1457,1447
1475,1432
1457,1434
1478,1450
1461,1426
1447,1453
1457,1434
1449,1412
1471,1425
1449,1424
1456,1433
1449,1409
1427,1419
1447,1420
1424,1421
1447,1432
1446,1433
1443,1438
1451,1415
1422,1411
1421,1407
1437,1389
1441,1402
1450,1397
1425,1401
1411,1388
1416,1396
1423,1386
1388,1393
1402,1387
1396,1393
1391,1399
1408,1390
1413,1371
1404,1369
1405,1393
1407,1380
1378,1373
1376,1380
1383,1371
1380,1392
1375,1381
1369,1377
1398,1361
1388,1370
1370,1362
1363,1374
1370,1361
1368,1366
1377,1359
1382,1365
1381,1347
1360,1360
1357,1372
1345,1367
1360,1363
1352,1350
1357,1358
1354,1359
1332,1356
1371,1344
1358,1342
1362,1327
1355,1349
1330,1352
1359,1341
1327,1327
1336,1333
1353,1325
1321,1347
1340,1335
1315,1339
1343,1354
1308,1330
1333,1332
1344,1345
1337,1325
1323,1325
1321,1347
1327,1337
1311,1321
1313,1335
1321,1333
1320,1336
1338,1334
1310,1312
1342,1329
1315,1346
1348,1345
1300,1337
1308,1349
1306,1333
1323,1332
1325,1340
1312,1338
1312,1339
1304,1324
1309,1338
1307,1344
1322,1331
1332,1349
1315,1351
1328,1345
1324,1331
1326,1344
1317,1357
1329,1338
1309,1347
1313,1362
1323,1354
1332,1341
1342,1346
1322,1338
1341,1352
1352,1353
1316,1354
1328,1358
1335,1354
1338,1372
1346,1360
1342,1346
1358,1374
1349,1356
1343,1367
1357,1380
1349,1373
1351,1372
1353,1388
1371,1386
1336,1378
1365,1375
1358,1387
1367,1387
1373,1387
1381,1394
1377,1391
1376,1391
1365,1408
1396,1403
1368,1389
1379,1421
1392,1396
1390,1402
1395,1398
1392,1412
1395,1410
1403,1393
1404,1410
1407,1422
1425,1408
1396,1421
1426,1417
1408,1408
1402,1421
1416,1408
1406,1440
1408,1420
1419,1445
1412,1432
1427,1441
1434,1460
1413,1447
1436,1440
1436,1443
1429,1440
1434,1444
1434,1459
1446,1440
1443,1456
1436,1446
1450,1453
1434,1457
1434,1463
1470,1456
1444,1462
1478,1475
1448,1445
1446,1461
1457,1450
1460,1460
1453,1468
1448,1475
1465,1469
1473,1457
1453,1456
1484,1481
1475,1464
1509,1458
1478,1448
1475,1465
1466,1452
1458,1478
1453,1474
1479,1463
1474,1488
1475,1455
1476,1467
1479,1465
1464,1456
1490,1462
1471,1464
1479,1465
1500,1484
1487,1459
1474,1472
1465,1458
1480,1454
1456,1446
1468,1455
1480,1451
1464,1460
1480,1469
1472,1459
1469,1457
1501,1451
1491,1463
1485,1458
1460,1452
1482,1441
1479,1444
1480,1450
1455,1455
1461,1448
1451,1440
1468,1462
1470,1432
1466,1439
1464,1455
1450,1429
1461,1439
1441,1432
1446,1439
1451,1433
1450,1423
1455,1428
1446,1442
1439,1425
1447,1422
1446,1436
1456,1422
1450,1417
1447,1412
1427,1414
1430,1404
1454,1432
1430,1426
1437,1408
1436,1402
1426,1422
1419,1399
1426,1385
1388,1401
1409,1409
1407,1390
1416,1397
1402,1382
1413,1408
1391,1401
1411,1397
1399,1390
1409,1392
1405,1374
1395,1369
1385,1375
1407,1377
1406,1377
1392,1388
1394,1367
1373,1379
1372,1371
1395,1376
1399,1356
1379,1363
1388,1363
1377,1351
1390,1363
1352,1351
1370,1355
1367,1346
1350,1363
1357,1365
1368,1360
1358,1355
1336,1346
1331,1337
1368,1358
1342,1347
1365,1345
1323,1336
1331,1338
1351,1339
1340,1345
1357,1344
1352,1330
1347,1336
1335,1338
1344,1350
1341,1349
1330,1337
1320,1340
1314,1328
1328,1332
1339,1333
1314,1341
1334,1336
1302,1334
1320,1306
1340,1324
1327,1346
1310,1327
1332,1313
1312,1342
1346,1331
1319,1321
1320,1325
1320,1332
1332,1334
1317,1316
1326,1343
1320,1346
1330,1345
1328,1338
1331,1344
1330,1332
1315,1331
1331,1346
1326,1337
1328,1348
1331,1344
1314,1358
1305,1325
1312,1345
1331,1347
1330,1351
1333,1346
1322,1331
1336,1367
1317,1367
1334,1363
1318,1365
1360,1367
1330,1370
1333,1363
1335,1385
1335,1369
1346,1350
1349,1349
1334,1351
1358,1384
1360,1381
1351,1370
1336,1384
1347,1388
1361,1385
1362,1376
1378,1379
1356,1387
1377,1381
1350,1388
1391,1384
1358,1387
1388,1383
1378,1387
1369,1403
1383,1401
1393,1400
1376,1418
1372,1406
1373,1409
1381,1429
1415,1408
1405,1426
1403,1417
1387,1424
1395,1407
1394,1439
1407,1426
1423,1422
1409,1432
1415,1419
1439,1434
1416,1435
1425,1412
1425,1443
1411,1425
1407,1432
1426,1444
1429,1444
1409,1438
1424,1455
1429,1438
1443,1454
1436,1441
1431,1455
1443,1456
1453,1448
1465,1448
1446,1433
1464,1465
1442,1450
1467,1466
1460,1472
1449,1457
1456,1467
1458,1448
1460,1481
1459,1446
1462,1461
1472,1469
1473,1478
1454,1467
1466,1457
1476,1452
1458,1474
1482,1468
1465,1478
1477,1469
1490,1479
1482,1451
1472,1456
1479,1459
1458,1477
1496,1469
1478,1477
1493,1449
1474,1463
1468,1460
1485,1470
1485,1469
1493,1468
1472,1481
1475,1472
1466,1473
1495,1451
1479,1463
1487,1448
1475,1457
1461,1458
1478,1458
1488,1459
1473,1462
1489,1449
1483,1452
1440,1463
1479,1464
1476,1452
1471,1459
1462,1441
1473,1443
1475,1457
1485,1449
1468,1441
1457,1448
1474,1449
1465,1443
1449,1430
1439,1410
1475,1424
1452,1427
1452,1432
1449,1439
1431,1437
1424,1432
1446,1415
1444,1402
1431,1406
1434,1418
1435,1411
1438,1415
1457,1406
1419,1433
1425,1398
1422,1399
1419,1410
1419,1401
1432,1417
1427,1411
1432,1395
1417,1402
1421,1390
1409,1396
1417,1386
1403,1393
1424,1384
1413,1382
1384,1388
1387,1392
1388,1359
1389,1376
1375,1376
1377,1365
1392,1382
1371,1351
1404,1359
1373,1379
1384,1367
1383,1349
1381,1372
1367,1359
1368,1362
1369,1365
1368,1380
1386,1355
1353,1339
1361,1362
1369,1344
1350,1347
1346,1347
1353,1341
1348,1359
1347,1349
1356,1352
1354,1368
1312,1330
1336,1346
1342,1336
1351,1335
1352,1315
1330,1336
1332,1335
1310,1330
1327,1341
1314,1330
1347,1312
1323,1338
1330,1336
1325,1350
1332,1320
1329,1321
1317,1318
1308,1342
1309,1334
1326,1305
1330,1319
1332,1336
1307,1338
1332,1333
1319,1334
1326,1330
1316,1322
1306,1342
1320,1325
1326,1327
1321,1338
1311,1334
1314,1345
1314,1321
1307,1319
1313,1338
1304,1326
1305,1334
1313,1340
1333,1331
1327,1349
1325,1337
1323,1343
1314,1339
1325,1344
1319,1351
1308,1338
1342,1357
1334,1355
1323,1367
1324,1361
1328,1351
1334,1356
1341,1356
1335,1364
1324,1357
1333,1364
1358,1362
1346,1377
1341,1372
1358,1389
1371,1370
1364,1392
1364,1386
1341,1384
1367,1375
1371,1365
1363,1398
1366,1381
1358,1384
1369,1404
1370,1384
1385,1386
1379,1403
1388,1409
1387,1409
1377,1406
1388,1410
1409,1397
1394,1399
1405,1409
1412,1415
1383,1432
1417,1425
1413,1428
1398,1418
1405,1421
1406,1427
1408,1421
1413,1422
1418,1421
1404,1427
1413,1418
1429,1432
1414,1417
1428,1437
1429,1445
1427,1451
1427,1444
1434,1436
1432,1439
1432,1455
1461,1447
1455,1446
1441,1459
1464,1449
1453,1459
1442,1455
1468,1470
1457,1464
1461,1444
1453,1477
1432,1455
1449,1458
1473,1436
1464,1460
1467,1458
1476,1461
1448,1456
1456,1478
1465,1465
1478,1485
1472,1471
1473,1458
1485,1466
1478,1458
1498,1480
1445,1461
1488,1487
1476,1477
1465,1478
1478,1480
1505,1471
1477,1489
1471,1463
1489,1480
1488,1478
1463,1478
1468,1458
1482,1476
1461,1473
1477,1465
1472,1474
1497,1468
1500,1464
1493,1484
1481,1452
1472,1462
1483,1461
1468,1465
1468,1454
1470,1447
1479,1453
1485,1437
1475,1436
1461,1452
1464,1451
1469,1438
1467,1440
1483,1421
1470,1440
1431,1434
1459,1435
1443,1451
1467,1450
1447,1436
1471,1435
1455,1444
1438,1429
1450,1416
1459,1425
1463,1446
1464,1433
1431,1417
1444,1417
1445,1418
1438,1410
1427,1413
1421,1405
1426,1395
1436,1412
1423,1412
1432,1400
1452,1399
1419,1407
1427,1388
1415,1393
1417,1402
1408,1403
1421,1388
1402,1391
1412,1397
1414,1387
1408,1393
1397,1364
1408,1381
1382,1377
1392,1358
1387,1365
1384,1366
1389,1362
1383,1361
1390,1371
1370,1372
1381,1358
1370,1348
1378,1366
1349,1358
1371,1362
1399,1355
1373,1362
1371,1357
1382,1360
1335,1345
1347,1342
1339,1349
1351,1341
1348,1338
1333,1340
1361,1330
1350,1351
1360,1343
1350,1348
1338,1344
1336,1339
1342,1336
1340,1326
1340,1332
1325,1335
1325,1349
1327,1351
1311,1338
1328,1338
1321,1344
1320,1341
1326,1343
1317,1327
1327,1329
1342,1325
1332,1327
1316,1320
1324,1336
1308,1335
1325,1340
1322,1351
1313,1328
1324,1331
1309,1327
1321,1345
1343,1322
1306,1318
1316,1336
1326,1338
1325,1341
1325,1340
1315,1350
1339,1335
1317,1323
1310,1350
1312,1338
1328,1340
1334,1336
1318,1330
1318,1344
1333,1344
1343,1360
1327,1362
1338,1333
1329,1372
1332,1356
1331,1339
1321,1340
1332,1357
1323,1359
1346,1359
1336,1350
1335,1360
1331,1368
1342,1361
1354,1371
1357,1378
1348,1377
1342,1387
1374,1369
1383,1373
1352,1388
1360,1385
1371,1362
1367,1396
1361,1391
1365,1410
1364,1375
1376,1392
1379,1402
1360,1415
1375,1397
1369,1412
1397,1413
1392,1411
1373,1416
1379,1417
1380,1401
1413,1417
1416,1427
1406,1406
1426,1424
1403,1407
1408,1427
1396,1422
1436,1442
1420,1433
1409,1437
1404,1426
1408,1418
1437,1439
1436,1433
1424,1431
1425,1431
1423,1432
1440,1446
1434,1444
1441,1456
1452,1453
1436,1442
1433,1442
1466,1452
1465,1441
1444,1467
1476,1455
1453,1463
1444,1454
1455,1460
1453,1461
1459,1442
1466,1439
1461,1465
1445,1457
1464,1461
1465,1469
1449,1463
1461,1474
1483,1465
1470,1465
1478,1460
1480,1485
1480,1472
1492,1459
1460,1462
1469,1450
1477,1451
1488,1492
1485,1463
1461,1474
1463,1477
1495,1462
1495,1467
1475,1467
1487,1459
1482,1464
1478,1483
1480,1475
1472,1476
1485,1451
1484,1464
1482,1453
1447,1453
1468,1479
1465,1476
1464,1464
1473,1443
1498,1451
1464,1434
1455,1457
1474,1441
1471,1453
1473,1446
1477,1447
1482,1448
1457,1442
1460,1446
1495,1435
1481,1458
1458,1436
1464,1417
1459,1443
1457,1442
1458,1437
1458,1425
1436,1447
1443,1428
1430,1413
1462,1431
1439,1425
1463,1430
1436,1416
1427,1425
1423,1393
1436,1410
1445,1419
1445,1430
1407,1402
1428,1397
1443,1402
1414,1413
1421,1412
1408,1399
1435,1401
1429,1402
1415,1384
1414,1390
1406,1384
1416,1378
1412,1383
1410,1379
1417,1371
1397,1407
1408,1396
1399,1382
1384,1378
1390,1398
1392,1379
1385,1382
1377,1366
1385,1372
1385,1379
1352,1368
1352,1360
1379,1355
1373,1353
1377,1348
1349,1348
1352,1340
1372,1355
1364,1338
1356,1356
1349,1347
1356,1331
1367,1339
1331,1354
1341,1355
1337,1347
1351,1323
1325,1328
1334,1334
1329,1354
1335,1349
1316,1336
1325,1332
1328,1336
1356,1350
1330,1332
1336,1338
1317,1330
1317,1335
1305,1324
1338,1333
1308,1339
1318,1340
1321,1346
1318,1330
1330,1324
1328,1328
1302,1331
1330,1323
1296,1332
1307,1320
1322,1343
1320,1334
1318,1336
1338,1334
1312,1338
1313,1342
1307,1345
1325,1342
1317,1328
1318,1331
1301,1346
1330,1326
1318,1342
1333,1360
1328,1337
1323,1335
1325,1350
1324,1330
1320,1357
1318,1358
1338,1339
1339,1351
1334,1363
1332,1352
1325,1359
1327,1368
1335,1357
1343,1363
1329,1359
1341,1347
1341,1372
1341,1358
1334,1363
1347,1376
1360,1359
1355,1370
1350,1390
1352,1372
1379,1371
1342,1380
1367,1388
1366,1384
1355,1367
1366,1389
1381,1381
1355,1392
1388,1393
1388,1412
1382,1407
1363,1403
1397,1416
1386,1398
1385,1380
1371,1395
1400,1419
1389,1405
1406,1418
1404,1417
1392,1436
1398,1403
1412,1425
1415,1418
1424,1421
1423,1431
1420,1425
1404,1431
1413,1424
1426,1434
1409,1438
1425,1437
1422,1443
1423,1449
1428,1444
1434,1451
1421,1452
1429,1423
1451,1442
1458,1439
1443,1443
1454,1446
1444,1453
1439,1445
1465,1449
1447,1454
1455,1442
1455,1457
1460,1457
1440,1445
1473,1442
1470,1473
1465,1452
1469,1467
1449,1468
1478,1469
1479,1458
1448,1454
1462,1465
1462,1467
1478,1457
1501,1480
1456,1466
1471,1466
1481,1467
1466,1464
1465,1482
1484,1490
1467,1444
1461,1468
1510,1471
1467,1467
1469,1469
1501,1464
1475,1471
1485,1464
1479,1468
1479,1453
1493,1474
1476,1466
1473,1476
1478,1461
1479,1470
1461,1450
1493,1457
1491,1464
1469,1449
1477,1442
1483,1458
1467,1452
1458,1453
1482,1437
1482,1451
1462,1453
1461,1439
1467,1428
1460,1441
1481,1453
1469,1453
1458,1444
1455,1425
1433,1437
1459,1434
1457,1435
1449,1441
1438,1426
1434,1437
1450,1419
1430,1437
1420,1420
1451,1424
1450,1414
1438,1428
1451,1422
1434,1414
1446,1417
1406,1408
1447,1394
1440,1405
1409,1390
1442,1399
1427,1390
1408,1409
1406,1384
1403,1405
1427,1393
1420,1377
1391,1392
1418,1393
1393,1372
1393,1378
1381,1381
1408,1387
1396,1375
1399,1363
1396,1360
1399,1369
1370,1365
1384,1363
1403,1363
1377,1361
1397,1381
1345,1362
1356,1354
1365,1364
1370,1358
1369,1342
1365,1342
1347,1355
1371,1359
1344,1358
1338,1327
1336,1340
1359,1342
1318,1339
1339,1347
1335,1324
1354,1341
1336,1346
1309,1332
1332,1326
1337,1341
1322,1339
1327,1341
1315,1329
1320,1338
1332,1332
1332,1332
1314,1319
1334,1336
1335,1338
1308,1344
1326,1328
1301,1321
1336,1317
1336,1316
1324,1328
1339,1317
1328,1339
1328,1332
1332,1335
1320,1335
1318,1336
1307,1333
1328,1336
1354,1338
1329,1323
1310,1341
1301,1336
1316,1322
1313,1343
1331,1337
1328,1345
1309,1340
1344,1327
1313,1341
1328,1321
1319,1355
1316,1353
1322,1342
1318,1357
1341,1357
1332,1342
1335,1361
1333,1363
1347,1364
1347,1355
1362,1354
1352,1359
1335,1361
1367,1364
1355,1373
1365,1360
1333,1359
1359,1379
1341,1353
1341,1371
1359,1391
1357,1371
1360,1383
1358,1382
1345,1380
1360,1366
1369,1396
1369,1382
1380,1392
1362,1404
1371,1386
1390,1387
1367,1414
1387,1400
1382,1396
1373,1391
1404,1404
1377,1411
1387,1414
1386,1404
1403,1409
1381,1412
1388,1395
1396,1421
1398,1408
1407,1416
1426,1421
1424,1425
1427,1423
1399,1418
1425,1426
1409,1429
1426,1439
1415,1441
1423,1444
1440,1435
1421,1426
1425,1440
1441,1441
1428,1449
1440,1421
1457,1440
1453,1463
1452,1444
1450,1450
1448,1455
1459,1452
1430,1454
1450,1455
1447,1460
1454,1451
1476,1453
1473,1452
1490,1449
1440,1470
1463,1458
1466,1440
1472,1457
1447,1470
1466,1461
1480,1458
1465,1476
1480,1451
1464,1471
1485,1452
1460,1472
1469,1466
1480,1460
1474,1479
1486,1466
1489,1457
1468,1471
1498,1448
1455,1482
1484,1473
1480,1469
1470,1475
1467,1468
1482,1471
1458,1466
1465,1455
1476,1473
1491,1463
1496,1473
1474,1462
1476,1460
1494,1462
1476,1447
1486,1460
1503,1453
1479,1461
1473,1467
1493,1458
1463,1460
1467,1467
1460,1448
1472,1456
1447,1450
1459,1438
1466,1436
1468,1426
1463,1425
1453,1443
1450,1439
1457,1446
1426,1421
1473,1436
1463,1427
1448,1427
1427,1417
1443,1429
1444,1430
1459,1405
1430,1435
1445,1418
1423,1423
1427,1409
1424,1415
1446,1413
1448,1413
1413,1400
1426,1418
1407,1393
1413,1390
1407,1395
1401,1411
1403,1401
1410,1411
1407,1379
1418,1378
1424,1374
1398,1372
1400,1368
1390,1372
1384,1375
1392,1367
1399,1372
1384,1378
1395,1396
1372,1381
1381,1357
1370,1365
1360,1358
1381,1366
1393,1371
1349,1368
1382,1360
1365,1380
1375,1365
1367,1359
1373,1343
1351,1339
1359,1355
1359,1357
1356,1338
1346,1336
1352,1339
1348,1356
1335,1360
1343,1352
1313,1342
1336,1333
1331,1341
1347,1333
1335,1348
1323,1339
1328,1330
1350,1341
1341,1328
1346,1356
1341,1326
1323,1334
1315,1332
1326,1336
1333,1330
1328,1334
1323,1333
1326,1320
1323,1323
1327,1327
1313,1317
1326,1324
1336,1322
1310,1336
1315,1339
1301,1342
1322,1330
1329,1337
1326,1346
1318,1343
1299,1339
1319,1344
1337,1353
1326,1338
1320,1351
1332,1337
1314,1334
1343,1360
1326,1336
1327,1347
1330,1357
1328,1352
1333,1346
1314,1348
1333,1351
1328,1359
1327,1356
1344,1359
1335,1365
1306,1361
1311,1364
1318,1363
1338,1372
1332,1357
1357,1369
1325,1380
1351,1369
1364,1379
1349,1375
1383,1378
1346,1377
1341,1379
1339,1382
1362,1397
1338,1376
1367,1371
1362,1371
1372,1381
1362,1391
1375,1405
1374,1392
1379,1401
1362,1384
1392,1394
1384,1401
1379,1418
1397,1420
1387,1399
1387,1418
1391,1419
1395,1412
1412,1427
1414,1414
1402,1410
1416,1422
1424,1412
1408,1420
1421,1438
1411,1453
1404,1430
1425,1448
1440,1443
1421,1449
1435,1444
1425,1444
1438,1442
1436,1436
1423,1437
1442,1426
1450,1445
1448,1458
1430,1443
1439,1455
1443,1437
1454,1448
1444,1463
1448,1463
1449,1460
1470,1475
1465,1462
1463,1430
1447,1456
1463,1455
1452,1456
1457,1465
1473,1465
1479,1457
1477,1467
1458,1449
1469,1469
1480,1469
1480,1478
1477,1470
1458,1465
1479,1470
1480,1462
1478,1454
1470,1457
1473,1464
1475,1458
1483,1465
1477,1454
1472,1458
1481,1468
1471,1446
1495,1474
1488,1472
1460,1466
1473,1463
1479,1450
1493,1461
1462,1481
1466,1449
1471,1457
1481,1457
1480,1441
1481,1449
1484,1444
1466,1457
1482,1447
1479,1461
1473,1448
1469,1456
1466,1442
1458,1451
1459,1460
1466,1454
1451,1451
1459,1442
1473,1450
1456,1437
1452,1436
1445,1445
1453,1429
1444,1447
1454,1413
1430,1438
1439,1430
1440,1438
1457,1418
1442,1428
1449,1420
1435,1427
1446,1425
1439,1418
1439,1415
1458,1425
1411,1437
1429,1411
1421,1422
1417,1405
1423,1390
1416,1399
1429,1401
1421,1387
1414,1380
1437,1384
1402,1391
1407,1378
1423,1392
1380,1384
1391,1372
1394,1377
1394,1366
1399,1383
1382,1375
1392,1374
1384,1376
1374,1364
1394,1359
1381,1375
1352,1357
1386,1356
1372,1344
1375,1370
1393,1361
1366,1371
1362,1342
1339,1348
1360,1378
1354,1354
1347,1349
1353,1356
1354,1348
1355,1352
1358,1335
1362,1345
1338,1332
1347,1336
1348,1344
1334,1342
1339,1341
1361,1341
1359,1351
1336,1342
1322,1347
1341,1342
1347,1322
1333,1331
1354,1331
1315,1339
1336,1337
1343,1348
1334,1341
1336,1335
1343,1353
1316,1336
1315,1324
1330,1319
1327,1314
1310,1338
1336,1339
1337,1351
1325,1342
1325,1354
1313,1335
1324,1340
1327,1331
1329,1347
1322,1345
1312,1334
1331,1364
1325,1336
1335,1345
1329,1329
1301,1337
1331,1338
1322,1342
1335,1349
1337,1338
1318,1338
1320,1343
1330,1360
1327,1341
1338,1353
1331,1362
1323,1368
1333,1368
1315,1370
1332,1363
1335,1379
1341,1356
1332,1356
1363,1361
1365,1371
1337,1370
1355,1376
1355,1381
1352,1368
1353,1378
1368,1373
1368,1407
1369,1393
1352,1393
1361,1380
1381,1387
1369,1381
1357,1405
1383,1411
1388,1401
1387,1403
1377,1394
1384,1406
1384,1404
1376,1404
1389,1408
1401,1397
1402,1410
1398,1407
1377,1410
1388,1418
1398,1420
1378,1423
1385,1435
1394,1428
1403,1409
1407,1429
1416,1450
1436,1418
1415,1454
1405,1425
1417,1436
1432,1433
1428,1431
1444,1416
1445,1437
1434,1441
1426,1458
1443,1453
1438,1451
1443,1437
1433,1435
1438,1431
1457,1452
1458,1455
1433,1461
1439,1434
1467,1470
1457,1464
1450,1468
1470,1433
1458,1456
1445,1438
1467,1458
1476,1456
1454,1456
1458,1459
1457,1461
1469,1475
1459,1464
1457,1445
1473,1461
1455,1460
1482,1469
1468,1476
1479,1449
1488,1462
1477,1465
1469,1455
1482,1472
1495,1459
1480,1470
1492,1456
1479,1454
1507,1458
1493,1456
1473,1468
1485,1473
1485,1470
1448,1471
1478,1467
1466,1458
1483,1452
1467,1463
1472,1445
1486,1463
1475,1464
1466,1447
1469,1454
1474,1438
1478,1450
1459,1453
1464,1445
1461,1446
1472,1447
1473,1437
1468,1456
1452,1447
1463,1442
1460,1456
1461,1434
1446,1440
1445,1442
1441,1430
1455,1419
1447,1420
1435,1441
1431,1435
1452,1428
1467,1428
1438,1420
1444,1426
1425,1403
1423,1425
1438,1417
1463,1407
1422,1400
1437,1409
1418,1389
1424,1414
1424,1407
1429,1397
1404,1393
1402,1389
1408,1394
1400,1395
1405,1392
1411,1395
1403,1387
1391,1388
1409,1381
1398,1388
1411,1387
1387,1370
1383,1378
1396,1373
1400,1376
1384,1365
1383,1386
1386,1367
1383,1383
1382,1376
1362,1363
1379,1365
1362,1354
1363,1355
1370,1347
1345,1372
1366,1363
1369,1360
1367,1374
1368,1347
1378,1360
1358,1362
1351,1346
1383,1355
1372,1353
1343,1344
1359,1339
1368,1353
1352,1341
1318,1323
1324,1332
1334,1331
1343,1351
1340,1348
1349,1331
1330,1348
1328,1338
1340,1332
1338,1324
1336,1326
1333,1337
1340,1339
1331,1337
1329,1346
1308,1337
1332,1333
1318,1320
1320,1329
1340,1329
1334,1338
1341,1332
1338,1322
1317,1345
1310,1348
1337,1345
1339,1347
1327,1339
1335,1336
1346,1347
1322,1327
1288,1326
1336,1330
1335,1341
1338,1344
1329,1344
1336,1346
1329,1348
1332,1332
1329,1361
1314,1350
1341,1362
1325,1353
1324,1351
1331,1368
1340,1348
1342,1358
1336,1363
1341,1375
1347,1372
1361,1355
1361,1363
1346,1357
1353,1364
1347,1368
1352,1390
1373,1369
1357,1368
1359,1372
1381,1375
1350,1381
1367,1391
1364,1404
1328,1384
1372,1383
1362,1383
1380,1399
1381,1388
1397,1398
1357,1398
1390,1397
1390,1401
1372,1396
1361,1415
1410,1412
1378,1413
1398,1403
1386,1406
1386,1420
1391,1421
1416,1416
1417,1410
1378,1411
1412,1433
1424,1424
1402,1421
1409,1440
1413,1425
1424,1430
1443,1431
1423,1423
1421,1440
1434,1447
1409,1438
1437,1437
1435,1441
1429,1443
1436,1419
1432,1444
1436,1426
1452,1461
1465,1456
1439,1445
1427,1465
1450,1447
1461,1465
1429,1477
1456,1440
1456,1437
1457,1456
1458,1465
1447,1453
1440,1437
1483,1462
1451,1463
1458,1471
1459,1455
1460,1461
1462,1464
1470,1474
1461,1450
1467,1460
1454,1467
1454,1480
1472,1467
1459,1478
1474,1459
1477,1462
1499,1446
1458,1466
1475,1466
1471,1452
1473,1443
1484,1462
1460,1446
1490,1470
1484,1459
1473,1471
1463,1465
1473,1461
1485,1465
1477,1450
1461,1453
1475,1450
1467,1450
1464,1470
1472,1450
1454,1450
1464,1456
1479,1447
1466,1450
1452,1419
1477,1440
1473,1449
1473,1434
1461,1441
1465,1442
1448,1442
1476,1423
1451,1431
1454,1420
1443,1436
1441,1425
1434,1421
1456,1419
1471,1412
1442,1421
1450,1422
1440,1419
1449,1426
1445,1404
1433,1414
1433,1406
1432,1407
1435,1405
1436,1407
1433,1416
1416,1406
1395,1387
1421,1399
1406,1395
1406,1392
1411,1408
1422,1401
1406,1399
1396,1392
1426,1395
1393,1367
1419,1381
1409,1366
1419,1372
1375,1380
1418,1379
1385,1383
1385,1390
1384,1373
1397,1373
1362,1364
1384,1366
1380,1357
1361,1358
1384,1381
1371,1363
1391,1378
1365,1359
1388,1369
1392,1369
1373,1350
1357,1361
1345,1345
1365,1352
1371,1353
1368,1361
1365,1357
1348,1338
1356,1364
1361,1343
1347,1343
1346,1344
1341,1359
1365,1348
1362,1343
1360,1345
1336,1344
1331,1344
1330,1334
1360,1330
1316,1346
1348,1334
1346,1347
1330,1340
1321,1337
1341,1337
1344,1344
1335,1336
1319,1342
1332,1324
1332,1331
1328,1343
1335,1352
1311,1348
1319,1334
1332,1356
1331,1340
1343,1339
1344,1351
1335,1352
1327,1344
1323,1364
1342,1351
1335,1329
1333,1352
1323,1351
1348,1325
1332,1334
1331,1358
1346,1346
1353,1343
1336,1361
1342,1361
1336,1348
1334,1350
1324,1360
1346,1352
1341,1350
1346,1373
1339,1360
1337,1374
1340,1355
1359,1356
1334,1369
1349,1363
1352,1372
1350,1366
1371,1376
1367,1374
1346,1365
1357,1387
1350,1374
1351,1353
1361,1373
1357,1373
1364,1382
1350,1380
1363,1386
1357,1381
1377,1396
1364,1399
1354,1394
1387,1381
1378,1402
1369,1400
1371,1407
1377,1401
1365,1406
1392,1420
1384,1391
1384,1395
1400,1405
1398,1396
1400,1420
1392,1422
1394,1427
1401,1416
1406,1417
1400,1420
1408,1436
1410,1432
1414,1423
1423,1425
1445,1429
1408,1425
1456,1440
1416,1433
1420,1428
1434,1439
1423,1446
1415,1440
1419,1437
1422,1437
1427,1443
1435,1425
1420,1442
1445,1430
1436,1463
1445,1431
1447,1465
1444,1452
1452,1442
1440,1427
1467,1443
1444,1459
1474,1455
1449,1472
1467,1458
1452,1447
1444,1435
1448,1465
1455,1454
1471,1465
1465,1461
1459,1458
1450,1456
1461,1447
1466,1466
1456,1470
1462,1472
1490,1470
1473,1456
1460,1462
1461,1461
1488,1443
1495,1455
1466,1459
1484,1457
1455,1444
1462,1470
1469,1475
1466,1442
1468,1451
1468,1461
1462,1464
1492,1461
1459,1436
1480,1453
1443,1448
1462,1444
1462,1447
1469,1462
1480,1443
1463,1445
1450,1436
1466,1437
1464,1434
1458,1450
1461,1434
1449,1424
1477,1440
1448,1436
1443,1430
1452,1444
1462,1419
1452,1441
1455,1422
1446,1446
1464,1418
1448,1415
1433,1416
1450,1413
1442,1429
1427,1414
1444,1421
1441,1415
1444,1413
1432,1419
1421,1403
1413,1426
1455,1406
1428,1402
1432,1388
1403,1399
1413,1386
1420,1391
1421,1400
1403,1402
1392,1408
1419,1382
1414,1399
1389,1390
1402,1399
1413,1386
1409,1385
1403,1391
1390,1382
1386,1382
1377,1374
1396,1389
1362,1371
1396,1383
1400,1370
1374,1376
1395,1371
1361,1388
1377,1372
1380,1360
1375,1378
1370,1363
1371,1359
1369,1384
1364,1359
1385,1361
1374,1358
1340,1337
1359,1367
1358,1345
1351,1362
1365,1350
1351,1356
1339,1338
1382,1354
1350,1354
1365,1341
1338,1345
1340,1342
1359,1352
1354,1349
1358,1337
1335,1335
1352,1354
1336,1338
1351,1355
1327,1339
1334,1327
1347,1351
1337,1332
1326,1363
1333,1345
1333,1344
1326,1349
1336,1347
1339,1342
1349,1361
1342,1343
1327,1353
1319,1339
1333,1353
1355,1344
1334,1332
1349,1355
1328,1318
1338,1360
1346,1351
1330,1349
1336,1347
1337,1353
1334,1353
1332,1356
1333,1346
1337,1332
1355,1355
1345,1362
1339,1362
1330,1358
1346,1355
1310,1367
1360,1368
1337,1377
1321,1363
1361,1356
1331,1346
1355,1382
1337,1368
1350,1366
1351,1365
1331,1358
1357,1374
1347,1362
1351,1351
1356,1356
1339,1392
1329,1362
1371,1373
1356,1379
1361,1396
1372,1388
1354,1383
1387,1396
1373,1379
1375,1380
1380,1392
1368,1400
1374,1377
1390,1397
1378,1391
1375,1387
1385,1394
1381,1407
1383,1409
1382,1412
1377,1418
1419,1391
1387,1409
1377,1424
1396,1405
1390,1400
1396,1417
1414,1416
1423,1417
1395,1425
1416,1424
1396,1425
1407,1422
1424,1422
1414,1425
1397,1417
1434,1435
1415,1419
1419,1432
1424,1429
1435,1419
1421,1431
1458,1441
1437,1438
1451,1443
1455,1439
1429,1436
1434,1436
1440,1450
1430,1456
1431,1437
1437,1436
1434,1438
1442,1451
1469,1453
1456,1468
1453,1444
1440,1447
1481,1453
1441,1466
1440,1442
1462,1456
1462,1472
1458,1444
1450,1474
1458,1465
1448,1458
1458,1455
1466,1440
1455,1450
1467,1468
1473,1450
1452,1447
1468,1475
1441,1441
1483,1448
1469,1444
1467,1449
1475,1460
1457,1466
1472,1454
1454,1459
1452,1439
1463,1447
1466,1459
1477,1453
1467,1453
1465,1430
1467,1461
1478,1443
1453,1457
1463,1458
1473,1460
1468,1451
1456,1430
1438,1456
1470,1451
1457,1424
1448,1445
1473,1436
1470,1436
1455,1442
1463,1447
1450,1439
1463,1442
1448,1439
1435,1421
1436,1434
1469,1437
1427,1435
1432,1423
1439,1417
1453,1421
1452,1432
1435,1411
1441,1430
1433,1426
1446,1414
1436,1415
1425,1420
1428,1401
1426,1418
1431,1404
1437,1398
1428,1416
1418,1422
1397,1410
1421,1393
1392,1401
1413,1418
1416,1407
1420,1384
1421,1402
1394,1386
1400,1386
1424,1387
1415,1378
1404,1393
1402,1396
1397,1387
1390,1373
1376,1371
1379,1368
1395,1367
1386,1380
1394,1359
1376,1367
1381,1375
1370,1378
1396,1384
1367,1357
1359,1353
1370,1371
1363,1355
1376,1360
1381,1347
1365,1352
1366,1363
1357,1362
1359,1350
1364,1357
1369,1357
1353,1352
1357,1359
1367,1363
1351,1352
1350,1372
1369,1346
1370,1358
1359,1340
1351,1361
1338,1345
1349,1338
1339,1349
1320,1328
1361,1341
1340,1345
1346,1357
1354,1348
1336,1339
1350,1337
1341,1346
1346,1348
1320,1344
1380,1345
1335,1345
1356,1332
1331,1353
1336,1335
1338,1341
1339,1358
1328,1340
1329,1354
1332,1341
1347,1349
1340,1366
1358,1346
1326,1344
1332,1353
1349,1358
1335,1354
1356,1347
1340,1358
1347,1346
1350,1345
1350,1357
1346,1371
1343,1369
1342,1350
1364,1348
1355,1363
1352,1356
1340,1368
1344,1379
1358,1355
1351,1374
1337,1369
1363,1363
1348,1371
1358,1360
1350,1368
1360,1387
1367,1381
1355,1371
1366,1388
1352,1383
1363,1374
1363,1378
1360,1376
1372,1390
1358,1386
1363,1372
1357,1386
1389,1378
1364,1398
1392,1398
1373,1388
1376,1403
1382,1406
1387,1400
1389,1387
1412,1385
1399,1397
1383,1403
1378,1406
1391,1414
1385,1396
1385,1407
1411,1421
1398,1433
1413,1418
1396,1400
1411,1431
1409,1415
1416,1431
1398,1414
1401,1421
1401,1418
1403,1434
1412,1418
1436,1434
1413,1444
1405,1430
1434,1431
1424,1424
1427,1433
1411,1430
1444,1444
1431,1441
1444,1433
1439,1445
1436,1449
1442,1425
1442,1435
1447,1435
1458,1449
1457,1459
1437,1447
1438,1442
1420,1446
1460,1464
1436,1448
1452,1438
1447,1445
1431,1438
1443,1437
1446,1460
1435,1463
1461,1472
1458,1452
1439,1434
1458,1449
1455,1454
1478,1446
1447,1446
1445,1449
1453,1462
1463,1444
1459,1456
1452,1459
1469,1469
1441,1464
1461,1457
1485,1463
1473,1461
1474,1450
1465,1455
1463,1456
1470,1455
1454,1450
1474,1457
1476,1448
1462,1452
1480,1451
1456,1450
1443,1443
1459,1445
1471,1437
1464,1436
1459,1436
1468,1434
1450,1440
1471,1454
1459,1430
1455,1462
1438,1429
1454,1421
1452,1432
1447,1441
1473,1439
1442,1433
1466,1433
1448,1435
1439,1431
1432,1424
1442,1414
1437,1443
1437,1421
1443,1405
1439,1435
1448,1428
1425,1411
1423,1426
1429,1411
1426,1404
1449,1417
1434,1427
1423,1411
1416,1416
1426,1414
1419,1400
1430,1399
1403,1408
1405,1402
1413,1395
1415,1388
1407,1395
1437,1384
1429,1399
1393,1408
1426,1381
1397,1395
1410,1387
1412,1375
1400,1397
1402,1391
1388,1391
1401,1378
1382,1384
1387,1387
1375,1375
1393,1379
1382,1383
1404,1380
1385,1371
1368,1367
1378,1363
1370,1363
1369,1380
1398,1376
1386,1361
1380,1358
1370,1361
1373,1357
1359,1361
1346,1356
1361,1366
1373,1355
1369,1357
1354,1361
1366,1361
1360,1348
1346,1351
1368,1344
1359,1347
1353,1357
1367,1355
1349,1356
1347,1358
1355,1330
1345,1341
1344,1363
1370,1338
1362,1343
1337,1356
1325,1336
1335,1341
1348,1363
1355,1342
1342,1360
1349,1348
1358,1329
1333,1351
1354,1350
1352,1346
1331,1374
1337,1341
1329,1361
1334,1366
1335,1348
1333,1374
1347,1345
1360,1344
1318,1363
1340,1361
1346,1345
1312,1342
1335,1352
1363,1360
1338,1362
1340,1360
1351,1389
1350,1372
1338,1353
1351,1349
1342,1371
1339,1360
1337,1358
1346,1361
1351,1343
1345,1336
1349,1375
1364,1349
1343,1353
1338,1381
1351,1378
1354,1356
1336,1387
1343,1374
1367,1391
1356,1373
1355,1358
1355,1381
1368,1377
1370,1384
1368,1397
1375,1404
1372,1374
1368,1384
1354,1391
1381,1395
1359,1393
1369,1390
1384,1399
1393,1398
1389,1409
1369,1392
1373,1397
1378,1390
1404,1413
1399,1410
1390,1400
1380,1409
1378,1403
1390,1423
1370,1396
1405,1412
1408,1416
1385,1412
1403,1412
1383,1405
1403,1425
1415,1411
1427,1418
1403,1409
1401,1427
1421,1416
1417,1421
1419,1447
1420,1430
1411,1441
1400,1434
1426,1415
1414,1417
1418,1441
1417,1412
1435,1438
1416,1422
1433,1427
1421,1446
1436,1424
1416,1423
1443,1443
1436,1447
1438,1449
1441,1451
1438,1441
1460,1450
1437,1461
1443,1458
1455,1434
1449,1438
1445,1438
1467,1450
1440,1446
1433,1452
1458,1463
1445,1445
1454,1438
1439,1449
1469,1443
1464,1449
1448,1457
1463,1450
1441,1441
1464,1462
1449,1463
1442,1435
1448,1452
1463,1454
1457,1461
1443,1464
1452,1454
1441,1465
1501,1462
1479,1434
1466,1435
1474,1441
1468,1439
1446,1457
1445,1451
1453,1451
1476,1436
1469,1446
1461,1431
1483,1448
1459,1444
1439,1429
1452,1436
1448,1420
1443,1440
1448,1433
1443,1435
1449,1435
1455,1442
1441,1438
1454,1447
1434,1440
1440,1438
1448,1422
1450,1425
1432,1414
1461,1426
1427,1416
1435,1401
1439,1441
1443,1432
1441,1423
1443,1428
1443,1418
1424,1429
1429,1393
1430,1398
1437,1417
1448,1412
1414,1405
1427,1393
1440,1414
1420,1392
1444,1387
1418,1408
1419,1406
1413,1427
1424,1401
1386,1398
1396,1396
1415,1395
1421,1389
1405,1392
1397,1381
1414,1400
1406,1388
1399,1388
1404,1391
1396,1389
1381,1385
1398,1394
1388,1376
1393,1388
1387,1380
1372,1366
1393,1375
1388,1390
1373,1371
1397,1392
1357,1364
1376,1363
1385,1366
1384,1363
1389,1364
1373,1372
1376,1372
1357,1370
1351,1370
1360,1359
1367,1341
1359,1363
1368,1375
1384,1365
1359,1365
1377,1371
1341,1365
1347,1359
1353,1361
1345,1362
1367,1351
1348,1346
1343,1341
1335,1337
1328,1350
1343,1335
1337,1348
1341,1346
1359,1358
1368,1354
1336,1340
1328,1339
1330,1368
1331,1343
1339,1348
1345,1346
1323,1337
1335,1334
1347,1337
1341,1358
1342,1352
1352,1352
1336,1342
1343,1361
1348,1346
1341,1348
1325,1364
1351,1348
1339,1362
1373,1341
1342,1359
1335,1348
1348,1350
1356,1369
1346,1349
1351,1346
1343,1382
1338,1371
1355,1347
1321,1351
1349,1386
1358,1379
1360,1360
1327,1364
1349,1365
1350,1334
1348,1361
1363,1389
1357,1359
1359,1378
1338,1352
1366,1381
1363,1379
1347,1370
1367,1360
1369,1369
1357,1373
1368,1385
1367,1389
1356,1390
1361,1385
1377,1384
1371,1381
1397,1379
1375,1389
1377,1383
1376,1391
1366,1394
1373,1382
1387,1397
1369,1403
1388,1393
1373,1392
1388,1386
1393,1380
1401,1386
1398,1407
1360,1393
1386,1415
1394,1398
1365,1416
1395,1403
1412,1411
1421,1383
1399,1404
1418,1419
1392,1409
1401,1414
1408,1423
1418,1423
1408,1412
1423,1429
1407,1430
1414,1431
1401,1432
1423,1438
1397,1440
1413,1410
1424,1429
1423,1422
1408,1415
1439,1422
1433,1434
1425,1434
1439,1435
1436,1434
1421,1449
1431,1425
1437,1435
1423,1413
1430,1428
1441,1435
1417,1429
1439,1447
1440,1443
1436,1440
1452,1435
1459,1415
1454,1435
1448,1450
1437,1430
1446,1437
1444,1441
1467,1445
1444,1427
1450,1437
1461,1446
1463,1443
1451,1460
1453,1447
1448,1450
1457,1463
1471,1461
1452,1475
1446,1457
1455,1436
1446,1448
1455,1447
1477,1441
1441,1461
1445,1452
1453,1451
1455,1450
1449,1444
1458,1435
1453,1445
1475,1443
1462,1455
1466,1450
1465,1459
1449,1456
1437,1444
1440,1428
1457,1437
1446,1446
1464,1423
1459,1436
1455,1438
1438,1446
1450,1429
1446,1444
1459,1443
1419,1428
1454,1426
1442,1448
1453,1461
1449,1437
1446,1433
1448,1421
1426,1415
1452,1412
1439,1415
1432,1434
1448,1410
1445,1415
1444,1431
1447,1431
1454,1399
1431,1417
1435,1420
1408,1391
1432,1406
1441,1418
1412,1412
1400,1421
1414,1401
1431,1399
1404,1396
1439,1397
1441,1398
1418,1394
1423,1384
1425,1410
1400,1405
1421,1397
1412,1404
1397,1392
1405,1374
1411,1395
1394,1405
1404,1395
1382,1385
1415,1371
1399,1398
1400,1394
1375,1389
1391,1381
1396,1389
1390,1361
1403,1356
1396,1377
1400,1364
1389,1373
1380,1351
1383,1378
1364,1361
1380,1375
1369,1363
1378,1357
1390,1372
1388,1366
1366,1350
1364,1361
1378,1380
1380,1377
1368,1365
1365,1352
1365,1355
1361,1367
1359,1346
1361,1367
1347,1367
1350,1380
1364,1341
1369,1355
1345,1348
1342,1356
1342,1339
1350,1349
1318,1366
1341,1361
1354,1358
1354,1364
1355,1341
1345,1357
1353,1351
1336,1344
1351,1362
1358,1342
1339,1353
1337,1361
1345,1368
1351,1340
1351,1368
1339,1360
1348,1353
1342,1371
1334,1335
1337,1360
1352,1368
1370,1349
1347,1351
1329,1342
1333,1357
1345,1345
1333,1341
1330,1354
1353,1374
1345,1358
1334,1353
1353,1357
1354,1363
1340,1371
1365,1363
1344,1375
1333,1359
1341,1382
1356,1366
1354,1372
1361,1366
1365,1382
1359,1388
1358,1368
1359,1363
1336,1371
1361,1383
1345,1375
1356,1364
1372,1387
1359,1393
1366,1379
1355,1412
1375,1378
1386,1390
1370,1380
1361,1393
1377,1382
1375,1385
1367,1382
1362,1381
1375,1397
1360,1395
1374,1394
1360,1382
1380,1388
1375,1405
1380,1386
1383,1383
1374,1390
1400,1384
1386,1400
1385,1409
1380,1392
1396,1396
1390,1406
1385,1401
1390,1394
1400,1421
1421,1411
1398,1431
1399,1409
1389,1416
1411,1415
1422,1420
1426,1430
1395,1427
1422,1418
1427,1423
1410,1416
1412,1421
1416,1413
1421,1429
1399,1446
1435,1423
1415,1430
1425,1416
1438,1436
1434,1423
1438,1445
1432,1433
1416,1412
1428,1423
1423,1434
1446,1434
1444,1448
1439,1441
1406,1443
1421,1438
1441,1444
1422,1443
1449,1433
1453,1456
1438,1438
1453,1435
1470,1448
1456,1450
1440,1444
1443,1425
1438,1463
1439,1453
1450,1459
1432,1436
1441,1450
1459,1455
1462,1440
1465,1446
1454,1443
1453,1440
1456,1427
1454,1448
1458,1450
1449,1439
1440,1442
1462,1438
1451,1450
1451,1427
1469,1459
1461,1444
1441,1432
1463,1435
1454,1445
1439,1432
1464,1424
1422,1440
1444,1448
1460,1446
1462,1443
1457,1443
1456,1435
1444,1439
1470,1437
1428,1424
1452,1426
1465,1439
1452,1451
1430,1449
1447,1448
1429,1431
1432,1426
1445,1408
1436,1421
1456,1419
1425,1423
1428,1437
1423,1423
1429,1427
1415,1428
1449,1437
1430,1428
1445,1412
1429,1423
1423,1412
1434,1424
1416,1414
1424,1415
1433,1404
1430,1409
1408,1415
1430,1402
1424,1407
1415,1419
1432,1402
1415,1396
1411,1408
1404,1394
1398,1382
1421,1412
1394,1403
1420,1387
1387,1404
1430,1412
1402,1385
1409,1386
1395,1389
1407,1379
1408,1379
1384,1379
1394,1387
1389,1396
1396,1393
1395,1376
1388,1380
1396,1378
1421,1374
1385,1354
1396,1383
1407,1390
1384,1367
1404,1380
1370,1373
1383,1390
1393,1373
1377,1370
1377,1373
1384,1366
1363,1373
1372,1364
1373,1369
1354,1376
1376,1370
1380,1365
1373,1362
1367,1381
1389,1354
1363,1366
1367,1364
1368,1367
1350,1360
1363,1355
1352,1359
1355,1355
1357,1349
1384,1361
1355,1361
1354,1354
1381,1365
1342,1358
1335,1357
1357,1343
1348,1351
1343,1347
1361,1342
1348,1348
1324,1348
1351,1361
1365,1353
1338,1339
1340,1346
1353,1349
1344,1356
1343,1355
1353,1353
1356,1332
1354,1366
1351,1338
1351,1341
1329,1363
1341,1372
1336,1364
1344,1360
1362,1346
1357,1340
1344,1368
1338,1360
1358,1357
1376,1357
1352,1353
1347,1367
1366,1345
1342,1355
1358,1349
1337,1375
1370,1366
1351,1359
1348,1358
1333,1383
1349,1368
1336,1367
1321,1360
1366,1361
1363,1372
1350,1379
1369,1366
1364,1378
1364,1378
1369,1368
1353,1360
1362,1364
1355,1391
1372,1375
1366,1373
1369,1376
1363,1379
1368,1370
1377,1393
1374,1386
1354,1386
1348,1380
1381,1398
1393,1389
1394,1391
1382,1391
1357,1392
1381,1386
1387,1424
1381,1392
1392,1420
1383,1409
1370,1383
1386,1397
1399,1398
1401,1418
1400,1400
1386,1406
1368,1406
1392,1427
1400,1421
1385,1403
1404,1408
1401,1418
1415,1405
1395,1406
1390,1407
1404,1412
1407,1426
1404,1411
1430,1426
1395,1422
1416,1428
1418,1414
1392,1424
1421,1425
1428,1413
1409,1411
1443,1420
1438,1428
1401,1426
1441,1424
1420,1439
1418,1438
1417,1433
1435,1429
1419,1427
1406,1431
1448,1428
1429,1446
1430,1443
1435,1425
1441,1434
1444,1434
1427,1420
1435,1431
1438,1440
1441,1429
1435,1448
1439,1430
1448,1439
1454,1434
1448,1437
1463,1452
1438,1448
1466,1446
1438,1441
1449,1438
1443,1433
1440,1422
1459,1452
1465,1454
1444,1441
1457,1431
1438,1462
1459,1436
1452,1451
1436,1444
1449,1437
1457,1443
1464,1435
1449,1449
1452,1444
1442,1444
1452,1455
1455,1446
1457,1432
1456,1446
1443,1449
1452,1426
1450,1448
1449,1432
1438,1445
1431,1437
1444,1427
1434,1452
1474,1431
1439,1441
1453,1446
1436,1435
1424,1432
1439,1435
1462,1430
1461,1435
1436,1439
1451,1443
1459,1429
1427,1424
1455,1430
1449,1432
1460,1425
1418,1417
1450,1417
1437,1441
1427,1431
1427,1404
1430,1404
1457,1410
1430,1422
1432,1423
1428,1418
1414,1430
1421,1432
1428,1414
1414,1427
1412,1412
1426,1410
1417,1405
1412,1409
1439,1430
1422,1396
1435,1420
1397,1421
1421,1410
1410,1389
1407,1415
1408,1395
1422,1395
1405,1390
1390,1399
1390,1398
1401,1386
1394,1384
1400,1386
1395,1393
1390,1402
1393,1376
1376,1379
1407,1384
1387,1382
1395,1385
1386,1373
1375,1365
1398,1368
1360,1375
1385,1376
1404,1376
1386,1374
1364,1374
1395,1385
1383,1371
1375,1373
1381,1364
1373,1366
1365,1368
1361,1383
1385,1366
1381,1368
1346,1364
1365,1353
1377,1365
1379,1343
1356,1361
1350,1346
1372,1360
1346,1361
1364,1363
1371,1333
1350,1364
1381,1364
1355,1362
1336,1348
1359,1357
1344,1356
1356,1371
1341,1361
1352,1371
1344,1350
1359,1356
1361,1364
1364,1363
1352,1348
1342,1352
1354,1346
1348,1352
1352,1365
1342,1352
1360,1366
1324,1355
1338,1351
1356,1349
1350,1352
1333,1371
1352,1359
1353,1349
1348,1360
1350,1364
1377,1346
1364,1358
1340,1358
1343,1344
1360,1356
1348,1359
1358,1349
1349,1357
1332,1361
1356,1364
1363,1370
1346,1360
1334,1360
1351,1365
1364,1369
1359,1370
1371,1356
1345,1365
1358,1377
1341,1361
1353,1369
1360,1370
1356,1379
1341,1376
1364,1367
1368,1380
1357,1373
1359,1380
1375,1364
1363,1389
1365,1388
1387,1387
1390,1370
1365,1368
1383,1377
1380,1386
1374,1394
1360,1381
1405,1400
1406,1367
1382,1377
1374,1392
1383,1390
1380,1386
1372,1393
1388,1404
1373,1392
1396,1404
1383,1396
1409,1403
1379,1398
1368,1404
1390,1412
1413,1417
1380,1399
1384,1399
1382,1418
1400,1416
1409,1410
1403,1396
1409,1416
1413,1402
1392,1407
1397,1422
1402,1411
1425,1417
1409,1411
1383,1401
1396,1411
1404,1425
1402,1416
1407,1408
1421,1426
1411,1419
1397,1415
1435,1441
1408,1420
1406,1426
1422,1418
1429,1426
1429,1435
1445,1430
1421,1440
1424,1430
1451,1431
1423,1445
1435,1434
1396,1432
1426,1437
1447,1440
1442,1436
1445,1440
1434,1431
1444,1444
1444,1438
1445,1454
1450,1430
1443,1444
1423,1434
1448,1442
1445,1436
1454,1431
1424,1445
1446,1447
1446,1440
1450,1445
1437,1454
1458,1457
1452,1435
1440,1431
1456,1446
1457,1478
1456,1433
1447,1446
1431,1452
1450,1430
1436,1443
1453,1446
1456,1448
1446,1432
1439,1441
1456,1446
1453,1431
1459,1437
1453,1433
1447,1441
1427,1450
1467,1440
1439,1435
1441,1449
1442,1444
1446,1432
1450,1429
1453,1444
1445,1450
1449,1436
1449,1437
1456,1403
1432,1442
1452,1439
1448,1446
1436,1436
1470,1438
1451,1423
1440,1434
1430,1426
1433,1429
1446,1433
1434,1430
1428,1442
1442,1431
1430,1407
1435,1411
1436,1433
1449,1418
1429,1427
1425,1414
1428,1400
1437,1422
1425,1422
1414,1420
1425,1424
1426,1412
1411,1410
1420,1425
1436,1391
1418,1416
1437,1405
1420,1406
1402,1406
1412,1413
1419,1409
1431,1400
1430,1404
1407,1400
1413,1391
1408,1397
1405,1385
1396,1396
1396,1399
1423,1370
1392,1399
1404,1411
1411,1389
1389,1402
1383,1376
1391,1394
1383,1387
1390,1377
1362,1399
1387,1377
1364,1387
1386,1381
1400,1376
1377,1382
1382,1379
1392,1380
1392,1374
1362,1372
1369,1380
1376,1386
1387,1364
1376,1380
1392,1373
1392,1385
1381,1364
1363,1365
1369,1361
1374,1363
1346,1367
1374,1367
1390,1382
1368,1367
1372,1367
1357,1362
1358,1364
1367,1377
1364,1375
1378,1359
1350,1372
1345,1361
1359,1361
1351,1360
1359,1349
1361,1347
1376,1368
1344,1361
1361,1361
1335,1349
1367,1370
1376,1358
1362,1348
1352,1367
1366,1346
1335,1359
1359,1361
1332,1354
1332,1357
1363,1375
1330,1357
1344,1375
1352,1357
1362,1375
1365,1355
1351,1386
1350,1369
1337,1374
1351,1349
1352,1348
1334,1346
1345,1364
1349,1346
1353,1357
1353,1363
1348,1352
1361,1361
1343,1363
1362,1348
1330,1367
1358,1357
1338,1355
1355,1364
1341,1368
1330,1356
1359,1378
1364,1353
1365,1351
1336,1378
1349,1350
1364,1379
1359,1389
1336,1374
1334,1365
1351,1362
1354,1379
1369,1378
1352,1382
1373,1376
1354,1385
1367,1372
1376,1383
1361,1377
1363,1356
1388,1388
1367,1373
1355,1369
1378,1418
1376,1366
1394,1382
1355,1383
1384,1400
1363,1388
1375,1391
1373,1383
1389,1403
1382,1401
1368,1400
1382,1385
1399,1427
1381,1383
1383,1399
1396,1398
1387,1395
1392,1412
1406,1395
1383,1424
1400,1409
1400,1392
1390,1404
1409,1391
1406,1404
1414,1402
1412,1413
1414,1411
1414,1410
1399,1411
1412,1426
1424,1424
1398,1415
1390,1423
1413,1425
1409,1414
1424,1418
1408,1427
1401,1430
1411,1431
1424,1437
1409,1425
1428,1427
1427,1444
1438,1425
1438,1421
1416,1434
1467,1425
1408,1435
1429,1424
1441,1431
1411,1436
1426,1432
1421,1436
1425,1427
1431,1447
1441,1432
1448,1445
1442,1440
1426,1442
1437,1437
1432,1441
1423,1466
1428,1441
1439,1447
1438,1454
1415,1442
1451,1439
1437,1441
1434,1437
1440,1441
1453,1445
1444,1439
1433,1433
1439,1440
1458,1445
1472,1442
1437,1462
1460,1444
1462,1439
1446,1430
1444,1445
1473,1452
1451,1447
1451,1431
1432,1433
1462,1462
1463,1432
1452,1432
1452,1442
1437,1450
1450,1469
1446,1450
1460,1456
1464,1432
1454,1439
1448,1413
1447,1422
1449,1452
1441,1441
1449,1428
1464,1434
1454,1434
1448,1446
1466,1450
1426,1442
1460,1434
1454,1422
1436,1433
1441,1420
1446,1448
1440,1421
1420,1432
1461,1417
1445,1433
1429,1429
1447,1433
1417,1407
1439,1422
1419,1423
1445,1421
1445,1413
1431,1424
1453,1432
1434,1409
1424,1415
1409,1416
1431,1408
1428,1408
1427,1411
1420,1395
1428,1418
1429,1397
1435,1396
1431,1395
1412,1403
1428,1421
1396,1419
1414,1400
1405,1392
1419,1394
1412,1411
1425,1394
1427,1409
1406,1388
1408,1400
1409,1404
1401,1386
1419,1388
1379,1370
1415,1392
1411,1391
1405,1387
1398,1388
1400,1384
1396,1382
1385,1379
1401,1375
1384,1379
1387,1382
1394,1385
1385,1392
1373,1374
1409,1367
1361,1370
1366,1368
1393,1369
1383,1373
1382,1377
1377,1380
1376,1362
1370,1372
1365,1365
1365,1357
1386,1351
1383,1371
1354,1368
1356,1360
1371,1366
1366,1378
1333,1382
1359,1364
1358,1365
1357,1370
1358,1360
1384,1358
1367,1380
1357,1374
1384,1363
1350,1384
1365,1349
1367,1340
1365,1362
1357,1351
1362,1361
1349,1351
1371,1354
1365,1349
1351,1353
1330,1358
1362,1358
1353,1358
1371,1371
1352,1340
1320,1363
1361,1360
1373,1371
1341,1364
1336,1366
1342,1366
1358,1353
1353,1356
1360,1355
1351,1347
1345,1352
1355,1364
1351,1362
1345,1351
1361,1350
1356,1352
1341,1355
1362,1349
1370,1353
1349,1357
1351,1375
1338,1351
1349,1369
1347,1356
1340,1356
1350,1366
1365,1368
1374,1362
1378,1350
1360,1360
1360,1362
1357,1376
1354,1368
1352,1365
1342,1373
1371,1380
1338,1380
1372,1364
1332,1379
1363,1387
1342,1364
1352,1374
1375,1370
1363,1373
1363,1370
1362,1366
1364,1379
1379,1396
1368,1381
1371,1377
1372,1381
1384,1376
1368,1388
1387,1391
1360,1384
1372,1377
1379,1380
1375,1381
1374,1386
1386,1386
1381,1384
1369,1412
1380,1401
1380,1396
1381,1401
1385,1404
1388,1413
1382,1388
1409,1390
1373,1397
1392,1396
1377,1407
1402,1406
1393,1391
1403,1409
1399,1416
1385,1399
1409,1406
1409,1411
1422,1399
1400,1405
1405,1423
1405,1431
1408,1422
1408,1422
1415,1423
1391,1438
1395,1424
1402,1427
1413,1430
1427,1423
1418,1428
1421,1423
1425,1422
1407,1428
1412,1425
1429,1430
1433,1425
1412,1422
1426,1428
1423,1431
1421,1426
1411,1433
1427,1443
1436,1429
1423,1428
1435,1455
1439,1433
1440,1429
1424,1436
1440,1434
1435,1446
1444,1447
1422,1454
1447,1438
1427,1446
1443,1440
1433,1433
1463,1434
1438,1452
1430,1436
1439,1438
1433,1446
1444,1445
1446,1426
1456,1441
1446,1459
1443,1435
1457,1456
1441,1441
1448,1431
1459,1468
1463,1454
1436,1440
1444,1445
1439,1452
1452,1440
1482,1435
1454,1447
1445,1455
1459,1439
1462,1449
1482,1432
1457,1455
1472,1435
1440,1436
1458,1435
1447,1432
1447,1454
1444,1437
1457,1434
1472,1438
1435,1439
1435,1442
1436,1438
1433,1433
1447,1440
1448,1432
1437,1441
1466,1438
1443,1427
1456,1445
1447,1416
1448,1424
1458,1431
1453,1440
1439,1404
1446,1428
1444,1420
1450,1422
1453,1420
1423,1433
1430,1408
1436,1423
1433,1419
1450,1416
1436,1408
1410,1430
1450,1415
1450,1436
1430,1415
1427,1407
1430,1408
1418,1425
1419,1398
1435,1422
1426,1416
1445,1400
1423,1408
1411,1397
1416,1402
1426,1419
1431,1408
1426,1397
1397,1406
1403,1397
1434,1390
1399,1379
1414,1396
1412,1397
1407,1406
1411,1383
1415,1412
1406,1376
1400,1400
1414,1390
1397,1397
1392,1389
1405,1391
1403,1384
1401,1380
1372,1380
1381,1374
1378,1393
1385,1397
1403,1370
1393,1384
1373,1401
1396,1385
1381,1379
1409,1375
1393,1372
1385,1388
1377,1360
1383,1391
1384,1372
1379,1382
1401,1360
1394,1365
1375,1365
1377,1366
1359,1369
1361,1372
1373,1355
1358,1370
1359,1386
1351,1372
1355,1367
1363,1355
1358,1373
1358,1366
1344,1355
1349,1359
1357,1366
1350,1371
1352,1364
1353,1365
1357,1356
1338,1358
1360,1355
1352,1373
1371,1364
1352,1354
1356,1368
1358,1377
1352,1342
1336,1336
1350,1363
1339,1365
1364,1348
1346,1350
1378,1345
1351,1354
1346,1355
1340,1345
1353,1368
1352,1351
1339,1355
1336,1353
1336,1354
1364,1350
1335,1353
1306,1356
1338,1357
1348,1366
1358,1361
1335,1335
1328,1346
1357,1339
1352,1350
1347,1361
1358,1351
1352,1364
1351,1354
1336,1352
1333,1362
1341,1364
1350,1352
1342,1369
1347,1372
1361,1364
1338,1375
1353,1355
1353,1357
1360,1375
1360,1362
1383,1356
1356,1357
1366,1378
1339,1364
1355,1373
1358,1383
1338,1362
1356,1391
1372,1388
1372,1390
1373,1378
1350,1380
1374,1366
1370,1401
1383,1368
1379,1377
1355,1372
1379,1367
1340,1396
1373,1394
1357,1388
1373,1398
1381,1400
1373,1378
1379,1387
1358,1378
1382,1399
1392,1403
1390,1408
1358,1390
1379,1404
1370,1392
1389,1410
1377,1400
1398,1393
1372,1397
1407,1389
1401,1408
1385,1412
1390,1412
1411,1408
1407,1423
1413,1418
1403,1422
1401,1403
1405,1414
1403,1407
1424,1415
1408,1404
1401,1414
1420,1429
1412,1415
1400,1418
1404,1411
1413,1411
1416,1411
1415,1413
1410,1428
1417,1421
1413,1417
1419,1428
1420,1434
1430,1441
1419,1431
1420,1445
1417,1430
1425,1430
1446,1438
1431,1431
1441,1412
1417,1433
1413,1432
1434,1434
1442,1445
1418,1426
1443,1446
1465,1423
1440,1440
1443,1462
1455,1456
1453,1448
1429,1453
1438,1441
1445,1446
1445,1452
1437,1440
1450,1437
1453,1437
1449,1443
1432,1450
1445,1449
1445,1456
1440,1440
1449,1447
1468,1464
1458,1432
1457,1449
1463,1446
1437,1452
1465,1459
1454,1444
1460,1440
1451,1446
1460,1445
1459,1448
1448,1441
1448,1456
1460,1453
1438,1453
1437,1447
1444,1455
1443,1462
1465,1458
1431,1461
1446,1419
1444,1447
1459,1446
1446,1450
1448,1430
1461,1447
1455,1423
1441,1451
1440,1431
1459,1445
1451,1416
1438,1448
1440,1424
1471,1446
1461,1446
1442,1441
1451,1433
1470,1428
1438,1450
1453,1419
1462,1429
1432,1429
1454,1425
1449,1425
1446,1429
1442,1430
1439,1437
1468,1422
1430,1440
1439,1426
1438,1417
1434,1418
1414,1426
1419,1427
1431,1430
1426,1405
1403,1424
1449,1413
1450,1413
1447,1410
1433,1431
1429,1416
1412,1409
1428,1415
1438,1405
1423,1417
1435,1401
1416,1412
1410,1413
1424,1417
1423,1409
1419,1405
1419,1413
1415,1400
1420,1404
1392,1400
1407,1421
1391,1387
1403,1394
1420,1401
1416,1384
1411,1392
1399,1377
1378,1391
1400,1404
1410,1387
1390,1385
1388,1378
1404,1389
1399,1377
1383,1376
1386,1389
1387,1384
1385,1363
1380,1367
1382,1376
1394,1372
1376,1377
1412,1361
1377,1385
1403,1372
1373,1393
1384,1372
1371,1383
1385,1369
1362,1355
1370,1371
1376,1368
1368,1383
1376,1368
1359,1364
1373,1383
1349,1364
1371,1346
1356,1375
1365,1373
1377,1356
1348,1360
1365,1347
1382,1382
1368,1359
1352,1356
1374,1361
1335,1350
1334,1348
1355,1367
1379,1353
1332,1356
1357,1340
1364,1360
1329,1346
1347,1356
1337,1361
1349,1353
1353,1347
1339,1349
1332,1363
1360,1342
1366,1355
1354,1348
1357,1359
1364,1347
1337,1357
1346,1355
1354,1375
1335,1349
1346,1336
1344,1373
1341,1351
1340,1355
1348,1352
1342,1348
1343,1368
1327,1343
1355,1356
1354,1353
1376,1342
1351,1349
1384,1352
1337,1345
1326,1351
1340,1382
1330,1363
1349,1360
1325,1368
1346,1354
1345,1380
1348,1354
1323,1361
1354,1365
1373,1363
1323,1375
1348,1359
1381,1344
1338,1360
1340,1352
1352,1362
1351,1372
1369,1370
1339,1359
1352,1368
1346,1369
1349,1367
1352,1364
1367,1365
1364,1364
1366,1377
1353,1365
1364,1383
1381,1368
1383,1374
1367,1373
1365,1391
1345,1407
1365,1382
1381,1383
1364,1394
1371,1392
1380,1378
1353,1388
1393,1395
1371,1390
1376,1395
1367,1373
1382,1391
1370,1378
1393,1400
1376,1388
1391,1400
1387,1396
1393,1400
1388,1409
1386,1396
1387,1395
1394,1390
1387,1422
1389,1400
1379,1402
1408,1406
1397,1404
1413,1427
1387,1416
1397,1411
1427,1422
1391,1415
1415,1410
1399,1404
1416,1419
1397,1419
1406,1404
1407,1426
1397,1408
1401,1428
1429,1423
1424,1414
1423,1437
1410,1443
1435,1418
1427,1428
1428,1426
1428,1416
1449,1444
1437,1445
1421,1444
1430,1444
1441,1441
1427,1421
1420,1435
1435,1430
1430,1431
1430,1439
1437,1444
1424,1446
1430,1445
1438,1436
1440,1452
1441,1435
1433,1424
1449,1449
1433,1439
1426,1457
1436,1447
1443,1459
1464,1451
1444,1453
1443,1437
1470,1446
1458,1445
1437,1438
1436,1440
1458,1444
1463,1449
1452,1444
1452,1426
1461,1456
1454,1459
1442,1464
1454,1444
1460,1449
1457,1456
1459,1436
1444,1439
1462,1441
1474,1448
1436,1454
1431,1439
1470,1456
1469,1442
1454,1453
1431,1431
1459,1435
1469,1459
1445,1439
1459,1446
1455,1440
1443,1446
1465,1449
1454,1441
1463,1427
1466,1441
1457,1445
1465,1432
1466,1425
1462,1443
1446,1459
1460,1427
1468,1422
1458,1435
1455,1426
1450,1425
1440,1444
1453,1428
1445,1422
1446,1442
1432,1441
1456,1418
1446,1428
1450,1423
1438,1426
1466,1439
1451,1435
1431,1448
1426,1424
1446,1424
1427,1432
1429,1420
1440,1422
1442,1423
1441,1419
1442,1426
1434,1423
1422,1427
1433,1390
1439,1418
1436,1406
1434,1432
1429,1425
1429,1415
1413,1413
1405,1415
1429,1419
1425,1406
1412,1415
1436,1400
1414,1412
1411,1413
1422,1404
1408,1408
1419,1391
1415,1406
1377,1395
1401,1393
1404,1384
1388,1407
1418,1413
1407,1391
1411,1395
1407,1378
1413,1392
1411,1397
1424,1376
1401,1382
1398,1389
1393,1400
1390,1389
1398,1377
1394,1389
1394,1382
1389,1378
1389,1374
1396,1381
1387,1377
1374,1370
1392,1384
1377,1361
1375,1377
1372,1358
1372,1382
1372,1371
1355,1365
1366,1357
1367,1367
1373,1358
1368,1360
1379,1380
1362,1364
1370,1356
1359,1359
1370,1359
1351,1360
1357,1357
1369,1364
1325,1355
1368,1355
1343,1370
1350,1343
1342,1344
1349,1354
1351,1346
1381,1356
1369,1354
1347,1369
1353,1368
1349,1354
1345,1348
1348,1334
1350,1354
1340,1349
1349,1339
1344,1332
1339,1359
1349,1344
1355,1346
1352,1345
1356,1344
1347,1341
1340,1333
1345,1353
1341,1353
1340,1353
1345,1332
1356,1357
1345,1346
1351,1351
1367,1345
1320,1334
1326,1353
1342,1355
1326,1352
1355,1343
1322,1363
1334,1352
1331,1363
1344,1345
1338,1349
1334,1360
1352,1361
1333,1350
1354,1345
1344,1360
1336,1354
1351,1357
1338,1367
1357,1366
1350,1350
1362,1364
1329,1357
1341,1345
1334,1362
1345,1361
1343,1366
1345,1380
1361,1368
1334,1372
1353,1354
1375,1369
1331,1360
1353,1349
1366,1382
1354,1360
1343,1378
1357,1375
1356,1369
1352,1376
1378,1390
1355,1357
1354,1368
1361,1377
1351,1381
1368,1365
1380,1378
1381,1378
1371,1384
1365,1388
1372,1391
1354,1384
1383,1382
1367,1392
1353,1405
1369,1406
1377,1387
1374,1382
1364,1389
1384,1390
1362,1394
1346,1390
1380,1390
1412,1390
1370,1401
1384,1420
1370,1421
1382,1419
1395,1397
1382,1409
1382,1413
1392,1427
1387,1395
1405,1425
1400,1424
1387,1405
1399,1412
1409,1417
1416,1413
1414,1412
1395,1430
1394,1403
1405,1421
1406,1410
1431,1412
1414,1416
1418,1413
1428,1415
1427,1432
1437,1444
1399,1432
1415,1428
1406,1422
1411,1413
1440,1433
1423,1433
1435,1445
1428,1429
1445,1436
1430,1442
1425,1440
1457,1451
1438,1449
1438,1433
1428,1440
1438,1442
1432,1447
1420,1441
1434,1448
1427,1445
1430,1451
1448,1455
1451,1442
1439,1442
1437,1445
1452,1451
1429,1441
1439,1437
1471,1454
1461,1448
1445,1432
1438,1453
1456,1437
1471,1435
1454,1454
1448,1448
1461,1455
1459,1442
1450,1459
1445,1468
1457,1455
1447,1447
1473,1452
1459,1428
1464,1444
1465,1455
1453,1461
1460,1446
1458,1469
1456,1453
1454,1444
1446,1460
1461,1451
1463,1430
1468,1466
1455,1455
1454,1444
1437,1454
1456,1444
1469,1455
1441,1444
1453,1437
1472,1453
1486,1453
1447,1450
1461,1458
1464,1460
1448,1438
1468,1455
1457,1451
1443,1454
1450,1446
1466,1440
1444,1451
1467,1428
1455,1429
1445,1418
1445,1442
1443,1441
1469,1432
1447,1420
1446,1433
1450,1427
1438,1439
1465,1425
1448,1418
1453,1413
1437,1427
1448,1416
1440,1438
1450,1419
1434,1424
1449,1435
1427,1425
1443,1433
1452,1428
1428,1426
1445,1409
1439,1420
1416,1413
1443,1429
1418,1414
1447,1412
1426,1401
1442,1415
1419,1411
1411,1415
1424,1415
1427,1404
1429,1415
1409,1410
1429,1392
1430,1407
1420,1390
1406,1399
1422,1399
1451,1391
1414,1389
1400,1390
1402,1414
1405,1406
1399,1399
1390,1390
1397,1387
1404,1391
1390,1365
1414,1385
1407,1391
