ch1,ch2
1488,1546
1447,1516
1518,1543
1547,1553
1532,1553
1516,1602
1529,1582
1575,1595
1561,1542
1565,1618
1492,1579
1552,1583
1591,1634
1579,1594
1641,1612
1574,1548
1565,1589
1567,1620
1583,1620
1593,1610
1573,1541
1646,1593
1647,1658
1597,1603
1632,1607
1636,1568
1648,1615
1531,1633
1590,1618
1605,1562
1664,1638
1596,1606
1582,1582
1651,1611
1631,1617
1602,1626
1610,1576
1623,1597
1704,1604
1705,1586
1651,1529
1642,1597
1644,1540
1584,1595
1592,1577
1634,1561
1638,1594
1544,1546
1684,1605
1614,1497
1625,1585
1604,1611
1639,1566
1613,1571
1520,1552
1563,1507
1586,1561
1522,1486
1496,1443
1571,1441
1583,1566
1405,1437
1605,1628
1578,1477
1534,1550
1549,1562
1428,1476
1611,1588
1458,1392
1334,1322
1463,1380
1363,1399
1452,1432
1533,1459
1474,1435
1471,1411
1546,1478
1444,1427
1647,1597
1507,1481
1564,1482
1387,1365
1404,1396
1378,1383
1457,1413
1439,1443
1391,1384
1385,1410
1513,1476
1482,1451
1430,1406
1353,1397
1380,1421
1520,1421
1382,1417
1391,1410
1397,1357
1404,1367
1322,1424
1352,1445
1350,1397
1462,1488
1350,1431
1329,1389
1273,1377
1447,1441
1363,1393
1366,1423
1479,1442
1440,1492
1290,1436
1388,1451
1369,1371
1411,1399
1321,1427
1396,1387
1388,1390
1421,1403
1422,1460
1423,1463
1341,1455
1461,1499
1408,1479
1508,1485
1333,1398
1436,1504
1385,1425
1407,1383
1429,1452
1336,1389
1532,1614
1447,1460
1577,1589
1409,1474
1599,1687
1614,1644
1478,1485
1542,1562
1504,1507
1565,1530
1499,1559
1394,1426
1348,1448
1481,1563
1609,1607
1504,1578
1464,1493
1615,1630
1447,1482
1593,1574
1510,1577
1697,1633
1686,1586
1554,1548
1582,1590
1586,1609
1598,1587
1518,1525
1518,1512
1586,1627
1430,1448
1597,1634
1683,1608
1586,1602
1633,1535
1505,1433
1634,1611
1615,1588
1422,1411
1616,1597
1608,1597
1642,1618
1605,1557
1642,1646
1581,1565
1490,1512
1600,1562
1503,1480
1583,1577
1656,1600
1479,1454
1509,1540
1587,1579
1619,1602
1336,1425
1340,1449
1336,1389
1396,1374
1452,1430
1560,1553
1356,1389
1488,1493
1406,1392
1621,1503
1398,1403
1438,1431
1343,1430
1577,1638
1343,1434
1427,1369
1520,1435
1372,1419
1365,1372
1627,1568
1408,1413
1500,1581
1528,1506
1612,1568
1460,1463
1406,1399
1459,1456
1374,1418
1333,1420
1653,1549
1414,1443
1345,1411
1475,1545
1348,1415
1661,1574
1366,1381
1358,1417
1341,1406
1391,1329
1479,1555
1401,1393
1519,1470
1319,1366
1414,1403
1372,1424
1380,1420
1351,1356
1472,1471
1332,1388
1353,1406
1421,1349
1306,1399
1491,1501
1364,1396
1384,1426
1546,1516
1392,1420
1435,1442
1320,1405
1391,1376
1509,1467
1359,1402
1605,1602
1638,1569
1454,1438
1351,1405
1472,1528
1585,1627
1336,1414
1510,1637
1354,1428
1343,1409
1506,1501
1541,1587
1527,1593
1326,1416
1451,1467
1343,1318
1687,1649
1282,1446
1669,1625
1468,1598
1470,1482
1653,1607
1298,1372
1631,1578
1576,1596
1630,1654
1551,1601
1555,1565
1666,1625
1353,1348
1450,1502
1474,1453
1653,1612
1415,1386
1334,1462
1606,1576
1412,1464
1692,1565
1373,1385
1582,1578
1298,1407
1349,1440
1345,1476
1686,1679
1699,1612
1417,1420
1625,1597
1519,1471
1588,1492
1571,1591
1587,1508
1346,1380
1390,1425
1607,1597
1634,1593
1570,1567
1335,1451
1392,1356
1468,1433
1621,1599
1380,1480
1305,1398
1596,1578
1698,1559
1331,1306
1604,1580
1518,1444
1417,1470
1608,1598
1543,1453
1407,1440
1637,1574
1473,1555
1385,1403
1547,1515
1608,1534
1414,1394
1521,1518
1602,1592
1455,1488
1602,1562
1478,1500
1573,1603
1374,1314
1438,1414
1535,1620
1411,1357
1412,1353
1628,1623
1578,1630
1488,1556
1381,1456
1641,1648
1379,1433
1521,1466
1496,1475
1308,1339
1383,1422
1668,1624
1432,1486
1348,1401
1433,1401
1506,1464
1452,1341
1475,1456
1662,1592
1570,1481
1616,1622
1375,1415
1306,1407
1633,1568
1301,1370
1660,1617
1441,1436
1550,1483
1436,1413
1620,1570
1553,1542
1284,1425
1616,1551
1358,1364
1382,1416
1453,1474
1548,1616
1601,1614
1307,1422
1656,1636
1684,1588
1521,1497
1321,1437
1641,1536
1502,1550
1485,1609
1556,1500
1613,1563
1543,1555
1334,1445
1615,1549
1578,1513
1439,1412
1398,1430
1314,1343
1297,1394
1355,1419
1613,1610
1524,1527
1408,1372
1354,1436
1622,1596
1635,1628
1329,1378
1453,1431
1576,1586
1677,1566
1361,1458
1324,1381
1459,1440
1331,1428
1489,1476
1289,1372
1672,1656
1551,1512
1316,1403
1604,1548
1369,1418
1549,1579
1665,1607
1707,1613
1362,1391
1462,1479
1644,1574
1591,1584
1427,1534
1631,1564
1366,1424
1344,1404
1656,1598
1620,1616
1388,1439
1672,1634
1503,1487
1411,1481
1400,1348
1651,1591
1570,1562
1614,1618
1637,1610
1628,1612
1316,1375
1346,1449
1556,1573
1483,1511
1357,1397
1565,1553
1410,1338
1488,1476
1435,1384
1310,1476
1309,1334
1633,1577
1505,1476
1513,1591
1566,1581
1559,1563
1547,1537
1353,1337
1607,1611
1400,1492
1678,1592
1412,1391
1390,1422
1586,1645
1658,1595
1475,1503
1500,1625
1482,1564
1453,1441
1630,1631
1502,1579
1624,1626
1579,1480
1579,1651
1498,1398
1516,1509
1491,1543
1526,1576
1555,1570
1571,1533
1315,1409
1416,1491
1543,1523
1556,1448
1367,1437
1607,1516
1349,1411
1427,1529
1373,1330
1643,1578
1653,1611
1540,1442
1399,1411
1602,1639
1354,1407
1552,1514
1353,1379
1357,1346
1395,1469
1429,1437
1442,1421
1559,1498
1488,1482
1396,1376
1401,1409
1346,1403
1304,1365
1596,1549
1393,1335
1482,1470
1407,1525
1420,1438
1643,1568
1367,1429
1366,1483
1604,1611
1464,1435
1374,1317
1388,1352
1450,1452
1587,1601
1629,1613
1634,1626
1501,1442
1564,1570
1342,1313
1627,1601
1665,1611
1352,1379
1669,1615
1469,1561
1403,1389
1671,1610
1433,1417
1449,1531
1548,1506
1464,1469
1362,1387
1338,1334
1552,1566
1569,1473
1613,1508
1632,1564
1338,1369
1599,1571
1444,1350
1634,1580
1599,1507
1331,1379
1437,1401
1582,1655
1346,1422
1354,1339
1619,1639
1320,1429
1458,1393
1613,1604
1290,1412
1381,1477
1384,1378
1361,1384
1582,1498
1440,1384
1613,1645
1502,1441
1387,1407
1620,1630
1422,1433
1460,1436
1538,1501
1595,1609
1689,1611
1460,1479
1477,1487
1606,1565
1640,1622
1286,1357
1648,1637
1387,1358
1647,1623
1520,1538
1372,1490
1377,1412
1437,1459
1375,1376
1550,1473
1531,1609
1534,1509
1631,1586
1515,1542
1676,1657
1631,1549
1680,1612
1608,1601
1679,1590
1453,1416
1367,1389
1407,1372
1404,1462
1653,1618
1347,1365
1363,1452
1542,1545
1353,1419
1443,1439
1661,1645
1321,1411
1680,1574
1609,1643
1352,1402
1301,1381
1277,1366
1375,1410
1356,1348
1386,1414
1643,1638
1572,1658
1573,1556
1520,1556
1606,1628
1347,1382
1434,1390
1352,1419
1633,1554
1583,1553
1615,1616
1395,1336
1382,1374
1456,1446
1650,1567
1390,1480
1569,1513
1555,1640
1566,1487
1442,1386
1485,1431
1443,1500
1671,1611
1576,1514
1497,1575
1481,1475
1337,1352
1567,1567
1446,1442
1522,1542
1472,1475
1542,1505
1644,1636
1365,1427
1510,1556
1522,1458
1416,1403
1623,1601
1644,1525
1475,1528
1410,1480
1400,1470
1359,1413
1471,1469
1503,1498
1655,1653
1615,1587
1667,1612
1702,1624
1594,1579
1491,1462
1720,1648
1545,1498
1632,1621
1382,1412
1502,1510
1661,1659
1433,1350
1573,1616
1536,1519
1371,1362
1630,1578
1357,1397
1553,1555
1444,1430
1381,1376
1397,1384
1507,1518
1623,1603
1601,1536
1711,1556
1649,1687
1476,1434
1618,1553
1434,1511
1551,1557
1388,1361
1357,1310
1384,1394
1367,1419
1355,1343
1632,1605
1675,1629
1517,1597
1393,1451
1491,1425
1610,1619
1345,1363
1370,1426
1359,1386
1404,1394
1583,1564
1641,1642
1558,1467
1378,1366
1554,1554
1643,1646
1322,1394
1605,1610
1329,1426
1608,1521
1350,1401
1434,1432
1564,1588
1665,1591
1348,1379
1626,1512
1370,1425
1373,1388
1663,1587
1618,1630
1370,1385
1671,1661
1471,1495
1589,1558
1479,1526
1599,1622
1638,1672
1655,1603
1514,1547
1328,1352
1347,1521
1365,1375
1406,1448
1657,1620
1669,1674
1470,1517
1342,1277
1652,1616
1336,1464
1436,1431
1670,1639
1349,1367
1424,1353
1656,1606
1629,1584
1434,1491
1505,1461
1633,1598
1380,1411
1436,1381
1640,1605
1357,1387
1412,1422
1387,1462
1281,1391
1276,1388
1660,1628
1446,1399
1463,1442
1568,1667
1597,1513
1460,1481
1295,1365
1362,1411
1740,1619
1644,1593
1473,1463
1444,1451
1480,1473
1529,1536
1617,1573
1659,1600
1419,1494
1670,1651
1278,1426
1558,1528
1593,1566
1347,1414
1374,1351
1235,1403
1342,1435
1599,1527
1324,1330
1538,1601
1577,1430
1565,1653
1594,1579
1607,1602
1605,1543
1516,1532
1430,1342
1392,1372
1653,1590
1660,1644
1423,1474
1435,1415
1414,1487
1553,1463
1655,1574
1318,1424
1395,1370
1723,1592
1316,1399
1583,1578
1645,1627
1381,1447
1605,1615
1483,1578
1431,1525
1405,1299
1350,1361
1562,1486
1557,1568
1412,1520
1447,1332
1622,1591
1622,1629
1343,1385
1358,1412
1372,1412
1644,1641
1444,1377
1353,1329
1647,1642
1284,1393
1585,1615
1453,1447
1311,1389
1372,1436
1747,1580
1618,1576
1438,1402
1350,1349
1385,1438
1433,1526
1577,1492
1626,1588
1505,1565
1443,1433
1428,1406
1319,1393
1350,1463
1543,1507
1434,1396
1675,1603
1372,1357
1266,1375
1366,1423
1384,1420
1670,1631
1330,1367
1544,1548
1599,1625
1510,1417
1679,1701
1441,1488
1321,1429
1583,1623
1401,1432
1638,1617
1611,1643
1352,1367
1467,1416
1386,1466
1672,1634
1396,1444
1486,1435
1395,1421
1637,1663
1333,1366
1723,1597
1408,1484
1566,1504
1349,1402
1668,1614
1635,1546
1584,1512
1342,1393
1425,1448
1391,1342
1671,1623
1497,1496
1448,1404
1689,1588
1390,1401
1596,1550
1700,1636
1692,1633
1684,1627
1566,1479
1534,1556
1555,1439
1335,1398
1532,1532
1319,1370
1425,1480
1551,1473
1422,1463
1339,1355
1475,1486
1683,1548
1584,1605
1642,1630
1675,1591
1574,1650
1498,1564
1331,1389
1658,1639
1550,1489
1674,1645
1423,1536
1657,1602
1442,1499
1667,1638
1692,1586
1418,1487
1334,1359
1374,1366
1612,1570
1671,1633
1526,1439
1547,1471
1571,1491
1356,1376
1702,1559
1425,1423
1379,1441
1317,1430
1541,1563
1678,1620
1619,1587
1412,1403
1613,1573
1380,1449
1509,1538
1606,1558
1574,1448
1309,1341
1362,1503
1569,1529
1417,1437
1531,1372
1704,1567
1684,1632
1434,1475
1411,1364
1378,1383
1433,1468
1362,1421
1330,1377
1648,1627
1558,1580
1353,1429
1685,1622
1610,1571
1592,1661
1362,1341
1585,1567
1561,1500
1645,1630
1713,1637
1466,1373
1623,1572
1663,1635
1382,1391
1408,1421
1501,1455
1405,1452
1391,1435
1445,1588
1413,1379
1485,1512
1521,1486
1606,1609
1353,1397
1691,1642
1406,1405
1622,1589
1578,1614
1350,1386
1304,1493
1629,1597
1693,1590
1421,1500
1453,1509
1323,1387
1369,1394
1694,1640
1302,1437
1561,1601
1624,1578
1594,1502
1531,1470
1672,1590
1644,1605
1389,1435
1309,1392
1685,1587
1707,1589
1410,1355
1380,1383
1479,1426
1388,1421
1543,1468
1656,1609
1521,1449
1527,1519
1712,1640
1527,1635
1627,1595
1517,1474
1660,1665
1368,1331
1333,1380
1536,1552
1502,1523
1602,1619
1571,1593
1295,1416
1396,1349
1359,1415
1704,1625
1625,1530
1651,1593
1605,1554
1477,1571
1450,1401
1597,1611
1621,1564
1649,1570
1404,1315
1668,1584
1452,1419
1371,1411
1566,1515
1441,1499
1437,1455
1611,1605
1718,1682
1319,1362
1383,1398
1439,1534
1678,1635
1456,1375
1588,1536
1581,1525
1633,1575
1580,1645
1592,1544
1637,1645
1615,1583
1449,1467
1739,1676
1482,1577
1538,1531
1698,1621
1515,1484
1647,1606
1589,1467
1374,1407
1688,1582
1533,1549
1458,1556
1442,1427
1714,1548
1421,1430
1660,1635
1320,1373
1595,1601
1618,1538
1353,1388
1354,1393
1439,1386
1652,1619
1334,1424
1632,1642
1492,1539
1437,1404
1710,1613
1471,1456
1576,1611
1549,1580
1535,1562
1339,1442
1464,1499
1406,1342
1565,1671
1359,1392
1329,1482
1518,1435
1559,1536
1467,1528
1532,1576
1653,1584
1606,1604
1460,1414
1649,1659
1655,1634
1469,1452
1427,1479
1624,1546
1418,1462
1339,1404
1541,1579
1496,1514
1477,1503
1509,1509
1577,1563
1649,1657
1451,1478
1403,1395
1602,1597
1597,1568
1591,1666
1633,1578
1525,1533
1564,1584
1510,1517
1286,1404
1377,1422
1598,1638
1453,1491
1382,1394
1367,1390
1311,1393
1391,1398
1394,1553
1351,1415
1524,1548
1318,1337
1521,1539
1552,1539
1623,1549
1358,1355
1457,1450
1614,1621
1409,1367
1682,1607
1604,1654
1382,1461
1626,1602
1371,1488
1684,1634
1686,1631
1417,1453
1571,1629
1642,1538
1571,1568
1424,1342
1338,1376
1577,1512
1542,1574
1425,1472
1605,1573
1385,1372
1527,1455
1596,1607
1301,1426
1474,1573
1597,1635
1614,1586
1399,1448
1545,1490
1460,1437
1626,1539
1503,1534
1428,1424
1674,1628
1426,1469
1389,1360
1605,1599
1488,1427
1538,1437
1354,1340
1392,1337
1641,1558
1490,1426
1445,1345
1644,1597
1350,1395
1403,1519
1487,1341
1401,1390
1621,1599
1454,1465
1373,1377
1423,1518
1481,1482
1286,1399
1640,1624
1557,1529
1382,1438
1575,1595
1678,1636
1331,1382
1472,1487
1625,1567
1563,1629
1597,1644
1615,1669
1308,1384
1360,1364
1407,1389
1467,1407
1687,1557
1609,1670
1521,1529
1286,1398
1582,1594
1631,1630
1415,1464
1280,1405
1507,1428
1489,1427
1412,1317
1476,1500
1377,1382
1644,1549
1584,1636
1363,1360
1335,1374
1334,1351
1563,1501
1374,1485
1442,1462
1506,1547
1462,1514
1362,1386
1551,1518
1551,1538
1616,1489
1537,1532
1608,1565
1683,1584
1680,1602
1657,1588
1483,1446
1375,1452
1514,1538
1413,1350
1379,1419
1387,1399
1354,1421
1673,1587
1472,1437
1379,1359
1562,1527
1316,1378
1535,1555
1582,1533
1681,1566
1551,1524
1469,1441
1298,1384
1452,1538
1415,1374
1530,1477
1523,1567
1520,1389
1420,1429
1385,1467
1300,1456
1344,1465
1346,1416
1563,1499
1445,1472
1336,1379
1598,1603
1434,1436
1356,1347
1568,1627
1451,1482
1533,1550
1576,1569
1508,1494
1510,1542
1364,1388
1656,1631
1489,1425
1551,1562
1544,1597
1554,1616
1641,1631
1673,1608
1368,1431
1385,1425
1331,1401
1429,1496
1334,1360
1630,1658
1532,1614
1653,1674
1484,1520
1365,1362
1403,1333
1601,1631
1504,1548
1323,1399
1508,1534
1643,1597
1354,1344
1609,1641
1338,1377
1449,1505
1470,1483
1391,1382
1358,1325
1366,1379
1437,1472
1565,1457
1526,1600
1401,1361
1320,1391
1393,1419
1649,1644
1334,1418
1584,1620
1441,1404
1461,1538
1686,1646
1690,1604
1460,1409
1682,1597
1419,1348
1600,1563
1619,1631
1707,1601
1579,1576
1679,1628
1433,1510
1400,1373
1540,1509
1484,1487
1507,1535
1373,1373
1420,1411
1717,1602
1533,1487
1393,1412
1678,1616
1415,1435
1585,1574
1625,1572
1342,1322
1332,1388
1380,1384
1629,1607
1359,1428
1443,1462
1359,1399
1614,1621
1569,1470
1500,1438
1402,1377
1430,1353
1462,1487
1469,1518
1541,1563
1530,1514
1629,1591
1403,1459
1645,1641
1500,1538
1351,1357
1648,1598
1641,1570
1476,1537
1577,1524
1451,1485
1552,1536
1422,1439
1615,1645
1501,1457
1424,1341
1492,1499
1409,1350
1649,1515
1367,1291
1495,1506
1344,1449
1595,1645
1410,1431
1476,1561
1307,1376
1537,1500
1436,1449
1297,1339
1539,1537
1424,1452
1453,1474
1497,1518
1499,1441
1620,1637
1280,1393
1349,1455
1619,1569
1618,1613
1464,1389
1383,1432
1604,1550
1632,1582
1400,1400
1433,1482
1336,1397
1324,1371
1456,1585
1343,1435
1619,1593
1417,1350
1371,1375
1493,1557
1349,1410
1385,1360
1557,1621
1335,1361
1385,1455
1484,1433
1354,1419
1635,1621
1516,1426
1292,1414
1432,1453
1405,1458
1612,1550
1664,1653
1682,1631
1365,1375
1619,1619
1638,1640
1327,1438
1525,1527
1367,1488
1481,1599
1414,1410
1401,1379
1673,1580
1609,1601
1321,1330
1325,1390
1571,1585
1491,1498
1332,1383
1394,1509
1522,1566
1589,1628
1406,1455
1543,1555
1521,1403
1636,1637
1395,1425
1367,1403
1401,1410
1533,1555
1377,1412
1530,1547
1424,1375
1426,1411
1633,1605
1604,1532
1395,1395
1425,1430
1367,1372
1638,1532
1505,1440
1628,1593
1409,1372
1602,1614
1395,1366
1357,1384
1347,1372
1456,1426
1382,1504
1404,1455
1447,1436
1546,1575
1372,1360
1461,1365
1407,1352
1693,1595
1639,1610
1364,1404
1540,1506
1398,1422
1358,1385
1377,1368
1601,1618
1326,1541
1365,1434
1364,1378
1380,1341
1463,1402
1546,1431
1542,1455
1548,1507
1611,1515
1611,1606
1378,1344
1414,1357
1628,1587
1339,1375
1358,1401
1668,1567
1442,1426
1625,1552
1476,1499
1671,1697
1383,1356
1416,1477
1690,1592
1558,1602
1393,1362
1452,1402
1415,1418
1641,1619
1662,1546
1520,1475
1404,1337
1654,1590
1609,1604
1496,1521
1292,1368
1301,1354
1394,1422
1320,1372
1646,1574
1588,1580
1438,1441
1352,1442
1320,1419
1539,1498
1655,1583
1546,1611
1422,1565
1369,1374
1379,1429
1516,1575
1650,1601
1467,1456
1348,1368
1483,1540
1371,1394
1433,1377
1561,1593
1507,1607
1473,1436
1357,1427
1513,1550
1414,1431
1565,1585
1312,1389
1373,1373
1630,1635
1526,1545
1396,1431
1574,1547
1582,1639
1513,1570
1634,1644
1686,1609
1332,1371
1665,1622
1440,1525
1437,1470
1670,1590
1440,1480
1371,1432
1658,1606
1387,1398
1414,1496
1529,1516
1547,1553
1498,1510
1276,1346
1461,1424
1566,1645
1488,1523
1487,1458
1463,1428
1379,1347
1572,1543
1669,1568
1428,1459
1533,1596
1632,1544
1381,1388
1314,1385
1357,1435
1563,1577
1547,1572
1425,1488
1474,1431
1446,1408
1595,1579
1485,1525
1630,1581
1350,1386
1580,1603
1471,1498
1590,1644
1445,1459
1504,1487
1514,1484
1415,1448
1446,1490
1691,1641
1499,1514
1642,1553
1661,1590
1360,1381
1657,1649
1580,1549
1679,1560
1283,1366
1547,1504
1541,1611
1594,1507
1565,1430
1430,1430
1451,1513
1538,1609
1705,1582
1384,1462
1480,1521
1438,1481
1619,1591
1661,1599
1688,1609
1470,1483
1677,1571
1369,1412
1461,1492
1540,1464
1642,1618
1570,1622
1641,1588
1512,1506
1378,1346
1344,1441
1638,1636
1464,1412
1455,1443
1436,1410
1614,1603
1636,1574
1689,1644
1481,1491
1617,1500
1461,1533
1678,1615
1644,1637
1645,1626
1652,1583
1565,1681
1665,1624
1619,1545
1654,1543
1482,1467
1324,1366
1492,1453
1357,1423
1461,1561
1579,1553
1612,1602
1451,1506
1554,1595
1532,1511
1643,1629
1422,1409
1651,1587
1421,1399
1363,1418
1652,1572
1590,1521
1505,1539
1441,1498
1480,1596
1434,1420
1657,1616
1370,1368
1395,1426
1602,1558
1384,1429
1707,1713
1516,1498
1643,1570
1450,1511
1433,1369
1658,1635
1401,1349
1613,1583
1381,1420
1389,1418
1659,1565
1553,1553
1672,1573
1336,1359
1422,1477
1645,1619
1388,1374
1398,1443
1620,1578
1423,1468
1530,1502
1445,1443
1351,1431
1470,1427
1686,1635
1451,1462
1363,1371
1579,1612
1658,1610
1673,1573
1483,1560
1477,1439
1535,1548
1361,1376
1580,1512
1316,1360
1422,1394
1677,1641
1583,1633
1594,1591
1682,1625
1376,1377
1490,1541
1424,1402
1643,1619
1689,1614
1306,1356
1565,1635
1579,1515
1478,1556
1332,1357
1310,1387
1544,1586
1418,1483
1585,1533
1440,1445
1464,1489
1633,1545
1499,1418
1439,1509
1629,1560
1556,1661
1418,1452
1563,1530
1508,1553
1348,1359
1492,1438
1627,1627
1477,1473
1450,1375
1684,1626
1393,1399
1679,1621
1526,1525
1418,1440
1351,1435
1460,1375
1530,1563
1690,1659
1604,1544
1690,1666
1544,1471
1674,1594
1388,1478
1407,1416
1331,1420
1626,1604
1603,1541
1551,1533
1577,1600
1368,1455
1578,1545
1474,1444
1395,1371
1402,1460
1655,1603
1495,1590
1477,1502
1366,1389
1636,1633
1606,1593
1396,1367
1408,1361
1535,1582
1606,1545
1572,1509
1349,1365
1615,1611
1665,1621
1366,1407
1459,1498
1620,1617
1518,1520
1454,1557
1564,1612
1541,1592
1673,1571
1636,1626
1391,1473
1512,1477
1428,1405
1399,1503
1425,1392
1446,1467
1574,1582
1586,1593
1331,1396
1437,1554
1605,1550
1475,1451
1620,1639
1371,1461
1547,1484
1482,1554
1316,1318
1452,1423
1713,1629
1303,1426
1501,1480
1565,1656
1687,1607
1389,1405
1370,1385
1609,1622
1621,1621
1342,1354
1586,1558
1285,1418
1652,1622
1600,1500
1592,1615
1407,1415
1472,1502
1368,1382
1627,1547
1446,1450
1522,1589
1454,1417
1436,1467
1604,1645
1427,1492
1534,1561
1326,1395
1490,1448
1653,1603
1368,1360
1474,1488
1531,1545
1391,1347
1562,1499
1473,1557
1423,1383
1609,1609
1577,1575
1497,1571
1496,1457
1513,1517
1630,1642
1292,1334
1585,1566
1434,1469
1428,1479
1630,1536
1635,1583
1643,1554
1350,1343
1664,1607
1573,1485
1375,1373
1598,1574
1616,1488
1398,1399
1357,1378
1639,1541
1368,1494
1525,1503
1359,1389
1577,1555
1635,1629
1476,1408
1317,1414
1382,1393
1522,1638
1650,1591
1361,1403
1549,1519
1526,1375
1370,1403
1382,1369
1589,1574
1372,1375
1515,1487
1601,1610
1547,1559
1541,1592
1321,1388
1572,1498
1444,1411
1545,1499
1328,1405
1370,1375
1366,1411
1424,1533
1434,1473
1331,1379
1435,1423
1625,1620
1410,1456
1541,1582
1467,1507
1405,1453
1480,1494
1524,1534
1438,1506
1350,1355
1656,1604
1498,1449
1494,1499
1506,1594
1410,1438
1568,1598
1577,1618
1387,1435
1323,1414
1330,1411
1379,1384
1503,1586
1575,1569
1355,1452
1489,1477
1342,1372
1608,1617
1636,1657
1460,1457
1491,1521
1474,1484
1372,1493
1653,1612
1352,1414
1549,1547
1407,1445
1513,1545
1626,1614
1613,1616
1709,1611
1426,1415
1610,1577
1346,1330
1450,1412
1430,1424
1421,1440
1592,1578
1510,1550
1423,1411
1509,1480
1443,1454
1580,1620
1421,1444
1650,1632
1643,1585
1539,1582
1389,1435
1439,1435
1532,1572
1631,1589
1506,1563
1660,1625
1584,1550
1565,1572
1631,1621
1618,1623
1678,1636
1542,1582
1630,1589
1647,1589
1430,1429
1292,1382
1666,1629
1386,1503
1359,1366
1463,1502
1547,1535
1359,1401
1361,1430
1671,1633
1280,1419
1413,1423
1599,1594
1634,1571
1408,1473
1431,1383
1416,1386
1584,1623
1399,1451
1447,1460
1642,1602
1605,1569
1486,1590
1588,1618
1598,1609
1497,1495
1540,1587
1651,1656
1597,1557
1458,1449
1602,1616
1641,1591
1589,1592
1524,1467
1506,1568
1534,1481
1598,1559
1505,1546
1446,1484
1417,1458
1544,1544
1309,1431
1658,1649
1444,1483
1589,1549
1539,1587
1419,1414
1306,1366
1632,1610
1438,1443
1378,1391
1658,1624
1444,1420
1387,1348
1627,1590
1415,1421
1600,1607
1551,1413
1671,1606
1599,1571
1591,1621
1433,1405
1406,1436
1306,1385
1411,1469
1456,1462
1653,1565
1349,1404
1397,1430
1546,1560
1514,1551
1603,1523
1670,1614
1400,1433
1664,1604
1401,1395
1479,1508
1549,1562
1622,1603
1568,1612
1527,1481
1462,1442
1532,1552
1588,1591
1405,1349
1493,1445
1478,1508
1443,1554
1641,1529
1555,1458
1398,1434
1348,1418
1712,1551
1465,1399
1374,1377
1466,1380
1676,1579
1607,1615
1574,1516
1581,1603
1486,1427
1675,1597
1607,1577
1353,1416
1621,1569
1562,1541
1431,1409
1338,1406
1548,1489
1575,1571
1579,1609
1480,1537
1462,1406
1423,1497
1556,1487
1518,1608
1341,1405
1651,1577
1521,1434
1665,1585
1507,1485
1483,1479
1511,1567
1624,1640
1641,1574
1686,1603
1580,1577
1626,1595
1483,1493
1325,1385
1597,1525
1448,1519
1564,1573
1468,1487
1370,1399
1594,1624
1595,1498
1572,1575
1552,1562
1554,1424
1428,1518
1654,1622
1427,1472
1602,1500
1414,1459
1595,1557
1554,1574
1545,1564
1463,1417
1534,1454
1506,1499
1507,1578
1605,1640
1327,1440
1687,1614
1325,1399
1655,1606
1384,1431
1667,1587
1450,1478
1685,1566
1529,1504
1439,1558
1533,1500
1657,1570
1691,1619
1510,1510
1618,1617
1523,1585
1468,1437
1541,1506
1386,1399
1437,1410
1601,1620
1554,1557
1543,1478
1428,1364
1645,1530
1639,1574
1552,1505
1447,1510
1608,1571
1364,1362
1519,1540
1371,1423
1448,1404
1362,1464
1544,1547
1299,1436
1412,1419
1356,1359
1606,1582
1557,1567
1569,1566
1682,1622
1372,1381
1382,1401
1359,1427
1659,1624
1353,1374
1535,1560
1550,1550
1481,1526
1570,1535
1448,1387
1346,1424
1532,1556
1572,1497
1248,1413
1402,1415
1635,1606
1467,1558
1505,1576
1408,1401
1640,1597
1432,1418
1494,1482
1455,1425
1493,1405
1417,1524
1605,1603
1583,1515
1467,1486
1576,1634
1393,1353
1557,1580
1360,1466
1347,1430
1460,1528
1559,1574
1626,1590
1291,1360
1373,1394
1518,1570
1386,1400
1484,1507
1611,1629
1647,1549
1569,1547
1631,1625
1433,1450
1626,1553
1419,1432
1538,1426
1468,1479
1585,1565
1578,1586
1323,1382
1608,1584
1544,1505
1616,1643
1644,1602
1335,1350
1590,1549
1497,1525
1540,1505
1273,1421
1414,1450
1392,1348
1337,1449
1414,1465
1540,1484
1602,1521
1581,1480
1546,1478
1411,1318
1321,1383
1427,1489
1528,1579
1359,1456
1465,1444
1377,1423
1609,1549
1348,1417
1616,1584
1586,1554
1375,1513
1595,1538
1407,1392
1413,1485
1629,1602
1584,1632
1486,1451
1328,1365
1404,1336
1448,1520
1658,1590
1658,1556
1419,1466
1423,1542
1655,1554
1571,1626
1406,1356
1550,1502
1592,1589
1360,1388
1622,1605
1330,1361
1655,1583
1621,1627
1414,1430
1671,1603
1552,1533
1422,1413
1421,1437
1348,1379
1359,1372
1637,1641
1610,1606
1506,1521
1540,1549
1379,1419
1475,1539
1558,1547
1353,1365
1587,1562
1627,1556
1312,1408
1455,1441
1476,1412
1354,1440
1633,1573
1394,1384
1598,1573
1381,1358
1373,1426
1364,1408
1602,1602
1565,1496
1555,1486
1422,1435
1518,1546
1341,1470
1424,1454
1591,1497
1602,1524
1378,1458
1656,1572
1548,1541
1494,1506
1606,1569
1632,1527
1586,1528
1470,1518
1414,1454
1402,1387
1450,1426
1601,1566
1434,1391
1425,1412
1397,1387
1453,1379
1609,1570
1385,1447
1506,1546
1457,1497
1368,1386
1494,1518
1592,1493
1579,1506
1562,1603
1540,1518
1510,1474
1509,1449
1399,1434
1429,1448
1445,1543
1574,1510
1361,1365
1344,1436
1533,1575
1510,1494
1598,1516
1391,1389
1460,1452
1593,1635
1617,1586
1463,1438
1542,1551
1343,1413
1659,1624
1599,1598
1684,1602
1421,1369
1392,1370
1653,1625
1336,1419
1475,1515
1508,1508
1577,1643
1510,1475
1605,1565
1667,1631
1496,1559
1393,1430
1464,1452
1634,1586
1669,1615
1484,1505
1389,1435
1378,1372
1359,1501
1556,1570
1423,1389
1384,1393
1458,1440
1465,1454
1491,1550
1536,1369
1496,1573
1381,1500
1416,1389
1635,1531
1564,1582
1422,1431
1631,1606
1509,1467
1268,1477
1348,1448
1543,1531
1446,1496
1615,1580
1350,1440
1466,1542
1520,1481
1652,1609
1523,1473
1531,1494
1542,1467
1591,1604
1682,1591
1637,1580
1454,1384
1454,1426
1534,1510
1641,1616
1518,1462
1547,1550
1399,1376
1392,1425
1388,1420
1553,1575
1479,1547
1429,1447
1393,1362
1417,1399
1349,1384
1583,1596
1547,1527
1526,1517
1409,1457
1396,1400
1514,1511
1438,1435
1498,1513
1468,1378
1387,1408
1382,1423
1566,1566
1599,1510
1432,1529
1680,1575
1566,1549
1600,1514
1501,1504
1651,1578
1481,1399
1414,1391
1547,1527
1583,1572
1628,1540
1623,1593
1451,1545
1384,1399
1643,1527
1451,1471
1538,1466
1438,1342
1676,1661
1596,1601
1606,1608
1431,1405
1371,1407
1499,1483
1547,1533
1396,1419
1423,1442
1543,1468
1626,1637
1419,1420
1572,1582
1366,1433
1397,1390
1594,1634
1518,1575
1369,1363
1447,1480
1410,1375
1618,1561
1466,1549
1397,1417
1387,1414
1607,1535
1407,1462
1363,1364
1422,1499
1428,1374
1497,1518
1606,1569
1527,1504
1594,1625
1407,1472
1383,1418
1588,1541
1575,1599
1561,1435
1422,1484
1502,1475
1572,1542
1342,1347
1577,1554
1431,1427
1639,1587
1441,1389
1419,1497
1412,1429
1577,1592
1502,1475
1430,1424
1471,1420
1568,1606
1396,1423
1623,1592
1380,1389
1605,1552
1400,1349
1375,1462
1469,1505
1380,1417
1373,1418
1445,1462
1494,1558
1402,1462
1551,1598
1467,1466
1495,1444
1481,1506
1570,1614
1513,1521
1346,1356
1443,1384
1442,1414
1364,1361
1586,1618
1398,1487
1421,1420
1513,1471
1459,1488
1583,1657
1643,1584
1431,1414
1380,1414
1371,1347
1521,1472
1532,1583
1551,1584
1398,1365
1591,1592
1537,1557
1373,1430
1554,1543
1652,1550
1456,1501
1364,1491
1393,1437
1585,1556
1467,1524
1595,1574
1585,1610
1548,1584
1459,1481
1624,1590
1493,1454
1338,1378
1505,1460
1524,1489
1369,1416
1542,1598
1639,1615
1456,1396
1553,1557
1350,1326
1599,1589
1388,1382
1570,1565
1550,1590
1461,1418
1446,1454
1378,1368
1501,1506
1564,1582
1638,1628
1518,1535
1621,1568
1457,1463
1573,1578
1468,1566
1429,1475
1580,1545
1396,1358
1641,1564
1562,1534
1620,1595
1431,1413
1576,1568
1606,1621
1485,1508
1521,1533
1330,1413
1412,1439
1545,1587
1377,1439
1413,1376
1504,1507
1357,1393
1609,1623
1321,1417
1562,1544
1589,1568
1497,1477
1490,1471
1356,1447
1621,1594
1403,1371
1555,1491
1377,1396
1630,1620
1399,1462
1639,1583
1559,1460
1558,1496
1362,1420
1513,1504
1480,1587
1490,1503
1596,1565
1424,1432
1628,1541
1460,1461
1370,1363
1475,1514
1575,1525
1622,1555
1485,1572
1539,1540
1550,1646
1641,1606
1404,1410
1417,1517
1511,1521
1594,1555
1392,1385
1619,1545
1575,1579
1660,1544
1381,1414
1651,1597
1535,1517
1468,1429
1403,1374
1443,1524
1596,1649
1431,1420
1524,1539
1505,1431
1656,1554
1510,1444
1365,1373
1501,1413
1592,1535
1537,1506
1582,1552
1607,1601
1428,1376
1562,1587
1422,1406
1423,1438
1443,1465
1487,1438
1412,1431
1427,1473
1547,1538
1495,1502
1585,1532
1649,1617
1396,1446
1656,1625
1480,1523
1355,1411
1620,1568
1395,1449
1578,1609
1405,1366
1667,1582
1422,1462
1471,1498
1590,1578
1549,1516
1500,1472
1581,1560
1371,1535
1484,1460
1329,1453
1637,1508
1642,1564
1514,1625
1561,1537
1609,1539
1450,1451
1574,1658
1396,1511
1453,1445
1535,1629
1308,1403
1388,1406
1613,1531
1524,1480
1627,1578
1435,1491
1594,1630
1377,1463
1625,1565
1456,1514
1510,1537
1346,1412
1411,1455
1578,1591
1568,1582
1332,1413
1583,1576
1447,1463
1640,1447
1352,1430
1579,1566
1429,1385
1512,1541
1401,1439
1406,1444
1623,1593
1402,1435
1516,1446
1557,1493
1450,1392
1534,1616
1538,1507
1376,1441
1429,1420
1612,1592
1581,1588
1394,1406
1649,1583
1594,1554
1337,1401
1645,1519
1545,1636
1385,1356
1490,1487
1485,1559
1422,1423
1635,1511
1546,1511
1542,1495
1572,1569
1479,1406
1371,1413
1406,1335
1413,1463
1413,1513
1650,1645
1550,1530
1670,1574
1369,1411
1375,1454
1574,1597
1629,1571
1480,1554
1370,1419
1609,1515
1593,1578
1638,1552
1583,1541
1379,1452
1583,1528
1566,1507
1588,1647
1556,1511
1545,1607
1579,1594
1474,1472
1351,1357
1347,1361
1484,1497
1514,1503
1477,1471
1338,1379
1688,1555
1440,1408
1416,1460
1370,1410
1443,1450
1571,1575
1668,1549
1657,1645
1679,1564
1571,1605
1564,1602
1504,1502
1579,1570
1373,1442
1411,1460
1536,1575
1323,1430
1485,1519
1374,1341
1369,1420
1419,1446
1395,1435
1571,1560
1570,1563
1600,1587
1364,1427
1402,1477
1578,1588
1533,1597
1411,1442
1446,1468
1431,1408
1380,1349
1545,1556
1601,1569
1586,1542
1614,1583
1611,1602
1557,1511
1623,1595
1353,1481
1598,1608
1363,1420
1304,1386
1444,1389
1514,1513
1445,1468
1495,1460
1615,1598
1585,1533
1452,1356
1594,1569
1467,1459
1659,1557
1633,1607
1584,1597
1619,1559
1493,1421
1400,1365
1638,1599
1545,1540
1557,1599
1434,1450
1404,1479
1412,1451
1614,1575
1394,1426
1414,1423
1525,1583
1652,1589
1388,1429
1520,1598
1432,1450
1512,1467
1419,1450
1362,1420
1407,1417
1380,1494
1389,1404
1576,1611
1480,1438
1396,1417
1400,1478
1629,1590
1420,1422
1594,1520
1667,1581
1473,1509
1566,1636
1364,1401
1485,1426
1451,1472
1393,1436
1401,1543
1415,1458
1451,1438
1600,1541
1525,1566
1533,1508
1530,1596
1533,1471
1559,1534
1522,1456
1353,1414
1604,1608
1452,1449
1358,1387
1418,1391
1494,1502
1339,1424
1378,1438
1562,1458
1348,1428
1607,1606
1557,1512
1503,1533
1597,1646
1510,1559
1602,1538
1612,1536
1564,1587
1631,1591
1509,1571
1570,1534
1580,1608
1391,1419
1413,1386
1460,1507
1470,1466
1523,1534
1405,1432
1605,1590
1615,1591
1613,1572
1614,1585
1532,1464
1456,1567
1589,1556
1423,1371
1453,1483
1542,1515
1468,1512
1524,1590
1370,1409
1591,1470
1592,1633
1447,1445
1605,1490
1483,1539
1350,1355
1429,1424
1384,1394
1543,1572
1655,1576
1362,1428
1570,1638
1366,1491
1583,1626
1543,1478
1592,1547
1540,1482
1499,1526
1605,1568
1641,1601
1426,1403
1512,1458
1431,1428
1474,1515
1375,1399
1395,1420
1669,1579
1552,1529
1392,1440
1498,1500
1476,1474
1526,1564
1682,1583
1586,1542
1403,1382
1648,1607
1468,1445
1462,1560
1523,1430
1422,1428
1380,1401
1401,1422
1494,1449
1612,1562
1512,1563
1597,1587
1469,1535
1578,1594
1596,1548
1480,1478
1508,1533
1599,1565
1384,1440
1443,1422
1358,1427
1370,1347
1395,1398
1576,1599
1531,1401
1498,1576
1480,1480
1379,1406
1491,1538
1593,1553
1611,1573
1362,1403
1484,1421
1346,1493
1592,1583
1488,1534
1400,1397
1533,1500
1502,1517
1582,1567
1543,1543
1394,1469
1640,1566
1469,1473
1593,1529
1507,1521
1455,1378
1488,1430
1442,1515
1610,1614
1595,1542
1419,1399
1433,1474
1526,1564
1540,1556
1419,1405
1579,1577
1388,1470
1594,1558
1554,1477
1473,1430
1545,1550
1352,1403
1428,1421
1574,1580
1540,1580
1447,1415
1380,1383
1604,1541
1441,1501
1411,1473
1383,1494
1521,1483
1452,1545
1448,1441
1463,1511
1459,1489
1600,1612
1634,1565
1407,1386
1394,1467
1436,1406
1624,1589
1612,1568
1394,1500
1586,1587
1443,1375
1476,1467
1387,1438
1505,1496
1436,1569
1535,1466
1534,1527
1411,1403
1650,1572
1558,1560
1647,1586
1449,1509
1408,1430
1442,1467
1604,1562
1560,1502
1534,1661
1438,1422
1495,1486
1566,1523
1421,1470
1334,1375
1399,1413
1536,1524
1390,1440
1411,1422
1627,1606
1616,1560
1596,1508
1468,1396
1630,1538
1426,1456
1360,1431
1531,1520
1467,1373
1591,1597
1587,1581
1614,1511
1499,1509
1410,1359
1549,1582
1411,1467
1549,1537
1420,1316
1552,1560
1467,1514
1414,1434
1371,1455
1531,1606
1513,1515
1504,1531
1573,1555
1550,1642
1444,1462
1609,1517
1501,1570
1572,1570
1449,1425
1328,1425
1476,1495
1531,1620
1325,1443
1453,1443
1402,1389
1424,1487
1366,1401
1421,1401
1407,1362
1588,1600
1424,1298
1451,1404
1539,1530
1594,1609
1563,1488
1511,1479
1421,1454
1457,1444
1591,1611
1367,1359
1484,1474
1419,1439
1486,1568
1435,1432
1590,1625
1514,1506
1338,1378
1524,1520
1505,1526
1407,1433
1586,1574
1592,1571
1517,1569
1477,1416
1552,1667
1511,1563
1493,1624
1573,1581
1595,1624
1410,1416
1598,1521
1476,1405
1476,1554
1555,1571
1502,1588
1356,1442
1529,1524
1526,1462
1609,1604
1415,1455
1568,1509
1511,1484
1494,1526
1573,1648
1565,1536
1581,1543
1420,1494
1442,1451
1409,1466
1548,1493
1444,1435
1539,1567
1571,1592
1456,1351
1575,1527
1447,1569
1551,1502
1461,1424
1612,1601
1483,1452
1356,1361
1503,1500
1443,1505
1519,1533
1627,1601
1512,1565
1638,1611
1413,1543
1500,1537
1380,1393
1432,1429
1322,1391
1470,1462
1377,1353
1638,1595
1543,1601
1395,1409
1539,1495
1430,1446
1484,1463
1609,1612
1449,1499
1305,1372
1549,1484
1386,1376
1453,1473
1633,1513
1580,1541
1534,1571
1676,1640
1507,1581
1504,1494
1538,1497
1388,1403
1540,1520
1588,1570
1609,1606
1445,1431
1636,1544
1577,1572
1520,1454
1481,1414
1580,1531
1575,1571
1620,1590
1353,1391
1460,1474
1580,1622
1604,1534
1424,1351
1408,1487
1601,1604
1554,1538
1574,1609
1380,1439
1549,1567
1591,1583
1436,1428
1454,1415
1453,1404
1447,1545
1613,1566
1625,1572
1635,1500
1476,1435
1550,1551
1558,1520
1641,1631
1371,1378
1595,1612
1593,1602
1579,1540
1529,1495
1463,1490
1583,1606
1519,1495
1599,1557
1387,1467
1527,1524
1519,1481
1555,1541
1567,1599
1489,1428
1561,1588
1590,1545
1518,1569
1646,1585
1620,1598
1547,1557
1615,1624
1388,1442
1491,1461
1460,1518
1461,1447
1493,1520
1435,1416
1568,1520
1395,1374
1632,1610
1674,1568
1313,1369
1570,1613
1663,1598
1426,1412
1581,1556
1595,1557
1552,1479
1407,1458
1517,1535
1585,1461
1404,1444
1368,1391
1476,1441
1559,1542
1413,1425
1445,1428
1499,1463
1616,1580
1398,1396
1596,1555
1522,1477
1527,1491
1366,1410
1410,1474
1577,1564
1337,1411
1494,1458
1510,1586
1503,1483
1398,1393
1598,1609
1381,1418
1478,1471
1444,1501
1395,1422
1428,1475
1396,1386
1546,1551
1636,1537
1487,1453
1389,1463
1415,1428
1582,1616
1435,1516
1603,1573
1395,1484
1670,1644
1448,1479
1653,1553
1459,1533
1510,1482
1611,1550
1395,1428
1497,1466
1585,1535
1515,1564
1499,1462
1429,1369
1574,1581
1568,1550
1580,1495
1518,1511
1540,1434
1634,1567
1492,1479
1591,1602
1592,1547
1597,1564
1467,1412
1337,1432
1374,1437
1488,1518
1497,1544
1442,1517
1360,1413
1574,1547
1547,1496
1442,1374
1454,1395
1612,1578
1348,1421
1499,1536
1408,1377
1622,1575
1597,1635
1559,1515
1535,1595
1425,1440
1400,1458
1623,1583
1344,1435
1563,1484
1584,1585
1518,1485
1459,1393
1676,1576
1583,1564
1456,1449
1619,1625
1598,1624
1385,1375
1402,1372
1385,1435
1591,1604
1614,1601
1468,1534
1508,1554
1374,1404
1495,1564
1599,1616
1658,1600
1519,1590
1366,1401
1428,1569
1561,1617
1577,1545
1666,1630
1557,1588
1470,1480
1341,1392
1543,1546
1527,1591
1560,1596
1602,1642
1602,1610
1432,1544
1585,1527
1419,1453
1407,1392
1432,1409
1585,1527
1573,1538
1471,1492
1611,1570
1594,1573
1566,1579
1367,1430
1635,1638
1500,1444
1517,1465
1596,1537
1679,1606
1466,1398
1494,1453
1584,1554
1446,1551
1621,1562
1563,1449
1408,1472
1401,1378
1592,1587
1546,1453
1452,1436
1391,1417
1568,1614
1520,1546
1574,1554
1370,1424
1658,1510
1325,1452
1436,1463
1595,1491
1380,1398
1286,1455
1364,1404
1474,1351
1557,1484
1683,1593
1345,1421
1606,1514
1557,1574
1554,1557
1675,1648
1388,1414
1422,1395
1552,1591
1502,1523
1590,1569
1560,1613
1408,1475
1391,1366
1420,1427
1593,1635
1426,1433
1346,1423
1601,1568
1585,1614
1561,1559
1563,1552
1328,1440
1398,1427
1603,1614
1579,1556
1497,1412
1594,1589
1352,1369
1575,1595
1577,1566
1434,1517
1584,1562
1337,1373
1607,1600
1490,1433
1625,1563
1375,1462
1408,1420
1483,1554
1654,1567
1597,1557
1450,1496
1428,1447
1645,1638
1519,1487
1585,1605
1691,1601
1552,1633
1568,1521
1498,1548
1621,1540
1312,1439
1422,1394
1590,1572
1502,1509
1372,1451
1463,1455
1471,1568
1385,1470
1657,1573
1616,1561
1493,1542
1470,1512
1480,1485
1574,1603
1424,1386
1555,1531
1602,1521
1470,1469
1363,1381
1623,1611
1512,1527
1325,1450
1446,1408
1363,1430
1486,1427
1349,1439
1503,1577
1416,1421
1449,1444
1599,1562
1571,1576
1379,1405
1645,1605
1568,1660
1537,1596
1628,1618
1527,1438
1567,1528
1620,1530
1392,1423
1365,1412
1506,1556
1584,1605
1520,1469
1588,1592
1572,1565
1364,1483
1619,1576
1584,1521
1493,1497
1609,1551
1536,1478
1521,1558
1621,1500
1497,1485
1421,1425
1479,1455
1405,1362
1462,1426
1537,1486
1534,1536
1409,1517
1466,1448
1627,1603
1488,1512
1651,1624
1682,1626
1522,1526
1395,1475
1540,1592
1488,1565
1405,1411
1501,1575
1550,1574
1558,1560
1510,1508
1631,1595
1586,1563
1444,1454
1587,1524
1331,1413
1542,1537
1469,1457
1398,1456
1470,1482
1392,1454
1524,1503
1648,1630
1600,1565
1534,1531
1330,1337
1464,1496
1482,1482
1466,1464
1606,1550
1555,1422
1536,1570
1482,1402
1540,1580
1515,1456
1526,1490
1525,1589
1490,1536
1348,1445
1388,1424
1539,1555
1618,1673
1604,1542
1628,1570
1383,1400
1545,1562
1442,1474
1592,1519
1499,1500
1477,1459
1646,1565
1419,1387
1628,1560
1480,1461
1376,1380
1454,1426
1431,1452
1390,1467
1615,1604
1439,1422
1378,1420
1594,1620
1383,1412
1450,1462
1581,1597
1483,1540
1429,1393
1477,1418
1407,1521
1538,1561
1657,1633
1491,1395
1444,1502
1398,1411
1538,1551
1521,1510
1530,1591
1561,1514
1381,1437
1463,1465
1668,1585
1418,1436
1499,1488
1599,1584
1496,1548
1622,1516
1516,1565
1573,1615
1613,1618
1438,1487
1398,1392
1626,1607
1606,1565
1601,1602
1588,1593
1436,1485
1552,1517
1428,1476
1612,1537
1530,1586
1435,1571
1398,1403
1453,1434
1377,1366
1592,1549
1529,1575
1441,1501
1467,1496
1342,1440
1411,1467
1612,1600
1354,1445
1518,1519
1665,1531
1350,1446
1437,1535
1529,1505
1430,1456
1612,1550
1573,1493
1639,1542
1440,1524
1461,1466
1519,1504
1587,1620
1484,1507
1544,1450
1503,1359
1636,1561
1643,1540
1548,1499
1663,1609
1659,1616
1512,1403
1644,1637
1606,1581
1619,1619
1517,1566
1391,1459
1427,1439
1601,1596
1538,1520
1577,1646
1678,1585
1422,1468
1659,1636
1566,1602
1303,1405
1437,1454
1552,1577
1571,1587
1401,1439
1544,1421
1416,1407
1569,1651
1520,1590
1635,1576
1412,1490
1653,1559
1575,1632
1474,1542
1526,1483
1389,1451
1599,1568
1585,1490
1558,1470
1538,1539
1499,1550
1520,1470
1348,1375
1498,1472
1565,1557
1494,1486
1699,1613
1449,1487
1396,1548
1597,1538
1357,1422
1401,1364
1492,1473
1534,1444
1463,1562
1541,1508
1417,1378
1641,1608
1505,1554
1432,1475
1400,1372
1441,1420
1439,1463
1693,1623
1463,1435
1607,1592
1607,1587
1537,1597
1500,1480
1665,1578
1585,1488
1446,1476
1632,1604
1479,1555
1400,1451
1482,1421
1521,1532
1376,1321
1423,1505
1413,1448
1486,1472
1396,1415
1356,1352
1590,1625
1379,1414
1346,1414
1425,1430
1605,1572
1535,1559
1525,1560
1659,1599
1627,1623
1441,1433
1584,1573
1329,1383
1524,1540
1554,1608
1531,1492
1645,1597
1629,1518
1461,1468
1557,1630
1426,1485
1637,1628
1555,1513
1596,1578
1469,1389
1400,1325
1481,1416
1360,1451
1368,1449
1676,1580
1404,1354
1528,1580
1619,1616
1398,1425
1426,1524
1353,1425
1418,1357
1653,1597
1637,1645
1550,1556
1640,1564
1540,1515
1368,1394
1608,1525
1589,1561
1596,1566
1481,1487
1528,1481
1360,1434
1482,1386
1430,1350
1413,1423
1416,1489
1459,1436
1427,1418
1633,1532
1586,1581
1425,1379
1573,1558
1351,1386
1433,1362
1649,1551
1524,1639
1340,1383
1379,1398
1454,1469
1625,1597
1384,1436
1602,1543
1579,1551
1356,1428
1639,1627
1603,1592
1567,1522
1391,1440
1417,1438
1475,1468
1600,1521
1608,1584
1395,1491
1438,1407
1534,1613
1480,1444
1611,1642
1544,1502
1637,1633
1390,1430
1625,1532
1450,1515
1471,1417
1568,1454
1636,1552
1407,1416
1525,1470
1628,1611
1453,1463
1354,1417
1492,1516
1473,1453
1547,1619
1541,1481
1654,1625
1603,1573
1653,1533
1453,1475
1610,1540
1447,1444
1641,1615
1544,1521
1491,1499
1447,1423
1518,1594
1536,1530
1357,1423
1422,1395
1373,1409
1445,1483
1535,1485
1432,1489
1566,1572
1647,1556
1431,1448
1356,1327
1436,1446
1553,1610
1559,1541
1596,1479
1401,1457
1348,1438
1381,1411
1619,1542
1425,1391
1718,1574
1544,1540
1503,1419
1654,1611
1504,1494
1322,1463
1489,1599
1622,1616
1305,1377
1596,1609
1510,1552
1512,1402
1659,1607
1625,1599
1353,1387
1620,1588
1574,1609
1366,1431
1342,1410
1282,1383
1426,1403
1565,1543
1436,1471
1360,1398
1569,1638
1617,1622
1567,1590
1365,1408
1563,1561
1397,1424
1547,1559
1430,1455
1408,1409
1389,1382
1411,1403
1587,1609
1608,1578
1537,1454
1519,1518
1561,1556
1505,1533
1447,1448
1524,1459
1566,1551
1421,1419
1581,1606
1384,1397
1615,1490
1408,1476
1389,1408
1370,1402
1496,1449
1610,1606
1402,1450
1587,1627
1676,1606
1465,1423
1562,1612
1511,1528
1660,1600
1386,1405
1403,1420
1404,1406
1462,1547
1455,1415
1485,1504
1682,1590
1448,1446
1491,1575
1678,1626
1465,1537
1390,1418
1394,1427
1589,1565
1501,1468
1510,1527
1645,1595
1440,1380
1411,1469
1342,1423
1386,1466
1703,1593
1366,1397
1602,1500
1606,1626
1561,1620
1587,1551
1406,1451
1488,1506
1658,1584
1567,1586
1388,1414
1474,1404
1637,1583
1594,1599
1574,1539
1374,1424
1314,1387
1508,1477
1422,1420
1638,1588
1645,1624
1442,1459
1573,1590
1665,1582
1401,1419
1459,1511
1411,1444
1623,1601
1475,1448
1547,1576
1558,1559
1604,1600
1608,1518
1472,1519
1525,1532
1670,1602
1423,1408
1502,1519
1322,1409
1640,1570
1619,1639
1635,1567
1399,1343
1629,1571
1363,1367
1348,1411
1464,1421
1412,1407
1613,1608
1598,1578
1618,1595
1633,1613
1441,1480
1550,1568
1573,1494
1520,1499
1365,1380
1345,1439
1402,1357
1621,1619
1378,1436
1399,1396
1542,1604
1622,1591
1397,1420
1548,1477
1434,1398
1496,1517
1494,1533
1309,1464
1470,1460
1469,1522
1635,1573
1455,1516
1481,1511
1425,1387
1347,1358
1514,1610
1419,1408
1629,1554
1424,1352
1575,1527
1696,1619
1590,1587
1426,1415
1460,1499
1649,1552
1414,1395
1458,1437
1364,1436
1517,1548
1654,1557
1446,1502
1335,1430
1530,1473
1374,1402
1377,1408
1411,1397
1378,1421
1658,1558
1386,1448
1367,1377
1679,1612
1614,1601
1346,1408
1355,1396
1340,1430
1413,1485
1430,1489
1654,1624
1481,1421
1424,1382
1376,1397
1671,1606
1441,1527
1628,1577
1667,1612
1408,1399
1355,1446
1346,1344
1632,1624
1647,1579
1353,1451
1480,1542
1566,1507
1485,1491
1646,1597
1519,1493
1418,1393
1426,1464
1459,1577
1622,1574
1518,1573
1534,1554
1609,1534
1434,1400
1336,1351
1639,1605
1414,1401
1623,1585
1583,1604
1388,1393
1590,1601
1473,1483
1578,1589
1720,1622
1662,1567
1415,1431
1470,1466
1361,1418
1542,1561
1592,1614
1604,1541
1670,1574
1607,1540
1595,1559
1490,1552
1621,1590
1405,1354
1351,1393
1613,1558
1527,1581
1433,1524
1323,1395
1409,1456
1381,1463
1548,1549
1410,1418
1560,1593
1567,1546
1430,1436
1381,1419
1426,1395
1535,1466
1552,1505
1578,1609
1608,1549
1699,1594
1476,1442
1362,1406
1602,1453
1532,1459
1605,1582
1458,1467
1510,1424
1378,1418
1561,1613
1346,1404
1339,1472
1571,1552
1552,1611
1453,1475
1374,1366
1391,1395
1439,1493
1405,1385
1405,1439
1466,1572
1321,1391
1622,1591
1434,1492
1556,1530
1456,1472
1329,1462
1470,1432
1349,1399
1684,1568
1324,1380
1430,1415
1354,1426
1576,1600
1351,1377
1437,1491
1370,1392
1633,1555
1380,1340
1451,1430
1581,1566
1609,1544
1387,1396
1402,1349
1459,1456
1377,1377
1419,1481
1339,1448
1417,1491
1631,1579
1327,1368
1394,1449
1394,1383
1636,1559
1633,1511
1439,1426
1631,1547
1542,1573
1421,1369
1558,1563
1430,1438
1569,1509
1669,1592
1559,1557
1515,1483
1590,1566
1416,1464
1626,1635
1635,1584
1354,1460
1544,1504
1399,1413
1522,1470
1631,1630
1400,1389
1461,1410
1522,1536
1460,1512
1604,1589
1534,1582
1639,1581
1574,1503
1648,1612
1414,1428
1579,1528
1477,1492
1508,1507
1648,1611
1465,1458
1475,1506
1450,1474
1420,1475
1466,1405
1549,1499
1689,1580
1670,1616
1649,1567
1438,1376
1652,1629
1630,1611
1583,1598
1452,1423
1471,1555
1560,1571
1669,1609
1584,1530
1567,1538
1408,1401
1673,1590
1319,1395
1435,1445
1637,1574
1615,1655
1648,1576
1340,1420
1687,1602
1494,1527
1607,1525
1599,1607
1592,1614
1573,1538
1534,1578
1358,1422
1467,1484
1632,1593
1585,1603
1408,1501
1645,1679
1561,1569
1664,1585
1398,1396
1593,1532
1462,1492
1686,1578
1390,1419
1610,1629
1569,1520
1350,1432
1693,1587
1578,1505
1423,1452
1488,1597
1524,1471
1408,1400
1672,1605
1501,1470
1523,1515
1326,1453
1429,1485
1548,1544
1610,1590
1383,1350
1582,1628
1466,1482
1568,1526
1284,1387
1326,1432
1497,1445
1306,1354
1531,1604
1633,1623
1339,1420
1487,1494
1385,1515
1436,1423
1381,1439
1571,1548
1366,1448
1561,1592
1551,1624
1613,1598
1323,1394
1384,1443
1446,1435
1393,1375
1629,1634
1486,1513
1658,1617
1587,1538
1350,1421
1669,1606
1593,1547
1424,1471
1396,1399
1616,1580
1489,1547
1399,1387
1394,1425
1434,1393
1449,1544
1393,1333
1555,1528
1513,1538
1589,1543
1412,1428
1536,1590
1428,1402
1411,1434
1595,1630
1273,1412
1448,1443
1356,1430
1572,1624
1342,1340
1371,1379
1371,1463
1392,1406
1510,1546
1546,1405
1407,1353
1451,1398
1604,1637
1533,1491
1415,1458
1612,1595
1638,1616
1365,1391
1634,1615
1480,1462
1616,1614
1482,1549
1590,1546
1504,1541
1601,1590
1422,1387
1594,1558
1680,1625
1569,1517
1413,1481
1451,1461
1557,1471
1369,1474
1396,1401
1445,1493
1683,1598
1322,1341
1578,1548
1577,1449
1477,1513
1654,1632
1626,1614
1319,1358
1420,1481
1572,1576
1392,1424
1293,1361
1628,1569
1660,1589
1654,1587
1613,1563
1495,1493
1586,1480
1629,1624
1627,1593
1631,1584
1417,1389
1348,1449
1626,1591
1374,1417
1642,1596
1393,1334
1609,1550
1498,1507
1383,1386
1618,1628
1498,1468
1386,1436
1474,1495
1578,1592
1329,1421
1612,1572
1567,1619
1634,1620
1354,1396
1663,1623
1603,1571
1631,1655
1334,1395
1351,1411
1585,1526
1324,1375
1359,1367
1303,1390
1531,1486
1380,1419
1522,1517
1392,1423
1434,1445
1526,1557
1584,1616
1478,1463
1623,1573
1340,1392
1441,1349
1655,1576
1649,1630
1433,1495
1601,1605
1529,1521
1477,1505
1623,1559
1579,1595
1655,1528
1568,1495
1637,1569
1547,1592
1491,1512
1621,1537
1524,1517
1578,1601
1633,1628
1359,1432
1590,1654
1583,1632
1518,1483
1444,1388
1645,1658
1594,1444
1362,1333
1375,1439
1602,1537
1649,1586
1387,1497
1539,1502
1537,1592
1370,1399
1307,1338
1614,1529
1635,1636
1462,1505
1432,1460
1328,1427
1547,1558
1637,1648
1591,1622
1639,1562
1617,1512
1601,1645
1475,1397
1366,1505
1364,1379
1323,1388
1388,1371
1439,1515
1293,1400
1631,1545
1372,1404
1448,1405
1423,1425
1558,1530
1510,1556
1393,1490
1435,1389
1516,1555
1346,1385
1356,1432
1593,1590
1337,1396
1530,1537
1542,1638
1335,1401
1614,1560
1589,1675
1553,1699
1628,1646
1680,1503
1356,1415
1466,1462
1379,1459
1554,1464
1602,1558
1609,1616
1682,1615
1465,1482
1390,1491
1612,1663
1551,1533
1325,1392
1640,1608
1415,1427
1431,1382
1459,1417
1682,1537
1585,1584
1397,1426
1392,1375
1387,1390
1424,1511
1673,1579
1486,1466
1376,1396
1673,1628
1648,1579
1534,1530
1563,1477
1527,1436
1578,1480
1400,1465
1417,1376
1638,1652
1504,1475
1357,1393
1605,1584
1570,1544
1580,1567
1561,1621
1455,1453
1417,1528
1514,1480
1568,1574
1377,1348
1397,1464
1346,1378
1612,1623
1413,1362
1468,1455
1621,1650
1391,1354
1625,1574
1445,1472
1582,1561
1599,1593
1360,1443
1575,1635
1543,1498
1619,1563
1332,1393
1326,1458
1673,1632
1459,1422
1585,1607
1435,1380
1687,1579
1365,1407
1496,1512
1570,1506
1634,1579
1631,1627
1406,1413
1447,1445
1460,1451
1592,1567
1423,1413
1413,1480
1653,1563
1653,1549
1338,1365
1685,1523
1454,1488
1566,1496
1443,1362
1488,1503
1510,1447
1427,1407
1571,1480
1351,1382
1505,1476
1620,1567
1450,1457
1461,1468
1597,1618
1685,1553
1354,1469
1526,1590
1502,1531
1599,1586
1474,1503
1673,1614
1612,1608
1446,1513
1406,1414
1503,1479
1350,1464
1695,1499
1345,1409
1457,1411
1370,1428
1481,1524
1411,1431
1438,1404
1443,1419
1674,1606
1585,1432
1455,1373
1511,1476
1444,1386
1386,1412
1614,1628
1619,1626
1383,1513
1598,1501
1387,1459
1605,1593
1554,1555
1611,1604
1610,1583
1437,1466
1572,1576
1568,1590
1355,1410
1674,1585
1327,1380
1494,1467
1474,1447
1499,1517
1580,1536
1560,1495
1616,1542
1342,1365
1577,1527
1564,1502
1439,1460
1584,1537
1677,1646
1478,1551
1607,1615
1505,1496
1642,1575
1524,1564
1338,1427
1695,1584
1628,1494
1425,1573
1384,1411
1565,1517
1691,1595
1349,1362
1444,1359
1413,1404
1341,1435
1666,1666
1689,1615
1562,1515
1341,1459
1521,1597
1398,1432
1650,1604
1374,1359
1361,1348
1568,1613
1398,1433
1325,1349
1353,1397
1364,1384
1462,1397
1415,1450
1350,1389
1543,1564
1668,1604
1442,1471
1593,1584
1603,1557
1477,1523
1369,1395
1586,1476
1585,1606
1468,1434
1359,1410
1362,1443
1483,1537
1449,1467
1314,1425
1492,1529
1604,1559
1590,1663
1525,1460
1288,1418
1615,1578
1361,1414
1623,1629
1503,1466
1683,1620
1437,1387
1401,1375
1397,1452
1584,1512
1628,1603
1647,1568
1303,1373
1377,1430
1342,1453
1708,1659
1353,1499
1599,1597
1387,1442
1289,1422
1601,1546
1658,1590
1609,1577
1628,1625
1361,1360
1613,1559
1503,1545
1709,1616
1432,1467
1384,1432
1421,1473
1565,1483
1639,1612
1333,1382
1463,1509
1596,1543
1467,1410
1647,1547
1418,1395
1489,1541
1370,1410
1644,1599
1401,1350
1340,1360
1573,1555
1617,1534
1580,1621
1553,1537
1471,1409
1454,1412
1643,1606
1463,1502
1367,1348
1473,1351
1575,1552
1657,1554
1487,1468
1448,1416
1648,1594
1571,1513
1649,1609
1653,1585
1698,1635
1627,1652
1559,1604
1312,1417
1363,1337
1625,1612
1614,1612
1617,1593
1696,1639
1395,1506
1393,1473
1500,1436
1451,1472
1669,1581
1369,1385
1382,1370
1655,1577
1463,1457
1673,1561
1561,1579
1502,1507
1630,1585
1532,1502
1372,1419
1590,1581
1584,1613
1415,1398
1641,1563
1654,1533
1357,1413
1512,1434
1481,1487
1367,1474
1537,1452
1388,1383
1485,1467
1577,1503
1538,1503
1474,1546
1378,1463
1366,1384
1643,1658
1540,1560
1421,1406
1680,1602
1548,1516
1401,1374
1669,1618
1414,1413
1330,1481
1566,1594
1322,1418
1308,1355
1399,1420
1400,1465
1600,1552
1562,1507
1274,1375
1437,1448
1637,1602
1312,1433
1450,1464
1591,1623
1498,1470
1314,1332
1638,1584
1671,1593
1578,1594
1632,1620
1347,1404
1399,1441
1383,1404
1500,1449
1345,1396
1731,1638
1615,1595
1378,1404
1679,1648
1416,1534
1658,1654
1645,1616
1464,1468
1386,1329
1339,1386
1589,1548
1409,1436
1744,1596
1496,1463
1385,1410
1583,1596
1658,1670
1483,1411
1594,1583
1562,1595
1368,1381
1599,1488
1546,1567
1604,1651
1342,1393
1668,1603
1591,1570
1692,1593
1346,1404
1666,1578
1382,1384
1431,1392
1585,1642
1514,1574
1347,1357
1425,1480
1521,1487
1333,1375
1458,1492
1358,1495
1382,1355
1356,1431
1613,1583
1572,1531
1580,1508
1568,1486
1335,1405
1682,1582
1499,1410
1554,1611
1421,1494
1381,1336
1376,1449
1308,1330
1431,1370
1526,1450
1518,1639
1373,1359
1488,1514
1344,1407
1284,1409
1442,1473
1666,1691
1542,1513
1358,1377
1581,1550
1391,1434
1672,1607
1585,1484
1332,1399
1421,1433
1349,1379
1403,1418
1607,1568
1475,1457
1658,1604
1488,1443
1544,1417
1634,1629
1638,1614
1636,1594
1680,1670
1546,1503
1453,1490
1361,1345
1422,1498
1515,1500
1359,1434
1477,1516
1551,1463
1666,1608
1646,1565
1630,1664
1469,1449
1353,1394
1315,1412
1509,1473
1401,1468
1561,1524
1506,1382
1426,1396
1558,1478
1379,1403
1357,1494
1611,1643
1490,1528
1343,1415
1420,1400
1613,1657
1410,1399
1521,1526
1375,1467
1606,1637
1560,1540
1563,1533
1366,1418
1581,1517
1341,1346
1509,1467
1417,1482
1649,1633
1547,1551
1620,1516
1633,1618
1592,1693
1339,1366
1484,1569
1382,1435
1332,1406
1474,1370
1629,1671
1503,1418
1447,1442
1512,1533
1520,1473
1572,1452
1603,1549
1486,1482
1633,1540
1627,1655
1385,1451
1624,1565
1515,1445
1622,1556
1486,1530
1484,1421
1414,1302
1420,1414
1458,1449
1381,1323
1669,1603
1435,1566
1492,1466
1500,1502
1540,1529
1615,1594
1621,1638
1348,1356
1619,1605
1326,1366
1417,1419
1633,1627
1654,1643
1617,1610
1364,1381
1684,1607
1318,1372
1467,1488
1569,1554
1659,1622
1587,1531
1350,1395
1671,1537
1551,1544
1500,1503
1457,1534
1590,1484
1613,1496
1395,1348
1598,1586
1642,1625
1489,1489
1356,1314
1683,1612
1606,1656
1649,1573
1353,1390
1512,1566
1646,1608
1450,1383
1365,1427
1557,1516
1574,1624
1493,1530
1434,1461
1623,1541
1610,1602
1654,1595
1575,1539
1469,1424
1560,1548
1549,1592
1336,1374
1385,1406
1505,1587
1673,1632
1579,1574
1329,1430
1337,1395
1584,1495
1453,1380
1693,1592
1516,1499
1511,1546
1658,1580
1619,1602
1609,1581
1593,1550
1377,1379
1392,1366
1422,1491
1597,1493
1319,1364
1621,1645
1583,1620
1488,1490
1646,1645
1341,1364
1571,1594
1387,1428
1431,1462
1517,1510
1533,1494
1431,1520
1610,1535
1620,1624
1609,1634
1668,1599
1504,1556
1436,1399
1569,1423
1651,1639
1564,1576
1633,1559
1657,1583
1593,1639
1563,1592
1656,1661
1640,1607
1560,1570
1389,1442
1503,1427
1618,1591
1411,1395
1661,1648
1333,1424
1481,1513
1447,1571
1526,1576
1658,1591
1670,1597
1598,1548
1441,1411
1406,1415
1566,1577
1424,1379
1634,1576
1362,1443
1403,1439
1663,1531
1542,1464
1477,1396
1328,1409
1678,1583
1326,1319
1434,1358
1361,1368
1417,1437
1598,1586
1397,1430
1599,1616
1392,1381
1623,1584
1286,1376
1382,1389
1574,1575
1468,1450
1574,1579
1429,1336
1381,1372
1619,1529
1642,1613
1456,1523
1376,1342
1503,1511
1379,1360
1442,1438
1357,1439
1598,1600
1415,1467
1657,1584
1458,1382
1351,1299
1418,1339
1485,1577
1626,1640
1357,1406
1532,1452
1398,1345
1356,1333
1592,1569
1673,1639
1519,1470
1607,1525
1418,1397
1458,1355
1409,1418
1492,1521
1319,1358
1419,1459
1590,1598
1350,1452
1352,1339
1584,1608
1508,1492
1522,1487
1647,1567
1658,1600
1439,1472
1681,1569
1406,1373
1476,1471
1379,1456
1492,1453
1307,1347
1451,1452
1338,1344
1385,1523
1405,1423
1411,1396
1502,1481
1379,1453
1436,1372
1379,1429
1598,1594
1463,1502
1355,1367
1629,1628
1582,1608
1460,1430
1710,1684
1527,1518
1415,1395
1548,1570
1413,1474
1350,1378
1532,1526
1566,1520
1633,1594
1378,1373
1558,1484
1543,1518
1395,1357
1333,1452
1409,1500
1405,1404
1658,1603
1386,1392
1480,1518
1393,1424
1449,1445
1607,1644
1293,1361
1450,1527
1446,1504
1611,1529
1331,1416
1523,1612
1679,1538
1638,1596
1576,1600
1369,1344
1492,1431
1568,1504
1623,1553
1324,1344
1468,1549
1410,1404
1370,1427
1460,1548
1368,1363
1581,1524
1363,1420
1303,1328
1334,1402
1339,1427
1449,1541
1703,1620
1325,1357
1391,1407
1515,1426
1612,1618
1431,1443
1380,1340
1607,1599
1648,1639
1396,1397
1370,1373
1405,1409
1529,1589
1426,1465
1313,1431
1655,1633
1399,1368
1413,1438
1420,1405
1657,1637
1626,1623
1420,1397
1408,1463
1538,1527
1576,1530
1636,1572
1426,1412
1631,1615
1368,1340
1448,1414
1384,1508
1587,1534
1676,1618
1328,1389
1615,1566
1411,1412
1552,1552
1486,1490
1432,1460
1643,1624
1369,1425
1650,1605
1591,1564
1655,1602
1635,1630
1511,1598
1522,1542
1569,1503
1525,1435
1338,1383
1434,1479
1351,1408
1359,1393
1365,1398
1380,1370
1413,1464
1669,1643
1473,1520
1287,1366
1385,1523
1514,1564
1331,1426
1578,1487
1616,1624
1305,1433
1636,1681
1589,1606
1346,1434
1638,1635
1443,1479
1411,1358
1659,1673
1403,1369
1627,1618
1575,1505
1676,1609
1383,1332
1681,1591
1422,1389
1615,1605
1531,1562
1584,1510
1688,1611
1657,1577
1403,1429
1366,1430
1670,1576
1586,1548
1621,1483
1560,1554
1622,1617
1326,1388
1341,1394
1348,1410
1376,1439
1661,1633
1603,1598
1375,1467
1492,1387
1492,1357
1381,1442
1330,1398
1400,1447
1448,1427
1613,1571
1323,1399
1609,1555
1546,1533
1689,1629
1419,1359
1366,1361
1528,1525
1414,1461
1669,1610
1682,1575
1466,1519
1417,1478
1366,1379
1523,1563
1479,1504
1365,1382
1609,1513
1308,1366
1566,1547
1568,1602
1363,1360
1558,1531
1595,1486
1338,1399
1365,1420
1326,1373
1531,1511
1494,1428
1550,1561
1653,1632
1370,1352
1527,1519
1521,1520
1362,1332
1561,1557
1554,1485
1338,1417
1672,1612
1550,1569
1350,1342
1659,1612
1561,1649
1448,1469
1505,1461
1512,1596
1335,1388
1571,1557
1457,1373
1326,1408
1486,1600
1509,1409
1740,1633
1513,1554
1479,1386
1675,1628
1365,1367
1299,1439
1619,1555
1408,1427
1346,1342
1454,1508
1509,1495
1421,1579
1421,1433
1644,1653
1361,1396
1592,1552
1385,1378
1300,1394
1357,1381
1360,1436
1657,1557
1450,1449
1529,1484
1661,1657
1612,1578
1555,1569
1304,1375
1374,1425
1650,1590
1411,1402
1332,1376
1598,1592
1455,1508
1686,1624
1385,1373
1712,1620
1530,1524
1658,1604
1690,1667
1412,1364
1321,1369
1517,1528
1608,1612
1666,1619
1442,1393
1660,1600
1746,1619
1331,1387
1537,1564
1420,1360
1286,1385
1454,1468
1387,1407
1454,1497
1666,1610
1584,1598
1574,1622
1542,1600
1303,1414
1373,1436
1333,1402
1519,1409
1567,1476
1334,1327
1592,1578
1395,1464
1374,1469
1361,1416
1355,1398
1519,1536
1341,1400
1667,1579
1605,1556
1348,1382
1373,1370
1573,1531
1366,1358
1590,1530
1470,1415
1329,1393
1520,1475
1340,1439
1519,1548
1329,1375
1623,1617
1539,1520
1520,1600
1401,1473
1476,1430
1373,1342
1332,1394
1652,1600
1588,1544
1610,1617
1370,1325
1609,1593
1677,1596
1486,1518
1422,1344
1430,1479
1381,1420
1319,1370
1320,1434
1373,1419
1487,1487
1438,1408
1439,1404
1702,1635
1424,1487
1521,1419
1650,1635
1564,1532
1513,1431
1364,1395
1637,1488
1598,1600
1676,1618
1426,1510
1590,1608
1613,1590
1538,1600
1635,1545
1401,1534
1394,1371
1359,1380
1369,1453
1718,1555
1645,1625
1473,1438
1538,1562
1289,1358
1622,1629
1392,1401
1491,1494
1590,1552
1687,1651
1487,1522
1617,1618
1385,1431
1531,1550
1386,1388
1674,1617
1465,1472
1631,1588
1374,1434
1444,1409
1616,1594
1588,1530
1433,1393
1431,1498
1382,1388
1547,1520
1365,1376
1362,1345
1641,1591
1496,1575
1345,1406
1612,1594
1640,1645
1425,1482
1372,1408
1565,1602
1394,1494
1622,1652
1512,1519
1362,1483
1582,1460
1634,1523
1402,1384
1595,1646
1442,1393
1535,1413
1434,1509
1383,1383
1609,1615
1366,1368
1639,1635
1380,1411
1515,1480
1633,1615
1502,1518
1543,1600
1566,1533
1461,1366
1602,1598
1545,1483
1369,1449
1440,1454
1316,1439
1327,1351
1405,1534
1668,1598
1433,1469
1352,1404
1475,1526
1594,1616
1709,1626
1533,1598
1543,1447
1627,1597
1552,1572
1638,1647
1607,1651
1648,1616
1366,1372
1687,1604
1360,1374
1673,1623
1333,1386
1404,1447
1639,1561
1418,1403
1534,1502
1523,1510
1471,1439
1447,1457
1619,1625
1595,1612
1517,1507
1685,1655
1327,1391
1657,1591
1416,1490
1621,1600
1627,1603
1500,1429
1494,1479
1555,1536
1439,1347
1341,1387
1494,1558
1354,1427
1456,1380
1353,1359
1481,1404
1450,1498
1668,1553
1680,1601
1592,1545
1420,1428
1497,1474
1357,1430
1382,1333
1689,1631
1711,1617
1383,1398
1582,1570
1565,1636
1568,1579
1660,1676
1368,1399
1602,1547
1635,1627
1628,1611
1492,1409
1635,1625
1537,1470
1311,1383
1321,1391
1377,1448
1411,1432
1605,1603
1374,1412
1505,1612
1630,1651
1417,1339
1451,1419
1597,1566
1623,1586
1488,1499
1432,1450
1575,1576
1338,1333
1551,1484
1523,1425
1470,1415
1507,1571
1445,1436
1277,1359
1514,1508
1385,1372
1596,1512
1355,1479
1629,1634
1356,1489
1461,1502
1400,1421
1365,1423
1480,1559
1619,1594
1465,1514
1701,1604
1353,1380
1586,1604
1436,1399
1429,1486
1708,1626
1403,1426
1562,1555
1429,1422
1403,1457
1650,1633
1556,1571
1648,1633
1565,1576
1621,1535
1491,1457
1531,1401
1581,1580
1365,1327
1514,1458
1564,1502
1365,1434
1476,1455
1464,1479
1347,1364
1357,1385
1362,1294
1553,1574
1326,1317
1395,1433
1371,1470
1440,1472
1654,1608
1598,1667
1295,1373
1507,1411
1360,1420
1490,1548
1332,1466
1580,1557
1428,1390
1504,1451
1323,1353
1560,1542
1640,1561
1380,1477
1588,1608
1582,1568
1668,1642
1635,1614
1462,1437
1561,1544
1636,1601
1633,1604
1433,1396
1402,1402
1460,1463
1337,1385
1639,1621
1664,1602
1299,1369
1379,1431
1368,1403
1644,1575
1534,1578
1372,1395
1642,1620
1552,1570
1259,1399
1671,1678
1502,1571
1498,1511
1496,1490
1636,1557
1415,1390
1442,1460
1596,1536
1697,1600
1340,1360
1461,1599
1425,1396
1414,1468
1348,1387
1524,1551
1413,1466
1618,1570
1604,1532
1500,1448
1555,1556
1303,1401
1331,1442
1468,1476
1555,1592
1539,1528
1640,1630
1544,1464
1480,1544
1373,1407
1646,1563
1472,1406
1351,1438
1337,1339
1406,1395
1670,1590
1621,1557
1651,1634
1404,1481
1481,1448
1623,1608
1582,1609
1608,1518
1500,1463
1571,1562
1492,1340
1650,1571
1634,1596
1630,1604
1674,1637
1343,1478
1374,1363
1676,1605
1666,1568
1477,1444
1571,1596
1375,1416
1633,1588
1371,1485
1418,1427
1463,1418
1461,1454
1626,1592
1446,1438
1475,1469
1371,1396
1381,1393
1616,1595
1298,1340
1613,1553
1406,1368
1475,1520
1590,1541
1396,1424
1477,1499
1407,1430
1616,1599
1331,1407
1343,1376
1377,1456
1354,1415
1564,1566
1627,1628
1443,1431
1576,1489
1653,1575
1297,1375
1628,1632
1346,1362
1661,1591
1562,1570
1484,1543
1614,1556
1516,1465
1657,1594
1376,1422
1648,1620
1565,1615
1548,1634
1389,1407
1326,1396
1536,1580
1403,1406
1396,1390
1310,1413
1351,1360
1431,1509
1473,1574
1534,1562
1505,1436
1679,1618
1511,1495
1316,1392
1368,1380
1575,1590
1376,1391
1399,1493
1408,1424
1515,1493
1334,1389
1403,1407
1622,1674
1317,1355
1407,1358
1529,1593
1374,1393
1612,1600
1624,1502
1659,1627
1353,1322
1417,1387
1387,1436
1443,1444
1430,1424
1630,1592
1628,1592
1473,1507
1619,1620
1652,1596
1390,1432
1356,1405
1438,1386
1463,1408
1564,1631
1640,1639
1466,1500
1503,1486
1679,1597
1402,1319
1404,1530
1525,1449
1573,1513
1411,1557
1371,1402
1595,1497
1630,1604
1412,1408
1452,1473
1556,1533
1638,1554
1421,1391
1357,1403
1626,1574
1595,1559
1566,1561
1643,1652
1508,1553
1391,1368
1369,1353
1622,1536
1570,1644
1629,1645
1643,1610
1433,1447
1479,1442
1503,1472
1628,1625
1531,1604
1350,1357
1539,1562
1531,1459
1399,1438
1538,1573
1485,1506
1427,1412
1647,1685
1400,1494
1610,1613
1371,1490
1647,1654
1601,1550
1562,1506
1458,1361
1417,1507
1536,1588
1437,1452
1461,1510
1572,1514
1519,1487
1391,1392
1442,1481
1447,1392
1650,1568
1637,1603
1489,1461
1644,1574
1440,1550
1652,1581
1551,1581
1537,1536
1529,1592
1494,1438
1561,1585
1527,1573
1333,1434
1562,1546
1424,1419
1570,1552
1645,1552
1632,1586
1557,1523
1508,1413
1632,1616
1453,1443
1531,1532
1307,1393
1512,1538
1664,1600
