ch1,ch2
1513,1550
1479,1536
1524,1561
1532,1551
1587,1561
1523,1562
1560,1571
1472,1502
1459,1612
1592,1562
1541,1559
1574,1587
1525,1629
1546,1606
1524,1605
1613,1589
1582,1571
1574,1581
1601,1624
1590,1613
1558,1577
1689,1626
1611,1576
1603,1582
1606,1591
1637,1619
1579,1637
1596,1597
1681,1627
1644,1601
1666,1612
1652,1601
1660,1606
1601,1655
1658,1588
1627,1610
1668,1567
1669,1600
1603,1610
1613,1598
1587,1549
1646,1611
1652,1615
1606,1614
1630,1596
1632,1605
1634,1581
1658,1639
1627,1617
1573,1560
1625,1539
1574,1535
1614,1595
1608,1560
1613,1627
1584,1563
1606,1589
1628,1555
1618,1589
1608,1568
1630,1629
1566,1520
1557,1468
1504,1454
1549,1523
1625,1521
1597,1531
1536,1535
1593,1478
1584,1522
1521,1426
1438,1385
1429,1464
1518,1451
1496,1414
1452,1402
1500,1458
1524,1444
1467,1422
1532,1440
1370,1408
1467,1475
1382,1394
1435,1428
1371,1404
1527,1451
1611,1568
1380,1395
1350,1354
1375,1388
1372,1360
1330,1402
1421,1355
1366,1427
1466,1393
1363,1360
1352,1408
1498,1462
1405,1398
1366,1374
1362,1398
1302,1386
1283,1390
1442,1350
1447,1337
1369,1419
1445,1398
1400,1420
1448,1405
1424,1468
1372,1436
1522,1550
1397,1347
1333,1409
1466,1427
1369,1419
1475,1506
1368,1366
1390,1334
1363,1321
1459,1533
1524,1554
1356,1395
1448,1554
1408,1508
1479,1516
1364,1384
1498,1600
1537,1588
1415,1471
1400,1481
1513,1521
1577,1593
1436,1438
1545,1593
1504,1574
1411,1480
1444,1448
1498,1527
1334,1390
1567,1572
1488,1573
1446,1545
1486,1529
1647,1635
1426,1491
1601,1545
1397,1500
1452,1552
1596,1592
1338,1358
1459,1450
1559,1576
1403,1453
1421,1463
1640,1638
1594,1614
1615,1628
1645,1586
1643,1583
1623,1600
1631,1592
1610,1515
1660,1562
1589,1561
1619,1661
1677,1624
1416,1511
1467,1546
1593,1582
1612,1640
1549,1571
1543,1512
1529,1459
1462,1449
1503,1485
1666,1578
1394,1464
1678,1595
1502,1464
1599,1612
1522,1466
1616,1587
1460,1383
1670,1616
1667,1571
1651,1611
1674,1603
1609,1592
1349,1360
1563,1534
1511,1496
1499,1464
1573,1600
1555,1465
1614,1624
1444,1421
1628,1542
1618,1590
1387,1416
1501,1442
1474,1503
1413,1416
1397,1390
1467,1448
1661,1613
1639,1598
1494,1458
1664,1621
1617,1518
1351,1365
1632,1528
1673,1582
1501,1437
1386,1381
1500,1403
1373,1428
1495,1418
1396,1402
1500,1502
1350,1457
1359,1368
1406,1410
1474,1429
1414,1415
1498,1449
1443,1435
1356,1404
1361,1385
1570,1523
1386,1375
1330,1362
1326,1410
1410,1484
1541,1623
1631,1622
1370,1367
1330,1392
1383,1409
1612,1560
1385,1442
1428,1380
1475,1467
1324,1400
1374,1394
1490,1546
1657,1560
1649,1608
1646,1614
1645,1614
1334,1438
1456,1485
1395,1371
1352,1448
1467,1522
1512,1552
1361,1335
1534,1590
1637,1615
1593,1639
1576,1568
1386,1429
1619,1583
1514,1516
1654,1582
1374,1352
1417,1472
1526,1562
1606,1583
1407,1372
1357,1376
1603,1588
1408,1470
1522,1639
1597,1512
1519,1533
1574,1596
1385,1341
1656,1613
1524,1404
1417,1460
1617,1629
1497,1428
1424,1512
1523,1572
1580,1560
1646,1648
1626,1559
1533,1566
1551,1605
1573,1566
1398,1408
1394,1399
1391,1388
1631,1602
1643,1627
1630,1612
1365,1333
1715,1602
1464,1438
1439,1487
1385,1374
1462,1457
1676,1600
1531,1566
1469,1470
1590,1593
1430,1470
1557,1484
1636,1546
1389,1435
1621,1564
1275,1373
1543,1483
1407,1502
1522,1470
1653,1616
1558,1501
1622,1632
1591,1597
1644,1675
1640,1541
1617,1620
1516,1573
1633,1616
1375,1344
1548,1508
1579,1503
1635,1583
1477,1526
1509,1497
1521,1560
1658,1554
1542,1615
1478,1467
1384,1391
1380,1403
1582,1575
1319,1421
1536,1582
1366,1414
1467,1500
1411,1431
1327,1351
1666,1611
1510,1429
1516,1468
1707,1559
1368,1375
1629,1574
1595,1431
1369,1377
1333,1393
1407,1452
1522,1505
1457,1520
1349,1432
1336,1386
1398,1411
1493,1449
1456,1496
1610,1612
1360,1394
1623,1634
1599,1564
1369,1396
1604,1650
1380,1397
1549,1577
1563,1506
1361,1451
1548,1562
1373,1402
1339,1422
1647,1543
1485,1455
1621,1581
1667,1600
1653,1592
1513,1493
1689,1635
1661,1622
1628,1590
1618,1510
1374,1480
1634,1601
1589,1563
1614,1571
1530,1541
1437,1419
1368,1358
1539,1567
1448,1538
1536,1556
1569,1556
1598,1545
1510,1541
1579,1634
1709,1646
1562,1537
1349,1349
1507,1502
1535,1595
1607,1538
1406,1360
1555,1438
1658,1599
1605,1571
1601,1562
1507,1550
1580,1597
1404,1404
1345,1360
1578,1570
1617,1535
1617,1514
1639,1658
1362,1380
1395,1466
1595,1583
1635,1571
1339,1421
1584,1534
1439,1481
1500,1544
1616,1625
1669,1499
1446,1412
1630,1602
1608,1522
1367,1391
1340,1412
1623,1635
1638,1593
1391,1380
1632,1481
1420,1476
1403,1422
1517,1430
1603,1618
1405,1376
1575,1487
1504,1527
1599,1571
1523,1563
1626,1597
1533,1565
1634,1592
1427,1368
1557,1540
1586,1522
1461,1460
1378,1408
1505,1450
1587,1609
1467,1446
1516,1574
1616,1659
1422,1363
1422,1389
1591,1654
1510,1569
1413,1460
1425,1415
1491,1496
1556,1558
1523,1527
1404,1464
1625,1633
1366,1410
1484,1517
1548,1538
1685,1615
1625,1607
1433,1421
1369,1401
1592,1520
1532,1563
1318,1361
1527,1569
1413,1477
1642,1604
1556,1591
1631,1580
1640,1532
1420,1332
1332,1363
1524,1464
1570,1505
1646,1595
1666,1564
1398,1399
1433,1514
1712,1637
1367,1410
1615,1590
1577,1611
1593,1572
1342,1401
1408,1360
1620,1586
1374,1372
1445,1393
1432,1434
1564,1584
1478,1420
1434,1472
1401,1382
1364,1334
1379,1361
1631,1537
1451,1408
1639,1638
1516,1475
1612,1558
1326,1387
1660,1606
1380,1426
1478,1522
1602,1625
1460,1409
1540,1586
1312,1365
1370,1365
1507,1476
1593,1544
1627,1650
1533,1522
1575,1552
1643,1574
1386,1361
1351,1356
1528,1486
1724,1637
1535,1570
1359,1382
1471,1541
1614,1540
1426,1469
1470,1505
1334,1435
1373,1382
1598,1553
1603,1530
1549,1543
1638,1655
1302,1402
1542,1410
1528,1513
1542,1515
1593,1479
1604,1631
1510,1544
1682,1609
1609,1625
1409,1354
1340,1341
1437,1403
1337,1513
1615,1577
1356,1366
1389,1387
1360,1359
1649,1599
1661,1584
1436,1505
1591,1575
1323,1409
1572,1555
1613,1585
1684,1615
1305,1369
1591,1590
1594,1630
1510,1497
1629,1615
1532,1612
1523,1562
1654,1491
1542,1532
1617,1540
1504,1566
1657,1647
1653,1682
1466,1531
1591,1556
1668,1614
1390,1322
1335,1406
1608,1605
1526,1509
1621,1557
1546,1475
1606,1581
1650,1590
1337,1407
1348,1346
1601,1621
1604,1630
1500,1450
1488,1535
1356,1360
1507,1497
1423,1472
1499,1552
1440,1486
1415,1398
1545,1495
1448,1514
1435,1530
1677,1647
1388,1437
1607,1569
1608,1574
1622,1496
1318,1346
1468,1432
1346,1311
1395,1476
1356,1415
1680,1663
1610,1560
1644,1627
1447,1463
1577,1514
1473,1495
1557,1489
1361,1409
1615,1561
1320,1356
1668,1564
1342,1358
1291,1410
1648,1649
1401,1357
1491,1494
1334,1415
1462,1444
1374,1397
1622,1644
1394,1387
1528,1504
1654,1600
1533,1525
1637,1673
1497,1574
1492,1466
1634,1623
1549,1558
1414,1457
1332,1364
1644,1539
1586,1501
1306,1392
1550,1489
1375,1327
1391,1439
1461,1540
1507,1537
1471,1467
1389,1445
1320,1365
1390,1407
1376,1375
1371,1385
1570,1584
1512,1560
1617,1585
1697,1565
1631,1610
1372,1414
1511,1526
1393,1370
1642,1563
1593,1576
1428,1464
1328,1316
1654,1649
1456,1425
1347,1362
1351,1352
1559,1570
1642,1595
1415,1466
1423,1443
1355,1377
1618,1563
1424,1391
1373,1398
1647,1593
1508,1453
1612,1526
1682,1606
1374,1411
1476,1473
1370,1464
1665,1627
1516,1458
1525,1409
1616,1651
1676,1629
1417,1441
1416,1399
1330,1405
1346,1404
1693,1571
1493,1512
1295,1380
1364,1459
1524,1548
1557,1599
1385,1408
1489,1461
1605,1613
1646,1569
1555,1454
1645,1566
1511,1542
1565,1518
1669,1642
1459,1387
1640,1617
1587,1593
1590,1574
1347,1339
1493,1533
1340,1415
1412,1420
1457,1444
1367,1394
1618,1576
1570,1630
1387,1373
1590,1575
1615,1535
1356,1422
1564,1568
1576,1544
1649,1647
1361,1280
1604,1588
1367,1385
1638,1647
1474,1451
1533,1567
1373,1377
1670,1677
1335,1383
1518,1549
1642,1597
1436,1374
1615,1596
1385,1366
1325,1363
1655,1566
1494,1489
1407,1408
1413,1369
1530,1500
1537,1457
1430,1440
1421,1483
1366,1422
1459,1409
1452,1418
1544,1488
1473,1590
1570,1581
1521,1531
1549,1598
1387,1410
1676,1601
1603,1636
1664,1624
1435,1362
1697,1605
1544,1542
1372,1389
1431,1446
1374,1381
1464,1500
1533,1580
1374,1347
1368,1386
1337,1357
1368,1391
1703,1565
1382,1416
1686,1591
1526,1505
1638,1618
1401,1460
1345,1427
1594,1609
1567,1500
1309,1386
1640,1638
1450,1495
1568,1469
1591,1561
1478,1422
1579,1669
1634,1591
1437,1359
1415,1456
1669,1575
1348,1404
1611,1558
1394,1398
1602,1618
1479,1459
1436,1402
1571,1508
1547,1563
1256,1370
1456,1469
1395,1496
1446,1426
1643,1609
1370,1401
1416,1392
1517,1503
1420,1439
1410,1536
1652,1665
1633,1621
1413,1307
1662,1601
1283,1389
1636,1650
1497,1442
1403,1408
1577,1592
1483,1396
1405,1434
1322,1398
1478,1472
1293,1367
1355,1469
1378,1382
1295,1373
1509,1459
1483,1450
1448,1460
1379,1402
1375,1419
1453,1478
1425,1412
1411,1336
1427,1490
1319,1401
1674,1605
1605,1575
1357,1373
1562,1564
1377,1398
1503,1518
1302,1399
1533,1462
1622,1553
1622,1529
1685,1623
1349,1410
1448,1527
1463,1424
1668,1649
1479,1400
1529,1452
1692,1623
1675,1610
1343,1360
1664,1618
1331,1383
1599,1546
1434,1462
1645,1582
1334,1359
1416,1445
1356,1439
1670,1595
1623,1606
1625,1598
1639,1644
1449,1583
1470,1498
1671,1646
1365,1422
1565,1557
1481,1559
1330,1377
1490,1436
1616,1560
1611,1651
1416,1383
1598,1633
1341,1385
1458,1490
1386,1374
1432,1509
1406,1371
1352,1363
1459,1417
1643,1651
1460,1511
1582,1575
1442,1448
1358,1372
1576,1666
1429,1429
1444,1488
1596,1688
1597,1511
1435,1509
1613,1616
1318,1394
1613,1656
1357,1420
1394,1458
1451,1451
1603,1608
1590,1536
1510,1488
1461,1416
1372,1373
1637,1636
1456,1486
1386,1373
1519,1444
1396,1470
1363,1385
1476,1628
1584,1506
1407,1471
1500,1496
1327,1379
1305,1385
1651,1625
1306,1382
1653,1651
1601,1538
1573,1567
1397,1377
1616,1557
1499,1565
1675,1603
1400,1456
1614,1553
1289,1404
1353,1375
1599,1581
1556,1526
1597,1673
1438,1493
1654,1539
1554,1591
1315,1427
1669,1587
1621,1580
1473,1367
1571,1576
1509,1440
1421,1455
1392,1433
1594,1627
1519,1474
1327,1411
1402,1500
1496,1569
1360,1349
1613,1570
1320,1356
1417,1404
1522,1595
1515,1505
1596,1663
1429,1422
1370,1407
1598,1614
1426,1419
1377,1422
1377,1388
1591,1649
1639,1603
1389,1436
1341,1449
1334,1378
1642,1489
1563,1471
1407,1448
1550,1490
1357,1408
1497,1466
1398,1421
1363,1349
1450,1388
1335,1401
1587,1578
1672,1588
1458,1435
1552,1452
1451,1398
1454,1478
1475,1519
1358,1379
1374,1398
1629,1618
1558,1470
1679,1646
1397,1369
1687,1618
1433,1493
1658,1626
1425,1492
1514,1550
1589,1611
1683,1622
1355,1344
1427,1516
1592,1534
1327,1368
1336,1410
1561,1557
1396,1467
1341,1390
1734,1576
1325,1352
1621,1632
1589,1568
1462,1469
1434,1382
1640,1663
1681,1599
1472,1562
1657,1634
1387,1424
1672,1638
1396,1467
1527,1504
1559,1618
1441,1541
1422,1354
1685,1581
1352,1388
1354,1366
1546,1564
1345,1428
1626,1654
1480,1463
1385,1409
1541,1547
1591,1608
1508,1444
1337,1420
1320,1403
1423,1404
1432,1344
1678,1683
1584,1534
1447,1490
1394,1424
1560,1487
1546,1456
1656,1612
1645,1586
1527,1576
1358,1418
1610,1597
1527,1631
1577,1596
1349,1400
1428,1481
1667,1642
1288,1416
1488,1524
1689,1590
1589,1559
1345,1373
1570,1568
1366,1412
1435,1525
1365,1466
1509,1433
1638,1588
1480,1427
1392,1411
1535,1590
1455,1506
1601,1616
1481,1479
1510,1533
1291,1369
1498,1503
1497,1486
1372,1443
1480,1472
1645,1661
1338,1379
1432,1447
1676,1637
1640,1546
1587,1615
1350,1393
1334,1380
1408,1443
1607,1570
1656,1612
1404,1411
1392,1368
1649,1566
1637,1701
1483,1537
1489,1482
1518,1518
1596,1603
1353,1404
1582,1651
1404,1394
1601,1620
1582,1496
1521,1472
1338,1418
1657,1598
1464,1507
1538,1550
1568,1616
1535,1510
1665,1588
1644,1656
1440,1416
1660,1601
1447,1408
1680,1621
1670,1662
1539,1543
1394,1426
1405,1455
1337,1351
1661,1645
1639,1575
1398,1581
1617,1583
1419,1436
1647,1614
1435,1431
1413,1401
1436,1500
1618,1517
1561,1588
1302,1373
1351,1373
1507,1476
1647,1585
1357,1318
1636,1648
1468,1430
1306,1404
1517,1497
1477,1489
1379,1359
1374,1387
1388,1373
1701,1586
1539,1509
1363,1368
1533,1500
1486,1487
1486,1447
1615,1584
1537,1536
1534,1482
1530,1479
1612,1633
1379,1328
1464,1479
1698,1568
1531,1440
1631,1629
1624,1565
1676,1639
1589,1652
1538,1550
1462,1476
1564,1605
1634,1566
1664,1657
1624,1569
1351,1372
1315,1412
1517,1496
1360,1395
1424,1524
1316,1359
1573,1579
1537,1589
1636,1627
1668,1577
1663,1629
1305,1384
1590,1551
1496,1499
1597,1618
1631,1598
1697,1635
1724,1657
1415,1425
1594,1651
1360,1372
1711,1640
1603,1607
1481,1597
1647,1590
1365,1385
1481,1569
1581,1627
1633,1622
1547,1534
1315,1403
1522,1570
1647,1628
1320,1366
1311,1406
1454,1559
1694,1611
1393,1478
1579,1586
1341,1361
1415,1487
1699,1586
1614,1556
1668,1606
1338,1362
1415,1441
1649,1616
1637,1604
1649,1607
1668,1599
1481,1424
1599,1563
1655,1583
1624,1607
1417,1438
1539,1482
1534,1543
1517,1462
1520,1489
1426,1483
1506,1505
1349,1432
1716,1606
1526,1509
1547,1493
1417,1492
1578,1540
1611,1578
1659,1642
1594,1463
1460,1470
1347,1357
1357,1387
1444,1378
1610,1610
1353,1387
1329,1389
1432,1483
1390,1484
1345,1385
1527,1522
1600,1554
1322,1386
1386,1461
1593,1637
1683,1631
1337,1309
1587,1601
1418,1391
1646,1622
1637,1626
1599,1540
1332,1331
1375,1390
1598,1639
1673,1611
1356,1365
1578,1589
1585,1542
1557,1467
1574,1635
1387,1448
1535,1562
1588,1608
1610,1462
1465,1467
1485,1446
1557,1539
1662,1638
1663,1654
1643,1549
1587,1543
1296,1373
1460,1420
1412,1447
1627,1629
1683,1597
1535,1462
1651,1624
1464,1576
1628,1561
1610,1530
1607,1588
1584,1573
1391,1409
1635,1579
1610,1600
1369,1412
1389,1340
1553,1562
1355,1393
1501,1559
1458,1520
1474,1393
1682,1591
1426,1475
1646,1605
1637,1539
1653,1537
1485,1415
1632,1610
1358,1335
1517,1508
1313,1380
1379,1316
1354,1368
1329,1366
1432,1498
1531,1521
1592,1611
1667,1570
1688,1601
1638,1602
1489,1501
1679,1596
1551,1595
1331,1367
1448,1415
1353,1404
1413,1370
1669,1570
1388,1436
1380,1448
1668,1559
1584,1545
1623,1635
1594,1521
1375,1379
1486,1548
1427,1358
1425,1455
1445,1395
1590,1534
1287,1363
1402,1498
1352,1391
1597,1571
1479,1455
1474,1470
1642,1522
1541,1532
1618,1524
1396,1438
1574,1545
1459,1369
1644,1614
1468,1510
1452,1420
1552,1550
1579,1608
1593,1571
1465,1438
1646,1646
1598,1556
1327,1364
1431,1480
1665,1602
1517,1477
1342,1424
1565,1542
1398,1342
1365,1387
1574,1549
1546,1596
1508,1475
1576,1564
1632,1593
1434,1477
1495,1516
1551,1506
1376,1378
1386,1348
1362,1352
1621,1631
1651,1594
1608,1615
1601,1595
1401,1365
1449,1451
1547,1476
1467,1366
1362,1413
1326,1364
1545,1628
1407,1407
1347,1411
1350,1495
1686,1585
1619,1599
1410,1436
1571,1545
1402,1434
1293,1368
1616,1642
1357,1384
1374,1484
1502,1546
1644,1556
1321,1392
1611,1599
1567,1553
1387,1508
1364,1449
1543,1522
1436,1400
1646,1588
1427,1392
1596,1593
1512,1572
1326,1453
1651,1568
1592,1644
1303,1388
1378,1432
1474,1474
1529,1528
1661,1611
1711,1580
1526,1570
1420,1453
1619,1652
1517,1546
1577,1567
1451,1539
1525,1580
1571,1594
1460,1480
1567,1650
1621,1568
1539,1451
1459,1432
1517,1506
1568,1510
1556,1572
1691,1627
1647,1590
1413,1432
1347,1489
1382,1414
1644,1559
1396,1414
1452,1389
1525,1542
1391,1383
1551,1528
1564,1582
1366,1396
1387,1414
1394,1408
1440,1433
1517,1532
1407,1413
1630,1596
1596,1585
1463,1515
1476,1530
1625,1577
1639,1571
1461,1516
1401,1415
1678,1593
1592,1535
1526,1487
1617,1565
1374,1353
1643,1609
1570,1541
1420,1439
1400,1444
1572,1535
1381,1363
1612,1610
1608,1586
1504,1456
1619,1596
1632,1591
1373,1369
1370,1408
1590,1606
1618,1573
1347,1353
1415,1499
1370,1478
1409,1403
1637,1588
1579,1552
1397,1369
1567,1551
1454,1431
1321,1374
1334,1337
1586,1569
1428,1400
1484,1469
1701,1655
1415,1381
1539,1497
1427,1380
1683,1655
1327,1486
1601,1602
1410,1401
1352,1390
1359,1383
1385,1399
1400,1385
1577,1619
1647,1601
1590,1621
1640,1648
1353,1360
1361,1351
1649,1571
1685,1598
1352,1349
1513,1606
1480,1459
1489,1412
1487,1452
1360,1332
1567,1646
1689,1606
1679,1616
1352,1395
1521,1653
1586,1552
1514,1489
1526,1513
1591,1563
1715,1585
1689,1605
1691,1634
1605,1613
1389,1425
1650,1617
1494,1467
1534,1559
1464,1465
1382,1385
1517,1553
1589,1496
1517,1456
1544,1476
1679,1650
1504,1489
1440,1488
1349,1421
1477,1523
1493,1574
1676,1586
1644,1597
1567,1495
1471,1416
1597,1611
1682,1650
1374,1411
1338,1385
1346,1435
1358,1392
1339,1359
1310,1398
1650,1616
1603,1500
1545,1572
1638,1653
1471,1511
1638,1546
1279,1377
1465,1457
1369,1430
1366,1397
1432,1534
1686,1615
1502,1489
1304,1320
1647,1573
1367,1481
1498,1478
1338,1423
1628,1640
1558,1596
1567,1585
1557,1600
1629,1554
1625,1557
1378,1435
1618,1538
1433,1481
1516,1481
1441,1422
1639,1513
1373,1383
1563,1555
1582,1481
1584,1596
1383,1447
1284,1406
1610,1582
1380,1377
1422,1417
1383,1389
1479,1499
1401,1348
1408,1403
1703,1639
1609,1618
1340,1349
1417,1498
1501,1539
1332,1402
1362,1374
1652,1638
1352,1387
1632,1571
1578,1582
1519,1460
1343,1382
1533,1389
1640,1582
1556,1513
1399,1443
1244,1352
1523,1471
1550,1600
1341,1406
1651,1587
1614,1593
1502,1566
1456,1411
1532,1604
1534,1504
1402,1390
1442,1367
1502,1524
1431,1496
1583,1525
1482,1462
1503,1569
1616,1555
1605,1627
1555,1574
1482,1510
1548,1629
1478,1533
1437,1377
1524,1562
1552,1527
1616,1580
1580,1573
1397,1356
1400,1388
1345,1362
1436,1432
1516,1505
1537,1504
1457,1492
1562,1586
1372,1486
1418,1359
1379,1463
1469,1494
1358,1414
1487,1488
1606,1604
1497,1516
1564,1605
1592,1478
1329,1422
1340,1413
1393,1405
1391,1385
1508,1546
1560,1508
1391,1413
1481,1518
1635,1626
1624,1617
1471,1436
1404,1441
1351,1345
1555,1581
1529,1534
1397,1402
1585,1568
1370,1313
1608,1649
1633,1629
1369,1435
1599,1541
1343,1391
1407,1437
1553,1474
1585,1534
1511,1527
1341,1407
1478,1397
1352,1390
1646,1597
1532,1546
1639,1558
1319,1360
1654,1586
1374,1414
1604,1600
1358,1378
1360,1434
1411,1383
1524,1505
1554,1599
1314,1330
1396,1382
1468,1485
1522,1494
1668,1540
1411,1512
1360,1398
1573,1570
1591,1570
1421,1453
1647,1659
1444,1481
1399,1506
1634,1571
1355,1401
1576,1513
1346,1380
1622,1590
1417,1396
1289,1398
1423,1479
1396,1468
1317,1451
1462,1463
1374,1418
1489,1522
1407,1444
1662,1592
1663,1559
1482,1441
1398,1408
1585,1569
1610,1598
1641,1569
1469,1512
1468,1477
1617,1654
1387,1406
1310,1362
1434,1386
1535,1527
1386,1436
1420,1445
1654,1614
1588,1596
1622,1628
1401,1421
1324,1377
1580,1557
1544,1545
1391,1418
1460,1540
1387,1481
1392,1496
1634,1567
1393,1397
1505,1531
1489,1540
1640,1646
1546,1467
1424,1412
1355,1366
1535,1527
1426,1492
1393,1354
1589,1622
1440,1503
1376,1466
1440,1441
1412,1356
1376,1364
1564,1556
1351,1422
1479,1440
1574,1545
1628,1571
1320,1366
1400,1469
1524,1509
1672,1583
1321,1364
1423,1548
1347,1417
1491,1401
1576,1586
1569,1604
1604,1485
1368,1388
1419,1390
1662,1607
1637,1614
1386,1396
1661,1614
1583,1526
1423,1443
1573,1558
1640,1616
1342,1401
1486,1507
1381,1341
1398,1504
1658,1562
1339,1390
1362,1405
1568,1591
1327,1375
1346,1359
1467,1525
1595,1576
1675,1576
1330,1430
1618,1629
1670,1559
1459,1570
1323,1405
1582,1496
1358,1387
1337,1383
1474,1467
1524,1587
1380,1424
1347,1417
1356,1415
1368,1370
1565,1619
1429,1406
1455,1416
1544,1503
1686,1630
1619,1589
1548,1588
1350,1362
1655,1608
1451,1388
1501,1454
1292,1382
1568,1522
1583,1588
1614,1607
1585,1605
1337,1404
1629,1598
1469,1481
1677,1600
1369,1417
1381,1422
1323,1377
1598,1641
1603,1644
1651,1611
1344,1421
1423,1466
1442,1467
1353,1389
1533,1540
1545,1573
1599,1539
1585,1613
1318,1323
1631,1539
1585,1560
1354,1415
1588,1581
1661,1619
1489,1396
1706,1608
1500,1514
1357,1373
1598,1508
1588,1610
1325,1367
1391,1396
1476,1498
1371,1379
1645,1639
1374,1381
1427,1441
1614,1557
1658,1598
1532,1537
1423,1385
1431,1444
1464,1445
1601,1617
1426,1365
1559,1517
1365,1414
1453,1483
1431,1575
1352,1396
1574,1607
1282,1419
1618,1523
1351,1447
1385,1441
1317,1352
1296,1386
1656,1590
1654,1603
1398,1401
1332,1349
1418,1385
1638,1663
1637,1611
1414,1446
1547,1575
1399,1436
1523,1624
1618,1516
1526,1465
1661,1571
1479,1428
1401,1536
1651,1573
1381,1328
1637,1615
1657,1592
1558,1557
1370,1463
1413,1404
1391,1370
1611,1606
1593,1610
1429,1450
1637,1629
1614,1605
1561,1555
1326,1338
1540,1621
1629,1585
1470,1427
1536,1622
1424,1429
1389,1377
1565,1644
1587,1585
1379,1316
1463,1524
1625,1573
1633,1594
1670,1567
1558,1452
1400,1427
1530,1469
1648,1594
1392,1446
1429,1510
1346,1459
1334,1351
1355,1395
1413,1369
1521,1502
1567,1522
1351,1433
1608,1650
1427,1459
1635,1585
1492,1475
1492,1532
1459,1490
1559,1581
1484,1501
1607,1559
1380,1358
1621,1622
1488,1571
1629,1658
1412,1504
1618,1607
1681,1563
1376,1427
1340,1373
1507,1526
1545,1559
1606,1572
1445,1449
1436,1401
1353,1409
1452,1478
1354,1370
1536,1563
1514,1450
1642,1564
1415,1436
1407,1484
1370,1437
1400,1363
1319,1361
1437,1442
1344,1395
1603,1566
1646,1582
1447,1444
1400,1311
1348,1349
1419,1472
1581,1535
1393,1416
1415,1449
1342,1388
1429,1480
1499,1591
1396,1331
1479,1496
1501,1507
1663,1633
1587,1610
1572,1576
1399,1458
1436,1473
1451,1570
1441,1414
1664,1630
1429,1378
1620,1571
1637,1625
1549,1522
1509,1494
1633,1564
1586,1579
1459,1421
1372,1403
1409,1377
1483,1595
1347,1371
1495,1540
1524,1543
1378,1367
1392,1424
1341,1364
1355,1438
1532,1562
1350,1404
1539,1635
1608,1593
1383,1403
1604,1595
1463,1378
1626,1641
1404,1417
1346,1393
1685,1634
1494,1477
1591,1589
1477,1483
1447,1426
1438,1512
1356,1368
1503,1473
1630,1607
1649,1607
1379,1395
1580,1605
1424,1410
1384,1413
1415,1449
1430,1491
1500,1543
1472,1427
1602,1538
1447,1351
1469,1470
1435,1440
1668,1622
1579,1510
1515,1560
1656,1629
1440,1392
1676,1564
1632,1605
1413,1428
1565,1640
1354,1377
1473,1460
1514,1534
1400,1440
1632,1581
1648,1579
1614,1607
1549,1520
1330,1367
1649,1601
1613,1610
1611,1544
1303,1380
1403,1394
1558,1533
1369,1385
1556,1550
1553,1580
1539,1625
1600,1630
1511,1456
1593,1542
1634,1632
1450,1433
1635,1632
1422,1450
1608,1555
1414,1375
1690,1608
1495,1393
1528,1555
1692,1597
1543,1537
1629,1556
1588,1572
1385,1389
1628,1635
1550,1521
1587,1551
1598,1589
1565,1450
1674,1589
1375,1402
1579,1643
1669,1623
1443,1495
1558,1576
1461,1482
1478,1531
1331,1379
1545,1585
1474,1508
1479,1434
1385,1417
1594,1635
1669,1541
1422,1469
1435,1517
1319,1373
1643,1592
1531,1461
1472,1484
1643,1581
1625,1638
1361,1368
1377,1430
1379,1408
1381,1432
1430,1461
1319,1414
1501,1480
1334,1369
1423,1469
1437,1470
1660,1551
1632,1620
1600,1534
1632,1583
1515,1489
1399,1415
1508,1476
1606,1582
1604,1583
1608,1607
1395,1459
1355,1405
1431,1421
1481,1536
1491,1456
1472,1442
1344,1371
1547,1472
1469,1392
1410,1429
1410,1367
1407,1421
1597,1607
1427,1492
1393,1378
1634,1606
1591,1476
1370,1400
1433,1461
1403,1407
1650,1586
1575,1569
1369,1406
1671,1599
1618,1589
1357,1406
1497,1589
1614,1580
1488,1529
1504,1498
1643,1617
1445,1505
1528,1533
1380,1414
1368,1337
1629,1587
1583,1500
1396,1398
1522,1531
1448,1499
1381,1409
1363,1410
1452,1415
1408,1414
1441,1458
1591,1558
1366,1399
1500,1471
1507,1529
1561,1640
1491,1474
1666,1577
1506,1512
1484,1500
1387,1454
1494,1510
1494,1440
1599,1634
1641,1596
1580,1485
1416,1471
1422,1449
1518,1536
1373,1369
1555,1584
1587,1551
1671,1574
1610,1604
1541,1513
1419,1348
1521,1596
1394,1428
1425,1398
1416,1494
1613,1623
1480,1562
1530,1576
1555,1573
1334,1466
1527,1511
1508,1495
1589,1552
1405,1345
1635,1584
1376,1394
1623,1556
1388,1415
1454,1412
1563,1596
1593,1560
1557,1593
1527,1429
1502,1557
1608,1529
1629,1579
1458,1443
1337,1375
1394,1458
1313,1384
1704,1592
1319,1437
1378,1338
1353,1393
1424,1420
1616,1576
1442,1422
1486,1524
1355,1443
1532,1496
1545,1535
1616,1542
1381,1379
1321,1423
1361,1391
1499,1536
1371,1410
1444,1414
1627,1578
1456,1393
1404,1393
1666,1584
1569,1624
1375,1435
1489,1503
1414,1464
1359,1381
1665,1585
1397,1409
1413,1489
1354,1471
1376,1427
1355,1358
1338,1465
1417,1493
1630,1533
1367,1345
1521,1522
1393,1418
1489,1444
1667,1638
1529,1573
1588,1539
1493,1488
1551,1464
1354,1457
1617,1634
1400,1413
1616,1569
1397,1336
1375,1387
1566,1546
1466,1496
1559,1502
1349,1445
1570,1618
1452,1480
1372,1430
1415,1488
1606,1664
1644,1523
1597,1514
1385,1464
1600,1528
1617,1593
1394,1430
1557,1543
1503,1545
1572,1621
1657,1636
1536,1470
1359,1395
1534,1478
1581,1551
1349,1407
1651,1564
1649,1576
1590,1630
1436,1433
1582,1637
1561,1487
1490,1448
1669,1595
1602,1554
1535,1542
1538,1562
1502,1583
1595,1548
1425,1390
1632,1608
1489,1459
1379,1436
1397,1399
1580,1570
1414,1406
1454,1472
1394,1413
1378,1370
1409,1388
1335,1371
1346,1434
1417,1396
1619,1623
1575,1599
1563,1584
1596,1513
1418,1433
1613,1532
1446,1391
1378,1395
1606,1650
1644,1578
1435,1493
1390,1446
1573,1588
1499,1449
1384,1387
1528,1541
1603,1627
1577,1577
1372,1429
1582,1516
1550,1544
1393,1410
1415,1424
1354,1358
1374,1391
1688,1604
1440,1514
1362,1394
1331,1452
1634,1637
1632,1624
1376,1452
1490,1482
1496,1610
1443,1447
1471,1515
1421,1433
1607,1576
1525,1557
1315,1375
1644,1630
1568,1635
1560,1603
1616,1612
1445,1431
1554,1526
1576,1573
1563,1514
1409,1492
1608,1597
1444,1443
1461,1435
1380,1452
1412,1424
1521,1566
1643,1576
1363,1424
1585,1616
1456,1435
1454,1531
1628,1612
1615,1621
1511,1537
1444,1445
1386,1389
1497,1525
1374,1503
1392,1367
1366,1394
1662,1662
1568,1605
1627,1610
1371,1455
1410,1416
1509,1478
1340,1402
1615,1490
1603,1643
1578,1587
1577,1541
1425,1488
1424,1446
1618,1547
1580,1551
1545,1596
1358,1362
1459,1419
1444,1524
1413,1441
1660,1595
1613,1618
1413,1453
1631,1544
1333,1409
1411,1407
1644,1546
1403,1494
1377,1376
1369,1401
1484,1441
1558,1599
1440,1452
1502,1457
1457,1501
1346,1440
1688,1625
1606,1541
1400,1367
1645,1526
1671,1599
1619,1567
1639,1616
1482,1545
1617,1563
1417,1429
1344,1419
1617,1597
1469,1486
1401,1449
1572,1587
1561,1533
1566,1594
1396,1447
1386,1399
1385,1410
1452,1440
1615,1584
1322,1452
1635,1587
1393,1413
1630,1610
1383,1422
1318,1472
1394,1389
1644,1638
1589,1644
1347,1408
1623,1547
1332,1353
1593,1577
1396,1391
1383,1459
1617,1563
1677,1580
1592,1527
1562,1557
1636,1599
1524,1538
1399,1422
1656,1601
1442,1433
1429,1443
1548,1566
1494,1509
1475,1511
1607,1602
1509,1544
1353,1357
1656,1587
1373,1495
1540,1565
1407,1399
1479,1453
1607,1566
1432,1508
1398,1387
1373,1449
1567,1580
1337,1409
1610,1594
1603,1598
1457,1532
1607,1508
1566,1503
1521,1514
1460,1420
1647,1592
1400,1408
1693,1608
1508,1474
1521,1537
1616,1586
1578,1524
1587,1592
1555,1569
1496,1450
1525,1532
1475,1508
1392,1412
1500,1508
1387,1436
1580,1523
1591,1539
1619,1626
1495,1566
1434,1365
1499,1462
1659,1578
1616,1562
1619,1584
1443,1484
1375,1374
1409,1459
1548,1457
1607,1675
1649,1563
1409,1455
1411,1397
1556,1593
1314,1426
1581,1557
1504,1568
1365,1376
1442,1493
1497,1488
1377,1387
1437,1505
1535,1527
1608,1477
1363,1414
1614,1575
1585,1592
1533,1584
1526,1536
1419,1396
1419,1456
1544,1552
1585,1507
1605,1611
1635,1581
1413,1416
1439,1386
1487,1515
1639,1620
1626,1624
1345,1373
1678,1594
1530,1540
1611,1577
1471,1417
1626,1557
1602,1600
1492,1391
1542,1472
1421,1468
1654,1595
1486,1423
1629,1557
1626,1560
1554,1469
1418,1436
1347,1434
1331,1388
1327,1418
1591,1547
1531,1500
1415,1449
1468,1520
1646,1621
1506,1503
1620,1646
1408,1448
1350,1396
1458,1392
1404,1451
1494,1513
1424,1463
1624,1557
1479,1418
1420,1490
1594,1646
1477,1425
1582,1603
1608,1626
1495,1468
1394,1430
1423,1390
1447,1442
1395,1357
1632,1587
1605,1577
1339,1427
1460,1432
1428,1474
1492,1451
1604,1587
1449,1430
1506,1418
1353,1438
1560,1602
1658,1638
1626,1524
1400,1448
1598,1598
1406,1392
1604,1546
1464,1403
1381,1431
1433,1420
1581,1594
1515,1505
1363,1381
1587,1512
1556,1597
1504,1456
1595,1592
1435,1399
1556,1515
1601,1492
1593,1588
1374,1390
1582,1547
1570,1533
1515,1504
1613,1578
1391,1421
1580,1556
1650,1616
1377,1429
1613,1588
1396,1387
1407,1399
1622,1589
1462,1483
1328,1396
1475,1507
1629,1569
1581,1536
1344,1379
1543,1511
1397,1384
1347,1373
1530,1516
1656,1585
1645,1619
1494,1435
1584,1577
1549,1605
1615,1559
1444,1382
1371,1403
1577,1452
1544,1605
1462,1438
1421,1416
1497,1595
1455,1550
1468,1482
1408,1438
1520,1479
1494,1506
1575,1607
1517,1510
1526,1499
1492,1529
1554,1605
1567,1602
1401,1381
1393,1438
1467,1439
1611,1595
1411,1427
1386,1432
1543,1560
1462,1497
1618,1636
1595,1583
1496,1488
1497,1458
1601,1571
1415,1412
1653,1605
1387,1460
1555,1503
1336,1414
1405,1394
1584,1601
1348,1395
1606,1566
1348,1449
1423,1397
1435,1511
1568,1615
1627,1499
1417,1483
1599,1597
1469,1428
1565,1483
1451,1389
1406,1449
1408,1386
1512,1510
1420,1425
1436,1393
1391,1402
1311,1401
1630,1602
1579,1525
1571,1565
1468,1484
1688,1643
1448,1481
1598,1572
1496,1555
1543,1554
1523,1572
1585,1565
1425,1430
1499,1516
1608,1561
1426,1442
1418,1357
1461,1472
1495,1442
1418,1422
1478,1505
1491,1543
1455,1461
1443,1439
1521,1515
1453,1453
1620,1592
1351,1373
1398,1390
1375,1374
1583,1537
1452,1466
1600,1597
1568,1571
1557,1518
1492,1517
1463,1464
1561,1596
1406,1401
1572,1541
1623,1565
1424,1499
1386,1428
1484,1546
1420,1368
1364,1382
1615,1611
1455,1521
1489,1491
1593,1541
1360,1402
1566,1550
1543,1514
1345,1402
1394,1414
1378,1415
1616,1578
1404,1397
1567,1621
1435,1466
1480,1436
1513,1450
1580,1635
1577,1566
1577,1601
1407,1480
1352,1421
1496,1447
1416,1477
1561,1599
1520,1487
1611,1552
1618,1584
1410,1476
1545,1596
1539,1552
1618,1601
1457,1380
1481,1479
1380,1389
1557,1595
1591,1569
1624,1609
1638,1610
1491,1557
1585,1543
1548,1546
1649,1563
1539,1489
1351,1388
1508,1538
1529,1616
1368,1377
1391,1438
1502,1510
1502,1560
1570,1510
1611,1623
1589,1609
1632,1630
1559,1510
1547,1554
1629,1595
1544,1516
1581,1596
1440,1434
1445,1494
1353,1434
1489,1566
1550,1501
1568,1575
1567,1571
1580,1570
1497,1516
1411,1517
1458,1529
1570,1536
1567,1503
1593,1589
1551,1591
1381,1403
1563,1561
1556,1483
1558,1561
1442,1447
1609,1588
1609,1569
1539,1592
1430,1469
1431,1498
1538,1471
1479,1523
1493,1465
1412,1402
1492,1517
1441,1418
1630,1541
1419,1405
1564,1629
1647,1603
1651,1550
1613,1570
1549,1543
1525,1592
1572,1561
1616,1660
1520,1495
1445,1453
1441,1471
1425,1453
1368,1441
1544,1502
1454,1432
1523,1575
1489,1505
1429,1441
1394,1377
1457,1424
1596,1602
1572,1607
1469,1434
1408,1406
1430,1428
1402,1391
1542,1558
1596,1583
1460,1514
1618,1597
1504,1486
1546,1558
1520,1522
1530,1493
1531,1524
1566,1555
1401,1529
1416,1427
1565,1513
1457,1509
1407,1392
1434,1413
1374,1429
1451,1412
1546,1530
1636,1573
1618,1597
1487,1494
1337,1434
1627,1554
1455,1424
1380,1387
1382,1416
1397,1409
1508,1524
1540,1531
1656,1586
1551,1490
1420,1425
1320,1443
1566,1544
1427,1497
1360,1450
1429,1389
1506,1438
1562,1518
1446,1514
1416,1459
1411,1364
1563,1625
1401,1432
1378,1426
1503,1546
1468,1490
1525,1600
1648,1574
1510,1489
1396,1454
1509,1523
1617,1563
1443,1482
1465,1499
1558,1542
1607,1637
1586,1543
1531,1464
1280,1421
1424,1503
1512,1481
1479,1538
1547,1482
1345,1431
1418,1433
1516,1429
1421,1428
1388,1425
1493,1445
1544,1535
1512,1599
1405,1450
1585,1638
1587,1552
1589,1632
1554,1550
1329,1406
1453,1518
1472,1482
1507,1483
1383,1388
1563,1509
1549,1609
1460,1459
1433,1475
1355,1394
1517,1600
1511,1569
1479,1538
1400,1453
1478,1434
1601,1613
1618,1602
1575,1592
1547,1521
1578,1538
1455,1412
1601,1627
1379,1476
1624,1532
1566,1566
1525,1521
1353,1410
1602,1605
1557,1529
1446,1493
1352,1405
1400,1405
1595,1636
1551,1545
1433,1466
1376,1399
1617,1577
1467,1460
1485,1500
1576,1612
1407,1416
1613,1580
1413,1399
1492,1486
1369,1416
1600,1614
1471,1430
1485,1511
1571,1572
1485,1571
1425,1440
1599,1579
1541,1540
1572,1540
1452,1495
1557,1552
1462,1415
1559,1529
1647,1604
1410,1449
1397,1470
1419,1404
1395,1370
1330,1455
1391,1392
1434,1448
1419,1449
1347,1418
1409,1429
1461,1477
1343,1386
1524,1477
1563,1521
1435,1404
1557,1524
1570,1595
1550,1417
1627,1544
1603,1597
1443,1479
1613,1633
1449,1526
1575,1590
1653,1621
1543,1478
1392,1425
1511,1490
1585,1568
1588,1522
1585,1516
1355,1443
1530,1511
1396,1400
1377,1389
1376,1415
1592,1556
1596,1543
1377,1483
1434,1381
1473,1514
1386,1445
1612,1588
1406,1436
1552,1575
1577,1545
1502,1422
1346,1417
1495,1453
1409,1434
1382,1434
1673,1625
1325,1420
1458,1426
1437,1382
1482,1500
1509,1522
1538,1566
1516,1500
1555,1501
1615,1560
1579,1517
1564,1532
1509,1454
1528,1544
1568,1584
1490,1599
1575,1617
1409,1450
1400,1382
1526,1556
1397,1440
1625,1640
1421,1492
1434,1462
1563,1536
1498,1471
1489,1520
1536,1438
1580,1582
1507,1470
1589,1553
1624,1617
1469,1476
1604,1556
1476,1512
1481,1492
1510,1572
1629,1606
1462,1488
1395,1446
1576,1528
1375,1432
1574,1577
1443,1451
1420,1514
1517,1523
1554,1533
1437,1408
1455,1477
1406,1495
1544,1521
1361,1430
1410,1484
1455,1379
1350,1430
1643,1610
1425,1477
1515,1434
1552,1542
1597,1568
1482,1543
1405,1384
1432,1394
1403,1399
1566,1555
1521,1583
1580,1580
1538,1508
1493,1458
1624,1598
1360,1413
1472,1538
1597,1620
1533,1565
1451,1475
1542,1534
1504,1579
1459,1497
1583,1557
1548,1559
1399,1530
1594,1505
1399,1424
1588,1656
1466,1402
1473,1401
1645,1591
1593,1557
1437,1428
1428,1438
1514,1555
1544,1448
1393,1448
1361,1468
1342,1377
1407,1467
1578,1542
1595,1506
1386,1386
1410,1431
1394,1433
1367,1382
1408,1406
1552,1569
1408,1415
1434,1405
1579,1600
1601,1596
1611,1584
1603,1556
1418,1428
1341,1418
1610,1549
1592,1571
1606,1601
1420,1446
1475,1500
1375,1448
1540,1559
1613,1547
1569,1586
1615,1559
1419,1507
1418,1451
1640,1577
1642,1599
1607,1492
1337,1401
1355,1456
1539,1543
1436,1490
1586,1640
1568,1586
1377,1366
1359,1398
1397,1472
1340,1384
1533,1482
1604,1582
1509,1450
1392,1472
1344,1385
1526,1423
1486,1462
1586,1585
1600,1584
1604,1575
1437,1470
1439,1540
1480,1428
1464,1439
1355,1465
1367,1439
1532,1473
1424,1398
1388,1449
1638,1601
1584,1580
1540,1516
1602,1625
1420,1393
1376,1444
1450,1446
1407,1459
1613,1546
1335,1378
1650,1542
1627,1602
1487,1499
1600,1588
1395,1424
1566,1548
1479,1467
1459,1503
1385,1419
1499,1544
1372,1397
1599,1576
1470,1480
1590,1586
1504,1463
1391,1489
1626,1598
1350,1391
1377,1394
1360,1402
1497,1504
1514,1497
1410,1458
1620,1570
1400,1407
1622,1597
1515,1477
1339,1405
1403,1402
1632,1581
1572,1554
1529,1524
1430,1397
1381,1403
1536,1557
1427,1402
1474,1456
1405,1396
1411,1425
1533,1586
1390,1431
1372,1388
1369,1441
1658,1580
1526,1454
1491,1477
1424,1467
1449,1438
1568,1602
1548,1518
1627,1600
1620,1603
1420,1423
1471,1389
1525,1490
1663,1581
1604,1568
1556,1514
1430,1448
1487,1410
1591,1581
1413,1441
1583,1599
1592,1569
1412,1423
1536,1448
1499,1522
1388,1437
1456,1423
1599,1534
1635,1583
1578,1568
1626,1539
1537,1609
1618,1543
1478,1468
1437,1526
1439,1431
1411,1415
1587,1591
1504,1457
1456,1404
1613,1520
1661,1583
1567,1619
1389,1403
1407,1429
1478,1512
1509,1561
1612,1584
1451,1424
1508,1460
1500,1489
1602,1613
1423,1444
1553,1492
1450,1492
1627,1582
1423,1457
1612,1591
1398,1374
1451,1456
1627,1527
1644,1534
1594,1545
1558,1563
1412,1389
1535,1534
1576,1546
1361,1395
1488,1487
1414,1416
1464,1413
1611,1585
1461,1460
1550,1552
1367,1390
1432,1392
1576,1531
1657,1615
1496,1536
1606,1595
1579,1528
1434,1424
1584,1605
1576,1560
1451,1448
1423,1476
1411,1433
1381,1475
1623,1604
1473,1497
1646,1596
1620,1585
1419,1448
1496,1545
1610,1555
1388,1394
1617,1561
1380,1435
1476,1535
1620,1567
1584,1616
1546,1556
1535,1628
1547,1591
1483,1452
1417,1471
1366,1390
1545,1551
1380,1430
1592,1596
1481,1459
1437,1444
1597,1588
1577,1606
1594,1504
1383,1390
1442,1491
1557,1564
1544,1517
1629,1559
1504,1594
1420,1388
1670,1625
1648,1575
1361,1406
1336,1455
1508,1588
1596,1554
1535,1500
1638,1635
1617,1562
1566,1543
1619,1598
1636,1612
1468,1576
1595,1597
1434,1522
1448,1446
1391,1434
1588,1483
1614,1601
1436,1364
1486,1483
1613,1590
1438,1462
1479,1525
1438,1465
1560,1553
1437,1480
1560,1557
1580,1587
1347,1419
1373,1392
1678,1607
1592,1599
1455,1420
1644,1592
1496,1504
1380,1385
1612,1572
1413,1393
1641,1585
1391,1467
1402,1406
1626,1566
1611,1512
1590,1534
1570,1596
1360,1410
1608,1574
1504,1411
1563,1557
1422,1455
1476,1445
1562,1480
1614,1534
1368,1442
1416,1487
1632,1582
1385,1402
1589,1521
1515,1533
1459,1461
1403,1418
1611,1576
1451,1451
1432,1456
1554,1533
1387,1405
1597,1565
1584,1509
1453,1504
1626,1621
1558,1577
1635,1631
1434,1420
1400,1391
1521,1530
1393,1444
1489,1456
1350,1417
1502,1458
1373,1417
1612,1555
1383,1428
1618,1515
1382,1408
1559,1545
1365,1372
1478,1477
1506,1520
1574,1588
1498,1567
1536,1514
1589,1581
1430,1446
1543,1519
1358,1384
1432,1406
1529,1579
1514,1635
1476,1436
1420,1439
1538,1508
1444,1390
1380,1492
1571,1599
1581,1571
1554,1558
1539,1531
1554,1588
1658,1563
1460,1493
1468,1478
1647,1639
1620,1562
1414,1398
1441,1479
1637,1595
1631,1615
1368,1435
1586,1577
1459,1428
1449,1438
1403,1390
1552,1611
1563,1544
1686,1616
1634,1592
1517,1483
1508,1428
1556,1536
1635,1507
1493,1473
1452,1429
1599,1597
1438,1431
1480,1511
1459,1438
1344,1409
1528,1446
1421,1381
1624,1583
1462,1428
1641,1606
1455,1453
1534,1520
1425,1450
1693,1539
1583,1582
1401,1410
1504,1573
1596,1560
1393,1401
1677,1620
1519,1530
1602,1599
1391,1417
1650,1593
1502,1417
1447,1477
1397,1472
1600,1485
1576,1587
1605,1621
1602,1558
1556,1524
1483,1460
1614,1583
1460,1449
1636,1618
1610,1493
1363,1398
1590,1575
1390,1380
1388,1403
1350,1420
1341,1388
1564,1606
1604,1603
1531,1536
1532,1597
1564,1629
1349,1455
1481,1513
1501,1479
1416,1379
1478,1511
1561,1522
1560,1510
1545,1507
1605,1583
1674,1638
1512,1475
1523,1456
1629,1573
1610,1607
1562,1534
1600,1545
1494,1469
1474,1502
1593,1497
1387,1405
1560,1554
1581,1583
1339,1442
1355,1374
1576,1479
1545,1421
1601,1559
1469,1457
1560,1565
1375,1410
1504,1462
1397,1387
1622,1569
1600,1557
1547,1515
1505,1477
1663,1578
1428,1425
1434,1384
1597,1604
1543,1508
1711,1577
1389,1382
1497,1375
1335,1387
1435,1425
1427,1424
1575,1609
1504,1541
1361,1351
1646,1584
1419,1386
1657,1602
1594,1609
1514,1546
1598,1551
1604,1522
1368,1437
1558,1535
1492,1546
1427,1482
1369,1404
1391,1443
1600,1573
1530,1494
1537,1589
1563,1562
1446,1534
1628,1569
1584,1605
1347,1398
1634,1596
1601,1487
1599,1569
1558,1572
1407,1414
1573,1578
1422,1397
1376,1371
1580,1525
1609,1585
1524,1505
1556,1569
1602,1612
1391,1446
1669,1636
1559,1537
1477,1443
1447,1443
1586,1607
1626,1597
1453,1505
1438,1443
1622,1594
1428,1464
1580,1560
1366,1407
1634,1554
1550,1563
1316,1410
1667,1688
1561,1525
1333,1379
1595,1611
1604,1615
1640,1560
1621,1613
1633,1617
1523,1512
1489,1420
1536,1489
1411,1436
1546,1475
1572,1591
1556,1553
1449,1439
1572,1525
1410,1441
1454,1398
1368,1480
1587,1562
1560,1525
1393,1448
1373,1396
1630,1594
1372,1383
1372,1409
1486,1525
1491,1458
1353,1370
1356,1398
1378,1447
1613,1559
1514,1541
1411,1485
1496,1487
1354,1418
1534,1500
1579,1609
1457,1468
1574,1609
1462,1510
1488,1457
1632,1604
1392,1408
1489,1519
1524,1484
1454,1417
1394,1440
1679,1582
1436,1449
1425,1412
1632,1550
1616,1613
1443,1475
1590,1480
1652,1612
1406,1530
1674,1644
1637,1599
1531,1499
1494,1481
1401,1472
1452,1513
1540,1545
1427,1482
1427,1403
1565,1596
1480,1429
1433,1465
1382,1416
1361,1355
1647,1653
1403,1410
1390,1390
1386,1432
1564,1606
1399,1418
1502,1455
1437,1484
1495,1515
1569,1592
1416,1390
1377,1415
1450,1511
1501,1578
1402,1470
1458,1490
1590,1568
1395,1403
1522,1500
1523,1464
1351,1434
1347,1319
1375,1412
1413,1391
1556,1550
1412,1469
1357,1437
1614,1574
1483,1555
1645,1558
1647,1612
1555,1531
1455,1468
1671,1583
1372,1445
1572,1507
1526,1561
1413,1407
1581,1583
1500,1483
1490,1564
1644,1580
1581,1558
1521,1569
1381,1409
1488,1552
1566,1568
1670,1553
1336,1372
1624,1554
1450,1453
1481,1398
1371,1394
1618,1568
1406,1363
1400,1465
1398,1432
1477,1437
1615,1604
1432,1436
1578,1649
1377,1388
1407,1464
1360,1440
1565,1595
1516,1574
1361,1459
1481,1527
1602,1530
1636,1623
1598,1500
1587,1616
1360,1430
1320,1440
1616,1571
1451,1463
1383,1393
1498,1418
1552,1538
1535,1534
1440,1384
1527,1470
1489,1491
1518,1483
1565,1563
1614,1594
1404,1385
1568,1644
1373,1463
1451,1428
1480,1451
1644,1589
1644,1577
1407,1485
1665,1566
1553,1524
1348,1363
1600,1593
1598,1552
1628,1599
1558,1521
1572,1526
1304,1405
1581,1521
1535,1600
1623,1600
1376,1413
1546,1500
1602,1563
1652,1615
1344,1445
1516,1536
1485,1400
1419,1516
1429,1463
1601,1604
1639,1630
1473,1450
1417,1468
1483,1430
1483,1490
1605,1518
1588,1658
1617,1586
1521,1477
1607,1515
1637,1609
1650,1617
1653,1602
1619,1591
1614,1472
1540,1582
1533,1563
1445,1440
1628,1535
1596,1598
1548,1598
1403,1474
1666,1612
1473,1388
1536,1491
1445,1460
1354,1430
1643,1530
1620,1560
1361,1378
1635,1573
1586,1600
1408,1445
1492,1421
1509,1562
1593,1576
1443,1462
1417,1449
1653,1582
1660,1586
1479,1416
1598,1553
1479,1472
1593,1546
1616,1565
1372,1402
1443,1537
1384,1385
1485,1518
1533,1523
1466,1470
1642,1614
1574,1554
1553,1522
1388,1401
1383,1423
1396,1434
1579,1447
1431,1460
1396,1371
1536,1581
1598,1545
1505,1418
1599,1571
1601,1576
1529,1436
1464,1351
1559,1548
1436,1423
1421,1437
1372,1430
1458,1393
1443,1536
1611,1575
1501,1536
1382,1425
1364,1420
1393,1500
1422,1441
1431,1395
1501,1480
1647,1598
1550,1527
1393,1411
1380,1381
1532,1517
1407,1451
1362,1412
1481,1446
1376,1396
1436,1436
1543,1538
1548,1514
1386,1431
1382,1367
1634,1624
1684,1649
1343,1432
1584,1653
1506,1576
1454,1467
1600,1578
1377,1408
1523,1583
1434,1380
1474,1411
1494,1443
1342,1425
1426,1443
1410,1403
1410,1356
1624,1563
1626,1607
1627,1561
1596,1551
1560,1526
1490,1497
1516,1471
1349,1361
1549,1530
1568,1479
1500,1565
1454,1534
1517,1513
1586,1588
1358,1388
1310,1405
1628,1586
1426,1460
1429,1420
1414,1497
1616,1562
1664,1576
1646,1590
1453,1501
1449,1391
1533,1563
1439,1441
1528,1521
1375,1409
1400,1469
1419,1390
1565,1568
1609,1586
1513,1519
1551,1609
1337,1419
1428,1446
1448,1455
1539,1616
1481,1473
1557,1588
1474,1564
1502,1498
1617,1563
1532,1481
1474,1515
1656,1645
1504,1448
1400,1382
1373,1370
1545,1571
1440,1416
1410,1429
1631,1531
1439,1396
1354,1411
1462,1444
1342,1424
1493,1488
1653,1607
1617,1595
1449,1393
1532,1556
1643,1602
1497,1456
1336,1404
1460,1523
1389,1424
1465,1471
1589,1569
1449,1501
1620,1619
1371,1427
1446,1475
1473,1373
1357,1422
1387,1323
1467,1386
1387,1427
1557,1467
1320,1368
1626,1616
1406,1468
1450,1394
1628,1551
1356,1381
1414,1439
1630,1629
1340,1442
1456,1517
1529,1534
1582,1542
1445,1518
1473,1567
1550,1469
1363,1436
1533,1506
1442,1424
1350,1408
1539,1639
1576,1519
1404,1380
1411,1421
1346,1400
1497,1490
1565,1475
1567,1523
1467,1536
1335,1426
1624,1624
1428,1408
1447,1459
1539,1547
1431,1443
1401,1441
1386,1491
1576,1564
1340,1397
1354,1399
1573,1582
1378,1380
1666,1582
1487,1507
1663,1560
1424,1458
1356,1446
1361,1400
1361,1422
1611,1607
1444,1531
1561,1577
1375,1451
1582,1536
1531,1447
1618,1646
1356,1433
1536,1590
1441,1514
1489,1440
1352,1408
1503,1501
1473,1555
1424,1409
1526,1495
1475,1509
1689,1590
1504,1496
1535,1509
1393,1481
1411,1384
1597,1612
1653,1537
1496,1453
1414,1474
1560,1510
1428,1435
1378,1369
1471,1547
1608,1587
1428,1437
1387,1435
1583,1463
1376,1386
1549,1459
1350,1402
1296,1358
1587,1579
1351,1376
1418,1533
1525,1549
1546,1483
1619,1500
1434,1423
1338,1415
1482,1527
1492,1600
1443,1415
1599,1637
1364,1397
1392,1361
1352,1427
1355,1364
1591,1505
1630,1574
1619,1594
1313,1420
1622,1589
1392,1455
1377,1362
1525,1517
1460,1399
1412,1426
1581,1579
1402,1436
1472,1416
1655,1612
1545,1583
1532,1524
1570,1520
1672,1572
1529,1557
1436,1499
1627,1620
1633,1635
1470,1534
1616,1649
1323,1409
1353,1376
1610,1557
1500,1590
1500,1535
1362,1448
1572,1578
1586,1542
1557,1512
1396,1419
1467,1473
1399,1487
1280,1387
1427,1369
1671,1599
1526,1521
1545,1518
1459,1488
1571,1554
1534,1552
1461,1507
1566,1594
1467,1471
1610,1623
1708,1629
1480,1509
1383,1462
1562,1519
1681,1603
1377,1393
1392,1431
1502,1554
1617,1595
1380,1387
1416,1472
1520,1566
1593,1594
1427,1508
1560,1615
1595,1579
1336,1407
1431,1430
1440,1383
1388,1472
1597,1525
1663,1572
1600,1609
1600,1624
1367,1445
1398,1365
1349,1354
1411,1398
1388,1420
1557,1520
1416,1497
1689,1612
1374,1319
1528,1452
1500,1561
1424,1393
1388,1460
1623,1584
1384,1466
1624,1589
1582,1582
1501,1488
1534,1574
1432,1401
1376,1449
1641,1586
1382,1424
1314,1325
1614,1531
1629,1571
1410,1437
1641,1575
1487,1454
1571,1509
1522,1468
1320,1366
1357,1453
1387,1410
1545,1545
1580,1442
1365,1476
1601,1590
1481,1370
1333,1372
1507,1562
1386,1378
1466,1486
1386,1415
1338,1413
1550,1546
1606,1613
1658,1636
1357,1446
1514,1507
1595,1549
1395,1415
1670,1660
1543,1542
1490,1495
1425,1354
1319,1430
1528,1568
1347,1405
1386,1380
1581,1631
1593,1632
1614,1571
1605,1576
1636,1605
1561,1587
1654,1560
1621,1607
1342,1388
1517,1474
1337,1380
1428,1401
1596,1549
1371,1402
1484,1557
1413,1486
1629,1622
1393,1380
1409,1324
1512,1493
1654,1638
1401,1463
1602,1531
1549,1576
1625,1588
1469,1548
1593,1561
1453,1400
1468,1552
1429,1420
1634,1630
1387,1412
1570,1499
1384,1428
1386,1367
1422,1397
1404,1362
1596,1584
1460,1489
1404,1485
1368,1392
1529,1485
1361,1420
1583,1550
1361,1397
1670,1591
1349,1416
1368,1380
1386,1400
1394,1397
1417,1398
1661,1571
1356,1418
1572,1545
1590,1469
1585,1623
1318,1376
1482,1443
1333,1386
1398,1399
1432,1537
1461,1433
1333,1437
1664,1586
1496,1525
1351,1422
1607,1593
1385,1391
1552,1485
1595,1596
1577,1592
1321,1420
1590,1618
1681,1601
1467,1579
1616,1588
1398,1415
1598,1594
1397,1446
1624,1615
1576,1536
1690,1631
1498,1578
1564,1565
1357,1467
1645,1518
1398,1427
1470,1449
1675,1619
1313,1407
1439,1499
1634,1628
1659,1596
1621,1578
1606,1541
1496,1458
1462,1430
1578,1479
1320,1397
1587,1619
1575,1614
1397,1446
1368,1401
1374,1387
1642,1573
1649,1603
1364,1402
1611,1598
1481,1488
1365,1387
1365,1382
1625,1574
1537,1564
1428,1467
1653,1643
1514,1568
1549,1598
1461,1501
1631,1566
1658,1633
1630,1565
1606,1562
1381,1412
1439,1433
1402,1456
1695,1613
1444,1384
1499,1521
1361,1353
1560,1459
1500,1557
1397,1442
1423,1422
1394,1359
1427,1406
1603,1581
1644,1562
1389,1392
1545,1571
1628,1629
1413,1457
1316,1437
1380,1449
1449,1395
1386,1418
1510,1440
1662,1577
1340,1425
1620,1583
1460,1570
1606,1592
1674,1607
1364,1364
1506,1514
1580,1564
1410,1376
1449,1422
1530,1522
1418,1395
1349,1399
1375,1395
1438,1393
1568,1616
1338,1402
1641,1590
1577,1561
1608,1576
1661,1589
1384,1385
1533,1478
1652,1647
1633,1573
1320,1360
1623,1589
1345,1390
1613,1609
1387,1450
1585,1579
1613,1517
1437,1459
1674,1581
1511,1524
1609,1606
1322,1339
1509,1522
1471,1402
1372,1357
1453,1417
1613,1569
1655,1581
1325,1370
1480,1531
1425,1508
1394,1392
1624,1585
1414,1389
1362,1352
1473,1471
1663,1596
1653,1627
1625,1609
1665,1626
1671,1632
1686,1614
1413,1454
1410,1415
1618,1584
1362,1407
1476,1390
1475,1453
1385,1401
1609,1523
1423,1363
1364,1363
1587,1511
1379,1389
1373,1369
1494,1512
1665,1584
1694,1618
1347,1429
1418,1392
1377,1392
1556,1497
1344,1374
1399,1445
1522,1532
1448,1471
1592,1634
1340,1441
1440,1402
1369,1424
1614,1577
1403,1474
1660,1616
1510,1488
1520,1499
1485,1576
1601,1566
1457,1581
1382,1387
1541,1475
1556,1458
1430,1522
1609,1566
1510,1444
1350,1360
1644,1558
1411,1382
1463,1433
1636,1560
1395,1510
1436,1536
1497,1538
1326,1366
1333,1367
1424,1440
1382,1420
1434,1525
1271,1330
1384,1397
1616,1576
1624,1597
1327,1370
1372,1431
1410,1433
1522,1485
1660,1632
1618,1639
1398,1397
1613,1600
1379,1490
1392,1480
1661,1587
1374,1387
1507,1477
1418,1397
1528,1434
1630,1581
1507,1538
1424,1402
1615,1596
1664,1617
1449,1471
1481,1418
1347,1390
1491,1437
1626,1640
1451,1387
1417,1392
1657,1602
1350,1352
1450,1518
1625,1574
1562,1646
1652,1629
1618,1570
1666,1617
1361,1407
1293,1394
1473,1559
1669,1617
1641,1611
1503,1521
1425,1543
1461,1528
1365,1386
1695,1580
1467,1437
1644,1587
1488,1428
1450,1474
1585,1566
1587,1605
1536,1565
1356,1354
1543,1529
1638,1571
1415,1500
1601,1589
1620,1644
1389,1411
1559,1610
1367,1442
1540,1591
1680,1632
1387,1386
1620,1548
1488,1501
1527,1467
1654,1593
1395,1359
1408,1445
1638,1608
1489,1410
1377,1398
1457,1429
1462,1516
1478,1431
1328,1496
1596,1491
1472,1586
1401,1408
1520,1587
1571,1564
1612,1478
1480,1491
1437,1469
1572,1595
1642,1627
1453,1466
1617,1531
1417,1506
1397,1386
1520,1503
1303,1361
1509,1466
1387,1407
1445,1482
1561,1549
1578,1553
1449,1504
1413,1403
1461,1456
1503,1455
1708,1671
1377,1394
1380,1361
1349,1407
1652,1569
1360,1401
1547,1544
1671,1598
1365,1389
1335,1389
1707,1538
1481,1486
1328,1382
1416,1407
1617,1548
1524,1552
1624,1581
1401,1389
1469,1551
1382,1359
1429,1485
1361,1473
1505,1551
1530,1555
1480,1426
1282,1343
1427,1466
1325,1387
1502,1469
1636,1643
1414,1421
1400,1378
1519,1529
1395,1403
1561,1515
1579,1537
1379,1370
1581,1511
1367,1427
1370,1401
1396,1437
1578,1609
1343,1333
1655,1649
1579,1627
1354,1382
1383,1481
1464,1466
1465,1425
1566,1562
1656,1613
1525,1565
1537,1554
1600,1588
1543,1604
1551,1507
1409,1487
1606,1573
1466,1587
1511,1464
1466,1419
1581,1596
1552,1519
1324,1334
1596,1576
1520,1459
1339,1432
1580,1550
1679,1607
1371,1359
1585,1617
1463,1406
1684,1629
1498,1484
1480,1554
1426,1449
1684,1561
1416,1387
1676,1627
1489,1443
1464,1484
1532,1555
1396,1477
1389,1398
1335,1388
1396,1423
1596,1559
1586,1580
1566,1576
1659,1631
1462,1496
1437,1470
1499,1564
1510,1578
1422,1353
1349,1357
1593,1609
1356,1389
1352,1398
1420,1450
1382,1413
1509,1570
1310,1370
1456,1432
1369,1412
1522,1579
1404,1375
1381,1434
1469,1377
1649,1506
1685,1606
1285,1363
1480,1537
1449,1462
1443,1463
1626,1593
1386,1372
1451,1425
1435,1433
1493,1395
1535,1471
1622,1592
1372,1377
1527,1522
1595,1641
1623,1606
1642,1611
1548,1578
1377,1375
1684,1588
1310,1371
1395,1381
1563,1572
1581,1594
1692,1596
1337,1394
1494,1499
1575,1511
1579,1485
1553,1635
1296,1411
1537,1523
1373,1470
1668,1699
1385,1407
1439,1477
1329,1451
1429,1488
1460,1509
1638,1592
1664,1620
1489,1561
1645,1619
1624,1652
1548,1539
1333,1345
1467,1382
1675,1599
1403,1400
1479,1546
1406,1414
1651,1646
1437,1490
1354,1361
1480,1477
1319,1379
1618,1628
1445,1434
1348,1356
1590,1546
1374,1438
1546,1451
1617,1657
1347,1370
1473,1425
1424,1489
1555,1553
1583,1494
1715,1656
1452,1489
1678,1566
1604,1504
1518,1540
1537,1576
1604,1621
1612,1635
1388,1384
1594,1523
1392,1508
1490,1501
1641,1644
1529,1554
1369,1376
1482,1490
1655,1612
1531,1461
1390,1369
1536,1531
1525,1416
1482,1491
1339,1353
1662,1579
1603,1582
1372,1422
1357,1390
1379,1390
1505,1501
1357,1355
1495,1445
1400,1427
1381,1445
1565,1552
1496,1532
1359,1381
1409,1450
1512,1550
1498,1483
1278,1381
1377,1405
1520,1506
1577,1551
1342,1381
1582,1587
1361,1439
1391,1370
1528,1594
1636,1562
1633,1582
1341,1419
1523,1503
1599,1617
1674,1520
1469,1545
1571,1568
1630,1675
1562,1565
1332,1384
1417,1413
1350,1432
1417,1527
1636,1647
1464,1566
1376,1369
1445,1450
1339,1370
1343,1413
1517,1526
1347,1391
1396,1395
1512,1546
1463,1525
1500,1590
1395,1414
1618,1607
1634,1571
1365,1415
1528,1563
1323,1367
1343,1417
1330,1345
1314,1386
1346,1399
1615,1547
1439,1428
1415,1388
1645,1596
1616,1626
1480,1400
1415,1412
1372,1376
1406,1494
1531,1463
1369,1402
1666,1604
1538,1572
1658,1609
1428,1526
1624,1651
1636,1625
1473,1502
1629,1612
1565,1622
1571,1515
1569,1568
1670,1650
1505,1474
1448,1461
1651,1552
1545,1504
1413,1392
1476,1408
1324,1382
1456,1486
1378,1447
1309,1366
1488,1530
1632,1581
1708,1610
1395,1484
1452,1457
1406,1382
1395,1409
1370,1455
1576,1501
1594,1558
1348,1399
1636,1562
1377,1393
1488,1501
1606,1626
1340,1348
1599,1473
1664,1684
1620,1569
1475,1519
1635,1629
1387,1389
1372,1456
1394,1416
1328,1389
1491,1548
1541,1477
1385,1464
1638,1570
1585,1536
1467,1476
1546,1485
1682,1569
1610,1569
1572,1567
1316,1386
1684,1617
1412,1439
1522,1463
1670,1546
1587,1566
1517,1496
1670,1548
1440,1392
1659,1539
1674,1586
1592,1528
1672,1604
1470,1436
1612,1591
1394,1478
1615,1617
1565,1484
1617,1562
1628,1529
1321,1400
1589,1602
1463,1504
1616,1569
1642,1589
1609,1580
1470,1418
1442,1433
1375,1431
1576,1569
1614,1572
1367,1381
1599,1594
1406,1441
1606,1559
1469,1464
1365,1467
1456,1449
1421,1414
1513,1528
1386,1446
1357,1437
1635,1604
1655,1585
1326,1353
1628,1619
1417,1402
1531,1555
1653,1593
1564,1577
1465,1495
1416,1393
1561,1630
1488,1489
1379,1415
1629,1597
1622,1609
1359,1439
1528,1565
1560,1577
1679,1615
1410,1468
1386,1471
1468,1513
1699,1593
1617,1618
1407,1492
1639,1601
1466,1412
1454,1439
1469,1485
1340,1387
1509,1461
1597,1673
1335,1355
1362,1372
1405,1445
1577,1526
1657,1651
1657,1650
1668,1603
1564,1517
1274,1370
1438,1437
1554,1550
1675,1637
1602,1572
1626,1565
1421,1503
1556,1493
1286,1372
1627,1495
1451,1419
1323,1432
1633,1508
1393,1436
1364,1436
1361,1401
1605,1569
1408,1501
1363,1366
1531,1512
1374,1388
1347,1405
1358,1410
1371,1394
1446,1508
1540,1591
1659,1609
1421,1475
1445,1399
1339,1392
1319,1369
1427,1470
1460,1444
1324,1364
1669,1608
1612,1601
1503,1503
1358,1391
1595,1625
1502,1455
1346,1339
1470,1454
1454,1443
1392,1425
1298,1420
1349,1374
1642,1653
1288,1410
1484,1559
1550,1550
1337,1376
1347,1374
1407,1442
1552,1496
1422,1421
1487,1553
1336,1370
1399,1374
1315,1369
1316,1387
1612,1571
1467,1504
1310,1439
1555,1556
1336,1441
1667,1666
1684,1592
1378,1411
1694,1586
1560,1567
1471,1483
1348,1371
1362,1361
1493,1446
1472,1410
1672,1628
1564,1531
1502,1501
1366,1369
1584,1618
1293,1398
1498,1542
1386,1410
1539,1610
1361,1417
1557,1499
1631,1623
1699,1599
1354,1432
1585,1626
1580,1606
1325,1370
1566,1562
1334,1444
1593,1604
1549,1603
1682,1645
1611,1498
1542,1624
1448,1433
1441,1479
1672,1614
1308,1411
1385,1354
1370,1364
1633,1580
1412,1490
1303,1348
1706,1614
1650,1636
1410,1392
1527,1459
1652,1629
1625,1585
1382,1432
1474,1507
1386,1392
1369,1377
1350,1391
1369,1444
1529,1530
1364,1405
1704,1635
1402,1498
1639,1605
1572,1550
1367,1415
1404,1407
1266,1405
1482,1509
1453,1441
1489,1406
1354,1389
1543,1580
1427,1418
1673,1635
1385,1521
1626,1615
1395,1418
1452,1498
1644,1600
1663,1662
1624,1586
1548,1512
1502,1436
1598,1542
1570,1674
1337,1359
1389,1383
1391,1496
1384,1523
1309,1373
1621,1570
1379,1469
1589,1570
1554,1551
1600,1573
1531,1518
1531,1556
1303,1366
1611,1634
1409,1419
1682,1580
1401,1326
1320,1378
1471,1522
1507,1519
1682,1648
1480,1535
1627,1575
1637,1613
1626,1604
1355,1366
1575,1603
1566,1498
1613,1667
1652,1653
1439,1525
1306,1391
1465,1496
1663,1537
1385,1369
1582,1554
1659,1626
1544,1570
1423,1452
1544,1608
1351,1367
1395,1427
1456,1471
1610,1556
1389,1407
1324,1411
1377,1412
1517,1591
1481,1572
1476,1440
1408,1345
1668,1592
1626,1592
1473,1475
1609,1573
1664,1656
1334,1352
1436,1536
1557,1503
1661,1649
1640,1618
1346,1354
1655,1561
1624,1686
1452,1424
1411,1417
1601,1620
1446,1394
1580,1562
1522,1593
1433,1425
1409,1370
1687,1670
1678,1621
1406,1397
1504,1451
1399,1460
1697,1582
1324,1437
1471,1447
1661,1654
1528,1547
1586,1618
1618,1647
1585,1563
1605,1602
1587,1561
1531,1561
1608,1604
1347,1378
1333,1392
1572,1492
1702,1657
1654,1547
1463,1510
1601,1615
1463,1444
1493,1609
1356,1372
1542,1579
1469,1439
1379,1421
1474,1544
1367,1337
1528,1582
1669,1644
1467,1441
1591,1640
1300,1415
1519,1514
1542,1434
1331,1440
1625,1674
1586,1564
1626,1647
1637,1646
1708,1638
1501,1466
1557,1662
1684,1654
1333,1361
1352,1345
1318,1382
1467,1444
1439,1493
1541,1595
1598,1526
1616,1642
1313,1371
1416,1475
1342,1391
1554,1550
1624,1621
1317,1407
1393,1455
1374,1342
1422,1473
1521,1466
1598,1628
1386,1344
1622,1630
1389,1376
1439,1470
1503,1564
1547,1596
1448,1433
1583,1627
1375,1389
1329,1383
1654,1629
1569,1504
1450,1502
1431,1466
1620,1571
1327,1405
1397,1500
1441,1481
1645,1618
1522,1533
1423,1397
1670,1617
1470,1500
1594,1536
1463,1435
1547,1537
1459,1501
1432,1524
1408,1488
1447,1374
1491,1488
1598,1558
1425,1514
1632,1503
1463,1445
1259,1342
1489,1470
1386,1373
1291,1392
1363,1391
1323,1424
1345,1371
1463,1523
1357,1397
1360,1356
1490,1522
1565,1547
1405,1450
1346,1342
1601,1592
1706,1659
1612,1608
1441,1378
1572,1583
1567,1528
1361,1395
1613,1611
1454,1514
1613,1602
1424,1472
1394,1432
1356,1376
1635,1599
1554,1562
1645,1546
1640,1644
1458,1547
1358,1370
1512,1514
1684,1574
1435,1371
1340,1423
1637,1619
1396,1371
1431,1474
1370,1387
1585,1611
1458,1437
1393,1450
1435,1503
1624,1633
1659,1633
1580,1569
1372,1431
1544,1609
1310,1401
1623,1593
1659,1653
1652,1569
1622,1540
1668,1631
1654,1642
1425,1461
1677,1608
1575,1552
1486,1497
1553,1473
1365,1398
1377,1402
1542,1530
1439,1396
1366,1368
1634,1590
1407,1360
1651,1603
1317,1370
1397,1354
1379,1375
1373,1455
1384,1466
1638,1670
1384,1393
1635,1660
1649,1583
1538,1436
1561,1518
1681,1641
1389,1353
1622,1545
1417,1429
1340,1381
1614,1638
1468,1434
1644,1581
1618,1639
1635,1502
1342,1476
1377,1421
1631,1560
1548,1605
1562,1559
1639,1615
1339,1378
1413,1423
1483,1540
1651,1534
1410,1384
1402,1455
1456,1475
1471,1587
1379,1391
1581,1628
1347,1418
1602,1628
1404,1382
1437,1422
1629,1583
1444,1494
1476,1434
1390,1349
1397,1438
1365,1368
1389,1433
1494,1571
1574,1572
1479,1412
1342,1379
1602,1607
1645,1620
1569,1693
1554,1541
1365,1398
1329,1371
1702,1649
1536,1487
1512,1618
1646,1612
1559,1610
1474,1501
1464,1439
1404,1535
1659,1608
1397,1415
1675,1636
1653,1631
1638,1598
1630,1610
1574,1598
1630,1550
1357,1429
1487,1476
1448,1416
1467,1485
1346,1395
1556,1455
1613,1587
1452,1480
1464,1519
1428,1419
1395,1479
1596,1626
1331,1346
1580,1532
1420,1368
1671,1626
1650,1574
1661,1608
1387,1387
1614,1619
1402,1455
1322,1403
1376,1384
1314,1373
1597,1630
1587,1590
1638,1586
1499,1611
1561,1567
1648,1623
1576,1545
1668,1544
1560,1555
1653,1558
1612,1646
1535,1551
1604,1594
1403,1388
1625,1604
1302,1385
1643,1610
1358,1386
1364,1400
1684,1593
1558,1607
1418,1415
1465,1527
1628,1615
1664,1657
1652,1642
1454,1550
1664,1588
1702,1599
1679,1627
1662,1578
1517,1450
1652,1621
1369,1479
1594,1666
1434,1419
1404,1411
1336,1371
1311,1369
1338,1350
1569,1574
1550,1549
1381,1462
1608,1583
1327,1389
1656,1607
1751,1642
1508,1543
1376,1365
1648,1596
1550,1525
1540,1560
1674,1595
1350,1385
1438,1485
1647,1631
1368,1352
1404,1470
1353,1368
1724,1635
1476,1463
1428,1454
1550,1533
1405,1465
1354,1362
1413,1417
1404,1398
1423,1482
1648,1582
1541,1517
1662,1624
1636,1637
1458,1490
1582,1555
1355,1498
1624,1570
1447,1487
1404,1422
1525,1482
1416,1435
1628,1562
1630,1647
1609,1630
1643,1653
1638,1584
1605,1558
1568,1558
1580,1576
1557,1491
1547,1545
1389,1413
1461,1455
1507,1363
1645,1609
1701,1671
1638,1583
1398,1386
1441,1443
1628,1566
1409,1404
1636,1591
1428,1475
1438,1440
1436,1413
1375,1363
1540,1572
1573,1519
1447,1436
1663,1648
1573,1526
1641,1585
1541,1488
1486,1517
1369,1347
1351,1379
1710,1616
1383,1346
1562,1581
1518,1548
1446,1420
1342,1373
1585,1636
1625,1572
1547,1586
1337,1356
1621,1598
1469,1523
1575,1511
1429,1468
1481,1441
1329,1374
1593,1505
1448,1481
1333,1388
1538,1521
1534,1531
1590,1620
1443,1531
1501,1412
1551,1563
1653,1649
1561,1501
1411,1440
1404,1476
1462,1557
1484,1492
1438,1507
1510,1529
1475,1443
1394,1430
1670,1595
1379,1390
1496,1528
1414,1519
1397,1362
1453,1487
1341,1390
1568,1509
1344,1391
1650,1626
1313,1443
1453,1438
1399,1366
1554,1588
1624,1596
1552,1539
1626,1589
1525,1526
1358,1420
1407,1445
1513,1476
1397,1429
1440,1466
1532,1498
1393,1352
1341,1355
1610,1591
1552,1492
1349,1377
1345,1380
1631,1554
1486,1489
1624,1625
1529,1561
1683,1580
1375,1376
1396,1383
1535,1540
1316,1442
1518,1646
1617,1615
1562,1459
1651,1631
1416,1445
1547,1526
1372,1430
1307,1346
1480,1468
1466,1421
1401,1371
1412,1366
1346,1330
1584,1540
1689,1590
1510,1518
1701,1596
1668,1576
1392,1373
1620,1564
1579,1613
1377,1497
1666,1606
1514,1574
1538,1613
1386,1442
1509,1470
1595,1588
1479,1532
1626,1546
1323,1357
1516,1547
1564,1558
1582,1580
1660,1603
1650,1633
1622,1569
1423,1420
1314,1410
1561,1629
1697,1592
1369,1427
1678,1582
1380,1392
1604,1584
1360,1353
1528,1589
1506,1515
1526,1571
1611,1516
1632,1619
1356,1353
1456,1499
1364,1399
1553,1507
1419,1469
1356,1403
1568,1560
1595,1545
1573,1492
1365,1340
1492,1477
1370,1330
1397,1450
1520,1534
1456,1439
1347,1472
1613,1596
1584,1489
1516,1495
1393,1368
1631,1583
1646,1498
1501,1522
1362,1345
1583,1522
1466,1509
1382,1410
1374,1454
1357,1356
1629,1596
1568,1515
1360,1405
1585,1550
1362,1369
1375,1408
1458,1436
1648,1607
1622,1606
1590,1581
1418,1452
1634,1559
1384,1419
1676,1546
1348,1416
1643,1588
1367,1446
1640,1567
1666,1576
1659,1610
1654,1629
1563,1532
1503,1499
1437,1370
1564,1582
1325,1394
1493,1503
1391,1401
1591,1482
1427,1449
1420,1462
1363,1414
1676,1606
1472,1543
1508,1485
1611,1534
1639,1601
1366,1383
1377,1416
1586,1543
1614,1660
1557,1576
1474,1568
1641,1591
1451,1428
1596,1576
1515,1538
1493,1503
1393,1479
1498,1459
1370,1445
1455,1523
1539,1539
1326,1447
1660,1578
1385,1430
1624,1609
1641,1611
1589,1545
1603,1589
1534,1472
1596,1536
1404,1399
1633,1586
1362,1489
1440,1499
1611,1598
1329,1395
1327,1397
1664,1580
1553,1507
1518,1562
1399,1343
1424,1387
1347,1402
1529,1531
1541,1551
1429,1469
1373,1394
1318,1437
1635,1544
1414,1503
1385,1411
1348,1361
1576,1510
1349,1434
1309,1383
1364,1377
1564,1497
1600,1567
1631,1564
1612,1581
1541,1486
1432,1486
1414,1468
1578,1545
1445,1466
1565,1616
1403,1394
1305,1456
1656,1621
1667,1570
