ch1,ch2
1519,1506
1498,1512
1548,1512
1454,1457
1545,1587
1513,1521
1484,1561
1584,1488
1529,1499
1479,1596
1476,1515
1550,1548
1530,1541
1505,1492
1566,1569
1539,1537
1559,1575
1551,1565
1523,1507
1471,1607
1489,1545
1560,1582
1538,1563
1565,1606
1582,1571
1561,1613
1558,1671
1556,1592
1537,1580
1521,1569
1512,1539
1632,1569
1578,1534
1594,1544
1567,1550
1651,1586
1572,1580
1622,1590
1592,1571
1680,1571
1605,1602
1515,1602
1526,1625
1656,1593
1532,1642
1608,1587
1561,1551
1592,1605
1572,1589
1590,1587
1593,1591
1591,1615
1551,1545
1525,1532
1635,1592
1617,1567
1646,1585
1595,1604
1632,1569
1550,1559
1561,1566
1605,1565
1550,1530
1616,1580
1574,1555
1564,1567
1504,1594
1545,1459
1578,1540
1534,1544
1552,1577
1586,1533
1566,1558
1638,1526
1576,1596
1507,1455
1607,1489
1542,1595
1520,1503
1498,1533
1587,1539
1678,1530
1528,1570
1610,1542
1477,1436
1524,1429
1426,1481
1541,1538
1355,1348
1592,1556
1597,1499
1460,1436
1522,1549
1518,1476
1521,1508
1506,1519
1404,1371
1436,1445
1482,1448
1548,1518
1523,1548
1571,1511
1525,1556
1508,1535
1439,1359
1499,1477
1379,1436
1601,1564
1537,1435
1466,1434
1382,1416
1385,1471
1500,1412
1442,1435
1393,1417
1430,1400
1364,1404
1424,1489
1373,1403
1402,1407
1474,1394
1423,1425
1449,1394
1408,1442
1433,1424
1535,1544
1390,1411
1402,1439
1332,1380
1348,1391
1352,1414
1519,1529
1372,1400
1436,1443
1413,1474
1457,1475
1441,1466
1493,1405
1465,1485
1526,1432
1385,1381
1370,1421
1458,1350
1492,1408
1439,1480
1412,1447
1464,1442
1516,1504
1408,1344
1347,1459
1396,1464
1475,1520
1601,1643
1380,1458
1380,1400
1372,1422
1570,1520
1452,1496
1395,1370
1392,1401
1407,1485
1504,1549
1397,1399
1459,1566
1453,1447
1492,1573
1418,1375
1402,1485
1552,1525
1460,1473
1406,1471
1461,1482
1578,1553
1526,1576
1497,1567
1611,1561
1540,1592
1471,1487
1428,1412
1411,1493
1483,1501
1596,1649
1594,1622
1359,1402
1621,1514
1614,1555
1480,1428
1535,1492
1501,1480
1518,1509
1556,1599
1585,1531
1386,1378
1476,1433
1466,1427
1654,1584
1503,1517
1577,1548
1461,1552
1588,1477
1596,1600
1421,1374
1514,1599
1605,1605
1548,1583
1490,1512
1442,1470
1596,1583
1483,1411
1561,1558
1561,1600
1583,1581
1491,1534
1566,1568
1444,1521
1528,1461
1594,1531
1598,1541
1587,1575
1620,1584
1626,1504
1480,1599
1549,1526
1543,1571
1621,1505
1598,1576
1571,1555
1521,1547
1605,1489
1469,1504
1625,1517
1472,1394
1446,1468
1281,1376
1489,1473
1557,1585
1615,1533
1436,1480
1515,1428
1576,1542
1536,1608
1596,1536
1575,1601
1573,1633
1357,1345
1530,1523
1612,1648
1469,1453
1375,1370
1485,1441
1496,1562
1417,1427
1412,1428
1357,1390
1543,1567
1577,1501
1569,1625
1571,1509
1543,1502
1370,1366
1446,1392
1449,1503
1605,1566
1502,1519
1446,1474
1345,1406
1598,1533
1448,1410
1560,1505
1337,1437
1447,1472
1397,1426
1465,1495
1436,1498
1359,1392
1452,1465
1457,1541
1566,1532
1495,1482
1389,1431
1439,1353
1546,1599
1507,1420
1393,1424
1431,1542
1503,1449
1367,1400
1604,1618
1602,1630
1543,1490
1432,1430
1415,1431
1417,1492
1598,1611
1497,1494
1597,1610
1512,1475
1390,1340
1416,1441
1390,1420
1349,1435
1614,1569
1610,1572
1465,1446
1459,1480
1606,1518
1642,1551
1513,1409
1589,1574
1622,1523
1476,1493
1474,1541
1535,1581
1360,1439
1682,1593
1586,1623
1401,1449
1345,1504
1562,1568
1637,1562
1631,1582
1581,1567
1560,1631
1448,1532
1480,1559
1402,1499
1564,1588
1519,1425
1540,1499
1556,1510
1605,1605
1563,1460
1476,1424
1406,1518
1682,1621
1554,1534
1492,1440
1557,1616
1520,1431
1413,1512
1426,1472
1532,1593
1395,1427
1522,1543
1494,1409
1648,1562
1465,1484
1409,1475
1558,1508
1351,1429
1595,1585
1594,1588
1568,1532
1657,1573
1410,1523
1393,1432
1496,1489
1393,1470
1310,1482
1336,1427
1482,1581
1593,1473
1670,1508
1437,1440
1400,1425
1524,1487
1615,1566
1542,1466
1480,1483
1333,1366
1340,1363
1343,1415
1401,1470
1464,1386
1574,1586
1631,1530
1534,1589
1585,1566
1378,1388
1364,1410
1481,1527
1551,1597
1407,1452
1384,1423
1571,1548
1458,1468
1521,1459
1373,1414
1583,1609
1388,1371
1543,1548
1408,1419
1616,1546
1392,1362
1663,1546
1585,1471
1340,1439
1424,1405
1602,1537
1455,1481
1588,1569
1553,1619
1698,1519
1543,1558
1381,1428
1466,1475
1540,1546
1590,1537
1443,1541
1394,1421
1621,1588
1569,1523
1529,1497
1534,1524
1447,1416
1362,1434
1485,1484
1507,1522
1350,1379
1336,1366
1403,1479
1352,1494
1401,1435
1385,1411
1362,1426
1622,1633
1642,1563
1585,1522
1514,1493
1398,1406
1558,1599
1568,1626
1532,1524
1573,1616
1426,1458
1632,1623
1622,1594
1503,1507
1466,1496
1434,1485
1467,1550
1371,1469
1470,1454
1678,1573
1380,1461
1520,1567
1516,1566
1375,1457
1390,1412
1508,1448
1481,1403
1455,1494
1527,1517
1437,1463
1547,1614
1373,1550
1477,1437
1387,1403
1471,1509
1400,1451
1630,1657
1509,1547
1642,1595
1641,1592
1487,1496
1586,1552
1602,1510
1516,1485
1359,1429
1530,1614
1513,1446
1616,1486
1511,1550
1351,1412
1478,1468
1444,1389
1504,1593
1380,1392
1564,1617
1651,1620
1509,1463
1635,1599
1513,1558
1577,1566
1382,1427
1389,1400
1465,1454
1476,1432
1551,1529
1567,1575
1559,1593
1479,1555
1562,1557
1512,1599
1473,1468
1546,1565
1443,1466
1353,1312
1524,1523
1522,1508
1457,1457
1474,1456
1390,1416
1444,1443
1538,1560
1527,1589
1629,1551
1648,1602
1566,1631
1563,1556
1584,1501
1454,1485
1554,1523
1575,1524
1455,1416
1473,1412
1400,1458
1362,1381
1522,1496
1570,1565
1456,1562
1433,1486
1576,1575
1441,1514
1433,1487
1568,1544
1615,1565
1463,1485
1478,1506
1501,1504
1468,1406
1444,1420
1563,1563
1591,1577
1548,1574
1508,1501
1684,1577
1582,1576
1518,1516
1470,1376
1626,1567
1593,1548
1361,1359
1445,1428
1464,1385
1508,1520
1483,1538
1614,1545
1363,1425
1383,1441
1452,1434
1514,1546
1562,1612
1403,1388
1461,1430
1422,1451
1416,1494
1530,1464
1659,1577
1580,1621
1577,1517
1423,1449
1398,1390
1408,1389
1614,1597
1567,1564
1413,1526
1363,1450
1370,1492
1359,1448
1396,1366
1389,1447
1462,1450
1468,1454
1393,1375
1420,1475
1497,1433
1453,1504
1372,1385
1508,1439
1597,1583
1434,1432
1453,1498
1401,1461
1594,1527
1639,1588
1570,1611
1535,1588
1653,1623
1466,1391
1418,1404
1445,1425
1581,1573
1328,1494
1484,1576
1422,1414
1563,1569
1369,1478
1560,1582
1543,1563
1432,1465
1659,1550
1672,1586
1575,1463
1479,1496
1416,1424
1486,1474
1449,1433
1489,1489
1410,1449
1471,1488
1595,1438
1516,1534
1634,1554
1434,1460
1439,1397
1577,1567
1509,1473
1566,1538
1593,1524
1404,1443
1550,1646
1566,1535
1533,1620
1433,1504
1392,1425
1511,1533
1548,1542
1394,1397
1579,1607
1630,1590
1485,1479
1488,1426
1613,1620
1422,1490
1453,1472
1472,1548
1385,1453
1286,1405
1454,1494
1496,1480
1676,1505
1417,1379
1350,1402
1427,1393
1427,1382
1486,1480
1390,1393
1430,1479
1381,1348
1586,1641
1395,1512
1603,1581
1492,1495
1583,1575
1395,1397
1590,1601
1698,1609
1366,1443
1628,1554
1649,1616
1614,1473
1649,1592
1547,1624
1491,1403
1681,1550
1498,1411
1438,1432
1657,1539
1568,1561
1618,1615
1354,1373
1564,1528
1458,1427
1483,1510
1567,1610
1496,1413
1665,1590
1656,1538
1513,1440
1406,1477
1639,1550
1422,1467
1613,1518
1679,1550
1355,1426
1380,1386
1371,1394
1529,1475
1603,1563
1527,1467
1554,1563
1694,1574
1655,1614
1645,1626
1525,1539
1346,1340
1490,1531
1619,1516
1631,1609
1444,1419
1659,1606
1626,1565
1600,1566
1427,1439
1556,1495
1619,1594
1414,1436
1583,1547
1555,1567
1389,1500
1484,1580
1497,1427
1626,1536
1407,1454
1532,1582
1645,1556
1548,1571
1534,1472
1615,1502
1352,1416
1410,1466
1492,1523
1385,1343
1616,1577
1580,1526
1402,1403
1372,1449
1584,1547
1380,1476
1533,1600
1635,1632
1487,1495
1409,1440
1343,1403
1585,1592
1398,1383
1649,1549
1555,1636
1583,1521
1493,1511
1380,1421
1605,1522
1314,1351
1574,1460
1499,1487
1377,1423
1460,1390
1652,1621
1327,1393
1529,1458
1380,1391
1518,1504
1419,1431
1466,1470
1614,1571
1430,1472
1361,1358
1644,1635
1441,1414
1581,1511
1516,1584
1599,1488
1512,1529
1550,1534
1400,1468
1622,1623
1523,1528
1490,1511
1594,1565
1442,1476
1442,1482
1401,1392
1580,1501
1576,1509
1572,1521
1420,1467
1512,1618
1446,1469
1358,1373
1410,1452
1661,1600
1570,1595
1408,1459
1549,1448
1392,1430
1524,1526
1316,1359
1380,1440
1685,1571
1433,1502
1402,1348
1466,1432
1504,1532
1385,1431
1741,1591
1425,1421
1560,1573
1527,1461
1359,1392
1584,1556
1645,1591
1543,1569
1340,1446
1336,1416
1394,1407
1630,1503
1418,1404
1337,1395
1456,1480
1591,1597
1329,1484
1371,1457
1589,1553
1366,1376
1559,1592
1513,1387
1610,1638
1549,1523
1610,1572
1338,1404
1668,1545
1523,1568
1339,1442
1347,1438
1634,1518
1477,1467
1350,1423
1396,1392
1615,1566
1372,1333
1540,1606
1325,1394
1399,1407
1442,1395
1601,1556
1593,1607
1526,1546
1647,1597
1601,1542
1682,1579
1558,1555
1563,1575
1624,1593
1572,1505
1349,1471
1564,1464
1652,1569
1542,1472
1613,1620
1399,1385
1337,1468
1434,1411
1526,1556
1677,1621
1580,1519
1623,1630
1553,1528
1610,1582
1339,1426
1672,1614
1361,1430
1436,1507
1478,1485
1628,1531
1644,1549
1383,1407
1655,1584
1431,1446
1578,1609
1409,1411
1635,1641
1570,1608
1386,1408
1578,1655
1439,1410
1484,1485
1413,1539
1453,1449
1521,1431
1416,1478
1446,1554
1347,1406
1438,1490
1433,1439
1399,1413
1586,1628
1413,1426
1375,1432
1533,1552
1695,1607
1525,1555
1415,1361
1596,1621
1517,1620
1477,1463
1599,1536
1618,1618
1620,1553
1381,1476
1629,1524
1624,1573
1560,1570
1637,1602
1438,1437
1307,1397
1466,1442
1447,1469
1559,1619
1582,1612
1599,1655
1557,1572
1649,1539
1496,1525
1371,1431
1672,1608
1588,1646
1373,1423
1626,1549
1558,1526
1495,1494
1462,1524
1615,1641
1527,1475
1548,1544
1389,1436
1700,1566
1566,1529
1342,1395
1584,1585
1632,1559
1605,1573
1485,1386
1539,1607
1602,1527
1665,1624
1557,1573
1576,1594
1593,1519
1453,1420
1565,1547
1397,1471
1611,1559
1595,1572
1373,1411
1366,1503
1539,1571
1427,1434
1654,1650
1543,1489
1400,1434
1590,1617
1557,1643
1374,1390
1465,1433
1477,1472
1447,1494
1423,1456
1696,1615
1423,1428
1388,1421
1591,1583
1416,1421
1440,1364
1578,1573
1426,1515
1602,1592
1467,1414
1449,1484
1407,1423
1454,1452
1452,1528
1342,1442
1287,1376
1466,1409
1465,1498
1439,1408
1418,1385
1508,1572
1394,1440
1659,1558
1444,1375
1442,1385
1587,1603
1573,1596
1387,1355
1410,1423
1549,1527
1394,1439
1659,1590
1421,1381
1575,1520
1610,1614
1606,1590
1396,1484
1577,1504
1512,1572
1523,1486
1518,1532
1513,1487
1427,1347
1492,1551
1527,1485
1513,1522
1574,1503
1425,1431
1609,1537
1521,1503
1596,1653
1570,1561
1545,1485
1666,1571
1595,1544
1439,1409
1574,1559
1430,1382
1618,1601
1556,1482
1446,1424
1357,1357
1566,1531
1637,1607
1542,1440
1564,1613
1421,1389
1619,1608
1619,1616
1619,1678
1377,1462
1446,1487
1557,1567
1565,1554
1570,1558
1595,1653
1371,1431
1560,1535
1560,1535
1646,1580
1410,1437
1630,1568
1508,1438
1575,1544
1486,1498
1419,1475
1411,1382
1641,1617
1619,1565
1347,1392
1484,1506
1485,1509
1454,1409
1413,1419
1547,1583
1608,1577
1568,1542
1537,1562
1528,1488
1583,1539
1452,1595
1421,1479
1447,1459
1372,1418
1433,1487
1517,1535
1471,1511
1475,1522
1632,1520
1521,1570
1588,1522
1491,1435
1404,1477
1532,1470
1372,1427
1477,1439
1506,1621
1526,1626
1622,1545
1642,1540
1518,1564
1525,1568
1303,1364
1624,1657
1628,1607
1527,1505
1451,1479
1373,1435
1517,1486
1440,1447
1331,1432
1610,1568
1707,1552
1419,1389
1641,1583
1498,1411
1385,1427
1572,1511
1414,1544
1493,1506
1443,1392
1514,1441
1556,1625
1373,1444
1652,1560
1319,1411
1448,1515
1581,1603
1516,1551
1516,1526
1620,1627
1406,1393
1487,1529
1496,1487
1347,1341
1620,1599
1386,1437
1421,1498
1454,1474
1576,1418
1640,1599
1367,1464
1526,1392
1482,1540
1499,1458
1637,1558
1568,1611
1613,1626
1335,1445
1587,1550
1536,1550
1589,1553
1561,1515
1572,1506
1561,1490
1354,1424
1661,1579
1504,1412
1661,1645
1489,1519
1383,1436
1447,1412
1540,1490
1653,1543
1557,1553
1336,1353
1626,1612
1559,1471
1510,1431
1642,1534
1376,1404
1400,1387
1446,1416
1458,1476
1388,1511
1356,1418
1352,1479
1426,1374
1568,1535
1644,1497
1476,1549
1548,1535
1449,1441
1665,1543
1591,1547
1596,1560
1542,1476
1426,1398
1430,1564
1354,1410
1574,1585
1647,1621
1421,1441
1579,1530
1580,1587
1505,1524
1515,1526
1447,1437
1539,1514
1480,1613
1480,1493
1483,1391
1419,1374
1617,1597
1512,1412
1569,1578
1607,1577
1518,1535
1548,1502
1370,1378
1393,1371
1585,1597
1363,1467
1444,1501
1677,1547
1377,1464
1506,1532
1620,1638
1498,1513
1428,1469
1374,1497
1624,1650
1531,1572
1423,1426
1548,1458
1566,1502
1456,1489
1629,1556
1495,1438
1623,1620
1425,1497
1441,1417
1551,1528
1404,1408
1437,1431
1431,1485
1504,1547
1455,1399
1662,1509
1623,1467
1436,1458
1541,1522
1515,1442
1633,1618
1646,1581
1515,1496
1581,1462
1506,1423
1530,1624
1539,1576
1413,1433
1398,1376
1428,1399
1559,1632
1609,1553
1412,1449
1585,1571
1385,1409
1565,1617
1611,1475
1469,1410
1427,1396
1537,1494
1369,1430
1484,1557
1569,1573
1309,1354
1569,1557
1411,1385
1319,1427
1537,1559
1481,1442
1439,1365
1666,1630
1513,1594
1384,1435
1366,1426
1418,1508
1375,1433
1335,1419
1392,1500
1571,1515
1662,1542
1416,1443
1388,1387
1524,1520
1501,1431
1502,1525
1599,1506
1707,1593
1428,1476
1409,1447
1488,1520
1626,1564
1475,1533
1590,1508
1479,1401
1416,1392
1371,1416
1408,1455
1536,1578
1557,1440
1483,1452
1630,1542
1548,1499
1612,1552
1554,1614
1369,1463
1444,1457
1585,1537
1410,1448
1545,1595
1385,1401
1561,1577
1510,1510
1533,1490
1611,1592
1487,1407
1349,1440
1419,1516
1617,1594
1329,1402
1405,1412
1420,1519
1384,1399
1492,1574
1608,1506
1592,1584
1549,1636
1446,1430
1644,1566
1328,1363
1626,1555
1417,1361
1511,1610
1393,1449
1563,1576
1468,1453
1412,1406
1477,1418
1545,1596
1391,1402
1731,1621
1460,1473
1490,1600
1377,1409
1399,1387
1568,1492
1508,1514
1596,1657
1664,1532
1401,1484
1429,1542
1575,1542
1403,1405
1695,1575
1413,1476
1437,1470
1343,1418
1296,1423
1518,1515
1613,1506
1589,1588
1570,1599
1376,1467
1500,1407
1451,1463
1535,1645
1549,1566
1426,1388
1457,1407
1477,1511
1430,1431
1337,1416
1334,1368
1589,1589
1618,1586
1597,1566
1437,1384
1468,1508
1415,1437
1355,1471
1607,1598
1686,1601
1502,1488
1338,1412
1503,1487
1276,1463
1489,1545
1636,1584
1658,1578
1467,1483
1560,1560
1405,1392
1354,1419
1478,1602
1625,1621
1586,1619
1441,1422
1601,1642
1644,1570
1600,1547
1651,1597
1578,1557
1576,1616
1392,1459
1410,1511
1465,1471
1612,1645
1430,1406
1628,1655
1416,1465
1340,1412
1573,1557
1502,1477
1513,1491
1421,1409
1377,1452
1485,1481
1577,1595
1593,1571
1589,1638
1534,1569
1516,1411
1621,1602
1407,1427
1526,1511
1592,1537
1503,1492
1506,1555
1601,1570
1618,1573
1384,1431
1533,1517
1407,1438
1443,1441
1367,1464
1480,1350
1406,1416
1611,1537
1444,1479
1454,1512
1414,1399
1368,1404
1575,1494
1643,1593
1437,1463
1698,1540
1375,1410
1549,1555
1438,1490
1510,1510
1556,1678
1590,1662
1367,1389
1734,1607
1432,1516
1645,1559
1423,1416
1497,1596
1444,1551
1323,1404
1361,1444
1612,1570
1621,1638
1577,1601
1558,1554
1361,1348
1629,1620
1501,1469
1513,1473
1296,1420
1609,1619
1660,1551
1455,1547
1347,1493
1627,1570
1489,1539
1591,1578
1605,1627
1394,1435
1487,1391
1487,1418
1431,1412
1467,1533
1530,1509
1591,1577
1595,1588
1357,1400
1475,1417
1612,1609
1438,1473
1569,1568
1491,1450
1413,1424
1465,1518
1610,1547
1579,1558
1427,1391
1412,1501
1333,1430
1359,1488
1682,1527
1597,1573
1631,1517
1395,1411
1345,1352
1544,1466
1577,1476
1498,1549
1343,1401
1374,1397
1380,1344
1439,1406
1577,1624
1467,1457
1471,1433
1397,1405
1619,1518
1396,1524
1603,1559
1488,1441
1528,1539
1437,1468
1620,1655
1595,1561
1444,1455
1471,1507
1668,1592
1439,1420
1620,1653
1397,1467
1375,1421
1418,1485
1574,1547
1630,1541
1525,1526
1463,1431
1478,1363
1627,1557
1426,1494
1486,1466
1557,1545
1670,1597
1473,1441
1376,1455
1634,1550
1671,1596
1604,1607
1559,1570
1470,1473
1520,1432
1661,1538
1540,1597
1581,1590
1490,1403
1566,1576
1596,1565
1571,1656
1578,1617
1566,1530
1642,1559
1552,1638
1647,1582
1540,1565
1377,1394
1439,1423
1578,1594
1420,1445
1534,1585
1466,1436
1399,1428
1336,1409
1476,1494
1561,1569
1661,1557
1664,1565
1567,1571
1575,1547
1656,1598
1555,1503
1420,1444
1557,1624
1392,1411
1373,1471
1343,1402
1640,1586
1462,1523
1535,1596
1394,1398
1422,1402
1512,1395
1465,1354
1400,1384
1428,1377
1569,1509
1596,1554
1490,1545
1350,1420
1591,1602
1612,1569
1492,1552
1523,1493
1528,1499
1646,1632
1549,1578
1454,1567
1417,1506
1417,1431
1594,1565
1516,1474
1588,1606
1365,1439
1425,1478
1380,1423
1569,1547
1459,1411
1473,1559
1516,1451
1461,1349
1485,1456
1618,1576
1556,1553
1362,1410
1449,1542
1536,1574
1365,1444
1485,1555
1464,1514
1353,1449
1422,1387
1378,1459
1506,1496
1567,1516
1470,1506
1347,1401
1579,1568
1639,1604
1618,1600
1494,1518
1344,1496
1475,1476
1395,1481
1661,1526
1455,1540
1389,1396
1453,1498
1459,1480
1396,1423
1329,1466
1391,1400
1466,1434
1502,1431
1463,1428
1525,1485
1504,1484
1416,1540
1557,1533
1365,1428
1560,1520
1470,1471
1488,1534
1538,1554
1583,1630
1303,1382
1644,1561
1543,1615
1456,1426
1566,1519
1549,1623
1513,1368
1399,1351
1569,1461
1370,1405
1376,1433
1609,1569
1493,1409
1361,1464
1481,1506
1538,1487
1544,1577
1659,1593
1618,1609
1618,1628
1330,1389
1521,1451
1433,1523
1578,1483
1581,1580
1643,1545
1360,1400
1486,1431
1551,1550
1547,1504
1352,1435
1425,1409
1582,1560
1438,1378
1479,1549
1356,1478
1596,1528
1618,1554
1477,1395
1614,1571
1556,1634
1593,1590
1405,1368
1648,1607
1615,1636
1464,1467
1520,1559
1404,1463
1599,1543
1611,1565
1598,1516
1591,1629
1391,1475
1613,1601
1605,1529
1484,1535
1455,1436
1572,1575
1394,1417
1585,1586
1411,1440
1501,1500
1574,1591
1305,1473
1598,1537
1622,1557
1529,1513
1475,1399
1494,1491
1555,1594
1628,1459
1439,1502
1554,1561
1445,1451
1680,1629
1484,1440
1506,1567
1669,1568
1375,1430
1479,1460
1375,1429
1444,1373
1387,1451
1404,1512
1573,1529
1537,1510
1381,1339
1615,1560
1401,1403
1655,1580
1627,1603
1364,1403
1654,1554
1360,1370
1562,1496
1373,1456
1375,1417
1347,1444
1463,1529
1596,1458
1578,1593
1431,1454
1647,1582
1640,1585
1612,1642
1516,1511
1633,1603
1402,1416
1635,1499
1614,1602
1571,1530
1403,1411
1296,1437
1495,1524
1616,1507
1343,1458
1586,1543
1360,1446
1593,1582
1537,1615
1584,1566
1407,1475
1440,1411
1581,1622
1415,1430
1443,1450
1376,1332
1469,1433
1436,1581
1463,1469
1521,1536
1524,1518
1517,1574
1467,1495
1462,1546
1467,1535
1468,1572
1613,1590
1434,1505
1483,1514
1463,1564
1381,1419
1401,1482
1427,1475
1428,1429
1385,1423
1593,1571
1409,1468
1376,1457
1477,1511
1385,1326
1367,1449
1485,1415
1391,1420
1392,1388
1468,1452
1488,1486
1567,1502
1359,1391
1441,1457
1607,1559
1581,1589
1435,1439
1445,1481
1395,1470
1409,1462
1431,1399
1392,1431
1541,1487
1560,1466
1667,1465
1579,1663
1445,1371
1420,1437
1428,1431
1340,1459
1412,1523
1463,1467
1371,1429
1551,1576
1476,1533
1521,1452
1596,1574
1375,1431
1575,1483
1364,1433
1478,1434
1472,1556
1564,1550
1632,1583
1565,1601
1492,1548
1617,1524
1428,1468
1455,1543
1590,1520
1397,1403
1502,1537
1353,1394
1415,1449
1363,1385
1351,1413
1393,1434
1514,1444
1556,1560
1559,1539
1407,1381
1401,1410
1493,1496
1557,1525
1359,1475
1444,1473
1550,1532
1436,1554
1456,1478
1301,1423
1383,1395
1563,1478
1555,1531
1398,1354
1570,1533
1547,1505
1490,1420
1428,1418
1476,1449
1452,1392
1549,1542
1469,1545
1476,1505
1542,1556
1373,1421
1415,1480
1536,1557
1527,1564
1531,1539
1480,1437
1389,1345
1520,1544
1493,1516
1557,1508
1566,1522
1416,1431
1450,1486
1500,1500
1638,1569
1422,1434
1518,1495
1506,1561
1558,1617
1512,1469
1451,1460
1494,1487
1459,1446
1652,1586
1553,1534
1578,1562
1617,1555
1362,1447
1554,1537
1553,1553
1377,1426
1333,1429
1463,1509
1409,1418
1600,1545
1546,1484
1371,1425
1425,1456
1614,1559
1591,1554
1590,1585
1397,1473
1628,1615
1580,1563
1432,1521
1397,1474
1411,1518
1340,1439
1501,1484
1561,1661
1432,1379
1626,1594
1675,1647
1592,1424
1418,1388
1435,1415
1361,1446
1484,1429
1581,1557
1394,1403
1504,1570
1346,1450
1568,1569
1400,1427
1365,1444
1499,1500
1593,1553
1579,1560
1626,1495
1424,1440
1398,1427
1431,1367
1571,1563
1448,1464
1656,1601
1407,1437
1624,1540
1451,1431
1467,1534
1410,1352
1573,1508
1400,1388
1486,1478
1571,1563
1672,1611
1626,1564
1347,1425
1620,1611
1437,1391
1423,1343
1582,1587
1431,1396
1614,1605
1542,1564
1397,1443
1571,1523
1512,1497
1514,1526
1485,1518
1387,1431
1662,1559
1474,1471
1551,1569
1621,1676
1415,1438
1444,1557
1582,1587
1412,1466
1546,1613
1517,1523
1346,1423
1473,1431
1426,1548
1565,1577
1645,1572
1522,1441
1408,1400
1450,1561
1563,1597
1457,1459
1601,1617
1409,1400
1572,1532
1552,1517
1503,1592
1526,1569
1653,1558
1490,1465
1606,1588
1413,1488
1573,1550
1488,1448
1463,1571
1449,1496
1614,1524
1458,1464
1505,1485
1541,1541
1451,1564
1505,1477
1503,1521
1371,1441
1468,1507
1436,1465
1535,1626
1426,1411
1503,1513
1462,1536
1397,1398
1414,1416
1455,1366
1619,1585
1369,1426
1513,1560
1522,1330
1541,1454
1530,1553
1526,1579
1513,1585
1432,1388
1528,1601
1578,1601
1491,1554
1575,1527
1440,1455
1411,1460
1447,1441
1477,1463
1390,1434
1438,1449
1533,1531
1511,1537
1390,1446
1448,1392
1542,1577
1425,1414
1355,1450
1432,1373
1390,1425
1353,1413
1420,1434
1585,1530
1557,1629
1417,1412
1435,1491
1416,1414
1640,1569
1455,1461
1361,1453
1352,1423
1337,1405
1620,1620
1454,1381
1416,1471
1510,1593
1661,1620
1443,1419
1454,1404
1549,1491
1621,1558
1405,1417
1626,1611
1590,1551
1561,1423
1402,1381
1655,1649
1483,1506
1506,1524
1402,1436
1330,1410
1463,1446
1507,1392
1511,1479
1512,1491
1377,1396
1563,1584
1587,1548
1585,1593
1429,1423
1499,1476
1406,1465
1469,1476
1569,1530
1493,1544
1604,1577
1430,1421
1574,1579
1444,1481
1345,1414
1464,1525
1599,1609
1551,1506
1383,1412
1566,1630
1643,1607
1465,1507
1559,1529
1580,1539
1465,1448
1615,1629
1535,1606
1409,1437
1409,1423
1576,1575
1517,1553
1464,1484
1614,1527
1496,1551
1533,1493
1502,1484
1426,1408
1514,1574
1365,1450
1516,1570
1476,1460
1498,1590
1424,1539
1491,1502
1431,1432
1597,1595
1519,1474
1575,1549
1595,1590
1627,1583
1502,1490
1472,1390
1497,1472
1601,1616
1502,1533
1473,1499
1523,1450
1492,1447
1566,1599
1516,1512
1440,1482
1568,1531
1614,1499
1616,1613
1373,1448
1622,1519
1544,1528
1573,1546
1488,1518
1567,1512
1613,1612
1453,1447
1420,1389
1421,1431
1410,1439
1528,1452
1540,1482
1453,1484
1370,1394
1474,1587
1442,1472
1553,1615
1455,1444
1363,1458
1616,1589
1426,1399
1434,1463
1571,1602
1463,1478
1377,1511
1513,1497
1402,1454
1503,1533
1545,1516
1581,1476
1495,1524
1404,1366
1637,1576
1342,1419
1574,1517
1463,1518
1556,1454
1611,1538
1584,1535
1437,1411
1369,1504
1515,1510
1439,1413
1338,1325
1562,1483
1387,1427
1536,1519
1468,1537
1440,1486
1611,1564
1543,1538
1590,1560
1377,1471
1462,1414
1418,1456
1617,1497
1438,1485
1443,1346
1520,1491
1347,1504
1413,1478
1414,1485
1546,1606
1558,1566
1428,1414
1501,1568
1637,1540
1366,1505
1399,1496
1590,1596
1599,1529
1645,1533
1565,1542
1582,1548
1462,1537
1414,1396
1582,1529
1595,1525
1613,1594
1343,1402
1600,1479
1564,1510
1558,1580
1506,1529
1308,1447
1608,1509
1570,1511
1477,1478
1505,1418
1483,1496
1514,1514
1497,1489
1477,1433
1566,1573
1484,1505
1330,1378
1600,1508
1470,1485
1607,1622
1393,1418
1367,1431
1600,1478
1515,1476
1512,1633
1572,1531
1423,1407
1580,1575
1399,1426
1524,1562
1410,1427
1583,1653
1457,1489
1389,1419
1602,1504
1475,1475
1362,1398
1589,1565
1604,1583
1529,1522
1510,1602
1470,1500
1632,1576
1625,1572
1542,1464
1457,1550
1596,1486
1404,1433
1515,1415
1399,1364
1418,1418
1490,1586
1458,1447
1591,1509
1391,1356
1500,1550
1652,1542
1535,1527
1510,1395
1565,1533
1353,1475
1548,1553
1402,1390
1620,1613
1352,1399
1524,1534
1464,1456
1402,1442
1494,1480
1447,1457
1422,1397
1658,1608
1417,1545
1675,1571
1506,1599
1523,1401
1320,1378
1557,1550
1591,1540
1389,1469
1362,1389
1436,1431
1468,1460
1598,1564
1546,1571
1596,1601
1399,1423
1526,1541
1667,1598
1429,1451
1458,1571
1499,1538
1516,1492
1604,1606
1625,1490
1567,1613
1548,1563
1503,1506
1437,1499
1385,1448
1426,1507
1447,1475
1597,1641
1455,1445
1338,1436
1424,1483
1538,1471
1352,1410
1426,1441
1546,1461
1550,1564
1394,1383
1549,1562
1508,1462
1539,1454
1570,1536
1334,1442
1507,1471
1571,1480
1656,1572
1411,1430
1557,1575
1543,1508
1513,1478
1430,1460
1429,1429
1407,1458
1427,1473
1532,1535
1358,1417
1480,1525
1503,1564
1625,1505
1437,1497
1572,1622
1370,1403
1380,1443
1530,1550
1384,1351
1529,1572
1372,1403
1604,1593
1421,1455
1413,1409
1488,1509
1547,1590
1419,1424
1543,1559
1533,1497
1406,1389
1458,1456
1556,1555
1401,1452
1492,1532
1670,1605
1417,1365
1373,1454
1494,1507
1478,1328
1485,1396
1329,1374
1456,1414
1561,1505
1442,1476
1433,1507
1512,1483
1376,1472
1471,1462
1459,1457
1451,1419
1450,1397
1435,1443
1413,1446
1502,1429
1384,1411
1550,1595
1375,1409
1379,1409
1643,1475
1615,1613
1563,1618
1530,1495
1392,1359
1369,1444
1626,1564
1321,1501
1437,1405
1353,1357
1441,1393
1383,1517
1466,1533
1585,1559
1570,1538
1467,1456
1457,1416
1457,1478
1549,1474
1413,1547
1534,1530
1657,1539
1533,1432
1460,1390
1561,1575
1479,1523
1474,1450
1477,1536
1453,1577
1524,1515
1568,1579
1462,1518
1524,1489
1458,1622
1445,1476
1423,1421
1565,1513
1529,1446
1531,1529
1549,1565
1534,1530
1519,1481
1446,1368
1408,1466
1462,1463
1652,1472
1477,1433
1408,1387
1542,1536
1408,1445
1391,1425
1619,1511
1460,1392
1508,1472
1560,1531
1536,1552
1463,1449
1436,1405
1445,1528
1473,1443
1540,1567
1408,1493
1566,1548
1502,1478
1505,1419
1525,1508
1531,1592
1486,1454
1532,1539
1437,1476
1394,1489
1431,1440
1397,1461
1649,1443
1486,1459
1594,1573
1394,1472
1479,1371
1408,1454
1465,1475
1550,1541
1449,1395
1519,1547
1591,1651
1520,1609
1590,1510
1538,1571
1576,1627
1429,1459
1432,1452
1537,1543
1437,1467
1570,1608
1426,1449
1563,1566
1435,1409
1588,1638
1460,1537
1401,1436
1502,1488
1489,1440
1540,1587
1500,1474
1544,1479
1588,1510
1444,1452
1485,1553
1572,1621
1602,1566
1592,1534
1565,1575
1541,1560
1532,1518
1470,1480
1456,1548
1618,1537
1502,1413
1627,1569
1457,1379
1630,1590
1604,1656
1507,1527
1585,1525
1518,1602
1487,1417
1504,1498
1351,1412
1490,1593
1537,1494
1611,1586
1600,1483
1568,1546
1437,1478
1513,1565
1439,1422
1594,1522
1573,1522
1377,1477
1475,1500
1289,1332
1540,1482
1547,1586
1532,1537
1433,1472
1562,1637
1430,1525
1553,1490
1584,1556
1460,1461
1397,1511
1506,1479
1459,1438
1421,1427
1584,1548
1455,1374
1636,1596
1531,1569
1467,1467
1559,1586
1455,1420
1540,1541
1554,1553
1640,1581
1495,1438
1425,1402
1561,1589
1458,1484
1527,1593
1502,1474
1555,1556
1490,1414
1504,1508
1496,1567
1449,1390
1365,1471
1405,1438
1412,1410
1629,1592
1567,1544
1562,1578
1468,1466
1445,1479
1591,1511
1666,1546
1603,1567
1522,1524
1407,1433
1471,1457
1595,1523
1544,1507
1551,1583
1554,1607
1504,1496
1606,1600
1557,1510
1445,1453
1648,1523
1526,1521
1485,1567
1536,1501
1422,1453
1473,1539
1516,1457
1430,1539
1602,1592
1480,1444
1506,1596
1407,1414
1418,1447
1480,1508
1484,1433
1518,1632
1601,1544
1506,1482
1608,1598
1670,1615
1608,1590
1483,1452
1550,1584
1441,1425
1414,1427
1536,1579
1467,1383
1477,1407
1412,1401
1537,1530
1458,1533
1392,1359
1474,1418
1587,1516
1392,1479
1482,1509
1426,1491
1359,1442
1484,1497
1511,1584
1504,1589
1433,1441
1535,1527
1446,1563
1477,1468
1361,1492
1383,1483
1647,1519
1552,1442
1508,1468
1557,1494
1419,1454
1614,1508
1455,1504
1406,1459
1529,1569
1358,1403
1577,1575
1555,1571
1477,1390
1503,1430
1547,1597
1465,1500
1553,1465
1555,1519
1505,1519
1581,1463
1466,1518
1548,1497
1381,1450
1481,1501
1507,1504
1482,1523
1440,1499
1439,1439
1470,1464
1470,1394
1463,1505
1536,1520
1545,1583
1464,1412
1624,1610
1614,1483
1557,1573
1403,1449
1590,1561
1360,1483
1544,1576
1516,1630
1505,1566
1419,1472
1491,1418
1428,1411
1522,1546
1487,1567
1572,1526
1561,1520
1565,1452
1641,1502
1547,1604
1508,1544
1330,1449
1547,1545
1371,1452
1564,1541
1541,1490
1571,1570
1443,1450
1688,1544
1552,1524
1628,1534
1440,1569
1537,1610
1507,1398
1470,1572
1553,1569
1435,1452
1430,1446
1529,1600
1589,1544
1508,1543
1521,1555
1551,1570
1381,1454
1426,1429
1438,1467
1606,1537
1566,1527
1443,1437
1498,1406
1432,1449
1513,1493
1570,1606
1440,1368
1447,1511
1457,1398
1556,1505
1564,1598
1385,1415
1483,1581
1405,1440
1581,1492
1521,1521
1572,1586
1471,1416
1412,1466
1530,1391
1433,1436
1544,1543
1508,1499
1630,1551
1436,1399
1577,1555
1462,1538
1467,1376
1474,1530
1492,1415
1454,1454
1409,1504
1456,1400
1507,1436
1583,1613
1439,1404
1412,1492
1477,1431
1586,1579
1537,1513
1528,1536
1484,1498
1570,1563
1438,1491
1584,1573
1522,1494
1604,1584
1483,1435
1542,1517
1513,1585
1495,1498
1484,1452
1480,1506
1382,1436
1454,1466
1395,1433
1532,1485
1570,1543
1417,1507
1594,1564
1437,1500
1550,1531
1483,1504
1402,1470
1388,1464
1601,1574
1384,1472
1501,1424
1556,1521
1417,1384
1568,1612
1563,1532
1565,1553
1449,1466
1469,1466
1417,1472
1443,1393
1519,1427
1475,1449
1477,1584
1494,1483
1505,1388
1536,1517
1430,1435
1594,1596
1557,1528
1503,1526
1523,1460
1491,1514
1386,1416
1387,1467
1573,1543
1623,1538
1481,1530
1549,1563
1561,1553
1618,1598
1486,1446
1492,1591
1385,1442
1453,1464
1578,1517
1465,1437
1440,1470
1534,1507
1510,1476
1435,1434
1524,1559
1464,1492
1603,1576
1481,1433
1531,1572
1436,1433
1532,1533
1394,1361
1566,1583
1481,1549
1621,1655
1432,1418
1439,1521
1539,1530
1556,1549
1440,1463
1469,1548
1568,1467
1549,1531
1475,1429
1421,1392
1450,1513
1582,1584
1530,1562
1478,1543
1542,1528
1413,1532
1572,1595
1414,1474
1522,1479
1600,1502
1514,1428
1502,1472
1522,1541
1524,1576
1503,1507
1539,1585
1588,1563
1412,1477
1584,1484
1546,1480
1404,1464
1573,1566
1569,1586
1523,1561
1538,1503
1489,1454
1507,1598
1611,1556
1433,1433
1566,1583
1442,1420
1524,1407
1505,1522
1418,1450
1463,1415
1407,1468
1424,1521
1602,1587
1490,1405
1507,1534
1374,1469
1543,1555
1433,1438
1603,1554
1424,1380
1371,1452
1629,1572
1406,1550
1356,1418
1448,1423
1632,1555
1571,1553
1529,1460
1458,1481
1586,1544
1615,1549
1444,1418
1570,1508
1485,1527
1481,1561
1514,1442
1432,1454
1611,1579
1599,1550
1546,1482
1610,1595
1506,1423
1539,1573
1504,1568
1489,1430
1484,1424
1555,1466
1569,1555
1536,1505
1520,1530
1494,1513
1444,1483
1550,1560
1673,1577
1603,1591
1550,1556
1615,1619
1481,1488
1451,1474
1543,1507
1468,1449
1536,1498
1602,1586
1427,1451
1486,1529
1437,1412
1606,1512
1593,1598
1586,1522
1568,1588
1464,1438
1534,1596
1483,1480
1383,1479
1474,1485
1516,1498
1380,1435
1486,1488
1475,1438
1490,1485
1629,1520
1454,1557
1547,1529
1541,1532
1607,1571
1437,1430
1572,1590
1537,1496
1456,1458
1578,1529
1497,1581
1442,1515
1404,1498
1550,1528
1467,1462
1537,1557
1591,1543
1450,1467
1509,1447
1526,1482
1571,1576
1472,1472
1419,1402
1493,1472
1602,1532
1545,1558
1360,1445
1463,1494
1500,1456
1388,1499
1460,1536
1585,1561
1464,1446
1542,1476
1529,1517
1483,1565
1472,1442
1548,1621
1393,1481
1588,1540
1474,1506
1475,1438
1571,1601
1535,1587
1524,1445
1495,1442
1526,1559
1542,1519
1606,1416
1489,1458
1412,1422
1375,1381
1490,1473
1395,1387
1391,1498
1507,1495
1495,1573
1545,1586
1574,1476
1528,1488
1677,1605
1427,1481
1376,1387
1467,1476
1487,1484
1402,1497
1565,1556
1447,1443
1654,1624
1541,1566
1541,1588
1395,1495
1471,1476
1528,1626
1443,1495
1600,1528
1423,1381
1545,1566
1536,1500
1439,1464
1623,1574
1365,1450
1447,1456
1526,1497
1551,1603
1507,1523
1556,1506
1473,1481
1473,1425
1462,1459
1526,1503
1490,1460
1582,1586
1617,1564
1382,1409
1518,1460
1566,1576
1462,1433
1533,1460
1478,1528
1503,1479
1531,1618
1488,1478
1482,1510
1456,1486
1513,1558
1432,1484
1420,1420
1474,1511
1487,1528
1550,1445
1554,1451
1565,1539
1568,1458
1484,1558
1547,1559
1556,1590
1627,1600
1535,1639
1400,1485
1378,1509
1416,1426
1465,1544
1637,1585
1449,1515
1488,1422
1526,1493
1459,1391
1590,1576
1479,1456
1539,1503
1455,1402
1499,1466
1435,1536
1505,1472
1556,1417
1549,1472
1561,1552
1450,1477
1519,1520
1374,1396
1454,1421
1526,1527
1642,1548
1469,1476
1593,1553
1540,1502
1318,1382
1613,1542
1580,1540
1579,1580
1531,1619
1393,1461
1617,1497
1531,1428
1537,1613
1527,1536
1407,1452
1541,1485
1384,1433
1474,1496
1609,1609
1542,1598
1414,1433
1487,1494
1604,1547
1537,1476
1544,1425
1492,1382
1395,1493
1553,1564
1461,1413
1473,1530
1490,1408
1615,1554
1474,1454
1399,1450
1533,1420
1521,1411
1415,1459
1649,1563
1556,1536
1494,1544
1456,1432
1419,1456
1393,1464
1637,1527
1685,1594
1429,1446
1606,1516
1570,1510
1576,1540
1466,1419
1509,1525
1437,1385
1406,1454
1553,1522
1408,1448
1458,1487
1476,1558
1571,1518
1520,1558
1449,1484
1570,1571
1691,1633
1434,1411
1455,1472
1455,1486
1580,1552
1488,1505
1621,1470
1565,1464
1474,1425
1593,1538
1542,1580
1590,1566
1576,1544
1468,1461
1461,1508
1579,1549
1473,1463
1557,1522
1434,1499
1369,1441
1554,1551
1378,1468
1486,1436
1456,1437
1547,1554
1347,1469
1379,1397
1418,1474
1641,1524
1371,1451
1549,1534
1500,1462
1517,1469
1543,1598
1580,1509
1550,1625
1469,1352
1545,1558
1415,1428
1433,1510
1475,1461
1441,1420
1615,1653
1536,1568
1550,1513
1482,1493
1529,1579
1587,1574
1458,1494
1574,1583
1480,1491
1418,1466
1544,1562
1451,1524
1475,1516
1494,1486
1465,1460
1468,1430
1470,1474
1611,1586
1435,1444
1653,1554
1398,1500
1531,1491
1512,1507
1445,1440
1451,1443
1442,1430
1490,1544
1538,1496
1504,1520
1489,1501
1525,1521
1425,1443
1506,1415
1443,1429
1536,1568
1565,1562
1420,1440
1502,1477
1599,1556
1422,1448
1426,1429
1514,1440
1628,1601
1489,1577
1442,1408
1584,1605
1508,1510
1554,1506
1565,1601
1642,1586
1573,1548
1451,1445
1504,1580
1564,1539
1631,1541
1364,1447
1414,1483
1497,1467
1675,1515
1493,1504
1522,1511
1594,1500
1431,1477
1444,1434
1506,1470
1578,1505
1487,1532
1433,1519
1382,1489
1647,1632
1501,1458
1475,1501
1595,1540
1600,1566
1541,1445
1387,1444
1475,1496
1488,1580
1558,1507
1506,1554
1450,1480
1576,1496
1505,1478
1423,1411
1425,1463
1591,1584
1497,1487
1602,1470
1455,1424
1357,1410
1539,1529
1552,1509
1514,1539
1578,1491
1571,1524
1393,1421
1474,1465
1543,1553
1369,1412
1531,1518
1487,1485
1636,1572
1576,1559
1465,1481
1582,1514
1467,1462
1506,1493
1619,1611
1467,1442
1580,1531
1531,1418
1477,1447
1455,1447
1603,1541
1587,1554
1511,1522
1578,1571
1416,1472
1546,1563
1444,1477
1562,1513
1401,1383
1637,1577
1560,1556
1373,1391
1573,1608
1357,1502
1570,1566
1501,1412
1566,1552
1631,1586
1514,1606
1468,1511
1474,1454
1630,1533
1473,1368
1413,1381
1668,1550
1584,1628
1477,1442
1467,1501
1439,1431
1698,1542
1524,1496
1401,1416
1576,1562
1442,1471
1625,1516
1489,1502
1588,1598
1530,1536
1595,1559
1600,1497
1410,1472
1521,1518
1472,1557
1428,1457
1366,1442
1486,1428
1545,1466
1549,1578
1502,1482
1445,1547
1567,1579
1604,1559
1569,1539
1410,1439
1431,1417
1518,1494
1443,1461
1668,1517
1409,1510
1525,1631
1456,1447
1551,1565
1596,1582
1466,1416
1410,1498
1513,1560
1430,1416
1534,1483
1366,1408
1632,1571
1504,1506
1580,1612
1547,1488
1388,1541
1466,1567
1599,1581
1465,1394
1479,1467
1560,1490
1488,1430
1371,1446
1587,1596
1401,1478
1552,1530
1545,1543
1508,1477
1544,1507
1436,1500
1488,1479
1500,1430
1440,1550
1522,1562
1548,1529
1384,1448
1484,1474
1531,1567
1472,1480
1610,1551
1467,1496
1392,1545
1588,1545
1459,1427
1574,1525
1385,1417
1430,1452
1624,1595
1544,1444
1595,1570
1605,1535
1447,1464
1386,1471
1507,1534
1338,1411
1544,1480
1494,1407
1435,1415
1428,1471
1579,1519
1579,1513
1445,1434
1448,1468
1425,1476
1497,1458
1432,1509
1470,1477
1497,1439
1449,1483
1581,1572
1435,1532
1434,1482
1497,1475
1457,1431
1644,1574
1547,1495
1459,1529
1481,1527
1503,1523
1419,1425
1523,1516
1539,1527
1581,1571
1597,1515
1462,1500
1468,1450
1427,1501
1442,1421
1549,1483
1417,1512
1495,1395
1470,1468
1471,1482
1532,1498
1512,1560
1512,1561
1573,1525
1408,1512
1613,1560
1427,1525
1417,1465
1471,1433
1448,1424
1423,1506
1505,1470
1582,1562
1482,1505
1491,1464
1432,1511
1595,1516
1628,1548
1387,1466
1463,1424
1458,1498
1554,1525
1470,1449
1621,1534
1532,1560
1566,1564
1448,1428
1454,1413
1495,1493
1613,1546
1493,1503
1460,1500
1535,1536
1429,1459
1499,1499
1561,1592
1582,1534
1471,1428
1372,1447
1481,1467
1446,1418
1461,1470
1409,1471
1501,1475
1459,1432
1419,1349
1433,1471
1491,1475
1481,1558
1521,1470
1455,1570
1437,1421
1533,1529
1585,1522
1486,1458
1494,1445
1596,1637
1596,1646
1537,1532
1477,1379
1514,1509
1583,1482
1410,1416
1498,1565
1600,1531
1389,1405
1590,1498
1486,1502
1562,1547
1450,1431
1426,1451
1438,1436
1441,1413
1541,1548
1501,1431
1503,1503
1518,1466
1593,1572
1603,1447
1456,1492
1352,1427
1406,1430
1470,1499
1470,1417
1619,1572
1602,1665
1593,1573
1404,1419
1557,1524
1584,1559
1492,1457
1556,1578
1574,1503
1601,1527
1426,1489
1454,1408
1576,1544
1591,1526
1481,1379
1539,1551
1655,1563
1472,1496
1512,1468
1468,1472
1435,1513
1382,1393
1459,1409
1500,1452
1546,1480
1557,1552
1437,1464
1480,1458
1550,1556
1531,1526
1461,1425
1549,1536
1553,1521
1609,1565
1616,1587
1585,1559
1376,1506
1490,1496
1370,1470
1515,1496
1544,1526
1363,1417
1512,1510
1373,1361
1431,1383
1433,1424
1553,1557
1399,1452
1427,1445
1400,1451
1426,1444
1448,1465
1532,1522
1440,1405
1405,1342
1489,1520
1501,1492
1541,1529
1498,1517
1347,1430
1342,1446
1426,1449
1561,1574
1476,1484
1464,1444
1611,1531
1597,1502
1514,1505
1592,1433
1409,1364
1572,1503
1635,1569
1595,1504
1531,1551
1500,1509
1341,1413
1508,1528
1592,1598
1557,1587
1521,1417
1599,1517
1562,1476
1455,1396
1577,1496
1385,1416
1492,1481
1622,1589
1590,1560
1595,1557
1410,1402
1460,1481
1609,1540
1401,1407
1554,1524
1468,1449
1524,1493
1548,1599
1525,1485
1531,1534
1549,1484
1351,1472
1385,1385
1630,1507
1571,1522
1420,1420
1440,1426
1447,1433
1420,1463
1357,1466
1555,1562
1560,1532
1426,1449
1512,1487
1495,1495
1525,1438
1393,1372
1565,1531
1374,1432
1612,1570
1473,1520
1594,1418
1617,1589
1519,1576
1567,1465
1394,1398
1515,1416
1592,1453
1461,1462
1465,1404
1400,1460
1412,1445
1547,1529
1394,1450
1521,1483
1463,1424
1517,1602
1555,1587
1368,1473
1552,1556
1569,1586
1530,1497
1603,1545
1455,1510
1516,1445
1528,1545
1421,1426
1554,1534
1451,1485
1489,1583
1573,1494
1599,1566
1506,1442
1399,1463
1581,1553
1528,1527
1455,1463
1562,1590
1589,1548
1491,1521
1636,1574
1593,1512
1432,1500
1535,1550
1355,1449
1570,1560
1433,1516
1455,1444
1560,1524
1451,1437
1567,1594
1346,1432
1416,1469
1439,1467
1577,1523
1600,1602
1630,1594
1566,1508
1483,1530
1511,1390
1487,1423
1565,1474
1414,1393
1580,1456
1556,1445
1461,1485
1557,1577
1594,1610
1479,1518
1444,1460
1581,1538
1390,1429
1570,1532
1414,1414
1627,1590
1595,1588
1368,1452
1396,1411
1496,1468
1492,1531
1490,1470
1597,1566
1611,1472
1374,1450
1410,1457
1527,1588
1543,1504
1592,1552
1590,1514
1515,1465
1583,1550
1572,1550
1581,1613
1474,1444
1529,1460
1617,1486
1559,1538
1555,1591
1406,1440
1450,1441
1535,1456
1536,1510
1479,1500
1545,1544
1400,1465
1415,1476
1615,1574
1654,1602
1442,1415
1412,1543
1507,1406
1405,1383
1398,1444
1384,1489
1541,1554
1391,1382
1492,1531
1546,1560
1577,1499
1432,1448
1391,1511
1483,1585
1653,1580
1620,1520
1603,1508
1504,1575
1442,1391
1574,1565
1522,1557
1430,1440
1392,1459
1397,1456
1535,1429
1515,1423
1394,1412
1451,1428
1593,1546
1605,1602
1598,1518
1397,1424
1596,1567
1438,1485
1569,1538
1468,1488
1600,1530
1515,1511
1572,1613
1464,1438
1446,1491
1562,1510
1590,1529
1397,1505
1609,1560
1523,1547
1576,1603
1596,1570
1568,1580
1423,1540
1468,1519
1415,1440
1498,1534
1420,1506
1600,1598
1561,1592
1496,1489
1431,1452
1546,1525
1476,1508
1628,1579
1403,1395
1463,1482
1510,1524
1349,1430
1555,1612
1585,1478
1450,1393
1394,1473
1629,1560
1557,1504
1424,1445
1639,1513
1450,1435
1516,1500
1542,1613
1620,1571
1468,1430
1567,1593
1433,1435
1447,1521
1450,1464
1484,1536
1567,1582
1612,1526
1373,1393
1599,1543
1542,1542
1525,1453
1616,1585
1588,1564
1530,1556
1401,1407
1440,1360
1430,1462
1588,1560
1496,1477
1546,1502
1313,1475
1547,1567
1435,1481
1409,1530
1364,1446
1450,1513
1406,1465
1408,1472
1436,1499
1553,1553
1610,1573
1345,1445
1544,1568
1570,1535
1539,1439
1558,1588
1495,1449
1559,1602
1385,1428
1422,1390
1524,1438
1558,1535
1399,1446
1630,1519
1625,1541
1571,1477
1445,1525
1492,1477
1542,1502
1524,1464
1326,1387
1472,1414
1611,1584
1516,1497
1470,1433
1529,1554
1411,1503
1482,1540
1473,1391
1547,1521
1472,1490
1379,1461
1500,1418
1458,1474
1424,1419
1483,1418
1432,1415
1534,1522
1597,1497
1525,1539
1554,1583
1592,1541
1513,1485
1414,1456
1485,1512
1534,1486
1490,1630
1576,1584
1352,1425
1610,1578
1562,1567
1587,1498
1615,1520
1538,1554
1507,1561
1494,1480
1533,1443
1587,1555
1481,1463
1349,1417
1534,1594
1532,1545
1531,1533
1552,1540
1611,1564
1565,1567
1407,1384
1526,1455
1457,1442
1336,1456
1621,1570
1376,1408
1389,1442
1629,1531
1542,1529
1439,1466
1551,1569
1356,1427
1595,1604
1564,1504
1425,1437
1483,1405
1463,1504
1472,1399
1454,1393
1437,1491
1504,1555
1563,1593
1403,1406
1605,1639
1454,1449
1590,1550
1431,1454
1462,1545
1650,1594
1417,1402
1385,1435
1578,1575
1397,1375
1575,1518
1483,1505
1403,1466
1486,1501
1658,1569
1408,1488
1647,1597
1635,1550
1504,1529
1404,1457
1440,1511
1477,1483
1650,1618
1652,1536
1452,1440
1393,1416
1458,1438
1504,1495
1389,1445
1522,1574
1558,1524
1650,1560
1532,1435
1574,1534
1418,1502
1551,1450
1572,1487
1591,1620
1586,1492
1523,1568
1484,1556
1366,1343
1479,1523
1528,1524
1598,1604
1489,1452
1429,1478
1348,1392
1549,1477
1597,1498
1554,1558
1535,1471
1393,1399
1413,1511
1652,1671
1450,1489
1416,1436
1561,1507
1574,1481
1471,1411
1608,1560
1519,1536
1362,1464
1415,1400
1518,1469
1670,1607
1369,1441
1582,1420
1507,1418
1589,1570
1545,1522
1602,1671
1484,1495
1606,1501
1538,1484
1588,1544
1459,1424
1469,1439
1399,1461
1491,1489
1596,1535
1588,1456
1586,1551
1491,1419
1536,1458
1473,1455
1464,1447
1467,1463
1541,1571
1412,1504
1656,1542
1419,1399
1481,1497
1484,1384
1549,1611
1473,1538
1546,1571
1625,1584
1387,1420
1479,1523
1527,1486
1504,1434
1635,1594
1412,1433
1510,1522
1449,1449
1619,1517
1481,1585
1453,1569
1450,1430
1388,1381
1412,1373
1432,1478
1417,1475
1397,1441
1553,1557
1582,1562
1327,1494
1370,1407
1532,1527
1505,1556
1575,1496
1437,1498
1423,1355
1417,1423
1508,1558
1534,1512
1372,1447
1395,1410
1529,1467
1571,1552
1440,1516
1632,1555
1458,1440
1603,1528
1360,1477
1409,1420
1564,1556
1476,1406
1590,1577
1539,1420
1567,1517
1433,1484
1456,1534
1339,1428
1426,1554
1386,1382
1458,1511
1497,1444
1560,1571
1590,1624
1538,1557
1522,1515
1531,1457
1428,1461
1541,1417
1516,1393
1525,1603
1496,1501
1500,1576
1444,1402
1500,1513
1443,1576
1546,1499
1400,1396
1393,1410
1513,1521
1472,1545
1559,1590
1444,1401
1428,1472
1546,1526
1492,1567
1493,1498
1466,1465
1447,1478
1620,1614
1512,1417
1599,1633
1574,1608
1502,1442
1449,1458
1367,1457
1451,1373
1370,1465
1573,1556
1487,1371
1468,1438
1386,1417
1618,1477
1404,1400
1440,1425
1595,1597
1368,1457
1452,1557
1520,1530
1407,1413
1453,1488
1648,1616
1512,1478
1481,1569
1471,1446
1489,1421
1535,1643
1580,1553
1583,1491
1525,1511
1541,1573
1578,1542
1442,1488
1413,1479
1332,1421
1554,1500
1483,1492
1547,1527
1440,1467
1590,1565
1502,1456
1525,1554
1541,1538
1445,1413
1436,1403
1435,1453
1498,1444
1592,1590
1492,1460
1489,1581
1570,1561
1505,1414
1429,1427
1489,1550
1375,1388
1438,1496
1614,1586
1369,1428
1474,1495
1518,1527
1533,1489
1487,1402
1562,1528
1580,1572
1463,1557
1430,1420
1390,1438
1541,1532
1422,1483
1467,1518
1540,1497
1639,1536
1425,1410
1582,1490
1526,1482
1468,1403
1549,1480
1390,1420
1519,1443
1412,1382
1474,1460
1358,1361
1530,1481
1332,1414
1425,1514
1620,1600
1366,1372
1525,1511
1615,1583
1366,1436
1396,1534
1456,1410
1397,1444
1609,1578
1438,1435
1467,1462
1419,1384
1445,1510
1466,1490
1438,1503
1533,1581
1421,1490
1448,1448
1497,1539
1373,1407
1372,1395
1375,1457
1623,1573
1601,1562
1491,1478
1433,1465
1346,1437
1392,1450
1584,1602
1409,1421
1545,1566
1402,1392
1484,1521
1593,1548
1603,1574
1533,1485
1676,1616
1464,1531
1405,1451
1485,1503
1436,1459
1455,1586
1444,1453
1466,1483
1448,1531
1390,1401
1466,1431
1502,1457
1407,1458
1508,1419
1618,1577
1332,1408
1647,1532
1441,1441
1502,1531
1362,1393
1457,1406
1664,1619
1376,1413
1551,1499
1535,1588
1412,1511
1545,1489
1359,1403
1641,1559
1489,1531
1499,1467
1572,1543
1394,1434
1535,1520
1546,1485
1412,1405
1517,1491
1442,1408
1540,1576
1542,1592
1588,1577
1479,1404
1504,1557
1564,1530
1340,1414
1482,1491
1469,1333
1450,1390
1353,1444
1562,1570
1368,1331
1384,1402
1614,1538
1467,1494
1492,1459
1530,1438
1396,1457
1520,1475
1447,1430
1531,1563
1589,1576
1410,1433
1404,1422
1540,1477
1397,1420
1600,1585
1643,1456
1371,1434
1513,1474
1488,1553
1627,1587
1443,1408
1481,1534
1410,1438
1476,1518
1472,1476
1435,1398
1587,1544
1447,1528
1452,1424
1464,1523
1515,1504
1440,1492
1395,1406
1472,1442
1530,1531
1627,1524
1612,1565
1407,1441
1431,1404
1492,1428
1351,1412
1380,1391
1524,1432
1422,1389
1407,1435
1490,1449
1363,1373
1480,1501
1510,1531
1380,1418
1548,1501
1603,1485
1425,1504
1589,1633
1427,1460
1483,1477
1575,1529
1569,1534
1423,1557
1547,1587
1519,1503
1519,1457
1364,1458
1586,1575
1413,1436
1549,1556
1619,1617
1406,1403
1406,1420
1669,1544
1569,1578
1640,1562
1359,1393
1646,1612
1518,1592
1670,1541
1400,1442
1637,1585
1587,1600
1561,1625
1416,1419
1412,1414
1504,1554
1491,1452
1501,1510
1606,1589
1476,1552
1393,1431
1611,1540
1417,1407
1626,1504
1568,1554
1461,1543
1379,1522
1544,1503
1433,1410
1646,1516
1558,1574
1498,1558
1450,1519
1460,1440
1374,1404
1489,1477
1573,1551
1594,1591
1412,1541
1608,1563
1395,1438
1547,1538
1508,1538
1446,1505
1541,1518
1485,1525
1383,1474
1589,1607
1587,1583
1601,1565
1660,1541
1307,1384
1538,1553
1552,1636
1368,1448
1454,1502
1549,1494
1637,1548
1546,1473
1563,1569
1574,1516
1469,1512
1571,1515
1320,1476
1551,1564
1369,1350
1598,1525
1420,1506
1636,1569
1609,1560
1568,1570
1542,1500
1558,1551
1533,1548
1649,1580
1651,1551
1568,1561
1593,1551
1531,1525
1509,1420
1444,1467
1589,1630
1555,1489
1447,1493
1550,1489
1440,1459
1402,1453
1358,1392
1399,1424
1444,1393
1480,1527
1502,1528
1350,1352
1367,1397
1567,1552
1520,1465
1434,1407
1667,1604
1581,1536
1585,1593
1418,1558
1509,1610
1522,1386
1522,1481
1634,1600
1476,1440
1541,1467
1504,1476
1469,1412
1451,1383
1435,1435
1476,1507
1603,1591
1502,1504
1397,1434
1447,1439
1408,1470
1511,1540
1533,1559
1472,1462
1595,1545
1496,1426
1460,1448
1474,1506
1610,1619
1448,1408
1605,1534
1642,1633
1544,1457
1427,1415
1475,1490
1389,1435
1542,1611
1589,1466
1405,1344
1666,1563
1543,1455
1609,1553
1435,1539
1412,1380
1602,1561
1525,1550
1613,1597
1361,1462
1568,1543
1459,1435
1465,1407
1430,1432
1452,1442
1638,1541
1611,1612
1497,1476
1388,1382
1414,1403
1394,1373
1611,1524
1586,1553
1597,1538
1554,1491
1440,1445
1597,1650
1350,1472
1528,1468
1504,1478
1601,1581
1311,1435
1643,1533
1374,1392
1618,1568
1559,1583
1575,1514
1433,1422
1663,1547
1595,1573
1361,1402
1491,1507
1613,1625
1562,1599
1531,1516
1541,1592
1481,1491
1516,1461
1388,1435
1354,1499
1524,1653
1520,1593
1355,1415
1486,1549
1557,1671
1397,1382
1553,1575
1399,1408
1454,1506
1427,1436
1428,1423
1466,1470
1455,1416
1550,1545
1426,1395
1625,1581
1621,1628
1323,1428
1600,1591
1582,1559
1629,1587
1498,1530
1536,1523
1406,1419
1607,1607
1337,1381
1463,1450
1619,1552
1423,1387
1600,1510
1609,1612
1401,1402
1437,1493
1582,1528
1435,1454
1508,1523
1628,1602
1474,1488
1492,1491
1590,1630
1630,1610
1665,1573
1397,1450
1597,1593
1464,1433
1349,1504
1490,1582
1441,1444
1538,1496
1403,1410
1574,1540
1358,1456
1444,1449
1548,1536
1665,1590
1406,1417
1404,1418
1454,1401
1365,1420
1411,1432
1440,1404
1656,1629
1411,1418
1521,1545
1427,1415
1354,1397
1575,1567
1355,1405
1653,1594
1444,1435
1609,1599
1431,1455
1402,1386
1557,1489
1402,1468
1564,1585
1459,1551
1413,1408
1358,1438
1582,1469
1491,1507
1487,1500
1456,1493
1424,1443
1508,1487
1548,1565
1595,1610
1400,1428
1533,1476
1426,1475
1589,1513
1384,1470
1494,1572
1586,1549
1571,1606
1477,1490
1454,1480
1445,1531
1583,1570
1413,1422
1525,1611
1506,1515
1561,1425
1479,1468
1579,1547
1487,1475
1534,1499
1491,1537
1321,1429
1577,1636
1483,1516
1617,1524
1464,1473
1503,1507
1532,1522
1388,1428
1412,1478
1609,1607
1360,1371
1595,1569
1626,1520
1390,1432
1364,1408
1529,1547
1480,1419
1596,1550
1579,1563
1634,1568
1524,1587
1615,1531
1328,1422
1587,1507
1529,1513
1466,1547
1654,1538
1582,1593
1397,1324
1684,1606
1515,1570
1626,1617
1585,1533
1366,1389
1455,1485
1372,1401
1390,1429
1588,1563
1618,1555
1539,1599
1654,1556
1614,1573
1612,1593
1498,1473
1628,1564
1374,1441
1456,1433
1583,1582
1382,1458
1607,1530
1371,1389
1498,1434
1408,1491
1565,1499
1465,1478
1628,1661
1530,1542
1543,1455
1406,1415
1484,1500
1584,1571
1343,1476
1531,1568
1375,1374
1619,1565
1619,1613
1514,1473
1593,1590
1378,1385
1629,1575
1526,1520
1382,1506
1517,1444
1546,1580
1355,1444
1595,1591
1512,1491
1606,1614
1435,1466
1530,1599
1423,1417
1549,1547
1700,1578
1382,1406
1670,1583
1437,1480
1482,1333
1420,1443
1490,1477
1500,1526
1683,1540
1532,1524
1591,1611
1451,1519
1454,1349
1426,1483
1325,1401
1511,1474
1539,1541
1577,1570
1415,1412
1630,1593
1580,1569
1597,1585
1524,1435
1407,1401
1398,1494
1422,1412
1535,1628
1613,1628
1463,1500
1529,1562
1373,1364
1565,1519
1527,1541
1428,1445
1673,1563
1461,1492
1462,1447
1486,1476
1530,1437
1624,1582
1344,1363
1484,1466
1367,1402
1638,1531
1443,1410
1418,1441
1559,1597
1575,1553
1379,1443
1491,1430
1375,1524
1446,1478
1620,1503
1319,1321
1586,1621
1520,1481
1362,1391
1668,1622
1365,1383
1471,1505
1561,1544
1510,1621
1517,1583
1542,1569
1511,1522
1465,1444
1533,1514
1674,1549
1555,1623
1402,1473
1442,1378
1558,1561
1346,1406
1466,1381
1457,1415
1548,1581
1449,1474
1510,1552
1630,1570
1662,1610
1616,1615
1636,1606
1635,1641
1651,1592
1513,1626
1601,1469
1517,1547
1449,1397
1557,1554
1523,1600
1606,1577
1596,1616
1439,1474
1376,1447
1499,1544
1561,1545
1438,1538
1424,1485
1681,1577
1491,1510
1478,1477
1562,1624
1555,1428
1494,1527
1347,1381
1511,1639
1521,1518
1336,1409
1630,1613
1491,1398
1632,1574
1554,1598
1532,1531
1558,1473
1389,1434
1603,1576
1666,1606
1547,1576
1538,1563
1605,1574
1604,1571
1407,1423
1441,1488
1620,1640
1490,1556
1379,1428
1406,1476
1426,1434
1566,1603
1367,1379
1387,1368
1644,1542
1534,1574
1677,1578
1423,1425
1537,1523
1556,1545
1468,1465
1653,1592
1429,1451
1332,1475
1444,1360
1456,1335
1500,1485
1392,1354
1514,1494
1573,1615
1551,1540
1372,1423
1431,1349
1377,1389
1610,1566
1593,1628
1346,1380
1506,1494
1409,1467
1464,1511
1669,1638
1386,1419
1696,1590
1398,1472
1475,1437
1458,1486
1339,1451
1387,1477
1363,1343
1561,1498
1584,1627
1497,1545
1604,1624
1406,1478
1607,1670
1580,1605
1711,1570
1471,1495
1379,1372
1544,1470
1466,1350
1627,1590
1374,1428
1474,1454
1384,1377
1378,1404
1442,1416
1560,1555
1505,1539
1629,1492
1602,1600
1468,1449
1419,1437
1602,1605
1458,1479
1543,1576
1480,1425
1643,1628
1605,1544
1650,1552
1480,1464
1546,1648
1443,1517
1575,1589
1408,1463
1398,1526
1662,1618
1499,1565
1589,1603
1542,1666
1397,1465
1634,1578
1372,1427
1480,1424
1395,1417
1458,1539
1611,1619
1512,1405
1527,1523
1431,1508
1603,1656
1481,1531
1443,1390
1537,1578
1635,1513
1470,1506
1632,1592
1565,1463
1564,1599
1550,1548
1479,1492
1367,1376
1633,1564
1532,1494
1386,1418
1471,1514
1300,1451
1559,1550
1611,1516
1348,1423
1336,1474
1366,1463
1453,1553
1608,1564
1565,1559
1415,1551
1561,1525
1470,1419
1523,1597
1542,1608
1459,1446
1516,1493
1466,1474
1355,1484
1400,1391
1644,1563
1613,1651
1451,1445
1664,1543
1558,1573
1562,1583
1581,1586
1309,1394
1527,1473
1565,1596
1639,1552
1403,1414
1381,1414
1552,1519
1631,1577
1618,1604
1620,1573
1596,1587
1484,1385
1395,1387
1422,1439
1448,1435
1502,1536
1525,1470
1600,1588
1456,1452
1546,1557
1529,1506
1630,1534
1701,1674
1402,1419
1606,1560
1658,1518
1564,1481
1615,1601
1588,1619
1456,1502
1359,1385
1419,1397
1356,1437
1510,1512
1495,1486
1468,1504
1565,1564
1521,1515
1549,1582
1419,1447
1585,1584
1408,1503
1514,1567
1345,1379
1560,1618
1353,1376
1333,1387
1604,1525
1614,1619
1368,1431
1568,1597
1559,1551
1676,1605
1641,1644
1458,1457
1564,1485
1401,1474
1415,1467
1602,1599
1569,1625
1411,1414
1470,1574
1523,1532
1477,1468
1371,1421
1334,1387
1606,1628
1674,1528
1394,1525
1686,1558
1379,1499
1366,1498
1588,1543
1480,1436
1616,1622
1694,1624
1569,1588
1547,1513
1403,1418
1452,1429
1546,1456
1596,1593
1616,1545
1387,1436
1451,1487
1640,1598
1585,1552
1494,1463
1460,1439
1459,1536
1459,1474
1429,1363
1400,1405
1391,1419
1622,1609
1666,1575
1413,1456
1319,1399
1545,1600
1389,1366
1490,1464
1458,1479
1500,1526
1606,1588
1438,1427
1629,1611
1607,1509
1547,1572
1550,1465
1544,1519
1306,1426
1309,1446
1437,1467
1556,1557
1472,1546
1586,1564
1516,1515
1618,1562
1447,1479
1408,1361
1637,1616
1490,1466
1587,1551
1519,1579
1371,1317
1575,1615
1547,1534
1666,1625
1491,1491
1599,1615
1453,1531
1613,1589
1416,1435
1320,1427
1418,1359
1384,1444
1339,1383
1366,1448
1613,1544
1446,1419
1527,1552
1343,1362
1562,1523
1480,1408
1549,1496
1583,1582
1588,1558
1417,1421
1493,1341
1447,1598
1560,1638
1416,1531
1597,1608
1475,1591
1395,1454
1290,1403
1659,1670
1502,1504
1587,1514
1404,1403
1650,1587
1407,1484
1458,1469
1648,1600
1544,1472
1328,1445
1479,1460
1649,1609
1526,1592
1550,1498
1580,1507
1541,1564
1413,1413
1549,1556
1582,1561
1498,1551
1396,1409
1313,1410
1563,1555
1649,1599
1510,1530
1544,1622
1396,1352
1472,1549
1685,1540
1341,1405
1542,1465
1415,1401
1617,1587
1420,1390
1396,1403
1467,1545
1452,1477
1581,1583
1415,1416
1597,1473
1360,1377
1571,1564
1464,1415
1659,1529
1652,1573
1439,1363
1511,1575
1578,1486
1418,1448
1393,1406
1432,1500
1595,1624
1667,1614
1433,1434
1517,1539
1636,1642
1609,1592
1455,1422
1484,1465
1542,1527
1320,1399
1489,1374
1637,1593
1385,1456
1450,1458
1588,1500
1631,1527
1613,1536
1406,1474
1572,1628
1398,1421
1394,1393
1664,1666
1392,1448
1588,1586
1531,1619
1389,1395
1631,1519
1433,1416
1424,1396
1555,1572
1569,1460
1520,1376
1616,1555
1405,1371
1661,1624
1383,1451
1494,1476
1624,1569
1658,1580
1460,1553
1402,1382
1667,1574
1558,1548
1404,1451
1357,1392
1493,1485
1599,1536
1589,1517
1482,1493
1409,1404
1387,1474
1503,1563
1658,1554
1510,1420
1596,1525
1492,1530
1399,1425
1711,1570
1553,1490
1427,1414
1404,1444
1419,1461
1527,1500
1375,1438
1447,1527
1606,1630
1457,1510
1675,1594
1343,1389
1476,1431
1454,1487
1649,1560
1595,1544
1551,1520
1606,1522
1603,1579
1456,1382
1608,1606
1567,1533
1540,1447
1428,1487
1415,1438
1587,1620
1357,1479
1542,1567
1437,1564
1652,1606
1357,1478
1633,1600
1580,1540
1565,1573
1423,1452
1595,1519
1347,1385
1388,1421
1364,1393
1392,1385
1478,1543
1527,1472
1416,1445
1570,1572
1511,1512
1671,1543
1382,1445
1327,1348
1626,1635
1388,1479
1546,1599
1597,1610
1395,1457
1505,1488
1504,1488
1503,1543
1543,1441
1479,1450
1633,1617
1591,1548
1540,1613
1404,1420
1534,1485
1599,1525
1602,1427
1622,1564
1345,1382
1632,1552
1375,1431
1618,1571
1482,1532
1431,1487
1362,1377
1579,1568
1353,1375
1444,1509
1623,1545
1389,1468
1617,1595
1361,1487
1604,1556
1531,1588
1587,1520
1540,1502
1527,1510
1575,1478
1458,1538
1611,1597
1338,1421
1378,1495
1380,1456
1595,1471
1596,1637
1474,1338
1643,1570
1535,1427
1414,1452
1631,1560
1487,1451
1562,1564
1505,1557
1456,1463
1652,1602
1428,1411
1329,1493
1359,1442
1498,1505
1383,1525
1482,1557
1662,1508
1524,1467
1382,1450
1538,1473
1536,1534
1570,1652
1552,1624
1392,1390
1550,1527
1512,1572
1461,1442
1504,1559
1423,1425
1451,1434
1592,1543
1562,1524
1626,1618
1339,1407
1604,1585
1394,1482
1654,1557
1647,1504
1423,1436
1340,1400
1451,1332
1402,1458
1528,1503
1650,1560
1646,1645
1617,1610
1352,1334
1467,1489
1440,1473
1535,1526
1459,1431
1557,1537
1564,1586
1372,1410
1431,1459
1587,1475
1370,1428
1328,1436
1525,1486
1576,1498
1561,1630
1493,1430
1471,1394
1369,1397
1398,1369
1357,1488
1439,1444
1338,1447
1412,1387
1474,1481
1418,1441
1580,1478
1388,1474
1605,1561
1529,1511
1427,1441
1565,1563
1652,1574
1536,1561
1613,1561
1433,1401
1641,1572
1385,1377
1386,1432
1556,1650
1528,1544
1586,1470
1440,1504
1406,1405
1383,1311
1447,1473
1505,1441
1374,1389
1292,1377
1385,1420
1335,1403
1462,1547
1431,1419
1574,1582
1424,1394
1597,1485
1468,1561
1348,1414
1387,1511
1662,1569
1424,1445
1445,1428
1474,1508
1428,1476
1663,1578
1413,1431
1617,1581
1459,1467
1399,1404
1608,1547
1392,1404
1409,1417
1481,1550
1503,1473
1662,1520
1634,1563
1615,1436
1412,1457
1494,1465
1579,1522
1509,1421
1429,1497
1431,1435
1519,1513
1475,1386
1448,1436
1566,1523
1394,1478
1514,1590
1605,1599
1389,1430
1645,1568
1459,1523
1581,1579
1294,1383
1430,1383
1655,1626
1309,1387
1379,1421
1486,1467
1440,1429
1392,1452
1595,1634
1504,1594
1403,1403
1509,1517
1392,1433
1500,1532
1667,1534
1589,1580
1659,1603
1498,1455
1604,1590
1446,1525
1568,1588
1544,1480
1594,1534
1385,1485
1487,1462
1562,1600
1649,1602
1352,1406
1580,1578
1555,1593
1640,1577
1631,1561
1309,1391
1404,1354
1513,1548
1337,1392
1580,1601
1597,1592
1469,1482
1445,1478
1561,1604
1575,1603
1384,1462
1469,1504
1481,1518
1538,1552
1543,1606
1415,1372
1531,1529
1624,1583
1427,1541
1620,1537
1641,1591
1428,1433
1417,1447
1413,1498
1604,1591
1411,1375
1535,1542
1379,1416
1534,1482
1582,1568
1474,1416
1457,1444
1370,1414
1394,1442
1518,1524
1593,1600
1481,1483
1330,1382
1368,1529
1634,1628
1554,1503
1364,1409
1496,1489
1517,1471
1469,1574
1575,1620
1564,1564
1300,1429
1630,1584
1330,1421
1531,1596
1501,1465
1619,1553
1361,1465
1392,1416
1387,1321
1484,1531
1393,1463
1458,1443
1519,1504
1362,1455
1402,1402
1582,1463
1560,1582
1440,1413
1506,1605
1491,1541
1623,1685
1548,1505
1495,1510
1439,1470
1354,1403
1475,1487
1621,1629
1606,1631
1483,1468
1526,1549
1510,1435
1463,1504
1415,1474
1355,1397
1452,1459
1422,1401
1473,1402
1687,1564
1394,1393
1548,1554
1556,1476
1614,1594
1358,1420
1554,1595
1410,1456
1568,1649
1601,1560
1387,1397
1529,1610
1348,1422
1631,1574
1413,1400
1524,1441
1677,1561
1459,1525
1428,1450
1559,1567
1361,1420
1431,1430
1413,1474
1380,1491
1440,1436
1632,1555
1549,1575
1607,1589
1585,1635
1436,1438
1406,1344
1411,1395
1529,1514
1612,1551
1578,1617
1522,1514
1540,1538
1367,1443
1596,1525
1478,1456
1470,1461
1566,1601
1533,1483
1709,1478
1602,1518
1510,1536
1412,1469
1434,1514
1501,1571
1499,1407
1476,1480
1526,1438
1630,1586
1391,1446
1353,1435
1395,1412
1610,1570
1379,1411
1442,1482
1634,1559
1430,1390
1601,1550
1602,1597
1415,1341
1311,1377
1402,1492
1449,1433
1607,1611
1486,1549
1340,1437
1525,1496
1573,1583
1669,1604
1560,1512
1614,1430
1525,1460
1540,1474
1601,1648
1653,1564
1448,1460
1536,1543
1379,1448
1440,1499
1324,1368
1296,1460
1425,1450
1571,1590
1384,1404
1371,1474
1394,1471
1688,1623
1634,1542
1599,1521
1408,1454
1368,1403
1464,1428
1567,1620
1395,1476
1398,1487
1637,1545
1505,1466
1559,1534
1446,1446
1416,1379
1534,1519
1572,1559
1369,1450
1634,1623
1637,1607
1614,1656
1420,1446
1372,1428
1601,1534
1579,1580
1611,1515
1356,1428
1507,1437
1515,1522
1606,1498
1597,1578
1597,1612
1406,1385
1570,1569
1433,1413
1619,1531
1528,1516
1516,1498
1542,1573
1514,1565
1569,1590
1607,1585
1474,1503
1573,1528
1642,1585
1406,1415
1411,1429
1450,1508
1568,1556
1394,1392
1543,1578
1421,1455
1380,1450
1556,1551
1631,1571
1379,1432
1428,1443
1520,1542
1488,1489
1434,1489
1619,1547
1482,1517
1567,1582
1424,1361
1511,1503
1564,1485
1364,1437
1428,1427
1505,1522
1575,1554
1565,1602
1330,1428
1440,1469
1389,1467
1531,1577
1489,1531
1649,1519
1537,1551
1604,1583
1422,1443
1480,1527
1466,1525
1487,1473
1465,1527
1570,1597
1476,1527
1522,1612
1540,1554
1462,1409
1569,1578
1485,1403
1593,1573
1377,1367
1349,1439
1527,1443
1372,1443
1593,1520
1558,1608
1412,1397
1511,1518
1448,1544
1550,1516
1527,1528
1545,1552
1674,1605
1426,1455
1368,1447
1436,1486
1591,1485
1507,1490
1491,1450
1379,1479
1610,1562
1421,1509
1473,1404
1424,1422
1356,1462
1398,1497
1629,1574
1559,1618
1349,1405
1634,1565
1467,1560
1392,1465
1589,1475
1660,1546
1459,1435
1424,1466
1615,1605
1517,1633
1471,1480
1456,1500
1617,1586
1467,1420
1644,1627
1381,1420
1402,1387
1365,1412
1393,1386
1305,1367
1405,1425
1484,1549
1471,1510
1489,1421
1351,1483
1650,1588
1377,1434
1423,1332
1477,1471
1394,1401
1569,1583
1388,1432
1650,1563
1361,1453
1620,1596
1438,1444
1517,1504
1395,1452
1500,1542
1486,1547
1346,1446
1663,1588
1437,1458
1406,1476
1502,1495
1575,1589
1485,1476
1594,1560
1493,1528
1646,1601
1620,1526
1603,1505
1426,1450
1508,1455
1623,1556
1538,1463
1565,1569
1432,1524
1543,1534
1653,1582
1415,1352
1429,1410
1638,1549
1398,1470
1463,1421
1460,1441
1613,1562
1390,1317
1335,1435
1440,1458
1597,1562
1501,1489
1593,1611
1553,1495
1502,1437
1596,1585
1581,1509
1595,1594
1431,1438
1365,1434
1424,1470
1596,1581
1580,1639
1572,1624
1497,1528
1589,1571
1359,1451
1509,1503
1441,1428
1475,1477
1445,1377
1427,1493
1475,1476
1682,1620
1429,1493
1531,1566
1412,1384
1517,1556
1571,1611
1593,1468
1593,1669
1604,1612
1485,1543
1549,1530
1448,1445
1624,1564
1607,1600
1535,1519
1401,1426
1624,1555
1398,1367
1597,1571
1726,1594
1563,1557
1588,1583
1452,1544
1481,1428
1318,1381
1594,1551
1377,1423
1509,1405
1491,1470
1451,1496
1579,1530
1553,1523
1371,1426
1573,1559
1633,1640
1647,1606
1434,1526
1597,1562
1524,1538
1534,1523
1557,1574
1579,1580
1508,1485
1368,1409
1641,1588
1570,1610
1472,1458
1555,1477
1494,1485
1413,1420
1637,1565
1409,1393
1566,1542
1439,1420
1380,1412
