ch1,ch2
1458,1557
1517,1485
1498,1520
1508,1529
1438,1535
1523,1527
1501,1523
1504,1517
1549,1527
1582,1523
1591,1549
1551,1518
1483,1533
1575,1524
1546,1510
1581,1541
1608,1524
1516,1556
1558,1544
1549,1551
1479,1595
1543,1575
1549,1559
1600,1584
1582,1570
1534,1583
1615,1617
1597,1577
1597,1564
1586,1564
1583,1602
1625,1609
1530,1578
1589,1610
1562,1569
1599,1583
1577,1620
1555,1566
1512,1559
1613,1602
1648,1584
1574,1541
1622,1629
1570,1581
1633,1550
1549,1572
1587,1578
1647,1590
1566,1584
1587,1577
1634,1571
1646,1567
1600,1553
1614,1626
1608,1558
1627,1566
1582,1582
1585,1603
1554,1505
1657,1586
1603,1630
1581,1577
1659,1590
1605,1568
1628,1565
1610,1575
1624,1563
1640,1626
1580,1607
1583,1539
1534,1524
1560,1561
1602,1618
1528,1474
1523,1490
1582,1550
1518,1509
1571,1475
1576,1540
1542,1463
1439,1472
1591,1502
1625,1584
1582,1495
1554,1564
1481,1452
1418,1410
1481,1448
1543,1523
1546,1453
1532,1528
1568,1567
1541,1482
1483,1438
1555,1516
1562,1464
1415,1422
1423,1426
1522,1475
1580,1548
1534,1512
1573,1553
1543,1536
1402,1456
1509,1433
1516,1518
1433,1432
1553,1611
1449,1410
1372,1449
1400,1399
1468,1466
1384,1455
1413,1415
1440,1472
1299,1381
1535,1511
1373,1413
1491,1450
1436,1430
1511,1505
1435,1417
1390,1415
1435,1443
1453,1501
1391,1431
1466,1413
1411,1457
1348,1375
1495,1470
1392,1402
1470,1472
1384,1392
1496,1437
1440,1431
1427,1478
1421,1425
1416,1469
1395,1414
1356,1442
1391,1425
1418,1463
1423,1375
1431,1427
1597,1593
1346,1430
1393,1479
1463,1447
1409,1461
1394,1481
1469,1404
1427,1375
1402,1426
1374,1414
1484,1533
1496,1484
1377,1409
1585,1581
1430,1406
1368,1425
1395,1358
1446,1493
1414,1471
1394,1478
1441,1420
1501,1532
1584,1596
1441,1507
1456,1508
1563,1551
1402,1457
1539,1595
1544,1557
1522,1568
1568,1548
1519,1569
1443,1450
1616,1625
1586,1532
1610,1594
1546,1564
1497,1510
1429,1426
1559,1559
1555,1537
1450,1452
1602,1579
1486,1511
1485,1512
1606,1611
1543,1478
1389,1357
1617,1603
1529,1595
1484,1491
1634,1611
1605,1545
1559,1565
1644,1569
1442,1422
1476,1593
1534,1551
1426,1467
1571,1624
1545,1597
1360,1439
1597,1529
1584,1598
1556,1567
1566,1576
1528,1593
1621,1520
1576,1539
1587,1530
1565,1565
1657,1596
1626,1551
1611,1547
1629,1587
1601,1553
1672,1583
1587,1626
1427,1423
1522,1548
1574,1527
1542,1493
1590,1624
1416,1452
1609,1576
1487,1451
1585,1538
1546,1448
1483,1444
1607,1623
1586,1545
1592,1562
1592,1594
1503,1415
1504,1494
1504,1497
1482,1449
1460,1434
1610,1586
1614,1551
1412,1456
1523,1551
1619,1594
1362,1433
1498,1514
1442,1437
1574,1533
1457,1451
1355,1443
1644,1607
1427,1423
1589,1531
1450,1420
1557,1501
1413,1419
1471,1473
1572,1545
1530,1461
1497,1515
1617,1577
1376,1405
1482,1441
1609,1583
1510,1493
1540,1595
1408,1460
1353,1392
1408,1455
1575,1561
1605,1572
1399,1452
1661,1589
1455,1511
1414,1451
1392,1389
1477,1482
1382,1382
1564,1526
1529,1538
1392,1406
1382,1420
1445,1394
1401,1365
1531,1577
1383,1426
1367,1441
1614,1557
1593,1580
1364,1397
1437,1450
1428,1379
1566,1517
1530,1490
1435,1432
1632,1587
1591,1576
1397,1408
1514,1520
1490,1514
1393,1412
1407,1468
1467,1418
1641,1626
1560,1581
1601,1561
1420,1463
1563,1591
1571,1594
1588,1581
1408,1375
1376,1454
1566,1591
1630,1582
1560,1581
1612,1592
1475,1477
1551,1557
1561,1469
1652,1608
1521,1573
1394,1429
1403,1446
1608,1557
1517,1591
1568,1546
1399,1469
1425,1460
1473,1488
1581,1583
1553,1507
1379,1427
1399,1381
1601,1524
1419,1418
1526,1548
1663,1567
1525,1552
1421,1425
1613,1580
1561,1517
1482,1565
1541,1499
1447,1432
1439,1451
1515,1472
1450,1472
1494,1493
1611,1610
1459,1384
1378,1425
1414,1385
1443,1421
1457,1488
1616,1553
1508,1579
1539,1580
1395,1450
1534,1425
1416,1429
1370,1429
1353,1453
1434,1417
1668,1617
1612,1586
1423,1523
1542,1515
1549,1516
1391,1462
1450,1466
1596,1550
1380,1431
1564,1496
1604,1575
1449,1439
1586,1576
1647,1549
1649,1627
1405,1383
1643,1576
1458,1554
1440,1451
1445,1422
1601,1554
1432,1425
1568,1488
1331,1378
1505,1451
1601,1583
1585,1500
1464,1383
1619,1574
1626,1599
1602,1584
1534,1552
1376,1392
1504,1469
1611,1572
1692,1529
1447,1467
1408,1441
1616,1554
1493,1514
1634,1553
1539,1445
1543,1493
1485,1523
1588,1585
1514,1595
1603,1521
1584,1531
1555,1536
1573,1586
1583,1593
1500,1461
1421,1484
1395,1473
1625,1594
1417,1405
1514,1485
1455,1414
1567,1526
1449,1410
1424,1465
1552,1637
1576,1611
1613,1574
1461,1513
1501,1504
1455,1375
1583,1560
1404,1435
1631,1557
1561,1601
1465,1479
1681,1621
1556,1512
1587,1576
1442,1405
1468,1412
1483,1561
1569,1561
1401,1480
1533,1525
1591,1555
1382,1413
1449,1464
1558,1552
1618,1575
1396,1439
1524,1604
1564,1561
1537,1523
1607,1539
1428,1414
1526,1480
1626,1571
1597,1556
1413,1432
1518,1489
1325,1444
1520,1519
1527,1642
1533,1603
1624,1595
1393,1493
1525,1567
1568,1551
1439,1481
1632,1592
1522,1451
1392,1412
1504,1442
1484,1456
1593,1606
1352,1388
1612,1613
1558,1641
1407,1437
1601,1505
1555,1527
1527,1546
1543,1543
1435,1415
1631,1598
1617,1541
1412,1477
1379,1508
1431,1466
1396,1464
1548,1477
1568,1554
1609,1510
1441,1424
1563,1580
1453,1467
1560,1578
1435,1412
1587,1524
1494,1454
1445,1443
1466,1478
1588,1591
1419,1446
1355,1459
1639,1573
1416,1430
1394,1359
1495,1438
1534,1401
1394,1402
1429,1460
1526,1488
1409,1401
1559,1575
1550,1603
1568,1522
1525,1488
1617,1622
1403,1455
1642,1581
1514,1526
1544,1581
1519,1510
1430,1399
1573,1560
1577,1500
1639,1607
1543,1490
1610,1613
1563,1488
1613,1647
1570,1585
1606,1592
1503,1493
1368,1417
1596,1488
1521,1574
1403,1416
1386,1429
1642,1584
1563,1569
1551,1581
1571,1547
1416,1389
1403,1409
1411,1377
1600,1563
1495,1514
1614,1645
1401,1441
1624,1592
1397,1367
1569,1606
1516,1545
1544,1464
1535,1481
1592,1534
1448,1419
1546,1581
1582,1617
1561,1559
1580,1584
1402,1403
1466,1450
1650,1609
1464,1544
1401,1484
1404,1418
1380,1456
1548,1542
1587,1544
1463,1450
1612,1544
1399,1498
1387,1380
1452,1434
1560,1554
1566,1556
1585,1524
1415,1456
1367,1415
1386,1373
1585,1543
1394,1396
1359,1394
1585,1610
1434,1448
1511,1489
1599,1575
1411,1456
1378,1387
1413,1443
1557,1516
1340,1429
1632,1557
1394,1399
1553,1586
1531,1575
1488,1529
1381,1409
1551,1559
1617,1609
1335,1441
1585,1539
1598,1554
1620,1600
1634,1600
1524,1564
1401,1389
1427,1422
1586,1528
1559,1576
1425,1426
1610,1573
1449,1471
1477,1472
1450,1444
1461,1494
1462,1495
1462,1486
1338,1391
1363,1411
1573,1633
1614,1575
1641,1640
1415,1517
1397,1435
1390,1391
1603,1618
1509,1539
1530,1537
1528,1542
1577,1577
1579,1598
1402,1433
1555,1565
1591,1590
1603,1597
1524,1529
1434,1452
1412,1447
1394,1488
1448,1419
1487,1463
1372,1423
1553,1587
1631,1596
1575,1573
1616,1557
1380,1463
1452,1428
1588,1573
1412,1355
1373,1357
1603,1583
1448,1389
1547,1524
1529,1522
1463,1483
1580,1589
1576,1618
1421,1406
1596,1576
1596,1467
1398,1426
1385,1432
1467,1517
1553,1463
1578,1607
1389,1347
1376,1477
1604,1581
1502,1434
1543,1558
1658,1597
1631,1653
1569,1479
1565,1601
1433,1511
1399,1447
1447,1464
1498,1555
1492,1490
1487,1422
1556,1568
1378,1406
1501,1543
1416,1406
1390,1470
1408,1393
1631,1574
1541,1504
1582,1586
1591,1491
1400,1482
1552,1564
1568,1499
1405,1430
1371,1416
1529,1578
1420,1403
1478,1418
1369,1394
1667,1539
1454,1494
1437,1398
1366,1419
1655,1563
1590,1559
1575,1545
1603,1566
1391,1428
1580,1585
1390,1402
1601,1557
1654,1588
1605,1565
1420,1472
1468,1495
1601,1589
1454,1414
1489,1440
1405,1467
1649,1549
1445,1472
1421,1374
1636,1567
1431,1386
1652,1589
1432,1473
1610,1568
1498,1466
1420,1466
1418,1412
1539,1485
1585,1573
1578,1529
1372,1370
1365,1361
1402,1412
1383,1422
1450,1484
1625,1613
1611,1504
1430,1478
1645,1574
1639,1571
1605,1609
1402,1454
1488,1510
1608,1459
1610,1525
1421,1335
1441,1516
1640,1605
1354,1404
1491,1531
1424,1441
1349,1488
1464,1480
1368,1352
1628,1563
1361,1403
1374,1427
1470,1427
1452,1527
1392,1430
1644,1610
1567,1565
1375,1424
1477,1528
1442,1398
1545,1537
1605,1597
1557,1605
1587,1607
1483,1427
1388,1449
1629,1628
1480,1486
1553,1535
1518,1510
1482,1518
1554,1574
1651,1587
1575,1603
1551,1536
1421,1436
1583,1541
1561,1536
1396,1416
1604,1461
1386,1422
1583,1568
1589,1546
1385,1464
1590,1587
1640,1481
1553,1527
1461,1439
1443,1434
1387,1416
1391,1415
1366,1379
1642,1520
1498,1470
1635,1584
1605,1585
1360,1420
1637,1633
1382,1465
1608,1586
1555,1512
1360,1417
1445,1477
1421,1376
1375,1431
1364,1404
1424,1403
1620,1639
1597,1638
1523,1427
1599,1579
1442,1366
1507,1488
1540,1513
1421,1480
1540,1520
1360,1435
1496,1503
1468,1404
1566,1576
1537,1512
1584,1617
1625,1582
1383,1403
1601,1608
1538,1506
1597,1509
1391,1406
1437,1511
1503,1503
1635,1538
1399,1396
1550,1456
1656,1616
1467,1471
1614,1544
1437,1512
1627,1549
1520,1434
1560,1584
1566,1539
1641,1582
1367,1404
1645,1618
1417,1471
1553,1535
1517,1590
1435,1530
1593,1632
1627,1616
1452,1459
1449,1476
1543,1454
1363,1368
1536,1488
1532,1605
1521,1595
1369,1366
1352,1366
1638,1574
1624,1607
1426,1426
1526,1494
1632,1561
1604,1548
1494,1482
1568,1553
1359,1452
1505,1554
1406,1390
1455,1418
1425,1350
1572,1569
1377,1411
1468,1468
1563,1558
1550,1506
1460,1526
1580,1612
1462,1544
1365,1433
1622,1614
1450,1519
1420,1434
1536,1564
1584,1627
1326,1441
1357,1371
1507,1539
1584,1560
1572,1520
1353,1374
1609,1573
1293,1452
1616,1579
1497,1528
1640,1607
1515,1422
1399,1442
1568,1623
1650,1544
1582,1528
1503,1540
1435,1383
1479,1496
1480,1499
1452,1471
1361,1403
1620,1568
1617,1587
1603,1573
1505,1562
1582,1522
1448,1374
1603,1578
1370,1395
1446,1478
1334,1431
1514,1564
1555,1566
1415,1471
1544,1516
1402,1411
1630,1562
1367,1410
1393,1391
1639,1562
1360,1469
1512,1477
1535,1526
1450,1404
1638,1554
1460,1419
1401,1443
1608,1549
1507,1431
1443,1489
1475,1450
1565,1523
1623,1596
1566,1522
1585,1611
1544,1504
1518,1546
1334,1401
1603,1577
1638,1579
1653,1614
1458,1469
1442,1427
1451,1418
1381,1448
1406,1451
1348,1377
1526,1581
1335,1461
1445,1429
1524,1452
1374,1408
1411,1408
1469,1472
1418,1411
1686,1492
1555,1530
1438,1413
1565,1542
1598,1521
1636,1532
1537,1515
1449,1408
1400,1427
1379,1403
1630,1602
1604,1549
1636,1544
1365,1358
1375,1434
1502,1556
1610,1587
1557,1514
1588,1602
1599,1596
1622,1591
1523,1494
1400,1417
1460,1477
1478,1411
1615,1665
1358,1482
1492,1390
1407,1465
1474,1498
1446,1446
1591,1614
1445,1399
1573,1554
1408,1416
1568,1499
1534,1521
1630,1568
1370,1389
1545,1578
1430,1502
1580,1639
1394,1427
1425,1443
1596,1583
1450,1526
1444,1416
1643,1579
1550,1545
1521,1508
1448,1526
1395,1431
1569,1600
1402,1466
1361,1392
1553,1509
1441,1466
1464,1467
1553,1493
1382,1433
1520,1498
1480,1455
1535,1477
1530,1487
1374,1432
1488,1412
1391,1438
1624,1605
1581,1605
1492,1423
1382,1420
1371,1456
1575,1613
1449,1414
1569,1578
1400,1379
1394,1488
1382,1423
1638,1568
1351,1425
1553,1511
1530,1560
1351,1408
1376,1396
1477,1547
1384,1388
1454,1426
1494,1444
1610,1590
1440,1446
1501,1541
1453,1520
1606,1589
1417,1431
1678,1611
1314,1450
1494,1414
1500,1520
1421,1534
1355,1394
1514,1498
1642,1577
1454,1397
1445,1421
1529,1577
1347,1404
1479,1501
1553,1588
1505,1482
1323,1464
1386,1424
1559,1456
1442,1463
1417,1413
1565,1501
1325,1407
1605,1566
1588,1556
1536,1501
1471,1472
1473,1484
1351,1426
1401,1386
1430,1464
1348,1446
1445,1419
1478,1472
1597,1555
1437,1513
1512,1542
1405,1508
1618,1583
1555,1441
1666,1613
1422,1433
1628,1575
1467,1409
1628,1580
1332,1424
1609,1581
1387,1403
1571,1529
1395,1400
1414,1415
1606,1582
1336,1454
1586,1628
1616,1608
1550,1575
1581,1548
1359,1417
1616,1510
1455,1484
1467,1550
1585,1598
1641,1616
1417,1387
1512,1483
1363,1426
1634,1594
1596,1524
1463,1465
1368,1479
1489,1540
1393,1532
1541,1557
1458,1472
1610,1605
1416,1422
1560,1584
1627,1590
1476,1568
1566,1551
1499,1500
1563,1615
1609,1614
1513,1528
1621,1559
1348,1414
1616,1605
1411,1414
1462,1397
1658,1596
1395,1377
1401,1430
1372,1422
1488,1490
1394,1375
1617,1571
1549,1517
1446,1416
1541,1535
1574,1620
1524,1565
1499,1499
1363,1402
1420,1484
1503,1488
1412,1401
1355,1396
1381,1422
1506,1500
1597,1616
1431,1399
1621,1548
1573,1585
1438,1485
1602,1614
1487,1503
1460,1442
1368,1429
1529,1479
1417,1444
1637,1568
1464,1463
1604,1596
1570,1519
1583,1516
1630,1623
1412,1481
1599,1609
1483,1541
1424,1457
1396,1416
1594,1532
1319,1403
1387,1519
1402,1413
1593,1530
1496,1519
1516,1475
1463,1396
1491,1518
1508,1473
1544,1521
1412,1455
1368,1459
1629,1576
1444,1379
1651,1558
1453,1508
1657,1601
1570,1610
1476,1520
1621,1572
1587,1497
1354,1468
1367,1452
1625,1598
1415,1429
1572,1545
1410,1399
1602,1627
1522,1562
1341,1409
1557,1517
1554,1551
1370,1377
1531,1519
1514,1527
1359,1442
1379,1431
1480,1477
1591,1555
1513,1532
1595,1518
1672,1613
1600,1554
1414,1388
1506,1550
1361,1400
1427,1456
1441,1399
1543,1561
1667,1578
1416,1411
1558,1563
1480,1516
1457,1389
1375,1430
1533,1550
1402,1421
1551,1483
1613,1560
1431,1406
1428,1482
1496,1456
1586,1537
1409,1433
1382,1409
1402,1413
1640,1603
1424,1458
1528,1526
1572,1583
1620,1639
1628,1590
1324,1415
1611,1609
1439,1423
1555,1494
1424,1472
1429,1416
1358,1415
1472,1538
1404,1483
1453,1416
1504,1523
1628,1585
1612,1613
1395,1418
1444,1505
1601,1555
1639,1629
1634,1534
1424,1441
1591,1547
1610,1553
1482,1509
1622,1578
1393,1402
1521,1472
1522,1470
1420,1396
1628,1605
1557,1587
1424,1467
1454,1479
1591,1660
1595,1600
1523,1508
1591,1547
1538,1522
1599,1579
1604,1588
1601,1560
1584,1621
1626,1605
1518,1481
1486,1457
1385,1384
1662,1607
1516,1546
1450,1503
1373,1431
1426,1462
1440,1459
1401,1393
1537,1487
1529,1528
1353,1456
1609,1478
1600,1656
1442,1430
1501,1498
1373,1459
1571,1569
1609,1530
1642,1557
1651,1607
1522,1538
1508,1508
1562,1541
1366,1403
1438,1352
1544,1641
1458,1415
1462,1464
1633,1582
1512,1528
1392,1432
1602,1582
1575,1595
1462,1441
1574,1591
1440,1450
1528,1503
1617,1506
1433,1518
1520,1559
1465,1499
1491,1528
1436,1463
1644,1534
1407,1450
1614,1581
1563,1561
1419,1380
1437,1565
1596,1564
1564,1537
1461,1476
1487,1514
1561,1592
1592,1537
1669,1578
1610,1559
1542,1482
1360,1378
1623,1569
1591,1559
1510,1622
1602,1598
1548,1620
1419,1478
1490,1471
1455,1462
1627,1590
1600,1584
1457,1548
1437,1489
1484,1543
1400,1491
1430,1536
1577,1485
1656,1656
1460,1414
1623,1594
1400,1401
1513,1464
1490,1591
1366,1426
1435,1441
1484,1408
1523,1507
1640,1579
1571,1585
1399,1548
1548,1557
1598,1567
1522,1475
1599,1584
1389,1430
1512,1501
1396,1385
1570,1591
1577,1523
1345,1396
1661,1540
1425,1427
1383,1402
1420,1436
1549,1546
1392,1428
1366,1404
1529,1579
1583,1622
1489,1418
1542,1470
1435,1423
1537,1498
1487,1510
1385,1440
1462,1470
1417,1410
1449,1476
1410,1437
1444,1412
1416,1464
1620,1528
1417,1385
1551,1459
1423,1500
1557,1585
1583,1577
1370,1395
1362,1443
1404,1417
1410,1443
1537,1575
1457,1408
1534,1598
1430,1414
1473,1456
1587,1528
1571,1585
1543,1542
1612,1528
1599,1556
1573,1500
1369,1434
1644,1589
1460,1418
1426,1423
1395,1465
1562,1588
1555,1588
1451,1468
1337,1411
1361,1392
1557,1558
1449,1424
1469,1504
1597,1521
1614,1533
1682,1619
1613,1618
1396,1376
1511,1489
1414,1506
1363,1420
1408,1446
1388,1441
1349,1405
1568,1553
1510,1494
1483,1499
1556,1529
1384,1420
1610,1571
1367,1405
1419,1380
1461,1454
1417,1432
1529,1518
1549,1557
1412,1417
1439,1492
1663,1621
1488,1525
1487,1574
1689,1629
1364,1429
1648,1602
1610,1583
1572,1564
1454,1456
1386,1414
1516,1505
1551,1594
1568,1598
1485,1499
1629,1546
1398,1437
1400,1448
1458,1438
1630,1549
1342,1337
1569,1546
1517,1581
1470,1508
1506,1507
1602,1603
1414,1439
1632,1577
1544,1537
1446,1524
1457,1476
1576,1565
1371,1443
1535,1600
1570,1602
1488,1512
1602,1595
1618,1576
1584,1531
1566,1553
1442,1452
1427,1425
1379,1355
1540,1458
1492,1561
1374,1403
1633,1556
1533,1523
1347,1445
1490,1495
1502,1507
1408,1499
1499,1516
1467,1498
1499,1382
1498,1510
1576,1547
1390,1428
1396,1356
1481,1550
1543,1564
1600,1589
1368,1429
1665,1615
1476,1500
1588,1622
1589,1504
1404,1415
1475,1447
1457,1496
1419,1396
1493,1531
1544,1637
1468,1534
1381,1403
1395,1407
1412,1377
1602,1618
1526,1567
1449,1374
1521,1517
1444,1372
1364,1514
1584,1525
1503,1456
1637,1593
1587,1571
1422,1421
1582,1587
1503,1494
1606,1599
1444,1523
1404,1390
1612,1583
1495,1496
1355,1426
1479,1419
1567,1550
1445,1425
1646,1563
1491,1461
1611,1548
1631,1605
1509,1492
1394,1413
1366,1471
1472,1486
1508,1526
1570,1625
1484,1517
1613,1584
1503,1479
1536,1451
1406,1420
1419,1414
1592,1593
1533,1554
1462,1490
1509,1432
1583,1595
1599,1533
1587,1526
1532,1547
1483,1489
1365,1390
1524,1468
1611,1620
1485,1483
1529,1501
1513,1516
1583,1487
1439,1453
1437,1545
1569,1581
1421,1468
1612,1622
1622,1617
1396,1460
1440,1439
1374,1410
1466,1431
1330,1429
1562,1543
1526,1496
1566,1615
1497,1461
1474,1452
1358,1406
1409,1477
1538,1456
1565,1541
1545,1476
1621,1596
1587,1591
1380,1422
1613,1570
1428,1458
1586,1578
1602,1520
1632,1577
1447,1458
1547,1563
1571,1533
1614,1611
1370,1386
1597,1567
1612,1535
1476,1489
1466,1473
1644,1561
1508,1523
1583,1594
1584,1609
1554,1559
1373,1433
1429,1427
1610,1567
1629,1585
1582,1610
1420,1407
1598,1588
1555,1536
1533,1584
1439,1568
1437,1357
1489,1463
1394,1468
1462,1470
1642,1566
1423,1382
1384,1440
1609,1603
1458,1464
1498,1458
1452,1375
1522,1524
1372,1385
1651,1576
1518,1512
1386,1437
1457,1406
1425,1469
1585,1548
1404,1368
1441,1499
1553,1562
1434,1353
1463,1456
1369,1423
1386,1455
1430,1445
1551,1504
1539,1518
1595,1567
1639,1555
1497,1477
1518,1434
1619,1530
1500,1490
1605,1617
1381,1406
1582,1552
1589,1570
1486,1458
1579,1548
1434,1379
1433,1466
1405,1426
1620,1528
1400,1424
1411,1431
1530,1518
1391,1428
1454,1422
1587,1592
1542,1558
1557,1490
1499,1479
1644,1602
1507,1477
1624,1548
1564,1561
1634,1605
1411,1417
1667,1598
1564,1581
1574,1507
1386,1450
1503,1446
1603,1596
1430,1470
1494,1514
1569,1548
1487,1460
1440,1488
1558,1503
1330,1401
1477,1491
1512,1448
1552,1565
1432,1395
1609,1582
1403,1505
1541,1495
1324,1361
1530,1504
1528,1490
1632,1611
1522,1523
1384,1341
1639,1574
1513,1606
1563,1530
1617,1643
1483,1445
1573,1551
1371,1370
1596,1612
1659,1634
1644,1571
1504,1480
1612,1627
1543,1511
1590,1599
1500,1555
1535,1558
1425,1446
1573,1553
1496,1491
1386,1461
1609,1603
1629,1554
1429,1455
1547,1623
1337,1412
1607,1583
1411,1430
1579,1594
1377,1423
1500,1520
1559,1575
1419,1495
1439,1423
1540,1527
1545,1544
1594,1514
1472,1464
1593,1617
1473,1461
1528,1520
1577,1588
1506,1463
1428,1508
1391,1434
1598,1603
1614,1591
1602,1585
1599,1552
1541,1527
1372,1443
1630,1570
1390,1386
1499,1485
1401,1388
1380,1413
1556,1498
1523,1543
1422,1415
1617,1564
1534,1556
1564,1556
1441,1429
1454,1482
1466,1497
1380,1458
1427,1464
1539,1483
1557,1568
1650,1627
1394,1447
1550,1526
1420,1490
1447,1430
1468,1453
1503,1428
1585,1582
1651,1587
1601,1599
1579,1574
1610,1578
1501,1518
1498,1508
1478,1466
1627,1554
1517,1475
1571,1581
1596,1563
1427,1435
1418,1479
1450,1500
1592,1580
1401,1448
1408,1403
1434,1409
1444,1495
1553,1547
1409,1542
1598,1590
1511,1539
1495,1534
1474,1434
1476,1537
1601,1576
1580,1554
1365,1456
1659,1568
1584,1521
1505,1505
1507,1569
1607,1544
1414,1456
1538,1507
1431,1475
1555,1520
1586,1624
1393,1419
1443,1468
1475,1451
1633,1594
1537,1574
1579,1507
1649,1610
1492,1541
1577,1567
1402,1414
1530,1535
1568,1580
1473,1413
1509,1542
1587,1519
1517,1536
1453,1474
1592,1577
1636,1565
1389,1460
1412,1436
1590,1583
1402,1454
1384,1430
1570,1565
1603,1588
1522,1530
1456,1479
1441,1435
1412,1512
1439,1410
1479,1492
1598,1578
1558,1447
1373,1407
1420,1462
1431,1485
1388,1423
1619,1546
1334,1454
1529,1581
1514,1549
1385,1420
1614,1577
1578,1550
1386,1450
1460,1492
1513,1499
1382,1395
1527,1554
1479,1539
1333,1494
1475,1537
1498,1418
1567,1596
1452,1520
1409,1428
1603,1586
1394,1457
1592,1575
1471,1477
1483,1453
1443,1438
1426,1469
1543,1540
1608,1597
1373,1424
1616,1549
1362,1416
1573,1602
1365,1399
1628,1508
1443,1479
1559,1552
1592,1497
1587,1551
1620,1610
1387,1464
1587,1542
1517,1620
1446,1452
1611,1583
1492,1460
1587,1546
1484,1518
1419,1422
1424,1439
1536,1609
1362,1458
1374,1432
1405,1523
1569,1597
1573,1533
1465,1490
1446,1523
1447,1482
1502,1493
1541,1540
1485,1512
1420,1451
1545,1534
1616,1610
1555,1592
1541,1548
1558,1547
1454,1485
1421,1537
1389,1413
1413,1398
1472,1500
1577,1556
1406,1470
1435,1433
1519,1530
1390,1429
1532,1553
1448,1493
1557,1562
1511,1527
1447,1458
1580,1525
1587,1567
1599,1520
1557,1553
1423,1380
1419,1450
1434,1500
1360,1433
1600,1567
1628,1585
1427,1479
1572,1538
1572,1536
1567,1568
1484,1466
1427,1414
1469,1563
1474,1503
1526,1446
1462,1520
1446,1497
1576,1514
1473,1435
1410,1455
1514,1416
1495,1592
1603,1567
1550,1521
1424,1490
1476,1512
1451,1408
1442,1447
1461,1440
1582,1610
1476,1520
1563,1557
1446,1453
1381,1443
1511,1556
1478,1497
1551,1586
1543,1542
1427,1405
1391,1419
1547,1590
1524,1513
1395,1436
1640,1603
1616,1588
1395,1430
1397,1473
1564,1592
1413,1455
1566,1577
1488,1485
1630,1613
1552,1583
1585,1596
1544,1513
1447,1405
1573,1597
1440,1380
1487,1512
1487,1484
1452,1409
1377,1412
1407,1370
1532,1469
1487,1494
1604,1547
1488,1481
1388,1460
1381,1373
1457,1464
1452,1471
1450,1379
1533,1536
1467,1424
1530,1455
1467,1468
1586,1535
1419,1452
1613,1550
1453,1432
1549,1522
1425,1485
1542,1560
1588,1601
1496,1430
1583,1548
1434,1416
1632,1605
1443,1479
1613,1581
1426,1426
1642,1575
1576,1590
1562,1558
1463,1410
1526,1490
1610,1588
1415,1463
1483,1493
1608,1505
1559,1508
1494,1499
1488,1423
1484,1474
1372,1406
1591,1605
1454,1538
1538,1608
1559,1578
1420,1418
1372,1399
1604,1576
1385,1428
1513,1552
1485,1462
1476,1550
1654,1546
1534,1434
1588,1601
1565,1580
1390,1442
1407,1449
1622,1545
1562,1530
1567,1564
1592,1526
1376,1411
1393,1415
1533,1550
1639,1504
1625,1604
1553,1623
1413,1456
1590,1543
1521,1575
1429,1480
1506,1515
1549,1518
1403,1416
1586,1547
1433,1400
1637,1598
1612,1564
1457,1479
1414,1387
1402,1458
1389,1419
1569,1620
1417,1424
1459,1397
1421,1432
1382,1385
1459,1515
1385,1401
1472,1476
1551,1560
1509,1516
1594,1562
1573,1597
1521,1568
1564,1581
1473,1464
1546,1564
1387,1403
1434,1424
1551,1566
1451,1420
1372,1406
1557,1597
1540,1596
1599,1578
1570,1560
1495,1468
1468,1433
1397,1437
1482,1421
1551,1548
1388,1408
1339,1405
1603,1578
1597,1555
1503,1541
1357,1453
1492,1548
1442,1438
1486,1465
1369,1424
1545,1518
1400,1463
1485,1444
1553,1502
1436,1461
1445,1476
1591,1519
1620,1576
1532,1498
1550,1514
1521,1497
1420,1416
1534,1532
1602,1609
1446,1447
1629,1618
1529,1537
1401,1442
1472,1416
1501,1462
1435,1488
1468,1443
1610,1554
1547,1553
1438,1577
1414,1471
1535,1450
1397,1437
1592,1587
1390,1436
1515,1491
1589,1578
1583,1578
1521,1500
1537,1567
1570,1572
1455,1471
1573,1548
1442,1484
1496,1473
1593,1551
1447,1524
1403,1466
1337,1431
1381,1404
1545,1503
1495,1506
1497,1428
1530,1526
1410,1437
1479,1423
1534,1472
1587,1538
1587,1588
1610,1595
1519,1497
1342,1405
1432,1410
1444,1440
1533,1529
1477,1497
1469,1445
1435,1482
1624,1609
1542,1559
1421,1464
1538,1460
1525,1500
1544,1502
1440,1447
1573,1525
1504,1470
1521,1479
1379,1440
1438,1468
1559,1572
1507,1484
1621,1572
1573,1597
1575,1554
1614,1595
1418,1517
1588,1581
1415,1413
1540,1506
1547,1570
1545,1558
1581,1550
1520,1465
1387,1419
1376,1494
1466,1439
1577,1559
1552,1553
1484,1510
1442,1452
1524,1517
1425,1460
1625,1538
1536,1553
1495,1525
1355,1428
1434,1456
1454,1509
1590,1522
1622,1529
1432,1464
1412,1404
1603,1616
1543,1578
1514,1477
1589,1600
1480,1524
1414,1522
1562,1584
1485,1449
1535,1528
1616,1581
1393,1461
1505,1555
1580,1528
1550,1559
1568,1581
1578,1576
1557,1539
1362,1433
1560,1556
1542,1569
1327,1415
1442,1507
1576,1573
1621,1556
1449,1452
1442,1443
1592,1564
1569,1618
1553,1546
1544,1520
1473,1462
1528,1471
1541,1547
1386,1465
1487,1518
1521,1430
1548,1567
1405,1426
1548,1494
1567,1564
1565,1562
1404,1411
1620,1603
1550,1571
1621,1578
1413,1452
1457,1499
1464,1494
1545,1608
1534,1490
1347,1391
1535,1548
1456,1412
1518,1438
1406,1377
1498,1457
1600,1511
1478,1491
1390,1431
1419,1411
1405,1408
1450,1466
1516,1534
1402,1455
1620,1582
1495,1538
1526,1478
1590,1586
1588,1563
1489,1498
1433,1436
1404,1441
1493,1515
1379,1444
1431,1456
1527,1505
1399,1430
1418,1483
1606,1617
1358,1396
1575,1574
1588,1526
1535,1550
1333,1427
1573,1557
1532,1553
1564,1455
1506,1533
1580,1552
1471,1570
1592,1547
1455,1420
1523,1524
1414,1449
1409,1443
1617,1600
1565,1558
1614,1579
1549,1461
1404,1392
1470,1546
1545,1567
1487,1432
1383,1417
1393,1440
1461,1486
1566,1562
1494,1502
1388,1411
1616,1541
1486,1433
1461,1434
1519,1485
1420,1441
1540,1516
1433,1420
1414,1439
1578,1555
1473,1542
1441,1458
1399,1422
1597,1640
1451,1444
1400,1445
1498,1579
1378,1410
1627,1582
1421,1409
1447,1440
1537,1517
1420,1524
1567,1567
1610,1590
1459,1492
1516,1577
1431,1474
1475,1426
1445,1419
1501,1494
1417,1427
1408,1446
1490,1555
1548,1539
1589,1581
1433,1455
1534,1521
1600,1537
1557,1538
1558,1490
1568,1591
1560,1535
1508,1513
1533,1535
1414,1476
1482,1467
1549,1585
1443,1459
1499,1563
1511,1509
1544,1552
1588,1583
1579,1563
1526,1592
1611,1562
1566,1564
1525,1507
1589,1540
1439,1463
1444,1433
1586,1543
1628,1571
1497,1453
1432,1455
1522,1548
1575,1592
1483,1380
1596,1528
1512,1519
1473,1475
1618,1606
1450,1463
1567,1563
1467,1433
1396,1403
1570,1548
1644,1563
1501,1535
1398,1479
1431,1470
1487,1454
1523,1515
1465,1415
1522,1599
1615,1598
1377,1397
1371,1476
1590,1556
1414,1370
1458,1436
1512,1530
1452,1421
1615,1537
1408,1436
1461,1430
1593,1606
1431,1427
1497,1526
1520,1497
1553,1519
1565,1562
1481,1517
1590,1531
1560,1540
1369,1422
1456,1484
1618,1615
1536,1544
1374,1442
1394,1425
1359,1464
1566,1572
1491,1580
1540,1576
1469,1480
1481,1498
1632,1500
1533,1537
1577,1483
1394,1417
1402,1443
1586,1583
1537,1483
1565,1525
1402,1444
1491,1493
1442,1431
1451,1456
1598,1570
1492,1482
1509,1492
1406,1401
1483,1474
1613,1626
1389,1410
1540,1555
1440,1497
1412,1459
1508,1600
1560,1503
1400,1421
1468,1443
1425,1394
1444,1472
1535,1559
1536,1588
1617,1582
1623,1596
1417,1421
1440,1434
1474,1535
1404,1439
1604,1596
1522,1474
1501,1541
1566,1509
1627,1592
1599,1602
1583,1531
1509,1554
1604,1555
1454,1447
1664,1592
1466,1481
1490,1543
1513,1552
1499,1496
1381,1392
1583,1585
1428,1442
1452,1437
1454,1419
1453,1443
1545,1605
1499,1548
1400,1382
1578,1513
1466,1492
1512,1539
1387,1411
1533,1544
1487,1486
1502,1426
1434,1456
1598,1562
1518,1591
1550,1563
1430,1514
1593,1566
1496,1510
1526,1527
1526,1521
1401,1405
1430,1478
1421,1421
1502,1508
1506,1617
1522,1492
1596,1556
1603,1547
1390,1427
1437,1405
1515,1567
1416,1490
1473,1546
1394,1408
1346,1424
1604,1550
1539,1589
1413,1473
1429,1474
1503,1513
1429,1494
1588,1588
1422,1476
1428,1428
1521,1525
1602,1572
1463,1572
1559,1568
1531,1521
1476,1426
1481,1462
1560,1598
1384,1374
1589,1576
1469,1400
1401,1412
1565,1591
1586,1581
1456,1459
1597,1560
1591,1597
1570,1502
1509,1534
1568,1523
1492,1581
1503,1471
1596,1530
1594,1513
1412,1450
1434,1478
1553,1592
1386,1394
1444,1493
1584,1550
1666,1570
1465,1486
1484,1528
1522,1556
1516,1574
1476,1517
1541,1586
1481,1515
1406,1425
1640,1576
1559,1500
1567,1576
1430,1415
1523,1536
1444,1478
1436,1439
1538,1530
1513,1443
1493,1435
1554,1585
1551,1544
1409,1479
1642,1551
1609,1583
1539,1561
1558,1513
1553,1504
1602,1574
1398,1449
1393,1451
1485,1494
1504,1559
1459,1516
1598,1581
1410,1426
1497,1469
1569,1539
1536,1492
1556,1502
1546,1505
1468,1504
1508,1499
1439,1498
1615,1548
1583,1573
1437,1450
1439,1450
1604,1593
1411,1414
1614,1556
1631,1621
1401,1421
1549,1553
1599,1592
1582,1510
1500,1609
1531,1569
1463,1433
1500,1450
1528,1583
1420,1547
1496,1561
1554,1537
1571,1527
1452,1441
1419,1418
1495,1467
1514,1476
1459,1529
1366,1475
1427,1486
1554,1480
1614,1619
1565,1611
1592,1514
1515,1500
1501,1490
1580,1571
1505,1434
1497,1468
1610,1575
1603,1563
1524,1505
1483,1467
1607,1610
1542,1492
1568,1585
1547,1574
1453,1536
1405,1450
1391,1429
1417,1433
1577,1595
1404,1482
1412,1402
1521,1491
1362,1444
1470,1489
1614,1538
1492,1496
1588,1575
1583,1561
1410,1406
1594,1578
1519,1492
1548,1499
1611,1577
1507,1515
1547,1496
1571,1582
1595,1488
1393,1506
1510,1575
1556,1559
1443,1458
1458,1484
1449,1433
1446,1459
1504,1522
1488,1462
1575,1525
1427,1479
1551,1596
1503,1531
1548,1526
1522,1520
1553,1553
1615,1550
1431,1394
1506,1530
1454,1440
1430,1445
1587,1575
1573,1557
1602,1597
1547,1526
1587,1551
1430,1445
1445,1564
1415,1442
1455,1521
1420,1413
1460,1466
1501,1470
1434,1485
1467,1485
1494,1527
1539,1583
1434,1421
1586,1576
1394,1383
1555,1516
1392,1433
1557,1558
1508,1458
1439,1457
1637,1589
1419,1464
1515,1553
1621,1607
1368,1488
1605,1622
1535,1517
1428,1437
1546,1572
1586,1570
1478,1470
1622,1534
1383,1471
1476,1463
1554,1516
1551,1564
1474,1472
1403,1410
1425,1464
1497,1485
1460,1474
1397,1434
1490,1547
1423,1423
1522,1595
1396,1461
1524,1544
1434,1414
1600,1526
1510,1547
1569,1586
1478,1473
1519,1521
1497,1430
1419,1397
1515,1490
1496,1491
1417,1477
1562,1577
1518,1495
1451,1419
1516,1522
1477,1488
1589,1557
1561,1583
1397,1420
1557,1543
1441,1397
1560,1576
1562,1531
1596,1576
1584,1555
1520,1540
1630,1588
1476,1534
1527,1610
1574,1568
1446,1477
1423,1449
1554,1607
1476,1447
1540,1513
1524,1502
1479,1453
1392,1460
1446,1466
1584,1551
1537,1597
1582,1619
1434,1396
1384,1401
1557,1541
1465,1438
1567,1502
1544,1606
1561,1607
1405,1421
1593,1533
1472,1471
1564,1529
1513,1492
1441,1435
1452,1509
1417,1483
1402,1455
1449,1429
1390,1450
1410,1454
1423,1477
1545,1541
1445,1458
1464,1485
1432,1452
1402,1439
1442,1391
1560,1504
1458,1418
1433,1485
1496,1576
1429,1467
1385,1443
1443,1478
1439,1387
1563,1544
1610,1551
1539,1522
1422,1445
1576,1536
1549,1527
1553,1483
1416,1418
1515,1464
1541,1549
1534,1541
1528,1520
1545,1545
1504,1465
1522,1544
1475,1452
1453,1438
1414,1453
1537,1500
1517,1510
1516,1451
1514,1593
1466,1412
1360,1445
1427,1415
1437,1398
1535,1592
1367,1479
1577,1566
1431,1452
1566,1511
1425,1425
1593,1555
1576,1563
1516,1584
1400,1459
1514,1473
1450,1417
1630,1555
1565,1567
1384,1469
1543,1526
1410,1391
1429,1426
1509,1535
1407,1439
1397,1492
1424,1432
1571,1569
1607,1515
1452,1485
1575,1567
1540,1555
1402,1468
1603,1573
1528,1467
1568,1534
1525,1520
1392,1420
1435,1483
1447,1510
1422,1396
1531,1519
1428,1448
1429,1419
1386,1468
1397,1439
1542,1445
1505,1495
1561,1539
1498,1479
1448,1520
1535,1523
1439,1425
1594,1568
1448,1477
1582,1611
1551,1560
1442,1429
1511,1489
1524,1562
1465,1463
1428,1493
1529,1508
1413,1450
1476,1523
1573,1553
1473,1472
1508,1542
1543,1484
1581,1574
1541,1590
1489,1451
1531,1554
1411,1475
1501,1523
1538,1518
1402,1380
1428,1424
1572,1535
1428,1423
1457,1452
1481,1477
1555,1545
1573,1569
1538,1540
1515,1546
1426,1461
1481,1517
1563,1540
1537,1548
1413,1451
1451,1443
1567,1519
1593,1530
1420,1420
1518,1533
1396,1407
1520,1567
1426,1469
1550,1540
1511,1468
1494,1553
1441,1500
1523,1444
1563,1557
1512,1517
1398,1437
1591,1524
1485,1478
1518,1557
1458,1456
1425,1446
1470,1462
1568,1606
1622,1563
1420,1416
1570,1566
1487,1443
1452,1412
1499,1521
1378,1459
1469,1456
1420,1420
1515,1487
1583,1549
1354,1422
1544,1548
1564,1576
1439,1430
1379,1421
1442,1396
1509,1443
1532,1532
1421,1429
1507,1567
1481,1454
1538,1537
1426,1441
1514,1473
1472,1458
1415,1425
1594,1572
1329,1416
1414,1471
1457,1442
1445,1465
1393,1470
1544,1518
1504,1553
1566,1497
1483,1412
1401,1414
1610,1558
1557,1572
1482,1538
1503,1537
1625,1543
1510,1475
1480,1544
1439,1468
1599,1545
1469,1457
1567,1556
1554,1545
1468,1446
1557,1571
1587,1577
1405,1495
1579,1539
1630,1555
1414,1485
1491,1496
1500,1493
1510,1465
1518,1487
1495,1488
1416,1465
1493,1473
1594,1531
1450,1473
1521,1478
1506,1506
1558,1520
1440,1450
1548,1585
1562,1550
1458,1448
1386,1438
1489,1513
1374,1424
1538,1534
1548,1526
1444,1455
1559,1579
1549,1521
1462,1433
1478,1595
1487,1502
1624,1610
1530,1507
1515,1517
1551,1540
1469,1448
1492,1465
1429,1464
1524,1504
1588,1557
1450,1482
1495,1546
1590,1589
1614,1493
1543,1567
1389,1448
1488,1529
1563,1577
1576,1543
1494,1486
1481,1466
1541,1524
1467,1473
1464,1547
1494,1581
1450,1445
1442,1481
1457,1460
1578,1567
1358,1464
1554,1607
1441,1408
1421,1427
1416,1461
1547,1487
1509,1537
1529,1569
1532,1475
1398,1418
1424,1429
1423,1479
1455,1507
1543,1533
1536,1578
1534,1580
1532,1408
1548,1574
1524,1528
1599,1555
1631,1614
1418,1418
1452,1388
1424,1515
1548,1518
1461,1478
1514,1525
1596,1593
1548,1474
1520,1506
1579,1524
1477,1492
1555,1498
1458,1422
1423,1447
1579,1527
1571,1506
1469,1495
1581,1502
1412,1426
1462,1490
1469,1541
1548,1537
1558,1589
1504,1488
1602,1617
1591,1621
1466,1505
1431,1468
1522,1479
1438,1481
1542,1593
1417,1470
1573,1505
1492,1484
1597,1539
1487,1495
1462,1475
1462,1439
1558,1498
1608,1512
1522,1495
1461,1452
1477,1467
1575,1589
1612,1508
1475,1420
1596,1582
1547,1567
1489,1472
1526,1599
1568,1524
1390,1465
1455,1463
1468,1467
1501,1512
1458,1510
1559,1554
1420,1405
1487,1401
1548,1573
1383,1436
1568,1573
1581,1570
1534,1532
1556,1512
1410,1480
1464,1479
1413,1549
1559,1564
1453,1490
1442,1472
1484,1460
1384,1438
1452,1488
1418,1380
1429,1409
1576,1529
1494,1460
1453,1498
1453,1470
1459,1446
1450,1479
1435,1463
1401,1408
1447,1411
1595,1528
1479,1460
1510,1533
1561,1591
1519,1510
1517,1476
1472,1552
1432,1457
1609,1516
1587,1539
1461,1480
1587,1577
1477,1487
1525,1491
1542,1524
1437,1508
1539,1573
1458,1462
1456,1477
1439,1457
1628,1561
1565,1579
1521,1474
1478,1451
1395,1439
1477,1509
1490,1400
1561,1621
1430,1424
1620,1530
1460,1380
1418,1456
1553,1514
1500,1506
1585,1547
1453,1436
1457,1421
1547,1493
1530,1544
1513,1522
1415,1464
1445,1471
1464,1434
1610,1633
1604,1542
1423,1423
1536,1544
1420,1479
1559,1583
1452,1484
1400,1487
1580,1552
1594,1559
1554,1522
1560,1581
1528,1514
1533,1544
1467,1402
1461,1461
1404,1406
1498,1552
1388,1426
1521,1417
1447,1411
1400,1461
1500,1472
1567,1606
1590,1551
1600,1585
1425,1433
1429,1409
1584,1556
1595,1532
1478,1445
1419,1403
1550,1583
1604,1598
1417,1437
1563,1546
1495,1469
1492,1487
1506,1540
1441,1433
1368,1480
1405,1452
1438,1445
1568,1556
1499,1497
1583,1482
1405,1437
1556,1593
1518,1532
1408,1442
1436,1434
1507,1579
1445,1507
1530,1525
1452,1424
1543,1566
1372,1457
1425,1453
1423,1483
1457,1442
1551,1582
1533,1548
1429,1454
1581,1524
1561,1565
1495,1535
1525,1496
1425,1428
1541,1548
1532,1494
1448,1459
1507,1520
1568,1553
1601,1559
1562,1509
1367,1450
1591,1522
1517,1497
1535,1535
1438,1510
1439,1501
1567,1517
1468,1401
1469,1513
1573,1560
1528,1535
1438,1436
1612,1555
1561,1475
1567,1540
1571,1523
1575,1508
1502,1512
1495,1503
1516,1542
1548,1575
1527,1417
1543,1521
1528,1555
1389,1432
1415,1450
1481,1503
1603,1530
1409,1431
1460,1457
1415,1429
1549,1487
1557,1534
1457,1510
1461,1441
1557,1576
1477,1473
1398,1383
1487,1444
1619,1564
1417,1420
1464,1499
1606,1576
1542,1557
1400,1441
1431,1475
1432,1460
1552,1513
1469,1490
1605,1605
1448,1456
1586,1552
1434,1430
1461,1410
1476,1464
1479,1513
1509,1484
1595,1578
1414,1451
1445,1445
1541,1511
1541,1542
1518,1481
1443,1474
1401,1433
1498,1531
1439,1425
1431,1470
1417,1457
1477,1506
1482,1417
1400,1450
1549,1496
1466,1468
1574,1527
1519,1488
1424,1400
1412,1408
1488,1468
1452,1466
1588,1608
1446,1440
1398,1442
1422,1468
1538,1505
1544,1464
1569,1536
1605,1559
1526,1443
1431,1422
1555,1571
1537,1537
1405,1431
1498,1467
1525,1588
1394,1437
1619,1498
1577,1475
1525,1536
1445,1415
1595,1530
1424,1404
1443,1509
1595,1547
1612,1559
1607,1552
1558,1596
1571,1587
1460,1408
1442,1451
1547,1416
1371,1450
1506,1477
1621,1616
1572,1551
1461,1493
1470,1502
1434,1454
1598,1549
1536,1430
1429,1501
1581,1538
1362,1470
1493,1493
1617,1532
1481,1550
1411,1446
1567,1519
1437,1472
1569,1588
1568,1546
1452,1508
1383,1438
1583,1569
1559,1537
1590,1587
1507,1517
1587,1611
1497,1568
1386,1396
1457,1404
1520,1551
1576,1581
1449,1531
1582,1590
1461,1421
1557,1557
1516,1561
1446,1445
1397,1465
1623,1567
1375,1403
1653,1587
1581,1552
1411,1449
1470,1427
1448,1482
1449,1580
1471,1476
1424,1503
1568,1573
1402,1394
1525,1566
1456,1545
1408,1447
1428,1387
1430,1446
1547,1540
1478,1465
1603,1559
1567,1515
1431,1434
1669,1547
1499,1532
1382,1396
1582,1575
1443,1474
1408,1427
1607,1589
1609,1572
1583,1578
1417,1421
1486,1493
1584,1607
1447,1410
1412,1421
1555,1580
1531,1530
1504,1463
1681,1547
1572,1531
1391,1445
1574,1576
1384,1412
1507,1436
1493,1450
1569,1533
1574,1535
1393,1467
1392,1448
1478,1438
1398,1443
1412,1473
1592,1513
1499,1446
1478,1552
1393,1433
1566,1472
1508,1510
1407,1449
1592,1585
1577,1461
1439,1402
1380,1456
1580,1594
1431,1442
1582,1504
1562,1578
1560,1562
1545,1592
1439,1433
1597,1502
1435,1428
1469,1526
1426,1439
1398,1419
1402,1398
1462,1481
1568,1556
1494,1529
1436,1426
1428,1372
1465,1417
1580,1605
1603,1494
1464,1452
1493,1503
1565,1574
1522,1468
1472,1506
1547,1476
1481,1493
1366,1388
1445,1448
1371,1451
1388,1447
1636,1576
1511,1605
1486,1509
1598,1510
1405,1403
1403,1456
1513,1473
1414,1461
1521,1530
1476,1494
1633,1592
1461,1457
1518,1523
1608,1547
1552,1557
1424,1403
1536,1522
1591,1672
1441,1412
1495,1505
1579,1601
1635,1541
1577,1479
1454,1487
1371,1409
1459,1472
1607,1575
1437,1432
1473,1491
1584,1550
1558,1534
1566,1579
1570,1473
1512,1504
1519,1502
1431,1469
1479,1501
1448,1398
1569,1570
1581,1554
1434,1436
1482,1465
1416,1482
1455,1395
1606,1506
1549,1493
1550,1546
1454,1414
1422,1398
1595,1551
1437,1433
1550,1544
1601,1627
1522,1512
1407,1454
1589,1515
1404,1469
1548,1551
1426,1434
1461,1467
1558,1570
1388,1467
1469,1471
1482,1454
1380,1426
1383,1484
1482,1456
1573,1570
1432,1429
1557,1560
1488,1460
1428,1406
1504,1494
1512,1481
1615,1467
1443,1491
1503,1509
1405,1446
1404,1466
1452,1500
1440,1402
1474,1454
1516,1588
1494,1492
1415,1441
1543,1573
1513,1553
1477,1454
1540,1515
1399,1463
1501,1547
1421,1437
1581,1486
1474,1483
1599,1544
1553,1531
1666,1520
1511,1447
1614,1539
1514,1535
1574,1512
1550,1503
1401,1425
1407,1431
1564,1531
1470,1510
1531,1508
1372,1461
1624,1575
1459,1449
1461,1534
1515,1535
1509,1535
1559,1486
1529,1526
1539,1510
1561,1572
1430,1479
1428,1442
1460,1546
1536,1578
1568,1491
1504,1503
1374,1430
1630,1577
1555,1552
1468,1504
1410,1528
1425,1452
1428,1419
1588,1498
1526,1554
1586,1581
1516,1450
1646,1570
1456,1466
1515,1506
1501,1520
1435,1404
1557,1462
1390,1425
1587,1561
1533,1542
1468,1442
1393,1432
1563,1595
1494,1535
1589,1596
1617,1560
1296,1437
1498,1515
1441,1408
1550,1576
1530,1471
1508,1439
1444,1448
1369,1486
1502,1496
1368,1461
1533,1513
1420,1393
1503,1470
1433,1448
1644,1540
1572,1527
1399,1428
1555,1584
1455,1459
1447,1470
1478,1474
1389,1424
1424,1473
1418,1436
1452,1434
1557,1539
1561,1543
1465,1473
1590,1591
1587,1546
1413,1436
1554,1583
1405,1416
1518,1481
1512,1596
1421,1496
1442,1421
1422,1387
1380,1458
1487,1429
1441,1434
1540,1541
1537,1540
1534,1570
1526,1543
1409,1418
1412,1436
1463,1545
1389,1458
1431,1472
1428,1417
1586,1542
1547,1491
1399,1410
1483,1517
1427,1485
1525,1515
1566,1489
1558,1498
1536,1543
1486,1499
1482,1437
1473,1433
1580,1535
1526,1531
1554,1571
1524,1526
1507,1494
1484,1433
1597,1540
1433,1433
1583,1616
1606,1553
1524,1526
1401,1478
1481,1522
1489,1449
1599,1564
1595,1569
1502,1512
1505,1570
1559,1586
1601,1533
1590,1601
1433,1514
1565,1569
1555,1589
1443,1399
1536,1452
1396,1402
1509,1468
1412,1364
1600,1507
1536,1488
1450,1452
1587,1527
1395,1406
1544,1513
1433,1428
1502,1492
1524,1482
1499,1517
1462,1394
1472,1472
1414,1444
1535,1590
1411,1414
1539,1506
1560,1537
1431,1411
1544,1574
1418,1435
1434,1473
1564,1529
1439,1457
1465,1506
1374,1429
1557,1566
1483,1435
1538,1538
1453,1457
1636,1573
1452,1442
1515,1514
1512,1563
1611,1570
1534,1451
1384,1419
1565,1502
1478,1525
1388,1453
1481,1469
1564,1570
1462,1477
1539,1489
1387,1465
1485,1502
1597,1556
1393,1509
1538,1468
1518,1493
1618,1552
1561,1556
1449,1438
1437,1434
1473,1453
1628,1562
1491,1546
1521,1536
1473,1490
1499,1503
1485,1506
1434,1408
1607,1577
1461,1514
1449,1508
1537,1518
1432,1398
1517,1505
1490,1464
1534,1522
1641,1579
1601,1590
1584,1596
1429,1493
1462,1498
1606,1631
1406,1445
1457,1450
1381,1421
1447,1456
1548,1582
1391,1425
1596,1582
1473,1544
1644,1506
1573,1554
1486,1568
1499,1452
1585,1567
1532,1489
1580,1574
1565,1489
1547,1550
1544,1569
1563,1556
1582,1584
1478,1443
1520,1478
1560,1613
1369,1379
1553,1534
1437,1460
1461,1419
1507,1561
1493,1520
1409,1387
1575,1542
1582,1546
1612,1520
1563,1562
1487,1453
1421,1456
1454,1490
1487,1439
1607,1604
1604,1573
1500,1453
1629,1595
1391,1408
1582,1550
1691,1550
1418,1461
1487,1524
1498,1510
1390,1440
1588,1517
1539,1551
1554,1587
1615,1584
1550,1515
1421,1418
1391,1417
1495,1476
1473,1541
1436,1463
1553,1564
1492,1400
1543,1481
1444,1417
1605,1531
1540,1475
1511,1488
1458,1448
1412,1482
1377,1489
1565,1530
1557,1594
1454,1553
1563,1641
1382,1461
1370,1451
1594,1561
1578,1602
1536,1478
1452,1444
1446,1394
1546,1534
1620,1596
1511,1516
1515,1547
1404,1455
1530,1567
1573,1552
1415,1459
1484,1408
1641,1557
1493,1474
1554,1539
1395,1391
1633,1523
1609,1593
1593,1569
1378,1422
1553,1507
1521,1484
1352,1364
1554,1545
1529,1572
1469,1447
1443,1468
1588,1584
1597,1579
1413,1454
1596,1628
1390,1429
1610,1526
1592,1577
1495,1499
1389,1417
1557,1542
1570,1558
1517,1487
1530,1435
1614,1565
1465,1506
1556,1518
1595,1561
1447,1488
1541,1558
1596,1572
1590,1561
1412,1460
1575,1575
1444,1442
1583,1533
1588,1531
1467,1423
1384,1478
1630,1599
1408,1411
1457,1444
1400,1484
1591,1608
1601,1579
1573,1542
1513,1457
1544,1535
1440,1456
1498,1388
1446,1418
1424,1373
1503,1415
1389,1490
1413,1518
1581,1583
1564,1537
1561,1588
1518,1517
1468,1430
1592,1594
1418,1348
1473,1448
1537,1627
1463,1391
1468,1553
1569,1615
1505,1524
1458,1435
1602,1567
1494,1524
1629,1582
1423,1475
1457,1481
1464,1521
1459,1460
1514,1491
1490,1519
1572,1535
1440,1430
1631,1531
1418,1461
1510,1533
1647,1546
1527,1506
1436,1397
1424,1428
1499,1466
1444,1388
1410,1407
1627,1561
1373,1396
1384,1534
1366,1443
1517,1430
1412,1439
1468,1503
1442,1524
1419,1431
1554,1470
1542,1542
1368,1443
1583,1553
1460,1504
1519,1501
1437,1429
1582,1526
1610,1584
1550,1549
1694,1577
1456,1453
1527,1540
1385,1377
1455,1432
1411,1410
1371,1372
1583,1619
1401,1442
1421,1450
1450,1425
1552,1576
1406,1413
1433,1495
1354,1374
1454,1457
1536,1584
1426,1435
1565,1537
1473,1534
1424,1501
1407,1408
1433,1450
1528,1514
1406,1414
1626,1583
1531,1510
1437,1424
1487,1547
1440,1510
1432,1430
1388,1412
1434,1461
1469,1468
1432,1444
1597,1549
1396,1454
1390,1425
1548,1542
1454,1450
1513,1456
1524,1596
1636,1543
1538,1507
1654,1572
1450,1443
1402,1372
1466,1520
1550,1534
1534,1528
1532,1601
1551,1519
1629,1579
1475,1444
1387,1422
1585,1566
1618,1600
1496,1404
1463,1431
1583,1514
1637,1543
1421,1440
1370,1427
1374,1386
1523,1553
1598,1557
1547,1587
1521,1516
1354,1459
1617,1587
1444,1463
1422,1413
1497,1493
1395,1433
1352,1433
1623,1587
1487,1532
1393,1420
1483,1509
1513,1500
1387,1384
1582,1494
1489,1540
1531,1523
1459,1437
1479,1509
1545,1540
1604,1540
1460,1480
1480,1528
1409,1450
1446,1421
1598,1520
1495,1505
1541,1562
1386,1440
1458,1517
1494,1503
1621,1574
1445,1423
1502,1472
1403,1433
1619,1465
1567,1488
1561,1472
1600,1588
1372,1440
1609,1575
1652,1615
1579,1576
1581,1553
1494,1512
1429,1448
1436,1480
1523,1512
1616,1589
1504,1481
1558,1593
1602,1579
1510,1447
1368,1428
1476,1517
1371,1477
1476,1525
1578,1596
1467,1489
1642,1573
1486,1427
1466,1469
1584,1574
1594,1536
1394,1426
1437,1506
1525,1548
1578,1604
1438,1429
1433,1480
1375,1431
1500,1538
1506,1563
1569,1552
1501,1451
1440,1458
1534,1510
1564,1565
1479,1444
1612,1554
1590,1538
1367,1405
1663,1582
1470,1471
1368,1434
1380,1424
1640,1556
1387,1449
1483,1547
1610,1567
1552,1544
1560,1558
1614,1597
1435,1469
1507,1457
1367,1428
1372,1392
1539,1535
1414,1396
1465,1446
1502,1460
1389,1440
1569,1584
1545,1510
1418,1449
1426,1371
1563,1466
1539,1539
1454,1557
1409,1427
1372,1408
1613,1562
1526,1497
1474,1419
1630,1618
1379,1426
1587,1602
1614,1576
1523,1562
1576,1583
1437,1471
1519,1573
1423,1466
1547,1557
1557,1495
1612,1563
1574,1543
1568,1547
1428,1447
1378,1423
1435,1445
1413,1417
1578,1558
1375,1436
1529,1497
1486,1503
1621,1595
1430,1439
1534,1509
1401,1433
1379,1426
1401,1465
1542,1540
1450,1474
1449,1456
1479,1553
1406,1379
1538,1573
1464,1462
1580,1535
1397,1389
1652,1542
1570,1519
1545,1461
1601,1603
1582,1554
1463,1489
1547,1655
1531,1533
1559,1566
1633,1550
1525,1602
1401,1420
1558,1539
1489,1502
1351,1469
1365,1408
1603,1546
1574,1542
1358,1411
1403,1461
1496,1513
1439,1482
1407,1426
1412,1398
1388,1409
1448,1409
1391,1460
1596,1602
1400,1476
1551,1531
1529,1574
1511,1579
1528,1542
1579,1555
1370,1434
1603,1540
1575,1577
1396,1444
1525,1591
1471,1491
1605,1608
1421,1446
1491,1538
1574,1632
1391,1428
1392,1379
1568,1553
1413,1401
1332,1464
1537,1459
1598,1607
1524,1578
1407,1405
1430,1396
1612,1596
1612,1544
1608,1591
1426,1491
1450,1461
1490,1566
1467,1391
1470,1547
1599,1571
1482,1529
1599,1534
1578,1540
1413,1481
1375,1393
1466,1499
1645,1532
1428,1466
1588,1575
1377,1406
1465,1443
1457,1511
1454,1463
1525,1540
1600,1597
1590,1579
1615,1541
1431,1386
1500,1428
1592,1584
1573,1587
1533,1490
1484,1510
1642,1584
1418,1426
1399,1415
1550,1551
1503,1553
1616,1576
1377,1405
1563,1511
1408,1402
1397,1397
1597,1576
1545,1464
1499,1553
1512,1481
1365,1446
1398,1385
1577,1489
1455,1421
1581,1547
1539,1516
1440,1474
1441,1502
1603,1625
1427,1426
1351,1398
1455,1508
1568,1538
1361,1427
1546,1473
1468,1465
1476,1441
1389,1424
1366,1421
1414,1491
1654,1598
1603,1595
1436,1487
1407,1420
1320,1381
1442,1492
1386,1415
1545,1474
1588,1522
1399,1423
1470,1523
1606,1567
1645,1525
1563,1547
1415,1454
1485,1449
1541,1555
1545,1587
1404,1420
1494,1464
1438,1421
1553,1559
1488,1485
1377,1434
1453,1449
1391,1473
1387,1402
1623,1529
1586,1566
1581,1585
1580,1557
1546,1562
1628,1560
1369,1436
1414,1432
1589,1597
1538,1561
1608,1591
1495,1602
1606,1586
1642,1616
1401,1399
1370,1401
1359,1402
1493,1454
1372,1441
1574,1582
1487,1440
1433,1447
1415,1441
1625,1610
1613,1600
1489,1518
1426,1438
1553,1615
1371,1454
1559,1603
1477,1438
1531,1457
1383,1472
1579,1562
1587,1482
1660,1577
1487,1529
1591,1556
1475,1448
1517,1476
1545,1536
1419,1433
1636,1633
1540,1578
1437,1501
1588,1573
1578,1591
1483,1514
1363,1447
1591,1603
1390,1396
1625,1562
1339,1411
1599,1591
1486,1518
1548,1521
1578,1609
1536,1525
1525,1507
1579,1545
1477,1537
1467,1477
1377,1431
1450,1425
1474,1542
1381,1405
1567,1580
1610,1579
1393,1410
1506,1556
1464,1422
1376,1451
1518,1547
1606,1559
1401,1406
1501,1441
1619,1597
1605,1593
1504,1445
1531,1533
1448,1382
1500,1510
1382,1416
1602,1587
1545,1553
1614,1477
1464,1487
1586,1575
1581,1576
1583,1591
1414,1394
1405,1409
1573,1539
1573,1557
1483,1485
1507,1599
1384,1413
1623,1528
1484,1444
1513,1484
1603,1569
1614,1600
1473,1414
1392,1461
1367,1419
1398,1351
1437,1411
1463,1441
1464,1430
1561,1635
1502,1431
1495,1443
1477,1523
1492,1560
1458,1428
1439,1448
1541,1603
1585,1469
1446,1478
1403,1417
1396,1466
1413,1518
1470,1516
1349,1423
1424,1466
1397,1429
1595,1554
1406,1431
1439,1418
1549,1606
1539,1583
1604,1605
1361,1376
1594,1591
1588,1532
1393,1381
1464,1423
1616,1553
1520,1554
1581,1568
1480,1563
1506,1539
1356,1391
1539,1584
1584,1588
1375,1372
1512,1481
1579,1539
1478,1475
1507,1473
1510,1439
1420,1492
1497,1506
1372,1394
1406,1425
1590,1522
1347,1397
1399,1399
1606,1556
1475,1437
1547,1578
1472,1438
1435,1414
1609,1542
1493,1562
1657,1598
1520,1561
1626,1573
1384,1415
1405,1424
1524,1493
1500,1477
1634,1561
1537,1517
1548,1494
1504,1448
1606,1595
1401,1450
1580,1610
1581,1554
1471,1453
1439,1470
1527,1498
1388,1376
1426,1432
1610,1538
1508,1479
1594,1590
1616,1574
1542,1545
1389,1396
1433,1472
1609,1637
1400,1437
1410,1393
1581,1625
1552,1540
1566,1563
1578,1557
1571,1580
1538,1585
1338,1425
1667,1622
1522,1551
1379,1446
1390,1423
1461,1521
1529,1513
1596,1572
1584,1572
1613,1579
1637,1610
1431,1496
1453,1490
1376,1418
1456,1509
1408,1402
1577,1574
1521,1528
1508,1445
1566,1522
1556,1601
1503,1468
1382,1491
1373,1384
1593,1548
1510,1532
1539,1554
1483,1500
1531,1546
1587,1535
1366,1377
1524,1438
1630,1596
1597,1559
1552,1483
1529,1505
1529,1515
1546,1593
1624,1560
1589,1598
1472,1477
1438,1512
1422,1382
1372,1411
1564,1570
1585,1487
1446,1423
1601,1590
1524,1531
1373,1486
1409,1436
1653,1629
1382,1401
1386,1495
1639,1628
1611,1547
1549,1526
1584,1521
1430,1508
1568,1599
1545,1520
1588,1572
1606,1497
1626,1617
1345,1421
1530,1563
1582,1554
1406,1452
1432,1458
1415,1486
1592,1607
1457,1527
1537,1510
1617,1621
1584,1559
1500,1537
1536,1539
1411,1383
1658,1506
1577,1568
1583,1586
1593,1570
1393,1437
1494,1473
1648,1536
1296,1363
1572,1519
1420,1476
1617,1556
1469,1513
1580,1614
1446,1488
1468,1429
1486,1480
1641,1653
1506,1583
1444,1477
1596,1509
1550,1570
1560,1581
1456,1414
1427,1419
1436,1506
1601,1590
1584,1521
1423,1376
1601,1587
1508,1509
1567,1575
1473,1502
1425,1529
1565,1619
1563,1515
1634,1588
1326,1383
1471,1487
1405,1399
1342,1467
1468,1483
1353,1391
1404,1355
1357,1440
1367,1479
1560,1582
1598,1597
1380,1436
1569,1517
1492,1478
1438,1414
1351,1444
1537,1538
1600,1575
1528,1481
1453,1486
1425,1385
1363,1379
1493,1546
1568,1499
1628,1630
1475,1590
1576,1549
1576,1587
1609,1587
1470,1497
1394,1399
1396,1475
1378,1452
1378,1408
1452,1492
1534,1560
1640,1562
1515,1442
1625,1526
1408,1413
1440,1451
1452,1473
1469,1460
1425,1485
1467,1429
1394,1437
1540,1543
1655,1585
1634,1564
1415,1441
1602,1627
1593,1514
1583,1549
1397,1431
1454,1468
1576,1525
1454,1531
1365,1393
1473,1468
1444,1523
1438,1452
1600,1594
1467,1430
1609,1651
1556,1551
1362,1388
1594,1544
1571,1542
1517,1480
1551,1584
1656,1576
1644,1501
1631,1580
1642,1617
1663,1589
1588,1598
1510,1495
1370,1395
1600,1506
1408,1476
1579,1524
1397,1404
1361,1403
1478,1490
1581,1537
1600,1617
1659,1567
1419,1464
1521,1518
1613,1557
1466,1484
1572,1519
1370,1445
1636,1509
1545,1487
1497,1506
1424,1474
1650,1587
1521,1483
1381,1456
1369,1428
1502,1460
1617,1574
1578,1586
1531,1517
1364,1483
1431,1419
1355,1454
1528,1545
1451,1403
1633,1573
1535,1555
1391,1453
1595,1594
1622,1574
1483,1495
1368,1383
1372,1438
1634,1617
1493,1426
1500,1457
1417,1391
1540,1520
1532,1528
1373,1450
1614,1588
1584,1580
1581,1528
1495,1537
1593,1542
1387,1412
1617,1596
1512,1533
1564,1543
1485,1472
1694,1585
1632,1571
1498,1556
1394,1409
1571,1559
1612,1624
1505,1506
1499,1605
1571,1574
1521,1608
1572,1521
1408,1396
1375,1426
1443,1464
1517,1580
1495,1514
1478,1446
1456,1377
1408,1351
1448,1507
1371,1380
1547,1541
1557,1425
1584,1548
1533,1605
1618,1637
1535,1525
1485,1530
1585,1526
1373,1468
1367,1394
1387,1400
1559,1541
1568,1457
1388,1451
1527,1466
1435,1436
1337,1404
1612,1586
1589,1549
1501,1571
1611,1572
1369,1429
1463,1445
1383,1444
1655,1641
1496,1571
1381,1396
1337,1451
1557,1546
1528,1513
1590,1579
1574,1591
1445,1504
1452,1466
1386,1408
1569,1498
1473,1451
1501,1492
1441,1391
1583,1553
1497,1523
1645,1635
1594,1628
1547,1559
1593,1513
1605,1583
1607,1587
1456,1436
1594,1580
1559,1511
1619,1583
1549,1606
1404,1502
1499,1516
1453,1496
1412,1424
1401,1484
1357,1389
1606,1632
1580,1482
1386,1422
1537,1570
1604,1568
1517,1572
1509,1416
1586,1606
1375,1422
1643,1585
1515,1578
1584,1634
1391,1385
1394,1441
1608,1515
1519,1601
1388,1413
1672,1608
1434,1403
1620,1646
1410,1399
1604,1600
1406,1360
1668,1539
1405,1490
1400,1378
1366,1450
1546,1578
1481,1584
1525,1548
1565,1514
1625,1551
1571,1545
1415,1406
1643,1661
1641,1596
1573,1568
1570,1536
1561,1601
1380,1404
1586,1632
1650,1561
1636,1589
1519,1442
1547,1588
1395,1390
1571,1617
1609,1537
1360,1432
1510,1498
1354,1474
1433,1399
1362,1436
1605,1591
1619,1570
1435,1542
1641,1567
1390,1344
1547,1440
1659,1596
1349,1410
1512,1492
1393,1441
1378,1422
1518,1518
1624,1526
1479,1500
1549,1497
1529,1540
1359,1364
1416,1383
1358,1491
1603,1595
1445,1423
1451,1362
1557,1520
1411,1420
1552,1528
1416,1463
1574,1543
1511,1454
1400,1416
1529,1489
1453,1457
1616,1577
1401,1359
1462,1464
1395,1458
1393,1487
1606,1627
1436,1409
1459,1393
1612,1593
1464,1428
1532,1585
1576,1570
1475,1538
1402,1459
1613,1609
1431,1386
1596,1584
1609,1544
1641,1632
1551,1543
1601,1494
1606,1597
1467,1462
1465,1425
1459,1414
1618,1585
1418,1470
1462,1419
1610,1564
1413,1502
1505,1553
1427,1456
1554,1549
1587,1596
1526,1465
1527,1515
1630,1564
1486,1556
1600,1572
1484,1514
1626,1551
1619,1618
1446,1436
1442,1578
1616,1584
1510,1462
1526,1471
1616,1600
1566,1462
1658,1595
1389,1459
1581,1520
1352,1422
1657,1580
1417,1450
1386,1408
1671,1569
1602,1590
1406,1477
1405,1418
1563,1596
1613,1569
1634,1598
1443,1482
1472,1439
1388,1491
1657,1548
1365,1384
1481,1461
1599,1556
1584,1567
1597,1548
1567,1481
1591,1603
1509,1587
1574,1598
1540,1526
1605,1604
1591,1496
1458,1511
1419,1435
1391,1436
1412,1444
1621,1585
1639,1593
1349,1373
1653,1573
1606,1605
1420,1519
1536,1510
1515,1495
1383,1375
1627,1627
1375,1428
1602,1667
1451,1475
1487,1503
1379,1390
1394,1455
1569,1632
1447,1442
1661,1613
1581,1642
1611,1602
1577,1572
1595,1497
1605,1595
1546,1519
1446,1438
1527,1478
1475,1521
1439,1461
1394,1453
1505,1507
1474,1474
1518,1602
1598,1564
1431,1415
1433,1468
1446,1446
1557,1610
1377,1465
1479,1554
1594,1527
1413,1397
1413,1452
1521,1611
1384,1494
1486,1461
1347,1397
1476,1401
1367,1378
1368,1457
1633,1550
1463,1480
1528,1568
1600,1529
1451,1381
1386,1362
1555,1534
1580,1507
1551,1557
1504,1461
1453,1458
1496,1515
1574,1599
1500,1482
1516,1552
1390,1437
1664,1596
1571,1483
1482,1439
1645,1587
1591,1482
1372,1397
1528,1536
1547,1641
1578,1643
1527,1493
1436,1461
1445,1492
1420,1443
1384,1465
1341,1401
1504,1452
1379,1456
1532,1585
1344,1421
1371,1461
1609,1580
1597,1635
1505,1465
1377,1441
1644,1567
1552,1618
1646,1603
1525,1460
1370,1420
1656,1599
1609,1630
1627,1581
1547,1533
1454,1484
1598,1560
1583,1530
1503,1512
1499,1482
1579,1562
1429,1467
1432,1452
1552,1554
1439,1411
1398,1362
1350,1384
1536,1535
1467,1475
1510,1505
1563,1542
1548,1435
1682,1575
1582,1558
1606,1648
1612,1588
1431,1445
1511,1484
1421,1416
1465,1473
1458,1446
1497,1456
1518,1492
1633,1626
1498,1515
1347,1434
1534,1619
1580,1570
1619,1517
1352,1419
1575,1568
1462,1558
1594,1501
1606,1613
1368,1470
1458,1433
1637,1604
1654,1574
1622,1606
1569,1551
1364,1393
1525,1508
1390,1409
1512,1488
1449,1453
1352,1431
1345,1411
1350,1389
1377,1400
1513,1488
1497,1466
1468,1415
1388,1401
1624,1611
1583,1592
1376,1406
1460,1432
1411,1413
1644,1580
1584,1542
1514,1498
1602,1545
1650,1591
1606,1588
1362,1409
1382,1422
1582,1547
1563,1587
1619,1644
1512,1429
1471,1453
1602,1585
1631,1622
1366,1396
1534,1544
1381,1425
1580,1580
1359,1449
1611,1530
1340,1410
1392,1406
1627,1576
1391,1410
1371,1372
1611,1580
1536,1525
1412,1442
1633,1572
1489,1507
1429,1505
1393,1445
1462,1500
1508,1441
1501,1534
1620,1553
1410,1406
1629,1574
1321,1429
1595,1573
1531,1558
1568,1590
1581,1585
1513,1505
1542,1492
1416,1491
1497,1572
1555,1566
1625,1659
1620,1527
1684,1627
1437,1469
1389,1404
1508,1571
1582,1530
1453,1558
1637,1583
1374,1397
1620,1623
1387,1465
1415,1439
1669,1604
1643,1629
1614,1590
1469,1367
1566,1578
1520,1525
1613,1587
1387,1406
1550,1545
1544,1588
1379,1435
1421,1434
1546,1579
1485,1492
1628,1561
1465,1500
1466,1482
1406,1454
1387,1480
1597,1568
1470,1401
1356,1387
1369,1420
1540,1491
1434,1475
1602,1556
1593,1545
1489,1455
1490,1472
1638,1585
1580,1636
1377,1396
1686,1616
1399,1399
1628,1577
1548,1568
1457,1444
1644,1558
1588,1539
1622,1572
1643,1582
1434,1537
1590,1604
1366,1423
1390,1424
1371,1406
1407,1422
1600,1645
1575,1634
1672,1644
1421,1444
1407,1406
1446,1538
1357,1464
1585,1539
1395,1385
1476,1533
1532,1539
1476,1546
1513,1488
1371,1430
1392,1427
1457,1436
1485,1426
1400,1414
1401,1396
1529,1518
1390,1395
1639,1566
1570,1601
1513,1549
1650,1524
1559,1512
1628,1637
1400,1415
1348,1371
1489,1532
1600,1567
1606,1507
1511,1489
1432,1425
1617,1570
1488,1511
1382,1427
1439,1443
1397,1479
1527,1550
1594,1631
1408,1422
1450,1534
1388,1504
1651,1592
1422,1466
1626,1585
1628,1594
1438,1443
1365,1422
1467,1511
1519,1526
1457,1443
1598,1560
1600,1514
1551,1527
1422,1469
1610,1588
1604,1550
1443,1451
1380,1429
1607,1607
1540,1462
1383,1456
1616,1615
1619,1559
1537,1524
1477,1460
1576,1585
1626,1623
1650,1587
1485,1547
1404,1409
1674,1563
1557,1547
1444,1446
1403,1413
1386,1334
1423,1468
1466,1532
1615,1574
1407,1425
1365,1402
1383,1433
1585,1584
1362,1414
1427,1427
1571,1580
1395,1455
1442,1438
1599,1625
1527,1529
1434,1481
1561,1531
1596,1595
1396,1400
1603,1618
1614,1578
1432,1452
1555,1575
1629,1577
1553,1544
1612,1597
1616,1628
1386,1376
1619,1527
1349,1389
1409,1434
1507,1502
1493,1442
1431,1534
1556,1593
1536,1551
1547,1563
1392,1476
1564,1547
1368,1413
1528,1543
1334,1396
1560,1577
1544,1530
1542,1485
1466,1383
1659,1569
1483,1498
1461,1492
1442,1509
1582,1571
1627,1589
1371,1415
1585,1611
1600,1613
1663,1565
1552,1565
1384,1434
1422,1361
1409,1441
1595,1562
1501,1556
1594,1595
1478,1445
1348,1407
1601,1534
1502,1526
1369,1378
1630,1609
1415,1448
1519,1525
1384,1445
1374,1394
1422,1461
1337,1415
1405,1382
1365,1471
1451,1553
1530,1551
1368,1436
1625,1578
1494,1491
1495,1480
1524,1582
1463,1405
1470,1470
1545,1624
1578,1568
1515,1485
1408,1385
1458,1469
1440,1466
1388,1493
1579,1530
1413,1410
1604,1584
1582,1534
1420,1407
1456,1410
1417,1424
1598,1589
1578,1635
1481,1477
1381,1420
1562,1531
1437,1421
1410,1462
1610,1603
1443,1436
1629,1621
1451,1418
1416,1428
1516,1561
1368,1394
1620,1553
1520,1587
1644,1568
1369,1376
1467,1446
1427,1445
1477,1565
1410,1398
1417,1463
1544,1492
1453,1478
1391,1434
1568,1558
1553,1562
1708,1594
1633,1580
1622,1551
1384,1407
1412,1426
1476,1514
1643,1604
1354,1407
1555,1611
1597,1606
1398,1453
1413,1446
1443,1429
1409,1432
1567,1520
1617,1590
1456,1482
1415,1516
1416,1412
1411,1431
1629,1569
1439,1472
1510,1440
1502,1435
1583,1563
1413,1433
1519,1512
1507,1548
1458,1461
1423,1407
1494,1515
1545,1539
1394,1370
1686,1551
1618,1530
1511,1499
1632,1595
1578,1610
1582,1556
1638,1622
1396,1446
1544,1615
1395,1362
1510,1513
1560,1552
1598,1535
1559,1558
1447,1403
1636,1565
1551,1455
1513,1524
1393,1431
1420,1400
1502,1520
1448,1376
1529,1580
1401,1473
1428,1445
1632,1582
1499,1418
1524,1477
1455,1426
1552,1565
1436,1418
1556,1555
1528,1471
1566,1513
1619,1624
1418,1451
1426,1471
1597,1578
1560,1575
1534,1522
1561,1595
1321,1401
1580,1523
1599,1603
1560,1509
1596,1476
1577,1528
1616,1624
1402,1492
1392,1401
1562,1582
1639,1595
1484,1489
1370,1363
1415,1403
1525,1498
1440,1398
1629,1582
1588,1561
1515,1494
1516,1492
1644,1613
1425,1545
1590,1577
1453,1532
1527,1491
1580,1540
1358,1376
1570,1562
1590,1557
1443,1435
1546,1547
1571,1496
1326,1391
1492,1518
1545,1555
1561,1569
1394,1380
1562,1606
1523,1497
1366,1351
1587,1549
1609,1555
1430,1476
1578,1571
1401,1387
1389,1444
1625,1566
1455,1491
1587,1598
1429,1477
1431,1423
1394,1423
1403,1390
1527,1534
1370,1393
1521,1503
1450,1520
1568,1552
1565,1541
1559,1581
1631,1643
1499,1475
1646,1581
1473,1491
1476,1420
1611,1556
1500,1522
1463,1510
1571,1545
1581,1583
1485,1402
1425,1397
1567,1511
1441,1445
1381,1459
1595,1547
1306,1444
1557,1458
1422,1433
1324,1383
1547,1540
1407,1403
1474,1488
1583,1525
1510,1523
1463,1398
1532,1480
1606,1658
1597,1577
1464,1439
1389,1394
1640,1575
1462,1485
1651,1575
1462,1507
1488,1507
1480,1470
1645,1540
1451,1497
1592,1569
1542,1547
1548,1580
1381,1430
1584,1587
1427,1442
1529,1513
1351,1414
1471,1452
1371,1374
1580,1579
1631,1613
1409,1435
1574,1566
1522,1448
1537,1588
1397,1465
1509,1480
1542,1465
1385,1359
1442,1507
1631,1598
1504,1528
1543,1551
1584,1592
1479,1455
1593,1567
1538,1601
1512,1550
1592,1544
1574,1580
1629,1546
1427,1405
1586,1573
1597,1600
1468,1481
1463,1391
1599,1567
1484,1493
1625,1547
1580,1578
1596,1541
1426,1504
1430,1442
1554,1603
1483,1585
1430,1544
1623,1577
1477,1465
1566,1612
1387,1387
1536,1603
1646,1584
1605,1597
1404,1386
1380,1401
1640,1593
1609,1584
1401,1436
1639,1577
1435,1419
1402,1408
1371,1410
1520,1544
1630,1606
1608,1568
1372,1424
1578,1605
1606,1600
1587,1555
1617,1577
1534,1497
1610,1572
1578,1571
1600,1589
1587,1575
1548,1582
1382,1475
1600,1589
1521,1558
1392,1406
1463,1495
1419,1406
1511,1433
1546,1587
1597,1587
1512,1524
1479,1448
1609,1591
1470,1509
1390,1444
1376,1442
1371,1466
1629,1573
1399,1419
1529,1527
1387,1466
1446,1418
1398,1462
1632,1477
1429,1439
1444,1471
1417,1447
1457,1446
1626,1575
1563,1507
1488,1554
1605,1582
1651,1572
1609,1536
1430,1466
1456,1463
1427,1439
1460,1483
1465,1473
1599,1576
1571,1605
1557,1556
1514,1525
1647,1596
1401,1405
1438,1418
1442,1421
1437,1376
1512,1480
1551,1487
1428,1442
1589,1633
1433,1423
1601,1610
1628,1570
1512,1460
1626,1563
1372,1411
1526,1566
1586,1548
1538,1430
1538,1549
1537,1594
1537,1599
1468,1484
1569,1598
