ch1,ch2
1596,1667
1617,1646
1674,1657
1675,1669
1706,1725
1746,1746
1756,1754
1761,1783
1772,1782
1774,1783
1787,1800
1816,1792
1823,1782
1818,1794
1826,1783
1816,1770
1743,1769
1759,1730
1749,1719
1750,1736
1721,1729
1754,1675
1702,1686
1649,1618
1609,1600
1639,1568
1585,1549
1570,1538
1564,1541
1529,1513
1498,1491
1482,1515
1474,1454
1430,1432
1429,1456
1438,1413
1410,1405
1402,1404
1376,1410
1395,1453
1415,1431
1385,1408
1408,1432
1420,1428
1417,1472
1461,1463
1441,1493
1486,1521
1496,1536
1517,1552
1528,1601
1555,1595
1585,1613
1594,1669
1643,1653
1660,1723
1679,1720
1729,1723
1722,1753
1769,1763
1778,1770
1718,1771
1808,1788
1807,1805
1818,1801
1823,1805
1818,1786
1824,1784
1836,1738
1781,1757
1794,1747
1770,1743
1739,1715
1755,1689
1688,1645
1692,1631
1684,1614
1646,1580
1624,1558
1606,1569
1572,1540
1545,1501
1532,1487
1492,1479
1471,1473
1465,1472
1454,1430
1413,1387
1431,1429
1381,1428
1444,1380
1404,1433
1431,1408
1349,1437
1363,1412
1401,1448
1404,1423
1406,1467
1444,1485
1467,1510
1468,1540
1482,1543
1518,1595
1548,1619
1549,1630
1594,1636
1605,1657
1666,1694
1694,1708
1699,1743
1721,1746
1747,1747
1764,1762
1772,1783
1807,1782
1784,1773
1791,1806
1819,1825
1797,1797
1799,1791
1803,1795
1794,1778
1810,1730
1781,1731
1752,1726
1747,1706
1756,1686
1689,1670
1669,1614
1631,1636
1635,1579
1625,1575
1546,1538
1559,1499
1492,1469
1530,1493
1471,1447
1467,1418
1459,1450
1425,1397
1406,1425
1412,1395
1391,1386
1391,1399
1368,1397
1375,1409
1380,1440
1351,1385
1394,1434
1427,1445
1405,1477
1493,1492
1419,1510
1472,1528
1489,1530
1541,1594
1560,1625
1591,1632
1646,1672
1641,1673
1680,1691
1714,1693
1721,1752
1710,1748
1764,1767
1780,1786
1818,1783
1806,1788
1808,1801
1815,1833
1806,1770
1844,1777
1814,1802
1840,1786
1831,1756
1801,1733
1788,1748
1745,1725
1712,1677
1716,1636
1696,1650
1655,1608
1656,1588
1607,1558
1595,1533
1584,1539
1532,1510
1505,1477
1474,1476
1488,1442
1427,1426
1388,1444
1400,1366
1374,1427
1387,1419
1346,1419
1399,1398
1369,1431
1385,1438
1384,1414
1363,1434
1394,1442
1425,1473
1483,1508
1445,1483
1507,1503
1514,1551
1553,1574
1526,1607
1598,1651
1596,1620
1624,1712
1618,1721
1715,1715
1725,1735
1719,1754
1752,1764
1788,1771
1805,1812
1801,1794
1795,1825
1824,1785
1821,1803
1773,1813
1795,1764
1825,1745
1822,1758
1804,1736
1782,1751
1716,1690
1722,1674
1736,1693
1699,1670
1672,1619
1679,1576
1630,1568
1582,1554
1542,1532
1555,1493
1506,1487
1428,1452
1441,1428
1450,1434
1416,1434
1405,1442
1404,1384
1364,1396
1364,1362
1370,1366
1368,1383
1356,1409
1384,1420
1395,1459
1412,1443
1430,1475
1497,1479
1440,1545
1513,1521
1492,1548
1536,1565
1554,1597
1562,1603
1611,1648
1607,1692
1680,1708
1704,1736
1715,1722
1743,1769
1745,1787
1736,1815
1786,1800
1818,1801
1766,1775
1825,1790
1839,1798
1853,1779
1847,1811
1829,1761
1819,1772
1777,1777
1776,1737
1767,1708
1766,1649
1731,1670
1697,1657
1686,1645
1631,1593
1638,1587
1625,1545
1539,1561
1526,1497
1507,1470
1528,1472
1463,1434
1436,1426
1437,1448
1431,1429
1380,1389
1380,1371
1361,1378
1378,1429
1349,1404
1366,1421
1346,1435
1405,1424
1416,1439
1432,1461
1432,1505
1485,1504
1494,1548
1530,1534
1545,1568
1541,1640
1588,1617
1602,1670
1654,1664
1659,1734
1701,1706
1722,1720
1736,1745
1760,1787
1779,1789
1779,1806
1813,1772
1836,1833
1831,1797
1827,1811
1815,1815
1817,1793
1807,1738
1798,1768
1772,1735
1762,1729
1766,1713
1725,1706
1712,1642
1668,1650
1655,1616
1612,1580
1583,1553
1592,1568
1581,1532
1539,1511
1547,1484
1454,1453
1446,1489
1439,1414
1432,1425
1406,1399
1363,1404
1377,1431
1345,1395
1361,1373
1396,1390
1387,1408
1403,1402
1392,1408
1444,1491
1382,1460
1437,1509
1479,1538
1477,1543
1528,1563
1533,1577
1538,1599
1614,1612
1617,1659
1659,1675
1688,1692
1685,1738
1705,1770
1760,1769
1728,1784
1803,1785
1803,1780
1828,1793
1824,1803
1797,1785
1853,1801
1843,1797
1838,1782
1806,1775
1813,1753
1796,1738
1792,1742
1763,1704
1718,1696
1707,1649
1670,1641
1701,1606
1652,1592
1574,1563
1580,1549
1531,1527
1518,1509
1507,1459
1462,1432
1426,1414
1422,1403
1433,1399
1387,1410
1345,1390
1372,1385
1343,1377
1350,1372
1380,1405
1339,1405
1388,1448
1376,1429
1375,1473
1419,1464
1459,1488
1449,1536
1473,1556
1520,1548
1542,1609
1525,1605
1619,1653
1660,1695
1620,1702
1688,1697
1715,1739
1745,1736
1754,1742
1807,1789
1742,1771
1801,1797
1871,1823
1803,1807
1850,1827
1837,1786
1835,1798
1803,1807
1815,1722
1817,1744
1806,1728
1800,1724
1747,1666
1748,1716
1708,1670
1679,1598
1618,1592
1681,1574
1590,1542
1536,1509
1544,1482
1527,1512
1472,1470
1421,1428
1463,1405
1403,1421
1404,1436
1400,1413
1348,1393
1354,1407
1377,1413
1403,1433
1375,1408
1421,1425
1354,1428
1431,1444
1448,1449
1444,1489
1439,1486
1497,1546
1495,1499
1586,1569
1541,1597
1626,1639
1624,1669
1635,1675
1679,1689
1684,1766
1730,1749
1699,1737
1777,1757
1798,1790
1791,1818
1823,1797
1850,1792
1842,1847
1839,1785
1816,1812
1854,1818
1814,1758
1816,1770
1785,1721
1822,1740
1739,1707
1728,1686
1769,1662
1690,1613
1644,1628
1659,1561
1603,1568
1574,1550
1575,1514
1527,1500
1522,1453
1484,1489
1452,1431
1434,1414
1416,1395
1385,1390
1363,1375
1398,1381
1408,1409
1368,1402
1387,1397
1337,1407
1394,1372
1393,1405
1386,1437
1424,1450
1441,1474
1446,1491
1520,1566
1530,1560
1518,1600
1539,1621
1604,1655
1621,1655
1658,1633
1677,1736
1710,1745
1749,1732
1776,1753
1770,1779
1815,1824
1819,1782
1803,1767
1813,1797
1836,1839
1816,1791
1862,1823
1836,1787
1812,1773
1819,1757
1784,1746
1797,1747
1768,1698
1736,1665
1695,1685
1664,1626
1643,1575
1619,1569
1587,1530
1546,1540
1524,1503
1514,1496
1471,1464
1454,1465
1443,1429
1450,1395
1383,1388
1398,1410
1384,1403
1360,1348
1352,1351
1362,1377
1360,1413
1360,1398
1342,1418
1382,1433
1400,1483
1420,1504
1498,1513
1493,1568
1465,1539
1518,1572
1531,1617
1616,1592
1605,1657
1663,1702
1673,1719
1671,1729
1722,1745
1737,1756
1742,1820
1783,1782
1797,1787
1805,1815
1801,1837
1820,1840
1835,1799
1801,1794
1873,1788
1840,1799
1804,1766
1821,1754
1760,1745
1763,1738
1704,1718
1700,1659
1665,1615
1661,1617
1608,1578
1606,1592
1572,1532
1560,1497
1522,1487
1463,1473
1439,1442
1447,1416
1432,1424
1427,1408
1390,1370
1391,1369
1358,1386
1354,1375
1348,1378
1380,1416
1368,1425
1375,1414
1393,1422
1379,1449
1435,1459
1478,1502
1451,1534
1536,1505
1487,1572
1532,1612
1589,1625
1600,1653
1648,1670
1683,1677
1719,1702
1693,1729
1733,1774
1765,1762
1779,1845
1786,1789
1805,1808
1822,1815
1847,1811
1831,1818
1799,1817
1861,1793
1804,1812
1823,1762
1794,1734
1767,1747
1786,1689
1732,1683
1733,1675
1670,1629
1652,1623
1614,1579
1605,1565
1592,1507
1528,1534
1521,1488
1499,1468
1484,1425
1424,1410
1450,1422
1402,1379
1385,1367
1331,1388
1378,1394
1367,1383
1376,1385
1351,1400
1373,1395
1347,1410
1400,1443
1405,1484
1434,1452
1410,1495
1450,1515
1471,1534
1525,1560
1611,1625
1600,1618
1636,1654
1593,1645
1653,1699
1685,1742
1701,1740
1752,1748
1752,1763
1829,1778
1785,1824
1817,1791
1832,1833
1861,1802
1825,1829
1851,1806
1850,1830
1856,1821
1830,1768
1835,1755
1778,1751
1778,1723
1753,1673
1719,1668
1672,1649
1669,1608
1651,1635
1643,1569
1575,1544
1573,1540
1519,1482
1498,1459
1444,1467
1451,1415
1423,1441
1415,1398
1365,1380
1372,1381
1360,1375
1344,1397
1370,1383
1357,1376
1374,1433
1357,1409
1387,1449
1395,1442
1452,1441
1424,1500
1465,1520
1516,1562
1531,1562
1532,1612
1568,1603
1576,1641
1628,1640
1657,1693
1698,1697
1694,1749
1761,1760
1764,1817
1789,1793
1818,1820
1800,1823
1817,1836
1852,1813
1830,1801
1846,1770
1811,1766
1838,1797
1832,1794
1805,1796
1786,1730
1787,1721
1778,1689
1726,1680
1692,1651
1658,1646
1652,1557
1646,1587
1576,1549
1549,1502
1539,1499
1486,1455
1471,1450
1430,1419
1428,1416
1440,1395
1423,1420
1420,1372
1373,1371
1368,1362
1393,1401
1349,1402
1372,1389
1379,1417
1406,1415
1364,1451
1418,1474
1458,1506
1476,1525
1485,1546
1520,1573
1531,1580
1573,1614
1599,1644
1605,1666
1641,1692
1663,1726
1746,1737
1744,1782
1778,1757
1761,1785
1779,1799
1836,1825
1814,1797
1813,1821
1841,1813
1839,1799
1838,1824
1799,1791
1831,1791
1803,1768
1808,1761
1729,1715
1729,1702
1729,1664
1704,1622
1692,1615
1662,1602
1621,1551
1567,1538
1554,1509
1506,1459
1530,1449
1506,1456
1421,1431
1421,1416
1374,1383
1391,1408
1395,1380
1355,1383
1345,1383
1353,1388
1348,1425
1374,1424
1359,1394
1389,1429
1457,1451
1436,1485
1453,1491
1474,1487
1489,1543
1539,1576
1543,1572
1571,1600
1606,1644
1635,1700
1684,1680
1712,1726
1690,1756
1771,1751
1734,1783
1766,1805
1824,1803
1798,1832
1827,1798
1845,1834
1849,1802
1844,1798
1855,1804
1817,1804
1824,1753
1807,1755
1790,1767
1751,1687
1732,1685
1725,1688
1704,1659
1690,1614
1682,1600
1615,1566
1541,1487
1515,1546
1518,1486
1460,1480
1453,1439
1445,1440
1446,1416
1421,1432
1388,1398
1390,1354
1376,1392
1371,1397
1331,1399
1372,1381
1387,1424
1371,1404
1384,1477
1392,1451
1405,1486
1433,1478
1438,1526
1513,1539
1512,1566
1555,1583
1600,1618
1605,1622
1608,1672
1681,1685
1706,1733
1735,1742
1781,1753
1782,1763
1794,1797
1796,1790
1821,1821
1848,1796
1827,1805
1844,1800
1841,1796
1859,1798
1838,1796
1797,1786
1828,1755
1764,1775
1836,1700
1718,1674
1716,1657
1689,1654
1631,1626
1673,1616
1580,1568
1577,1505
1560,1528
1533,1475
1500,1454
1458,1446
1449,1433
1426,1433
1400,1382
1362,1397
1347,1404
1348,1396
1366,1395
1290,1384
1338,1414
1333,1378
1362,1409
1389,1429
1424,1474
1422,1493
1474,1510
1454,1520
1504,1534
1497,1567
1539,1604
1589,1619
1626,1651
1663,1691
1650,1701
1697,1731
1701,1749
1744,1739
1806,1768
1825,1786
1808,1785
1827,1809
1808,1832
1846,1831
1820,1817
1830,1804
1798,1785
1824,1799
1761,1764
1838,1706
1806,1740
1754,1712
1745,1695
1712,1645
1694,1654
1651,1628
1641,1568
1579,1550
1564,1545
1542,1501
1507,1507
1500,1464
1480,1443
1465,1419
1436,1432
1379,1388
1371,1386
1390,1363
1358,1348
1359,1380
1377,1359
1326,1401
1360,1412
1389,1427
1392,1415
1389,1424
1468,1489
1473,1498
1458,1539
1536,1527
1532,1570
1557,1577
1552,1621
1640,1669
1647,1671
1690,1684
1671,1719
1747,1764
1744,1759
1753,1739
1826,1787
1838,1784
1820,1803
1843,1810
1846,1822
1842,1819
1809,1813
1792,1794
1860,1805
1829,1781
1786,1750
1807,1740
1746,1689
1748,1682
1728,1710
1703,1615
1633,1626
1630,1573
1541,1556
1563,1519
1552,1521
1487,1471
1497,1458
1461,1413
1433,1375
1380,1439
1397,1413
1379,1385
1375,1362
1380,1366
1360,1374
1342,1384
1395,1407
1375,1397
1394,1430
1407,1439
1402,1456
1431,1468
1442,1527
1498,1516
1505,1550
1541,1596
1563,1596
1611,1658
1634,1678
1642,1679
1660,1697
1734,1740
1718,1758
1737,1770
1778,1771
1775,1839
1832,1820
1792,1828
1806,1817
1804,1772
1790,1779
1819,1791
1816,1795
1808,1772
1822,1750
1801,1735
1752,1714
1745,1701
1724,1658
1712,1654
1701,1621
1624,1584
1619,1600
1584,1547
1548,1536
1530,1456
1488,1464
1518,1477
1463,1452
1427,1431
1409,1406
1389,1396
1427,1434
1387,1376
1330,1390
1373,1408
1375,1402
1325,1415
1408,1394
1428,1413
1425,1434
1431,1461
1428,1471
1447,1526
1489,1570
1522,1552
1550,1593
1567,1620
1598,1636
1675,1679
1653,1688
1678,1716
1690,1735
1710,1747
1737,1774
1777,1761
1841,1788
1809,1797
1822,1771
1849,1797
1836,1808
1846,1805
1844,1810
1818,1783
1814,1792
1798,1758
1782,1719
1752,1714
1726,1747
1719,1647
1712,1639
1680,1621
1631,1599
1601,1560
1611,1522
1552,1491
1525,1488
1517,1461
1475,1478
1428,1412
1430,1409
1423,1418
1395,1426
1387,1407
1385,1384
1371,1436
1386,1414
1373,1415
1389,1450
1375,1448
1416,1415
1417,1483
1461,1450
1433,1506
1456,1518
1496,1550
1498,1561
1548,1594
1558,1594
1586,1629
1615,1668
1670,1717
1686,1666
1690,1740
1729,1771
1755,1750
1787,1771
1803,1824
1806,1808
1809,1791
1842,1815
1815,1788
1794,1794
1825,1754
1845,1770
1805,1760
1787,1749
1816,1739
1782,1716
1764,1723
1722,1648
1681,1632
1688,1626
1657,1590
1627,1559
1563,1534
1580,1525
1525,1504
1500,1473
1474,1455
1455,1428
1431,1424
1438,1404
1365,1384
1373,1383
1366,1373
1338,1417
1369,1394
1370,1404
1381,1413
1353,1419
1376,1432
1434,1464
1408,1487
1439,1492
1492,1513
1492,1536
1511,1574
1578,1594
1538,1661
1629,1656
1668,1662
1704,1678
1684,1699
1704,1740
1744,1744
1768,1774
1758,1797
1814,1807
1791,1822
1843,1805
1833,1847
1845,1783
1849,1824
1823,1800
1815,1767
1778,1780
1815,1731
1744,1736
1756,1708
1720,1725
1708,1658
1692,1636
1670,1595
1649,1561
1597,1575
1561,1535
1536,1520
1476,1516
1504,1484
1482,1478
1458,1418
1425,1422
1421,1391
1421,1405
1401,1415
1359,1384
1358,1389
1353,1394
1367,1412
1363,1435
1383,1446
1413,1430
1397,1453
1399,1477
1466,1494
1472,1543
1496,1579
1518,1570
1548,1623
1537,1611
1601,1655
1626,1637
1655,1691
1721,1682
1729,1752
1735,1740
1771,1755
1802,1791
1734,1821
1799,1808
1803,1761
1845,1772
1805,1824
1800,1801
1820,1786
1784,1778
1818,1775
1815,1726
1828,1700
1751,1691
1753,1693
1699,1685
1678,1608
1693,1625
1639,1595
1614,1591
1582,1532
1515,1532
1514,1505
1526,1450
1491,1444
1446,1441
1443,1401
1432,1422
1399,1422
1404,1379
1383,1406
1373,1405
1397,1386
1364,1390
1370,1425
1396,1478
1384,1456
1421,1462
1429,1497
1456,1487
1493,1509
1499,1575
1550,1610
1587,1601
1572,1618
1633,1672
1662,1638
1643,1709
1718,1720
1707,1744
1689,1763
1710,1776
1783,1801
1773,1781
1767,1813
1825,1787
1853,1791
1833,1820
1860,1815
1814,1772
1815,1788
1811,1757
1790,1730
1771,1723
1765,1713
1746,1662
1712,1654
1693,1653
1626,1630
1618,1588
1592,1570
1623,1541
1553,1482
1520,1457
1495,1469
1491,1471
1458,1446
1427,1415
1400,1446
1362,1437
1426,1406
1402,1409
1394,1374
1349,1395
1377,1416
1373,1402
1393,1409
1402,1398
1419,1491
1391,1498
1460,1504
1448,1533
1506,1550
1518,1567
1576,1593
1587,1626
1618,1673
1644,1686
1640,1694
1685,1698
1739,1737
1764,1769
1758,1771
1780,1729
1797,1795
1808,1782
1823,1779
1825,1827
1838,1802
1813,1787
1822,1801
1822,1746
1792,1725
1777,1735
1775,1733
1744,1710
1746,1691
1691,1668
1649,1623
1647,1601
1601,1566
1593,1559
1564,1528
1481,1509
1531,1488
1507,1483
1483,1476
1448,1408
1404,1432
1435,1402
1375,1410
1357,1366
1397,1411
1375,1407
1355,1390
1392,1398
1404,1416
1408,1436
1402,1436
1450,1482
1467,1480
1472,1505
1499,1536
1514,1557
1532,1544
1562,1624
1573,1647
1610,1655
1627,1653
1677,1701
1680,1712
1704,1794
1802,1746
1784,1781
1764,1764
1788,1790
1790,1796
1807,1810
1812,1796
1850,1820
1810,1777
1766,1783
1821,1724
1784,1750
1774,1745
1770,1735
1734,1719
1708,1671
1727,1639
1685,1658
1649,1612
1642,1584
1631,1552
1583,1540
1503,1515
1521,1494
1517,1467
1462,1456
1434,1431
1434,1434
1387,1414
1441,1427
1411,1373
1391,1391
1381,1409
1365,1381
1356,1406
1389,1429
1398,1451
1413,1459
1407,1480
1440,1493
1459,1531
1467,1526
1478,1543
1529,1561
1575,1575
1577,1615
1640,1638
1629,1663
1680,1689
1690,1712
1699,1742
1767,1792
1741,1759
1788,1749
1791,1811
1807,1826
1805,1784
1835,1798
1837,1780
1802,1811
1782,1757
1819,1787
1763,1726
1768,1769
1744,1718
1767,1707
1731,1682
1736,1638
1664,1656
1670,1615
1619,1555
1607,1554
1598,1548
1546,1537
1544,1512
1480,1495
1472,1473
1467,1430
1439,1431
1394,1445
1416,1422
1413,1413
1398,1412
1384,1395
1333,1414
1393,1399
1355,1424
1366,1421
1446,1454
1429,1439
1433,1473
1450,1499
1501,1531
1550,1535
1543,1553
1579,1598
1592,1616
1602,1619
1646,1682
1663,1677
1691,1697
1726,1696
1705,1767
1765,1763
1759,1785
1792,1791
1821,1761
1794,1766
1831,1774
1834,1795
1782,1759
1802,1777
1805,1792
1819,1743
1777,1741
1793,1734
1744,1705
1714,1672
1678,1625
1713,1633
1656,1600
1642,1602
1598,1575
1566,1545
1558,1537
1536,1483
1508,1485
1500,1494
1448,1421
1450,1393
1450,1424
1410,1423
1382,1420
1387,1386
1399,1400
1387,1419
1382,1425
1400,1413
1407,1431
1393,1436
1400,1440
1460,1481
1434,1497
1468,1523
1493,1555
1528,1557
1529,1593
1574,1615
1598,1636
1617,1683
1681,1702
1658,1707
1684,1720
1708,1745
1739,1774
1764,1761
1786,1780
1773,1789
1801,1810
1782,1804
1800,1800
1822,1806
1828,1790
1808,1773
1764,1763
1781,1716
1771,1709
1762,1711
1686,1679
1702,1676
1688,1637
1629,1622
1589,1587
1601,1565
1559,1550
1558,1535
1517,1512
1486,1469
1447,1456
1483,1466
1471,1461
1434,1430
1437,1402
1426,1413
1397,1422
1387,1395
1393,1397
1401,1443
1363,1426
1421,1440
1401,1477
1417,1486
1430,1490
1464,1518
1487,1507
1502,1575
1543,1549
1568,1589
1591,1610
1629,1595
1600,1644
1622,1652
1694,1701
1691,1703
1688,1691
1739,1758
1744,1738
1776,1778
1823,1794
1792,1778
1809,1800
1822,1817
1824,1780
1833,1803
1785,1778
1778,1790
1767,1759
1769,1729
1760,1696
1747,1682
1683,1704
1690,1671
1675,1627
1667,1572
1645,1564
1569,1548
1572,1543
1550,1537
1541,1477
1481,1481
1499,1440
1451,1447
1452,1435
1415,1453
1393,1441
1405,1436
1388,1401
1397,1404
1410,1403
1370,1436
1402,1425
1429,1464
1415,1474
1424,1488
1454,1487
1491,1517
1489,1547
1522,1552
1576,1557
1589,1595
1608,1607
1630,1636
1642,1654
1675,1715
1682,1694
1710,1727
1730,1713
1784,1757
1790,1759
1740,1777
1786,1741
1798,1770
1798,1791
1798,1752
1797,1776
1807,1769
1779,1766
1797,1720
1793,1745
1775,1708
1756,1688
1739,1690
1673,1664
1676,1614
1660,1622
1636,1621
1580,1562
1569,1554
1541,1530
1530,1483
1492,1490
1477,1461
1500,1450
1455,1476
1417,1422
1412,1396
1445,1408
1383,1428
1415,1428
1389,1425
1407,1441
1430,1435
1407,1419
1444,1451
1409,1486
1467,1488
1444,1500
1478,1518
1500,1527
1567,1584
1558,1601
1565,1608
1585,1661
1612,1655
1637,1675
1706,1706
1680,1701
1707,1755
1711,1752
1762,1755
1798,1748
1800,1775
1781,1789
1774,1770
1803,1785
1832,1776
1799,1764
1795,1782
1757,1806
1754,1715
1729,1722
1765,1751
1741,1670
1725,1685
1694,1671
1664,1630
1682,1600
1617,1581
1621,1538
1563,1550
1547,1551
1481,1501
1529,1501
1501,1471
1464,1472
1430,1434
1454,1432
1423,1424
1430,1457
1382,1428
1408,1394
1396,1432
1435,1417
1440,1420
1406,1445
1466,1455
1455,1468
1449,1488
1470,1496
1481,1522
1517,1552
1526,1562
1544,1601
1572,1614
1616,1630
1642,1647
1654,1643
1694,1714
1692,1685
1728,1750
1724,1725
1741,1757
1784,1759
1779,1804
1804,1774
1783,1747
1799,1762
1783,1777
1787,1769
1817,1740
1750,1723
1760,1746
1746,1699
1707,1689
1717,1678
1733,1677
1694,1636
1655,1610
1614,1593
1618,1585
1611,1553
1556,1552
1575,1512
1537,1506
1491,1517
1477,1483
1447,1469
1438,1453
1453,1428
1463,1460
1390,1434
1405,1425
1386,1414
1385,1439
1418,1435
1406,1443
1445,1413
1453,1488
1457,1477
1435,1469
1497,1516
1509,1546
1537,1546
1512,1598
1578,1612
1587,1610
1598,1651
1643,1662
1647,1670
1667,1714
1679,1734
1677,1745
1725,1734
1736,1753
1738,1775
1786,1729
1766,1767
1801,1764
1823,1785
1806,1749
1785,1788
1761,1749
1759,1730
1727,1724
1788,1723
1746,1696
1694,1691
1683,1653
1641,1657
1651,1634
1619,1577
1630,1569
1571,1550
1595,1546
1533,1500
1534,1497
1498,1501
1463,1448
1459,1459
1412,1450
1422,1445
1403,1440
1478,1439
1389,1421
1416,1415
1440,1430
1396,1458
1404,1430
1393,1448
1436,1439
1451,1494
1457,1484
1521,1485
1485,1534
1517,1570
1562,1570
1589,1603
1591,1625
1605,1631
1659,1634
1639,1685
1655,1681
1717,1715
1705,1726
1761,1741
1710,1730
1787,1784
1758,1743
1789,1766
1796,1751
1796,1790
1801,1756
1793,1784
1786,1770
1721,1743
1781,1749
1770,1720
1735,1679
1703,1668
1688,1600
1707,1633
1642,1589
1680,1602
1598,1580
1598,1568
1584,1519
1581,1512
1515,1523
1520,1456
1499,1480
1477,1470
1430,1433
1434,1423
1440,1465
1427,1428
1401,1406
1457,1435
1413,1425
1391,1447
1437,1446
1466,1459
1467,1459
1447,1476
1464,1503
1493,1539
1478,1533
1539,1554
1512,1590
1563,1618
1566,1593
1583,1637
1642,1653
1681,1708
1714,1683
1681,1712
1703,1699
1712,1714
1743,1732
1706,1776
1764,1796
1809,1782
1811,1746
1768,1789
1798,1764
1798,1731
1774,1747
1764,1747
1747,1735
1706,1729
1742,1705
1737,1661
1734,1633
1710,1636
1674,1634
1639,1630
1609,1591
1621,1547
1590,1551
1526,1535
1508,1476
1475,1496
1499,1464
1474,1444
1449,1441
1445,1435
1462,1429
1443,1458
1378,1459
1444,1445
1423,1394
1412,1422
1386,1482
1453,1474
1431,1436
1455,1504
1444,1534
1491,1490
1455,1540
1519,1541
1508,1575
1514,1629
1593,1603
1576,1611
1604,1625
1641,1668
1679,1699
1697,1688
1714,1725
1717,1735
1714,1750
1800,1730
1787,1769
1742,1746
1755,1735
1805,1762
1767,1754
1768,1738
1775,1780
1779,1733
1790,1741
1769,1725
1735,1701
1738,1659
1730,1638
1691,1665
1656,1629
1672,1596
1635,1623
1593,1552
1561,1523
1542,1534
1537,1509
1521,1528
1508,1486
1486,1456
1469,1462
1466,1460
1468,1454
1446,1432
1411,1433
1418,1398
1392,1422
1450,1433
1429,1438
1413,1435
1436,1455
1445,1468
1443,1477
1468,1510
1476,1506
1510,1515
1526,1546
1536,1591
1556,1629
1628,1597
1616,1657
1639,1662
1645,1693
1644,1658
1698,1710
1683,1741
1703,1713
1761,1770
1791,1721
1771,1759
1786,1771
1786,1789
1792,1776
1765,1775
1778,1772
1784,1741
1779,1728
1752,1744
1752,1729
1722,1688
1737,1698
1706,1648
1652,1619
1674,1611
1635,1608
1587,1594
1597,1589
1537,1542
1558,1521
1529,1546
1530,1497
1473,1486
1478,1461
1459,1438
1418,1440
1422,1425
1432,1396
1397,1393
1412,1415
1414,1427
1350,1465
1398,1454
1419,1491
1435,1458
1438,1484
1445,1497
1454,1499
1497,1523
1516,1569
1536,1576
1507,1542
1569,1603
1597,1622
1619,1661
1635,1642
1648,1682
1673,1712
1684,1703
1699,1742
1729,1739
1723,1735
1762,1747
1788,1750
1790,1759
1787,1772
1778,1762
1796,1747
1767,1734
1777,1743
1800,1744
1744,1739
1778,1707
1683,1686
1710,1685
1682,1643
1688,1623
1676,1604
1629,1616
1632,1596
1559,1548
1589,1525
1553,1540
1550,1508
1498,1496
1522,1490
1471,1474
1478,1460
1418,1445
1438,1431
1364,1451
1450,1436
1413,1427
1398,1436
1412,1476
1426,1478
1409,1462
1397,1479
1449,1522
1458,1505
1499,1521
1514,1520
1500,1546
1546,1568
1582,1590
1523,1593
1579,1638
1612,1599
1623,1706
1638,1695
1702,1721
1697,1708
1724,1708
1729,1747
1757,1737
1769,1721
1777,1775
1750,1783
1792,1744
1818,1781
1790,1749
1807,1762
1756,1742
1763,1743
1771,1734
1767,1689
1711,1717
1715,1643
1686,1658
1677,1646
1651,1640
1642,1583
1608,1574
1585,1574
1559,1580
1546,1544
1532,1499
1528,1488
1504,1511
1454,1489
1437,1441
1446,1435
1403,1428
1394,1458
1393,1451
1389,1426
1412,1439
1449,1455
1424,1439
1423,1438
1437,1450
1442,1460
1431,1530
1496,1508
1476,1560
1505,1565
1529,1568
1532,1568
1565,1600
1594,1645
1636,1629
1580,1663
1654,1663
1700,1667
1690,1760
1697,1713
1711,1711
1730,1744
1758,1774
1733,1736
1766,1772
1790,1784
1789,1771
1781,1764
1785,1750
1739,1746
1777,1724
1778,1743
1737,1704
1720,1688
1732,1702
1728,1688
1703,1654
1640,1657
1648,1633
1602,1602
1571,1583
1575,1550
1543,1499
1518,1519
1501,1472
1453,1524
1453,1448
1473,1479
1428,1432
1452,1434
1412,1420
1444,1431
1404,1443
1376,1469
1435,1437
1415,1497
1426,1436
1414,1502
1437,1469
1480,1545
1489,1531
1489,1525
1515,1551
1549,1570
1538,1558
1549,1623
1558,1615
1623,1650
1608,1649
1627,1667
1675,1676
1660,1707
1723,1705
1739,1728
1725,1759
1717,1757
1773,1753
1806,1793
1779,1776
1721,1766
1786,1747
1778,1773
1781,1733
1752,1755
1733,1734
1745,1723
1757,1704
1719,1673
1736,1681
1684,1628
1616,1624
1662,1610
1620,1602
1620,1593
1602,1531
1573,1523
1537,1546
1532,1501
1514,1531
1481,1495
1493,1451
1438,1425
1430,1419
1455,1463
1447,1425
1395,1445
1387,1437
1403,1465
1399,1415
1401,1445
1409,1439
1445,1490
1460,1458
1469,1513
1474,1511
1494,1535
1531,1540
1538,1587
1553,1609
1556,1618
1568,1642
1619,1621
1646,1707
1667,1684
1716,1700
1721,1701
1695,1722
1728,1742
1758,1729
1770,1738
1724,1764
1786,1775
1761,1756
1761,1804
1766,1797
1785,1738
1747,1765
1769,1721
1754,1675
1732,1691
1754,1704
1724,1680
1669,1679
1686,1636
1626,1660
1631,1602
1612,1600
1573,1579
1563,1570
1524,1521
1507,1522
1511,1499
1521,1478
1456,1458
1498,1470
1457,1450
1424,1443
1428,1445
1415,1446
1392,1443
1388,1440
1381,1429
1404,1448
1442,1488
1400,1427
1470,1466
1418,1486
1451,1523
1497,1523
1520,1517
1519,1546
1535,1577
1530,1565
1596,1624
1615,1627
1632,1662
1653,1704
1653,1701
1679,1704
1696,1706
1716,1731
1747,1741
1752,1756
1805,1779
1737,1729
1779,1763
1759,1752
1781,1793
1791,1739
1773,1754
1778,1754
1762,1728
1755,1713
1720,1700
1733,1700
1741,1677
1693,1634
1651,1617
1674,1610
1660,1600
1614,1597
1611,1594
1618,1555
1533,1508
1548,1508
1536,1458
1505,1493
1487,1476
1459,1493
1405,1431
1431,1465
1435,1440
1426,1449
1418,1429
1411,1454
1407,1422
1446,1463
1430,1436
1440,1442
1431,1493
1459,1480
1433,1492
1501,1527
1519,1519
1530,1552
1532,1599
1564,1617
1597,1610
1584,1609
1603,1679
1666,1683
1672,1700
1630,1694
1686,1724
1720,1736
1735,1735
1750,1771
1761,1743
1773,1745
1777,1741
1774,1791
1779,1781
1767,1720
1804,1774
1760,1761
1756,1759
1737,1720
1735,1716
1713,1706
1725,1672
1706,1669
1712,1665
1622,1611
1642,1602
1640,1592
1592,1571
1581,1520
1570,1560
1522,1501
1538,1522
1477,1483
1499,1463
1449,1495
1438,1454
1462,1407
1423,1422
1421,1424
1384,1433
1423,1429
1438,1473
1435,1445
1403,1429
1449,1490
1417,1493
1455,1507
1475,1500
1456,1544
1496,1541
1499,1560
1516,1571
1555,1574
1584,1567
1612,1609
1581,1621
1661,1650
1611,1690
1655,1719
1647,1678
1708,1728
1733,1736
1728,1744
1755,1757
1745,1758
1733,1791
1762,1776
1808,1776
1790,1775
1787,1764
1773,1748
1774,1763
1769,1719
1721,1700
1741,1685
1704,1698
1689,1684
1722,1646
1635,1625
1683,1609
1641,1627
1583,1579
1602,1563
1558,1557
1505,1537
1524,1521
1523,1472
1503,1474
1486,1449
1463,1475
1421,1449
1470,1425
1451,1463
1411,1435
1406,1435
1422,1439
1425,1412
1449,1464
1426,1443
1446,1507
1424,1461
1434,1493
1466,1492
1481,1547
1520,1530
1548,1562
1521,1559
1587,1586
1582,1595
1590,1658
1655,1638
1640,1661
1662,1679
1706,1698
1691,1724
1714,1718
1709,1753
1771,1740
1780,1770
1820,1764
1783,1739
1767,1759
1786,1771
1770,1758
1792,1724
1757,1758
1792,1747
1750,1708
1744,1705
1733,1719
1713,1689
1682,1666
1711,1666
1664,1621
1680,1606
1671,1591
1645,1570
1588,1528
1538,1512
1544,1539
1528,1481
1500,1481
1474,1453
1466,1461
1475,1454
1461,1438
1445,1442
1463,1422
1416,1432
1425,1450
1443,1441
1452,1433
1437,1474
1476,1457
1414,1466
1472,1482
1434,1533
1455,1521
1511,1497
1508,1561
1506,1522
1557,1611
1573,1572
1581,1622
1620,1628
1606,1671
1636,1653
1689,1688
1677,1694
1694,1740
1757,1744
1717,1713
1732,1744
1764,1772
1756,1762
1780,1757
1787,1743
1775,1758
1822,1770
1740,1771
1739,1726
1785,1741
1756,1693
1755,1706
1733,1716
1715,1648
1689,1649
1686,1635
1668,1620
1624,1621
1631,1601
1596,1582
1554,1540
1562,1533
1528,1506
1488,1509
1502,1462
1452,1484
1463,1455
1451,1470
1429,1440
1444,1450
1425,1447
1386,1431
1416,1403
1417,1438
1394,1423
1421,1452
1425,1414
1415,1484
1448,1529
1490,1507
1488,1520
1506,1535
1538,1523
1542,1555
1566,1559
1578,1604
1576,1629
1594,1665
1603,1659
1648,1662
1683,1701
1723,1679
1713,1716
1729,1737
1737,1741
1760,1745
1748,1732
1803,1758
1780,1796
1806,1732
1742,1764
1801,1751
1796,1737
1781,1739
1791,1752
1760,1702
1805,1703
1735,1668
1717,1672
1701,1678
1664,1672
1701,1626
1678,1585
1610,1595
1617,1570
1591,1528
1596,1537
1544,1486
1488,1515
1538,1511
1468,1487
1487,1461
1440,1442
1383,1449
1441,1440
1409,1430
1405,1456
1450,1424
1439,1450
1428,1402
1446,1438
1424,1442
1376,1479
1441,1522
1450,1488
1496,1501
1507,1529
1495,1562
1517,1551
1552,1593
1561,1594
1583,1611
1568,1638
1648,1644
1640,1652
1662,1683
1675,1695
1720,1726
1727,1734
1689,1733
1742,1728
1780,1763
1787,1785
1765,1766
1783,1748
1784,1765
1784,1728
1770,1761
1777,1774
1771,1752
1750,1716
1739,1693
1735,1701
1765,1682
1680,1659
1732,1680
1641,1627
1667,1613
1650,1581
1585,1598
1574,1558
1595,1573
1574,1522
1532,1519
1506,1460
1500,1472
1490,1462
1467,1464
1446,1448
1431,1439
1430,1419
1463,1451
1426,1435
1407,1425
1432,1439
1405,1458
1447,1438
1438,1433
1435,1473
1477,1488
1447,1471
1456,1515
1494,1519
1523,1547
1553,1556
1545,1594
1556,1624
1581,1609
1628,1674
1634,1671
1619,1663
1659,1710
1720,1730
1721,1741
1714,1722
1721,1735
1777,1780
1770,1752
1769,1767
1821,1763
1764,1747
1796,1758
1776,1754
1786,1758
1795,1752
1795,1706
1782,1720
1807,1720
1737,1675
1733,1673
1708,1653
1685,1650
1656,1602
1643,1633
1636,1587
1593,1578
1593,1577
1555,1547
1565,1517
1501,1493
1488,1473
1462,1454
1495,1469
1474,1459
1429,1438
1436,1414
1418,1415
1433,1468
1400,1448
1398,1427
1457,1426
1436,1428
1387,1488
1405,1449
1467,1449
1427,1500
1451,1495
1480,1487
1501,1547
1561,1573
1511,1570
1568,1578
1572,1593
1591,1602
1624,1638
1606,1652
1683,1690
1698,1716
1697,1723
1703,1745
1743,1750
1751,1759
1780,1761
1804,1756
1775,1788
1794,1793
1756,1806
1779,1757
1781,1747
1814,1759
1780,1745
1768,1744
1788,1718
1731,1684
1712,1694
1713,1673
1680,1627
1682,1695
1658,1641
1620,1594
1642,1617
1590,1556
1566,1588
1549,1528
1522,1506
1560,1511
1488,1482
1504,1472
1444,1479
1474,1459
1448,1450
1436,1440
1416,1421
1420,1420
1407,1434
1425,1420
1405,1443
1425,1438
1411,1427
1445,1471
1470,1467
1454,1495
1473,1485
1473,1502
1503,1537
1482,1512
1540,1565
1557,1573
1585,1591
1582,1608
1605,1653
1625,1689
1655,1681
1672,1697
1687,1716
1746,1727
1718,1728
1759,1761
1758,1744
1767,1772
1784,1791
1786,1764
1745,1762
1764,1790
1818,1812
1779,1780
1797,1768
1775,1738
1741,1729
1742,1729
1745,1711
1719,1691
1715,1706
1678,1653
1679,1629
1644,1615
1631,1610
1606,1554
1612,1532
1568,1572
1552,1544
1516,1498
1487,1471
1510,1466
1495,1425
1474,1465
1444,1431
1452,1451
1419,1445
1431,1413
1402,1406
1425,1416
1368,1403
1408,1423
1438,1440
1426,1438
1427,1456
1418,1457
1486,1499
1470,1484
1465,1523
1514,1532
1517,1578
1531,1553
1566,1622
1604,1620
1630,1628
1597,1632
1602,1677
1658,1675
1661,1686
1706,1735
1710,1741
1729,1750
1764,1775
1755,1744
1779,1758
1793,1805
1797,1775
1791,1806
1827,1762
1783,1791
1821,1766
1782,1738
1782,1742
1823,1712
1750,1700
1792,1716
1708,1683
1713,1647
1674,1623
1655,1595
1678,1597
1617,1593
1620,1561
1567,1531
1569,1488
1511,1506
1503,1479
1497,1468
1470,1500
1452,1452
1436,1446
1445,1417
1417,1405
1382,1447
1391,1423
1406,1446
1405,1435
1386,1449
1414,1433
1405,1450
1432,1458
1450,1454
1447,1483
1448,1495
1501,1525
1501,1535
1542,1565
1531,1552
1606,1585
1582,1615
1572,1694
1612,1649
1658,1674
1714,1693
1688,1688
1712,1726
1750,1739
1747,1775
1749,1731
1744,1763
1773,1768
1809,1803
1760,1788
1836,1768
1795,1762
1803,1770
1847,1757
1762,1782
1825,1743
1747,1745
1753,1696
1761,1687
1699,1688
1740,1687
1715,1667
1656,1641
1647,1607
1635,1600
1597,1604
1608,1548
1556,1538
1545,1539
1523,1495
1489,1464
1476,1482
1475,1462
1493,1443
1449,1433
1445,1422
1439,1416
1410,1440
1435,1448
1411,1422
1443,1435
1420,1444
1415,1440
1404,1461
1411,1436
1445,1475
1409,1491
1449,1499
1483,1484
1493,1535
1507,1571
1554,1585
1569,1600
1569,1614
1596,1632
1628,1650
1676,1667
1655,1718
1680,1719
1704,1702
1697,1727
1737,1755
1737,1751
1781,1789
1749,1756
1797,1806
1784,1799
1815,1797
1797,1778
1829,1749
1795,1774
1813,1741
1762,1708
1775,1742
1772,1733
1722,1658
1717,1698
1717,1659
1656,1671
1670,1637
1603,1612
1627,1597
1606,1550
1583,1518
1522,1511
1577,1493
1499,1512
1480,1483
1493,1446
1461,1439
1464,1423
1457,1412
1436,1386
1389,1406
1370,1418
1394,1435
1408,1427
1377,1416
1426,1457
1414,1414
1396,1461
1397,1449
1425,1454
1452,1466
1449,1506
1495,1517
1461,1513
1477,1568
1533,1565
1524,1604
1570,1597
1621,1640
1622,1674
1632,1709
1672,1683
1699,1703
1736,1731
1723,1750
1748,1713
1763,1761
1768,1743
1776,1781
1782,1764
1766,1801
1792,1793
1789,1796
1796,1785
1807,1771
1783,1781
1803,1763
1835,1716
1780,1721
1745,1685
1740,1706
1759,1683
1698,1634
1672,1648
1675,1627
1662,1595
1563,1567
1579,1542
1592,1545
1544,1525
1526,1488
1500,1480
1418,1421
1455,1421
1465,1459
1416,1442
1412,1428
1393,1400
1402,1418
1389,1406
1404,1405
1379,1413
1379,1402
1403,1457
1416,1435
1425,1448
1406,1490
1472,1477
1447,1517
1519,1530
1498,1555
1539,1562
1534,1597
1568,1605
1556,1598
1589,1654
1576,1668
1626,1691
1661,1699
1685,1683
1746,1716
1700,1746
1725,1771
1746,1760
1757,1765
1800,1803
1800,1790
1805,1790
1795,1803
1768,1783
1813,1804
1783,1754
1812,1779
1779,1745
1804,1756
1760,1757
1761,1737
1753,1704
1690,1659
1705,1676
1671,1648
1654,1626
1653,1595
1597,1581
1596,1566
1544,1520
1542,1538
1534,1493
1508,1491
1479,1500
1497,1452
1487,1438
1427,1449
1399,1427
1448,1403
1408,1432
1390,1414
1412,1421
1411,1435
1391,1435
1379,1410
1412,1413
1411,1441
1448,1459
1419,1471
1452,1486
1426,1515
1461,1537
1519,1562
1531,1543
1521,1560
1574,1609
1600,1603
1637,1644
1637,1714
1686,1681
1675,1706
1736,1726
1671,1742
1771,1762
1781,1798
1784,1798
1800,1776
1783,1787
1802,1780
1782,1801
1835,1762
1808,1772
1810,1777
1791,1773
1800,1756
1792,1720
1758,1756
1766,1746
1793,1694
1726,1686
1705,1661
1699,1681
1688,1636
1633,1630
1638,1582
1610,1579
1600,1530
1576,1524
1541,1517
1502,1493
1491,1470
1428,1481
1505,1458
1504,1451
1399,1491
1415,1427
1370,1412
1390,1420
1384,1397
1378,1421
1394,1406
1397,1430
1368,1412
1383,1442
1382,1441
1433,1486
1433,1448
1426,1482
1455,1519
1487,1499
1510,1576
1552,1558
1540,1606
1596,1605
1609,1653
1584,1631
1642,1667
1682,1706
1709,1691
1695,1746
1687,1719
1745,1784
1792,1744
1798,1795
1764,1800
1796,1780
1787,1784
1800,1791
1824,1769
1830,1759
1801,1757
1800,1783
1823,1760
1782,1769
1807,1746
1753,1724
1737,1710
1740,1695
1720,1621
1686,1651
1658,1626
1620,1611
1653,1576
1605,1537
1548,1509
1584,1501
1542,1509
1539,1462
1455,1457
1444,1449
1470,1433
1447,1402
1396,1407
1406,1405
1410,1422
1389,1397
1377,1416
1387,1383
1379,1422
1382,1419
1415,1398
1405,1424
1437,1464
1434,1450
1449,1464
1450,1506
1478,1516
1475,1538
1507,1575
1536,1560
1585,1593
1585,1619
1636,1643
1607,1662
1641,1672
1660,1662
1699,1714
1726,1716
1734,1742
1753,1765
1768,1750
1796,1784
1791,1777
1822,1819
1797,1821
1797,1821
1829,1789
1804,1788
1833,1783
1789,1803
1813,1779
1822,1762
1748,1697
1775,1740
1761,1692
1771,1710
1701,1661
1687,1657
1682,1611
1641,1614
1631,1579
1628,1557
1572,1526
1532,1538
1509,1496
1473,1502
1474,1464
1488,1453
1449,1450
1406,1416
1415,1428
1431,1408
1430,1408
1358,1378
1339,1411
1365,1402
1350,1393
1395,1424
1404,1397
1448,1424
1413,1425
1399,1466
1439,1472
1464,1506
1503,1498
1457,1545
1529,1559
1544,1572
1533,1611
1606,1622
1592,1642
1655,1675
1607,1664
1676,1687
1693,1698
1699,1770
1733,1738
1720,1752
1783,1758
1765,1818
1792,1770
1841,1778
1833,1774
1838,1832
1821,1811
1829,1823
1797,1774
1840,1774
1809,1747
1784,1742
1777,1767
1738,1747
1768,1740
1689,1682
1723,1662
1693,1645
1645,1609
1646,1611
1633,1584
1594,1563
1556,1499
1570,1516
1541,1487
1464,1482
1475,1423
1469,1420
1429,1464
1410,1425
1417,1386
1392,1407
1389,1415
1374,1392
1392,1404
1352,1404
1350,1404
1386,1405
1371,1406
1418,1433
1373,1480
1392,1461
1445,1456
1470,1519
1459,1479
1501,1565
1540,1534
1508,1539
1511,1612
1577,1628
1626,1650
1624,1635
1677,1680
1664,1703
1674,1730
1714,1731
1744,1782
1762,1778
1790,1775
1788,1786
1787,1805
1835,1842
1836,1805
1838,1813
1815,1805
1852,1770
1800,1813
1808,1764
1798,1794
1792,1766
1779,1731
1809,1714
1739,1710
1755,1697
1735,1655
1705,1627
1687,1622
1641,1630
1629,1582
1617,1564
1580,1527
1535,1514
1480,1472
1509,1478
1499,1455
1509,1433
1471,1438
1461,1408
1381,1411
1365,1402
1385,1401
1391,1400
1363,1377
1351,1390
1335,1375
1377,1414
1384,1413
1385,1429
1392,1455
1423,1454
1433,1479
1438,1499
1463,1512
1462,1545
1515,1578
1518,1566
1582,1587
1590,1646
1590,1681
1626,1688
1675,1672
1685,1708
1712,1695
1685,1742
1740,1770
1734,1782
1795,1777
1803,1806
1807,1792
1794,1804
1823,1819
1804,1797
1846,1798
1813,1806
1800,1795
1833,1788
1861,1776
1782,1786
1789,1751
1797,1737
1774,1719
1709,1674
1731,1663
1651,1656
1656,1626
1658,1594
1636,1588
1589,1556
1549,1537
1542,1530
1527,1503
1513,1464
1477,1460
1485,1439
1420,1423
1426,1453
1406,1392
1387,1403
1403,1406
1398,1366
1411,1371
1391,1392
1363,1427
1373,1402
1390,1379
1409,1423
1413,1412
1428,1458
1409,1449
1428,1491
1473,1502
1483,1559
1519,1521
1538,1561
1564,1591
1604,1611
1586,1661
1616,1653
1621,1698
1673,1718
1692,1732
1703,1737
1722,1754
1762,1763
1766,1780
1785,1761
1821,1794
1796,1801
1824,1787
1862,1811
1847,1805
1825,1789
1835,1802
1844,1801
1807,1810
1821,1806
1780,1754
1767,1752
1760,1698
1747,1724
1703,1673
1679,1664
1677,1607
1635,1598
1626,1593
1607,1531
1613,1544
1555,1543
1542,1515
1530,1468
1449,1464
1490,1452
1448,1416
1437,1424
1426,1415
1425,1402
1431,1396
1379,1370
1369,1400
1383,1386
1350,1427
1374,1444
1385,1408
1371,1417
1387,1430
1396,1447
1412,1445
1382,1490
1441,1460
1486,1513
1460,1525
1527,1542
1551,1573
1551,1592
1586,1629
1602,1639
1659,1679
1676,1729
1648,1738
1719,1770
1736,1726
1736,1747
1778,1759
1762,1783
1818,1791
1804,1810
1868,1844
1833,1805
1820,1794
1840,1773
1841,1792
1848,1799
1836,1765
1819,1767
1799,1745
1780,1757
1779,1716
1766,1706
1719,1700
1706,1670
1674,1606
1674,1590
1637,1568
1621,1582
1622,1545
1589,1504
1549,1485
1512,1495
1450,1466
1504,1471
1385,1427
1431,1437
1433,1399
1398,1397
1408,1391
1357,1405
1368,1380
1356,1400
1352,1392
1358,1416
1353,1390
1331,1409
1400,1448
1386,1409
1397,1445
1400,1477
1402,1495
1446,1516
1501,1528
1521,1557
1554,1555
1563,1622
1592,1630
1610,1650
1594,1675
1654,1703
1661,1709
1674,1736
1677,1734
1751,1767
1781,1755
1801,1766
1782,1810
1809,1808
1851,1820
1803,1808
1821,1789
1868,1799
1842,1758
1836,1759
1832,1808
1822,1754
1780,1751
1798,1765
1793,1743
1766,1706
1736,1717
1745,1678
1721,1643
1640,1621
1652,1591
1602,1621
1597,1539
1585,1521
1542,1530
1550,1476
1495,1511
1516,1443
1424,1454
1482,1479
1441,1406
1376,1426
1398,1411
1374,1408
1364,1387
1401,1393
1378,1394
1365,1396
1370,1385
1401,1396
1393,1433
1417,1406
1400,1459
1426,1462
1440,1479
1443,1502
1448,1538
1498,1568
1523,1558
1535,1575
1536,1633
1600,1650
1643,1664
1625,1670
1638,1725
1701,1750
1736,1756
1691,1763
1720,1741
1786,1791
1799,1830
1801,1816
1826,1836
1765,1777
1853,1797
1817,1828
1846,1811
1859,1821
1815,1784
1814,1800
1807,1741
1815,1775
1796,1724
1795,1746
1747,1711
1718,1689
1703,1653
1652,1637
1635,1623
1654,1609
1615,1542
1553,1555
1564,1515
1553,1494
1562,1471
1491,1438
1436,1462
1424,1458
1407,1406
1438,1415
1424,1371
1374,1381
1382,1367
1365,1367
1348,1377
1341,1400
1339,1387
1345,1393
1398,1403
1417,1441
1372,1446
1378,1479
1451,1486
1446,1500
1471,1530
1482,1525
1524,1552
1532,1552
1565,1617
1593,1632
1598,1652
1602,1644
1662,1705
1648,1744
1690,1726
1744,1719
1779,1760
1779,1769
1787,1792
1742,1793
1804,1808
1825,1822
1851,1798
1841,1818
1865,1823
1842,1816
1830,1768
1823,1818
1849,1772
1815,1770
1814,1742
1796,1721
1778,1705
1750,1692
1705,1654
1684,1642
1648,1610
1628,1588
1624,1585
1578,1563
1565,1509
1513,1514
1506,1509
1483,1468
1438,1451
1446,1444
1416,1418
1403,1428
1398,1408
1383,1389
1337,1420
1353,1412
1397,1362
1378,1406
1340,1378
1394,1435
1372,1400
1348,1412
1429,1424
1419,1462
1412,1486
1420,1479
1471,1537
1514,1566
1506,1595
1540,1578
1547,1571
1576,1633
1618,1650
1633,1703
1673,1725
1668,1711
1706,1751
1725,1774
1752,1774
1766,1758
1801,1786
1763,1800
1847,1820
1833,1814
1850,1818
1851,1821
1848,1815
1826,1822
1828,1797
1822,1803
1825,1781
1826,1755
1791,1763
1762,1731
1729,1699
1726,1646
1724,1679
1706,1636
1666,1619
1671,1599
1596,1549
1610,1567
1568,1518
1548,1518
1508,1486
1486,1470
1461,1476
1469,1409
1442,1453
1413,1397
1423,1363
1404,1409
1366,1385
1352,1389
1374,1354
1338,1396
1364,1373
1336,1391
1394,1377
1395,1425
1350,1443
1395,1446
1384,1460
1403,1523
1465,1516
1461,1503
1503,1566
1521,1585
1540,1592
1567,1668
1622,1670
1634,1664
1679,1697
1677,1665
1729,1737
1702,1745
1740,1753
1793,1778
1770,1823
1796,1792
1803,1813
1802,1818
1840,1823
1811,1810
1819,1791
1798,1825
1800,1807
1792,1841
1790,1785
1819,1777
1761,1746
1801,1753
1799,1695
1740,1709
1711,1669
1691,1652
1676,1636
1660,1611
1625,1555
1604,1534
1553,1521
1581,1525
1578,1499
1471,1477
1518,1432
1459,1421
1397,1417
1412,1412
1380,1428
1371,1413
1397,1388
1353,1377
1365,1406
1359,1372
1348,1386
1358,1410
1367,1398
1387,1399
1366,1440
1419,1470
1461,1454
1450,1518
1438,1515
1456,1507
1487,1555
1517,1577
1533,1597
1556,1628
1588,1627
1633,1664
1655,1698
1682,1703
1706,1723
1721,1780
1697,1758
1747,1784
1812,1790
1770,1765
1823,1792
1846,1775
1822,1811
1832,1845
1860,1810
1832,1779
1851,1792
1843,1802
1828,1771
1811,1746
1842,1763
1759,1728
1772,1704
1785,1678
1739,1645
1663,1654
1669,1627
1657,1615
1651,1574
1576,1548
1608,1537
1553,1543
1534,1491
1513,1452
1517,1486
1477,1463
1385,1426
1432,1446
1383,1374
1347,1396
1383,1400
1385,1374
1356,1389
1352,1370
1351,1383
1348,1393
1374,1414
1381,1377
1408,1431
1428,1449
1372,1465
1443,1495
1480,1491
1467,1545
1489,1573
1508,1578
1607,1591
1566,1612
1587,1672
1647,1691
1655,1696
1705,1730
1693,1715
1746,1720
1736,1778
1725,1775
1792,1789
1811,1823
1829,1796
1847,1811
1831,1825
1839,1798
1848,1812
1839,1796
1813,1774
1866,1816
1829,1738
1801,1770
1803,1761
1780,1719
1748,1719
1755,1690
1675,1679
1663,1668
1686,1649
1687,1597
1614,1569
1628,1531
1563,1492
1562,1489
1536,1473
1499,1495
1504,1445
1470,1443
1394,1423
1418,1392
1391,1383
1379,1393
1366,1383
1343,1367
1341,1362
1374,1426
1411,1365
1366,1425
1413,1412
1392,1425
1351,1458
1404,1473
1424,1459
1443,1509
1458,1527
1509,1523
1481,1547
1552,1558
1607,1607
1600,1611
1602,1649
1639,1649
1659,1667
1652,1722
1715,1736
1737,1751
1786,1759
1737,1775
1781,1770
1813,1791
1812,1809
1839,1794
1870,1808
1833,1786
1878,1802
1828,1806
1777,1809
1829,1825
1812,1777
1818,1765
1772,1759
1768,1732
1734,1701
1736,1714
1707,1667
1693,1613
1678,1618
1665,1576
1620,1596
1598,1563
1565,1538
1555,1497
1526,1496
1471,1452
1479,1428
1482,1418
1467,1393
1470,1427
1425,1413
1398,1395
1388,1421
1349,1357
1403,1359
1316,1391
1351,1349
1391,1430
1398,1437
1388,1426
1392,1481
1408,1427
1407,1509
1470,1498
1469,1496
1498,1545
1501,1549
1553,1599
1608,1574
1594,1612
1621,1674
1651,1661
1646,1711
1707,1708
1703,1758
1743,1769
1729,1758
1788,1769
1779,1784
1794,1816
1791,1836
1856,1806
1859,1794
1831,1823
1844,1851
1824,1791
1854,1810
1849,1806
1827,1789
1800,1759
1747,1743
1736,1731
1708,1668
1710,1659
1738,1655
1689,1604
1626,1639
1629,1590
1596,1542
1543,1545
1562,1557
1528,1483
1490,1489
1503,1456
1412,1436
1449,1427
1427,1419
1424,1416
1359,1393
1374,1376
1403,1373
1374,1396
1336,1371
1382,1382
1362,1397
1411,1407
1379,1430
1400,1430
1428,1468
1410,1453
1447,1500
1458,1530
1469,1521
1513,1535
1537,1605
1558,1590
1567,1652
1622,1693
1620,1644
1669,1687
1682,1720
1700,1766
1708,1760
1729,1762
1766,1750
1781,1799
1799,1817
1824,1798
1849,1867
1838,1816
1839,1825
1810,1840
1838,1802
1834,1803
1763,1799
1812,1740
1819,1751
1788,1774
1774,1695
1751,1708
1744,1640
1707,1665
1664,1632
1634,1627
1636,1593
1591,1551
1564,1499
1539,1518
1562,1490
1524,1490
1495,1423
1481,1451
1461,1441
1446,1399
1401,1412
1383,1404
1382,1361
1365,1375
1363,1412
1361,1405
1354,1383
1395,1414
1360,1417
1379,1416
1395,1450
1419,1429
1403,1414
1420,1486
1483,1514
1497,1533
1510,1558
1525,1597
1536,1601
1590,1659
1587,1668
1589,1678
1627,1710
1730,1735
1736,1743
1756,1742
1697,1756
1736,1765
1791,1768
1782,1816
1821,1813
1810,1818
1854,1844
1818,1820
1832,1780
1897,1778
1812,1791
1831,1781
1815,1772
1823,1772
1788,1761
1749,1741
1772,1684
1770,1698
1707,1671
1717,1635
1666,1639
1629,1595
1603,1567
1608,1548
1562,1517
1543,1513
1498,1509
1497,1469
1433,1440
1437,1405
1408,1428
1409,1433
1368,1399
1402,1420
1380,1403
1358,1407
1370,1416
1350,1382
1365,1381
1385,1402
1367,1442
1419,1416
1414,1440
1433,1478
1428,1494
1473,1501
1452,1528
1506,1537
1557,1611
1544,1622
1574,1638
1626,1675
1645,1643
1658,1681
1690,1730
1728,1691
1719,1752
1713,1767
1775,1779
1806,1784
1812,1791
1762,1813
1861,1805
1842,1784
1777,1841
1820,1810
1815,1788
1831,1806
1800,1754
1820,1777
1808,1806
1830,1724
1792,1725
1732,1724
1737,1702
1701,1618
1643,1640
1633,1608
1613,1606
1603,1544
1565,1539
1514,1527
1537,1488
1487,1474
1484,1464
1469,1462
1432,1428
1435,1450
1408,1391
1392,1418
1390,1413
1395,1389
1389,1371
1373,1405
1351,1391
1362,1374
1381,1439
1396,1421
1381,1420
1442,1447
1407,1439
1428,1483
1472,1521
1487,1529
1528,1560
1559,1567
1546,1602
1566,1670
1596,1648
1631,1668
1710,1698
1671,1709
1699,1737
1743,1748
1783,1789
1790,1815
1817,1773
1837,1784
1806,1819
1835,1789
1852,1752
1810,1817
1825,1763
1831,1822
1803,1807
1822,1784
1793,1756
1788,1785
1773,1722
1755,1744
1735,1687
1728,1676
1684,1649
1649,1599
1648,1625
1598,1567
1601,1579
1582,1532
1536,1529
1509,1514
1506,1481
1481,1436
1464,1449
1450,1394
1422,1416
1408,1414
1417,1412
1404,1380
1392,1393
1367,1374
1399,1391
1400,1405
1382,1414
1414,1449
1391,1425
1413,1455
1408,1439
1429,1493
1468,1522
1506,1541
1512,1544
1531,1592
1570,1575
1599,1588
1597,1668
1618,1699
1614,1655
1678,1708
1711,1712
1715,1736
1728,1765
1734,1768
1765,1739
1800,1790
1803,1786
1820,1806
1809,1819
1823,1843
1797,1812
1779,1788
1790,1818
1793,1779
1789,1745
1751,1723
1816,1741
1724,1715
1730,1679
1730,1665
1688,1644
1688,1610
1652,1594
1630,1599
1586,1588
1564,1532
1530,1541
1560,1479
1490,1472
1456,1470
1487,1455
1421,1431
1501,1393
1425,1406
1405,1397
1400,1383
1377,1380
1357,1380
1349,1396
1371,1416
1381,1384
1386,1405
1371,1442
1399,1445
1397,1443
1433,1507
1464,1483
1451,1538
1495,1566
1546,1590
1566,1593
1582,1611
1572,1637
1608,1642
1633,1690
1661,1705
1716,1713
1757,1725
1737,1767
1779,1786
1780,1740
1765,1763
1828,1793
1776,1826
1801,1782
1813,1807
1814,1786
1841,1801
1790,1782
1798,1774
1786,1759
1768,1766
1777,1732
1747,1703
1735,1692
1718,1673
1696,1632
1673,1626
1648,1613
1625,1593
1594,1592
1570,1547
1523,1523
1533,1486
1464,1458
1504,1458
1444,1439
1462,1433
1460,1398
1434,1423
1422,1397
1376,1413
1405,1396
1368,1392
1405,1419
1365,1404
1382,1417
1404,1434
1402,1444
1424,1479
1417,1495
1462,1487
1447,1547
1486,1541
1556,1552
1522,1590
1558,1602
1598,1608
1620,1640
1681,1687
1644,1679
1655,1678
1667,1744
1730,1730
1773,1766
1756,1792
1755,1760
1794,1793
1798,1752
1806,1819
1809,1785
1816,1851
1821,1757
1830,1822
1791,1734
1791,1780
1788,1758
1760,1714
1749,1752
1748,1666
1719,1717
1698,1643
1686,1647
1662,1597
1664,1583
1606,1574
1568,1554
1566,1535
1553,1492
1498,1479
1483,1450
1462,1422
1442,1447
1451,1425
1444,1413
1426,1415
1363,1386
1341,1405
1369,1375
1374,1400
1346,1405
1384,1423
1410,1435
1392,1455
1417,1459
1420,1473
1460,1480
1496,1529
1498,1504
1513,1582
1525,1571
1544,1558
1573,1601
1621,1629
1608,1665
1663,1692
1704,1736
1695,1723
1737,1705
1718,1757
1777,1759
1771,1773
1813,1784
1805,1773
1799,1819
1793,1809
1821,1803
1798,1781
1829,1749
1818,1772
1769,1793
1828,1765
1825,1712
1784,1700
1722,1737
1725,1697
1700,1681
1724,1662
1626,1619
1629,1577
1640,1571
1558,1561
1559,1532
1520,1468
1519,1480
1484,1495
1473,1449
1460,1427
1439,1404
1441,1437
1412,1427
1410,1418
1373,1405
1387,1422
1347,1385
1391,1417
1381,1439
1350,1412
1396,1424
1433,1475
1413,1500
1473,1498
1402,1514
1474,1531
1493,1536
1543,1554
1565,1600
1567,1642
1576,1645
1588,1642
1642,1671
1689,1672
1720,1679
1731,1742
1746,1744
1748,1784
1781,1766
1755,1781
1766,1805
1827,1810
1791,1806
1843,1795
1815,1786
1787,1813
1812,1756
1807,1785
1802,1751
1817,1748
1788,1684
1734,1694
1724,1669
1705,1654
1733,1630
1650,1646
1638,1558
1587,1560
1599,1559
1572,1499
1562,1553
1522,1501
1515,1462
1505,1453
1501,1431
1436,1432
1451,1403
1398,1413
1398,1427
1431,1398
1372,1408
1391,1375
1390,1405
1374,1419
1400,1400
1401,1435
1407,1453
1440,1458
1450,1490
1461,1514
1478,1549
1479,1519
1503,1564
1526,1589
1571,1649
1594,1621
1609,1658
1616,1688
1704,1696
1690,1715
1730,1742
1746,1777
1737,1792
1770,1743
1818,1775
1806,1770
1825,1799
1780,1830
1842,1799
1833,1825
1807,1814
1821,1776
1791,1710
1792,1740
1811,1721
1759,1700
1755,1707
1705,1679
1690,1676
1671,1623
1633,1578
1626,1575
1604,1516
1557,1500
1562,1550
1557,1518
1515,1486
1483,1461
1436,1462
1434,1419
1428,1452
1436,1404
1406,1411
1383,1430
1384,1425
1390,1410
1366,1454
1428,1431
1381,1439
1366,1463
1460,1455
1407,1465
1437,1505
1482,1513
1490,1508
1479,1548
1511,1563
1576,1576
1550,1619
1615,1642
1607,1672
1638,1695
1666,1687
1674,1693
1708,1737
1730,1738
1749,1753
1783,1755
1760,1781
1776,1776
1829,1785
1825,1779
1785,1796
1809,1784
1829,1776
1838,1788
1803,1708
1803,1746
1756,1736
1780,1733
1743,1693
1741,1668
1674,1644
1666,1630
1670,1612
1671,1582
1608,1575
1553,1574
1522,1546
1521,1506
1492,1471
1456,1512
1493,1428
1468,1431
1427,1438
1419,1417
1394,1408
1409,1427
1366,1420
1392,1383
1421,1431
1428,1432
1371,1411
1413,1431
1413,1470
1420,1464
1441,1484
1448,1510
1469,1547
1505,1542
1502,1576
1545,1560
1575,1583
1573,1647
1608,1664
1640,1692
1649,1686
1702,1714
1705,1729
1718,1743
1756,1739
1765,1803
1763,1792
1806,1812
1814,1747
1819,1822
1777,1790
1824,1765
1798,1736
1822,1759
1802,1776
1772,1760
1804,1749
1766,1691
1733,1688
1708,1716
1681,1672
1688,1637
1614,1619
1622,1581
1612,1542
1570,1537
1569,1513
1549,1503
1500,1475
1463,1466
1445,1445
1455,1444
1427,1433
1423,1432
1446,1401
1419,1429
1409,1432
1412,1426
1415,1443
1399,1399
1392,1421
1435,1472
1426,1509
1431,1474
1463,1494
1490,1544
1458,1514
1524,1550
1567,1567
1558,1587
1599,1618
1609,1641
1643,1692
1656,1711
1700,1705
1667,1696
1722,1752
1742,1732
1726,1741
1723,1785
1792,1749
1764,1770
1798,1770
1822,1804
1820,1779
1783,1763
1826,1742
1784,1774
1789,1712
1786,1758
1726,1727
1773,1694
1714,1645
1707,1671
1703,1633
1618,1605
1660,1572
1602,1585
1593,1567
1570,1547
1526,1517
1507,1506
1503,1487
1476,1451
1474,1442
1430,1437
1424,1421
1448,1406
1409,1431
1329,1419
1420,1423
1418,1405
1371,1447
1400,1449
1424,1449
1453,1454
1435,1449
1439,1473
1461,1518
1497,1553
1503,1557
1522,1543
1571,1618
1591,1647
1576,1658
1617,1676
1682,1683
1672,1708
1661,1754
1752,1724
1716,1752
1759,1741
1768,1762
1808,1803
1795,1800
1807,1754
1786,1767
1799,1785
1789,1772
1778,1768
1795,1742
1774,1734
1773,1734
1740,1704
1753,1692
1740,1663
1697,1643
1685,1643
1628,1609
1642,1582
1615,1577
1580,1533
1578,1551
1545,1507
1535,1475
1479,1499
1447,1475
1450,1473
1431,1439
1415,1442
1386,1448
1383,1416
1363,1425
1430,1467
1419,1426
1432,1456
1405,1432
1431,1439
1429,1461
1452,1485
1459,1513
1430,1522
1487,1569
1515,1554
1553,1576
1551,1598
1582,1643
1600,1655
1675,1688
1634,1696
1661,1719
1700,1759
1694,1715
1737,1752
1734,1756
1751,1743
1767,1750
1773,1772
1805,1795
1745,1775
1811,1780
1773,1742
1801,1761
1760,1759
1771,1745
1779,1724
1731,1714
1737,1680
1687,1660
1689,1663
1664,1621
1664,1622
1598,1573
1577,1565
1536,1533
1586,1540
1532,1490
1533,1492
1514,1475
1478,1483
1483,1446
1410,1415
1391,1404
1443,1435
1407,1413
1404,1431
1418,1438
1374,1438
1406,1475
1401,1457
1446,1451
1447,1470
1438,1508
1503,1506
1471,1524
1523,1592
1542,1571
1548,1587
1564,1605
1601,1641
1647,1651
1653,1647
1641,1676
1682,1709
1741,1741
1728,1756
1783,1774
1785,1756
1779,1792
1795,1771
1790,1793
1798,1772
1780,1746
1763,1779
1768,1733
1764,1730
1762,1755
1778,1671
1746,1727
1703,1686
1682,1707
1714,1682
1712,1645
1631,1617
1629,1587
1631,1587
1583,1543
1531,1572
1536,1514
1491,1489
1527,1499
1464,1452
1469,1457
1458,1426
1430,1427
1437,1439
1397,1419
1400,1432
1459,1457
1447,1426
1414,1461
1422,1449
1391,1447
1469,1489
1470,1520
1460,1522
1510,1529
1497,1561
1518,1605
1570,1576
1558,1639
1588,1656
1573,1627
1612,1677
1665,1694
1705,1737
1697,1744
1756,1770
1738,1769
1777,1795
1793,1750
1778,1764
1791,1775
1818,1795
1823,1746
1788,1788
1755,1720
1767,1725
1756,1742
1783,1695
1750,1724
1718,1684
1746,1669
1677,1634
1662,1670
1640,1631
1603,1619
1593,1558
1570,1544
1519,1535
1549,1506
1490,1470
1501,1474
1417,1463
1461,1435
1480,1475
1442,1429
1390,1432
1410,1397
1430,1449
1390,1435
1448,1442
1384,1434
1453,1458
1456,1463
1442,1517
1430,1485
1451,1543
1523,1542
1488,1560
1512,1591
1562,1627
1569,1592
1617,1622
1632,1624
1647,1685
1682,1708
1669,1689
1702,1721
1710,1743
1746,1731
1759,1789
1781,1756
1758,1795
1791,1772
1741,1765
1783,1747
1773,1734
1742,1749
1765,1714
1747,1724
1758,1684
1741,1669
1684,1655
1713,1661
1658,1645
1658,1630
1651,1596
1621,1590
1597,1576
1541,1541
1529,1526
1538,1487
1490,1479
1477,1465
1477,1450
1491,1442
1395,1436
1408,1420
1403,1443
1411,1444
1403,1423
1421,1434
1369,1460
1439,1485
1412,1433
1448,1498
1484,1482
1470,1508
1491,1547
1511,1522
1479,1589
1580,1592
1564,1642
1591,1636
1610,1650
1616,1674
1654,1695
1677,1693
1733,1749
1728,1733
1765,1759
1730,1736
1762,1736
1749,1763
1775,1763
1737,1762
1781,1776
1779,1759
1792,1723
1787,1781
1732,1723
1738,1711
1739,1701
1713,1744
1690,1641
1684,1652
1675,1628
1601,1597
1640,1540
1564,1545
1565,1553
1522,1531
1521,1484
1518,1479
1502,1481
1433,1483
1488,1463
1442,1435
1444,1459
1398,1447
1403,1410
1434,1446
1422,1419
1403,1438
1406,1450
1411,1455
1470,1469
1424,1492
1457,1517
1469,1569
1500,1545
1549,1592
1559,1596
1608,1617
1626,1626
1617,1645
1665,1627
1650,1702
1695,1720
1721,1734
1724,1752
1715,1749
1757,1773
1752,1749
1783,1770
1781,1770
1775,1742
1784,1758
1801,1739
1797,1719
1734,1735
1721,1698
1759,1694
1711,1672
1708,1676
1691,1646
1661,1654
1659,1622
1621,1581
1599,1596
1574,1572
1587,1534
1533,1515
1529,1506
1482,1471
1485,1445
1448,1468
1475,1442
1469,1432
1462,1435
1442,1441
1410,1415
1398,1396
1449,1413
1383,1454
1462,1449
1428,1449
1434,1476
1490,1488
1501,1505
1508,1527
1508,1530
1534,1589
1559,1602
1554,1627
1615,1622
1648,1677
1629,1670
1680,1682
1705,1706
1719,1737
1710,1700
1750,1725
1777,1744
1784,1772
1753,1764
1789,1781
1743,1743
1798,1745
1792,1747
1801,1738
1763,1712
1718,1734
1737,1720
1704,1668
1697,1683
1694,1626
1678,1600
1627,1610
1636,1561
1611,1553
1548,1554
1544,1515
1518,1517
1480,1501
1460,1475
1477,1472
1421,1466
1431,1455
1434,1445
1394,1425
1403,1407
1455,1447
1418,1426
1423,1456
1406,1466
1431,1473
1440,1499
1470,1497
1505,1502
1463,1541
1510,1522
1546,1561
1553,1585
1595,1620
1609,1664
1626,1655
1675,1668
1676,1685
1709,1705
1738,1743
1716,1742
1748,1752
1718,1758
1762,1766
1811,1771
1796,1735
1799,1751
1793,1750
1789,1760
1760,1747
1773,1722
1784,1686
1718,1688
1750,1687
1740,1687
1670,1642
1625,1652
1641,1588
1659,1587
1600,1554
1561,1510
1525,1524
1500,1513
1503,1487
1489,1464
1456,1504
1436,1453
1443,1448
1449,1461
1406,1420
1437,1418
1391,1442
1428,1454
1438,1438
1418,1447
1458,1448
1442,1500
1444,1507
1514,1490
1511,1521
1510,1540
1550,1615
1584,1584
1555,1622
1588,1645
1655,1668
1654,1663
1718,1669
1711,1701
1687,1700
1713,1759
1740,1758
1817,1778
1745,1749
1780,1768
1761,1762
1779,1764
1767,1755
1811,1749
1794,1742
1749,1753
1776,1702
1731,1696
1733,1684
1691,1683
1692,1661
1675,1616
1655,1615
1625,1580
1598,1557
1547,1526
1541,1519
1503,1490
1498,1481
1499,1468
1465,1494
1467,1485
1420,1456
1423,1446
1448,1408
1447,1442
1441,1437
1388,1426
1479,1440
1423,1471
1447,1489
1450,1472
1453,1529
1474,1522
1488,1536
1510,1571
1555,1574
1577,1575
1597,1651
1624,1626
1651,1652
1689,1691
1697,1698
1696,1726
1711,1700
1766,1749
1798,1753
1768,1726
1788,1742
1752,1756
1729,1766
1738,1791
1771,1734
1782,1746
1777,1746
1740,1738
1725,1710
1728,1669
1736,1691
1648,1645
1662,1625
1636,1605
1663,1577
1577,1571
1583,1537
1566,1530
1531,1523
1500,1499
1475,1468
1441,1446
1469,1453
1441,1461
1430,1432
1427,1439
1415,1439
1424,1426
1430,1431
1421,1443
1392,1476
1430,1474
1432,1494
1467,1472
1468,1486
1509,1536
1533,1563
1515,1608
1592,1605
1584,1618
1596,1661
1628,1679
1648,1655
1660,1704
1690,1710
1724,1713
1706,1730
1736,1770
1787,1781
1801,1744
1774,1742
1771,1768
1785,1746
1795,1713
1759,1719
1745,1727
1731,1735
1770,1676
1740,1655
1748,1689
1681,1657
1630,1630
1634,1616
1628,1591
1609,1560
1588,1535
1566,1528
1535,1506
1534,1487
1497,1487
1488,1468
1437,1432
1477,1467
1430,1447
1442,1436
1429,1425
1424,1435
1430,1444
1442,1446
1416,1462
1468,1458
1443,1516
1464,1518
1482,1514
1521,1498
1543,1559
1562,1574
1548,1631
1554,1590
1637,1645
1629,1688
1663,1691
1676,1736
1683,1724
1704,1758
1706,1762
1721,1719
1747,1754
1785,1760
1785,1775
1758,1769
1761,1744
1745,1748
1765,1727
1768,1693
1731,1700
1739,1688
1736,1696
1731,1633
1697,1634
1665,1612
1624,1618
1642,1575
1580,1556
1566,1563
1556,1509
1528,1521
1470,1480
1502,1480
1463,1462
1450,1465
1452,1436
1423,1472
1432,1430
1421,1440
1404,1465
1405,1410
1460,1468
1431,1448
1464,1453
1485,1479
1459,1542
1495,1550
1488,1550
1528,1592
1581,1586
1561,1616
1612,1662
1634,1680
1650,1682
1649,1669
1655,1715
1684,1723
1730,1702
1706,1749
1726,1747
1740,1764
1803,1769
1760,1764
1804,1763
1820,1750
1795,1754
1769,1765
1772,1730
1727,1707
1761,1667
1703,1635
1705,1681
1662,1639
1641,1615
1638,1615
1612,1545
1581,1556
1525,1521
1539,1507
1496,1492
1482,1488
1489,1489
1493,1447
1422,1460
1431,1432
1413,1425
1439,1428
1424,1437
1417,1413
1382,1440
1410,1449
1478,1482
1440,1501
1477,1522
1483,1555
1512,1549
1492,1524
1543,1574
1557,1611
1577,1608
1618,1662
1603,1649
1666,1696
1687,1693
1695,1717
1709,1731
1711,1729
1748,1769
1741,1767
1771,1744
1755,1778
1815,1751
1774,1766
1797,1740
1766,1756
1726,1733
1722,1709
1756,1691
1686,1671
1688,1635
1697,1655
1653,1593
1652,1621
1593,1563
1577,1541
1576,1523
1512,1487
1501,1497
1481,1482
1507,1442
1465,1454
1376,1418
1444,1469
1410,1463
1428,1422
1392,1436
1422,1446
1425,1458
1448,1428
1440,1489
1431,1517
1483,1504
1495,1470
1526,1535
1536,1575
1557,1603
1550,1608
1623,1621
1628,1669
1650,1678
1625,1669
1650,1725
1717,1731
1731,1727
1752,1763
1749,1778
1750,1774
1798,1757
1769,1747
1787,1769
1809,1757
1762,1741
1799,1742
1770,1739
1769,1711
1721,1726
1743,1689
1662,1632
1655,1678
1629,1620
1608,1574
1595,1588
1569,1545
1545,1510
1542,1517
1495,1485
1499,1454
1519,1493
1442,1427
1440,1423
1421,1420
1413,1433
1460,1438
1404,1430
1436,1466
1416,1444
1446,1517
1430,1470
1460,1498
1505,1495
1488,1523
1524,1543
1546,1562
1533,1616
1566,1623
1624,1629
1615,1638
1662,1684
1664,1703
1677,1714
1738,1713
1763,1737
1745,1769
1735,1755
1777,1763
1776,1760
1797,1744
1780,1741
1785,1749
1782,1730
1755,1728
1732,1700
1721,1697
1704,1675
1730,1685
1693,1654
1664,1635
1653,1599
1634,1578
1585,1565
1544,1552
1552,1545
1528,1515
1524,1483
1492,1471
1473,1415
1444,1460
1423,1451
1404,1426
1419,1466
1425,1419
1398,1431
1430,1444
1426,1473
1398,1461
1441,1490
1497,1476
1511,1566
1511,1528
1529,1548
1562,1576
1572,1599
1592,1577
1599,1645
1648,1649
1633,1717
1676,1717
1705,1716
1733,1726
1737,1774
1770,1709
1740,1741
1786,1751
1793,1788
1786,1766
1799,1766
1789,1749
1766,1723
1745,1712
1751,1687
1714,1680
1700,1649
1667,1645
1651,1636
1645,1618
1641,1599
1590,1564
1561,1576
1537,1506
1558,1511
1487,1500
1492,1456
1468,1474
1445,1451
1455,1452
1421,1448
1407,1397
1387,1435
1408,1441
1419,1431
1418,1463
1450,1482
1444,1475
1474,1483
1465,1505
1529,1531
1483,1552
1513,1614
1557,1573
1589,1619
1607,1644
1623,1680
1676,1719
1631,1667
1692,1703
1739,1762
1740,1732
1736,1771
1767,1757
1792,1775
1806,1776
1800,1745
1758,1774
1756,1767
1788,1737
1774,1730
1768,1734
1764,1677
1741,1672
1692,1654
1671,1629
1607,1645
1630,1617
1619,1562
1565,1553
1579,1527
1518,1538
1531,1479
1509,1490
1425,1439
1483,1463
1407,1446
1391,1453
1402,1437
1396,1440
1449,1434
1439,1472
1404,1473
1436,1436
1483,1492
1468,1488
1484,1504
1510,1510
1479,1568
1536,1598
1573,1585
1580,1643
1626,1666
1655,1643
1678,1684
1681,1730
1715,1699
1703,1754
1749,1728
1741,1716
1779,1773
1823,1763
1782,1771
1778,1767
1756,1769
1774,1734
1738,1743
1747,1730
1738,1703
1730,1693
1719,1649
1680,1690
1654,1633
1633,1633
1632,1592
1572,1575
1556,1551
1559,1522
1548,1501
1474,1474
1476,1470
1423,1469
1416,1453
1433,1444
1434,1406
1425,1467
1411,1429
1415,1439
1449,1424
1423,1452
1390,1458
1434,1462
1469,1483
1453,1511
1504,1579
1539,1575
1521,1599
1563,1591
1608,1624
1644,1644
1637,1660
1685,1688
1698,1690
1717,1714
1724,1783
1758,1750
1759,1768
1769,1807
1764,1781
1755,1765
1787,1770
1767,1757
1809,1740
1752,1751
1748,1725
1743,1716
1726,1700
1726,1684
1671,1655
1655,1630
1627,1577
1620,1576
1579,1583
1536,1526
1533,1552
1524,1473
1487,1446
1453,1446
1453,1426
1445,1428
1392,1402
1393,1432
1411,1456
1411,1410
1409,1435
1398,1433
1399,1456
1418,1468
1426,1485
1453,1529
1478,1533
1503,1571
1540,1528
1540,1599
1588,1581
1598,1616
1627,1653
1670,1680
1663,1683
1679,1714
1775,1773
1751,1755
1789,1734
1781,1744
1776,1755
1778,1767
1802,1763
1781,1748
1756,1725
1734,1734
1745,1744
1711,1715
1743,1701
1724,1680
1698,1647
1703,1663
1651,1607
1635,1593
1579,1576
1599,1534
1571,1529
1497,1519
1488,1495
1476,1460
1413,1459
1455,1462
1425,1450
1441,1419
1424,1441
1423,1458
1400,1451
1448,1468
1429,1457
1431,1465
1447,1501
1445,1507
1497,1525
1502,1530
1575,1537
1527,1585
1525,1631
1580,1646
1595,1664
1640,1672
1642,1716
1708,1736
1707,1725
1694,1728
1769,1752
1743,1791
1758,1773
1785,1763
1757,1779
1764,1769
1770,1793
1761,1759
1766,1765
1766,1707
1774,1690
1745,1692
1727,1664
1646,1667
1660,1577
1631,1581
1587,1574
1565,1546
1585,1513
1552,1499
1521,1483
1482,1480
1468,1453
1427,1438
1453,1438
1380,1421
1404,1413
1419,1413
1399,1436
1432,1451
1407,1433
1449,1456
1452,1485
1450,1498
1501,1517
1503,1551
1550,1582
1562,1558
1559,1613
1578,1632
1631,1630
1626,1685
