ch1,ch2
1613,1611
1610,1635
1657,1668
1652,1690
1655,1722
1716,1693
1735,1741
1728,1747
1758,1748
1766,1740
1766,1787
1790,1804
1802,1784
1815,1802
1771,1801
1810,1783
1839,1782
1814,1786
1786,1776
1806,1722
1779,1723
1775,1746
1745,1735
1717,1724
1733,1680
1740,1713
1683,1631
1685,1643
1665,1641
1609,1585
1594,1576
1616,1558
1574,1560
1521,1502
1552,1485
1500,1475
1496,1479
1456,1475
1435,1427
1410,1399
1420,1397
1413,1451
1338,1389
1424,1430
1361,1423
1380,1364
1372,1422
1350,1400
1408,1425
1434,1421
1401,1480
1404,1454
1406,1486
1408,1519
1444,1540
1481,1521
1513,1562
1473,1538
1550,1596
1556,1558
1574,1598
1620,1673
1616,1649
1653,1671
1617,1655
1658,1743
1691,1748
1709,1747
1725,1790
1801,1738
1739,1766
1757,1810
1771,1776
1834,1809
1810,1829
1802,1769
1821,1816
1814,1757
1808,1805
1792,1761
1821,1764
1792,1737
1816,1725
1763,1690
1745,1663
1736,1691
1700,1655
1716,1633
1648,1628
1670,1593
1634,1591
1578,1557
1610,1568
1556,1530
1539,1520
1496,1468
1493,1491
1478,1427
1501,1488
1455,1437
1425,1434
1461,1433
1400,1401
1453,1435
1407,1421
1367,1398
1383,1415
1406,1406
1369,1413
1390,1430
1385,1449
1439,1433
1404,1455
1411,1470
1429,1477
1446,1475
1458,1542
1475,1534
1526,1537
1545,1589
1499,1596
1615,1604
1572,1643
1665,1641
1617,1659
1665,1676
1706,1674
1698,1749
1717,1746
1753,1781
1763,1770
1751,1808
1804,1756
1823,1778
1827,1819
1804,1792
1806,1759
1786,1756
1854,1798
1797,1773
1785,1781
1829,1792
1799,1723
1776,1739
1726,1682
1737,1709
1744,1677
1738,1643
1673,1647
1694,1596
1679,1623
1610,1563
1627,1580
1596,1529
1543,1529
1549,1540
1503,1461
1546,1458
1463,1474
1431,1438
1407,1432
1407,1422
1443,1422
1440,1403
1365,1400
1342,1398
1382,1421
1420,1386
1425,1417
1402,1392
1365,1452
1408,1445
1446,1463
1403,1444
1440,1489
1434,1514
1468,1504
1495,1507
1479,1532
1507,1573
1533,1589
1594,1629
1594,1656
1615,1635
1679,1681
1622,1707
1664,1727
1732,1711
1727,1740
1747,1763
1783,1750
1785,1778
1772,1826
1786,1807
1831,1812
1785,1797
1811,1791
1828,1811
1816,1783
1808,1781
1800,1764
1829,1785
1822,1764
1830,1761
1785,1722
1764,1730
1710,1676
1715,1692
1680,1657
1663,1648
1694,1597
1638,1603
1622,1596
1593,1527
1574,1545
1526,1442
1538,1514
1492,1486
1472,1460
1481,1451
1473,1404
1416,1445
1397,1418
1410,1408
1421,1409
1400,1339
1347,1361
1374,1403
1355,1398
1351,1461
1369,1398
1397,1428
1423,1430
1387,1446
1448,1448
1453,1444
1423,1478
1488,1497
1485,1573
1548,1578
1503,1581
1548,1552
1565,1626
1603,1656
1629,1685
1624,1712
1686,1699
1726,1731
1723,1744
1743,1762
1744,1780
1751,1792
1778,1771
1856,1802
1790,1808
1853,1814
1838,1784
1799,1797
1866,1765
1875,1796
1816,1771
1818,1772
1785,1752
1804,1784
1732,1744
1774,1760
1794,1679
1756,1672
1723,1670
1665,1657
1702,1609
1628,1579
1606,1595
1573,1559
1584,1531
1568,1508
1497,1527
1488,1468
1465,1457
1466,1415
1414,1416
1435,1402
1403,1434
1378,1397
1334,1416
1363,1371
1390,1424
1384,1395
1361,1394
1359,1380
1401,1404
1428,1427
1420,1450
1443,1406
1412,1460
1419,1458
1486,1489
1478,1502
1455,1562
1493,1581
1539,1557
1559,1599
1527,1617
1628,1647
1655,1649
1597,1687
1627,1726
1729,1729
1696,1752
1710,1749
1739,1729
1799,1798
1768,1814
1823,1796
1765,1793
1806,1796
1849,1849
1866,1782
1847,1818
1854,1784
1814,1792
1876,1795
1809,1792
1806,1759
1820,1714
1751,1743
1737,1715
1743,1685
1694,1684
1700,1644
1671,1629
1630,1580
1572,1585
1561,1559
1571,1510
1499,1499
1538,1524
1524,1477
1478,1427
1420,1385
1407,1440
1428,1399
1455,1425
1383,1404
1391,1408
1376,1405
1385,1379
1411,1376
1377,1402
1335,1397
1395,1404
1360,1426
1363,1421
1403,1463
1427,1469
1426,1488
1423,1518
1529,1505
1468,1551
1512,1541
1553,1594
1549,1609
1561,1639
1619,1650
1655,1683
1649,1687
1651,1715
1705,1760
1765,1726
1694,1759
1755,1768
1761,1792
1818,1806
1783,1818
1815,1813
1813,1810
1785,1810
1833,1778
1885,1800
1834,1828
1825,1803
1865,1789
1820,1756
1747,1777
1768,1760
1743,1667
1767,1709
1727,1704
1697,1642
1700,1617
1707,1614
1704,1648
1655,1568
1603,1582
1593,1559
1529,1513
1535,1485
1560,1473
1462,1479
1448,1429
1453,1458
1377,1393
1375,1413
1414,1342
1424,1421
1392,1375
1381,1354
1367,1411
1367,1385
1384,1388
1363,1441
1439,1408
1407,1410
1418,1452
1442,1480
1442,1477
1459,1511
1478,1505
1512,1484
1532,1584
1547,1556
1574,1638
1589,1634
1647,1659
1676,1632
1677,1686
1620,1712
1712,1696
1714,1745
1706,1785
1779,1793
1805,1801
1776,1804
1801,1780
1818,1789
1813,1829
1854,1824
1823,1822
1843,1783
1839,1834
1833,1791
1843,1738
1832,1735
1787,1742
1772,1731
1752,1684
1751,1714
1705,1685
1692,1655
1660,1636
1621,1591
1613,1630
1553,1544
1563,1510
1527,1523
1497,1489
1502,1497
1519,1483
1498,1448
1457,1453
1438,1425
1444,1432
1363,1441
1445,1393
1393,1378
1382,1429
1356,1368
1342,1386
1387,1383
1356,1396
1426,1423
1413,1436
1400,1443
1390,1455
1409,1457
1478,1493
1434,1513
1454,1500
1502,1536
1504,1572
1572,1573
1560,1569
1616,1615
1636,1674
1641,1665
1660,1715
1609,1674
1704,1735
1747,1759
1757,1776
1773,1809
1843,1795
1770,1794
1861,1815
1859,1803
1858,1830
1782,1828
1898,1816
1841,1817
1829,1782
1804,1788
1806,1782
1819,1737
1793,1760
1769,1723
1763,1713
1708,1678
1695,1660
1753,1672
1671,1608
1605,1607
1636,1545
1607,1525
1552,1502
1552,1479
1501,1487
1511,1478
1507,1444
1447,1458
1454,1413
1400,1398
1360,1445
1393,1387
1401,1407
1364,1408
1328,1389
1324,1396
1387,1385
1364,1368
1375,1429
1410,1448
1373,1455
1417,1479
1390,1478
1426,1458
1468,1475
1470,1531
1538,1529
1495,1580
1516,1598
1593,1609
1617,1638
1633,1652
1642,1723
1647,1645
1704,1695
1734,1735
1709,1758
1750,1779
1752,1779
1819,1771
1800,1793
1821,1821
1851,1801
1839,1767
1849,1802
1837,1776
1820,1785
1826,1794
1826,1758
1824,1763
1813,1797
1778,1738
1789,1724
1787,1725
1759,1717
1740,1695
1744,1629
1674,1619
1657,1599
1662,1651
1593,1592
1597,1531
1593,1511
1539,1490
1495,1491
1485,1471
1446,1405
1434,1414
1417,1422
1421,1384
1422,1383
1345,1367
1377,1438
1345,1403
1384,1375
1368,1383
1374,1398
1385,1411
1378,1413
1416,1441
1422,1499
1401,1435
1399,1468
1407,1475
1464,1525
1521,1563
1550,1514
1508,1548
1585,1574
1554,1623
1591,1620
1652,1667
1657,1689
1657,1731
1666,1743
1720,1777
1756,1749
1748,1778
1822,1819
1806,1817
1783,1843
1878,1802
1816,1841
1813,1809
1826,1794
1840,1824
1794,1812
1851,1774
1770,1779
1807,1748
1799,1734
1790,1768
1762,1735
1738,1729
1721,1671
1713,1643
1675,1657
1674,1593
1607,1585
1601,1572
1570,1532
1553,1523
1513,1485
1520,1489
1446,1464
1481,1491
1415,1448
1439,1413
1401,1385
1356,1409
1412,1375
1381,1388
1435,1428
1365,1393
1381,1390
1373,1381
1352,1410
1371,1447
1367,1426
1392,1463
1413,1439
1456,1456
1434,1486
1461,1478
1499,1521
1495,1537
1513,1535
1553,1616
1582,1663
1599,1627
1647,1676
1699,1691
1673,1723
1675,1738
1767,1745
1749,1779
1775,1762
1763,1811
1766,1752
1794,1815
1822,1811
1857,1821
1808,1839
1852,1814
1827,1791
1837,1789
1864,1809
1844,1761
1766,1754
1783,1741
1745,1733
1754,1700
1742,1703
1767,1691
1715,1658
1729,1613
1658,1605
1641,1570
1614,1593
1555,1568
1571,1534
1518,1480
1521,1468
1493,1452
1433,1442
1412,1406
1439,1410
1383,1415
1413,1367
1370,1377
1359,1382
1377,1398
1360,1389
1388,1384
1377,1373
1408,1394
1399,1392
1366,1386
1397,1461
1411,1449
1399,1476
1468,1489
1492,1542
1468,1508
1479,1510
1546,1548
1519,1600
1586,1631
1585,1633
1622,1638
1654,1689
1663,1700
1704,1706
1709,1760
1740,1759
1779,1797
1798,1779
1811,1790
1806,1802
1810,1822
1837,1845
1803,1787
1863,1842
1842,1809
1870,1790
1836,1801
1777,1800
1813,1767
1833,1719
1789,1714
1760,1719
1738,1685
1731,1679
1658,1656
1664,1606
1659,1620
1634,1553
1594,1562
1611,1543
1582,1500
1518,1495
1550,1467
1471,1420
1494,1446
1401,1445
1417,1425
1420,1400
1366,1380
1372,1353
1383,1354
1398,1382
1322,1418
1412,1425
1328,1438
1394,1405
1365,1384
1358,1411
1398,1459
1440,1462
1426,1483
1422,1478
1450,1509
1485,1550
1470,1577
1520,1581
1540,1572
1589,1633
1618,1618
1641,1691
1632,1701
1666,1700
1706,1735
1715,1753
1737,1774
1754,1783
1803,1789
1810,1797
1844,1827
1815,1823
1815,1825
1899,1820
1907,1822
1831,1818
1834,1838
1855,1798
1838,1778
1769,1768
1807,1744
1792,1751
1747,1710
1737,1698
1745,1699
1704,1643
1674,1654
1654,1600
1634,1554
1622,1514
1559,1518
1572,1535
1515,1504
1477,1499
1504,1472
1505,1413
1461,1425
1411,1440
1425,1410
1432,1408
1371,1363
1356,1388
1324,1388
1389,1388
1360,1348
1406,1400
1416,1413
1344,1437
1410,1450
1390,1473
1391,1463
1450,1467
1438,1455
1471,1525
1457,1531
1452,1595
1534,1595
1590,1574
1563,1621
1584,1643
1608,1641
1665,1698
1673,1670
1770,1704
1778,1729
1720,1753
1777,1809
1750,1816
1794,1793
1883,1778
1812,1807
1837,1790
1804,1824
1837,1817
1841,1816
1826,1786
1805,1798
1834,1802
1765,1740
1766,1739
1782,1730
1730,1673
1753,1690
1727,1698
1703,1605
1679,1621
1679,1636
1615,1554
1601,1578
1568,1562
1550,1471
1512,1492
1503,1424
1489,1486
1449,1428
1401,1396
1443,1395
1423,1366
1439,1388
1398,1399
1396,1376
1373,1385
1357,1362
1348,1388
1364,1441
1376,1416
1387,1407
1360,1415
1447,1468
1431,1504
1452,1477
1436,1529
1500,1525
1500,1515
1531,1555
1556,1601
1580,1638
1649,1616
1619,1666
1609,1681
1672,1730
1662,1702
1694,1757
1715,1756
1733,1760
1804,1737
1792,1791
1793,1788
1835,1853
1792,1827
1863,1826
1888,1815
1847,1822
1850,1805
1848,1847
1807,1799
1818,1796
1753,1765
1826,1724
1800,1730
1793,1681
1741,1659
1662,1667
1748,1675
1627,1616
1654,1600
1641,1573
1567,1559
1574,1511
1507,1513
1516,1503
1457,1465
1481,1458
1427,1425
1404,1451
1366,1424
1408,1402
1375,1414
1372,1401
1390,1350
1372,1394
1332,1354
1354,1352
1399,1385
1389,1373
1379,1452
1405,1455
1354,1490
1459,1482
1439,1500
1431,1502
1464,1526
1513,1547
1562,1595
1562,1571
1548,1657
1582,1603
1637,1666
1657,1650
1674,1721
1653,1712
1723,1743
1746,1720
1810,1753
1755,1769
1759,1778
1796,1771
1810,1810
1861,1818
1860,1806
1864,1809
1851,1812
1843,1799
1795,1800
1815,1763
1809,1777
1803,1737
1780,1736
1754,1731
1773,1742
1756,1703
1658,1676
1636,1671
1610,1638
1627,1581
1610,1578
1571,1518
1563,1514
1557,1469
1476,1449
1487,1469
1438,1439
1507,1414
1409,1385
1395,1447
1416,1382
1360,1389
1396,1396
1399,1376
1327,1392
1372,1377
1371,1382
1405,1414
1375,1396
1354,1424
1439,1463
1425,1457
1430,1493
1442,1493
1440,1543
1484,1541
1492,1574
1510,1562
1563,1628
1580,1643
1622,1654
1612,1680
1615,1680
1631,1722
1704,1729
1762,1748
1815,1774
1773,1768
1829,1805
1797,1823
1819,1772
1846,1805
1878,1807
1892,1793
1852,1801
1858,1808
1847,1821
1833,1778
1807,1826
1809,1785
1803,1746
1773,1748
1757,1754
1749,1676
1714,1667
1698,1645
1680,1634
1635,1596
1562,1561
1595,1534
1576,1597
1557,1513
1476,1514
1518,1481
1470,1445
1472,1444
1466,1406
1404,1433
1417,1444
1369,1413
1337,1405
1408,1414
1337,1369
1371,1389
1394,1350
1365,1368
1363,1406
1401,1416
1431,1437
1362,1458
1395,1439
1375,1494
1464,1489
1441,1507
1523,1604
1508,1581
1538,1623
1546,1606
1595,1669
1640,1651
1603,1676
1636,1715
1663,1717
1713,1736
1725,1769
1740,1771
1744,1799
1823,1817
1809,1836
1796,1832
1822,1794
1845,1825
1817,1777
1829,1852
1838,1804
1849,1787
1813,1765
1791,1764
1764,1727
1824,1725
1786,1681
1738,1709
1744,1711
1718,1660
1667,1631
1706,1643
1616,1597
1579,1554
1600,1548
1574,1523
1525,1510
1518,1454
1471,1495
1475,1452
1443,1426
1450,1401
1414,1388
1429,1419
1369,1382
1350,1370
1381,1399
1333,1378
1314,1400
1382,1409
1328,1420
1392,1440
1372,1440
1359,1456
1411,1475
1398,1453
1425,1518
1477,1505
1502,1533
1501,1560
1533,1577
1581,1630
1553,1621
1585,1657
1602,1659
1654,1687
1684,1681
1717,1691
1715,1773
1719,1729
1787,1739
1777,1790
1807,1784
1857,1836
1834,1819
1835,1819
1842,1818
1851,1808
1819,1809
1810,1823
1783,1803
1840,1807
1772,1742
1769,1755
1796,1734
1765,1732
1787,1688
1742,1679
1699,1632
1679,1637
1614,1615
1601,1580
1583,1564
1600,1558
1556,1503
1527,1508
1534,1515
1448,1468
1442,1439
1426,1410
1438,1429
1447,1448
1364,1423
1362,1415
1350,1360
1413,1352
1347,1407
1387,1415
1355,1421
1342,1418
1362,1423
1418,1440
1384,1413
1449,1490
1417,1514
1453,1504
1467,1499
1522,1521
1481,1572
1549,1567
1543,1592
1621,1633
1571,1657
1643,1676
1688,1704
1658,1740
1706,1775
1746,1726
1740,1769
1749,1779
1724,1836
1781,1787
1830,1826
1816,1782
1830,1820
1831,1811
1796,1783
1833,1835
1851,1811
1818,1750
1794,1787
1790,1739
1789,1751
1778,1743
1738,1744
1718,1660
1733,1660
1683,1661
1664,1623
1610,1617
1622,1583
1604,1558
1527,1534
1523,1454
1533,1484
1471,1467
1464,1425
1465,1441
1424,1417
1416,1399
1413,1424
1384,1402
1373,1387
1365,1412
1385,1375
1358,1385
1394,1428
1364,1396
1416,1398
1361,1427
1394,1447
1383,1437
1403,1430
1486,1450
1527,1488
1477,1522
1563,1546
1493,1582
1569,1602
1511,1644
1586,1667
1640,1657
1628,1705
1673,1743
1730,1714
1678,1730
1729,1767
1753,1755
1731,1786
1799,1793
1799,1805
1854,1805
1801,1786
1817,1804
1832,1790
1811,1808
1803,1791
1779,1791
1828,1775
1814,1758
1770,1736
1741,1700
1773,1718
1764,1691
1741,1688
1715,1651
1668,1643
1682,1602
1610,1579
1628,1579
1570,1556
1515,1551
1522,1488
1552,1494
1471,1469
1449,1438
1487,1460
1469,1418
1404,1408
1410,1414
1412,1378
1366,1414
1415,1387
1380,1380
1417,1386
1390,1381
1395,1411
1418,1404
1383,1438
1415,1447
1398,1443
1422,1489
1438,1492
1444,1512
1505,1547
1526,1575
1543,1601
1567,1592
1562,1630
1589,1640
1608,1629
1656,1684
1666,1708
1721,1719
1741,1702
1731,1745
1767,1743
1759,1798
1799,1801
1826,1771
1802,1801
1834,1823
1816,1754
1800,1773
1805,1772
1853,1773
1762,1772
1805,1751
1774,1795
1760,1747
1801,1726
1771,1733
1754,1722
1690,1697
1715,1657
1657,1603
1673,1603
1601,1574
1604,1526
1593,1575
1564,1535
1531,1496
1497,1501
1445,1478
1493,1407
1445,1432
1447,1437
1433,1449
1395,1403
1403,1378
1418,1390
1385,1399
1392,1408
1394,1368
1420,1402
1378,1429
1411,1427
1414,1444
1393,1481
1442,1430
1409,1505
1464,1490
1525,1509
1510,1563
1514,1546
1505,1593
1496,1640
1603,1626
1635,1636
1667,1670
1633,1687
1663,1717
1668,1710
1685,1748
1729,1770
1761,1766
1785,1773
1835,1749
1810,1821
1837,1792
1822,1789
1779,1852
1831,1776
1810,1816
1786,1761
1786,1754
1803,1763
1798,1753
1795,1755
1705,1723
1731,1739
1718,1687
1719,1687
1682,1639
1649,1651
1669,1586
1659,1605
1596,1542
1567,1540
1562,1505
1529,1506
1482,1492
1464,1484
1494,1434
1433,1457
1404,1454
1443,1397
1387,1387
1405,1403
1371,1381
1334,1436
1337,1419
1363,1441
1376,1399
1371,1452
1372,1417
1428,1447
1419,1473
1473,1484
1433,1489
1452,1483
1462,1522
1476,1588
1525,1598
1585,1566
1572,1590
1601,1593
1590,1638
1625,1645
1676,1717
1695,1695
1710,1691
1705,1716
1717,1713
1783,1792
1796,1746
1729,1795
1796,1756
1766,1811
1793,1785
1806,1790
1843,1781
1854,1800
1893,1795
1814,1790
1779,1767
1819,1716
1768,1741
1780,1718
1709,1756
1744,1669
1676,1655
1683,1626
1660,1667
1655,1554
1609,1584
1607,1564
1570,1565
1529,1518
1544,1521
1541,1514
1456,1437
1498,1467
1481,1485
1473,1436
1434,1397
1386,1412
1370,1424
1422,1409
1322,1424
1381,1389
1420,1416
1406,1433
1396,1434
1351,1445
1385,1434
1386,1460
1404,1476
1462,1469
1454,1515
1468,1525
1497,1522
1539,1533
1562,1594
1579,1576
1618,1651
1629,1664
1632,1621
1633,1703
1682,1705
1687,1725
1735,1724
1738,1775
1727,1740
1761,1781
1737,1748
1766,1753
1759,1770
1750,1781
1803,1811
1796,1773
1784,1803
1784,1773
1833,1744
1806,1759
1751,1750
1782,1744
1750,1718
1783,1707
1747,1686
1694,1667
1680,1624
1693,1617
1696,1586
1619,1569
1558,1591
1569,1553
1579,1519
1505,1479
1473,1489
1510,1456
1455,1473
1498,1443
1411,1476
1402,1442
1420,1410
1417,1410
1345,1389
1327,1402
1375,1437
1422,1399
1391,1443
1398,1411
1416,1400
1398,1453
1414,1498
1420,1427
1409,1497
1437,1501
1498,1521
1493,1529
1476,1567
1519,1575
1519,1625
1621,1619
1588,1626
1632,1670
1635,1654
1704,1683
1657,1687
1713,1747
1730,1728
1772,1784
1780,1766
1776,1797
1779,1771
1833,1754
1799,1736
1833,1787
1854,1788
1856,1772
1801,1781
1829,1812
1768,1765
1786,1764
1795,1732
1739,1701
1775,1756
1727,1654
1688,1679
1642,1663
1669,1607
1649,1612
1621,1594
1669,1556
1598,1607
1559,1583
1550,1494
1516,1445
1527,1485
1462,1465
1467,1471
1441,1454
1438,1433
1419,1404
1421,1409
1414,1418
1362,1418
1380,1413
1425,1420
1363,1412
1408,1434
1367,1446
1422,1417
1409,1418
1399,1435
1457,1475
1439,1505
1463,1505
1497,1549
1498,1577
1555,1589
1589,1582
1558,1648
1607,1615
1597,1681
1621,1702
1684,1698
1700,1665
1723,1757
1747,1729
1758,1788
1746,1762
1774,1801
1791,1785
1782,1798
1805,1763
1811,1727
1795,1779
1812,1789
1756,1780
1828,1730
1818,1769
1799,1772
1786,1725
1743,1732
1744,1726
1697,1674
1734,1691
1715,1674
1677,1657
1629,1606
1626,1615
1688,1590
1611,1534
1606,1552
1589,1539
1520,1475
1519,1509
1469,1453
1489,1441
1438,1443
1463,1430
1408,1460
1383,1415
1410,1424
1380,1418
1407,1396
1381,1365
1378,1407
1427,1398
1367,1431
1394,1464
1431,1463
1389,1508
1444,1449
1467,1486
1477,1488
1453,1503
1505,1567
1497,1599
1558,1570
1548,1599
1576,1677
1651,1634
1621,1668
1682,1675
1639,1701
1669,1704
1732,1761
1741,1690
1736,1748
1733,1724
1723,1783
1777,1792
1800,1749
1762,1775
1807,1792
1836,1763
1795,1745
1764,1754
1817,1794
1772,1718
1781,1747
1736,1714
1790,1687
1728,1729
1722,1699
1731,1687
1678,1652
1681,1635
1685,1595
1614,1577
1585,1550
1563,1526
1584,1516
1578,1533
1538,1485
1562,1473
1467,1478
1485,1432
1416,1454
1470,1454
1422,1433
1419,1406
1418,1404
1377,1427
1436,1392
1407,1445
1433,1389
1399,1430
1376,1453
1429,1471
1464,1505
1465,1457
1430,1500
1448,1501
1472,1508
1511,1542
1513,1584
1474,1575
1520,1596
1578,1621
1570,1630
1619,1606
1655,1635
1665,1664
1697,1718
1704,1722
1685,1733
1716,1714
1793,1723
1744,1762
1772,1734
1738,1793
1788,1745
1775,1775
1801,1755
1784,1748
1854,1740
1787,1792
1782,1743
1774,1733
1801,1740
1736,1719
1735,1723
1692,1684
1692,1695
1747,1650
1706,1610
1697,1627
1637,1579
1593,1564
1565,1567
1598,1560
1566,1528
1567,1487
1495,1503
1467,1502
1469,1479
1505,1474
1474,1437
1472,1443
1422,1427
1403,1404
1407,1425
1366,1449
1373,1426
1401,1407
1400,1424
1464,1440
1421,1436
1429,1445
1409,1449
1392,1460
1480,1504
1480,1526
1445,1545
1463,1509
1539,1540
1550,1584
1545,1587
1562,1620
1626,1656
1595,1651
1674,1644
1689,1647
1696,1712
1709,1725
1719,1718
1742,1772
1704,1775
1746,1806
1728,1788
1790,1746
1829,1783
1796,1774
1818,1784
1801,1795
1819,1768
1779,1721
1776,1718
1818,1748
1772,1750
1741,1717
1735,1724
1743,1653
1755,1653
1689,1649
1716,1615
1682,1610
1672,1624
1665,1599
1602,1540
1575,1533
1529,1496
1582,1491
1541,1488
1497,1478
1488,1491
1521,1466
1460,1438
1463,1429
1386,1471
1418,1412
1453,1411
1441,1444
1431,1394
1373,1430
1402,1427
1432,1474
1366,1459
1390,1436
1372,1438
1448,1493
1453,1491
1471,1523
1473,1518
1499,1499
1548,1559
1549,1589
1556,1603
1597,1586
1566,1603
1645,1632
1638,1651
1630,1715
1697,1673
1700,1693
1717,1734
1709,1752
1748,1709
1727,1740
1746,1780
1793,1778
1795,1794
1763,1729
1793,1734
1757,1764
1793,1772
1763,1761
1787,1772
1794,1742
1800,1709
1738,1723
1726,1721
1731,1707
1732,1668
1667,1706
1685,1643
1674,1637
1661,1607
1559,1589
1581,1563
1592,1598
1587,1518
1526,1518
1518,1487
1465,1486
1474,1456
1480,1456
1467,1483
1442,1448
1479,1437
1454,1432
1407,1456
1392,1372
1390,1417
1404,1402
1438,1422
1420,1435
1399,1460
1432,1458
1402,1485
1422,1465
1423,1482
1485,1497
1511,1526
1526,1551
1516,1577
1510,1548
1543,1604
1592,1637
1561,1643
1629,1635
1627,1668
1662,1641
1631,1698
1686,1705
1681,1730
1689,1710
1715,1709
1750,1778
1766,1756
1770,1748
1770,1763
1771,1782
1804,1792
1795,1777
1810,1731
1807,1731
1763,1744
1740,1778
1804,1738
1752,1689
1733,1727
1735,1697
1724,1686
1711,1630
1696,1671
1634,1674
1612,1591
1630,1568
1643,1575
1636,1545
1581,1525
1571,1479
1546,1494
1508,1493
1458,1473
1463,1475
1451,1466
1461,1447
1444,1456
1440,1440
1439,1465
1410,1454
1435,1421
1394,1412
1386,1422
1438,1432
1441,1481
1402,1442
1467,1478
1428,1445
1448,1450
1486,1497
1476,1553
1504,1516
1540,1558
1562,1565
1508,1561
1536,1630
1589,1624
1595,1620
1613,1627
1555,1676
1649,1668
1700,1723
1678,1703
1652,1715
1708,1717
1748,1751
1738,1766
1759,1743
1789,1778
1750,1782
1816,1745
1797,1773
1780,1790
1791,1743
1803,1766
1794,1770
1754,1724
1801,1744
1725,1702
1717,1727
1767,1713
1730,1698
1707,1654
1660,1615
1672,1632
1671,1582
1648,1629
1625,1563
1611,1543
1592,1549
1500,1530
1532,1556
1506,1514
1460,1493
1466,1472
1441,1477
1436,1477
1431,1466
1449,1460
1406,1511
1417,1441
1438,1452
1414,1434
1393,1411
1397,1439
1449,1479
1409,1478
1398,1472
1476,1469
1501,1499
1472,1515
1454,1493
1499,1533
1504,1537
1587,1578
1559,1593
1519,1580
1572,1623
1591,1611
1656,1689
1627,1675
1617,1692
1686,1695
1674,1713
1708,1719
1726,1748
1745,1723
1708,1693
1747,1730
1787,1769
1732,1752
1768,1773
1804,1770
1777,1746
1829,1749
1788,1722
1778,1728
1784,1735
1744,1755
1747,1749
1756,1699
1742,1667
1700,1668
1688,1651
1674,1626
1679,1620
1652,1595
1626,1588
1631,1570
1636,1586
1535,1555
1532,1543
1528,1508
1561,1547
1478,1493
1502,1476
1470,1458
1449,1459
1443,1430
1440,1442
1409,1434
1437,1448
1412,1407
1428,1441
1396,1420
1396,1449
1413,1430
1432,1447
1411,1454
1427,1481
1506,1455
1521,1514
1460,1509
1488,1552
1526,1560
1547,1541
1482,1585
1561,1622
1548,1619
1608,1592
1592,1657
1631,1631
1662,1694
1646,1715
1689,1685
1710,1708
1757,1736
1763,1750
1770,1731
1767,1750
1736,1738
1739,1731
1788,1797
1757,1737
1772,1786
1833,1758
1757,1786
1804,1755
1754,1796
1761,1702
1791,1707
1769,1685
1781,1669
1662,1699
1714,1677
1669,1630
1653,1634
1649,1637
1657,1569
1582,1556
1592,1593
1565,1601
1567,1482
1545,1517
1545,1504
1486,1488
1537,1481
1454,1463
1462,1462
1467,1462
1444,1422
1405,1471
1392,1436
1416,1413
1421,1426
1403,1466
1358,1442
1408,1448
1392,1483
1389,1472
1438,1507
1430,1451
1423,1470
1429,1548
1458,1497
1507,1535
1484,1538
1529,1580
1564,1577
1589,1623
1598,1616
1588,1645
1646,1655
1645,1646
1646,1685
1689,1736
1664,1677
1760,1730
1669,1705
1714,1745
1750,1711
1743,1772
1748,1729
1762,1775
1801,1770
1781,1794
1784,1791
1773,1756
1756,1754
1765,1759
1776,1721
1768,1718
1736,1711
1730,1705
1754,1696
1697,1677
1680,1628
1646,1659
1660,1632
1639,1625
1639,1601
1661,1546
1589,1548
1560,1544
1601,1548
1498,1555
1520,1461
1505,1463
1482,1489
1473,1464
1492,1498
1498,1497
1430,1464
1438,1457
1444,1429
1428,1423
1392,1439
1446,1467
1444,1463
1477,1464
1447,1457
1421,1478
1409,1472
1463,1483
1436,1489
1538,1524
1515,1563
1488,1542
1528,1551
1555,1553
1558,1579
1606,1631
1610,1634
1585,1637
1615,1651
1648,1676
1637,1700
1665,1668
1694,1700
1703,1709
1728,1718
1743,1698
1718,1765
1759,1760
1742,1760
1769,1760
1770,1776
1734,1763
1818,1781
1796,1750
1816,1777
1761,1750
1798,1728
1804,1717
1799,1697
1732,1693
1785,1695
1758,1633
1724,1656
1647,1673
1673,1631
1638,1626
1618,1576
1620,1585
1603,1637
1578,1564
1582,1547
1541,1528
1534,1514
1492,1491
1467,1490
1504,1502
1463,1449
1465,1461
1429,1429
1492,1409
1418,1457
1438,1407
1409,1462
1429,1451
1446,1436
1411,1418
1428,1469
1447,1471
1432,1492
1427,1482
1477,1507
1491,1507
1492,1512
1524,1555
1535,1539
1540,1580
1501,1571
1588,1599
1584,1661
1598,1620
1639,1667
1625,1671
1665,1672
1699,1707
1704,1749
1658,1739
1716,1721
1702,1735
1707,1762
1722,1751
1786,1762
1729,1716
1811,1743
1734,1753
1794,1736
1741,1774
1805,1740
1751,1732
1755,1728
1754,1739
1716,1761
1739,1720
1792,1707
1719,1653
1722,1698
1670,1634
1732,1610
1695,1638
1652,1584
1606,1587
1569,1567
1553,1508
1580,1593
1539,1514
1515,1480
1497,1502
1486,1495
1505,1460
1466,1479
1462,1451
1486,1474
1448,1447
1420,1429
1405,1439
1438,1452
1466,1455
1398,1383
1435,1465
1406,1442
1407,1426
1433,1472
1455,1468
1473,1448
1431,1521
1450,1522
1482,1532
1486,1529
1538,1614
1492,1591
1550,1592
1578,1623
1574,1622
1670,1626
1596,1630
1615,1710
1642,1707
1664,1695
1667,1693
1723,1748
1680,1754
1774,1724
1744,1743
1784,1766
1728,1742
1790,1726
1770,1737
1742,1719
1744,1721
1733,1710
1770,1739
1820,1741
1798,1723
1743,1711
1747,1711
1755,1718
1731,1681
1686,1702
1660,1657
1707,1649
1654,1679
1683,1628
1679,1561
1618,1612
1590,1580
1548,1565
1562,1495
1588,1580
1512,1567
1498,1531
1520,1465
1457,1470
1476,1501
1485,1456
1465,1454
1410,1455
1435,1454
1421,1443
1430,1449
1431,1431
1443,1447
1424,1477
1383,1452
1428,1463
1416,1504
1483,1478
1414,1473
1439,1513
1535,1501
1455,1533
1518,1524
1513,1518
1549,1586
1582,1654
1608,1598
1601,1616
1624,1632
1637,1636
1661,1675
1677,1679
1668,1692
1686,1749
1714,1733
1699,1735
1730,1736
1722,1706
1748,1739
1747,1713
1768,1767
1783,1766
1770,1810
1741,1817
1762,1765
1780,1768
1778,1737
1695,1727
1778,1730
1814,1710
1745,1710
1747,1712
1709,1684
1729,1637
1690,1623
1697,1609
1667,1575
1631,1604
1638,1625
1616,1567
1574,1539
1598,1537
1580,1535
1525,1501
1540,1487
1511,1476
1472,1463
1426,1464
1456,1462
1482,1426
1402,1424
1441,1423
1444,1399
1402,1382
1437,1442
1395,1428
1425,1462
1463,1423
1395,1490
1452,1447
1427,1515
1419,1515
1440,1523
1453,1530
1533,1543
1478,1541
1533,1533
1512,1549
1568,1631
1524,1600
1602,1586
1662,1583
1608,1656
1635,1627
1688,1673
1652,1676
1690,1733
1694,1720
1718,1662
1736,1733
1729,1708
1701,1715
1713,1791
1763,1777
1800,1765
1804,1758
1769,1786
1789,1803
1789,1776
1754,1782
1765,1757
1801,1734
1755,1733
1722,1711
1777,1688
1738,1676
1647,1686
1717,1699
1686,1607
1679,1607
1670,1621
1656,1562
1597,1539
1586,1548
1553,1562
1543,1551
1542,1497
1531,1529
1519,1479
1517,1453
1486,1439
1480,1453
1440,1452
1462,1466
1458,1441
1433,1460
1432,1440
1446,1480
1415,1443
1438,1436
1416,1430
1399,1458
1440,1488
1436,1466
1435,1472
1408,1472
1492,1485
1461,1511
1452,1506
1528,1508
1534,1541
1574,1563
1564,1620
1562,1616
1580,1596
1602,1635
1622,1634
1635,1673
1615,1642
1683,1698
1701,1708
1665,1724
1756,1728
1759,1707
1728,1804
1753,1739
1786,1750
1782,1702
1797,1758
1790,1730
1817,1738
1814,1768
1777,1760
1801,1802
1750,1714
1774,1749
1775,1749
1741,1735
1720,1698
1739,1692
1706,1664
1707,1676
1683,1684
1688,1626
1649,1604
1655,1580
1620,1561
1547,1549
1608,1551
1569,1586
1562,1556
1553,1496
1505,1494
1466,1447
1479,1475
1502,1466
1480,1480
1466,1436
1444,1440
1411,1443
1420,1406
1421,1411
1384,1404
1457,1442
1384,1429
1418,1475
1417,1459
1450,1458
1397,1436
1460,1514
1477,1492
1389,1503
1498,1514
1575,1488
1579,1550
1474,1568
1557,1596
1550,1603
1582,1662
1585,1660
1635,1677
1680,1678
1615,1723
1630,1719
1644,1724
1662,1715
1694,1679
1711,1705
1707,1719
1736,1732
1772,1733
1790,1771
1745,1746
1799,1768
1775,1741
1813,1775
1811,1749
1793,1777
1789,1762
1784,1768
1769,1700
1764,1730
1745,1687
1751,1652
1704,1682
1742,1646
1685,1633
1673,1617
1684,1632
1600,1614
1607,1586
1560,1587
1601,1592
1583,1522
1563,1551
1548,1514
1490,1511
1536,1470
1433,1468
1412,1456
1477,1459
1454,1502
1464,1419
1391,1461
1416,1465
1430,1442
1434,1425
1416,1431
1392,1449
1438,1469
1425,1463
1463,1450
1445,1495
1403,1479
1453,1477
1401,1504
1437,1507
1514,1548
1432,1536
1472,1575
1592,1534
1532,1625
1544,1605
1591,1626
1601,1627
1591,1686
1620,1683
1653,1676
1684,1700
1686,1712
1723,1675
1682,1716
1749,1709
1745,1724
1768,1754
1789,1777
1753,1718
1770,1782
1755,1761
1815,1764
1748,1770
1758,1778
1824,1773
1750,1756
1734,1696
1773,1728
1746,1686
1706,1716
1734,1712
1731,1661
1697,1648
1675,1682
1685,1647
1652,1635
1677,1628
1636,1586
1567,1549
1555,1546
1567,1534
1584,1541
1562,1507
1525,1517
1521,1502
1481,1451
1476,1459
1485,1453
1446,1446
1454,1458
1464,1460
1441,1426
1441,1441
1407,1441
1433,1422
1435,1444
1457,1434
1406,1501
1456,1421
1455,1460
1435,1459
1420,1485
1431,1503
1529,1477
1486,1532
1456,1543
1500,1529
1522,1537
1521,1609
1559,1612
1587,1645
1618,1602
1598,1645
1682,1664
1617,1650
1654,1737
1671,1706
1737,1711
1719,1747
1743,1728
1710,1735
1773,1762
1769,1751
1785,1746
1811,1783
1816,1753
1777,1783
1807,1793
1798,1761
1777,1766
1771,1733
1799,1717
1758,1742
1740,1715
1708,1701
1776,1671
1713,1694
1672,1683
1648,1630
1670,1653
1709,1617
1646,1582
1642,1588
1607,1576
1614,1558
1527,1540
1584,1532
1540,1524
1501,1533
1483,1486
1508,1467
1479,1489
1468,1449
1491,1448
1459,1469
1408,1414
1410,1423
1386,1439
1420,1433
1411,1435
1369,1396
1387,1454
1374,1430
1395,1463
1414,1462
1470,1475
1436,1467
1469,1500
1472,1484
1502,1503
1483,1534
1499,1551
1483,1555
1551,1576
1538,1612
1602,1636
1567,1652
1632,1624
1629,1669
1667,1682
1659,1686
1687,1716
1739,1707
1725,1737
1732,1754
1742,1735
1757,1759
1725,1736
1772,1807
1763,1761
1805,1769
1820,1788
1789,1790
1803,1774
1810,1726
1777,1716
1777,1718
1744,1699
1734,1746
1779,1713
1722,1683
1666,1661
1663,1667
1702,1669
1697,1654
1654,1646
1641,1647
1663,1622
1601,1582
1591,1583
1586,1567
1544,1522
1530,1466
1520,1536
1535,1492
1488,1507
1488,1431
1421,1485
1489,1423
1450,1450
1442,1440
1466,1424
1427,1385
1429,1404
1441,1435
1421,1437
1352,1448
1454,1414
1410,1464
1447,1434
1428,1456
1365,1447
1383,1488
1466,1466
1504,1508
1457,1515
1479,1560
1525,1515
1475,1553
1545,1588
1596,1601
1593,1664
1589,1614
1581,1638
1634,1674
1681,1681
1653,1747
1719,1725
1732,1740
1710,1760
1729,1771
1754,1749
1792,1738
1794,1748
1729,1794
1779,1707
1783,1788
1786,1763
1775,1768
1836,1767
1822,1767
1789,1732
1772,1743
1807,1719
1782,1722
1814,1719
1745,1676
1753,1676
1714,1695
1746,1661
1701,1648
1657,1653
1657,1604
1644,1588
1623,1593
1633,1554
1587,1525
1553,1536
1598,1483
1533,1511
1507,1507
1536,1484
1448,1450
1446,1478
1465,1455
1450,1435
1458,1434
1473,1382
1459,1431
1412,1393
1400,1384
1387,1413
1419,1453
1443,1403
1400,1447
1381,1469
1360,1466
1382,1495
1433,1494
1460,1501
1438,1481
1499,1525
1512,1506
1500,1541
1489,1573
1547,1611
1561,1563
1612,1598
1566,1622
1563,1641
1656,1686
1657,1658
1694,1672
1689,1715
1709,1717
1723,1770
1760,1748
1742,1749
1735,1781
1790,1744
1811,1792
1783,1756
1809,1786
1754,1763
1788,1791
1750,1738
1750,1763
1779,1789
1776,1749
1783,1733
1808,1721
1779,1724
1790,1721
1745,1742
1752,1690
1748,1648
1684,1658
1658,1626
1691,1601
1649,1601
1661,1584
1605,1561
1583,1574
1576,1522
1554,1514
1530,1477
1528,1494
1474,1490
1518,1435
1462,1475
1447,1407
1430,1439
1436,1437
1425,1422
1414,1407
1417,1406
1402,1443
1370,1437
1356,1407
1400,1401
1424,1459
1429,1452
1393,1418
1416,1483
1485,1488
1439,1519
1423,1497
1448,1514
1470,1543
1473,1532
1530,1554
1534,1570
1559,1594
1562,1608
1614,1594
1595,1654
1632,1650
1609,1637
1640,1726
1657,1715
1699,1725
1743,1679
1724,1765
1716,1783
1742,1764
1784,1729
1762,1777
1791,1800
1810,1771
1805,1806
1802,1772
1776,1772
1791,1762
1781,1774
1822,1728
1807,1725
1723,1731
1779,1724
1791,1691
1777,1747
1745,1682
1747,1685
1730,1673
1661,1660
1669,1604
1628,1593
1657,1593
1636,1590
1592,1568
1572,1510
1538,1530
1520,1554
1554,1500
1495,1493
1466,1469
1501,1436
1468,1446
1460,1471
1392,1438
1453,1421
1418,1483
1370,1424
1439,1407
1406,1424
1406,1417
1376,1365
1413,1470
1353,1400
1423,1414
1422,1450
1425,1467
1448,1481
1410,1463
1435,1499
1396,1508
1464,1556
1483,1555
1495,1606
1500,1594
1576,1599
1517,1611
1629,1610
1633,1616
1649,1678
1715,1637
1684,1683
1662,1710
1668,1709
1727,1739
1707,1744
1780,1713
1709,1750
1805,1763
1814,1757
1837,1755
1798,1809
1754,1754
1791,1818
1810,1763
1777,1837
1846,1752
1783,1762
1771,1753
1771,1767
1760,1746
1790,1707
1758,1713
1728,1667
1756,1672
1700,1679
1708,1630
1694,1613
1650,1625
1652,1597
1651,1542
1602,1581
1606,1570
1565,1547
1494,1525
1539,1488
1488,1483
1523,1471
1432,1473
1470,1448
1440,1441
1441,1428
1424,1444
1420,1420
1374,1463
1377,1429
1412,1371
1327,1446
1370,1444
1375,1422
1436,1401
1390,1448
1406,1474
1412,1443
1443,1475
1437,1477
1455,1476
1451,1470
1495,1496
1484,1486
1500,1541
1549,1585
1525,1596
1580,1603
1585,1602
1628,1629
1624,1655
1651,1692
1673,1672
1681,1679
1717,1693
1720,1738
1730,1756
1731,1775
1752,1717
1761,1776
1772,1804
1731,1749
1775,1803
1815,1769
1821,1769
1799,1762
1842,1760
1792,1767
1778,1768
1786,1787
1795,1769
1788,1718
1791,1742
1741,1742
1737,1738
1747,1690
1717,1733
1689,1660
1702,1644
1684,1671
1621,1639
1661,1630
1601,1565
1623,1583
1591,1581
1523,1510
1537,1527
1507,1446
1480,1481
1479,1444
1408,1463
1437,1476
1454,1473
1460,1411
1379,1459
1461,1405
1432,1456
1407,1413
1407,1405
1435,1410
1381,1431
1365,1401
1389,1434
1397,1405
1380,1409
1404,1433
1409,1458
1414,1491
1455,1435
1452,1519
1515,1511
1473,1502
1474,1523
1533,1557
1539,1617
1574,1609
1544,1624
1612,1627
1627,1688
1636,1652
1679,1716
1662,1719
1749,1757
1677,1706
1739,1749
1698,1776
1734,1809
1779,1762
1767,1806
1772,1780
1795,1805
1814,1804
1796,1812
1838,1780
1812,1766
1794,1764
1813,1800
1786,1747
1731,1752
1838,1749
1822,1745
1744,1745
1772,1705
1752,1696
1710,1684
1705,1641
1706,1658
1689,1604
1665,1591
1631,1614
1580,1594
1545,1562
1602,1531
1560,1529
1531,1529
1537,1477
1477,1480
1469,1456
1494,1477
1450,1429
1384,1411
1460,1422
1400,1435
1381,1389
1398,1427
1422,1382
1377,1390
1403,1435
1397,1412
1403,1402
1357,1468
1396,1420
1412,1467
1383,1462
1402,1464
1432,1471
1473,1511
1459,1495
1479,1501
1514,1536
1481,1538
1541,1561
1519,1587
1603,1620
1585,1645
1652,1667
1665,1668
1669,1649
1623,1728
1686,1739
1724,1698
1742,1769
1742,1774
1737,1755
1788,1773
1768,1781
1791,1790
1765,1804
1820,1770
1787,1816
1821,1755
1818,1802
1779,1803
1768,1788
1831,1772
1776,1759
1792,1742
1788,1791
1803,1745
1751,1728
1778,1700
1747,1702
1775,1647
1721,1643
1667,1646
1676,1625
1637,1620
1636,1567
1550,1553
1583,1534
1560,1516
1591,1555
1530,1521
1555,1533
1512,1499
1477,1469
1443,1473
1421,1467
1438,1419
1405,1454
1408,1447
1405,1367
1389,1419
1396,1380
1361,1404
1398,1422
1419,1398
1358,1394
1415,1425
1412,1436
1431,1425
1431,1436
1420,1493
1411,1511
1424,1491
1467,1486
1497,1537
1491,1534
1531,1568
1582,1567
1574,1629
1509,1617
1632,1616
1562,1625
1638,1629
1645,1686
1690,1662
1689,1692
1695,1705
1736,1767
1693,1743
1725,1770
1779,1778
1798,1811
1804,1788
1815,1777
1776,1790
1780,1844
1862,1751
1837,1801
1844,1759
1796,1817
1812,1760
1822,1789
1779,1776
1788,1773
1797,1737
1823,1712
1756,1739
1740,1675
1750,1678
1716,1665
1721,1698
1620,1655
1695,1600
1646,1594
1574,1589
1589,1534
1552,1541
1542,1530
1526,1543
1508,1497
1513,1451
1486,1435
1469,1432
1473,1441
1425,1422
1398,1431
1395,1399
1377,1408
1343,1404
1404,1389
1397,1379
1380,1399
1370,1412
1391,1422
1392,1428
1407,1432
1395,1423
1417,1433
1407,1459
1436,1461
1449,1459
1432,1506
1486,1490
1497,1510
1457,1537
1447,1541
1558,1584
1524,1601
1584,1602
1546,1643
1651,1654
1640,1683
1671,1698
1687,1693
1680,1710
1715,1709
1746,1764
1711,1795
1769,1755
1789,1778
1803,1769
1813,1792
1794,1824
1827,1766
1828,1761
1846,1797
1769,1811
1831,1799
1837,1743
1844,1798
1802,1741
1801,1796
1769,1762
1808,1751
1776,1714
1781,1698
1740,1712
1706,1698
1707,1655
1707,1690
1687,1606
1655,1548
1632,1557
1582,1606
1588,1525
1561,1527
1578,1534
1557,1507
1492,1495
1496,1482
1424,1458
1436,1440
1396,1418
1418,1432
1419,1431
1395,1383
1414,1424
1382,1365
1359,1381
1385,1396
1350,1379
1377,1383
1406,1389
1402,1402
1382,1384
1383,1449
1362,1471
1425,1435
1423,1467
1448,1485
1429,1512
1453,1528
1485,1524
1496,1543
1510,1611
1551,1578
1570,1622
1529,1610
1586,1625
1616,1631
1656,1694
1656,1698
1727,1747
1690,1721
1758,1725
1738,1745
1761,1814
1740,1801
1793,1802
1780,1815
1839,1755
1830,1809
1812,1801
1822,1807
1817,1838
1811,1799
1861,1796
1806,1794
1774,1787
1761,1771
1771,1720
1801,1751
1740,1742
1804,1710
1736,1727
1759,1686
1737,1705
1683,1653
1698,1643
1636,1588
1620,1614
1566,1597
1643,1592
1596,1550
1572,1486
1504,1502
1553,1484
1471,1493
1525,1443
1457,1418
1474,1461
1450,1418
1403,1408
1385,1394
1416,1381
1353,1380
1367,1416
1382,1391
1343,1415
1377,1377
1357,1401
1367,1441
1364,1434
1381,1453
1389,1432
1394,1461
1393,1469
1412,1464
1437,1443
1470,1489
1480,1531
1480,1548
1525,1567
1562,1596
1552,1588
1553,1596
1583,1656
1606,1649
1654,1662
1615,1670
1647,1724
1687,1708
1728,1736
1759,1710
1801,1738
1793,1744
1822,1826
1774,1787
1785,1804
1831,1838
1810,1821
1813,1799
1851,1765
1799,1810
1775,1798
1809,1774
1841,1754
1819,1802
1794,1769
1842,1734
1784,1763
1824,1728
1756,1760
1727,1686
1722,1687
1688,1687
1720,1674
1697,1638
1642,1623
1661,1567
1612,1580
1645,1576
1552,1498
1576,1496
1483,1493
1505,1539
1495,1460
1477,1456
1450,1443
1453,1421
1405,1422
1465,1412
1354,1395
1409,1431
1402,1432
1398,1381
1340,1405
1389,1413
1347,1393
1339,1402
1369,1444
1415,1398
1352,1431
1375,1438
1398,1472
1428,1469
1437,1499
1412,1500
1486,1512
1469,1526
1467,1537
1526,1541
1516,1611
1542,1576
1567,1626
1615,1624
1623,1645
1655,1683
1626,1701
1711,1702
1693,1702
1735,1742
1792,1746
1785,1760
1752,1759
1780,1782
1774,1783
1809,1801
1834,1836
1814,1801
1839,1817
1848,1795
1846,1810
1834,1793
1818,1776
1825,1808
1824,1780
1814,1750
1820,1754
1791,1692
1787,1749
1816,1719
1762,1681
1714,1665
1659,1634
1681,1636
1619,1624
1611,1627
1613,1580
1621,1619
1564,1538
1547,1545
1576,1559
1540,1506
1500,1525
1482,1452
1464,1433
1445,1499
1482,1403
1441,1392
1427,1423
1399,1416
1431,1406
1376,1396
1392,1395
1370,1369
1378,1372
1373,1388
1339,1409
1403,1369
1401,1428
1358,1478
1385,1474
1414,1425
1454,1468
1462,1474
1426,1472
1410,1554
1440,1529
1506,1563
1493,1578
1546,1592
1508,1612
1579,1594
1612,1633
1576,1669
1639,1665
1694,1722
1690,1706
1656,1739
1741,1717
1743,1774
1747,1783
1760,1805
1808,1752
1833,1804
1791,1810
1858,1813
1842,1782
1839,1804
1835,1781
1848,1822
1821,1792
1860,1809
1786,1804
1866,1771
1841,1756
1801,1777
1815,1722
1751,1733
1752,1727
1757,1698
1757,1673
1684,1639
1708,1671
1650,1630
1657,1612
1637,1634
1629,1582
1613,1590
1598,1537
1529,1553
1579,1483
1486,1478
1534,1501
1491,1420
1457,1451
1432,1408
1428,1419
1421,1399
1426,1398
1405,1414
1361,1381
1387,1431
1379,1409
1331,1363
1380,1406
1374,1387
1323,1418
1382,1399
1405,1433
1412,1421
1395,1405
1436,1444
1444,1457
1456,1465
1424,1507
1454,1527
1486,1564
1514,1596
1543,1613
1554,1614
1560,1631
1608,1663
1632,1668
1632,1695
1681,1694
1733,1711
1714,1710
1737,1754
1704,1730
1759,1726
1751,1768
1743,1808
1806,1789
1830,1853
1813,1779
1791,1847
1851,1790
1846,1827
1851,1815
1848,1795
1845,1808
1822,1758
1829,1792
1838,1778
1836,1796
1813,1752
1767,1736
1780,1695
1746,1723
1799,1697
1669,1652
1663,1652
1661,1560
1635,1607
1581,1553
1598,1506
1597,1526
1565,1494
1535,1529
1473,1522
1496,1444
1471,1430
1475,1448
1478,1425
1417,1423
1364,1417
1419,1425
1351,1395
1342,1388
1381,1373
1393,1368
1389,1367
1379,1421
1394,1380
1348,1381
1343,1407
1409,1405
1415,1377
1393,1427
1378,1394
1358,1449
1393,1491
1441,1496
1509,1510
1486,1547
1530,1577
1519,1588
1533,1583
1574,1650
1610,1646
1608,1655
1636,1680
1689,1698
1654,1758
1667,1753
1704,1686
1705,1756
1759,1738
1730,1756
1838,1794
1794,1788
1787,1824
1816,1841
1828,1814
1798,1821
1853,1875
1823,1838
1846,1825
1805,1782
1828,1773
1788,1807
1833,1784
1844,1742
1742,1728
1768,1738
1771,1731
1752,1713
1751,1698
1698,1666
1675,1690
1669,1661
1650,1637
1615,1615
1606,1583
1611,1554
1570,1558
1552,1532
1537,1462
1551,1538
1533,1478
1447,1464
1444,1444
1457,1411
1387,1385
1374,1442
1387,1359
1373,1362
1359,1350
1327,1403
1332,1385
1338,1353
1362,1370
1392,1372
1363,1428
1314,1414
1388,1366
1382,1436
1386,1463
1393,1457
1462,1461
1430,1495
1482,1490
1428,1478
1498,1556
1474,1593
1568,1576
1558,1572
1545,1571
1582,1631
1573,1682
1609,1685
1626,1666
1644,1680
1761,1747
1718,1734
1719,1748
1757,1759
1790,1790
1791,1809
1756,1805
1803,1788
1885,1801
1815,1842
1814,1826
1807,1815
1803,1814
1803,1818
1849,1779
1833,1761
1797,1767
1824,1721
1857,1746
1749,1770
1747,1763
1767,1700
1757,1697
1732,1693
1704,1639
1695,1632
1629,1597
1626,1578
1647,1556
1610,1556
1556,1523
1525,1495
1540,1502
1546,1508
1536,1447
1485,1433
1492,1465
1430,1466
1451,1427
1448,1427
1403,1415
1356,1384
1372,1407
1401,1431
1379,1394
1354,1397
1374,1373
1356,1401
1368,1386
1355,1373
1372,1389
1377,1472
1378,1464
1398,1449
1436,1489
1381,1445
1386,1497
1476,1498
1469,1543
1484,1589
1513,1602
1542,1548
1561,1621
1581,1623
1606,1621
1618,1685
1629,1680
1669,1704
1678,1696
1687,1741
1779,1764
1766,1770
1769,1721
1802,1804
1776,1798
1770,1828
1834,1824
1845,1833
1841,1835
1836,1851
1823,1797
1871,1851
1819,1816
1819,1792
1813,1779
1773,1776
1794,1791
1804,1789
1811,1721
1713,1715
1755,1690
1775,1734
1656,1676
1720,1624
1650,1648
1643,1597
1667,1619
1642,1518
1586,1571
1600,1539
1545,1492
1599,1518
1520,1487
1482,1484
1530,1456
1478,1469
1455,1406
1395,1406
1441,1358
1409,1408
1395,1415
1362,1331
1330,1364
1372,1358
1336,1402
1368,1415
1358,1397
1361,1411
1309,1402
1377,1375
1395,1426
1397,1465
1389,1475
1357,1475
1453,1482
1469,1464
1481,1543
1479,1520
1523,1574
1540,1567
1495,1589
1585,1617
1621,1675
1639,1663
1640,1692
1668,1696
1694,1698
1731,1728
1720,1716
1731,1762
1759,1774
1811,1791
1773,1768
1814,1823
1808,1794
1765,1835
1852,1810
1831,1799
1872,1826
1824,1809
1836,1814
1820,1817
1838,1801
1814,1759
1795,1779
1787,1778
1752,1775
1765,1734
1748,1707
1775,1702
1722,1669
1720,1675
1694,1674
1649,1635
1606,1590
1666,1620
1623,1549
1548,1504
1589,1541
1497,1449
1553,1462
1484,1464
1481,1440
1465,1451
1475,1403
1448,1421
1470,1388
1408,1335
1402,1406
1368,1384
1400,1376
1398,1343
1387,1375
1389,1407
1362,1409
1411,1382
1303,1417
1399,1395
1397,1447
1396,1454
1395,1464
1408,1468
1435,1495
1463,1524
1464,1548
1522,1548
1506,1600
1526,1585
1571,1608
1611,1596
1614,1618
1606,1716
1610,1703
1703,1713
1707,1726
1744,1707
1731,1744
1717,1788
1779,1794
1766,1775
1784,1759
1789,1799
1779,1819
1825,1819
1820,1798
1822,1815
1884,1860
1811,1797
1837,1797
1837,1800
1865,1767
1808,1756
1808,1783
1812,1767
1804,1722
1795,1699
1796,1678
1741,1708
1704,1675
1707,1626
1631,1661
1640,1637
1584,1594
1610,1534
1607,1547
1581,1505
1545,1493
1481,1500
1503,1503
1460,1452
1474,1428
1440,1470
1443,1454
1378,1377
1391,1395
1400,1408
1350,1405
1329,1384
1366,1383
1339,1402
1343,1398
1414,1408
1398,1401
1341,1400
1407,1400
1384,1440
1340,1423
1343,1475
1447,1481
1448,1461
1428,1479
1423,1480
1488,1546
1496,1521
1595,1642
1547,1612
1527,1629
1568,1616
1600,1653
1614,1669
1668,1686
1654,1738
1690,1725
1717,1728
1686,1762
1780,1758
1750,1768
1746,1810
1813,1821
1850,1802
1748,1820
1837,1820
1845,1811
1833,1801
1780,1844
1827,1771
1826,1777
1822,1775
1836,1793
1782,1752
1801,1776
1835,1741
1775,1728
1780,1696
1739,1681
1712,1680
1703,1658
1684,1628
1682,1595
1647,1595
1673,1563
1602,1555
1558,1556
1584,1530
1526,1453
1520,1491
1515,1440
1475,1450
1470,1454
1417,1427
1406,1448
1396,1441
1397,1409
1363,1387
1336,1420
1388,1392
1396,1352
1380,1392
1342,1381
1362,1461
1362,1410
1355,1432
1372,1419
1375,1423
1370,1462
1379,1439
1450,1499
1443,1491
1456,1529
1508,1539
1435,1537
1528,1565
1509,1613
1534,1594
1602,1635
1605,1667
1622,1661
1673,1664
1678,1702
1691,1681
1746,1745
1745,1699
1767,1770
1761,1771
1781,1772
1766,1818
1770,1819
1780,1835
1803,1816
1838,1824
1783,1820
1818,1791
1830,1793
1828,1781
1868,1837
1849,1768
1850,1767
1814,1813
1816,1777
1785,1694
1766,1739
1715,1719
1757,1736
1736,1629
1666,1652
1676,1651
1633,1618
1616,1611
1609,1580
1558,1532
1524,1543
1520,1496
1506,1511
1471,1490
1496,1472
1460,1474
1429,1452
1391,1469
1456,1433
1343,1424
1369,1380
1375,1351
1393,1378
1376,1384
1333,1393
1334,1412
1380,1416
1376,1385
1364,1397
1419,1416
1422,1413
1385,1461
1384,1470
1405,1477
1432,1496
1494,1494
1480,1514
1487,1535
1539,1571
1558,1615
1547,1625
1571,1624
1601,1635
1620,1693
1623,1680
1688,1693
1675,1718
1727,1745
1752,1783
1774,1794
1758,1778
1778,1788
1788,1762
1793,1817
1801,1802
1802,1829
1836,1843
1821,1794
1867,1799
1817,1816
1837,1811
1832,1779
1831,1780
1813,1767
1776,1746
1808,1754
1770,1700
1745,1708
1745,1687
1752,1640
1703,1684
1659,1643
1671,1613
1625,1585
1618,1569
1591,1575
1565,1532
1532,1494
1540,1525
1507,1454
1513,1432
1510,1448
1482,1458
1435,1458
1446,1426
1370,1473
1384,1421
1385,1403
1388,1374
1380,1398
1365,1434
1384,1416
1364,1418
1384,1384
1384,1392
1404,1440
1428,1423
1416,1415
1425,1431
1414,1480
1434,1449
1454,1492
1472,1530
1518,1540
1481,1571
1524,1579
1538,1591
1526,1604
1609,1656
1596,1627
1628,1676
1673,1700
1696,1716
1730,1732
1728,1743
1709,1762
1818,1821
1739,1796
1828,1802
1768,1788
1815,1798
1772,1819
1832,1800
1822,1817
1822,1785
1839,1803
1809,1777
1840,1769
1853,1772
1820,1790
1766,1770
1792,1758
1747,1723
1758,1723
1733,1698
1765,1645
1680,1621
1703,1621
1680,1627
1622,1580
1611,1545
1604,1568
1566,1539
1559,1503
1485,1503
1507,1499
1491,1508
1504,1478
1442,1421
1421,1425
1406,1390
1473,1404
1416,1390
1348,1395
1357,1375
1418,1384
1389,1385
1378,1393
1272,1437
1364,1442
1384,1420
1362,1447
1397,1439
1377,1431
1406,1454
1407,1491
1495,1514
1438,1495
1452,1488
1507,1549
1469,1527
1534,1582
1586,1603
1596,1566
1625,1618
1579,1672
1638,1648
1690,1685
1699,1697
1647,1699
1674,1734
1721,1777
1770,1739
1761,1753
1756,1780
1761,1823
1778,1819
1875,1830
1871,1800
1827,1840
1832,1834
1761,1783
1763,1834
1821,1779
1785,1770
1807,1768
1738,1762
1757,1706
1761,1704
1786,1708
1769,1698
1743,1693
1715,1659
1661,1624
1687,1631
1619,1604
1571,1579
1573,1589
1563,1556
1540,1532
1546,1500
1530,1493
1460,1457
1467,1497
1486,1425
1444,1468
1422,1415
1394,1398
1431,1370
1398,1399
1402,1389
1410,1413
1380,1410
1399,1421
1385,1427
1357,1420
1380,1433
1420,1473
1415,1439
1389,1452
1423,1488
1441,1504
1429,1490
1445,1534
1430,1537
1498,1545
1569,1590
1549,1581
1593,1582
1612,1618
1636,1658
1643,1740
1673,1687
1663,1709
1707,1735
1704,1732
1690,1753
1802,1764
1746,1773
1736,1767
1814,1798
1821,1795
1843,1802
1806,1796
1835,1839
1814,1779
1842,1806
1836,1786
1808,1793
1819,1779
1803,1757
1771,1762
1760,1697
1770,1730
1711,1713
1740,1717
1731,1647
1688,1696
1688,1653
1664,1619
1648,1602
1636,1581
1544,1545
1557,1567
1566,1503
1519,1504
1507,1507
1529,1456
1514,1450
1443,1470
1452,1435
1459,1402
1379,1406
1422,1412
1359,1371
1405,1375
1427,1391
1396,1441
1417,1393
1357,1419
1404,1430
1405,1389
1376,1422
1463,1435
1442,1451
1416,1453
1446,1528
1426,1520
1509,1537
1477,1543
1506,1525
1534,1577
1528,1570
1599,1591
1575,1618
1587,1633
1662,1655
1601,1698
1649,1678
1711,1700
1703,1763
1711,1773
1733,1732
1775,1801
1770,1778
1782,1798
1830,1805
1809,1799
1765,1784
1781,1790
1826,1811
1823,1801
1807,1781
1745,1772
1851,1743
1815,1723
1767,1737
1819,1722
1769,1725
1748,1700
1751,1696
1718,1620
1711,1660
1686,1594
1627,1645
1640,1592
1600,1540
1597,1535
1582,1549
1575,1518
1545,1499
1507,1480
1466,1480
1509,1453
1469,1477
1432,1454
1424,1404
1413,1403
1422,1372
1387,1419
1394,1428
1388,1422
1398,1405
1404,1408
1411,1396
1361,1428
1385,1404
1401,1454
1371,1501
1410,1448
1407,1477
1448,1436
1486,1511
1448,1524
1507,1535
1538,1550
1545,1573
1547,1567
1597,1620
1652,1612
1646,1652
1623,1677
1629,1711
1682,1736
1706,1744
1730,1695
1724,1756
1774,1757
1798,1773
1756,1750
1788,1801
1812,1778
1822,1766
1863,1805
1825,1794
1814,1790
1825,1780
1857,1767
1813,1715
1783,1752
1773,1761
1797,1721
1780,1705
1766,1683
1748,1655
1736,1645
1689,1671
1670,1614
1685,1607
1645,1633
1629,1579
1618,1593
1535,1500
1567,1546
1529,1517
1471,1501
1500,1484
1467,1489
1435,1453
1441,1476
1430,1419
1396,1433
1426,1407
1401,1436
1420,1425
1421,1445
1379,1382
1384,1427
1407,1429
1370,1410
1389,1427
1412,1464
1394,1494
1415,1499
1445,1468
1461,1502
1489,1502
1470,1524
1504,1542
1503,1567
1578,1580
1565,1607
1585,1669
1634,1680
1594,1680
1616,1725
1670,1677
1717,1720
1734,1724
1749,1750
1763,1721
1744,1780
1796,1767
1774,1761
1802,1731
1763,1805
1814,1779
1757,1817
1747,1790
1783,1791
1761,1804
1804,1807
1790,1793
1781,1741
1745,1727
1774,1721
1747,1755
1678,1684
1717,1682
1707,1670
1678,1644
1688,1621
1663,1589
1653,1605
1596,1596
1610,1511
1572,1517
1527,1507
1530,1509
1498,1518
1457,1444
1522,1434
1483,1423
1426,1400
1402,1464
1403,1410
1434,1444
1362,1394
1371,1425
1437,1405
1392,1438
1384,1432
1391,1401
1379,1465
1398,1439
1481,1419
1420,1456
1418,1488
1486,1502
1519,1530
1460,1551
1509,1554
1505,1573
1536,1556
1560,1613
1554,1630
1626,1652
1611,1657
1630,1692
1691,1714
1714,1707
1712,1748
1686,1781
1802,1744
1703,1755
1752,1773
1774,1769
1850,1736
1805,1768
1793,1772
1803,1837
1819,1790
1825,1745
1800,1761
1789,1746
1764,1764
1752,1746
1767,1762
1747,1739
1792,1667
1745,1678
1721,1644
1684,1641
1660,1610
1640,1627
1657,1605
1584,1556
1584,1529
1590,1561
1609,1508
1582,1487
1560,1534
1518,1465
1476,1478
1499,1502
1423,1458
1444,1460
1460,1422
1428,1421
1409,1429
1390,1400
1400,1406
1399,1464
1403,1431
1424,1393
1419,1408
1438,1428
1422,1440
1411,1457
1471,1457
1475,1533
1445,1517
1513,1490
1501,1537
1514,1552
1500,1575
1588,1623
1562,1629
1566,1645
1611,1693
1642,1658
1633,1676
1689,1747
1658,1718
1712,1721
1713,1742
1751,1747
1809,1770
1818,1810
1809,1804
1759,1838
1783,1824
1830,1740
1839,1763
1838,1728
1784,1814
1819,1798
1797,1786
1776,1765
1792,1738
1789,1729
1745,1700
1734,1691
1723,1676
1684,1654
1670,1603
1661,1644
1698,1617
1623,1553
1636,1556
1597,1537
1593,1517
1535,1535
1535,1503
1504,1499
1517,1438
1471,1465
1485,1433
1420,1439
1439,1410
1398,1417
1396,1448
1416,1433
1395,1452
1394,1394
1430,1401
1376,1407
1382,1483
1400,1435
1428,1432
1410,1482
1442,1458
1465,1517
1439,1478
1480,1537
1481,1557
1506,1581
1505,1585
1533,1602
1597,1625
1635,1641
1603,1646
1663,1662
1638,1674
1687,1736
1678,1716
1670,1730
1751,1714
1751,1734
1768,1774
1794,1761
1775,1784
1790,1766
1762,1782
1818,1776
1795,1786
1754,1781
1826,1778
1805,1758
1756,1739
1790,1738
1734,1697
1726,1721
1753,1687
1722,1697
1757,1664
1677,1665
1654,1648
1679,1583
1680,1567
1653,1588
1644,1552
1633,1560
1549,1524
1555,1497
1503,1482
1530,1497
1476,1492
1487,1452
1490,1431
1453,1447
1453,1392
1442,1406
1428,1449
1409,1448
1431,1393
1377,1415
1368,1433
1337,1397
1420,1412
1396,1430
1399,1483
1467,1448
1421,1461
1447,1517
1442,1509
1473,1585
1495,1601
1515,1593
1540,1619
1598,1591
1568,1633
1597,1661
1597,1636
1608,1648
1668,1700
1641,1753
1688,1715
1713,1749
1724,1707
1722,1759
1760,1782
1751,1748
1790,1734
1763,1744
1757,1782
1786,1753
1778,1736
1784,1769
1772,1785
1813,1723
1751,1718
1742,1720
1759,1732
1724,1687
1712,1638
1665,1667
1682,1669
1717,1637
1655,1625
1629,1619
1630,1588
1628,1582
1567,1504
1580,1542
1527,1474
1512,1525
1534,1489
1490,1503
1475,1451
1403,1452
1447,1436
1456,1474
1437,1410
1362,1412
1415,1450
1420,1424
1428,1402
1345,1411
1397,1409
1420,1460
1462,1418
1421,1466
1479,1467
1476,1497
1466,1499
1486,1484
1537,1522
1510,1559
1523,1619
1573,1626
1579,1602
1611,1628
1596,1643
1665,1671
1664,1670
1695,1687
1686,1709
1711,1715
1729,1742
1765,1749
1773,1737
1759,1780
1778,1791
1810,1758
1802,1784
1795,1803
1765,1789
1802,1746
1783,1760
1785,1768
1791,1761
1776,1745
1777,1759
1755,1704
1736,1718
1748,1689
1735,1692
1709,1678
1692,1638
1680,1625
1675,1619
1631,1575
1564,1600
1554,1577
1527,1531
1509,1501
1470,1492
1526,1459
1475,1498
1481,1488
1471,1425
1430,1429
1475,1374
1396,1388
1412,1456
1325,1408
1422,1438
1364,1442
1376,1441
1415,1474
1415,1455
1456,1499
1417,1484
1453,1481
1459,1481
1457,1548
1488,1530
1517,1529
1507,1559
1549,1568
1555,1625
1607,1637
1571,1673
1690,1680
1607,1671
1701,1720
1694,1720
1748,1718
1706,1730
1753,1735
1750,1731
1755,1754
1750,1722
1794,1759
1770,1745
1742,1797
1776,1737
1805,1773
1756,1737
1781,1743
1813,1762
1796,1749
1714,1747
1717,1747
1727,1735
1729,1672
1695,1656
1660,1660
1742,1601
1646,1619
1650,1585
1633,1557
1545,1568
1579,1548
1566,1502
1535,1500
1552,1491
1518,1519
1500,1452
1464,1484
1449,1463
1456,1453
1476,1422
1405,1469
1412,1418
1377,1482
1414,1403
1396,1417
1369,1411
1431,1443
1453,1458
1427,1471
1457,1491
1428,1483
1496,1466
1545,1513
1492,1532
1497,1541
1551,1558
1584,1589
1557,1638
1606,1638
1610,1641
1632,1699
1583,1666
1663,1692
1707,1713
1669,1735
1754,1720
1737,1751
1710,1755
1756,1771
1765,1747
1813,1783
1810,1769
1816,1753
1792,1759
1810,1798
1787,1746
1840,1777
1783,1759
1749,1749
1719,1673
1748,1685
1753,1712
1681,1703
1692,1634
1637,1642
1669,1629
1621,1608
1589,1585
1531,1558
1593,1522
1565,1529
1578,1494
1553,1464
1518,1471
1470,1478
1448,1469
1465,1470
1449,1471
1433,1461
1445,1419
1389,1426
1428,1434
1436,1427
1388,1438
1372,1418
1419,1446
1403,1511
1443,1498
1448,1495
1470,1496
1458,1524
1439,1524
1482,1549
1524,1557
1543,1589
1587,1578
1583,1631
1597,1589
1583,1622
1612,1686
1666,1675
1694,1669
1728,1744
1708,1689
1713,1746
1761,1743
1765,1725
1765,1822
1787,1795
1778,1790
1748,1779
1799,1746
1750,1739
1757,1766
1763,1747
1807,1732
1731,1686
1784,1677
1795,1703
1757,1685
1698,1666
1683,1675
1693,1687
1682,1650
1645,1579
1638,1628
1581,1549
1578,1555
1580,1540
1590,1532
1495,1497
1562,1507
1497,1500
1464,1488
1455,1488
1473,1437
1446,1464
1438,1454
1433,1464
1422,1448
1414,1446
1422,1405
1404,1438
1440,1437
1429,1484
1455,1472
1417,1463
1417,1461
1484,1491
1472,1490
1476,1488
1543,1517
1551,1519
1511,1588
1577,1587
1528,1629
1599,1663
1595,1621
1665,1661
1683,1669
1693,1689
1705,1718
1715,1763
1728,1717
1721,1728
1780,1747
1729,1730
1776,1742
1806,1751
1765,1743
1778,1763
1765,1729
1816,1720
1754,1743
1742,1715
1746,1690
1753,1725
1787,1718
1752,1683
1738,1678
1699,1663
1665,1665
1692,1592
1644,1603
1645,1544
1574,1597
1551,1512
1569,1542
1541,1539
1528,1514
1461,1460
1452,1476
1500,1466
1457,1459
1498,1433
1432,1438
1441,1423
1469,1421
1397,1459
1393,1422
1461,1440
1456,1458
1397,1455
1454,1426
1446,1485
1429,1518
1506,1478
1454,1527
1477,1511
1525,1567
1509,1554
1527,1568
1534,1572
1601,1634
1576,1680
1596,1619
1600,1657
1646,1643
1627,1701
1718,1721
1691,1745
1739,1717
1741,1734
1781,1782
1733,1730
1795,1768
1794,1762
1745,1748
1770,1783
1757,1784
1802,1754
1774,1719
1764,1769
1723,1727
1764,1697
1762,1659
1723,1682
1691,1644
1690,1657
1664,1632
1662,1642
1622,1584
1607,1572
1570,1583
1549,1574
1537,1579
1532,1533
1518,1513
1517,1467
1478,1494
1449,1467
1418,1446
1446,1455
1423,1416
1432,1425
1461,1424
1443,1429
1419,1446
1436,1478
1433,1456
1412,1437
1426,1443
1413,1484
1484,1550
1439,1494
1482,1519
1510,1535
1532,1551
1552,1595
1577,1591
1578,1612
1594,1610
1587,1620
1641,1648
1635,1697
1698,1697
1693,1698
1705,1668
1698,1732
1683,1731
1750,1757
1721,1813
1801,1758
1786,1769
1748,1757
1787,1731
1735,1746
1764,1752
1777,1722
1735,1722
1776,1756
1740,1723
1746,1724
1744,1672
1719,1665
1712,1651
1649,1623
1605,1637
1606,1629
1615,1594
1606,1568
1568,1552
1544,1540
1535,1532
1535,1533
1517,1476
1519,1488
1437,1448
1466,1461
1464,1470
1400,1463
1395,1453
1438,1436
1452,1450
1417,1464
1415,1474
1468,1481
1427,1486
1416,1484
1415,1450
1450,1476
1477,1509
1501,1529
1476,1489
1544,1587
1525,1561
1551,1558
1573,1621
1545,1654
1613,1645
1666,1690
1632,1667
1659,1660
1689,1684
1731,1685
1726,1722
1788,1783
1738,1745
1758,1736
1785,1747
1763,1776
1795,1773
1793,1835
1769,1765
1737,1707
1765,1751
1767,1762
1781,1761
1742,1746
1728,1690
1686,1641
1725,1653
1657,1616
1682,1631
1688,1598
1615,1585
1658,1622
1598,1528
1558,1573
1585,1493
1473,1478
1542,1486
1519,1497
1471,1440
1448,1454
1441,1481
1453,1430
1378,1471
1439,1430
1384,1406
1421,1438
1467,1456
1475,1395
1371,1489
1398,1476
1414,1475
1475,1478
1474,1472
1497,1553
1484,1571
1522,1537
1556,1588
1520,1616
1582,1560
1623,1619
1634,1627
1586,1662
1628,1676
1667,1681
1705,1724
1690,1708
1659,1722
1713,1738
1742,1723
1794,1701
1781,1749
1760,1750
1755,1753
1783,1758
1756,1718
1782,1751
1733,1785
1815,1719
1769,1745
1730,1705
1732,1693
1713,1705
1652,1680
1679,1648
1713,1631
1642,1617
1631,1608
1635,1562
1585,1547
1564,1538
1561,1585
1543,1503
1496,1504
1504,1484
1480,1451
1482,1481
1455,1455
1426,1448
1448,1414
1404,1433
1408,1431
1440,1451
1431,1475
1430,1449
1424,1417
1420,1449
1457,1487
1466,1518
1445,1486
1483,1479
1497,1509
1534,1572
1556,1558
1592,1608
1560,1594
1616,1635
1607,1619
1596,1612
1647,1665
1646,1700
1702,1698
1701,1681
1707,1743
1751,1758
1741,1731
1734,1737
1807,1738
1764,1775
1760,1765
1770,1786
1757,1764
1799,1717
1767,1754
1754,1723
1764,1721
1775,1714
1692,1700
1717,1672
1686,1653
1666,1641
1653,1623
1647,1617
1659,1600
1624,1568
1580,1595
1512,1536
1544,1517
1531,1483
1496,1467
1464,1508
1487,1479
1484,1447
1442,1469
1418,1451
1422,1401
1374,1452
1427,1443
1414,1442
1426,1445
1458,1481
1440,1485
1441,1457
1452,1464
1492,1496
1518,1513
1522,1497
1480,1553
1518,1545
1578,1609
1603,1583
1562,1606
1627,1638
1634,1631
1633,1628
1662,1644
1692,1688
1712,1697
1722,1734
1716,1738
1705,1741
1753,1774
1755,1762
1792,1770
1772,1724
1785,1769
1783,1789
1759,1707
1800,1748
1805,1728
1741,1742
1755,1742
1785,1722
1710,1709
1713,1665
1690,1669
1648,1632
1660,1622
1646,1609
1589,1586
1604,1570
1612,1530
1558,1514
1531,1445
1487,1464
1499,1485
1484,1483
1467,1484
1450,1458
1424,1457
1472,1433
1442,1470
1406,1459
1424,1404
1432,1415
1447,1475
1440,1461
1418,1479
1430,1500
1482,1477
1512,1488
1447,1522
1464,1556
1538,1505
1522,1577
1603,1563
1591,1597
1595,1610
1624,1668
1658,1659
1646,1698
1700,1718
1647,1727
1723,1739
1748,1740
1743,1749
1762,1763
1793,1781
1771,1761
1790,1764
1749,1740
1780,1758
1702,1752
1806,1737
1803,1744
1725,1740
1714,1749
1781,1663
1751,1685
1657,1687
1681,1627
1667,1669
1626,1634
1658,1593
1643,1559
1642,1591
1543,1533
1597,1502
1553,1496
1544,1467
1495,1490
1450,1455
1457,1487
1447,1479
1422,1452
1411,1415
1449,1437
1448,1482
1377,1427
1407,1446
1423,1458
1472,1435
1440,1485
1485,1486
1442,1512
1494,1516
1483,1528
1497,1544
1506,1576
1574,1576
1603,1581
1606,1658
1585,1633
1622,1631
1647,1690
1686,1667
1698,1697
1677,1727
1694,1699
1727,1756
1751,1721
1781,1766
1763,1783
1753,1788
1753,1790
1806,1774
1842,1749
1784,1806
1792,1740
1760,1705
1804,1756
1760,1756
1710,1696
1733,1663
1687,1644
1651,1593
1694,1633
1618,1634
1570,1588
1615,1542
1579,1584
1490,1507
1508,1514
1537,1504
1503,1502
1500,1484
1442,1457
1391,1451
1384,1433
1472,1425
1451,1453
1422,1424
1420,1437
1443,1426
1454,1462
1421,1450
1402,1498
1466,1478
1474,1501
1478,1480
1478,1532
1480,1563
1497,1566
1577,1615
1560,1625
1573,1622
1560,1644
1620,1654
1623,1664
1656,1680
1724,1697
1733,1728
1687,1690
1757,1700
1747,1768
1740,1732
1748,1768
1783,1735
1780,1790
1801,1765
1823,1789
1816,1717
1765,1722
1816,1731
1736,1740
1759,1744
1724,1702
1698,1621
1692,1681
1644,1638
1644,1626
1627,1573
1610,1549
1627,1543
1590,1582
1521,1473
1526,1548
1560,1486
1487,1476
1458,1503
1464,1444
1387,1421
1468,1461
1488,1443
1388,1446
1443,1454
1435,1421
1408,1429
1418,1457
1409,1443
1431,1485
1443,1462
1489,1536
1467,1488
1479,1504
1481,1519
1549,1568
1576,1570
1554,1621
1577,1602
1594,1647
1642,1654
1670,1670
1688,1674
1662,1728
1691,1734
1749,1708
1729,1730
1782,1755
1785,1748
1707,1768
1799,1773
1767,1791
1815,1747
1778,1763
1803,1738
1819,1747
1804,1724
1763,1757
1717,1730
1744,1684
1695,1644
1689,1644
1704,1609
1680,1617
1572,1580
1598,1554
1584,1557
1594,1550
1550,1504
1572,1501
1496,1498
1518,1458
1506,1480
1482,1454
1472,1431
1404,1421
1480,1439
1406,1422
1397,1422
1421,1419
1429,1450
1424,1403
1423,1475
1434,1489
1440,1481
1448,1496
1480,1504
1496,1524
1510,1534
1536,1566
1519,1596
1584,1615
1600,1617
1571,1645
1586,1693
1642,1706
1691,1695
1648,1686
1715,1755
1700,1724
1774,1725
1753,1726
1805,1716
1810,1749
1767,1753
1774,1792
1771,1769
1735,1751
1778,1764
1781,1772
1762,1757
1766,1726
1700,1724
1716,1708
1684,1649
1685,1637
1666,1627
1641,1586
1569,1574
1573,1586
1594,1529
1579,1521
1520,1506
1525,1498
1497,1495
1481,1475
1447,1458
1428,1435
1460,1430
1463,1444
1396,1429
1420,1473
1411,1468
1426,1420
1398,1464
1385,1500
1436,1495
1391,1459
1467,1496
1456,1521
1519,1540
1501,1582
1501,1590
1559,1596
1538,1571
1590,1639
1604,1637
1636,1693
1676,1663
1674,1715
1685,1718
1706,1762
1692,1736
1779,1783
1759,1773
1795,1750
1790,1774
1823,1752
1780,1799
1769,1758
1821,1747
1782,1738
1765,1726
1788,1704
1736,1750
1764,1717
1733,1686
1683,1686
1687,1630
1687,1627
1657,1601
1595,1572
1580,1563
1506,1566
1552,1556
1548,1511
1517,1525
1506,1494
1461,1434
1485,1445
1466,1451
1458,1394
1406,1388
1444,1407
1363,1433
1411,1446
1392,1424
1435,1427
1460,1477
1443,1471
1470,1503
1415,1505
1473,1529
1533,1538
1482,1581
1506,1559
1570,1607
1592,1603
1593,1668
1619,1650
1660,1660
1642,1676
1644,1659
1684,1722
1754,1744
1709,1769
1807,1757
1719,1734
1716,1740
1808,1766
1772,1766
1807,1778
1790,1755
1767,1769
1787,1708
1775,1726
1765,1725
1779,1716
1702,1705
1683,1693
1694,1628
1682,1659
1642,1591
1660,1575
1604,1585
1606,1550
1525,1529
1590,1533
1534,1523
1473,1492
1445,1463
1454,1427
1477,1420
1422,1421
1417,1443
1388,1446
1394,1420
1359,1471
1367,1386
1424,1442
1414,1467
1440,1408
1431,1513
1462,1495
1444,1507
1454,1495
1495,1516
1507,1522
1542,1573
1584,1603
1593,1629
1605,1633
1641,1648
1635,1685
1645,1716
1729,1727
1772,1711
1747,1766
1751,1728
1728,1800
1762,1771
1762,1780
1779,1784
1741,1771
1792,1777
1801,1775
1806,1784
1776,1750
1748,1741
