ch1,ch2
1597,1645
1608,1631
1651,1683
1657,1684
1656,1733
1692,1710
1719,1730
1732,1773
1759,1801
1783,1773
1815,1807
1800,1795
1817,1802
1774,1782
1821,1767
1839,1799
1813,1795
1804,1778
1814,1779
1794,1744
1786,1697
1777,1724
1770,1689
1731,1684
1738,1654
1678,1648
1695,1606
1687,1589
1656,1562
1621,1564
1579,1541
1499,1551
1564,1490
1527,1522
1492,1471
1498,1462
1449,1433
1465,1425
1414,1415
1411,1413
1412,1428
1404,1401
1382,1409
1397,1404
1387,1418
1416,1453
1393,1399
1387,1450
1413,1447
1394,1435
1440,1474
1471,1498
1462,1533
1433,1485
1485,1562
1510,1539
1517,1586
1566,1599
1604,1639
1615,1635
1624,1651
1621,1675
1691,1695
1686,1714
1726,1741
1757,1728
1787,1733
1749,1752
1759,1786
1790,1762
1784,1816
1812,1800
1839,1807
1829,1780
1844,1804
1821,1789
1793,1769
1806,1789
1803,1740
1755,1743
1763,1724
1753,1725
1702,1683
1713,1663
1704,1613
1690,1623
1642,1610
1632,1549
1618,1565
1542,1507
1559,1498
1555,1533
1523,1482
1490,1481
1468,1464
1474,1461
1456,1398
1460,1434
1402,1420
1385,1413
1380,1386
1423,1412
1368,1396
1396,1437
1426,1440
1396,1422
1392,1441
1396,1433
1437,1476
1448,1464
1436,1490
1463,1493
1491,1495
1456,1569
1507,1548
1566,1601
1557,1601
1583,1612
1621,1639
1641,1652
1646,1701
1710,1720
1702,1686
1712,1754
1733,1729
1745,1768
1802,1786
1784,1774
1777,1819
1789,1765
1819,1816
1847,1809
1795,1771
1805,1808
1820,1785
1829,1773
1806,1757
1794,1771
1771,1720
1785,1724
1763,1701
1718,1680
1718,1648
1691,1636
1681,1620
1615,1597
1636,1576
1589,1553
1594,1544
1567,1510
1524,1501
1532,1458
1441,1473
1484,1452
1430,1425
1439,1417
1418,1375
1426,1384
1392,1411
1416,1404
1395,1404
1421,1401
1371,1408
1407,1399
1399,1447
1409,1446
1417,1464
1424,1487
1426,1477
1468,1451
1477,1520
1528,1545
1540,1571
1538,1567
1581,1608
1555,1586
1557,1636
1603,1679
1625,1683
1700,1721
1707,1695
1748,1719
1722,1739
1770,1748
1777,1781
1782,1762
1789,1785
1790,1789
1785,1798
1829,1810
1842,1776
1805,1800
1827,1790
1791,1766
1859,1777
1817,1746
1789,1719
1732,1731
1762,1735
1728,1698
1727,1673
1682,1637
1670,1637
1681,1571
1648,1577
1598,1576
1626,1520
1516,1507
1545,1504
1523,1483
1495,1469
1502,1443
1446,1448
1426,1426
1429,1387
1423,1419
1376,1418
1395,1382
1409,1395
1392,1429
1375,1392
1410,1393
1365,1435
1396,1443
1423,1406
1406,1436
1434,1456
1423,1506
1415,1511
1469,1564
1499,1535
1498,1574
1540,1606
1587,1603
1598,1645
1614,1651
1630,1695
1679,1694
1666,1718
1658,1723
1696,1739
1761,1770
1750,1768
1783,1771
1770,1753
1828,1822
1832,1822
1832,1798
1802,1785
1816,1781
1839,1775
1788,1753
1819,1779
1772,1786
1793,1736
1769,1716
1770,1715
1753,1698
1710,1648
1678,1672
1698,1581
1641,1598
1630,1591
1595,1555
1586,1571
1524,1518
1562,1530
1520,1512
1473,1477
1477,1427
1453,1445
1409,1402
1462,1445
1396,1435
1399,1385
1361,1376
1386,1402
1349,1403
1351,1390
1360,1424
1376,1422
1387,1426
1382,1427
1363,1476
1434,1461
1463,1503
1465,1500
1481,1535
1533,1550
1499,1562
1576,1607
1577,1639
1575,1621
1624,1662
1623,1707
1641,1704
1676,1707
1696,1750
1778,1739
1715,1753
1781,1768
1753,1846
1770,1798
1805,1805
1800,1781
1852,1819
1848,1809
1843,1798
1833,1798
1837,1790
1855,1778
1812,1764
1790,1726
1791,1687
1764,1715
1749,1720
1743,1653
1697,1656
1678,1627
1636,1593
1622,1588
1606,1576
1603,1575
1544,1520
1548,1510
1528,1491
1433,1513
1446,1450
1462,1440
1434,1412
1436,1392
1379,1409
1383,1403
1378,1440
1348,1377
1370,1381
1395,1383
1368,1424
1368,1410
1359,1420
1381,1439
1405,1448
1375,1465
1458,1476
1439,1515
1480,1532
1499,1538
1533,1558
1553,1615
1561,1590
1605,1627
1585,1656
1663,1682
1664,1667
1704,1727
1737,1762
1754,1723
1724,1801
1761,1781
1785,1802
1807,1813
1826,1800
1820,1816
1792,1797
1825,1804
1849,1794
1800,1812
1788,1803
1826,1758
1781,1746
1780,1753
1772,1714
1773,1721
1729,1687
1727,1663
1669,1689
1682,1655
1645,1603
1590,1610
1588,1576
1600,1563
1533,1514
1509,1514
1543,1476
1488,1467
1464,1438
1425,1425
1423,1415
1401,1436
1389,1413
1401,1369
1369,1408
1387,1396
1365,1384
1347,1362
1379,1395
1378,1431
1353,1397
1414,1427
1392,1447
1428,1492
1446,1500
1442,1496
1470,1558
1510,1581
1500,1565
1557,1562
1544,1646
1652,1661
1602,1690
1674,1700
1670,1677
1679,1724
1707,1738
1750,1762
1740,1757
1805,1783
1798,1807
1807,1789
1858,1802
1827,1845
1803,1800
1849,1821
1846,1791
1806,1804
1828,1811
1839,1759
1812,1729
1763,1749
1789,1736
1775,1704
1726,1685
1737,1696
1698,1646
1681,1646
1636,1567
1625,1580
1599,1561
1579,1546
1547,1501
1508,1483
1505,1426
1467,1413
1465,1445
1433,1428
1437,1409
1402,1398
1389,1403
1383,1401
1363,1375
1398,1418
1406,1394
1343,1373
1352,1403
1389,1419
1342,1414
1399,1446
1383,1464
1426,1442
1448,1482
1497,1508
1478,1527
1506,1572
1500,1581
1554,1605
1578,1627
1647,1638
1618,1669
1702,1705
1706,1717
1711,1734
1704,1748
1750,1790
1754,1798
1794,1764
1777,1800
1814,1822
1858,1787
1847,1806
1862,1804
1860,1813
1820,1796
1812,1807
1816,1814
1798,1792
1801,1773
1794,1761
1738,1722
1775,1698
1742,1685
1728,1664
1721,1630
1658,1612
1644,1587
1599,1557
1580,1549
1563,1513
1524,1506
1519,1471
1503,1472
1482,1461
1438,1475
1390,1393
1393,1415
1401,1399
1352,1378
1387,1389
1383,1369
1387,1378
1355,1411
1344,1403
1366,1381
1399,1417
1432,1478
1423,1443
1416,1472
1427,1482
1442,1490
1475,1515
1485,1546
1516,1573
1556,1591
1573,1640
1599,1652
1614,1661
1686,1667
1698,1669
1669,1722
1718,1757
1767,1757
1770,1776
1782,1812
1760,1791
1798,1799
1831,1791
1807,1845
1846,1812
1821,1783
1837,1813
1815,1826
1817,1772
1831,1752
1803,1727
1806,1762
1783,1723
1760,1733
1682,1712
1732,1681
1690,1657
1692,1596
1651,1577
1608,1569
1599,1556
1581,1546
1566,1519
1529,1478
1508,1493
1485,1455
1457,1438
1410,1422
1387,1412
1407,1432
1387,1401
1368,1393
1356,1398
1372,1347
1330,1378
1377,1392
1372,1410
1367,1390
1363,1444
1400,1441
1462,1471
1407,1472
1423,1494
1479,1507
1524,1554
1488,1574
1529,1583
1585,1609
1630,1651
1601,1660
1657,1667
1670,1710
1704,1701
1742,1726
1745,1763
1764,1777
1758,1789
1810,1804
1825,1800
1808,1802
1848,1822
1834,1826
1851,1823
1842,1808
1835,1805
1790,1769
1840,1764
1818,1766
1798,1749
1782,1732
1764,1726
1758,1689
1729,1690
1700,1672
1683,1612
1682,1586
1594,1599
1603,1566
1574,1555
1554,1501
1485,1466
1495,1508
1468,1463
1443,1459
1397,1429
1448,1402
1361,1399
1395,1403
1371,1359
1313,1393
1351,1381
1380,1395
1331,1403
1368,1391
1385,1431
1378,1395
1371,1426
1414,1462
1416,1485
1434,1507
1438,1514
1487,1533
1494,1571
1517,1563
1562,1601
1589,1651
1627,1668
1657,1685
1655,1699
1664,1739
1711,1751
1747,1749
1795,1793
1753,1778
1764,1798
1802,1809
1805,1834
1814,1800
1851,1838
1826,1828
1847,1819
1819,1792
1825,1777
1819,1755
1805,1778
1813,1731
1833,1724
1751,1713
1780,1700
1751,1652
1734,1654
1681,1632
1633,1595
1632,1598
1584,1550
1570,1539
1547,1491
1529,1505
1523,1440
1456,1460
1459,1468
1443,1439
1447,1408
1396,1389
1366,1350
1380,1399
1368,1370
1342,1376
1353,1400
1348,1391
1325,1407
1380,1405
1357,1439
1425,1436
1412,1461
1419,1447
1463,1500
1450,1481
1518,1524
1513,1542
1556,1590
1589,1613
1589,1622
1619,1640
1651,1656
1705,1694
1664,1742
1688,1740
1738,1728
1752,1803
1776,1766
1780,1797
1796,1813
1864,1803
1885,1776
1827,1827
1842,1812
1864,1806
1841,1795
1814,1797
1811,1765
1819,1773
1773,1762
1809,1715
1787,1731
1746,1703
1725,1689
1711,1660
1700,1656
1641,1614
1614,1556
1600,1549
1594,1549
1565,1511
1520,1466
1515,1471
1523,1459
1450,1461
1432,1424
1418,1427
1393,1422
1375,1392
1356,1382
1364,1385
1379,1367
1355,1367
1363,1425
1371,1370
1397,1423
1368,1410
1372,1456
1406,1428
1421,1493
1454,1475
1441,1508
1474,1556
1482,1566
1550,1583
1556,1620
1577,1623
1596,1641
1627,1652
1672,1706
1665,1699
1732,1716
1717,1724
1786,1777
1746,1787
1779,1786
1811,1775
1822,1791
1822,1839
1819,1840
1849,1783
1873,1821
1826,1790
1811,1781
1828,1778
1781,1779
1822,1762
1808,1726
1735,1707
1742,1719
1735,1655
1673,1650
1682,1625
1631,1595
1643,1586
1598,1572
1544,1514
1548,1535
1506,1507
1478,1489
1486,1464
1466,1440
1410,1400
1423,1423
1421,1403
1365,1421
1330,1382
1342,1380
1356,1402
1339,1407
1337,1424
1386,1396
1363,1382
1349,1448
1407,1409
1402,1443
1426,1477
1431,1495
1459,1522
1536,1517
1510,1538
1533,1588
1578,1587
1600,1640
1622,1649
1614,1654
1672,1672
1640,1733
1711,1725
1734,1780
1766,1796
1761,1800
1783,1774
1828,1824
1826,1842
1825,1813
1805,1839
1830,1821
1841,1800
1804,1830
1808,1748
1835,1798
1819,1761
1814,1746
1785,1738
1780,1730
1746,1705
1758,1680
1700,1659
1633,1649
1654,1624
1593,1584
1613,1542
1562,1527
1543,1526
1513,1473
1502,1479
1499,1444
1455,1413
1392,1393
1400,1468
1377,1420
1409,1387
1382,1382
1362,1394
1357,1412
1344,1391
1333,1400
1358,1432
1334,1410
1363,1429
1394,1446
1392,1460
1405,1473
1435,1512
1451,1515
1475,1512
1522,1568
1536,1570
1586,1639
1590,1621
1644,1686
1653,1709
1692,1694
1712,1722
1737,1771
1775,1751
1780,1755
1809,1794
1770,1793
1847,1818
1815,1804
1848,1797
1837,1823
1862,1818
1806,1806
1843,1811
1819,1772
1833,1762
1798,1773
1784,1719
1785,1745
1778,1707
1747,1698
1729,1655
1702,1657
1681,1602
1645,1560
1631,1584
1594,1516
1570,1526
1526,1480
1498,1512
1500,1453
1481,1448
1431,1444
1447,1407
1388,1366
1414,1407
1390,1392
1385,1385
1395,1377
1368,1388
1330,1398
1354,1390
1367,1402
1357,1401
1380,1428
1370,1463
1373,1475
1446,1470
1458,1483
1476,1524
1443,1566
1524,1581
1577,1598
1546,1625
1627,1643
1620,1674
1643,1701
1658,1735
1691,1708
1721,1713
1749,1754
1770,1782
1815,1813
1815,1809
1796,1818
1820,1819
1846,1818
1853,1831
1829,1820
1799,1815
1839,1777
1859,1764
1818,1778
1816,1743
1805,1751
1787,1742
1722,1692
1768,1657
1692,1629
1670,1626
1687,1580
1620,1585
1583,1536
1576,1560
1558,1557
1525,1503
1483,1485
1485,1461
1466,1427
1431,1419
1468,1396
1393,1404
1407,1395
1377,1370
1379,1408
1383,1372
1376,1376
1377,1371
1362,1394
1342,1414
1393,1433
1401,1440
1397,1472
1438,1490
1453,1500
1468,1524
1496,1532
1509,1526
1519,1580
1593,1622
1585,1625
1618,1665
1652,1659
1632,1700
1678,1742
1725,1755
1759,1760
1752,1755
1775,1805
1784,1791
1817,1808
1838,1798
1854,1812
1807,1807
1827,1839
1849,1803
1808,1811
1828,1795
1819,1784
1795,1749
1788,1751
1799,1731
1759,1715
1754,1676
1742,1684
1705,1630
1684,1659
1636,1576
1633,1550
1588,1550
1546,1533
1517,1497
1505,1469
1530,1474
1466,1457
1459,1462
1431,1449
1401,1409
1374,1413
1393,1393
1408,1385
1374,1402
1387,1402
1372,1381
1378,1394
1381,1399
1382,1407
1369,1420
1377,1435
1424,1433
1407,1497
1441,1474
1460,1496
1476,1533
1516,1586
1532,1605
1564,1620
1600,1632
1656,1641
1626,1695
1687,1692
1696,1688
1669,1741
1730,1749
1775,1773
1784,1803
1816,1803
1826,1816
1801,1798
1820,1824
1804,1786
1852,1788
1829,1826
1822,1809
1823,1807
1817,1778
1843,1745
1772,1767
1784,1705
1773,1722
1729,1668
1755,1674
1699,1651
1671,1625
1642,1592
1603,1594
1610,1576
1545,1530
1521,1499
1490,1490
1499,1450
1467,1464
1510,1426
1428,1416
1428,1413
1416,1429
1403,1363
1366,1357
1390,1404
1381,1387
1352,1388
1397,1401
1346,1428
1392,1420
1370,1441
1370,1463
1416,1467
1431,1465
1452,1483
1476,1525
1544,1542
1493,1578
1519,1616
1551,1629
1577,1644
1601,1685
1640,1683
1671,1714
1703,1707
1734,1741
1751,1750
1764,1772
1775,1788
1773,1771
1807,1832
1794,1800
1841,1804
1796,1824
1841,1815
1824,1819
1813,1782
1821,1784
1809,1756
1816,1734
1768,1741
1750,1703
1778,1704
1757,1655
1720,1664
1666,1626
1650,1601
1630,1562
1586,1566
1581,1537
1530,1510
1527,1485
1518,1482
1485,1441
1473,1436
1473,1433
1423,1430
1405,1403
1395,1392
1361,1368
1372,1392
1361,1400
1326,1398
1386,1394
1352,1401
1405,1402
1354,1454
1419,1445
1386,1479
1427,1449
1434,1497
1490,1523
1513,1518
1465,1538
1544,1600
1559,1585
1579,1611
1626,1671
1616,1675
1636,1702
1696,1713
1699,1742
1723,1743
1748,1755
1775,1814
1800,1806
1803,1765
1821,1810
1808,1812
1839,1801
1833,1844
1821,1779
1788,1789
1852,1787
1812,1774
1773,1784
1795,1717
1783,1718
1771,1708
1752,1679
1703,1698
1699,1639
1687,1637
1656,1636
1654,1602
1612,1553
1546,1517
1553,1521
1516,1487
1482,1488
1489,1443
1437,1421
1466,1427
1421,1429
1389,1362
1399,1393
1333,1396
1370,1384
1364,1397
1365,1406
1368,1384
1386,1418
1379,1405
1382,1407
1385,1438
1426,1449
1435,1497
1421,1497
1464,1518
1520,1549
1509,1571
1505,1592
1563,1619
1599,1651
1633,1637
1642,1664
1687,1713
1657,1694
1726,1731
1731,1760
1750,1765
1784,1801
1762,1779
1777,1802
1827,1822
1852,1795
1814,1835
1826,1817
1805,1814
1812,1783
1807,1770
1825,1787
1819,1763
1805,1745
1766,1723
1721,1725
1694,1681
1702,1639
1683,1637
1680,1629
1642,1616
1637,1591
1606,1544
1555,1555
1552,1501
1525,1481
1477,1482
1456,1434
1463,1437
1400,1414
1399,1426
1396,1430
1416,1376
1371,1418
1384,1391
1403,1414
1377,1393
1354,1417
1376,1389
1398,1452
1366,1452
1397,1504
1462,1445
1436,1470
1471,1501
1539,1557
1487,1549
1520,1576
1567,1592
1575,1586
1584,1642
1622,1651
1606,1699
1653,1683
1698,1692
1721,1752
1716,1724
1754,1747
1768,1765
1799,1779
1802,1792
1796,1813
1823,1788
1827,1826
1831,1809
1849,1773
1832,1755
1799,1804
1801,1766
1807,1760
1786,1720
1783,1734
1771,1733
1729,1680
1713,1694
1667,1645
1650,1590
1585,1599
1609,1583
1580,1536
1581,1514
1574,1502
1496,1492
1484,1447
1483,1485
1424,1453
1431,1435
1393,1409
1426,1398
1356,1391
1354,1407
1378,1425
1372,1413
1369,1428
1394,1402
1406,1440
1404,1426
1395,1421
1399,1453
1397,1496
1432,1510
1462,1517
1479,1548
1510,1545
1520,1605
1545,1582
1587,1636
1590,1638
1642,1638
1655,1713
1681,1697
1716,1714
1712,1749
1748,1750
1808,1795
1792,1796
1807,1788
1818,1814
1819,1803
1828,1814
1820,1803
1788,1787
1843,1791
1835,1823
1821,1768
1793,1761
1772,1777
1780,1720
1742,1717
1739,1701
1724,1692
1745,1672
1711,1641
1666,1615
1632,1583
1602,1572
1594,1529
1555,1522
1544,1445
1545,1482
1516,1464
1498,1463
1442,1434
1458,1420
1436,1413
1405,1387
1409,1387
1372,1388
1380,1388
1383,1400
1366,1413
1387,1435
1389,1437
1383,1440
1374,1454
1442,1443
1450,1464
1481,1498
1457,1510
1528,1537
1496,1563
1570,1574
1578,1599
1610,1623
1577,1631
1623,1664
1624,1659
1700,1707
1715,1711
1740,1758
1717,1730
1775,1800
1772,1785
1798,1790
1787,1799
1768,1802
1812,1821
1860,1804
1841,1800
1820,1775
1826,1773
1821,1759
1797,1759
1810,1721
1752,1734
1748,1672
1753,1653
1739,1701
1689,1651
1684,1606
1661,1613
1635,1587
1611,1560
1549,1560
1551,1525
1513,1497
1521,1461
1511,1466
1463,1414
1455,1414
1417,1435
1416,1413
1370,1403
1426,1430
1401,1424
1367,1407
1391,1403
1378,1402
1398,1412
1383,1441
1386,1443
1399,1473
1417,1469
1438,1464
1451,1502
1441,1509
1438,1541
1526,1553
1539,1616
1579,1571
1600,1605
1632,1645
1653,1658
1681,1687
1710,1707
1702,1688
1708,1750
1718,1755
1756,1770
1741,1775
1807,1794
1754,1784
1804,1795
1797,1824
1832,1808
1820,1801
1795,1773
1783,1774
1813,1746
1789,1820
1777,1735
1763,1726
1715,1724
1731,1700
1707,1671
1677,1639
1695,1623
1660,1621
1644,1579
1601,1588
1595,1536
1545,1526
1514,1520
1523,1519
1489,1499
1475,1388
1442,1421
1443,1429
1429,1400
1377,1390
1395,1416
1396,1410
1371,1381
1376,1411
1360,1416
1375,1401
1411,1411
1416,1441
1442,1446
1450,1450
1463,1487
1449,1488
1464,1515
1492,1549
1529,1550
1521,1585
1577,1614
1585,1597
1646,1647
1645,1696
1647,1693
1654,1695
1715,1722
1714,1716
1731,1767
1765,1782
1797,1779
1781,1784
1811,1783
1797,1778
1784,1778
1799,1770
1787,1753
1804,1800
1820,1754
1780,1785
1800,1760
1787,1785
1771,1705
1729,1713
1739,1687
1732,1673
1698,1647
1677,1644
1613,1596
1635,1582
1595,1559
1601,1531
1551,1519
1540,1488
1540,1471
1475,1499
1471,1466
1503,1440
1422,1413
1453,1431
1400,1424
1423,1409
1397,1408
1384,1410
1406,1399
1403,1396
1379,1445
1442,1429
1409,1466
1398,1450
1433,1468
1415,1482
1438,1504
1468,1546
1505,1543
1526,1563
1531,1550
1534,1608
1586,1619
1575,1632
1633,1681
1681,1681
1640,1703
1685,1702
1720,1733
1730,1721
1735,1774
1759,1769
1794,1804
1807,1817
1776,1754
1814,1778
1832,1785
1809,1770
1837,1812
1833,1775
1789,1769
1790,1760
1782,1748
1735,1733
1746,1697
1751,1703
1715,1654
1699,1633
1698,1645
1629,1628
1616,1597
1642,1585
1556,1536
1567,1562
1521,1537
1516,1489
1510,1472
1483,1443
1493,1451
1474,1422
1443,1444
1464,1411
1387,1429
1426,1412
1384,1428
1392,1423
1392,1407
1411,1446
1387,1437
1404,1448
1421,1449
1432,1480
1469,1453
1462,1504
1461,1518
1473,1520
1491,1575
1529,1577
1547,1572
1591,1611
1608,1659
1601,1644
1650,1693
1683,1676
1685,1729
1738,1732
1753,1758
1743,1737
1754,1783
1786,1771
1746,1784
1768,1781
1823,1810
1796,1792
1804,1765
1796,1792
1823,1770
1823,1765
1754,1731
1775,1761
1768,1728
1782,1706
1728,1693
1724,1674
1700,1651
1676,1662
1679,1614
1640,1588
1620,1575
1565,1555
1579,1542
1541,1518
1523,1526
1493,1483
1492,1465
1485,1479
1450,1445
1466,1424
1443,1419
1392,1424
1431,1392
1451,1440
1389,1439
1389,1435
1360,1412
1384,1418
1392,1456
1414,1452
1409,1439
1414,1495
1442,1474
1485,1500
1465,1567
1526,1537
1532,1570
1526,1564
1576,1604
1585,1636
1608,1657
1666,1658
1632,1676
1678,1694
1689,1687
1735,1716
1710,1728
1744,1743
1751,1754
1777,1776
1814,1777
1800,1808
1783,1775
1776,1842
1829,1773
1787,1787
1806,1743
1809,1744
1780,1712
1774,1727
1759,1745
1748,1706
1748,1691
1715,1637
1689,1628
1684,1620
1668,1605
1605,1561
1611,1559
1556,1575
1575,1528
1565,1515
1500,1496
1492,1499
1483,1467
1492,1448
1479,1422
1417,1441
1431,1459
1420,1443
1426,1440
1399,1434
1380,1438
1405,1439
1407,1431
1403,1429
1440,1472
1446,1455
1424,1479
1446,1461
1462,1509
1480,1531
1500,1511
1534,1574
1548,1599
1579,1579
1556,1612
1605,1610
1624,1653
1670,1671
1642,1705
1654,1672
1722,1726
1745,1739
1739,1746
1730,1761
1797,1771
1785,1755
1805,1762
1773,1784
1799,1781
1800,1795
1793,1771
1788,1750
1813,1762
1744,1726
1778,1779
1749,1720
1756,1746
1730,1728
1715,1674
1718,1675
1726,1651
1617,1621
1641,1621
1636,1592
1621,1555
1581,1560
1576,1526
1527,1524
1538,1483
1512,1472
1483,1474
1463,1464
1461,1442
1447,1410
1396,1436
1413,1385
1406,1414
1359,1403
1413,1407
1413,1467
1393,1435
1414,1443
1409,1468
1412,1447
1455,1472
1446,1470
1465,1488
1507,1512
1527,1534
1468,1532
1557,1577
1530,1593
1555,1630
1585,1625
1636,1662
1673,1655
1669,1670
1698,1707
1707,1715
1710,1738
1728,1761
1776,1733
1757,1761
1743,1749
1750,1809
1780,1786
1769,1761
1797,1801
1818,1750
1827,1764
1823,1735
1781,1722
1780,1746
1797,1715
1749,1695
1712,1678
1728,1649
1669,1642
1668,1626
1673,1635
1628,1588
1627,1578
1598,1573
1593,1565
1577,1550
1537,1506
1501,1494
1533,1492
1460,1465
1458,1459
1430,1424
1424,1437
1434,1424
1428,1447
1408,1431
1396,1434
1380,1419
1411,1423
1427,1471
1420,1406
1417,1427
1416,1500
1441,1493
1459,1488
1487,1509
1509,1505
1523,1525
1474,1552
1516,1582
1565,1593
1600,1614
1577,1622
1644,1651
1646,1648
1631,1701
1694,1695
1689,1708
1729,1732
1729,1744
1749,1759
1745,1752
1765,1779
1781,1787
1720,1765
1782,1794
1805,1768
1794,1750
1819,1780
1795,1741
1765,1744
1791,1732
1758,1719
1746,1726
1730,1709
1724,1677
1688,1668
1697,1646
1647,1599
1656,1587
1597,1592
1621,1557
1611,1537
1590,1545
1547,1502
1527,1512
1509,1490
1488,1452
1505,1477
1430,1462
1427,1467
1452,1472
1383,1440
1416,1404
1401,1411
1399,1429
1400,1422
1384,1414
1392,1476
1432,1438
1418,1466
1433,1480
1460,1463
1468,1497
1460,1509
1520,1543
1495,1561
1553,1591
1550,1577
1570,1607
1568,1647
1623,1644
1644,1643
1641,1672
1664,1702
1710,1702
1705,1719
1745,1742
1757,1722
1748,1748
1748,1765
1758,1784
1756,1762
1782,1760
1773,1758
1797,1759
1836,1785
1817,1782
1794,1762
1758,1770
1750,1731
1737,1701
1778,1695
1746,1650
1712,1633
1699,1639
1672,1661
1668,1623
1626,1593
1590,1599
1588,1559
1578,1550
1572,1537
1547,1530
1510,1493
1490,1477
1502,1501
1474,1422
1444,1461
1441,1439
1457,1431
1421,1455
1397,1424
1407,1445
1422,1448
1407,1412
1400,1423
1409,1450
1453,1461
1458,1465
1402,1482
1455,1499
1471,1527
1496,1523
1498,1512
1548,1563
1550,1580
1593,1576
1563,1623
1626,1613
1620,1660
1659,1687
1690,1674
1662,1719
1724,1728
1731,1720
1711,1731
1755,1723
1764,1760
1780,1796
1812,1745
1769,1757
1804,1746
1774,1745
1785,1790
1766,1762
1773,1758
1795,1735
1761,1734
1739,1722
1751,1691
1747,1688
1738,1663
1730,1652
1673,1634
1654,1648
1656,1635
1638,1580
1614,1582
1573,1567
1535,1527
1525,1539
1556,1514
1534,1481
1484,1454
1472,1456
1449,1432
1467,1433
1387,1469
1401,1443
1432,1444
1393,1414
1407,1410
1411,1421
1427,1438
1434,1435
1447,1469
1415,1449
1426,1501
1464,1475
1462,1507
1467,1528
1491,1544
1479,1540
1541,1553
1556,1573
1576,1605
1556,1614
1581,1628
1594,1672
1657,1691
1666,1649
1679,1704
1692,1712
1727,1737
1743,1737
1775,1748
1745,1763
1735,1772
1770,1759
1745,1762
1825,1773
1742,1766
1768,1747
1819,1766
1785,1769
1772,1714
1762,1735
1762,1724
1757,1721
1746,1669
1722,1679
1682,1655
1691,1626
1670,1607
1644,1604
1619,1561
1596,1563
1589,1575
1575,1525
1527,1555
1546,1508
1502,1513
1479,1497
1468,1474
1456,1437
1419,1440
1423,1451
1417,1466
1438,1443
1432,1450
1406,1443
1427,1473
1391,1432
1438,1462
1429,1460
1424,1496
1433,1470
1457,1495
1487,1491
1468,1512
1497,1526
1516,1548
1561,1569
1572,1601
1558,1575
1596,1629
1601,1649
1614,1652
1655,1664
1637,1687
1691,1696
1701,1691
1697,1752
1716,1722
1767,1733
1773,1774
1790,1779
1732,1780
1764,1783
1761,1768
1778,1737
1776,1754
1772,1744
1772,1734
1760,1711
1754,1697
1748,1728
1767,1711
1750,1704
1712,1643
1715,1656
1683,1595
1683,1622
1625,1616
1637,1598
1589,1541
1592,1546
1551,1539
1557,1526
1524,1541
1508,1478
1505,1479
1468,1450
1470,1427
1426,1487
1425,1430
1429,1440
1432,1442
1402,1417
1402,1389
1421,1443
1427,1464
1452,1428
1414,1447
1427,1450
1418,1475
1398,1485
1465,1501
1495,1507
1516,1555
1491,1550
1525,1561
1513,1582
1568,1605
1618,1608
1605,1606
1620,1674
1645,1669
1666,1659
1662,1704
1714,1699
1729,1717
1727,1702
1756,1729
1750,1746
1749,1741
1792,1771
1759,1744
1768,1777
1787,1753
1781,1748
1773,1743
1760,1737
1790,1761
1758,1731
1791,1728
1722,1725
1746,1684
1703,1697
1689,1682
1691,1664
1670,1618
1681,1605
1669,1619
1632,1579
1596,1584
1573,1540
1577,1539
1548,1527
1499,1497
1507,1458
1487,1475
1457,1450
1457,1434
1466,1445
1433,1407
1451,1407
1407,1425
1435,1413
1449,1428
1388,1456
1427,1429
1427,1473
1456,1453
1430,1468
1436,1458
1465,1499
1511,1505
1466,1492
1472,1545
1505,1546
1554,1560
1543,1594
1547,1617
1599,1630
1595,1648
1618,1652
1650,1657
1662,1671
1693,1700
1684,1725
1696,1729
1726,1731
1735,1735
1750,1740
1753,1743
1775,1743
1805,1782
1776,1756
1815,1741
1801,1793
1755,1751
1755,1739
1780,1717
1758,1744
1729,1699
1766,1709
1749,1700
1708,1659
1710,1643
1682,1632
1661,1607
1634,1600
1630,1553
1580,1560
1594,1554
1549,1542
1560,1510
1525,1504
1530,1480
1515,1493
1449,1511
1455,1492
1423,1454
1431,1436
1426,1464
1436,1455
1433,1452
1437,1439
1426,1445
1427,1447
1411,1451
1436,1436
1404,1457
1440,1474
1467,1478
1469,1481
1484,1524
1507,1514
1499,1539
1512,1555
1532,1602
1554,1613
1572,1615
1596,1638
1615,1628
1613,1653
1646,1653
1655,1689
1697,1706
1658,1703
1730,1733
1704,1719
1758,1754
1741,1719
1775,1725
1774,1771
1776,1747
1775,1781
1771,1753
1749,1742
1814,1748
1732,1726
1788,1747
1762,1718
1708,1707
1756,1677
1741,1691
1692,1663
1719,1664
1664,1632
1640,1605
1636,1597
1603,1592
1648,1608
1561,1559
1564,1545
1555,1509
1535,1514
1514,1527
1486,1470
1485,1499
1492,1483
1477,1482
1440,1458
1467,1447
1450,1452
1406,1436
1444,1429
1417,1434
1413,1428
1428,1463
1408,1432
1407,1457
1449,1468
1462,1457
1479,1491
1472,1525
1481,1538
1486,1555
1495,1548
1531,1584
1555,1567
1573,1602
1611,1623
1636,1646
1636,1628
1660,1686
1667,1683
1650,1679
1694,1675
1734,1701
1747,1737
1741,1757
1735,1763
1767,1762
1785,1743
1751,1765
1755,1763
1814,1780
1778,1765
1804,1782
1800,1753
1785,1763
1792,1699
1737,1720
1758,1714
1733,1726
1704,1666
1700,1664
1681,1634
1683,1660
1660,1626
1649,1604
1618,1597
1568,1565
1525,1583
1546,1531
1554,1516
1532,1476
1509,1508
1507,1493
1470,1474
1496,1453
1473,1465
1460,1439
1455,1420
1416,1429
1435,1450
1448,1454
1415,1428
1402,1457
1405,1447
1425,1446
1440,1472
1418,1484
1479,1529
1467,1478
1488,1481
1510,1558
1499,1508
1524,1556
1530,1587
1560,1578
1550,1626
1606,1603
1601,1653
1621,1660
1644,1661
1675,1711
1701,1699
1726,1721
1708,1722
1734,1743
1731,1787
1719,1746
1749,1775
1761,1779
1784,1760
1757,1776
1812,1739
1790,1760
1785,1738
1775,1761
1756,1734
1730,1719
1765,1678
1696,1723
1714,1704
1727,1685
1718,1668
1689,1651
1665,1638
1660,1617
1609,1583
1627,1545
1591,1594
1592,1558
1552,1539
1518,1528
1513,1483
1504,1480
1508,1473
1485,1468
1468,1450
1451,1442
1432,1450
1426,1444
1419,1445
1405,1424
1429,1431
1416,1454
1427,1470
1407,1430
1423,1433
1425,1487
1437,1496
1444,1482
1452,1506
1484,1521
1498,1550
1516,1536
1518,1558
1531,1563
1597,1594
1568,1616
1592,1599
1611,1650
1595,1659
1677,1673
1647,1671
1635,1720
1694,1703
1694,1749
1749,1757
1739,1722
1746,1761
1747,1769
1746,1767
1765,1773
1767,1769
1783,1777
1787,1732
1798,1746
1791,1751
1793,1726
1741,1762
1762,1743
1739,1683
1739,1700
1746,1676
1718,1646
1699,1678
1676,1628
1644,1617
1632,1587
1598,1582
1605,1572
1561,1552
1534,1525
1578,1531
1488,1480
1518,1498
1515,1487
1492,1462
1413,1456
1448,1433
1422,1434
1420,1438
1433,1424
1444,1440
1391,1452
1436,1449
1410,1440
1425,1433
1422,1466
1441,1438
1428,1460
1463,1506
1486,1527
1448,1498
1482,1528
1500,1531
1506,1572
1533,1572
1562,1587
1547,1595
1575,1622
1617,1638
1614,1655
1657,1692
1642,1691
1667,1685
1696,1710
1724,1737
1731,1743
1704,1753
1757,1745
1761,1768
1781,1737
1770,1746
1774,1777
1792,1760
1803,1736
1780,1750
1787,1747
1755,1703
1781,1760
1787,1731
1756,1708
1756,1687
1724,1696
1731,1683
1672,1646
1706,1658
1659,1630
1648,1596
1618,1578
1603,1569
1589,1541
1592,1537
1567,1534
1550,1517
1524,1514
1500,1502
1484,1469
1477,1465
1487,1478
1440,1452
1452,1438
1438,1464
1438,1451
1412,1435
1430,1459
1409,1443
1412,1447
1423,1459
1429,1446
1437,1439
1428,1472
1473,1480
1472,1507
1447,1500
1488,1517
1512,1509
1523,1552
1511,1614
1545,1595
1598,1590
1611,1638
1612,1659
1640,1655
1617,1654
1707,1695
1701,1720
1705,1715
1731,1712
1740,1750
1762,1750
1745,1765
1754,1732
1765,1736
1756,1761
1787,1772
1779,1743
1795,1736
1756,1735
1764,1767
1781,1748
1730,1735
1783,1745
1750,1747
1727,1669
1737,1639
1674,1650
1684,1670
1671,1615
1684,1609
1637,1629
1588,1611
1626,1570
1573,1551
1564,1531
1526,1531
1510,1523
1555,1480
1501,1489
1482,1459
1468,1454
1436,1469
1443,1473
1430,1451
1415,1428
1419,1435
1437,1430
1420,1436
1435,1456
1423,1455
1432,1439
1418,1462
1431,1478
1425,1481
1440,1465
1471,1492
1457,1536
1505,1552
1494,1566
1504,1528
1515,1560
1583,1631
1586,1622
1574,1630
1595,1654
1633,1668
1614,1654
1650,1702
1712,1700
1722,1705
1741,1733
1722,1727
1742,1753
1770,1764
1742,1767
1767,1753
1759,1778
1801,1753
1794,1789
1765,1739
1783,1739
1747,1745
1781,1720
1746,1755
1751,1700
1761,1722
1729,1731
1715,1682
1729,1667
1697,1659
1673,1625
1648,1658
1643,1593
1634,1585
1618,1581
1628,1542
1567,1540
1585,1551
1565,1532
1552,1507
1496,1502
1511,1475
1448,1461
1456,1433
1448,1443
1433,1441
1456,1440
1419,1426
1393,1452
1421,1427
1404,1384
1425,1437
1466,1434
1425,1455
1400,1457
1427,1493
1441,1470
1461,1505
1476,1517
1469,1573
1508,1532
1505,1530
1537,1595
1547,1599
1549,1601
1564,1599
1615,1615
1648,1632
1645,1710
1675,1706
1669,1696
1685,1701
1711,1742
1710,1771
1711,1731
1732,1766
1721,1766
1754,1738
1753,1772
1778,1760
1753,1747
1776,1744
1789,1764
1767,1754
1757,1758
1789,1751
1761,1727
1758,1734
1716,1701
1721,1716
1736,1661
1691,1655
1702,1637
1704,1639
1676,1610
1648,1585
1600,1583
1617,1570
1574,1542
1567,1551
1568,1562
1507,1508
1499,1493
1470,1477
1486,1477
1491,1475
1426,1476
1452,1410
1467,1462
1431,1436
1421,1453
1423,1440
1409,1456
1420,1429
1397,1464
1348,1464
1420,1424
1421,1457
1439,1462
1423,1519
1476,1528
1456,1477
1444,1525
1501,1540
1524,1565
1516,1585
1507,1611
1565,1594
1567,1611
1612,1624
1655,1661
1670,1668
1628,1679
1694,1683
1705,1705
1694,1752
1733,1722
1751,1751
1744,1763
1765,1759
1788,1766
1760,1800
1817,1762
1799,1765
1779,1772
1787,1777
1760,1755
1832,1735
1756,1750
1754,1722
1771,1722
1746,1721
1733,1689
1691,1635
1702,1674
1641,1609
1691,1633
1654,1575
1614,1606
1623,1564
1598,1551
1590,1554
1571,1529
1508,1520
1518,1490
1525,1510
1515,1485
1467,1450
1456,1466
1477,1453
1412,1474
1420,1441
1434,1433
1409,1427
1421,1422
1401,1424
1427,1436
1383,1432
1400,1435
1418,1455
1426,1499
1422,1471
1417,1481
1461,1480
1489,1502
1468,1493
1505,1537
1509,1597
1522,1562
1584,1584
1561,1609
1562,1606
1627,1649
1622,1624
1620,1669
1655,1697
1692,1705
1683,1728
1707,1745
1714,1730
1758,1765
1733,1748
1763,1763
1796,1744
1802,1764
1775,1785
1786,1760
1757,1777
1783,1768
1775,1778
1754,1761
1742,1736
1770,1717
1765,1746
1754,1698
1743,1697
1719,1682
1720,1675
1685,1682
1675,1630
1649,1627
1631,1593
1601,1562
1584,1566
1565,1530
1605,1548
1531,1537
1536,1502
1544,1490
1513,1490
1500,1467
1439,1429
1444,1435
1419,1448
1445,1440
1411,1430
1392,1418
1428,1442
1382,1447
1396,1434
1412,1432
1406,1440
1402,1452
1416,1476
1402,1463
1424,1477
1433,1488
1479,1518
1450,1530
1489,1533
1534,1554
1519,1561
1514,1620
1579,1578
1571,1619
1559,1625
1598,1666
1615,1665
1650,1691
1672,1694
1672,1683
1689,1723
1730,1757
1765,1739
1745,1750
1757,1777
1775,1768
1751,1747
1780,1772
1792,1801
1762,1781
1786,1767
1790,1795
1783,1761
1785,1747
1783,1723
1761,1712
1780,1731
1783,1692
1755,1687
1702,1679
1682,1680
1669,1620
1653,1615
1650,1623
1636,1591
1580,1600
1613,1565
1595,1545
1571,1550
1535,1525
1531,1493
1524,1482
1502,1452
1459,1456
1440,1454
1451,1437
1441,1430
1434,1438
1428,1425
1420,1419
1405,1410
1380,1462
1427,1466
1407,1434
1376,1407
1424,1466
1418,1444
1405,1465
1406,1477
1413,1502
1474,1491
1479,1525
1514,1535
1501,1533
1518,1545
1554,1579
1568,1588
1553,1611
1566,1624
1578,1656
1651,1674
1676,1687
1694,1699
1711,1719
1719,1745
1723,1720
1735,1758
1779,1773
1757,1756
1803,1771
1769,1801
1784,1800
1803,1760
1820,1767
1798,1767
1787,1793
1783,1780
1776,1753
1774,1767
1762,1750
1798,1729
1738,1722
1725,1712
1709,1666
1670,1676
1667,1626
1651,1653
1636,1631
1656,1570
1648,1563
1571,1572
1564,1514
1557,1518
1529,1527
1530,1500
1523,1510
1513,1474
1457,1466
1471,1462
1425,1437
1456,1475
1441,1398
1405,1422
1388,1421
1411,1417
1377,1400
1383,1438
1399,1420
1382,1409
1401,1458
1406,1448
1425,1451
1433,1456
1447,1481
1441,1504
1484,1493
1483,1522
1524,1554
1529,1560
1553,1566
1565,1599
1577,1610
1573,1613
1646,1675
1651,1655
1647,1676
1679,1670
1705,1688
1699,1707
1720,1769
1732,1765
1774,1757
1803,1750
1767,1762
1787,1785
1782,1778
1788,1788
1828,1795
1811,1751
1802,1756
1807,1759
1781,1771
1795,1734
1773,1701
1789,1726
1755,1727
1760,1709
1738,1732
1688,1647
1706,1673
1708,1636
1683,1627
1636,1583
1651,1561
1593,1543
1590,1554
1541,1542
1530,1517
1529,1486
1513,1481
1518,1495
1498,1471
1491,1424
1452,1452
1457,1461
1413,1439
1423,1386
1422,1416
1411,1417
1395,1415
1390,1403
1376,1408
1430,1421
1373,1475
1387,1442
1418,1447
1442,1468
1435,1532
1483,1489
1483,1496
1479,1504
1480,1550
1500,1580
1532,1565
1575,1579
1553,1608
1594,1645
1600,1653
1581,1669
1649,1674
1632,1697
1670,1700
1693,1716
1724,1734
1706,1776
1726,1768
1793,1745
1765,1776
1794,1774
1773,1816
1770,1763
1813,1759
1782,1767
1811,1789
1830,1762
1834,1794
1803,1777
1807,1754
1773,1729
1778,1740
1747,1696
1763,1688
1718,1685
1718,1653
1714,1670
1676,1614
1652,1609
1632,1595
1602,1571
1623,1556
1565,1553
1525,1550
1533,1512
1512,1491
1512,1507
1493,1485
1496,1420
1441,1440
1446,1419
1421,1436
1420,1412
1413,1402
1409,1412
1416,1395
1403,1402
1412,1434
1401,1436
1370,1427
1399,1437
1410,1421
1410,1463
1399,1467
1419,1450
1438,1488
1447,1529
1442,1503
1488,1542
1523,1576
1520,1572
1548,1593
1589,1614
1570,1632
1603,1643
1639,1669
1636,1657
1700,1670
1644,1703
1722,1744
1703,1769
1725,1744
1777,1763
1800,1756
1782,1756
1797,1780
1777,1799
1801,1778
1803,1797
1827,1793
1814,1799
1792,1799
1790,1806
1793,1746
1779,1763
1814,1736
1770,1759
1766,1708
1739,1698
1744,1698
1748,1684
1674,1622
1649,1646
1668,1607
1659,1577
1589,1604
1621,1562
1579,1541
1546,1522
1537,1502
1549,1495
1506,1482
1481,1455
1505,1433
1493,1427
1467,1412
1463,1419
1436,1404
1422,1412
1365,1404
1391,1385
1422,1420
1400,1421
1384,1400
1375,1394
1391,1429
1430,1463
1411,1463
1396,1455
1452,1478
1443,1488
1459,1521
1490,1527
1503,1535
1499,1545
1544,1589
1588,1597
1548,1604
1561,1607
1611,1668
1636,1669
1638,1695
1661,1717
1707,1700
1685,1709
1739,1732
1760,1760
1757,1723
1748,1766
1790,1792
1764,1803
1788,1768
1801,1809
1837,1777
1803,1755
1822,1782
1811,1794
1770,1778
1827,1758
1771,1740
1779,1738
1780,1741
1755,1742
1747,1729
1725,1690
1729,1660
1695,1636
1692,1625
1636,1606
1644,1593
1639,1585
1588,1555
1563,1515
1561,1519
1518,1482
1523,1480
1503,1480
1475,1476
1473,1451
1433,1440
1421,1406
1413,1419
1410,1427
1416,1400
1397,1427
1398,1417
1385,1424
1380,1397
1374,1402
1389,1427
1426,1420
1391,1442
1382,1456
1413,1437
1457,1463
1452,1446
1459,1464
1447,1549
1478,1542
1531,1569
1546,1575
1547,1573
1598,1625
1599,1629
1597,1651
1602,1644
1656,1657
1689,1696
1673,1708
1719,1739
1695,1725
1732,1722
1749,1775
1773,1764
1779,1748
1789,1789
1813,1763
1803,1794
1814,1831
1810,1790
1809,1808
1805,1770
1805,1821
1813,1754
1799,1750
1820,1773
1790,1743
1785,1714
1772,1697
1729,1702
1708,1666
1766,1632
1651,1662
1647,1629
1636,1600
1625,1579
1618,1580
1583,1530
1573,1539
1536,1531
1532,1505
1490,1477
1497,1450
1448,1440
1479,1443
1414,1454
1432,1421
1400,1403
1397,1422
1399,1404
1372,1392
1390,1422
1377,1388
1350,1428
1415,1422
1407,1438
1383,1439
1420,1441
1401,1449
1405,1420
1425,1461
1447,1498
1472,1503
1458,1527
1521,1553
1509,1542
1504,1589
1544,1599
1570,1593
1606,1625
1614,1639
1657,1688
1625,1676
1684,1708
1690,1699
1742,1740
1740,1751
1763,1770
1741,1778
1782,1760
1782,1777
1775,1791
1790,1800
1800,1794
1836,1798
1827,1797
1794,1779
1848,1802
1845,1784
1787,1759
1778,1789
1795,1778
1806,1741
1763,1724
1776,1720
1742,1685
1731,1659
1670,1659
1685,1641
1659,1612
1665,1583
1628,1567
1610,1547
1592,1545
1560,1497
1521,1507
1516,1513
1483,1469
1468,1440
1471,1456
1440,1427
1462,1396
1409,1404
1383,1405
1434,1395
1384,1403
1344,1389
1400,1418
1400,1393
1388,1432
1375,1411
1410,1426
1372,1420
1345,1438
1422,1400
1415,1470
1423,1480
1464,1509
1466,1493
1478,1493
1469,1531
1517,1552
1523,1584
1523,1613
1572,1639
1591,1656
1605,1653
1655,1652
1668,1684
1669,1692
1696,1702
1720,1738
1750,1744
1771,1774
1782,1781
1761,1762
1809,1788
1796,1782
1824,1801
1812,1801
1859,1785
1809,1769
1823,1804
1827,1777
1795,1831
1806,1796
1808,1745
1822,1744
1793,1746
1793,1736
1761,1708
1755,1675
1736,1677
1729,1648
1723,1605
1682,1596
1668,1607
1645,1576
1604,1554
1594,1543
1566,1531
1509,1508
1514,1497
1503,1497
1468,1465
1434,1461
1421,1443
1411,1419
1414,1434
1416,1384
1374,1394
1372,1412
1359,1414
1377,1394
1350,1412
1353,1420
1373,1420
1394,1405
1390,1432
1401,1442
1390,1449
1409,1472
1439,1480
1463,1492
1431,1491
1476,1564
1490,1575
1525,1541
1525,1603
1586,1610
1584,1630
1598,1650
1631,1652
1638,1677
1669,1683
1678,1714
1718,1736
1713,1729
1729,1717
1732,1763
1798,1802
1781,1745
1812,1795
1804,1788
1834,1800
1816,1808
1805,1791
1841,1797
1835,1782
1818,1800
1808,1759
1835,1749
1792,1776
1815,1748
1765,1720
1760,1721
1753,1692
1755,1704
1724,1666
1705,1651
1707,1592
1670,1632
1625,1609
1638,1578
1631,1539
1571,1531
1544,1495
1505,1494
1484,1493
1504,1466
1513,1470
1467,1471
1453,1411
1423,1436
1429,1424
1416,1397
1378,1425
1379,1423
1382,1415
1357,1404
1396,1375
1365,1396
1336,1415
1382,1421
1383,1398
1410,1425
1420,1425
1455,1455
1439,1479
1438,1477
1448,1493
1477,1521
1508,1555
1530,1550
1498,1558
1548,1602
1563,1630
1602,1637
1612,1644
1629,1686
1683,1689
1675,1734
1689,1742
1750,1723
1766,1746
1735,1770
1780,1771
1753,1810
1776,1801
1801,1814
1812,1829
1827,1785
1793,1845
1843,1798
1871,1808
1829,1785
1828,1799
1825,1778
1825,1759
1821,1753
1788,1699
1766,1729
1755,1723
1733,1710
1725,1701
1696,1653
1658,1625
1644,1623
1624,1613
1644,1598
1596,1553
1584,1526
1543,1527
1543,1493
1479,1501
1517,1451
1465,1432
1455,1447
1464,1443
1442,1421
1424,1407
1374,1437
1386,1401
1394,1398
1328,1389
1397,1381
1343,1390
1374,1413
1372,1395
1382,1419
1400,1400
1369,1422
1412,1442
1434,1483
1380,1461
1424,1486
1463,1510
1454,1526
1511,1550
1510,1583
1498,1590
1573,1597
1545,1620
1600,1646
1618,1653
1650,1667
1670,1685
1680,1725
1699,1735
1755,1742
1741,1796
1753,1761
1774,1769
1776,1791
1814,1789
1810,1798
1836,1816
1827,1821
1844,1823
1829,1801
1843,1752
1843,1812
1798,1820
1833,1812
1828,1787
1791,1751
1777,1751
1787,1752
1765,1703
1741,1692
1697,1712
1677,1662
1700,1631
1661,1641
1651,1602
1601,1620
1570,1515
1573,1537
1606,1481
1484,1491
1495,1476
1484,1447
1491,1464
1457,1445
1441,1431
1428,1402
1378,1392
1446,1394
1375,1423
1375,1348
1373,1370
1369,1361
1338,1390
1370,1390
1389,1433
1378,1395
1355,1410
1358,1439
1377,1425
1377,1459
1419,1471
1430,1480
1436,1510
1465,1540
1494,1513
1491,1558
1556,1604
1576,1618
1600,1608
1603,1654
1620,1662
1654,1693
1702,1690
1713,1728
1712,1733
1719,1767
1746,1760
1749,1784
1771,1771
1788,1775
1774,1788
1815,1835
1840,1813
1829,1791
1821,1800
1860,1792
1834,1798
1840,1840
1823,1794
1828,1753
1816,1764
1827,1786
1813,1748
1790,1720
1765,1730
1795,1709
1753,1681
1711,1649
1703,1673
1655,1642
1623,1625
1660,1573
1591,1583
1589,1567
1570,1506
1565,1487
1497,1516
1531,1443
1443,1493
1462,1454
1389,1429
1403,1416
1411,1397
1385,1372
1394,1383
1393,1397
1374,1405
1361,1405
1366,1348
1340,1367
1347,1395
1334,1387
1390,1420
1404,1431
1376,1435
1398,1452
1410,1458
1418,1479
1445,1507
1459,1501
1472,1521
1529,1531
1511,1605
1533,1600
1561,1616
1581,1657
1623,1646
1642,1665
1703,1685
1684,1715
1711,1744
1730,1752
1747,1750
1767,1747
1790,1799
1786,1819
1780,1794
1825,1809
1831,1780
1837,1830
1861,1844
1876,1817
1826,1803
1826,1819
1799,1794
1811,1777
1826,1812
1787,1776
1807,1736
1772,1738
1778,1726
1750,1709
1757,1680
1682,1655
1668,1629
1652,1661
1658,1615
1629,1587
1597,1585
1593,1539
1568,1512
1519,1522
1506,1500
1531,1447
1475,1473
1479,1446
1452,1405
1412,1431
1423,1431
1410,1376
1377,1377
1368,1394
1380,1349
1391,1408
1382,1391
1357,1367
1372,1392
1373,1420
1378,1439
1351,1425
1377,1397
1408,1423
1429,1442
1403,1497
1431,1487
1471,1539
1512,1515
1488,1563
1529,1572
1565,1556
1553,1597
1597,1661
1628,1673
1637,1670
1658,1711
1665,1719
1720,1734
1759,1734
1732,1741
1742,1749
1782,1782
1807,1808
1808,1792
1802,1784
1822,1819
1833,1811
1837,1817
1820,1828
1839,1795
1887,1786
1835,1819
1792,1771
1822,1756
1804,1751
1813,1737
1771,1756
1762,1714
1734,1678
1751,1670
1686,1670
1686,1627
1695,1637
1639,1641
1640,1579
1597,1593
1616,1565
1573,1531
1523,1526
1511,1505
1481,1466
1485,1428
1477,1426
1427,1459
1422,1398
1421,1399
1398,1374
1382,1355
1368,1392
1366,1391
1373,1420
1362,1364
1390,1408
1355,1395
1350,1400
1377,1413
1405,1422
1375,1426
1382,1452
1382,1429
1426,1459
1426,1526
1442,1521
1494,1529
1479,1552
1509,1565
1519,1568
1562,1632
1570,1615
1651,1689
1633,1664
1675,1674
1680,1736
1678,1704
1675,1754
1753,1779
1749,1810
1730,1761
1801,1804
1806,1801
1845,1816
1817,1815
1815,1824
1823,1805
1839,1801
1828,1800
1810,1799
1847,1802
1819,1775
1829,1776
1818,1758
1835,1725
1832,1730
1761,1699
1760,1674
1747,1690
1678,1626
1721,1647
1684,1623
1660,1599
1586,1557
1601,1558
1630,1566
1613,1513
1537,1488
1505,1467
1495,1479
1470,1483
1484,1418
1455,1426
1449,1410
1418,1402
1404,1399
1345,1369
1380,1374
1358,1410
1352,1376
1340,1381
1331,1396
1314,1368
1321,1399
1366,1401
1376,1406
1350,1408
1383,1465
1429,1461
1441,1506
1452,1473
1491,1515
1474,1514
1488,1563
1527,1555
1528,1585
1592,1619
1595,1633
1603,1669
1643,1681
1648,1673
1687,1709
1721,1732
1725,1725
1720,1743
1797,1750
1774,1758
1808,1788
1819,1800
1817,1825
1790,1820
1816,1841
1845,1827
1846,1814
1871,1821
1816,1789
1811,1812
1844,1791
1821,1752
1807,1737
1800,1725
1759,1727
1779,1697
1750,1710
1733,1687
1698,1685
1732,1652
1669,1647
1680,1605
1640,1584
1604,1565
1558,1522
1556,1544
1506,1514
1506,1483
1495,1407
1444,1457
1448,1428
1445,1420
1397,1436
1359,1378
1400,1408
1405,1406
1401,1393
1348,1365
1356,1366
1360,1372
1334,1393
1401,1421
1354,1387
1356,1413
1379,1442
1402,1444
1420,1434
1413,1465
1454,1482
1429,1513
1471,1524
1498,1515
1546,1563
1536,1578
1535,1600
1600,1635
1594,1651
1623,1658
1648,1676
1675,1713
1678,1678
1709,1714
1765,1745
1728,1766
1738,1795
1794,1798
1808,1810
1764,1813
1814,1820
1827,1809
1804,1801
1835,1828
1873,1826
1842,1798
1834,1808
1816,1781
1851,1763
1852,1764
1804,1745
1814,1748
1779,1722
1813,1714
1728,1715
1676,1696
1701,1662
1690,1645
1663,1646
1634,1601
1627,1604
1576,1552
1581,1529
1550,1504
1533,1494
1518,1476
1445,1452
1481,1443
1422,1436
1414,1391
1403,1371
1379,1403
1418,1376
1360,1397
1354,1367
1355,1399
1367,1366
1320,1367
1321,1385
1367,1378
1364,1432
1338,1444
1373,1420
1380,1444
1400,1478
1402,1479
1465,1481
1478,1509
1458,1518
1457,1567
1519,1577
1561,1592
1549,1606
1591,1665
1662,1661
1598,1691
1632,1688
1688,1717
1669,1723
1743,1748
1740,1750
1737,1745
1783,1739
1785,1780
1829,1810
1801,1817
1830,1817
1833,1824
1809,1827
1837,1797
1832,1762
1846,1824
1825,1804
1836,1774
1811,1790
1812,1758
1798,1745
1786,1722
1771,1692
1701,1710
1746,1694
1762,1651
1713,1617
1669,1621
1671,1591
1664,1583
1600,1546
1592,1534
1592,1514
1553,1487
1504,1490
1507,1456
1420,1427
1404,1448
1410,1399
1446,1393
1438,1402
1374,1382
1364,1415
1380,1393
1357,1367
1360,1433
1356,1380
1363,1412
1377,1448
1362,1396
1341,1426
1370,1433
1387,1446
1380,1466
1421,1490
1466,1505
1452,1521
1470,1527
1486,1516
1505,1564
1562,1567
1566,1596
1579,1644
1607,1656
1630,1655
1634,1674
1664,1705
1690,1712
1718,1744
1742,1733
1778,1782
1760,1756
1778,1803
1776,1774
1792,1813
1827,1806
1831,1827
1837,1812
1826,1800
1828,1798
1832,1790
1819,1793
1826,1786
1831,1772
1811,1779
1789,1761
1760,1715
1759,1702
1722,1705
1746,1691
1677,1663
1677,1627
1646,1641
1680,1609
1611,1597
1588,1563
1585,1555
1532,1469
1540,1531
1461,1494
1500,1481
1492,1433
1471,1415
1464,1447
1401,1426
1394,1420
1407,1387
1378,1398
1396,1393
1401,1375
1329,1383
1364,1427
1408,1434
1365,1391
1362,1396
1359,1408
1396,1434
1382,1449
1380,1439
1392,1464
1426,1471
1455,1511
1501,1515
1509,1570
1502,1570
1530,1569
1559,1625
1603,1594
1630,1670
1649,1707
1624,1711
1702,1693
1658,1735
1700,1744
1765,1757
1764,1793
1767,1778
1810,1796
1796,1786
1828,1814
1841,1808
1828,1793
1831,1823
1818,1759
1834,1815
1787,1784
1851,1792
1820,1784
1827,1750
1810,1770
1785,1778
1760,1751
1749,1709
1748,1690
1746,1658
1684,1645
1670,1639
1631,1640
1662,1599
1594,1589
1608,1560
1576,1536
1602,1505
1500,1500
1495,1473
1459,1450
1484,1479
1453,1444
1457,1439
1399,1409
1397,1397
1400,1368
1354,1374
1380,1375
1361,1395
1406,1408
1345,1365
1359,1404
1369,1382
1388,1410
1393,1424
1372,1438
1402,1459
1392,1469
1420,1479
1467,1503
1479,1520
1464,1503
1520,1542
1520,1574
1543,1592
1586,1596
1579,1654
1596,1667
1657,1643
1655,1683
1709,1700
1727,1719
1737,1748
1715,1751
1769,1779
1787,1772
1788,1810
1772,1815
1838,1783
1837,1811
1842,1802
1865,1800
1841,1783
1838,1787
1860,1806
1845,1785
1820,1763
1793,1743
1805,1755
1802,1723
1793,1724
1766,1695
1737,1676
1710,1658
1720,1622
1686,1622
1667,1624
1608,1592
1619,1566
1607,1532
1531,1528
1532,1519
1489,1481
1487,1449
1476,1444
1452,1450
1433,1434
1376,1417
1427,1417
1370,1394
1398,1367
1403,1383
1376,1399
1404,1415
1367,1342
1368,1398
1380,1380
1372,1403
1419,1418
1426,1443
1395,1419
1443,1448
1412,1479
1468,1475
1461,1517
1500,1526
1521,1569
1546,1608
1529,1586
1566,1611
1596,1651
1601,1646
1667,1699
1646,1682
1688,1717
1705,1716
1693,1745
1748,1767
1752,1788
1765,1753
1807,1814
1814,1790
1830,1793
1828,1809
1822,1816
1780,1806
1820,1813
1840,1771
1844,1771
1852,1785
1791,1767
1806,1740
1768,1743
1814,1742
1767,1713
1741,1694
1719,1669
1718,1688
1679,1644
1701,1600
1633,1596
1630,1564
1636,1546
1597,1546
1537,1522
1517,1523
1526,1495
1489,1463
1487,1452
1475,1448
1434,1442
1411,1421
1415,1397
1386,1389
1380,1386
1339,1414
1371,1409
1376,1404
1381,1409
1379,1377
1365,1390
1391,1412
1397,1389
1391,1453
1405,1476
1444,1463
1451,1503
1451,1505
1476,1512
1510,1532
1537,1547
1529,1586
1538,1598
1550,1636
1633,1644
1623,1671
1664,1692
1668,1697
1678,1732
1702,1744
1700,1753
1748,1756
1731,1766
1779,1797
1802,1805
1787,1811
1814,1776
1806,1786
1811,1806
1807,1799
1875,1808
1829,1825
1828,1795
1804,1802
1826,1779
1776,1770
1769,1743
1764,1705
1764,1711
1724,1687
1703,1650
1684,1664
1680,1627
1659,1607
1634,1589
1617,1577
1590,1533
1574,1522
1544,1496
1493,1461
1476,1482
1497,1465
1469,1460
1461,1434
1451,1427
1377,1383
1386,1393
1393,1391
1392,1414
1370,1401
1382,1409
1366,1416
1413,1365
1357,1401
1348,1392
1400,1431
1389,1400
1397,1464
1387,1496
1474,1477
1451,1487
1478,1524
1499,1535
1503,1554
1568,1582
1588,1622
1561,1596
1619,1629
1637,1677
1699,1662
1671,1663
1668,1735
1704,1737
1739,1739
1749,1778
1768,1804
1835,1776
1787,1803
1814,1783
1838,1788
1832,1805
1862,1794
1790,1813
1824,1778
1850,1769
1830,1797
1853,1794
1807,1772
1826,1724
1751,1724
1779,1743
1750,1753
1740,1668
1727,1673
1700,1671
1690,1630
1674,1610
1625,1599
1603,1553
1591,1545
1559,1534
1563,1508
1549,1474
1488,1484
1485,1476
1488,1436
1439,1469
1412,1428
1381,1408
1369,1389
1405,1426
1374,1401
1369,1393
1394,1377
1365,1378
1365,1422
1376,1416
1368,1440
1388,1412
1400,1489
1401,1457
1403,1458
1456,1476
1456,1504
1472,1528
1507,1523
1511,1571
1532,1597
1565,1589
1599,1619
1592,1631
1617,1645
1649,1664
1646,1706
1697,1696
1709,1748
1760,1740
1749,1768
1775,1786
1761,1759
1806,1790
1794,1801
1749,1808
1793,1795
1842,1808
1815,1795
1820,1806
1798,1766
1807,1776
1830,1763
1781,1749
1793,1764
1766,1726
1743,1702
1732,1680
1744,1651
1739,1665
1687,1641
1680,1622
1663,1592
1631,1576
1608,1557
1581,1523
1571,1524
1519,1506
1477,1505
1491,1454
1497,1464
1469,1458
1404,1421
1413,1392
1421,1412
1421,1422
1364,1395
1393,1434
1420,1404
1380,1397
1389,1395
1376,1435
1395,1440
1412,1422
1396,1451
1420,1446
1396,1455
1429,1487
1441,1486
1446,1531
1478,1554
1523,1542
1539,1603
1535,1600
1594,1613
1593,1679
1624,1670
1644,1664
1636,1694
1672,1676
1678,1729
1714,1747
1758,1779
1788,1749
1769,1772
1825,1756
1802,1781
1816,1787
1776,1807
1794,1794
1782,1798
1829,1790
1794,1824
1825,1803
1805,1758
1773,1738
1793,1739
1791,1734
1744,1718
1738,1706
1689,1655
1720,1625
1690,1610
1627,1625
1673,1600
1611,1591
1593,1592
1578,1562
1566,1515
1554,1533
1488,1508
1505,1488
1447,1461
1468,1444
1450,1426
1456,1393
1428,1402
1394,1390
1372,1401
1384,1376
1368,1412
1374,1444
1404,1417
1387,1408
1406,1431
1419,1455
1425,1442
1412,1430
1419,1465
1438,1477
1446,1525
1484,1555
1481,1524
1494,1556
1536,1612
1572,1597
1596,1631
1594,1616
1595,1665
1650,1663
1698,1690
1649,1706
1687,1749
1770,1756
1700,1778
1759,1803
1733,1770
1762,1788
1792,1794
1798,1784
1790,1772
1803,1809
1824,1788
1819,1781
1820,1769
1795,1761
1804,1776
1788,1744
1781,1742
1778,1739
1783,1688
1692,1720
1706,1661
1702,1671
1678,1634
1627,1582
1637,1594
1605,1568
1577,1531
1572,1538
1543,1511
1533,1488
1522,1492
1468,1465
1478,1474
1478,1425
1423,1436
1439,1436
1394,1443
1395,1404
1426,1410
1420,1417
1379,1441
1378,1429
1395,1434
1414,1409
1379,1420
1415,1474
1408,1457
1429,1456
1423,1483
1416,1506
1441,1525
1507,1542
1505,1567
1507,1593
1557,1612
1569,1606
1575,1620
1594,1627
1642,1648
1659,1682
1633,1703
1657,1703
1702,1746
1775,1730
1753,1762
1769,1784
1756,1789
1759,1746
1771,1777
1774,1799
1797,1769
1800,1779
1816,1785
1809,1776
1781,1750
1765,1760
1765,1753
1770,1723
1776,1746
1740,1703
1727,1706
1767,1660
1688,1653
1695,1641
1691,1639
1627,1578
1623,1581
1607,1547
1542,1557
1543,1524
1505,1508
1456,1500
1483,1455
1468,1437
1468,1448
1445,1423
1435,1444
1417,1413
1407,1393
1399,1422
1404,1404
1415,1446
1420,1375
1407,1413
1424,1439
1333,1412
1401,1447
1402,1461
1414,1474
1461,1502
1451,1497
1497,1525
1512,1516
1504,1566
1579,1569
1557,1577
1556,1614
1609,1660
1614,1655
1652,1696
1627,1685
1648,1700
1736,1689
1748,1702
1724,1743
1733,1762
1764,1765
1781,1775
1788,1807
1817,1810
1774,1809
1819,1755
1823,1769
1834,1787
1777,1760
1781,1785
1781,1784
1783,1723
1742,1743
1766,1695
1749,1685
1721,1683
1720,1668
1679,1676
1638,1594
1643,1617
1654,1594
1620,1557
1586,1547
1607,1506
1548,1510
1517,1517
1510,1476
1523,1452
1450,1459
1462,1453
1392,1407
1442,1427
1423,1434
1375,1439
1430,1395
1412,1435
1343,1435
1407,1401
1395,1419
1396,1431
1364,1454
1423,1469
1401,1496
1444,1504
1436,1497
1490,1517
1499,1537
1531,1567
1527,1563
1567,1595
1576,1616
1556,1615
1612,1642
1637,1660
1662,1651
1649,1700
1695,1693
1703,1745
1764,1746
1769,1761
1753,1750
1802,1768
1766,1797
1793,1780
1806,1811
1795,1794
1808,1769
1824,1786
1802,1785
1808,1746
1780,1728
1770,1715
1780,1719
1769,1717
1755,1721
1735,1665
1683,1657
1677,1648
1680,1641
1621,1604
1630,1608
1601,1570
1587,1555
1571,1526
1548,1507
1527,1471
1494,1484
1470,1499
1495,1452
1421,1468
1472,1440
1456,1429
1409,1400
1439,1384
1395,1444
1407,1431
1409,1399
1387,1416
1415,1452
1407,1399
1426,1441
1402,1461
1423,1478
1486,1464
1457,1484
1476,1488
1528,1540
1522,1536
1529,1569
1538,1608
1541,1639
1596,1651
1615,1649
1610,1665
1675,1702
1679,1721
1690,1714
1697,1724
1763,1741
1709,1778
1782,1746
1765,1768
1763,1773
1777,1780
1788,1758
1783,1755
1786,1774
1803,1785
1808,1770
1767,1740
1788,1751
1771,1721
1755,1701
1727,1696
1743,1686
1717,1666
1720,1672
1699,1637
1684,1617
1627,1568
1617,1557
1613,1562
1556,1556
1551,1510
1513,1507
1499,1506
1482,1486
1446,1456
1474,1439
1428,1468
1434,1420
1426,1433
1442,1376
1416,1419
1402,1426
1399,1424
1415,1420
1402,1451
1429,1410
1420,1440
1430,1445
1432,1472
1453,1491
1433,1514
1497,1511
1491,1516
1547,1568
1541,1592
1516,1613
1574,1625
1575,1630
1623,1645
1652,1665
1695,1659
1682,1685
1733,1677
1730,1710
1731,1734
1753,1757
1768,1767
1771,1788
1784,1779
1804,1785
1774,1784
1793,1799
1813,1784
1811,1754
1804,1736
1769,1752
1829,1742
1774,1717
1760,1723
1774,1706
1706,1710
1736,1696
1664,1672
1664,1642
1646,1603
1647,1593
1622,1574
1588,1536
1565,1514
1588,1543
1501,1514
1481,1479
1485,1461
1496,1462
1459,1435
1434,1448
1444,1370
1423,1435
1437,1428
1444,1422
1427,1417
1341,1419
1410,1452
1421,1442
1393,1412
1412,1453
1420,1409
1431,1489
1464,1495
1467,1503
1487,1539
1493,1546
1498,1563
1538,1596
1561,1569
1575,1614
1590,1639
1638,1656
1635,1642
1653,1723
1689,1712
1725,1717
1731,1730
1720,1739
1744,1755
1738,1765
1771,1783
1783,1790
1792,1777
1813,1766
1802,1767
1745,1736
1819,1762
1791,1745
1772,1746
1793,1706
1728,1741
1773,1707
1721,1707
1670,1650
1721,1664
1702,1671
1655,1643
1613,1596
1635,1588
1625,1571
1556,1566
1516,1541
1549,1494
1511,1504
1484,1485
1482,1495
1478,1489
1487,1443
1452,1487
1426,1429
1384,1417
1421,1407
1399,1398
1381,1420
1412,1448
1408,1406
1404,1466
1426,1462
1441,1459
1430,1477
1478,1478
1454,1528
1485,1516
1464,1537
1525,1548
1554,1575
1579,1562
1592,1618
1598,1623
1618,1652
1635,1663
1669,1714
1722,1711
1712,1732
1721,1742
1731,1726
1728,1745
1756,1749
1760,1771
1753,1753
1777,1777
1776,1800
1771,1750
1801,1796
1772,1767
1770,1760
1755,1744
1756,1742
1764,1709
1767,1716
1716,1696
1735,1657
1723,1656
1687,1635
1627,1629
1613,1610
1627,1588
1555,1564
1594,1538
1536,1511
1540,1478
1520,1493
1480,1492
1481,1466
1458,1447
1458,1418
1483,1442
1434,1406
1433,1406
1418,1447
1387,1447
1393,1413
1429,1432
1419,1459
1431,1435
1426,1462
1449,1497
1469,1499
1428,1465
1479,1531
1530,1547
1516,1554
1542,1571
1543,1596
1559,1612
1582,1642
1560,1661
1650,1650
1642,1675
1681,1663
1664,1738
1709,1710
1755,1738
1740,1728
1733,1718
1749,1741
1757,1778
1766,1783
1782,1742
1750,1743
1782,1777
1793,1739
1800,1795
1795,1730
1765,1754
1749,1720
1787,1692
1716,1719
1702,1670
1720,1676
1662,1617
1665,1604
1695,1603
1608,1591
1579,1573
1598,1561
1569,1519
1512,1537
1523,1502
1544,1482
1481,1471
1492,1466
1467,1459
1453,1421
1450,1423
1424,1467
1449,1419
1420,1445
1408,1441
1426,1448
1400,1420
1416,1481
1401,1444
1439,1475
1442,1474
1477,1497
1441,1512
1505,1541
1532,1511
1528,1585
1541,1565
1569,1609
1630,1605
1625,1660
1653,1644
1653,1674
1706,1692
1684,1687
1691,1735
1710,1756
1747,1732
1783,1748
1767,1763
1779,1746
1801,1754
1796,1763
1774,1776
1787,1763
1782,1773
1771,1745
1749,1754
1744,1729
1795,1731
1749,1705
1708,1700
1750,1679
1716,1652
1666,1649
1656,1639
1667,1601
1622,1591
1629,1597
1578,1546
1562,1539
1528,1508
1501,1505
1513,1503
1485,1451
1437,1447
1462,1462
1471,1425
1454,1430
1430,1417
1362,1436
1426,1451
1421,1421
1400,1427
1420,1433
1406,1450
1412,1483
1420,1471
1492,1480
1460,1512
1517,1513
1480,1540
1528,1550
1576,1582
1600,1594
1594,1627
1601,1652
1637,1625
1643,1666
1650,1679
1692,1690
1704,1700
1730,1723
1727,1720
1744,1765
1774,1739
1773,1750
1775,1774
1790,1739
1783,1785
1768,1763
1797,1734
1745,1731
1747,1751
1772,1745
1763,1716
1776,1696
1761,1703
1746,1663
1717,1650
1701,1638
1677,1624
1628,1618
1626,1571
1575,1592
1592,1542
1574,1515
1584,1527
1548,1495
1507,1494
1469,1519
1511,1469
1468,1432
1454,1423
1448,1434
1414,1432
1412,1462
1418,1450
1384,1419
1418,1445
1431,1423
1424,1438
1432,1490
1433,1490
1443,1524
1483,1489
1465,1527
1545,1535
1515,1555
1536,1578
1547,1582
1562,1616
1634,1640
1622,1628
1617,1664
1623,1619
1673,1710
1728,1719
1697,1750
1737,1751
1751,1757
1685,1756
1762,1776
1764,1769
1774,1774
1757,1760
1792,1735
1782,1739
1792,1740
1785,1724
1777,1749
1756,1725
1725,1717
1739,1689
1717,1698
1683,1663
1701,1666
1649,1648
1673,1608
1618,1576
1576,1557
1616,1565
1547,1566
1541,1511
1540,1520
1526,1482
1501,1476
1439,1461
1449,1457
1439,1434
1431,1444
1437,1453
1410,1450
1416,1450
1455,1452
1398,1467
1385,1489
1438,1448
1412,1456
1421,1423
1469,1464
1464,1518
1482,1511
1497,1530
1535,1544
1542,1565
1559,1562
1569,1609
1591,1650
1636,1665
1663,1666
1668,1666
1692,1674
1708,1691
1743,1714
1740,1726
1715,1758
1758,1731
1760,1758
1718,1726
1773,1745
1756,1755
1795,1788
1773,1745
1779,1748
1777,1739
1748,1759
1753,1715
1770,1677
1720,1678
1685,1647
1707,1661
1699,1649
1631,1607
1631,1571
1620,1574
1605,1572
1577,1521
1484,1545
1498,1513
1516,1491
1477,1468
1457,1447
1471,1463
1455,1467
1433,1443
1472,1460
1416,1416
1398,1445
1394,1436
1427,1441
1417,1437
1412,1478
1434,1464
1455,1490
1448,1505
1470,1497
1501,1522
1502,1540
1552,1578
1537,1544
1561,1569
1567,1600
1565,1629
1650,1653
1651,1643
1681,1650
1667,1695
1672,1711
1733,1717
1712,1744
1777,1766
1740,1762
1775,1774
1749,1757
1795,1768
1772,1762
1790,1751
1792,1763
1760,1770
1748,1745
1767,1734
1734,1707
1709,1686
1738,1703
1724,1662
1667,1656
1683,1646
1677,1603
1640,1590
1639,1530
1592,1559
1577,1528
1558,1541
1512,1521
1532,1495
1503,1461
1482,1481
1460,1465
1454,1419
1414,1443
1456,1435
1401,1451
1433,1447
1440,1430
1440,1423
1437,1445
1421,1438
1423,1489
1452,1482
1459,1503
1440,1529
1502,1514
1505,1562
1564,1567
1545,1570
1577,1629
1619,1624
1581,1637
1641,1657
1647,1662
1663,1687
1705,1705
1684,1724
1659,1735
1729,1705
1701,1741
1759,1781
1747,1768
1775,1757
1790,1785
1765,1759
1760,1774
1786,1754
1790,1697
1766,1724
1722,1713
1714,1728
1784,1694
1684,1677
1701,1675
1667,1592
1648,1601
1648,1608
1577,1596
1595,1574
1581,1534
1574,1512
1533,1502
1540,1509
1488,1480
1475,1478
1463,1463
1480,1461
1469,1446
1423,1424
1397,1439
1449,1442
1425,1442
1403,1442
1401,1447
1431,1425
1452,1469
1448,1486
1434,1505
1449,1522
1445,1519
1500,1537
1541,1524
1538,1594
1547,1577
1586,1620
1596,1627
1621,1654
1649,1655
1671,1690
1651,1697
1715,1720
1702,1711
1742,1738
1724,1734
1757,1750
1750,1752
1767,1760
1764,1744
1781,1761
1761,1769
1786,1737
1776,1753
1769,1748
1781,1721
1776,1705
1713,1693
1682,1697
1720,1660
1710,1636
1643,1639
1643,1611
1588,1581
1604,1560
1566,1553
1564,1527
1546,1519
1483,1483
1480,1494
1449,1481
1476,1434
1445,1466
1460,1430
1433,1439
1420,1464
1429,1425
1457,1457
1438,1438
1412,1455
1398,1454
1453,1484
1423,1487
1471,1494
1500,1507
1505,1511
1552,1515
1525,1573
1561,1589
1540,1593
1572,1578
1588,1611
1614,1652
1663,1678
1658,1697
1672,1718
1706,1731
1692,1743
1742,1755
1763,1759
1793,1752
1747,1768
1745,1758
1800,1771
1761,1747
1747,1734
1767,1788
1792,1746
1767,1743
1760,1739
1750,1733
1745,1712
1695,1694
1686,1651
1683,1631
1621,1585
1634,1606
1630,1551
1583,1542
1552,1553
1561,1501
1541,1496
1505,1508
1515,1473
1486,1469
1469,1460
1416,1414
1432,1430
1419,1459
1405,1423
1433,1434
1401,1441
1431,1433
1444,1442
1455,1458
1452,1476
1479,1505
1466,1494
1474,1506
1478,1510
1524,1540
1511,1564
1569,1590
1560,1626
1610,1619
1575,1643
1649,1645
1648,1672
1700,1680
1723,1705
1700,1727
1757,1733
1732,1716
1734,1742
1807,1730
1779,1774
1787,1726
1805,1723
1781,1770
1786,1726
1763,1756
1768,1723
1766,1719
1779,1714
1747,1672
1701,1694
1664,1661
1690,1646
1666,1617
1623,1586
1640,1589
1594,1581
1537,1562
1530,1545
1559,1494
1490,1474
1463,1475
1482,1468
1431,1475
1453,1448
1394,1425
1436,1448
1390,1461
1393,1424
1410,1426
1442,1449
1417,1435
1451,1448
1429,1477
1454,1465
1490,1494
1485,1546
1499,1522
1506,1566
1522,1554
1569,1577
1571,1585
1577,1607
1647,1645
1626,1669
1594,1700
1686,1688
1699,1709
1747,1729
1714,1716
1749,1749
1795,1761
1747,1762
1812,1795
1811,1744
1771,1741
1753,1769
1762,1741
1797,1729
1776,1727
1725,1721
1740,1706
1710,1700
1709,1682
1717,1671
1658,1651
1641,1631
1621,1600
1649,1574
1602,1571
1570,1544
1586,1519
1493,1519
1525,1470
1481,1490
1458,1493
1442,1468
1419,1456
1465,1422
1452,1424
1459,1440
1418,1450
1404,1432
1456,1458
1408,1444
1388,1448
1439,1458
1443,1468
1484,1517
1472,1500
1494,1516
1513,1552
1528,1577
1539,1633
1572,1631
1639,1656
1615,1642
1659,1666
1666,1687
1685,1747
1685,1727
1765,1761
1717,1740
1725,1756
1748,1766
1746,1756
1772,1757
1805,1727
1793,1731
1771,1762
1798,1777
1788,1731
1740,1744
1797,1704
1752,1704
1735,1709
1696,1671
1703,1664
1675,1654
1627,1577
1613,1626
1590,1545
1599,1581
1557,1544
1548,1504
1544,1484
1498,1479
1500,1433
1482,1476
1465,1433
1454,1420
1417,1411
1408,1422
1418,1439
1400,1434
1432,1436
1434,1453
1433,1449
1474,1458
1402,1494
1443,1481
1470,1518
1491,1521
1521,1574
1522,1575
1539,1581
1553,1643
1574,1603
1593,1629
1636,1667
1674,1653
1673,1684
1711,1724
1712,1738
1718,1755
1752,1741
1754,1763
1800,1792
1767,1779
1775,1769
1775,1785
1769,1776
1773,1749
1756,1750
1755,1730
1751,1724
1763,1686
1744,1691
1723,1686
1674,1652
1628,1619
1628,1617
1634,1583
1619,1576
1588,1563
1531,1527
1543,1517
1513,1500
1487,1511
1497,1480
1454,1438
1460,1423
1398,1454
1409,1437
1425,1428
1418,1423
1447,1436
1419,1428
1404,1451
1389,1484
1454,1484
1438,1503
1458,1478
1469,1529
1525,1516
1510,1541
1537,1550
1512,1609
1556,1596
1574,1625
1622,1609
1645,1674
1671,1666
1642,1692
1699,1752
1682,1734
1744,1732
1755,1743
1758,1745
1756,1747
1828,1767
1788,1773
1764,1757
1756,1755
1759,1761
1778,1745
1783,1758
1771,1690
1745,1694
1737,1693
1675,1692
1701,1625
1681,1618
1642,1640
1585,1586
1599,1593
1594,1549
1555,1541
1580,1529
1511,1491
1450,1479
1500,1466
1461,1443
1458,1445
1435,1432
1418,1435
1421,1447
1427,1426
1427,1440
1429,1450
1428,1447
1458,1440
1423,1471
1474,1501
1460,1487
1451,1522
1485,1551
1495,1528
1529,1552
1553,1598
1573,1595
1621,1660
1658,1639
1659,1672
1672,1670
1698,1718
1715,1737
1746,1740
1762,1719
1730,1742
1754,1761
1789,1770
1826,1795
1763,1760
1764,1778
1789,1760
1806,1764
1771,1726
1762,1728
1779,1726
1728,1710
1706,1703
1681,1665
1702,1640
1692,1634
1619,1624
1618,1570
1589,1568
1562,1554
1525,1521
1469,1491
1498,1501
1486,1461
1495,1485
1435,1447
1421,1444
1434,1447
1439,1411
1429,1433
1440,1417
1441,1443
1418,1442
1417,1429
1412,1481
1464,1475
1420,1509
1450,1503
1498,1543
1486,1559
1512,1553
1544,1592
1614,1620
1573,1630
1601,1647
1659,1642
1653,1655
1688,1662
1727,1713
1728,1714
1774,1744
1767,1784
1762,1772
1758,1759
1744,1736
1783,1747
1765,1753
1767,1780
1804,1752
1785,1739
1768,1732
1755,1705
1751,1713
1710,1694
1706,1659
1671,1651
1687,1634
1633,1612
1653,1578
1628,1566
1567,1566
1543,1506
1535,1522
1493,1496
1472,1468
1445,1470
1424,1450
1442,1453
1439,1469
1418,1464
1425,1410
1406,1409
1429,1438
1378,1440
1411,1455
1434,1465
1445,1499
1445,1509
1495,1494
1464,1531
1503,1521
1533,1575
1535,1585
1579,1606
1558,1613
1595,1639
1641,1686
1671,1673
1681,1731
1699,1695
1705,1733
1739,1724
1760,1737
1731,1782
1780,1764
1820,1767
1780,1757
1791,1771
1795,1776
1780,1756
1751,1773
1764,1731
1748,1731
1719,1721
1717,1700
1686,1658
1686,1633
1661,1617
1640,1606
1613,1597
1616,1555
1583,1555
1556,1532
1552,1481
1514,1482
1484,1459
1483,1464
1436,1477
1434,1461
1447,1424
1455,1409
1396,1417
1448,1411
1397,1469
1437,1448
1456,1431
1413,1456
1432,1467
1393,1513
1475,1500
