ch1,ch2
1549,1595
1548,1597
1563,1596
1584,1596
1565,1613
1598,1614
1608,1598
1611,1650
1653,1630
1598,1639
1661,1627
1647,1652
1667,1661
1674,1652
1647,1654
1658,1648
1685,1644
1654,1683
1686,1670
1675,1664
1723,1656
1656,1701
1661,1619
1658,1665
1673,1652
1662,1641
1699,1654
1652,1626
1678,1630
1668,1639
1633,1628
1639,1617
1616,1615
1626,1600
1613,1552
1652,1566
1602,1588
1569,1575
1614,1575
1544,1574
1532,1553
1552,1543
1519,1516
1527,1543
1526,1491
1464,1475
1504,1478
1486,1471
1464,1435
1457,1444
1443,1464
1444,1455
1437,1437
1445,1443
1429,1425
1461,1454
1423,1467
1446,1437
1460,1453
1405,1403
1408,1426
1415,1431
1428,1426
1466,1428
1392,1445
1420,1431
1425,1487
1382,1473
1398,1474
1433,1471
1462,1451
1447,1487
1481,1473
1445,1514
1461,1486
1470,1527
1491,1540
1521,1504
1513,1557
1577,1551
1546,1542
1548,1572
1576,1580
1552,1588
1575,1621
1562,1612
1616,1612
1615,1626
1624,1643
1613,1618
1605,1631
1651,1678
1649,1652
1650,1654
1674,1660
1693,1671
1693,1671
1628,1665
1707,1668
1694,1688
1657,1667
1620,1675
1692,1651
1675,1666
1678,1624
1698,1640
1673,1641
1681,1647
1658,1615
1645,1631
1661,1625
1673,1620
1646,1635
1621,1583
1631,1601
1611,1568
1616,1589
1591,1571
1591,1563
1589,1546
1584,1523
1541,1537
1563,1524
1530,1524
1519,1519
1500,1488
1489,1483
1514,1446
1496,1499
1500,1483
1466,1483
1482,1491
1482,1446
1423,1452
1456,1432
1390,1459
1431,1428
1434,1429
1429,1430
1399,1422
1419,1415
1429,1418
1426,1429
1421,1442
1410,1430
1438,1449
1418,1433
1424,1458
1435,1425
1419,1455
1422,1458
1445,1463
1459,1477
1468,1492
1505,1469
1479,1516
1480,1515
1483,1505
1520,1533
1518,1559
1531,1558
1513,1577
1548,1543
1560,1600
1533,1587
1565,1592
1610,1614
1629,1618
1616,1607
1591,1612
1585,1634
1639,1654
1617,1675
1656,1648
1659,1654
1667,1662
1670,1662
1651,1672
1664,1642
1720,1652
1705,1673
1687,1677
1696,1651
1716,1651
1654,1669
1667,1675
1695,1663
1682,1667
1671,1665
1645,1637
1655,1630
1663,1620
1653,1604
1633,1582
1637,1605
1611,1620
1622,1636
1626,1590
1554,1575
1602,1544
1539,1544
1595,1539
1538,1538
1530,1536
1544,1511
1495,1491
1532,1505
1530,1514
1527,1491
1473,1486
1483,1461
1491,1464
1455,1447
1466,1462
1432,1447
1431,1457
1432,1434
1444,1427
1400,1400
1412,1416
1405,1411
1379,1453
1409,1427
1426,1410
1423,1416
1407,1411
1374,1446
1434,1424
1416,1444
1412,1445
1443,1423
1458,1458
1446,1451
1438,1470
1416,1459
1487,1484
1438,1497
1465,1516
1507,1541
1498,1534
1540,1524
1511,1540
1527,1562
1520,1559
1558,1586
1543,1573
1559,1592
1562,1590
1626,1579
1591,1622
1633,1626
1645,1640
1634,1662
1655,1648
1683,1635
1640,1652
1689,1676
1673,1666
1674,1692
1659,1669
1715,1657
1681,1677
1700,1653
1722,1691
1719,1693
1692,1696
1675,1694
1702,1652
1685,1655
1723,1644
1698,1663
1674,1643
1654,1645
1656,1666
1671,1586
1656,1599
1639,1610
1620,1569
1594,1593
1590,1569
1620,1545
1590,1564
1577,1570
1548,1498
1550,1524
1534,1522
1544,1516
1526,1509
1517,1486
1493,1475
1462,1447
1461,1475
1484,1460
1450,1451
1458,1430
1441,1459
1422,1457
1405,1417
1415,1423
1419,1450
1419,1418
1385,1433
1415,1422
1443,1432
1375,1399
1389,1432
1409,1427
1430,1438
1417,1435
1421,1456
1429,1456
1458,1462
1404,1461
1462,1436
1439,1466
1434,1499
1474,1543
1450,1481
1501,1522
1461,1533
1494,1533
1480,1533
1476,1560
1513,1567
1520,1579
1565,1565
1535,1582
1570,1594
1611,1583
1596,1649
1612,1620
1597,1632
1606,1656
1632,1626
1657,1658
1667,1657
1656,1661
1642,1668
1687,1664
1684,1647
1691,1661
1723,1669
1687,1665
1702,1676
1708,1681
1693,1682
1726,1675
1693,1655
1705,1667
1692,1675
1700,1675
1668,1656
1684,1633
1665,1619
1679,1632
1675,1640
1648,1624
1610,1604
1610,1599
1610,1580
1623,1573
1587,1569
1571,1566
1577,1560
1568,1544
1551,1533
1526,1519
1521,1499
1548,1508
1524,1503
1459,1518
1492,1475
1479,1478
1464,1468
1472,1440
1434,1450
1436,1463
1410,1435
1433,1441
1400,1444
1413,1440
1439,1424
1399,1412
1425,1408
1411,1427
1418,1440
1383,1444
1396,1404
1404,1401
1423,1461
1408,1475
1399,1471
1408,1438
1459,1468
1431,1476
1449,1469
1465,1476
1453,1483
1469,1507
1490,1507
1509,1494
1514,1498
1489,1517
1508,1556
1510,1550
1558,1580
1548,1569
1565,1541
1581,1634
1588,1602
1583,1612
1592,1615
1649,1625
1604,1601
1659,1632
1610,1661
1642,1656
1658,1655
1634,1687
1671,1679
1687,1681
1695,1661
1708,1677
1677,1691
1712,1687
1681,1687
1694,1698
1692,1693
1687,1658
1723,1699
1684,1634
1677,1695
1663,1661
1675,1666
1666,1661
1671,1647
1675,1626
1670,1641
1669,1611
1635,1591
1646,1600
1589,1560
1623,1591
1551,1595
1574,1551
1563,1546
1561,1550
1582,1556
1532,1518
1547,1514
1542,1484
1486,1488
1511,1440
1485,1510
1492,1467
1452,1462
1452,1467
1450,1432
1426,1429
1425,1426
1424,1436
1428,1428
1382,1441
1411,1430
1405,1418
1408,1413
1416,1412
1396,1433
1369,1434
1384,1425
1412,1439
1400,1428
1416,1445
1395,1440
1421,1455
1449,1469
1430,1427
1435,1471
1426,1476
1468,1481
1448,1491
1519,1520
1505,1505
1487,1534
1521,1542
1574,1570
1525,1568
1514,1611
1536,1563
1566,1586
1590,1612
1587,1617
1579,1597
1628,1601
1610,1614
1638,1635
1633,1635
1623,1669
1630,1661
1666,1662
1687,1648
1663,1662
1666,1637
1664,1678
1695,1679
1677,1685
1692,1666
1718,1661
1712,1675
1740,1660
1698,1683
1663,1678
1697,1680
1683,1669
1682,1665
1674,1640
1642,1670
1655,1622
1673,1615
1637,1620
1642,1617
1629,1587
1609,1594
1621,1570
1589,1569
1608,1556
1593,1542
1541,1546
1541,1492
1555,1501
1532,1504
1493,1474
1530,1499
1497,1475
1503,1467
1466,1455
1446,1461
1445,1425
1431,1442
1472,1478
1451,1436
1414,1407
1450,1467
1431,1436
1425,1436
1410,1421
1410,1421
1378,1407
1404,1382
1408,1438
1397,1434
1418,1430
1409,1423
1431,1454
1423,1434
1436,1442
1435,1449
1421,1480
1456,1476
1471,1482
1474,1501
1497,1482
1465,1530
1456,1529
1494,1533
1483,1541
1523,1555
1515,1546
1523,1552
1547,1569
1611,1598
1584,1595
1594,1588
1587,1613
1607,1610
1622,1640
1625,1650
1612,1649
1644,1666
1653,1666
1678,1675
1689,1674
1684,1669
1727,1681
1663,1687
1673,1678
1700,1698
1709,1676
1716,1679
1704,1703
1681,1686
1687,1663
1697,1661
1679,1670
1672,1653
1692,1668
1694,1642
1672,1661
1679,1624
1647,1621
1673,1613
1635,1597
1646,1615
1606,1588
1587,1578
1600,1571
1592,1553
1580,1516
1556,1528
1551,1535
1542,1515
1541,1503
1515,1469
1501,1488
1508,1482
1495,1477
1462,1462
1464,1456
1430,1438
1440,1428
1457,1413
1432,1437
1446,1439
1451,1413
1435,1433
1397,1442
1393,1441
1421,1430
1402,1422
1380,1418
1393,1410
1422,1425
1427,1409
1388,1452
1386,1461
1395,1430
1414,1434
1429,1442
1470,1450
1423,1472
1451,1481
1482,1470
1470,1490
1485,1490
1484,1500
1498,1547
1482,1542
1531,1561
1534,1564
1563,1561
1577,1592
1584,1601
1588,1573
1572,1616
1570,1603
1636,1613
1656,1603
1658,1649
1663,1644
1643,1643
1672,1685
1643,1660
1642,1667
1693,1670
1681,1676
1689,1663
1679,1702
1672,1684
1685,1696
1714,1694
1698,1677
1707,1680
1746,1666
1706,1674
1680,1679
1677,1660
1692,1687
1685,1635
1662,1640
1695,1625
1670,1609
1652,1639
1631,1606
1656,1605
1631,1591
1614,1576
1595,1560
1606,1557
1599,1574
1617,1571
1551,1551
1511,1522
1560,1500
1513,1491
1490,1470
1493,1488
1519,1463
1509,1472
1455,1446
1457,1462
1462,1453
1425,1463
1452,1459
1418,1436
1429,1393
1423,1414
1405,1437
1396,1404
1424,1387
1371,1410
1366,1420
1379,1427
1388,1412
1415,1410
1385,1429
1396,1446
1371,1428
1410,1457
1421,1463
1442,1457
1410,1468
1440,1460
1447,1492
1450,1488
1469,1483
1449,1516
1494,1528
1526,1528
1520,1544
1525,1558
1523,1541
1585,1578
1575,1584
1571,1573
1579,1580
1615,1603
1615,1611
1608,1652
1613,1660
1645,1666
1658,1687
1643,1651
1649,1673
1655,1686
1676,1686
1675,1678
1696,1659
1689,1668
1696,1714
1720,1683
1693,1709
1709,1685
1690,1681
1702,1680
1670,1644
1705,1660
1690,1677
1688,1642
1701,1642
1699,1644
1668,1654
1656,1611
1686,1628
1623,1631
1610,1598
1615,1582
1652,1603
1600,1570
1571,1556
1606,1531
1547,1542
1548,1529
1559,1530
1545,1543
1503,1494
1520,1480
1491,1470
1494,1479
1502,1476
1464,1470
1483,1464
1458,1474
1410,1462
1435,1421
1423,1436
1448,1429
1438,1429
1421,1404
1410,1402
1369,1417
1424,1415
1393,1426
1389,1431
1373,1406
1361,1417
1412,1448
1400,1421
1416,1426
1398,1460
1424,1432
1421,1428
1427,1453
1445,1473
1476,1501
1443,1493
1461,1473
1480,1516
1454,1533
1476,1541
1556,1525
1504,1546
1527,1558
1531,1563
1575,1595
1578,1604
1559,1604
1618,1617
1621,1652
1618,1638
1630,1639
1637,1668
1648,1652
1657,1670
1629,1670
1682,1658
1673,1646
1653,1657
1682,1712
1712,1673
1671,1693
1747,1671
1698,1666
1692,1653
1694,1691
1704,1679
1711,1668
1718,1681
1685,1666
1681,1648
1698,1642
1707,1647
1652,1643
1687,1620
1669,1629
1650,1607
1659,1608
1637,1604
1643,1590
1629,1583
1591,1561
1580,1561
1557,1518
1575,1515
1515,1552
1549,1508
1556,1491
1508,1512
1471,1511
1505,1482
1469,1486
1450,1441
1451,1476
1500,1439
1499,1436
1447,1446
1439,1439
1412,1441
1400,1439
1416,1430
1416,1435
1384,1418
1380,1434
1378,1450
1406,1430
1399,1434
1397,1441
1388,1439
1426,1395
1410,1414
1426,1475
1418,1445
1427,1466
1410,1464
1451,1468
1462,1464
1424,1490
1477,1519
1469,1492
1490,1501
1458,1510
1498,1539
1499,1540
1559,1580
1506,1571
1557,1598
1558,1577
1566,1595
1604,1613
1606,1604
1618,1646
1657,1631
1634,1620
1630,1644
1637,1643
1670,1672
1653,1699
1667,1638
1681,1679
1639,1672
1664,1655
1683,1688
1707,1653
1699,1675
1706,1690
1690,1669
1700,1687
1673,1678
1680,1672
1697,1662
1702,1649
1692,1696
1668,1653
1640,1640
1649,1607
1663,1609
1657,1624
1653,1619
1676,1614
1634,1576
1612,1597
1609,1556
1553,1537
1594,1546
1541,1527
1555,1525
1556,1521
1519,1497
1541,1514
1512,1453
1487,1491
1476,1501
1485,1452
1452,1452
1440,1451
1455,1428
1438,1424
1439,1429
1408,1416
1433,1415
1414,1427
1410,1427
1410,1421
1385,1427
1375,1419
1393,1404
1395,1438
1402,1413
1421,1439
1415,1428
1414,1425
1401,1438
1390,1487
1428,1458
1435,1469
1446,1469
1433,1455
1457,1490
1446,1505
1496,1497
1454,1518
1477,1528
1466,1555
1515,1545
1511,1539
1527,1554
1549,1577
1550,1568
1603,1598
1546,1616
1593,1572
1631,1598
1628,1633
1606,1640
1642,1656
1663,1654
1662,1674
1650,1657
1658,1674
1682,1691
1696,1697
1680,1670
1666,1652
1722,1680
1695,1683
1693,1694
1698,1655
1690,1668
1701,1681
1714,1670
1660,1704
1693,1681
1732,1672
1687,1670
1642,1675
1662,1643
1647,1627
1662,1657
1669,1606
1640,1611
1603,1609
1653,1560
1606,1563
1585,1562
1561,1552
1571,1561
1549,1553
1552,1488
1511,1526
1509,1497
1519,1508
1497,1486
1488,1477
1473,1466
1477,1442
1443,1458
1471,1471
1430,1419
1439,1425
1428,1411
1410,1414
1432,1410
1403,1426
1425,1425
1396,1429
1427,1415
1400,1404
1367,1421
1392,1423
1413,1399
1390,1414
1411,1425
1413,1397
1417,1406
1405,1426
1404,1455
1408,1488
1411,1475
1467,1485
1448,1453
1450,1485
1470,1535
1483,1501
1522,1527
1529,1525
1520,1559
1542,1572
1548,1597
1521,1577
1493,1603
1568,1617
1585,1604
1621,1641
1619,1617
1622,1662
1665,1637
1645,1647
1669,1677
1646,1678
1697,1642
1685,1658
1717,1681
1689,1684
1700,1658
1728,1687
1692,1708
1710,1680
1709,1659
1698,1682
1697,1690
1707,1691
1701,1679
1684,1654
1678,1656
1724,1669
1663,1629
1663,1624
1661,1632
1683,1633
1654,1592
1622,1604
1629,1589
1643,1577
1584,1592
1598,1583
1573,1562
1577,1544
1560,1525
1579,1520
1518,1475
1529,1503
1496,1484
1520,1469
1514,1496
1476,1469
1473,1460
1461,1428
1446,1469
1440,1454
1442,1451
1437,1421
1395,1419
1437,1419
1420,1448
1370,1450
1394,1418
1387,1409
1407,1419
1414,1454
1413,1400
1363,1426
1431,1416
1425,1417
1376,1423
1408,1457
1434,1447
1457,1449
1412,1467
1437,1447
1435,1487
1474,1464
1462,1488
1496,1508
1487,1509
1501,1561
1506,1553
1518,1523
1520,1558
1523,1564
1569,1587
1607,1577
1591,1586
1592,1605
1634,1627
1595,1622
1646,1671
1643,1631
1653,1664
1659,1651
1618,1664
1678,1659
1659,1685
1705,1669
1694,1689
1679,1684
1675,1662
1709,1678
1716,1670
1712,1689
1697,1672
1679,1720
1712,1659
1713,1663
1710,1638
1660,1645
1688,1670
1700,1663
1676,1654
1644,1649
1682,1646
1644,1608
1650,1615
1629,1581
1635,1587
1649,1562
1633,1549
1607,1560
1551,1527
1557,1550
1538,1522
1570,1522
1522,1528
1498,1522
1488,1481
1468,1498
1484,1471
1471,1441
1464,1439
1458,1454
1464,1411
1431,1450
1426,1437
1440,1404
1435,1422
1402,1438
1376,1423
1414,1428
1397,1402
1397,1400
1364,1445
1410,1410
1383,1433
1400,1402
1392,1431
1421,1407
1415,1413
1417,1468
1422,1453
1420,1455
1444,1486
1449,1465
1442,1466
1470,1500
1463,1489
1475,1479
1527,1533
1499,1534
1527,1513
1554,1531
1567,1557
1567,1571
1579,1578
1593,1598
1579,1598
1617,1614
1605,1635
1620,1619
1661,1640
1651,1653
1667,1656
1654,1648
1650,1643
1683,1666
1669,1675
1684,1689
1677,1665
1689,1672
1700,1707
1717,1693
1708,1693
1700,1675
1690,1686
1692,1697
1690,1674
1704,1684
1672,1655
1706,1666
1681,1627
1663,1632
1671,1647
1681,1634
1637,1602
1692,1610
1642,1586
1648,1588
1612,1567
1588,1572
1590,1566
1561,1564
1569,1540
1544,1544
1554,1502
1511,1503
1536,1479
1466,1508
1498,1502
1509,1501
1470,1454
1449,1463
1466,1445
1443,1443
1461,1439
1436,1455
1442,1413
1428,1440
1398,1396
1414,1417
1391,1396
1431,1413
1376,1425
1378,1421
1433,1404
1409,1439
1363,1411
1412,1451
1404,1424
1389,1453
1412,1426
1427,1493
1416,1479
1436,1497
1423,1466
1438,1498
1435,1497
1479,1527
1489,1523
1486,1520
1520,1520
1502,1546
1526,1554
1584,1560
1532,1588
1562,1585
1586,1603
1592,1626
1623,1609
1619,1629
1632,1614
1632,1634
1666,1638
1613,1635
1653,1656
1680,1689
1684,1669
1690,1670
1711,1705
1666,1673
1674,1700
1688,1705
1704,1674
1677,1672
1702,1661
1661,1692
1686,1698
1686,1672
1695,1667
1724,1643
1676,1674
1697,1632
1667,1626
1664,1668
1688,1645
1653,1623
1641,1640
1665,1593
1624,1589
1584,1571
1594,1572
1574,1536
1583,1512
1552,1515
1581,1530
1518,1493
1526,1502
1512,1476
1536,1466
1504,1454
1475,1478
1436,1445
1475,1458
1451,1472
1481,1458
1442,1463
1474,1429
1439,1416
1458,1430
1415,1436
1437,1417
1390,1440
1425,1390
1416,1417
1366,1421
1389,1413
1422,1403
1392,1430
1385,1396
1384,1418
1399,1422
1429,1447
1437,1450
1428,1440
1446,1477
1440,1487
1459,1457
1448,1458
1441,1489
1508,1520
1475,1543
1512,1522
1486,1550
1515,1550
1526,1533
1560,1579
1546,1597
1517,1582
1592,1585
1610,1615
1600,1617
1607,1663
1632,1624
1625,1684
1632,1655
1658,1667
1666,1660
1641,1704
1672,1689
1701,1676
1668,1682
1674,1695
1667,1672
1720,1704
1665,1668
1696,1656
1700,1678
1718,1665
1702,1672
1694,1663
1692,1652
1680,1647
1657,1669
1679,1659
1675,1623
1660,1624
1665,1637
1649,1595
1619,1602
1618,1609
1616,1592
1597,1598
1587,1563
1581,1520
1558,1571
1571,1506
1544,1515
1549,1506
1533,1501
1506,1499
1533,1474
1483,1481
1492,1468
1463,1456
1438,1466
1451,1457
1420,1462
1449,1442
1429,1439
1431,1410
1406,1405
1368,1410
1401,1428
1437,1401
1384,1402
1414,1421
1436,1405
1423,1429
1421,1426
1409,1443
1388,1420
1396,1424
1408,1453
1424,1451
1429,1452
1428,1461
1429,1474
1473,1478
1445,1499
1442,1471
1452,1515
1506,1512
1508,1521
1499,1548
1532,1577
1542,1560
1538,1562
1561,1593
1585,1561
1571,1597
1577,1601
1632,1605
1627,1624
1629,1615
1660,1644
1662,1649
1650,1645
1658,1641
1632,1655
1667,1687
1700,1659
1716,1671
1646,1694
1702,1691
1727,1666
1680,1651
1696,1653
1700,1678
1705,1669
1721,1665
1676,1667
1703,1664
1685,1655
1718,1644
1679,1611
1647,1644
1660,1635
1663,1628
1648,1625
1644,1599
1655,1595
1618,1571
1629,1573
1585,1585
1573,1563
1585,1545
1556,1512
1569,1536
1557,1512
1535,1483
1517,1494
1499,1494
1508,1480
1473,1459
1476,1444
1474,1435
1467,1466
1416,1461
1450,1438
1418,1403
1426,1430
1414,1429
1389,1435
1433,1406
1415,1409
1416,1429
1374,1419
1387,1408
1419,1449
1406,1442
1393,1448
1391,1426
1386,1424
1458,1426
1428,1427
1421,1466
1416,1487
1424,1445
1450,1486
1458,1504
1470,1491
1445,1507
1527,1528
1493,1540
1513,1533
1490,1544
1506,1536
1543,1548
1553,1556
1580,1593
1592,1631
1572,1608
1591,1612
1597,1642
1628,1646
1598,1665
1650,1636
1632,1639
1643,1653
1697,1687
1678,1671
1694,1656
1676,1683
1707,1692
1701,1690
1680,1667
1710,1676
1683,1695
1733,1685
1707,1653
1705,1664
1677,1701
1715,1646
1706,1629
1657,1628
1663,1633
1643,1650
1685,1639
1656,1648
1659,1616
1595,1595
1607,1590
1612,1577
1628,1595
1585,1572
1563,1555
1604,1544
1558,1549
1564,1519
1508,1520
1529,1524
1530,1507
1520,1482
1495,1501
1518,1472
1451,1459
1485,1494
1447,1441
1462,1448
1448,1472
1446,1437
1422,1459
1431,1407
1422,1427
1409,1415
1393,1447
1408,1413
1394,1400
1409,1425
1419,1396
1389,1427
1434,1437
1441,1448
1409,1425
1419,1455
1417,1448
1420,1449
1444,1460
1434,1490
1459,1447
1481,1472
1473,1529
1509,1505
1481,1512
1477,1528
1541,1540
1539,1523
1533,1582
1565,1536
1560,1581
1592,1568
1581,1580
1541,1625
1575,1603
1605,1629
1610,1621
1634,1644
1612,1620
1692,1654
1655,1658
1666,1693
1686,1659
1640,1658
1658,1693
1709,1678
1695,1693
1712,1680
1674,1677
1720,1660
1726,1664
1696,1670
1698,1661
1652,1659
1670,1654
1695,1672
1699,1666
1670,1673
1643,1630
1640,1644
1635,1634
1652,1621
1645,1591
1618,1622
1615,1597
1620,1576
1620,1550
1597,1547
1588,1545
1550,1530
1561,1543
1526,1524
1530,1512
1534,1516
1500,1482
1500,1474
1458,1484
1466,1472
1466,1440
1449,1428
1439,1465
1414,1419
1429,1413
1438,1440
1423,1420
1413,1428
1415,1422
1397,1423
1397,1384
1418,1411
1419,1433
1415,1440
1414,1433
1422,1436
1442,1436
1407,1450
1430,1465
1441,1432
1433,1463
1400,1434
1450,1462
1430,1456
1462,1503
1466,1478
1472,1512
1486,1518
1504,1508
1520,1524
1519,1515
1515,1544
1563,1539
1530,1597
1551,1592
1584,1619
1585,1583
1588,1595
1579,1608
1591,1624
1620,1637
1648,1642
1624,1624
1646,1659
1649,1651
1701,1650
1648,1672
1659,1692
1701,1692
1693,1675
1692,1679
1705,1666
1689,1634
1690,1665
1678,1673
1664,1680
1670,1677
1690,1653
1692,1696
1659,1663
1646,1642
1691,1616
1673,1624
1679,1617
1651,1625
1623,1579
1635,1604
1618,1588
1615,1598
1609,1612
1612,1574
1561,1578
1561,1535
1554,1502
1559,1531
1504,1496
1527,1490
1505,1501
1471,1478
1487,1494
1481,1464
1505,1455
1451,1466
1468,1466
1451,1454
1430,1433
1423,1441
1433,1438
1432,1440
1410,1409
1440,1421
1390,1401
1395,1410
1383,1407
1395,1425
1404,1429
1412,1448
1421,1459
1400,1431
1433,1441
1417,1441
1402,1440
1469,1463
1444,1463
1412,1478
1441,1483
1473,1525
1477,1501
1503,1527
1480,1505
1472,1534
1520,1520
1529,1568
1509,1567
1542,1568
1550,1571
1577,1586
1564,1587
1578,1597
1617,1605
1591,1648
1590,1623
1644,1644
1632,1642
1636,1636
1655,1654
1703,1669
1658,1653
1680,1646
1682,1667
1707,1676
1712,1675
1687,1658
1680,1667
1711,1666
1673,1660
1661,1695
1713,1647
1678,1688
1669,1662
1649,1656
1689,1664
1688,1641
1658,1598
1629,1629
1679,1626
1637,1608
1647,1590
1619,1595
1610,1572
1600,1590
1579,1577
1592,1555
1582,1543
1581,1527
1525,1509
1547,1522
1524,1535
1529,1497
1483,1486
1479,1490
1489,1491
1484,1467
1440,1496
1460,1458
1432,1440
1460,1446
1442,1446
1424,1442
1403,1434
1427,1435
1385,1416
1390,1396
1420,1433
1425,1436
1402,1419
1408,1410
1394,1424
1435,1426
1396,1438
1398,1416
1388,1465
1440,1467
1441,1475
1429,1465
1438,1455
1440,1478
1477,1509
1463,1472
1474,1502
1477,1506
1465,1532
1494,1541
1530,1563
1539,1557
1534,1552
1542,1568
1589,1584
1593,1584
1588,1597
1594,1592
1606,1600
1601,1667
1619,1656
1646,1667
1624,1651
1666,1665
1660,1681
1690,1660
1687,1650
1694,1650
1670,1662
1683,1663
1700,1676
1685,1648
1694,1673
1681,1668
1683,1672
1684,1652
1716,1647
1692,1677
1690,1660
1658,1631
1649,1617
1653,1622
1652,1610
1635,1606
1606,1600
1625,1604
1598,1594
1624,1617
1561,1569
1580,1546
1568,1558
1537,1546
1561,1527
1545,1579
1576,1533
1541,1511
1545,1471
1497,1494
1484,1495
1489,1462
1489,1466
1472,1459
1445,1434
1461,1470
1438,1432
1434,1395
1426,1429
1430,1408
1430,1407
1413,1448
1418,1469
1414,1428
1411,1445
1391,1459
1424,1421
1410,1431
1401,1430
1393,1436
1417,1479
1436,1453
1413,1462
1437,1460
1407,1463
1427,1470
1460,1479
1466,1482
1469,1498
1475,1502
1471,1521
1512,1544
1516,1530
1500,1543
1510,1553
1556,1563
1551,1560
1552,1573
1571,1595
1585,1602
1593,1618
1593,1634
1625,1633
1614,1643
1662,1632
1622,1650
1631,1616
1649,1676
1662,1660
1663,1667
1656,1692
1663,1653
1684,1660
1680,1671
1682,1651
1690,1686
1661,1699
1682,1692
1718,1650
1673,1650
1682,1695
1738,1642
1646,1639
1652,1637
1685,1633
1645,1634
1658,1611
1656,1615
1647,1610
1632,1587
1605,1590
1653,1563
1572,1564
1558,1537
1612,1534
1548,1550
1542,1508
1542,1522
1496,1511
1490,1495
1488,1479
1524,1489
1498,1462
1504,1456
1455,1490
1483,1487
1469,1442
1426,1418
1422,1415
1449,1441
1411,1435
1449,1431
1399,1437
1429,1397
1391,1419
1444,1444
1395,1426
1416,1424
1419,1411
1406,1421
1435,1436
1424,1434
1425,1424
1466,1424
1432,1467
1498,1434
1432,1446
1453,1481
1458,1478
1479,1516
1469,1506
1484,1508
1523,1529
1512,1558
1480,1534
1534,1533
1533,1561
1556,1575
1560,1591
1570,1596
1563,1594
1578,1597
1587,1612
1615,1604
1670,1614
1631,1641
1635,1638
1635,1661
1675,1671
1626,1671
1649,1641
1635,1679
1668,1675
1677,1678
1684,1688
1662,1678
1707,1643
1702,1689
1680,1667
1667,1680
1655,1684
1669,1652
1683,1666
1666,1630
1690,1649
1653,1630
1657,1627
1684,1630
1679,1615
1625,1613
1610,1586
1662,1600
1590,1585
1597,1572
1567,1577
1576,1541
1549,1520
1588,1526
1565,1527
1559,1529
1512,1499
1554,1507
1507,1460
1498,1477
1469,1451
1469,1457
1503,1444
1454,1435
1443,1412
1454,1453
1440,1429
1420,1410
1418,1442
1419,1457
1450,1426
1420,1416
1427,1452
1398,1432
1393,1432
1405,1448
1455,1415
1420,1450
1440,1438
1410,1454
1459,1445
1424,1463
1463,1462
1448,1478
1464,1479
1463,1465
1455,1511
1479,1483
1480,1495
1524,1523
1523,1546
1524,1541
1527,1555
1557,1573
1509,1597
1578,1601
1578,1596
1563,1594
1590,1629
1593,1593
1608,1599
1642,1649
1602,1645
1616,1657
1610,1634
1642,1631
1673,1644
1664,1660
1658,1661
1661,1647
1695,1690
1652,1661
1708,1672
1694,1667
1701,1672
1652,1671
1665,1658
1703,1642
1684,1649
1666,1643
1681,1639
1669,1625
1670,1644
1647,1637
1623,1596
1639,1600
1650,1601
1630,1612
1628,1602
1580,1570
1590,1595
1575,1549
1564,1571
1578,1540
1560,1549
1545,1526
1555,1528
1502,1508
1521,1516
1484,1483
1514,1494
1482,1467
1465,1477
1477,1444
1477,1460
1474,1467
1458,1448
1456,1483
1476,1453
1431,1437
1448,1456
1437,1423
1420,1429
1419,1449
1443,1395
1419,1451
1410,1414
1417,1451
1436,1419
1412,1438
1453,1456
1419,1418
1394,1432
1453,1478
1458,1450
1431,1479
1485,1497
1468,1489
1456,1502
1468,1514
1498,1509
1496,1521
1523,1545
1519,1553
1545,1525
1545,1573
1535,1561
1547,1607
1605,1595
1574,1632
1604,1596
1620,1630
1607,1618
1607,1589
1616,1666
1640,1625
1660,1663
1635,1662
1687,1658
1655,1654
1682,1656
1692,1664
1663,1670
1679,1676
1688,1661
1696,1672
1680,1662
1653,1672
1698,1650
1662,1664
1656,1639
1685,1656
1668,1654
1670,1635
1660,1619
1647,1633
1646,1617
1648,1626
1610,1602
1599,1609
1637,1591
1580,1560
1618,1568
1562,1559
1550,1541
1585,1552
1550,1536
1529,1508
1527,1510
1535,1509
1492,1520
1485,1489
1502,1504
1486,1467
1507,1472
1480,1470
1436,1455
1459,1462
1467,1453
1444,1429
1427,1429
1419,1448
1409,1414
1416,1429
1424,1425
1421,1441
1425,1414
1398,1430
1399,1436
1433,1421
1427,1459
1437,1440
1433,1458
1457,1443
1450,1469
1434,1470
1466,1481
1483,1494
1442,1485
1448,1516
1476,1526
1484,1542
1500,1549
1540,1549
1538,1536
1520,1555
1548,1538
1556,1574
1560,1547
1603,1566
1579,1586
1599,1599
1611,1615
1589,1609
1619,1626
1642,1658
1633,1617
1640,1643
1670,1665
1633,1674
1639,1657
1668,1659
1653,1656
1667,1676
1653,1696
1667,1684
1676,1655
1702,1668
1674,1648
1714,1659
1671,1674
1647,1657
1681,1643
1662,1641
1664,1609
1656,1612
1677,1623
1619,1632
1650,1592
1598,1572
1619,1579
1574,1576
1582,1596
1605,1555
1540,1552
1576,1561
1569,1558
1559,1558
1535,1517
1524,1517
1533,1503
1539,1513
1513,1488
1494,1490
1505,1470
1495,1463
1510,1493
1464,1465
1467,1473
1440,1437
1463,1435
1421,1423
1445,1436
1450,1438
1440,1439
1437,1452
1395,1451
1428,1451
1432,1417
1442,1479
1402,1440
1418,1452
1419,1484
1448,1467
1435,1439
1435,1478
1442,1492
1485,1495
1454,1495
1478,1483
1471,1490
1505,1519
1492,1489
1479,1537
1526,1511
1541,1541
1542,1561
1524,1574
1554,1564
1564,1585
1576,1597
1568,1606
1604,1594
1604,1621
1591,1617
1599,1623
1609,1616
1599,1628
1647,1624
1655,1635
1639,1647
1651,1644
1669,1647
1651,1673
1676,1656
1689,1664
1718,1672
1673,1686
1684,1674
1683,1650
1644,1670
1691,1649
1640,1673
1660,1631
1673,1639
1653,1641
1647,1672
1675,1621
1647,1611
1663,1589
1639,1598
1600,1569
1581,1571
1590,1568
1588,1579
1577,1579
1543,1534
1539,1544
1575,1525
1556,1532
1524,1510
1517,1532
1493,1489
1529,1506
1506,1466
1465,1487
1488,1494
1482,1490
1467,1443
1435,1469
1452,1460
1429,1463
1431,1451
1444,1433
1449,1441
1439,1453
1399,1436
1422,1451
1415,1435
1438,1422
1446,1451
1427,1461
1408,1423
1423,1436
1434,1436
1443,1451
1430,1455
1426,1498
1433,1489
1441,1502
1476,1528
1450,1524
1511,1500
1493,1528
1498,1503
1501,1548
1500,1532
1543,1535
1543,1561
1538,1580
1559,1547
1589,1606
1572,1584
1554,1593
1590,1614
1605,1641
1610,1610
1599,1621
1603,1637
1636,1608
1653,1645
1651,1650
1688,1649
1670,1649
1665,1658
1645,1652
1657,1658
1669,1670
1661,1659
1663,1648
1657,1653
1704,1669
1656,1640
1658,1647
1683,1674
1671,1655
1684,1661
1657,1643
1645,1621
1678,1614
1663,1608
1636,1611
1624,1585
1636,1616
1614,1570
1604,1561
1568,1591
1593,1564
1567,1548
1582,1560
1541,1515
1536,1486
1558,1506
1509,1462
1513,1529
1512,1482
1489,1478
1477,1474
1450,1502
1478,1462
1461,1437
1476,1440
1471,1453
1440,1461
1458,1424
1471,1435
1452,1447
1436,1427
1412,1445
1417,1418
1394,1440
1426,1414
1442,1448
1386,1447
1424,1458
1442,1435
1446,1460
1447,1466
1454,1513
1441,1479
1444,1482
1471,1491
1446,1518
1488,1521
1486,1530
1519,1528
1499,1533
1524,1537
1533,1549
1497,1549
1537,1570
1552,1553
1570,1574
1590,1597
1585,1594
1566,1616
1598,1564
1584,1601
1626,1638
1610,1627
1618,1647
1636,1616
1651,1663
1639,1638
1624,1634
1685,1661
1646,1658
1657,1635
1670,1664
1665,1653
1659,1678
1680,1687
1687,1661
1662,1644
1699,1630
1663,1659
1664,1639
1654,1652
1675,1618
1661,1621
1613,1622
1658,1609
1628,1622
1643,1621
1609,1590
1601,1587
1591,1607
1597,1574
1617,1535
1570,1538
1554,1564
1564,1521
1556,1515
1521,1520
1538,1510
1509,1520
1504,1485
1493,1478
1465,1473
1468,1478
1442,1475
1441,1471
1460,1481
1468,1450
1478,1455
1461,1459
1407,1446
1412,1469
1442,1445
1424,1445
1423,1448
1427,1434
1468,1455
1416,1407
1449,1454
1449,1457
1442,1461
1459,1493
1437,1465
1436,1464
1475,1473
1450,1474
1486,1493
1470,1458
1505,1494
1483,1532
1481,1514
1486,1528
1499,1532
1514,1568
1533,1552
1544,1560
1548,1560
1546,1559
1559,1598
1589,1594
1591,1579
1590,1610
1607,1597
1626,1621
1615,1630
1618,1622
1625,1661
1658,1638
1674,1630
1690,1662
1685,1639
1670,1656
1667,1642
1675,1661
1680,1651
1671,1676
1689,1663
1638,1648
1661,1658
1648,1652
1651,1637
1647,1624
1663,1650
1680,1614
1637,1636
1616,1607
1607,1616
1617,1609
1591,1599
1583,1572
1626,1586
1606,1562
1590,1549
1594,1565
1561,1549
1554,1540
1555,1543
1550,1514
1557,1511
1541,1527
1490,1509
1486,1506
1491,1493
1504,1486
1480,1495
1489,1484
1480,1467
1480,1461
1435,1454
1451,1444
1433,1464
1433,1447
1438,1451
1438,1441
1452,1444
1417,1458
1427,1446
1427,1458
1450,1457
1430,1434
1429,1444
1420,1466
1444,1453
1455,1445
1465,1456
1470,1482
1451,1498
1477,1497
1482,1507
1482,1484
1490,1534
1460,1535
1504,1543
1540,1540
1507,1546
1559,1560
1555,1533
1544,1576
1554,1553
1573,1565
1567,1594
1607,1602
1581,1593
1616,1621
1610,1616
1619,1623
1641,1654
1633,1655
1635,1642
1646,1621
1638,1649
1690,1626
1643,1652
1675,1615
1643,1658
1654,1644
1677,1640
1663,1651
1681,1656
1643,1665
1678,1658
1663,1656
1640,1640
1653,1628
1639,1629
1645,1600
1643,1642
1605,1594
1624,1614
1613,1561
1634,1590
1642,1572
1612,1594
1583,1549
1562,1553
1605,1568
1574,1544
1569,1542
1560,1518
1532,1509
1519,1522
1532,1475
1511,1506
1487,1495
1502,1497
1503,1502
1500,1478
1461,1473
1511,1495
1455,1459
1439,1470
1449,1431
1434,1449
1459,1440
1450,1433
1416,1440
1411,1449
1440,1448
1414,1471
1428,1455
1420,1446
1456,1453
1449,1463
1448,1485
1459,1458
1475,1472
1428,1491
1512,1463
1461,1487
1469,1500
1460,1514
1475,1490
1490,1506
1516,1524
1506,1528
1505,1541
1526,1560
1509,1560
1531,1559
1558,1588
1578,1589
1575,1616
1577,1587
1587,1591
1645,1613
1598,1607
1594,1619
1629,1619
1631,1640
1652,1615
1644,1645
1623,1632
1664,1634
1656,1669
1650,1661
1682,1661
1653,1645
1679,1661
1695,1659
1672,1661
1626,1649
1668,1651
1671,1651
1651,1639
1614,1668
1667,1661
1632,1644
1652,1589
1643,1608
1642,1597
1641,1588
1596,1583
1569,1556
1611,1580
1594,1554
1572,1554
1556,1531
1564,1562
1549,1515
1541,1537
1517,1526
1563,1516
1546,1515
1533,1501
1532,1491
1475,1495
1504,1479
1495,1488
1505,1462
1456,1439
1469,1442
1449,1455
1420,1426
1478,1456
1425,1454
1466,1411
1433,1437
1432,1455
1445,1454
1433,1453
1441,1424
1428,1462
1453,1444
1435,1440
1435,1478
1430,1453
1438,1463
1444,1478
1448,1480
1469,1505
1428,1509
1474,1491
1480,1503
1492,1536
1520,1560
1482,1532
1508,1551
1530,1567
1544,1549
1522,1563
1552,1599
1552,1557
1576,1578
1577,1576
1585,1583
1597,1599
1584,1610
1607,1617
1657,1632
1607,1629
1631,1634
1633,1632
1661,1609
1654,1664
1675,1656
1674,1626
1673,1646
1682,1631
1654,1635
1672,1641
1665,1658
1686,1620
1667,1649
1667,1652
1671,1645
1661,1639
1664,1645
1666,1623
1624,1626
1637,1612
1640,1603
1648,1591
1604,1608
1619,1610
1582,1587
1579,1561
1562,1560
1563,1575
1574,1533
1533,1528
1585,1538
1542,1514
1532,1502
1530,1489
1515,1497
1507,1509
1474,1505
1479,1480
1495,1497
1484,1485
1495,1432
1471,1485
1486,1459
1444,1473
1451,1449
1413,1453
1441,1442
1452,1426
1457,1440
1396,1438
1443,1437
1457,1461
1439,1456
1437,1462
1432,1453
1419,1463
1449,1472
1444,1489
1458,1444
1469,1478
1468,1475
1483,1483
1490,1505
1488,1489
1478,1538
1489,1538
1530,1528
1520,1549
1507,1547
1539,1534
1557,1545
1580,1570
1544,1547
1593,1587
1557,1587
1595,1626
1594,1605
1601,1633
1638,1609
1620,1607
1638,1637
1674,1667
1641,1642
1654,1664
1675,1665
1654,1636
1650,1650
1689,1668
1642,1649
1669,1646
1673,1635
1658,1650
1663,1639
1643,1635
1638,1652
1683,1640
1655,1601
1640,1629
1633,1614
1643,1627
1634,1599
1653,1623
1630,1619
1591,1566
1622,1594
1584,1606
1575,1539
1576,1582
1541,1557
1594,1543
1573,1553
1559,1534
1556,1503
1510,1511
1518,1490
1506,1527
1538,1493
1542,1487
1500,1444
1446,1498
1460,1481
1453,1451
1475,1459
1462,1474
1462,1475
1462,1454
1448,1437
1432,1457
1477,1467
1456,1456
1454,1463
1460,1441
1426,1467
1444,1432
1416,1441
1436,1467
1429,1498
1450,1464
1425,1461
1433,1467
1465,1463
1455,1460
1449,1502
1467,1500
1523,1493
1495,1497
1502,1510
1493,1532
1523,1532
1517,1534
1524,1542
1540,1545
1522,1581
1527,1569
1542,1548
1571,1612
1584,1590
1583,1619
1588,1646
1597,1628
1632,1630
1611,1617
1674,1628
1653,1632
1649,1644
1649,1627
1645,1625
1679,1674
1636,1646
1680,1636
1702,1679
1674,1625
1646,1631
1664,1628
1625,1611
1680,1642
1696,1620
1650,1611
1656,1663
1639,1643
1637,1601
1618,1612
1605,1613
1610,1611
1623,1602
1576,1567
1588,1582
1612,1586
1591,1576
1598,1556
1595,1569
1538,1545
1554,1509
1549,1518
1539,1499
1536,1507
1499,1482
1495,1505
1500,1466
1482,1461
1492,1491
1485,1486
1478,1471
1454,1461
1452,1465
1448,1446
1471,1447
1409,1426
1436,1469
1428,1466
1455,1459
1420,1408
1446,1437
1460,1460
1422,1472
1451,1429
1458,1479
1423,1451
1428,1475
1433,1492
1464,1470
1453,1483
1454,1479
1469,1511
1433,1499
1459,1488
1480,1510
1475,1541
1509,1533
1526,1529
1490,1541
1540,1559
1533,1548
1561,1539
1551,1583
1561,1550
1573,1598
1594,1611
1604,1576
1606,1604
1606,1609
1606,1647
1615,1612
1652,1635
1651,1643
1638,1668
1633,1667
1667,1659
1692,1653
1663,1643
1678,1640
1677,1647
1667,1663
1678,1645
1651,1603
1657,1631
1665,1641
1665,1641
1648,1665
1689,1623
1644,1621
1668,1650
1643,1638
1635,1585
1622,1597
1624,1606
1623,1583
1572,1584
1587,1580
1595,1571
1619,1563
1558,1536
1555,1540
1540,1546
1560,1526
1566,1537
1530,1506
1526,1520
1523,1514
1527,1493
1475,1466
1509,1484
1484,1477
1472,1473
1446,1473
1476,1451
1464,1468
1436,1465
1434,1438
1455,1462
1411,1432
1464,1454
1473,1444
1451,1467
1428,1472
1439,1446
1430,1441
1452,1458
1487,1470
1431,1437
1447,1475
1466,1460
1471,1487
1469,1485
1493,1504
1459,1475
1481,1494
1475,1512
1500,1539
1521,1520
1515,1528
1530,1565
1514,1555
1562,1549
1551,1527
1558,1578
1523,1586
1537,1589
1581,1600
1606,1628
1616,1635
1562,1586
1611,1611
1644,1608
1617,1622
1644,1629
1602,1637
1629,1649
1640,1626
1642,1632
1643,1646
1638,1669
1678,1649
1643,1609
1702,1651
1666,1666
1674,1650
1640,1649
1644,1645
1653,1637
1643,1635
1653,1629
1641,1610
1644,1595
1631,1628
1619,1605
1633,1599
1615,1586
1590,1548
1584,1577
1613,1575
1566,1522
1601,1553
1563,1552
1585,1527
1549,1529
1565,1533
1550,1492
1546,1515
1523,1511
1507,1480
1513,1452
1489,1496
1463,1475
1474,1467
1475,1481
1453,1465
1470,1453
1427,1510
1474,1454
1453,1444
1423,1451
1427,1446
1472,1471
1421,1473
1411,1445
1437,1467
1417,1444
1446,1472
1423,1446
1464,1454
1441,1472
1418,1464
1465,1455
1450,1474
1464,1511
1478,1488
1486,1502
1471,1498
1504,1528
1495,1535
1505,1555
1508,1541
1508,1544
1536,1539
1526,1544
1531,1566
1549,1583
1558,1589
1562,1585
1562,1585
1600,1623
1582,1586
1610,1580
1595,1629
1623,1641
1624,1614
1653,1654
1624,1655
1644,1644
1625,1656
1653,1655
1653,1610
1657,1641
1694,1658
1685,1647
1635,1658
1656,1633
1657,1652
1656,1652
1635,1655
1652,1620
1632,1645
1615,1631
1657,1613
1640,1594
1621,1645
1593,1629
1596,1569
1594,1590
1607,1596
1608,1604
1579,1558
1580,1560
1568,1517
1535,1545
1545,1557
1530,1531
1519,1537
1538,1512
1529,1512
1510,1494
1509,1494
1497,1488
1496,1472
1473,1477
1479,1474
1466,1463
1470,1478
1464,1464
1412,1458
1436,1448
1439,1423
1424,1451
1477,1449
1429,1474
1426,1427
1441,1458
1438,1432
1429,1450
1406,1465
1426,1456
1424,1460
1426,1457
1438,1453
1466,1486
1463,1487
1471,1499
1487,1501
1495,1530
1469,1531
1504,1506
1479,1557
1500,1545
1531,1521
1525,1554
1522,1550
1540,1563
1566,1577
1570,1606
1569,1619
1605,1591
1597,1629
1617,1630
1596,1595
1618,1645
1632,1664
1646,1633
1671,1642
1643,1632
1636,1619
1673,1631
1667,1653
1657,1627
1681,1634
1630,1647
1651,1664
1638,1632
1687,1652
1704,1641
1644,1626
1648,1630
1657,1657
1657,1658
1640,1634
1643,1622
1670,1616
1601,1631
1644,1617
1633,1589
1626,1577
1581,1596
1592,1568
1596,1570
1631,1539
1576,1539
1553,1551
1565,1531
1533,1545
1507,1512
1544,1500
1512,1469
1478,1510
1521,1508
1467,1486
1488,1504
1466,1493
1492,1459
1444,1458
1464,1478
1439,1481
1413,1456
1454,1449
1461,1446
1468,1433
1460,1450
1420,1448
1448,1442
1437,1452
1476,1433
1421,1465
1435,1474
1465,1476
1444,1481
1435,1477
1411,1496
1427,1483
1477,1474
1466,1488
1463,1504
1470,1527
1504,1505
1481,1526
1503,1530
1513,1531
1547,1523
1519,1568
1551,1567
1543,1564
1599,1593
1537,1592
1590,1579
1582,1606
1589,1609
1622,1601
1609,1610
1611,1596
1634,1605
1624,1616
1615,1646
1667,1648
1664,1639
1630,1690
1652,1662
1668,1639
1665,1651
1654,1662
1647,1636
1677,1643
1703,1658
1669,1644
1711,1643
1673,1619
1692,1638
1684,1645
1632,1610
1649,1657
1611,1638
1628,1642
1631,1611
1627,1624
1582,1635
1624,1575
1553,1598
1603,1552
1562,1552
1542,1560
1569,1573
1537,1533
1563,1540
1548,1521
1521,1533
1534,1499
1512,1533
1493,1513
1501,1492
1488,1494
1486,1481
1474,1442
1441,1455
1478,1484
1435,1440
1418,1467
1461,1437
1453,1460
1465,1436
1456,1452
1443,1465
1451,1447
1396,1463
1420,1441
1425,1446
1453,1452
1469,1459
1450,1446
1403,1473
1437,1474
1445,1486
1456,1525
1456,1501
1467,1504
1499,1508
1475,1518
1517,1525
1503,1526
1505,1529
1500,1546
1547,1537
1565,1520
1530,1577
1549,1588
1567,1583
1545,1571
1573,1573
1568,1618
1613,1605
1608,1615
1626,1594
1621,1606
1606,1607
1646,1628
1652,1637
1645,1651
1650,1643
1664,1649
1669,1635
1687,1643
1657,1631
1682,1655
1633,1671
1668,1650
1697,1661
1673,1669
1675,1633
1647,1599
1667,1634
1660,1630
1635,1617
1650,1612
1584,1628
1642,1607
1638,1628
1600,1591
1597,1591
1590,1602
1588,1561
1600,1571
1586,1561
1578,1548
1523,1540
1545,1513
1552,1535
1542,1485
1495,1509
1522,1505
1521,1516
1506,1449
1483,1471
1503,1479
1466,1491
1476,1476
1468,1482
1444,1451
1465,1448
1432,1453
1434,1483
1418,1446
1427,1465
1419,1432
1412,1443
1437,1459
1448,1475
1414,1488
1445,1468
1426,1454
1446,1438
1416,1457
1441,1472
1426,1459
1477,1462
1466,1504
1478,1504
1420,1504
1490,1508
1486,1486
1501,1513
1535,1554
1514,1517
1548,1594
1547,1555
1537,1562
1537,1571
1565,1594
1571,1590
1581,1597
1608,1622
1603,1617
1622,1571
1606,1638
1608,1624
1633,1622
1621,1652
1636,1636
1670,1650
1624,1650
1668,1670
1690,1641
1630,1653
1617,1678
1645,1672
1670,1667
1673,1658
1658,1633
1643,1613
1660,1634
1667,1656
1690,1639
1660,1664
1649,1637
1675,1614
1653,1620
1627,1613
1644,1612
1623,1598
1587,1595
1601,1595
1569,1580
1604,1572
1575,1542
1573,1563
1549,1531
1556,1524
1502,1507
1516,1530
1525,1490
1534,1488
1505,1481
1487,1460
1484,1489
1488,1433
1480,1444
1440,1463
1452,1442
1472,1477
1456,1445
1406,1464
1480,1432
1414,1458
1449,1445
1431,1482
1439,1434
1421,1470
1417,1444
1419,1426
1433,1429
1424,1421
1405,1458
1465,1470
1424,1460
1491,1512
1452,1488
1442,1471
1465,1503
1478,1491
1467,1513
1507,1511
1504,1526
1495,1546
1515,1540
1513,1531
1536,1534
1550,1576
1545,1563
1567,1601
1585,1572
1578,1577
1599,1592
1606,1619
1601,1633
1603,1614
1586,1632
1616,1614
1648,1646
1627,1627
1659,1675
1674,1658
1635,1636
1680,1670
1676,1651
1686,1657
1676,1655
1671,1647
1682,1652
1700,1636
1675,1635
1692,1658
1662,1644
1669,1633
1654,1616
1652,1605
1682,1617
1632,1641
1676,1612
1630,1601
1621,1581
1600,1574
1593,1571
1618,1574
1611,1577
1597,1567
1542,1561
1543,1535
1567,1534
1545,1530
1530,1498
1548,1525
1515,1517
1512,1481
1500,1457
1483,1483
1501,1465
1470,1481
1445,1416
1467,1448
1420,1459
1432,1456
1433,1430
1423,1460
1386,1424
1444,1451
1432,1442
1409,1430
1438,1474
1407,1450
1408,1460
1405,1465
1431,1433
1448,1438
1426,1472
1457,1463
1424,1472
1460,1500
1476,1478
1470,1524
1472,1521
1461,1484
1498,1545
1486,1520
1509,1554
1497,1545
1520,1544
1522,1545
1516,1565
1528,1527
1525,1572
1594,1603
1545,1582
1562,1594
1623,1625
1619,1606
1600,1625
1619,1628
1613,1657
1615,1625
1656,1655
1673,1648
1639,1651
1625,1651
1687,1664
1660,1668
1697,1650
1682,1647
1675,1672
1686,1640
1658,1646
1660,1659
1663,1684
1648,1677
1660,1632
1655,1667
1661,1599
1665,1591
1668,1635
1634,1617
1620,1625
1608,1608
1629,1600
1599,1580
1599,1562
1567,1566
1578,1552
1558,1542
1558,1553
1593,1545
1551,1545
1521,1508
1545,1521
1518,1492
1504,1494
1504,1495
1510,1486
1494,1494
1473,1480
1448,1471
1472,1466
1414,1481
1431,1486
1441,1452
1441,1424
1431,1448
1435,1442
1422,1433
1414,1452
1441,1438
1400,1456
1416,1441
1435,1473
1421,1432
1432,1453
1440,1470
1450,1468
1446,1463
1451,1453
1437,1475
1463,1483
1458,1495
1439,1492
1474,1509
1496,1517
1491,1526
1497,1517
1519,1559
1561,1549
1507,1559
1552,1561
1543,1564
1569,1575
1578,1589
1578,1613
1623,1606
1561,1621
1607,1621
1628,1624
1617,1632
1656,1657
1647,1654
1646,1638
1666,1666
1654,1656
1693,1690
1668,1639
1686,1676
1709,1660
1637,1656
1675,1637
1668,1637
1670,1667
1666,1638
1668,1678
1672,1642
1688,1641
1644,1653
1649,1628
1629,1628
1647,1620
1634,1598
1619,1617
1631,1597
1642,1589
1626,1597
1616,1581
1580,1532
1564,1546
1579,1550
1552,1530
1575,1538
1550,1512
1566,1499
1504,1505
1532,1491
1533,1482
1510,1478
1477,1501
1474,1479
1473,1478
1454,1441
1466,1464
1418,1470
1460,1456
1434,1455
1424,1436
1448,1439
1411,1438
1433,1413
1419,1435
1442,1435
1435,1446
1394,1422
1420,1453
1436,1442
1435,1476
1416,1454
1405,1451
1468,1449
1447,1456
1478,1498
1460,1478
1480,1472
1484,1506
1504,1494
1498,1522
1520,1550
1500,1543
1518,1541
1511,1543
1532,1559
1568,1565
1548,1567
1564,1607
1558,1591
1615,1602
1561,1592
1627,1620
1642,1638
1631,1635
1628,1629
1632,1630
1639,1649
1634,1647
1680,1675
1679,1650
1663,1634
1655,1647
1690,1662
1703,1685
1663,1656
1702,1657
1659,1642
1669,1669
1689,1662
1673,1623
1691,1646
1656,1641
1644,1648
1648,1648
1637,1608
1636,1601
1631,1603
1651,1600
1618,1597
1608,1581
1617,1575
1605,1554
1573,1558
1551,1562
1558,1526
1572,1522
1551,1504
1549,1513
1502,1494
1558,1521
1516,1493
1474,1461
1465,1457
1487,1495
1496,1470
1501,1454
1462,1426
1457,1452
1443,1426
1407,1424
1462,1419
1431,1400
1415,1468
1415,1471
1405,1393
1419,1447
1451,1464
1417,1461
1452,1461
1436,1418
1416,1434
1464,1456
1419,1478
1433,1469
1433,1465
1450,1485
1473,1490
1486,1538
1461,1502
1479,1484
1497,1540
1497,1533
1498,1529
1497,1521
1525,1534
1521,1558
1534,1550
1584,1607
1566,1567
1580,1595
1588,1569
1613,1614
1600,1624
1629,1639
1609,1622
1626,1631
1638,1643
1654,1617
1667,1677
1648,1661
1666,1679
1666,1682
1665,1644
1678,1661
1696,1676
1690,1669
1684,1669
1705,1674
1664,1649
1660,1662
1666,1648
1690,1658
1684,1660
1676,1641
1632,1636
1660,1640
1659,1610
1609,1601
1616,1575
1597,1565
1614,1616
1608,1563
1587,1564
1602,1572
1585,1556
1579,1553
1579,1521
1560,1544
1524,1517
1526,1501
1498,1484
1485,1517
1490,1469
1483,1493
1491,1456
1460,1445
1452,1457
1460,1462
1444,1449
1447,1424
1420,1434
1409,1454
1431,1432
1423,1433
1414,1419
1447,1412
1429,1441
1420,1436
1434,1424
1431,1461
1452,1438
1428,1447
1423,1443
1428,1450
1437,1459
1471,1463
1449,1491
1424,1517
1497,1491
1469,1488
1503,1504
1515,1536
1487,1515
1493,1552
1543,1542
1572,1576
1554,1558
1551,1568
1560,1599
1558,1600
1595,1576
1549,1607
1610,1605
1597,1600
1626,1618
1623,1612
1636,1612
1661,1632
1636,1629
1632,1641
1678,1633
1630,1650
1651,1655
1676,1678
1681,1675
1677,1678
1709,1648
1692,1658
1689,1671
1671,1648
1660,1666
1676,1653
1691,1678
1685,1642
1661,1620
1669,1622
1683,1626
1673,1609
1658,1621
1610,1604
1649,1589
1606,1565
1604,1582
1569,1573
1609,1528
1582,1558
1557,1566
1564,1515
1551,1536
1510,1521
1513,1515
1512,1480
1531,1491
1490,1476
1515,1477
1459,1487
1477,1482
1473,1455
1488,1460
1426,1461
1454,1454
1451,1468
1415,1427
1472,1462
1406,1449
1411,1472
1423,1431
1414,1414
1403,1442
1429,1475
1418,1424
1430,1468
1421,1460
1443,1436
1433,1500
1436,1447
1452,1482
1461,1486
1479,1496
1478,1513
1467,1489
1488,1510
1507,1497
1514,1523
1528,1520
1523,1537
1520,1573
1525,1560
1560,1588
1535,1578
1567,1581
1553,1604
1570,1589
1621,1617
1633,1621
1585,1626
1637,1641
1636,1633
1623,1632
1681,1641
1666,1656
1670,1644
1644,1664
1655,1658
1669,1663
1686,1671
1698,1654
1691,1688
1673,1661
1712,1678
1700,1672
1685,1665
1680,1663
1673,1664
1650,1639
1633,1626
1685,1643
1609,1629
1670,1605
1645,1603
1627,1622
1620,1617
1611,1574
1554,1583
1605,1556
1595,1554
1575,1578
1589,1556
1554,1524
1577,1534
1567,1534
1566,1509
1516,1499
1546,1488
1473,1495
1490,1478
1466,1489
1463,1467
1481,1469
1432,1423
1400,1458
1435,1436
1456,1420
1429,1417
1396,1414
1443,1459
1401,1440
1400,1432
1422,1408
1410,1428
1424,1447
1401,1441
1429,1436
1427,1449
1429,1448
1457,1446
1446,1458
1469,1468
1447,1460
1450,1469
1473,1478
1440,1471
1510,1517
1482,1495
1493,1524
1501,1549
1506,1530
1507,1550
1550,1548
1557,1551
1509,1562
1540,1580
1584,1590
1581,1597
1584,1600
1619,1607
1626,1632
1601,1608
1630,1622
1647,1645
1647,1636
1647,1653
1663,1642
1663,1671
1660,1656
1692,1691
1714,1659
1692,1702
1670,1665
1685,1663
1697,1642
1682,1688
1676,1646
1672,1645
1668,1617
1648,1633
1667,1629
1677,1627
1684,1632
1669,1635
1635,1607
1640,1618
1634,1609
1641,1604
1622,1577
1589,1598
1575,1590
1580,1546
1559,1537
1584,1528
1589,1522
1585,1538
1529,1500
1552,1500
1478,1494
1473,1492
1488,1492
1493,1476
1438,1491
1453,1463
1429,1457
1439,1472
1432,1446
1425,1448
1431,1441
1411,1417
1432,1392
1414,1421
1422,1411
1434,1431
1405,1411
1414,1440
1413,1434
1398,1401
1440,1423
1391,1429
1421,1448
1423,1438
1435,1434
1423,1451
1449,1477
1465,1503
1437,1492
1472,1512
1515,1517
1476,1500
1480,1523
1521,1553
1507,1535
1549,1516
1559,1543
1543,1572
1566,1575
1550,1571
1579,1633
1607,1622
1593,1607
1610,1643
1633,1609
1631,1651
1660,1690
1622,1660
1651,1664
1666,1658
1663,1641
1702,1666
1695,1705
1670,1654
1677,1656
1673,1669
1691,1683
1702,1647
1668,1654
1674,1637
1678,1660
1682,1648
1685,1679
1699,1619
1697,1634
1649,1628
1650,1608
1648,1611
1605,1597
1617,1606
1629,1601
1595,1594
1576,1593
1568,1571
1593,1548
1567,1564
1531,1542
1552,1533
1534,1534
1548,1506
1528,1500
1534,1461
1513,1488
1528,1468
1463,1469
1499,1450
1467,1452
1486,1451
1502,1447
1413,1439
1421,1444
1429,1428
1426,1439
1438,1410
1461,1447
1410,1419
1415,1408
1392,1414
1415,1427
1416,1455
1424,1423
1414,1451
1402,1463
1396,1417
1385,1469
1445,1456
1435,1480
1421,1464
1471,1466
1447,1526
1461,1481
1496,1497
1511,1500
1462,1536
1514,1524
1540,1548
1544,1518
1544,1570
1529,1576
1550,1579
1570,1588
1571,1590
1587,1636
1608,1602
1607,1609
1600,1623
1629,1663
1694,1646
1629,1638
1643,1667
1659,1645
1654,1672
1669,1674
1675,1691
1681,1668
1670,1676
1668,1679
1683,1656
1692,1681
1686,1678
1666,1695
1690,1684
1689,1672
1718,1644
1664,1651
1726,1652
1672,1614
1672,1652
1665,1624
1648,1638
1636,1598
1642,1600
1613,1577
1586,1602
1597,1541
1607,1541
1611,1564
1565,1561
1585,1543
1531,1515
1514,1508
1520,1512
1516,1526
1499,1521
1476,1477
1477,1477
1478,1475
1506,1471
1450,1475
1442,1454
1432,1437
1427,1405
1402,1460
1429,1415
1420,1425
1450,1456
1419,1442
1408,1408
1383,1439
1387,1446
1430,1434
1446,1442
1388,1454
1422,1434
1394,1459
1426,1436
1415,1459
1444,1488
1436,1489
1440,1491
1419,1484
1483,1513
1496,1513
1488,1503
1494,1551
1503,1548
1502,1532
1517,1562
1508,1562
1545,1543
1570,1594
1599,1585
1605,1572
1598,1616
1598,1634
1587,1637
1634,1659
1655,1658
1634,1639
1621,1659
1675,1654
1662,1668
1678,1668
1645,1659
1683,1673
1684,1686
1695,1694
1711,1650
1674,1663
1692,1653
1737,1675
1714,1680
1713,1661
1652,1654
1698,1665
1677,1654
1696,1622
1694,1660
1618,1648
1664,1602
1666,1627
1639,1618
1635,1601
1642,1599
1610,1574
1578,1555
1588,1563
1578,1562
1572,1546
1538,1534
1549,1550
1533,1544
1533,1487
1526,1527
1496,1505
1485,1488
1443,1451
1469,1460
1460,1443
1447,1463
1454,1465
1410,1451
1451,1427
1466,1433
1439,1428
1438,1409
1430,1430
1425,1421
1418,1418
1393,1409
1432,1428
1400,1448
1414,1422
1416,1425
1418,1442
1429,1442
1397,1447
1413,1462
1425,1452
1439,1480
1407,1467
1454,1494
1460,1505
1466,1477
1469,1501
1499,1526
1514,1544
1518,1556
1531,1537
1544,1537
1556,1566
1544,1589
1557,1579
1591,1603
1596,1614
1612,1595
1609,1629
1606,1639
1612,1646
1642,1650
1655,1635
1665,1631
1631,1673
1666,1677
1659,1663
1676,1671
1690,1685
1689,1689
1728,1667
1697,1685
1680,1665
1685,1680
1703,1644
1684,1679
1690,1654
1659,1662
1670,1654
1708,1700
1666,1643
1666,1645
1679,1635
1664,1623
1654,1633
1611,1590
1607,1582
1606,1566
1592,1570
1616,1583
1615,1548
1597,1558
1568,1525
1554,1544
1554,1507
1542,1516
1507,1494
1492,1492
1492,1490
1458,1467
1523,1463
1498,1462
1445,1468
1464,1433
1444,1423
1420,1452
1436,1416
1427,1456
1413,1429
1418,1445
1379,1407
1420,1441
1396,1426
1393,1428
1395,1412
1412,1417
1401,1423
1387,1425
1411,1432
1413,1444
1419,1447
1385,1462
1426,1481
1437,1492
1430,1457
1440,1507
1491,1511
1462,1499
1486,1502
1499,1525
1551,1530
1517,1545
1503,1570
1505,1564
1560,1561
1571,1569
1572,1603
1574,1602
1586,1596
1611,1624
1604,1631
1631,1645
1599,1636
1641,1644
1638,1655
1693,1678
1670,1665
1679,1677
1689,1665
1652,1680
1700,1685
1699,1671
1694,1629
1680,1687
1705,1657
1703,1675
1685,1679
1678,1679
1684,1653
1673,1649
1685,1636
1653,1631
1679,1651
1670,1639
1644,1621
1640,1607
1603,1594
1613,1592
1621,1584
1600,1578
1588,1559
1610,1567
1606,1544
1564,1517
1543,1543
1541,1519
1516,1508
1505,1522
1510,1528
1489,1491
1490,1472
1487,1473
1457,1464
1478,1434
1439,1436
1433,1436
1437,1433
1409,1450
1416,1416
1434,1436
1450,1423
1435,1424
1411,1423
1424,1414
1379,1435
1388,1424
1397,1434
1381,1429
1431,1428
1399,1408
1391,1453
1454,1446
1436,1457
1431,1425
1429,1471
1475,1474
1440,1469
1454,1504
1495,1528
1485,1521
1503,1516
1500,1535
1544,1533
1533,1554
1513,1573
1573,1597
1578,1579
1590,1604
1609,1599
1621,1619
1589,1623
1633,1614
1627,1613
1626,1662
1612,1657
1653,1631
1644,1684
1676,1678
1654,1666
1691,1649
1692,1698
1703,1688
1745,1678
1673,1668
1697,1657
1699,1683
1689,1675
1717,1652
1703,1691
1678,1667
1673,1674
1688,1664
1681,1641
1664,1605
1690,1602
1673,1615
1639,1628
1631,1602
1622,1601
1618,1598
1625,1579
1634,1567
1601,1570
1564,1552
1545,1535
1505,1546
1549,1548
1558,1482
1508,1524
1518,1491
1512,1493
1514,1496
1493,1491
1494,1455
1459,1474
1465,1444
1452,1442
1417,1448
1408,1421
1409,1469
1402,1429
1466,1406
1433,1420
1398,1427
1387,1420
1406,1438
1401,1437
1404,1401
1393,1435
1404,1426
1400,1421
1407,1436
1419,1432
1385,1443
1433,1475
1452,1448
1438,1489
1480,1466
1461,1491
1474,1505
1471,1540
1479,1539
1521,1507
1524,1565
1488,1526
1527,1574
1533,1572
1562,1573
1590,1582
1570,1551
1577,1618
1629,1629
1604,1589
1628,1650
1621,1649
1634,1654
1654,1657
1638,1657
1686,1656
1684,1693
1715,1682
1681,1669
1644,1672
1691,1700
1702,1696
1707,1690
1698,1670
1733,1666
1689,1665
1714,1657
1676,1689
1691,1664
1664,1634
1681,1654
1684,1650
1673,1628
1628,1677
1647,1654
1655,1617
1659,1605
1626,1570
1591,1575
1608,1608
1594,1555
1596,1552
1586,1533
1562,1561
1557,1543
1527,1535
1503,1500
1525,1509
1501,1490
1507,1450
1503,1472
1472,1482
1485,1463
1441,1440
1454,1403
1441,1428
1400,1425
1407,1432
1420,1425
1418,1426
1405,1443
1369,1443
1416,1403
1407,1389
1371,1453
1392,1410
1406,1411
1399,1413
1426,1437
1438,1428
1413,1421
1419,1477
1446,1465
1413,1457
1411,1461
1451,1477
1503,1517
1460,1506
1460,1496
1520,1535
1506,1522
1492,1539
1494,1566
1519,1592
1549,1566
1574,1601
1556,1571
1581,1605
1600,1598
1576,1639
1620,1633
1596,1656
1614,1630
1626,1671
1641,1641
1629,1651
1660,1684
1692,1685
1683,1685
1683,1694
1706,1695
1710,1699
1698,1682
1681,1686
1711,1669
1726,1668
1682,1708
1708,1691
1742,1685
1696,1652
1680,1652
1679,1666
1661,1645
1669,1627
1666,1603
1689,1607
1660,1631
1653,1624
1658,1588
1594,1585
1624,1584
1590,1568
1575,1574
1552,1567
1554,1524
1541,1545
1540,1517
1516,1511
1507,1530
1497,1501
1516,1470
1477,1476
1455,1433
1493,1435
1468,1461
1449,1443
1427,1448
1410,1418
1409,1410
1396,1431
1403,1416
1412,1412
1390,1412
1417,1418
1394,1428
1398,1429
1402,1443
1401,1414
1397,1420
1419,1445
1412,1428
1453,1461
1403,1441
1420,1464
1404,1442
1484,1440
1455,1493
1455,1474
1467,1471
1514,1475
1451,1468
1514,1538
1469,1549
1523,1537
1525,1568
1553,1579
1565,1581
1555,1570
1577,1595
1612,1592
1596,1599
1622,1619
1631,1626
1623,1665
1635,1636
1640,1667
1642,1643
1664,1661
1693,1679
1700,1690
1705,1658
1680,1669
1701,1661
1700,1704
1698,1672
1708,1662
1690,1705
1726,1675
1709,1668
1659,1699
1706,1660
1700,1658
1693,1660
1690,1663
1681,1665
1682,1649
1645,1615
1628,1625
1591,1604
1627,1594
1630,1568
1610,1560
1624,1582
1575,1524
1579,1547
1576,1531
1508,1546
1552,1507
1505,1505
1503,1511
1513,1483
1489,1508
1495,1476
1499,1474
1480,1461
1467,1454
1452,1479
1460,1442
1403,1432
1425,1424
1428,1411
1400,1435
1389,1425
1371,1421
1411,1413
1397,1389
1397,1408
1429,1432
1431,1407
1369,1405
1414,1436
1379,1421
1375,1440
1429,1444
1418,1466
1407,1425
1431,1444
1428,1472
1455,1481
1476,1505
1479,1504
1479,1533
1511,1526
1500,1522
1528,1561
1550,1568
1534,1578
1530,1578
1554,1571
1543,1578
1590,1603
1597,1599
1612,1595
1610,1639
1620,1622
1663,1640
1621,1635
1649,1677
1664,1684
1692,1671
1692,1693
1690,1673
1716,1665
1686,1695
1690,1680
1700,1700
1668,1661
1716,1667
1709,1673
1724,1679
1704,1645
1693,1675
1680,1676
1693,1662
1681,1673
1679,1630
1644,1633
1655,1616
1646,1622
1608,1605
1630,1599
1626,1609
1612,1619
1570,1564
1573,1582
1614,1566
1619,1528
1581,1518
1531,1541
1527,1519
1498,1481
1477,1512
1468,1461
1494,1482
1470,1433
1455,1450
1424,1447
1451,1441
1472,1411
1439,1424
1448,1432
1400,1400
1396,1391
1421,1417
1402,1404
1421,1418
1393,1386
1379,1401
1358,1408
1401,1419
1400,1436
1381,1414
1406,1449
1435,1439
1421,1452
1403,1473
1415,1470
1434,1472
1435,1451
1459,1484
1475,1493
1462,1503
1463,1486
1494,1537
1480,1534
1517,1529
1521,1514
1528,1568
1543,1552
1571,1577
1577,1572
1565,1592
1590,1609
1588,1627
1624,1605
1608,1659
1637,1640
1650,1654
1659,1640
1674,1650
1664,1694
1676,1658
1693,1683
1687,1683
1684,1690
1685,1686
1677,1695
1691,1687
1714,1695
1707,1689
1677,1688
1679,1685
1675,1662
1695,1651
1688,1644
1692,1663
1682,1658
1658,1641
1643,1658
1642,1646
1664,1621
1675,1611
1603,1604
1596,1569
1615,1598
1583,1573
1606,1592
1575,1545
1548,1537
1563,1505
1542,1512
1510,1522
1516,1497
1507,1497
1503,1495
1471,1467
1484,1466
1479,1447
1480,1455
1419,1409
1466,1456
1446,1429
1417,1413
1403,1395
1418,1436
1406,1429
1401,1413
1363,1432
1404,1431
1365,1425
1419,1404
1416,1408
1397,1426
1383,1448
1395,1430
1382,1399
1415,1443
1407,1453
1442,1461
1424,1448
1441,1472
1503,1491
1477,1472
1511,1492
1486,1556
1488,1514
1532,1560
1556,1537
1523,1576
1556,1588
1541,1574
1575,1594
1594,1587
1603,1615
1590,1646
1607,1632
1673,1617
1638,1637
1652,1658
1647,1643
1688,1668
1670,1679
1672,1650
1660,1679
1656,1686
1691,1676
1683,1658
1690,1680
1688,1690
1717,1711
1710,1721
1734,1691
1705,1687
1715,1680
1688,1672
1675,1669
1678,1670
1667,1633
1659,1645
1682,1604
1667,1617
1658,1596
1641,1622
1638,1588
1605,1583
1598,1589
1592,1590
1568,1562
1577,1566
1548,1525
1549,1524
1530,1519
1531,1476
1505,1472
1513,1466
1478,1482
1488,1466
1473,1465
1456,1446
1446,1456
1447,1436
1450,1450
1469,1437
1416,1442
1393,1409
1404,1408
1384,1428
1395,1411
1374,1399
1411,1364
1379,1433
1409,1408
1400,1438
1400,1408
1436,1430
1426,1436
1415,1458
1408,1456
1438,1456
1423,1441
1444,1438
1457,1508
1448,1512
1456,1511
1492,1513
1513,1496
1484,1540
1486,1523
1537,1559
1518,1570
1528,1570
1536,1577
1551,1604
1568,1589
1593,1587
1614,1574
1635,1615
1625,1632
1652,1596
1623,1653
1654,1653
1645,1671
1683,1650
1722,1681
1674,1673
1674,1675
1696,1689
1719,1696
1704,1702
1693,1669
1708,1681
1702,1679
1677,1679
1690,1681
1678,1656
1708,1659
1684,1628
1686,1649
1692,1651
1682,1620
1686,1609
1662,1625
1638,1613
1653,1602
1615,1612
1579,1567
1632,1568
1625,1581
1575,1573
1616,1553
1569,1577
1542,1537
1539,1518
1516,1488
1498,1475
1506,1468
1477,1486
1494,1467
1468,1475
1490,1463
1466,1417
1446,1430
1440,1439
1445,1424
1394,1427
1411,1397
1410,1410
1391,1435
1404,1389
1404,1428
1385,1431
1392,1430
1401,1402
1372,1407
1382,1435
1391,1422
1402,1406
1407,1433
1404,1451
1401,1422
1404,1414
1442,1489
1468,1489
1486,1471
1479,1451
1472,1528
1474,1514
1491,1525
1484,1554
1495,1545
1518,1551
1538,1559
1569,1573
1573,1615
1581,1587
1586,1598
1590,1616
1589,1636
1625,1633
1613,1631
1617,1655
1650,1649
1680,1649
1658,1652
1679,1672
1713,1677
1669,1677
1689,1701
1689,1681
1701,1684
1729,1684
1731,1658
1699,1661
1704,1652
1686,1697
1658,1687
1691,1668
1708,1659
1644,1665
1690,1654
1678,1616
1670,1646
1659,1638
1658,1612
1650,1589
1643,1622
1611,1589
1650,1570
1618,1556
1595,1568
1586,1588
1596,1521
1564,1541
1545,1544
1561,1497
1492,1494
1502,1500
1510,1465
1482,1474
1464,1446
1485,1440
1426,1471
1430,1440
1462,1442
1440,1411
1455,1420
1410,1435
1391,1404
1376,1406
1386,1429
1389,1438
1388,1439
1353,1432
1385,1412
1391,1414
1402,1416
1401,1434
1413,1414
1405,1437
1443,1434
1410,1450
1421,1443
1410,1446
1452,1468
1435,1466
1430,1489
1481,1488
1498,1501
1484,1498
1500,1527
1499,1563
1519,1555
1530,1544
1554,1555
1546,1580
1577,1557
1587,1621
1597,1608
1596,1628
1658,1640
1623,1643
1616,1660
1648,1646
1658,1654
1670,1653
1645,1669
1675,1660
1686,1688
1644,1696
1671,1689
1708,1709
1717,1666
1695,1693
1722,1686
1709,1680
1716,1667
1715,1690
1708,1674
1658,1661
1658,1670
1672,1653
1687,1627
1681,1637
1726,1615
1654,1640
1626,1603
1652,1610
1626,1594
1610,1596
1607,1576
1584,1593
1552,1558
1538,1547
1551,1515
1493,1543
1567,1512
1510,1504
1499,1486
1493,1478
1484,1457
1466,1462
1463,1479
1487,1453
1456,1464
1434,1448
1400,1429
1421,1428
1416,1459
1425,1413
1341,1431
1407,1411
1413,1417
1354,1397
1400,1414
1395,1434
1397,1409
1427,1422
1431,1450
1404,1446
1405,1426
1422,1431
1434,1439
1424,1434
1428,1485
1423,1495
1446,1484
1484,1494
1480,1517
1448,1484
1473,1537
1505,1536
1517,1527
1533,1575
1565,1574
1531,1566
1557,1589
1558,1602
1538,1614
1605,1607
1599,1621
1633,1617
1617,1634
1626,1626
1662,1652
1648,1645
1672,1655
1678,1656
1653,1648
1684,1674
1701,1702
1698,1661
1743,1663
1713,1669
1691,1696
1712,1701
1681,1688
1699,1669
1693,1650
1710,1691
1710,1672
1677,1656
1677,1637
1663,1663
1669,1634
1651,1627
1653,1637
1652,1598
1622,1621
1631,1601
1614,1594
1574,1567
1570,1562
1582,1565
1573,1542
1540,1539
1538,1506
1531,1524
1504,1499
1511,1505
1498,1488
1462,1471
1473,1461
1493,1465
1438,1451
1455,1457
1447,1435
1409,1450
1406,1404
1395,1394
1414,1419
1412,1421
1380,1443
1401,1406
1401,1428
1407,1416
1436,1422
1416,1385
1401,1422
1406,1432
1400,1456
1420,1447
1406,1443
1414,1452
1405,1434
1427,1432
1434,1456
1428,1458
1478,1485
1465,1491
1466,1515
1492,1514
1510,1529
1512,1519
1523,1544
1524,1580
1537,1536
1555,1558
1624,1592
1581,1605
1605,1598
1567,1649
1593,1641
1597,1641
1628,1650
1627,1655
1665,1668
1689,1671
1668,1647
1650,1652
1666,1647
1651,1685
1689,1682
1697,1710
1706,1669
1706,1690
1687,1681
1674,1658
1712,1665
1682,1671
1670,1677
1696,1651
1669,1674
1715,1642
1696,1648
1654,1612
1647,1641
1637,1617
1658,1606
1629,1586
1625,1593
1614,1581
1574,1574
1619,1579
1569,1531
1581,1546
1589,1523
1537,1549
1558,1546
1530,1490
1530,1486
1491,1504
1483,1476
1454,1499
1485,1450
1449,1465
1478,1436
1442,1448
1448,1449
1405,1417
1443,1428
1426,1430
1423,1408
1409,1406
1401,1413
1427,1435
1371,1408
1419,1452
1380,1412
1398,1411
1386,1428
1436,1420
1397,1444
1429,1439
1411,1450
1406,1460
1461,1450
1433,1460
1445,1484
1464,1494
1475,1481
1492,1492
1497,1538
1488,1512
1514,1515
1508,1544
1522,1547
1537,1554
1561,1595
1564,1593
1521,1583
1589,1597
1603,1617
1608,1619
1610,1667
1634,1630
1643,1650
1655,1676
1666,1674
1661,1635
1678,1661
1671,1674
1632,1676
1690,1657
1684,1684
1691,1671
1668,1682
1696,1692
1684,1681
1706,1681
1713,1690
1728,1680
1694,1660
1681,1636
1678,1641
1681,1646
1683,1650
1664,1635
1626,1618
1643,1605
1663,1612
1613,1582
1578,1592
1601,1589
1606,1561
1585,1585
1588,1538
1592,1548
1584,1540
1562,1504
1514,1502
1537,1513
1528,1513
1494,1494
1480,1500
1443,1446
1488,1479
1454,1455
1437,1465
1457,1431
1437,1431
1433,1416
1429,1442
1420,1432
1404,1440
1415,1436
1422,1427
1400,1384
1398,1392
1414,1423
1422,1413
1392,1431
1398,1430
1422,1418
1458,1406
1385,1434
1455,1413
1425,1440
1431,1485
1467,1452
1469,1469
1459,1483
1479,1485
1499,1518
1511,1548
1500,1534
1493,1557
1561,1520
1555,1554
1551,1584
1563,1588
1585,1589
1534,1592
1584,1607
1615,1623
1627,1658
1646,1626
1632,1642
1671,1650
1657,1678
1675,1686
1659,1675
1669,1687
1675,1696
1646,1669
1665,1688
1706,1660
1666,1706
1689,1691
1696,1697
1690,1658
1731,1674
1689,1640
1680,1637
1682,1635
1671,1657
1692,1660
1661,1643
1655,1646
1624,1625
1649,1637
1660,1618
1649,1608
1628,1616
1616,1568
1599,1586
1600,1537
1579,1553
1589,1562
1559,1544
1568,1509
1530,1503
1488,1497
1482,1515
1508,1493
1501,1487
1470,1483
1471,1468
1498,1487
1451,1450
1453,1439
1449,1447
1412,1447
1431,1432
1406,1426
1438,1413
1417,1411
1429,1400
1378,1419
1417,1401
1407,1423
1412,1436
1446,1439
1391,1439
1392,1429
1368,1441
1387,1455
1434,1461
1424,1439
1403,1449
1449,1479
1470,1491
1454,1497
1478,1493
1505,1469
1505,1533
1504,1507
1523,1529
1492,1540
1525,1542
1562,1572
1524,1572
1571,1582
1577,1578
1597,1603
1582,1625
1597,1598
1636,1641
1636,1610
1643,1645
1661,1627
1651,1665
1663,1705
1649,1701
1672,1644
1685,1690
1677,1669
1683,1694
1717,1672
1702,1685
1679,1678
1708,1690
1693,1673
1711,1686
1685,1672
1678,1665
1682,1649
1693,1634
1656,1636
1660,1654
1659,1649
1670,1636
1651,1597
1624,1596
1615,1599
1619,1580
1604,1590
1595,1563
1591,1564
1553,1532
1573,1537
1564,1529
1582,1509
1522,1496
1468,1493
1497,1476
1477,1497
1482,1456
1482,1454
1457,1469
1452,1450
1472,1444
1472,1417
1442,1435
1401,1426
1427,1410
1411,1422
1427,1450
1410,1408
1414,1407
1423,1409
1397,1434
1409,1400
1389,1440
1396,1466
1412,1441
1404,1445
1436,1433
1436,1475
1472,1452
1437,1458
1454,1499
1440,1449
1456,1482
1485,1486
1480,1495
1483,1541
1477,1524
1519,1522
1543,1543
1534,1546
1554,1550
1558,1572
1579,1588
1563,1560
1592,1599
1596,1625
1616,1601
1639,1630
1622,1637
1646,1638
1612,1656
1625,1642
1666,1665
1688,1694
1685,1663
1649,1682
1687,1683
1683,1667
1680,1693
1683,1653
1701,1644
1707,1678
1699,1663
1696,1639
1699,1681
1677,1676
1659,1636
1677,1643
1666,1619
1644,1642
1673,1626
1616,1651
1605,1645
1633,1598
1633,1592
1620,1582
1579,1592
1575,1571
1590,1579
1582,1559
1560,1547
1557,1526
1557,1505
1506,1481
1517,1466
1471,1510
1496,1485
1475,1488
1496,1479
1466,1463
1445,1458
1416,1467
1431,1444
1431,1437
1405,1430
1431,1403
1408,1433
1419,1440
1423,1432
1428,1405
1409,1414
1395,1433
1402,1435
1431,1415
1406,1435
1406,1416
1396,1441
1398,1449
1417,1462
1405,1441
