ch1,ch2
1574,1572
1553,1540
1563,1558
1558,1614
1590,1583
1659,1611
1582,1660
1601,1578
1613,1669
1673,1625
1641,1615
1596,1645
1609,1593
1716,1636
1626,1670
1694,1660
1670,1635
1705,1681
1675,1655
1664,1619
1626,1666
1733,1699
1683,1660
1712,1672
1691,1638
1644,1633
1695,1651
1711,1684
1656,1628
1725,1673
1645,1622
1643,1683
1673,1609
1672,1650
1675,1664
1649,1648
1581,1623
1606,1583
1667,1567
1593,1611
1613,1601
1641,1606
1631,1579
1605,1574
1580,1538
1584,1520
1581,1568
1568,1541
1535,1490
1475,1478
1507,1502
1508,1527
1518,1511
1534,1495
1482,1452
1479,1498
1450,1437
1456,1473
1452,1424
1426,1436
1441,1440
1411,1458
1373,1423
1404,1433
1427,1451
1409,1367
1389,1486
1375,1421
1379,1460
1400,1403
1449,1435
1419,1423
1391,1472
1405,1420
1416,1495
1427,1461
1397,1445
1416,1411
1469,1482
1432,1474
1417,1487
1437,1463
1448,1495
1445,1473
1435,1471
1462,1485
1463,1520
1434,1528
1493,1527
1527,1558
1561,1578
1482,1610
1517,1559
1530,1557
1528,1592
1551,1559
1481,1600
1595,1585
1572,1613
1637,1628
1624,1650
1585,1572
1633,1634
1638,1634
1609,1617
1630,1648
1659,1629
1636,1620
1689,1656
1663,1632
1651,1643
1664,1626
1665,1647
1664,1688
1716,1652
1721,1661
1671,1677
1679,1677
1670,1733
1729,1697
1681,1748
1739,1647
1631,1639
1733,1655
1703,1684
1678,1642
1648,1676
1654,1625
1634,1663
1611,1610
1655,1603
1636,1629
1653,1572
1621,1554
1670,1570
1599,1586
1600,1589
1660,1587
1622,1525
1597,1562
1564,1550
1557,1542
1574,1538
1556,1501
1502,1526
1475,1494
1552,1462
1451,1431
1457,1487
1463,1451
1447,1495
1430,1467
1446,1479
1506,1479
1491,1417
1453,1405
1408,1437
1456,1466
1455,1441
1396,1446
1430,1421
1446,1407
1424,1458
1419,1467
1364,1390
1377,1372
1378,1457
1346,1447
1378,1415
1414,1483
1423,1489
1503,1441
1441,1410
1457,1435
1416,1431
1432,1486
1416,1471
1417,1479
1479,1446
1463,1472
1514,1490
1470,1509
1559,1494
1536,1462
1537,1524
1488,1502
1530,1520
1481,1557
1558,1545
1577,1556
1562,1554
1559,1563
1555,1572
1580,1609
1606,1606
1626,1634
1648,1656
1668,1595
1624,1624
1588,1679
1685,1658
1665,1692
1622,1635
1662,1621
1620,1650
1649,1680
1683,1684
1672,1656
1739,1691
1713,1681
1723,1657
1698,1688
1630,1641
1714,1686
1691,1711
1696,1684
1691,1640
1717,1674
1696,1704
1676,1668
1726,1629
1656,1675
1653,1608
1651,1593
1652,1686
1629,1592
1638,1683
1639,1602
1611,1594
1642,1562
1585,1555
1637,1573
1619,1589
1604,1550
1559,1505
1580,1570
1543,1521
1501,1511
1490,1485
1518,1510
1581,1464
1516,1461
1499,1521
1474,1466
1481,1455
1489,1433
1508,1440
1503,1466
1408,1410
1420,1382
1431,1436
1393,1422
1464,1436
1414,1421
1383,1438
1413,1472
1408,1367
1406,1420
1393,1444
1439,1405
1403,1471
1379,1410
1427,1399
1429,1425
1437,1437
1460,1453
1402,1454
1472,1478
1377,1478
1440,1481
1443,1459
1413,1446
1427,1472
1387,1462
1509,1502
1462,1498
1444,1470
1474,1493
1449,1550
1539,1506
1548,1518
1475,1537
1549,1536
1571,1566
1614,1572
1536,1573
1591,1600
1582,1607
1578,1620
1581,1590
1624,1619
1650,1639
1624,1639
1640,1659
1611,1614
1641,1665
1649,1623
1644,1652
1665,1617
1693,1683
1664,1709
1683,1700
1605,1678
1677,1639
1694,1686
1693,1662
1685,1631
1755,1673
1724,1654
1719,1694
1670,1658
1719,1680
1682,1668
1698,1700
1655,1688
1674,1609
1663,1645
1631,1578
1631,1623
1671,1623
1650,1647
1650,1600
1602,1630
1631,1629
1617,1564
1599,1576
1570,1617
1607,1626
1590,1577
1615,1550
1544,1512
1602,1539
1563,1545
1541,1564
1494,1505
1500,1488
1437,1479
1467,1534
1440,1505
1462,1477
1470,1480
1382,1462
1421,1486
1422,1423
1446,1375
1429,1471
1410,1431
1435,1430
1481,1368
1407,1398
1398,1372
1404,1423
1383,1388
1443,1426
1434,1430
1453,1418
1451,1440
1402,1419
1458,1432
1442,1457
1418,1413
1429,1495
1377,1457
1433,1458
1447,1481
1457,1497
1426,1462
1479,1461
1470,1481
1465,1487
1424,1496
1506,1476
1512,1491
1503,1556
1452,1544
1591,1528
1546,1552
1543,1590
1522,1636
1578,1531
1601,1589
1566,1576
1554,1623
1589,1607
1597,1630
1640,1611
1662,1631
1601,1646
1604,1649
1669,1623
1704,1639
1660,1648
1681,1690
1688,1680
1724,1679
1657,1714
1688,1669
1696,1690
1692,1663
1766,1685
1600,1645
1710,1705
1679,1688
1695,1678
1704,1670
1669,1689
1709,1673
1717,1631
1645,1618
1647,1692
1667,1628
1647,1630
1635,1645
1656,1654
1612,1631
1656,1562
1637,1644
1597,1576
1581,1658
1599,1608
1647,1525
1562,1579
1588,1584
1613,1531
1572,1520
1559,1541
1540,1514
1526,1550
1458,1506
1551,1474
1516,1524
1460,1524
1498,1475
1516,1441
1505,1494
1469,1473
1424,1429
1444,1441
1431,1420
1470,1427
1402,1409
1440,1460
1453,1403
1407,1447
1446,1420
1406,1404
1409,1439
1352,1417
1474,1419
1344,1436
1392,1416
1399,1442
1407,1414
1405,1453
1384,1429
1433,1450
1434,1495
1416,1455
1445,1475
1408,1454
1420,1441
1445,1470
1391,1494
1453,1513
1388,1457
1466,1487
1452,1496
1503,1484
1472,1550
1493,1551
1455,1542
1550,1546
1543,1536
1553,1579
1580,1612
1551,1561
1598,1616
1629,1591
1579,1610
1626,1598
1673,1667
1598,1646
1697,1637
1627,1639
1663,1691
1669,1677
1653,1675
1666,1693
1665,1595
1644,1690
1680,1617
1677,1683
1684,1660
1719,1653
1667,1695
1677,1650
1670,1657
1667,1670
1712,1681
1745,1695
1700,1628
1695,1671
1650,1670
1668,1689
1720,1633
1751,1678
1619,1677
1637,1649
1642,1647
1630,1600
1673,1646
1630,1628
1589,1595
1577,1581
1652,1586
1603,1567
1631,1532
1587,1577
1529,1551
1610,1516
1570,1542
1579,1483
1497,1520
1536,1461
1500,1489
1481,1497
1558,1519
1527,1484
1499,1503
1543,1474
1481,1469
1482,1426
1462,1437
1409,1456
1392,1392
1429,1416
1423,1454
1409,1442
1409,1436
1411,1435
1414,1418
1392,1459
1353,1405
1467,1429
1400,1435
1407,1403
1393,1382
1401,1452
1411,1476
1395,1442
1360,1418
1443,1466
1377,1416
1431,1489
1425,1469
1517,1490
1474,1491
1402,1470
1469,1512
1404,1534
1484,1524
1476,1521
1491,1487
1526,1508
1543,1508
1548,1519
1568,1504
1586,1513
1549,1542
1548,1529
1548,1596
1541,1545
1582,1578
1545,1630
1572,1627
1642,1624
1629,1594
1713,1661
1632,1658
1650,1659
1662,1613
1684,1659
1668,1703
1730,1675
1684,1634
1668,1658
1681,1686
1785,1670
1741,1714
1702,1688
1631,1669
1666,1682
1695,1662
1704,1625
1680,1626
1694,1696
1689,1664
1727,1646
1693,1626
1700,1667
1655,1677
1675,1631
1642,1603
1672,1619
1642,1593
1680,1632
1611,1622
1612,1618
1612,1594
1569,1581
1651,1523
1636,1530
1540,1504
1547,1607
1534,1531
1558,1544
1562,1520
1508,1508
1508,1469
1504,1494
1534,1459
1474,1488
1517,1465
1446,1420
1463,1480
1414,1464
1413,1462
1474,1458
1420,1415
1417,1417
1408,1450
1421,1475
1416,1485
1419,1459
1385,1405
1352,1369
1384,1456
1390,1410
1338,1382
1458,1427
1410,1380
1412,1435
1368,1405
1390,1453
1396,1461
1391,1449
1436,1441
1427,1408
1468,1481
1411,1457
1464,1454
1479,1483
1457,1496
1451,1512
1436,1519
1539,1499
1486,1538
1532,1540
1538,1546
1564,1533
1514,1587
1544,1585
1565,1544
1558,1614
1601,1525
1605,1598
1610,1610
1596,1623
1586,1657
1606,1626
1629,1609
1560,1647
1611,1674
1692,1667
1702,1621
1647,1600
1691,1646
1711,1711
1683,1703
1695,1633
1640,1718
1700,1699
1651,1660
1723,1727
1705,1708
1679,1657
1730,1652
1713,1633
1688,1699
1691,1665
1717,1705
1673,1639
1738,1642
1716,1674
1615,1650
1677,1659
1650,1693
1631,1597
1586,1618
1677,1622
1648,1633
1613,1596
1621,1626
1598,1537
1641,1568
1632,1584
1552,1550
1632,1544
1579,1518
1568,1548
1588,1521
1549,1503
1514,1480
1463,1473
1487,1510
1489,1492
1538,1496
1485,1432
1517,1455
1451,1470
1472,1431
1426,1414
1430,1412
1449,1420
1431,1441
1426,1475
1428,1462
1391,1400
1386,1417
1424,1437
1410,1419
1415,1398
1427,1419
1378,1414
1409,1440
1369,1412
1372,1395
1427,1426
1427,1435
1458,1411
1434,1478
1448,1465
1381,1455
1502,1446
1456,1449
1401,1488
1441,1480
1481,1509
1500,1472
1472,1505
1492,1493
1498,1501
1500,1515
1514,1571
1533,1552
1548,1540
1529,1546
1515,1557
1551,1578
1568,1612
1605,1626
1609,1582
1552,1603
1629,1607
1587,1663
1613,1621
1658,1621
1635,1650
1625,1645
1685,1665
1630,1641
1700,1685
1682,1647
1718,1657
1687,1669
1710,1678
1665,1684
1771,1704
1666,1651
1683,1702
1726,1677
1687,1670
1687,1672
1696,1634
1723,1727
1703,1674
1656,1651
1670,1665
1721,1653
1674,1613
1671,1644
1667,1634
1696,1591
1658,1621
1683,1600
1666,1651
1608,1642
1655,1566
1623,1591
1615,1520
1610,1592
1621,1557
1576,1543
1568,1542
1544,1519
1579,1549
1558,1531
1521,1554
1464,1496
1488,1422
1442,1502
1520,1478
1455,1465
1482,1470
1453,1428
1383,1433
1463,1438
1451,1429
1427,1424
1420,1334
1433,1435
1437,1420
1427,1414
1355,1439
1382,1440
1389,1408
1454,1396
1370,1362
1392,1389
1453,1471
1411,1479
1364,1427
1423,1448
1468,1419
1410,1443
1439,1444
1449,1454
1424,1471
1461,1453
1442,1489
1441,1529
1484,1475
1514,1514
1479,1501
1510,1499
1504,1526
1459,1532
1523,1535
1519,1548
1544,1580
1601,1536
1502,1582
1572,1572
1557,1602
1626,1570
1584,1582
1600,1595
1592,1629
1637,1615
1618,1610
1596,1599
1638,1664
1596,1652
1633,1605
1704,1688
1671,1694
1734,1666
1720,1703
1749,1689
1661,1681
1694,1681
1700,1676
1704,1683
1720,1713
1702,1687
1722,1684
1700,1679
1701,1618
1707,1660
1662,1644
1754,1584
1703,1661
1708,1655
1644,1676
1670,1583
1665,1614
1640,1640
1652,1626
1602,1632
1644,1610
1656,1592
1639,1604
1599,1545
1591,1584
1598,1603
1554,1541
1604,1544
1608,1494
1562,1552
1479,1541
1506,1545
1500,1489
1493,1477
1533,1518
1516,1483
1519,1483
1546,1497
1412,1455
1428,1467
1434,1486
1386,1460
1497,1432
1477,1454
1414,1401
1389,1434
1451,1360
1378,1422
1432,1432
1426,1469
1428,1430
1396,1417
1383,1430
1433,1439
1383,1438
1407,1400
1422,1445
1366,1414
1405,1442
1449,1432
1494,1429
1399,1437
1450,1417
1431,1463
1456,1519
1441,1464
1449,1472
1484,1500
1499,1486
1427,1531
1457,1510
1472,1530
1518,1503
1484,1532
1514,1556
1449,1516
1592,1589
1520,1519
1531,1620
1569,1587
1567,1594
1575,1602
1606,1582
1617,1671
1609,1643
1601,1629
1645,1659
1661,1633
1630,1667
1691,1722
1654,1632
1669,1697
1696,1666
1708,1639
1704,1665
1704,1673
1720,1681
1692,1709
1630,1673
1685,1693
1651,1717
1665,1695
1721,1670
1717,1686
1726,1676
1664,1686
1658,1682
1695,1680
1700,1681
1687,1655
1662,1637
1734,1634
1710,1576
1649,1617
1653,1632
1621,1572
1590,1611
1636,1614
1632,1570
1625,1594
1569,1562
1493,1503
1552,1557
1579,1535
1584,1529
1535,1474
1550,1513
1532,1516
1565,1508
1463,1500
1498,1467
1473,1469
1458,1466
1434,1478
1447,1388
1455,1401
1408,1434
1404,1436
1423,1442
1439,1441
1460,1393
1425,1430
1445,1433
1387,1415
1397,1353
1382,1383
1382,1399
1432,1412
1427,1454
1410,1412
1457,1375
1471,1386
1439,1419
1384,1450
1407,1473
1407,1457
1471,1463
1414,1438
1405,1488
1448,1443
1478,1489
1518,1505
1474,1504
1478,1510
1501,1490
1532,1559
1468,1491
1502,1541
1459,1547
1463,1553
1521,1582
1510,1545
1522,1580
1563,1608
1599,1579
1595,1649
1632,1626
1546,1583
1573,1631
1596,1642
1663,1677
1638,1601
1643,1659
1656,1664
1658,1694
1690,1674
1674,1629
1733,1687
1671,1669
1685,1677
1701,1687
1692,1701
1699,1707
1702,1715
1712,1678
1678,1695
1649,1681
1699,1651
1691,1668
1697,1676
1728,1710
1728,1624
1665,1645
1651,1649
1686,1665
1660,1612
1606,1618
1637,1639
1660,1651
1632,1603
1661,1568
1602,1596
1585,1585
1623,1604
1534,1564
1598,1534
1597,1551
1566,1534
1540,1587
1583,1531
1544,1532
1556,1521
1514,1537
1490,1519
1525,1491
1499,1522
1462,1429
1494,1522
1423,1451
1480,1455
1460,1462
1488,1451
1486,1394
1445,1474
1417,1411
1411,1433
1459,1407
1332,1435
1355,1413
1399,1421
1394,1443
1433,1420
1411,1418
1419,1411
1426,1464
1409,1427
1403,1412
1421,1409
1421,1354
1453,1500
1344,1469
1393,1456
1388,1449
1497,1450
1403,1442
1448,1448
1451,1492
1499,1525
1449,1486
1436,1501
1466,1558
1489,1564
1508,1543
1535,1550
1583,1586
1526,1584
1578,1600
1551,1596
1540,1572
1575,1568
1564,1653
1603,1608
1606,1644
1562,1589
1587,1592
1623,1617
1665,1628
1645,1652
1674,1637
1616,1674
1621,1670
1702,1669
1663,1693
1676,1656
1683,1680
1678,1711
1714,1677
1714,1675
1721,1703
1738,1672
1661,1695
1730,1711
1672,1698
1721,1692
1654,1690
1695,1716
1620,1676
1694,1678
1617,1657
1653,1658
1701,1674
1688,1615
1656,1619
1677,1617
1649,1652
1629,1596
1623,1622
1585,1626
1603,1587
1568,1561
1592,1602
1613,1522
1558,1546
1619,1586
1531,1560
1590,1503
1486,1485
1494,1522
1525,1521
1507,1486
1492,1470
1441,1477
1407,1431
1503,1431
1433,1436
1441,1456
1410,1486
1459,1419
1344,1392
1425,1412
1393,1420
1380,1416
1398,1403
1337,1404
1382,1392
1370,1430
1396,1382
1389,1403
1423,1438
1409,1400
1468,1444
1405,1435
1394,1403
1415,1448
1420,1491
1405,1473
1407,1414
1449,1460
1391,1465
1427,1484
1433,1523
1496,1473
1491,1506
1469,1428
1491,1538
1465,1517
1479,1571
1468,1571
1567,1540
1546,1564
1528,1541
1510,1557
1551,1542
1500,1600
1582,1597
1599,1611
1598,1587
1609,1618
1621,1615
1641,1629
1625,1642
1625,1581
1674,1637
1664,1678
1676,1674
1689,1661
1675,1653
1666,1647
1712,1634
1739,1701
1701,1686
1773,1707
1757,1661
1718,1663
1715,1711
1700,1691
1716,1591
1730,1686
1715,1643
1714,1628
1680,1660
1680,1651
1632,1657
1674,1633
1748,1635
1644,1605
1624,1649
1641,1619
1681,1614
1602,1632
1618,1586
1619,1581
1581,1583
1625,1570
1601,1575
1608,1593
1565,1552
1528,1549
1518,1562
1506,1477
1508,1518
1500,1523
1475,1525
1475,1454
1539,1463
1486,1489
1422,1383
1533,1443
1456,1427
1439,1443
1396,1473
1384,1413
1432,1422
1415,1444
1382,1397
1427,1404
1424,1412
1460,1450
1423,1456
1430,1409
1379,1504
1398,1422
1372,1436
1453,1365
1415,1430
1350,1418
1425,1430
1380,1460
1375,1428
1375,1417
1400,1461
1420,1471
1472,1492
1464,1434
1435,1443
1474,1453
1491,1506
1451,1521
1467,1459
1463,1495
1565,1519
1456,1562
1534,1525
1495,1562
1573,1562
1532,1567
1524,1569
1554,1636
1593,1610
1594,1609
1619,1583
1607,1593
1547,1619
1629,1656
1602,1620
1641,1669
1653,1636
1676,1674
1617,1618
1630,1663
1689,1654
1689,1653
1674,1632
1684,1703
1679,1689
1672,1640
1692,1619
1718,1654
1692,1647
1724,1721
1697,1724
1697,1686
1743,1687
1716,1674
1745,1680
1711,1661
1656,1653
1690,1622
1630,1665
1669,1584
1620,1650
1636,1597
1642,1586
1667,1614
1621,1582
1576,1569
1620,1602
1591,1557
1632,1590
1591,1531
1591,1573
1583,1561
1538,1543
1538,1517
1563,1533
1499,1510
1500,1418
1561,1487
1522,1473
1488,1473
1447,1469
1458,1455
1457,1456
1508,1507
1406,1444
1429,1441
1411,1461
1455,1419
1394,1426
1436,1367
1410,1365
1384,1390
1400,1386
1405,1453
1419,1327
1376,1396
1417,1397
1371,1422
1369,1439
1391,1421
1394,1454
1423,1433
1398,1486
1423,1465
1422,1409
1392,1468
1459,1419
1399,1487
1466,1459
1421,1456
1453,1525
1477,1510
1467,1461
1470,1572
1482,1480
1544,1515
1439,1568
1547,1549
1541,1533
1526,1535
1531,1604
1598,1548
1567,1575
1588,1586
1605,1633
1602,1622
1621,1614
1619,1642
1584,1630
1630,1637
1673,1624
1660,1635
1616,1663
1645,1683
1679,1681
1689,1657
1669,1659
1682,1665
1639,1700
1640,1718
1738,1678
1713,1731
1654,1651
1695,1661
1723,1691
1751,1619
1677,1691
1676,1669
1681,1675
1667,1673
1702,1662
1721,1667
1626,1596
1701,1664
1687,1638
1637,1703
1685,1643
1668,1625
1668,1594
1616,1630
1647,1549
1647,1581
1608,1590
1552,1565
1615,1569
1543,1520
1564,1572
1570,1510
1501,1530
1560,1528
1517,1516
1532,1479
1519,1485
1519,1495
1447,1462
1469,1497
1495,1434
1410,1456
1397,1412
1466,1483
1390,1452
1466,1470
1454,1394
1431,1443
1443,1449
1453,1418
1403,1400
1424,1412
1386,1418
1430,1393
1480,1402
1369,1458
1410,1453
1378,1388
1403,1446
1417,1419
1390,1382
1387,1416
1392,1470
1403,1453
1390,1473
1449,1448
1471,1456
1442,1480
1440,1515
1466,1496
1473,1481
1377,1482
1542,1495
1518,1538
1529,1531
1495,1501
1579,1558
1531,1589
1570,1554
1555,1595
1586,1567
1595,1592
1618,1588
1608,1554
1594,1585
1578,1549
1633,1663
1601,1627
1598,1658
1627,1684
1640,1672
1663,1682
1693,1654
1715,1653
1679,1664
1715,1707
1697,1667
1705,1726
1672,1688
1698,1699
1659,1707
1647,1684
1707,1710
1702,1656
1739,1704
1700,1658
1695,1647
1671,1675
1694,1644
1679,1642
1694,1678
1673,1609
1618,1636
1652,1619
1573,1639
1647,1645
1664,1648
1632,1641
1562,1538
1594,1613
1656,1599
1573,1559
1611,1576
1533,1563
1613,1538
1567,1492
1517,1513
1565,1521
1505,1507
1526,1540
1542,1503
1464,1494
1478,1507
1488,1461
1473,1456
1486,1481
1434,1426
1458,1406
1457,1446
1426,1415
1443,1420
1396,1411
1428,1452
1454,1411
1365,1414
1454,1395
1362,1438
1402,1417
1443,1402
1449,1428
1353,1447
1425,1453
1405,1431
1421,1428
1437,1424
1423,1427
1404,1423
1442,1442
1420,1432
1406,1503
1404,1464
1438,1465
1452,1493
1417,1500
1456,1444
1451,1509
1533,1480
1487,1553
1513,1528
1525,1544
1510,1556
1574,1573
1508,1546
1538,1553
1585,1610
1565,1624
1559,1591
1585,1586
1587,1579
1593,1649
1681,1587
1616,1635
1613,1680
1642,1688
1668,1675
1648,1651
1673,1658
1689,1691
1679,1637
1672,1639
1642,1621
1675,1666
1657,1687
1647,1682
1710,1654
1689,1664
1710,1679
1600,1700
1662,1654
1755,1665
1698,1674
1673,1632
1679,1652
1670,1678
1751,1689
1743,1636
1708,1626
1677,1620
1634,1635
1696,1626
1653,1562
1616,1636
1564,1609
1569,1653
1628,1603
1586,1589
1617,1555
1536,1557
1598,1533
1614,1552
1537,1518
1555,1549
1578,1478
1479,1518
1514,1495
1481,1526
1523,1446
1418,1509
1530,1482
1489,1457
1465,1441
1399,1458
1439,1426
1429,1470
1469,1465
1445,1401
1386,1399
1426,1438
1357,1449
1410,1407
1380,1451
1436,1357
1383,1425
1432,1399
1419,1467
1437,1422
1453,1503
1407,1453
1349,1423
1430,1421
1417,1462
1356,1408
1413,1424
1460,1431
1490,1451
1495,1480
1468,1463
1428,1444
1463,1495
1473,1507
1497,1468
1484,1470
1509,1505
1492,1541
1523,1560
1488,1526
1528,1550
1589,1590
1579,1576
1560,1580
1606,1576
1563,1584
1567,1600
1664,1663
1669,1567
1651,1652
1611,1613
1666,1607
1632,1651
1612,1618
1639,1664
1681,1642
1699,1705
1655,1676
1640,1643
1664,1674
1740,1645
1706,1685
1705,1678
1668,1668
1707,1712
1642,1695
1672,1622
1702,1621
1742,1652
1714,1652
1678,1666
1690,1678
1658,1695
1682,1682
1672,1613
1668,1667
1655,1649
1648,1676
1626,1623
1683,1639
1667,1610
1607,1590
1659,1564
1606,1590
1632,1607
1577,1522
1520,1526
1584,1585
1497,1550
1628,1541
1603,1492
1545,1513
1489,1547
1507,1453
1455,1496
1458,1437
1478,1512
1463,1474
1455,1494
1486,1482
1460,1493
1420,1429
1463,1465
1423,1476
1459,1457
1468,1402
1422,1421
1455,1410
1426,1453
1359,1370
1460,1413
1404,1401
1426,1363
1383,1432
1399,1408
1326,1425
1432,1450
1367,1390
1348,1451
1399,1460
1415,1466
1397,1491
1454,1495
1393,1482
1452,1434
1462,1521
1466,1484
1469,1474
1457,1489
1467,1509
1508,1492
1499,1534
1541,1521
1503,1556
1500,1502
1489,1588
1575,1548
1502,1588
1550,1552
1587,1590
1614,1606
1650,1610
1564,1621
1669,1584
1591,1603
1614,1636
1555,1644
1653,1609
1670,1688
1618,1669
1666,1617
1610,1687
1677,1676
1694,1700
1649,1694
1650,1642
1706,1708
1650,1707
1685,1641
1609,1715
1654,1663
1713,1689
1659,1717
1739,1637
1680,1687
1675,1641
1692,1600
1697,1603
1646,1609
1625,1606
1669,1631
1661,1596
1669,1599
1626,1632
1615,1590
1633,1575
1594,1611
1579,1632
1633,1589
1590,1561
1607,1520
1550,1552
1620,1542
1571,1536
1510,1588
1476,1574
1529,1509
1519,1448
1488,1535
1549,1517
1516,1466
1466,1495
1544,1478
1447,1491
1453,1470
1413,1442
1446,1411
1388,1426
1477,1432
1469,1409
1416,1439
1449,1425
1480,1454
1360,1442
1400,1434
1376,1430
1366,1423
1393,1436
1341,1473
1403,1363
1441,1444
1380,1356
1406,1441
1444,1458
1409,1492
1431,1452
1404,1473
1462,1429
1440,1418
1472,1496
1471,1462
1456,1456
1430,1500
1458,1462
1447,1487
1537,1534
1476,1538
1454,1537
1532,1533
1560,1565
1494,1581
1544,1571
1626,1613
1571,1592
1595,1592
1531,1574
1628,1607
1622,1626
1567,1629
1609,1605
1669,1593
1662,1654
1659,1623
1656,1655
1639,1633
1679,1691
1667,1670
1699,1694
1645,1692
1697,1631
1727,1719
1658,1655
1685,1689
1657,1678
1684,1662
1748,1666
1747,1695
1670,1646
1705,1640
1716,1686
1664,1681
1648,1621
1647,1639
1692,1638
1672,1604
1712,1572
1662,1634
1630,1645
1670,1612
1604,1591
1653,1591
1631,1580
1571,1558
1557,1569
1580,1550
1589,1563
1563,1592
1573,1540
1564,1546
1520,1528
1588,1476
1521,1493
1548,1516
1510,1526
1515,1515
1444,1483
1428,1458
1471,1472
1449,1450
1471,1443
1460,1494
1471,1523
1414,1421
1424,1433
1407,1431
1411,1455
1421,1409
1430,1401
1406,1427
1440,1432
1394,1430
1459,1436
1394,1432
1413,1429
1374,1396
1438,1427
1439,1414
1368,1444
1406,1424
1475,1445
1470,1469
1478,1474
1416,1448
1452,1450
1418,1511
1462,1418
1461,1486
1448,1515
1458,1476
1528,1489
1454,1493
1454,1537
1458,1562
1552,1552
1519,1539
1541,1580
1584,1608
1518,1540
1567,1553
1585,1589
1560,1586
1600,1623
1663,1587
1595,1616
1561,1662
1611,1616
1629,1645
1662,1649
1725,1608
1632,1636
1661,1658
1605,1657
1669,1641
1682,1661
1606,1741
1712,1648
1674,1713
1685,1720
1687,1664
1685,1691
1695,1668
1700,1600
1665,1693
1701,1664
1690,1673
1665,1688
1678,1677
1663,1630
1571,1614
1679,1630
1674,1625
1669,1610
1606,1551
1646,1596
1611,1607
1639,1541
1625,1604
1633,1577
1604,1562
1572,1585
1580,1544
1556,1574
1560,1539
1584,1523
1538,1495
1584,1502
1565,1523
1485,1493
1480,1557
1549,1471
1513,1431
1461,1460
1419,1465
1433,1507
1475,1407
1471,1466
1396,1427
1438,1435
1428,1483
1505,1437
1410,1429
1390,1442
1427,1496
1383,1443
1421,1424
1363,1445
1401,1436
1450,1426
1404,1476
1435,1406
1393,1451
1384,1485
1412,1411
1498,1454
1402,1408
1461,1415
1380,1496
1458,1503
1468,1511
1449,1499
1480,1486
1468,1456
1448,1518
1485,1509
1478,1536
1505,1571
1558,1544
1512,1556
1517,1519
1572,1583
1507,1565
1512,1578
1604,1566
1564,1602
1569,1573
1573,1604
1624,1624
1624,1632
1663,1602
1604,1635
1675,1619
1648,1620
1658,1653
1656,1627
1740,1639
1639,1663
1661,1644
1670,1674
1672,1630
1650,1662
1717,1643
1717,1698
1692,1661
1697,1655
1678,1649
1667,1626
1669,1646
1669,1670
1706,1650
1685,1620
1685,1639
1626,1666
1664,1608
1685,1641
1623,1656
1627,1603
1648,1603
1617,1669
1659,1531
1572,1546
1572,1598
1608,1586
1658,1574
1652,1532
1620,1563
1564,1549
1604,1558
1565,1587
1581,1543
1504,1521
1497,1549
1465,1464
1565,1522
1529,1523
1503,1490
1427,1523
1510,1485
1499,1443
1486,1489
1385,1441
1463,1465
1416,1447
1408,1396
1429,1430
1456,1471
1404,1459
1444,1499
1404,1467
1387,1438
1419,1477
1433,1433
1426,1438
1434,1386
1403,1433
1391,1456
1394,1443
1394,1427
1419,1433
1414,1441
1426,1471
1432,1480
1449,1491
1440,1472
1457,1474
1454,1470
1424,1448
1483,1500
1472,1449
1493,1472
1492,1533
1470,1518
1513,1565
1521,1561
1548,1542
1539,1569
1582,1595
1536,1572
1533,1653
1522,1607
1612,1600
1624,1627
1592,1616
1579,1645
1621,1597
1571,1645
1607,1652
1646,1636
1675,1623
1638,1664
1660,1702
1629,1655
1656,1638
1666,1649
1694,1634
1682,1670
1635,1648
1651,1675
1672,1665
1625,1661
1676,1657
1681,1633
1651,1681
1667,1673
1677,1665
1699,1666
1623,1645
1623,1624
1673,1627
1626,1596
1628,1645
1666,1601
1568,1604
1579,1613
1650,1583
1587,1613
1622,1576
1569,1603
1545,1580
1586,1542
1579,1583
1579,1573
1558,1552
1506,1504
1583,1554
1511,1514
1468,1498
1533,1474
1534,1510
1571,1532
1490,1487
1466,1485
1457,1515
1474,1520
1477,1463
1444,1465
1465,1397
1452,1466
1419,1464
1440,1447
1452,1463
1417,1436
1434,1467
1412,1437
1414,1433
1395,1441
1407,1403
1453,1421
1433,1437
1436,1477
1455,1493
1435,1460
1391,1445
1438,1438
1411,1420
1417,1476
1497,1460
1450,1457
1479,1502
1450,1496
1423,1482
1481,1530
1451,1523
1528,1512
1461,1521
1531,1485
1552,1535
1508,1543
1517,1531
1524,1534
1517,1547
1526,1581
1541,1553
1534,1570
1596,1595
1580,1582
1576,1592
1597,1626
1605,1629
1647,1599
1578,1600
1668,1631
1618,1652
1688,1633
1654,1649
1650,1665
1693,1636
1638,1659
1696,1668
1616,1581
1655,1645
1639,1644
1638,1679
1661,1668
1682,1655
1699,1624
1735,1694
1706,1665
1704,1661
1667,1634
1650,1634
1689,1596
1700,1679
1673,1621
1675,1591
1658,1589
1646,1625
1623,1626
1640,1609
1616,1599
1610,1611
1677,1589
1568,1592
1565,1594
1575,1547
1569,1582
1525,1549
1564,1559
1566,1534
1559,1577
1554,1548
1556,1517
1511,1443
1468,1496
1505,1514
1499,1491
1493,1494
1513,1503
1499,1409
1447,1440
1419,1430
1428,1495
1440,1438
1477,1448
1466,1446
1389,1484
1481,1447
1455,1440
1437,1461
1416,1454
1394,1465
1362,1432
1472,1486
1435,1434
1431,1466
1435,1443
1452,1427
1439,1430
1486,1456
1444,1438
1440,1453
1456,1476
1412,1400
1496,1508
1473,1472
1466,1512
1428,1507
1487,1475
1440,1488
1493,1503
1512,1531
1519,1552
1565,1547
1513,1618
1561,1600
1571,1590
1558,1577
1604,1591
1589,1579
1550,1620
1611,1588
1661,1608
1562,1565
1663,1639
1606,1656
1573,1626
1605,1612
1626,1623
1640,1635
1598,1601
1644,1671
1695,1635
1630,1628
1702,1663
1697,1643
1711,1643
1668,1687
1631,1655
1609,1634
1675,1652
1661,1640
1661,1633
1652,1640
1700,1705
1692,1634
1664,1668
1689,1660
1694,1617
1629,1627
1628,1646
1678,1638
1651,1633
1642,1572
1640,1542
1645,1621
1661,1587
1627,1554
1581,1573
1585,1557
1562,1581
1552,1550
1529,1548
1549,1549
1563,1553
1550,1490
1516,1526
1529,1490
1484,1500
1480,1486
1499,1491
1517,1508
1475,1483
1503,1476
1405,1453
1444,1430
1438,1493
1457,1428
1454,1472
1455,1438
1452,1425
1467,1394
1460,1514
1443,1459
1443,1430
1463,1448
1418,1427
1439,1469
1410,1408
1409,1458
1436,1460
1383,1439
1412,1496
1424,1493
1423,1427
1468,1431
1462,1425
1451,1501
1460,1471
1516,1496
1412,1483
1412,1506
1490,1502
1467,1562
1475,1502
1509,1533
1503,1518
1561,1568
1527,1573
1553,1520
1526,1577
1502,1572
1540,1558
1526,1596
1606,1562
1567,1621
1555,1587
1574,1627
1626,1640
1579,1628
1594,1630
1633,1608
1585,1624
1649,1615
1636,1648
1667,1648
1684,1629
1671,1577
1585,1680
1664,1656
1706,1663
1603,1616
1605,1644
1682,1661
1669,1639
1679,1676
1597,1658
1726,1645
1647,1659
1638,1626
1640,1615
1609,1609
1695,1624
1632,1593
1630,1615
1640,1619
1674,1618
1635,1634
1623,1588
1599,1633
1605,1587
1576,1586
1573,1615
1596,1564
1615,1540
1595,1576
1608,1514
1566,1532
1491,1568
1560,1528
1481,1526
1592,1501
1489,1505
1508,1491
1532,1538
1470,1471
1534,1496
1471,1473
1436,1506
1454,1493
1473,1474
1471,1507
1390,1426
1438,1432
1430,1441
1429,1470
1416,1468
1492,1468
1418,1437
1425,1464
1448,1454
1490,1477
1375,1451
1386,1456
1416,1482
1456,1484
1390,1406
1449,1453
1443,1505
1470,1425
1458,1433
1469,1496
1473,1482
1446,1508
1474,1494
1463,1538
1489,1521
1472,1517
1488,1533
1538,1524
1524,1545
1556,1538
1518,1557
1497,1574
1585,1548
1552,1563
1504,1526
1562,1587
1539,1552
1569,1556
1534,1600
1589,1602
1588,1617
1635,1643
1574,1655
1608,1654
1654,1628
1613,1615
1629,1645
1625,1637
1675,1687
1644,1654
1674,1623
1693,1641
1666,1638
1727,1651
1644,1663
1649,1622
1649,1648
1680,1683
1683,1616
1733,1655
1658,1643
1625,1624
1681,1583
1686,1633
1664,1645
1641,1624
1687,1629
1638,1576
1652,1638
1685,1586
1622,1603
1689,1594
1626,1618
1607,1546
1607,1558
1533,1568
1539,1567
1562,1571
1569,1560
1530,1531
1559,1557
1543,1514
1587,1521
1545,1545
1556,1517
1509,1445
1531,1485
1510,1513
1480,1473
1544,1505
1483,1460
1478,1471
1478,1426
1486,1438
1511,1443
1449,1421
1469,1445
1435,1465
1468,1414
1429,1404
1426,1457
1467,1427
1454,1487
1472,1438
1427,1461
1416,1403
1418,1455
1438,1452
1437,1452
1480,1408
1478,1464
1427,1482
1439,1505
1442,1528
1448,1429
1436,1467
1464,1508
1497,1506
1518,1543
1474,1461
1523,1517
1546,1532
1494,1504
1489,1525
1512,1547
1545,1585
1579,1582
1511,1548
1501,1557
1602,1538
1567,1575
1548,1604
1630,1578
1595,1586
1569,1557
1658,1619
1614,1641
1544,1643
1593,1633
1575,1627
1642,1648
1595,1686
1603,1661
1660,1652
1684,1625
1681,1630
1678,1637
1671,1619
1657,1646
1702,1660
1649,1656
1663,1640
1651,1628
1654,1611
1693,1661
1672,1668
1664,1657
1639,1696
1665,1608
1643,1647
1670,1619
1633,1621
1683,1676
1606,1605
1627,1611
1607,1626
1544,1593
1638,1546
1658,1556
1612,1596
1600,1622
1565,1545
1568,1591
1573,1559
1551,1548
1586,1507
1555,1488
1527,1538
1545,1507
1541,1474
1508,1473
1512,1472
1508,1464
1440,1528
1481,1531
1508,1484
1441,1469
1467,1495
1473,1443
1468,1447
1499,1457
1446,1472
1465,1465
1416,1479
1431,1432
1456,1420
1473,1495
1432,1491
1386,1458
1487,1402
1481,1441
1464,1404
1465,1492
1421,1445
1441,1434
1501,1427
1446,1485
1449,1474
1486,1452
1393,1498
1514,1456
1457,1449
1499,1517
1504,1525
1485,1519
1470,1519
1448,1515
1499,1545
1481,1545
1507,1546
1578,1551
1566,1578
1513,1586
1498,1569
1565,1548
1624,1586
1597,1619
1633,1561
1566,1592
1631,1581
1633,1621
1586,1625
1623,1640
1605,1628
1628,1674
1617,1635
1656,1671
1655,1684
1615,1596
1679,1639
1618,1656
1677,1648
1657,1664
1680,1656
1628,1624
1665,1668
1689,1669
1677,1607
1652,1610
1663,1637
1663,1616
1592,1626
1641,1645
1662,1666
1697,1618
1670,1621
1629,1620
1654,1600
1647,1595
1645,1588
1545,1624
1596,1577
1595,1604
1632,1568
1593,1541
1564,1595
1549,1589
1566,1570
1565,1516
1511,1540
1528,1519
1565,1504
1587,1557
1515,1544
1525,1549
1526,1493
1473,1504
1507,1487
1501,1484
1469,1478
1482,1464
1514,1482
1435,1455
1473,1462
1414,1471
1454,1445
1496,1453
1436,1428
1458,1407
1419,1428
1407,1423
1468,1455
1463,1463
1467,1445
1432,1474
1422,1424
1428,1488
1401,1471
1443,1461
1420,1433
1425,1466
1490,1380
1447,1469
1420,1497
1450,1529
1453,1546
1488,1490
1454,1503
1513,1496
1498,1500
1519,1517
1502,1484
1516,1533
1464,1565
1523,1534
1558,1573
1483,1550
1560,1577
1530,1579
1551,1568
1608,1592
1593,1608
1591,1606
1558,1647
1541,1645
1672,1592
1597,1630
1572,1595
1610,1607
1620,1699
1677,1662
1658,1621
1636,1634
1620,1655
1708,1616
1669,1650
1689,1663
1628,1612
1614,1662
1650,1618
1642,1646
1638,1644
1631,1647
1747,1656
1613,1676
1676,1654
1686,1697
1658,1562
1670,1659
1652,1622
1645,1616
1663,1601
1653,1600
1599,1620
1629,1594
1604,1606
1615,1564
1636,1555
1589,1572
1609,1547
1593,1562
1564,1483
1560,1607
1602,1475
1599,1598
1571,1538
1542,1546
1542,1544
1530,1551
1548,1527
1480,1493
1495,1509
1450,1491
1463,1501
1510,1518
1522,1508
1495,1506
1432,1437
1453,1486
1482,1438
1457,1413
1432,1430
1461,1478
1398,1426
1438,1412
1484,1468
1421,1457
1469,1425
1455,1391
1412,1455
1417,1426
1433,1441
1465,1462
1406,1396
1403,1454
1423,1444
1427,1500
1461,1459
1500,1550
1506,1489
1492,1476
1422,1461
1473,1507
1486,1474
1486,1510
1534,1505
1530,1529
1511,1505
1559,1541
1511,1561
1531,1529
1559,1573
1537,1581
1507,1574
1548,1584
1604,1564
1594,1579
1554,1577
1588,1568
1569,1569
1597,1625
1579,1603
1601,1570
1579,1622
1642,1661
1614,1651
1635,1677
1665,1647
1635,1635
1707,1703
1646,1653
1636,1614
1617,1611
1639,1653
1673,1654
1656,1668
1685,1593
1702,1643
1664,1652
1608,1669
1683,1678
1651,1643
1609,1633
1634,1635
1670,1637
1655,1598
1639,1599
1622,1596
1650,1629
1612,1556
1578,1610
1655,1568
1629,1619
1622,1527
1598,1578
1536,1591
1571,1547
1587,1552
1610,1536
1579,1575
1552,1525
1583,1531
1554,1527
1512,1475
1523,1528
1460,1486
1504,1496
1472,1471
1446,1477
1525,1484
1499,1459
1480,1501
1472,1484
1424,1495
1438,1455
1439,1470
1382,1454
1433,1416
1437,1480
1399,1483
1432,1441
1405,1480
1451,1435
1461,1495
1395,1467
1493,1475
1457,1446
1408,1443
1461,1450
1435,1468
1497,1426
1485,1484
1463,1481
1429,1520
1460,1502
1479,1438
1461,1487
1473,1482
1488,1522
1454,1534
1493,1523
1508,1567
1488,1533
1493,1534
1574,1513
1562,1593
1555,1549
1552,1554
1623,1528
1543,1593
1597,1596
1547,1565
1577,1582
1602,1598
1572,1612
1671,1606
1621,1638
1646,1621
1642,1621
1602,1672
1680,1622
1626,1679
1639,1649
1641,1661
1690,1704
1633,1642
1658,1669
1616,1710
1632,1630
1663,1625
1703,1602
1647,1714
1640,1596
1691,1653
1734,1625
1648,1637
1642,1607
1661,1565
1598,1572
1664,1665
1677,1551
1655,1614
1640,1626
1638,1598
1605,1609
1640,1603
1640,1549
1600,1541
1623,1548
1596,1545
1585,1524
1604,1566
1539,1595
1577,1587
1594,1508
1573,1510
1533,1488
1462,1507
1523,1473
1467,1484
1503,1456
1470,1450
1543,1478
1466,1446
1465,1417
1473,1461
1515,1461
1467,1504
1426,1436
1431,1440
1487,1445
1450,1418
1432,1410
1443,1450
1429,1405
1418,1443
1380,1410
1426,1430
1467,1390
1430,1474
1438,1500
1464,1454
1436,1450
1424,1452
1437,1511
1488,1456
1408,1424
1431,1499
1455,1518
1474,1488
1427,1482
1459,1450
1500,1490
1427,1503
1450,1508
1452,1536
1536,1510
1530,1550
1544,1574
1509,1537
1546,1566
1496,1583
1538,1577
1570,1568
1598,1617
1598,1595
1625,1608
1552,1618
1576,1608
1612,1591
1655,1646
1535,1613
1638,1653
1634,1620
1625,1639
1593,1620
1581,1647
1612,1660
1605,1615
1667,1599
1638,1635
1667,1694
1647,1640
1616,1635
1665,1644
1673,1657
1580,1668
1662,1646
1666,1644
1689,1663
1676,1662
1595,1645
1674,1626
1687,1665
1657,1630
1586,1624
1661,1605
1639,1572
1623,1646
1595,1593
1564,1585
1629,1585
1562,1561
1600,1575
1534,1547
1605,1558
1522,1588
1502,1583
1579,1553
1552,1582
1533,1538
1538,1515
1565,1472
1518,1442
1564,1494
1513,1476
1553,1488
1414,1475
1501,1403
1462,1448
1436,1436
1507,1452
1425,1471
1453,1491
1518,1469
1436,1412
1429,1456
1483,1449
1419,1396
1378,1441
1386,1420
1428,1435
1511,1476
1412,1477
1444,1499
1377,1502
1513,1430
1466,1448
1433,1433
1383,1503
1403,1457
1484,1469
1471,1451
1464,1474
1465,1510
1458,1518
1450,1477
1515,1545
1492,1499
1470,1539
1526,1498
1516,1567
1529,1552
1541,1624
1596,1521
1556,1595
1551,1564
1528,1593
1559,1616
1594,1588
1552,1598
1585,1610
1608,1562
1622,1644
1608,1632
1588,1624
1623,1637
1610,1693
1649,1593
1604,1629
1601,1645
1698,1671
1649,1640
1690,1632
1645,1672
1606,1690
1598,1667
1644,1629
1658,1661
1601,1651
1619,1636
1659,1681
1625,1635
1692,1605
1642,1635
1678,1635
1630,1647
1668,1619
1671,1634
1664,1618
1603,1630
1674,1621
1603,1589
1676,1576
1616,1605
1591,1593
1554,1562
1545,1568
1558,1587
1598,1533
1599,1529
1582,1545
1570,1521
1575,1559
1514,1537
1525,1481
1500,1511
1504,1535
1539,1494
1563,1540
1415,1499
1485,1475
1487,1493
1481,1460
1490,1489
1474,1496
1440,1463
1462,1451
1460,1492
1522,1482
1441,1477
1444,1431
1425,1410
1372,1434
1417,1431
1434,1431
1403,1461
1418,1446
1448,1459
1504,1492
1410,1508
1414,1475
1383,1479
1446,1420
1485,1496
1436,1451
1441,1514
1548,1465
1432,1448
1454,1493
1458,1513
1459,1497
1447,1490
1455,1531
1506,1513
1508,1512
1553,1524
1546,1579
1512,1584
1538,1527
1568,1572
1566,1559
1544,1569
1541,1639
1598,1605
1592,1620
1596,1664
1620,1631
1561,1591
1571,1623
1607,1614
1586,1625
1653,1659
1608,1633
1588,1641
1651,1617
1674,1598
1604,1608
1564,1646
1650,1662
1681,1661
1641,1600
1643,1669
1693,1637
1702,1652
1684,1637
1693,1641
1660,1623
1601,1635
1655,1607
1633,1585
1628,1662
1701,1645
1590,1624
1655,1628
1632,1631
1611,1601
1651,1581
1611,1604
1645,1552
1621,1608
1569,1576
1611,1598
1590,1589
1550,1582
1570,1544
1606,1520
1516,1514
1578,1484
1508,1583
1504,1547
1516,1493
1512,1521
1531,1497
1461,1453
1551,1482
1489,1473
1459,1462
1446,1449
1476,1449
1477,1449
1494,1470
1445,1396
1467,1423
1451,1466
1425,1447
1468,1453
1454,1454
1440,1395
1449,1411
1438,1450
1430,1454
1372,1450
1427,1453
1479,1470
1368,1462
1421,1501
1510,1429
1449,1446
1454,1445
1423,1482
1479,1520
1478,1499
1443,1504
1454,1519
1447,1517
1535,1529
1441,1507
1471,1580
1465,1480
1449,1513
1531,1535
1518,1524
1523,1518
1563,1563
1521,1526
1527,1608
1582,1535
1552,1622
1567,1596
1571,1600
1619,1570
1619,1578
1642,1594
1655,1644
1614,1581
1638,1616
1656,1591
1693,1593
1616,1636
1621,1646
1607,1659
1680,1663
1704,1670
1691,1660
1711,1637
1661,1670
1648,1696
1633,1657
1674,1696
1674,1634
1705,1618
1654,1631
1646,1640
1652,1603
1639,1637
1657,1615
1662,1629
1682,1613
1668,1598
1673,1618
1649,1627
1574,1572
1661,1564
1644,1581
1614,1645
1673,1549
1585,1603
1605,1579
1568,1562
1545,1559
1588,1551
1541,1552
1551,1547
1566,1543
1541,1521
1567,1514
1576,1524
1515,1475
1486,1537
1467,1482
1481,1508
1436,1483
1460,1499
1483,1471
1468,1444
1515,1463
1530,1445
1448,1505
1440,1480
1462,1418
1399,1427
1417,1420
1471,1493
1437,1464
1457,1431
1466,1488
1412,1462
1400,1447
1407,1455
1458,1478
1389,1462
1469,1465
1456,1451
1432,1538
1485,1459
1497,1495
1441,1503
1457,1518
1446,1485
1448,1490
1492,1492
1497,1562
1546,1492
1479,1563
1513,1551
1539,1527
1534,1562
1506,1553
1526,1582
1537,1545
1503,1528
1596,1617
1568,1601
1613,1615
1590,1637
1611,1614
1623,1600
1620,1631
1597,1583
1612,1640
1605,1687
1640,1656
1614,1668
1641,1635
1684,1623
1706,1603
1628,1629
1650,1658
1681,1651
1667,1683
1682,1666
1678,1672
1665,1645
1598,1644
1683,1631
1635,1649
1623,1614
1614,1619
1650,1644
1633,1583
1579,1678
1646,1601
1635,1662
1635,1632
1634,1599
1625,1590
1566,1575
1581,1596
1622,1577
1564,1578
1532,1582
1620,1531
1547,1562
1579,1524
1545,1524
1573,1493
1537,1531
1540,1532
1552,1576
1580,1534
1493,1483
1485,1476
1520,1510
1527,1477
1506,1470
1478,1460
1485,1495
1484,1454
1434,1452
1465,1450
1510,1431
1425,1424
1424,1446
1380,1431
1432,1469
1386,1462
1436,1427
1468,1452
1449,1461
1454,1476
1445,1439
1441,1471
1385,1453
1460,1465
1469,1437
1413,1424
1397,1486
1481,1498
1425,1499
1491,1451
1469,1491
1426,1490
1466,1466
1482,1461
1536,1485
1491,1506
1470,1518
1469,1559
1544,1557
1573,1528
1540,1560
1539,1577
1537,1554
1558,1563
1503,1518
1559,1572
1536,1568
1568,1585
1514,1611
1559,1628
1601,1593
1628,1616
1624,1591
1654,1646
1661,1607
1576,1628
1577,1649
1565,1668
1647,1609
1638,1655
1633,1611
1679,1673
1704,1696
1667,1663
1687,1669
1644,1695
1621,1628
1660,1649
1654,1675
1652,1663
1671,1639
1680,1626
1620,1608
1689,1582
1682,1627
1681,1599
1677,1634
1631,1583
1648,1618
1618,1633
1626,1614
1663,1606
1625,1615
1609,1590
1615,1587
1587,1554
1629,1553
1633,1561
1608,1582
1536,1505
1523,1513
1500,1535
1510,1523
1560,1482
1540,1516
1471,1491
1464,1529
1508,1506
1505,1515
1521,1494
1500,1461
1518,1419
1447,1452
1494,1469
1409,1469
1488,1488
1399,1424
1428,1422
1484,1456
1441,1438
1445,1412
1446,1401
1460,1397
1458,1404
1448,1432
1386,1464
1444,1381
1450,1439
1437,1427
1410,1442
1460,1474
1435,1466
1405,1435
1510,1467
1427,1466
1507,1455
1462,1483
1409,1473
1514,1534
1468,1488
1451,1528
1484,1498
1474,1547
1520,1548
1500,1517
1491,1582
1583,1543
1539,1591
1567,1558
1520,1564
1582,1589
1577,1580
1586,1562
1586,1579
1601,1592
1581,1549
1564,1581
1626,1604
1607,1643
1609,1672
1618,1715
1656,1619
1631,1663
1604,1642
1657,1665
1647,1597
1614,1660
1658,1675
1698,1677
1703,1654
1711,1642
1698,1635
1698,1703
1599,1632
1626,1629
1674,1702
1697,1683
1673,1595
1617,1643
1622,1621
1614,1618
1645,1624
1617,1581
1601,1617
1636,1612
1585,1645
1640,1603
1622,1593
1599,1582
1634,1555
1609,1560
1575,1558
1617,1580
1615,1555
1570,1566
1573,1541
1561,1481
1558,1518
1545,1441
1430,1529
1496,1516
1512,1491
1477,1472
1475,1500
1497,1493
1475,1448
1491,1487
1432,1470
1477,1489
1476,1434
1452,1409
1428,1448
1470,1455
1413,1435
1437,1369
1450,1426
1408,1454
1446,1401
1423,1422
1426,1444
1373,1484
1416,1445
1450,1426
1497,1418
1425,1463
1449,1423
1459,1540
1349,1482
1434,1536
1507,1502
1522,1474
1435,1460
1483,1524
1501,1488
1538,1503
1517,1509
1513,1503
1527,1479
1490,1526
1467,1576
1534,1551
1558,1550
1571,1580
1539,1559
1540,1618
1629,1644
1617,1609
1537,1617
1623,1581
1602,1630
1608,1641
1578,1640
1664,1625
1623,1667
1662,1639
1634,1609
1646,1655
1617,1655
1633,1642
1679,1670
1615,1642
1673,1616
1669,1647
1638,1643
1658,1663
1689,1673
1702,1653
1672,1671
1638,1685
1647,1649
1685,1599
1644,1651
1691,1629
1675,1663
1723,1653
1684,1650
1638,1647
1721,1602
1647,1575
1640,1628
1634,1560
1606,1600
1610,1614
1576,1591
1605,1575
1585,1613
1556,1547
1594,1529
1602,1568
1616,1600
1533,1540
1562,1554
1514,1501
1517,1562
1518,1519
1555,1496
1525,1540
1447,1520
1505,1472
1450,1482
1530,1437
1452,1443
1452,1486
1442,1478
1456,1426
1453,1454
1434,1499
1468,1442
1415,1435
1453,1441
1440,1437
1388,1410
1466,1412
1379,1467
1431,1443
1437,1420
1446,1456
1455,1453
1430,1480
1393,1437
1435,1456
1428,1475
1410,1453
1488,1506
1429,1490
1458,1463
1445,1480
1463,1461
1490,1527
1483,1495
1523,1517
1521,1551
1527,1535
1540,1539
1521,1520
1531,1590
1551,1528
1546,1558
1529,1597
1541,1579
1570,1573
1599,1604
1527,1627
1520,1629
1668,1592
1613,1613
1638,1623
1629,1599
1658,1629
1611,1680
1624,1629
1644,1647
1633,1683
1704,1611
1687,1624
1677,1632
1676,1698
1658,1629
1719,1694
1628,1645
1668,1593
1712,1627
1665,1608
1623,1617
1732,1622
1634,1631
1702,1654
1713,1627
1659,1651
1659,1675
1601,1656
1690,1577
1696,1632
1628,1588
1624,1544
1656,1557
1592,1595
1614,1600
1617,1584
1600,1589
1590,1569
1525,1575
1506,1532
1596,1553
1518,1543
1537,1561
1561,1507
1465,1510
1535,1544
1568,1523
1475,1476
1470,1429
1499,1509
1482,1524
1444,1483
1482,1386
1468,1484
1477,1463
1483,1441
1390,1401
1456,1420
1433,1408
1440,1468
1399,1453
1429,1370
1446,1400
1375,1416
1415,1459
1448,1445
1425,1431
1437,1465
1427,1434
1468,1451
1458,1439
1413,1457
1461,1480
1381,1508
1454,1486
1402,1423
1430,1490
1444,1463
1452,1498
1522,1531
1558,1511
1537,1523
1490,1516
1483,1507
1508,1578
1537,1523
1558,1528
1529,1561
1500,1585
1556,1601
1559,1540
1553,1563
1553,1596
1568,1603
1638,1588
1585,1673
1639,1622
1561,1667
1612,1665
1578,1632
1665,1617
1624,1634
1628,1630
1635,1668
1676,1657
1655,1702
1662,1677
1677,1643
1686,1640
1650,1709
1703,1627
1683,1673
1711,1662
1725,1692
1676,1625
1631,1677
1668,1667
1635,1634
1639,1668
1653,1637
1685,1604
1642,1617
1678,1639
1654,1621
1641,1597
1670,1616
1624,1591
1582,1594
1634,1606
1575,1646
1629,1527
1563,1542
1604,1545
1590,1509
1592,1555
1576,1567
1562,1495
1556,1558
1511,1525
1536,1537
1541,1469
1507,1495
1508,1466
1502,1568
1505,1419
1445,1467
1468,1490
1483,1438
1464,1470
1462,1428
1410,1489
1457,1468
1447,1421
1410,1449
1448,1427
1457,1424
1437,1482
1489,1387
1395,1478
1460,1403
1382,1443
1366,1410
1433,1434
1413,1442
1463,1442
1430,1465
1468,1442
1445,1420
1389,1446
1430,1447
1440,1488
1415,1491
1447,1478
1467,1456
1471,1501
1497,1523
1491,1511
1497,1530
1523,1500
1499,1509
1530,1535
1549,1576
1494,1574
1537,1578
1472,1603
1569,1639
1626,1561
1601,1623
1648,1632
1614,1617
1616,1614
1580,1617
1667,1633
1631,1620
1644,1655
1600,1675
1634,1643
1697,1658
1685,1675
1682,1670
1678,1705
1634,1651
1714,1644
1601,1688
1732,1611
1677,1653
1676,1625
1671,1672
1720,1654
1677,1600
1694,1680
1687,1702
1698,1660
1704,1677
1666,1624
1640,1667
1633,1659
1613,1647
1625,1610
1668,1584
1618,1599
1647,1619
1575,1590
1611,1579
1591,1602
1581,1573
1570,1553
1614,1550
1562,1549
1529,1523
1608,1519
1535,1565
1511,1518
1540,1505
1486,1540
1500,1447
1522,1449
1478,1529
1456,1484
1455,1465
1491,1447
1443,1471
1473,1482
1470,1447
1443,1434
1397,1433
1431,1423
1359,1500
1402,1453
1449,1448
1438,1420
1434,1426
1399,1411
1402,1412
1465,1425
1397,1407
1433,1442
1386,1411
1439,1454
1377,1429
1460,1463
1469,1400
1421,1460
1439,1503
1368,1472
1438,1448
1434,1436
1448,1472
1452,1460
1476,1515
1508,1536
1458,1529
1472,1544
1524,1521
1489,1540
1492,1504
1453,1562
1560,1526
1513,1558
1548,1514
1587,1576
1587,1562
1522,1539
1648,1621
1590,1655
1617,1651
1590,1604
1615,1646
1626,1606
1570,1691
1636,1590
1677,1639
1666,1667
1662,1613
1665,1669
1676,1679
1684,1677
1641,1700
1692,1674
1621,1656
1686,1659
1695,1651
1654,1696
1703,1712
1722,1702
1739,1657
1679,1664
1653,1653
1642,1696
1641,1598
1666,1613
1659,1605
1645,1624
1631,1626
1638,1592
1675,1592
1599,1588
1662,1620
1610,1603
1618,1541
1598,1586
1559,1582
1495,1566
1591,1568
1578,1534
1516,1503
1534,1484
1555,1505
1526,1524
1550,1462
1495,1514
1480,1501
1471,1456
1510,1499
1504,1446
1486,1461
1446,1495
1478,1460
1487,1488
1445,1463
1391,1452
1473,1410
1393,1453
1398,1417
1463,1405
1430,1422
1423,1419
1388,1455
1426,1425
1422,1419
1371,1410
1407,1422
1416,1465
1470,1427
1399,1470
1456,1467
1410,1439
1415,1508
1444,1440
1455,1490
1451,1484
1443,1486
1507,1488
1509,1508
1449,1505
1473,1521
1504,1563
1509,1502
1544,1553
1499,1598
1508,1558
1533,1546
1544,1523
1557,1581
1603,1547
1554,1609
1594,1556
1617,1626
1610,1629
1580,1599
1636,1608
1642,1663
1646,1672
1598,1662
1626,1615
1707,1675
1623,1612
1637,1687
1596,1664
1747,1671
1682,1656
1643,1654
1663,1697
1726,1661
1710,1687
1670,1669
1663,1659
1693,1717
1633,1656
1678,1687
1684,1631
1664,1641
1682,1635
1673,1632
1658,1678
1686,1659
1627,1588
1662,1643
1622,1613
1662,1595
1590,1610
1704,1576
1629,1603
1578,1595
1613,1618
1587,1615
1577,1558
1540,1567
1547,1545
1609,1525
1565,1555
1492,1541
1525,1569
1527,1504
1483,1521
1500,1442
1496,1492
1520,1465
1526,1472
1500,1494
1402,1474
1490,1466
1442,1427
1468,1455
1413,1427
1374,1477
1381,1412
1397,1486
1435,1410
1425,1450
1392,1445
1474,1417
1401,1378
1426,1451
1432,1482
1422,1385
1428,1383
1406,1395
1431,1418
1439,1410
1437,1414
1445,1443
1417,1498
1486,1409
1425,1472
1498,1460
1394,1459
1474,1509
1479,1537
1523,1518
1499,1532
1475,1500
1501,1511
1516,1533
1524,1597
1554,1521
1548,1556
1566,1584
1509,1592
1569,1569
1619,1605
1562,1590
1584,1601
1608,1635
1547,1658
1568,1573
1644,1640
1663,1632
1709,1685
1683,1650
1653,1655
1658,1682
1670,1695
1653,1640
1722,1645
1641,1664
1703,1638
1664,1655
1703,1685
1656,1689
1695,1685
1664,1686
1632,1659
1703,1653
1658,1685
1625,1670
1686,1652
1703,1657
1681,1638
1664,1679
1702,1613
1701,1667
1674,1619
1665,1600
1662,1618
1638,1631
1598,1636
1610,1533
1562,1579
1544,1547
1555,1623
1569,1556
1548,1557
1601,1545
1555,1549
1526,1518
1579,1519
1442,1538
1515,1495
1509,1496
1509,1494
1455,1497
1488,1479
1467,1480
1437,1415
1491,1406
1481,1483
1408,1462
1417,1391
1393,1431
1482,1407
1385,1415
1420,1469
1446,1454
1372,1427
1415,1449
1394,1422
1389,1396
1342,1341
1390,1487
1417,1411
1387,1443
1387,1451
1465,1472
1439,1466
1383,1455
1394,1482
1441,1482
1427,1440
1408,1457
1427,1443
1479,1411
1462,1561
1477,1520
1476,1497
1464,1511
1518,1569
1501,1539
1518,1512
1506,1562
1513,1560
1566,1535
1558,1561
1548,1582
1562,1604
1605,1582
1548,1604
1640,1625
1543,1637
1593,1602
1618,1634
1669,1633
1622,1630
1644,1637
1655,1657
1657,1674
1645,1679
1662,1628
1705,1682
1673,1690
1681,1638
1672,1690
1673,1695
1709,1681
1707,1705
1707,1681
1713,1657
1677,1657
1693,1654
1708,1692
1705,1642
1699,1641
1728,1604
1666,1629
1699,1654
1671,1667
1655,1621
1701,1603
1640,1670
1610,1629
1666,1598
1584,1591
1624,1557
1598,1610
1601,1578
1586,1503
1621,1575
1527,1556
1559,1533
1580,1553
1506,1513
1519,1472
1536,1503
1452,1459
1515,1465
1493,1507
1489,1483
1510,1512
1445,1474
1452,1404
1450,1454
1468,1448
1406,1451
1453,1459
1429,1428
1379,1430
1449,1442
1421,1425
1449,1441
1412,1435
1441,1478
1426,1393
1406,1442
1413,1385
1381,1415
1419,1367
1413,1460
1460,1432
1423,1478
1378,1447
1498,1435
1474,1484
1419,1435
1406,1462
1465,1471
1488,1475
1524,1523
1440,1500
1437,1476
1454,1529
1495,1504
1476,1511
1496,1512
1541,1532
1526,1527
1506,1539
1538,1570
1562,1609
1610,1647
1536,1576
1609,1605
1605,1602
1590,1634
1615,1589
1641,1622
1634,1644
1603,1658
1642,1668
1701,1638
1667,1679
1720,1659
1663,1672
1687,1644
1645,1694
1677,1686
1670,1691
1626,1618
1645,1682
1692,1634
1662,1661
1657,1709
1633,1659
1701,1673
1691,1715
1665,1618
1707,1693
1695,1657
1653,1621
1657,1657
1667,1637
1652,1645
1693,1630
1653,1654
1668,1625
1637,1603
1623,1564
1621,1609
1593,1597
1604,1583
1571,1570
1541,1520
1538,1577
1569,1550
1574,1570
1537,1498
1571,1496
1528,1519
1491,1485
1528,1524
1491,1482
1574,1459
1486,1450
1521,1462
1452,1439
1427,1470
1418,1443
1478,1458
1496,1433
1422,1426
1470,1440
1406,1444
1444,1399
1367,1439
1370,1409
1314,1426
1397,1440
1383,1427
1376,1434
1378,1423
1442,1395
1358,1401
1382,1416
1411,1405
1426,1484
1415,1475
1412,1447
1403,1459
1416,1427
1445,1462
1463,1457
1453,1456
1479,1489
1490,1486
1459,1546
1505,1531
1531,1512
1507,1488
1553,1536
1527,1544
1518,1526
1534,1592
1509,1584
1563,1636
1564,1585
1565,1605
1578,1638
1595,1618
1589,1593
1621,1593
1586,1616
1597,1651
1649,1661
1611,1637
1705,1623
1641,1648
1742,1674
1682,1713
1655,1667
1701,1665
1619,1667
1662,1689
1677,1724
1724,1691
1770,1679
1729,1621
1720,1697
1660,1715
1675,1669
1676,1674
1705,1686
1692,1660
1706,1613
1761,1684
1663,1606
1683,1637
1658,1645
1647,1670
1680,1578
1624,1605
1650,1631
1604,1581
1655,1551
1637,1595
1632,1591
1583,1575
1626,1587
1619,1510
1576,1518
1545,1516
1561,1513
1520,1485
1475,1494
1503,1506
1502,1455
1479,1507
1485,1489
1492,1491
1445,1451
1482,1439
1516,1416
1432,1502
1461,1474
1428,1431
1389,1430
1448,1433
1446,1400
1439,1420
1430,1394
1383,1435
1383,1432
1426,1411
1384,1382
1399,1449
1396,1404
1376,1518
1387,1425
1397,1384
1370,1430
1350,1405
1436,1475
1405,1452
1390,1450
1455,1459
1412,1461
1471,1462
1469,1464
1410,1559
1473,1508
1500,1538
1499,1556
1528,1503
1461,1499
1560,1564
1514,1581
1551,1524
1533,1551
1592,1570
1541,1590
1565,1547
1634,1558
1649,1619
1614,1613
1666,1630
1616,1646
1626,1660
1613,1689
1701,1645
1661,1687
1674,1679
1694,1632
1696,1633
1642,1665
1741,1649
1681,1739
1760,1700
1710,1650
1706,1671
1702,1685
1680,1744
1717,1703
1674,1672
1725,1628
1709,1699
1716,1640
1685,1648
1706,1681
1713,1658
1677,1612
1725,1690
1632,1640
1668,1608
1610,1628
1680,1647
1617,1645
1702,1628
1644,1561
1642,1610
1634,1580
1593,1569
1595,1572
1569,1541
1589,1502
1566,1568
1501,1502
1570,1486
1512,1486
1554,1513
1491,1506
1526,1431
1525,1504
1488,1463
1492,1471
1487,1452
1447,1441
1507,1488
1478,1430
1431,1445
1435,1454
1432,1412
1412,1441
1419,1445
1435,1426
1426,1418
1431,1450
1382,1432
1390,1423
1399,1415
1374,1410
1405,1394
1411,1427
1389,1363
1421,1425
1397,1380
1402,1454
1411,1480
1446,1500
1425,1422
1482,1419
1435,1440
1422,1529
1487,1495
1445,1500
1471,1478
1452,1503
1500,1520
1564,1544
1516,1516
1532,1544
1466,1573
1539,1567
1582,1588
1566,1564
1585,1626
1548,1621
1537,1600
1559,1566
1642,1623
1572,1653
1636,1679
1581,1658
1576,1626
1645,1650
1636,1638
1643,1639
1644,1626
1656,1643
1687,1708
1699,1710
1695,1716
1608,1678
1720,1715
1657,1665
1691,1686
1676,1694
1753,1691
1702,1686
1663,1655
1679,1680
1709,1662
1699,1654
1766,1663
1645,1640
1661,1605
1699,1625
1731,1599
1659,1580
1630,1655
1695,1623
1666,1584
1625,1602
1583,1564
1617,1571
1592,1581
1601,1601
1599,1576
1570,1508
1536,1523
1558,1516
1537,1535
1547,1543
1517,1530
1529,1532
1530,1453
1531,1502
1475,1449
1505,1471
1496,1502
1452,1424
1449,1449
1502,1475
1413,1485
1408,1420
1430,1395
1476,1452
1396,1441
1432,1420
1406,1409
1421,1461
1375,1456
1391,1434
1385,1421
1393,1413
1369,1460
1373,1426
1366,1438
1385,1387
1394,1402
1423,1395
1437,1413
1442,1486
1407,1431
1414,1443
1498,1466
1469,1480
1442,1487
1454,1473
1495,1498
1459,1541
1530,1502
1472,1574
1512,1553
1500,1546
1526,1587
1558,1551
1537,1536
1536,1599
1590,1612
1548,1597
1585,1562
1539,1608
1639,1619
1593,1613
1615,1658
1618,1587
1627,1657
1609,1645
1688,1689
1687,1659
1666,1636
1685,1671
1695,1605
1675,1711
1639,1675
1671,1670
1685,1660
1680,1696
1632,1702
1757,1699
1702,1738
1666,1689
1725,1684
1721,1679
1692,1719
1720,1656
1674,1621
1672,1673
1687,1677
1685,1646
1677,1652
1707,1629
1630,1665
1716,1615
1613,1598
1658,1583
1622,1578
1651,1609
1573,1538
1570,1606
1627,1586
1600,1545
1617,1577
1565,1561
1567,1516
1577,1533
1520,1465
1551,1501
1493,1525
1520,1502
1457,1465
1576,1481
1513,1434
1439,1491
1429,1409
1505,1441
1418,1450
1441,1375
1440,1458
1361,1441
1438,1431
1384,1407
1360,1392
1381,1397
1418,1406
1344,1410
1433,1400
1406,1405
1421,1391
1343,1443
1387,1377
1426,1420
1409,1416
1404,1396
1382,1448
1441,1446
1405,1467
1389,1428
1407,1472
1411,1496
1406,1500
1434,1503
1416,1469
1444,1468
1523,1532
1484,1549
1530,1557
1491,1576
1500,1555
1557,1589
1572,1546
1568,1607
1549,1592
1556,1615
1587,1590
1608,1598
1596,1593
1581,1604
1658,1634
1636,1631
1610,1639
1623,1667
1616,1613
1704,1674
1703,1620
1642,1677
1691,1715
1667,1693
1633,1678
1685,1711
1730,1669
1673,1654
1714,1686
1660,1655
1755,1722
1766,1688
1702,1669
1699,1660
1667,1671
1703,1637
1604,1674
1634,1684
1707,1664
1672,1610
1651,1651
1612,1680
1677,1640
1737,1664
1625,1574
1704,1608
1624,1646
1626,1549
1619,1579
1602,1561
1625,1543
1588,1577
1543,1502
1587,1570
1519,1549
1553,1523
1571,1517
1472,1496
1549,1514
1527,1505
1534,1497
1497,1488
1476,1482
1483,1439
1442,1471
1488,1401
1443,1484
1479,1412
1444,1445
1424,1353
1432,1428
1414,1383
1408,1415
1412,1451
1403,1455
1409,1446
1376,1448
1341,1468
1383,1393
1382,1433
1402,1410
1395,1420
1425,1434
1465,1404
1428,1436
1408,1465
1413,1455
1467,1456
1386,1436
1432,1474
1414,1484
1420,1440
1415,1495
1448,1474
1507,1537
1488,1525
1470,1472
1536,1508
1519,1520
1513,1538
1539,1550
1516,1521
1529,1605
1536,1595
1571,1605
1578,1582
1555,1582
1606,1594
1548,1657
1594,1631
1650,1634
1578,1630
1649,1654
1625,1693
1646,1662
1651,1661
1698,1670
1661,1698
1665,1684
1729,1625
1675,1712
1710,1707
1685,1695
1725,1679
1716,1648
1699,1705
1680,1720
1690,1697
1712,1616
1701,1704
1711,1685
1645,1675
1691,1636
1714,1655
1624,1644
1664,1703
1642,1684
1637,1639
1682,1635
1622,1625
1663,1594
1643,1602
1648,1587
1624,1580
1567,1598
1581,1567
1594,1509
1591,1553
1599,1550
1543,1525
1528,1546
1487,1529
1510,1452
1538,1440
1532,1491
1484,1454
1503,1466
1469,1492
1449,1428
1494,1465
1406,1496
1411,1459
1446,1450
1497,1423
1442,1469
1396,1424
1400,1394
1392,1409
1442,1441
1339,1436
1399,1378
1390,1458
1383,1406
1384,1456
1412,1461
1357,1383
1378,1398
1410,1423
1428,1434
1480,1432
1390,1459
1384,1479
1432,1447
1390,1452
1450,1447
1386,1498
1432,1484
1420,1486
1427,1509
1481,1509
1438,1579
1467,1515
1503,1507
1527,1503
1513,1543
1563,1542
1516,1574
1615,1557
1562,1544
1542,1608
1593,1610
1555,1599
1588,1595
1616,1636
1621,1636
1665,1663
1632,1645
1623,1668
1640,1666
1658,1646
1708,1656
1674,1659
1682,1680
1662,1698
1665,1690
1655,1678
1643,1703
1695,1696
1664,1727
1706,1712
1704,1647
1755,1658
1724,1658
1736,1691
1662,1669
1742,1656
1701,1667
1659,1692
1693,1638
1632,1667
1698,1618
1649,1669
1653,1641
1685,1640
1616,1602
1636,1631
1631,1617
1600,1587
1565,1623
1568,1594
1565,1563
1553,1552
1585,1499
1577,1548
1572,1524
1514,1506
1568,1486
1560,1471
1483,1439
1513,1535
1488,1450
1531,1490
1453,1485
1514,1466
1420,1482
1500,1442
1499,1411
1425,1443
1464,1440
1495,1428
1406,1407
1365,1415
1448,1422
1443,1385
1449,1347
1427,1448
1369,1428
1380,1427
1435,1421
1389,1366
1387,1428
1377,1407
1415,1450
1402,1450
1429,1420
1398,1419
1430,1424
1417,1387
1426,1527
1475,1462
1471,1460
1419,1510
1398,1514
1503,1485
1438,1500
1477,1521
1509,1491
1475,1544
1541,1555
1571,1571
1515,1549
1524,1546
1562,1584
1586,1579
1582,1562
1579,1609
1684,1633
1596,1634
1677,1671
1614,1614
1641,1688
1644,1661
1687,1636
1630,1617
1658,1695
1710,1663
1666,1658
1653,1717
1696,1698
1693,1637
1729,1706
1739,1655
1689,1669
1679,1715
1672,1676
1708,1711
1709,1657
1653,1670
1715,1674
1726,1655
1723,1679
1704,1698
1701,1643
1687,1628
1654,1661
1662,1629
1623,1637
1706,1624
1651,1655
1625,1586
1558,1627
1597,1590
1646,1548
1571,1556
1630,1600
1567,1620
1588,1543
1555,1541
1600,1530
1620,1508
1564,1541
1543,1513
1543,1516
1542,1528
1523,1442
1474,1444
1460,1491
1485,1441
1473,1429
1508,1415
1425,1432
1469,1444
1424,1494
1415,1424
1417,1452
1354,1407
1436,1407
1387,1423
1377,1364
1401,1421
1415,1403
1430,1399
1423,1434
1390,1445
1396,1435
1419,1426
1386,1408
1363,1428
1366,1410
1366,1388
1416,1416
1366,1444
1496,1462
1392,1483
1425,1436
1454,1494
1502,1494
1468,1544
1494,1488
1498,1523
1479,1489
1489,1507
1493,1515
1535,1556
1528,1536
1513,1574
1546,1576
1528,1586
1515,1590
1603,1597
1602,1627
1637,1613
1613,1608
1702,1624
1553,1636
1609,1642
1644,1630
1672,1642
1677,1626
1649,1630
1684,1667
1707,1682
1653,1651
1683,1651
1656,1676
1696,1689
1677,1692
1678,1701
1733,1705
1710,1707
1657,1694
1678,1639
1721,1685
1659,1678
1672,1706
1749,1668
1705,1650
1697,1657
1747,1654
1691,1614
1694,1597
1609,1656
1633,1589
1623,1591
1654,1622
1555,1615
1573,1617
1606,1608
1540,1559
1577,1569
1538,1548
1590,1545
1593,1499
1563,1532
1576,1547
1520,1481
1599,1539
1525,1494
1481,1474
1515,1439
1513,1539
1509,1477
1505,1461
1446,1457
1488,1449
1454,1465
1439,1405
1465,1434
1408,1415
1429,1401
1372,1417
1434,1396
1407,1414
1376,1367
1420,1436
1370,1403
1420,1401
1418,1443
1401,1457
1378,1424
1383,1421
1423,1421
1376,1396
1402,1499
1403,1480
1392,1477
1442,1459
1458,1435
1442,1497
1497,1481
1435,1452
1457,1476
1464,1503
1475,1515
1500,1484
1540,1505
1464,1543
1541,1520
1530,1591
1526,1537
1582,1569
1594,1589
1572,1567
1546,1624
1588,1581
1541,1594
1577,1580
1668,1624
1594,1637
1592,1614
1638,1596
1579,1643
1687,1658
1676,1650
1670,1644
1636,1676
1652,1628
1692,1708
1705,1657
1634,1669
1602,1674
1691,1694
1663,1737
1688,1682
1690,1719
1718,1734
1727,1659
1737,1652
1707,1682
1695,1679
1674,1659
1673,1639
1647,1688
1668,1668
1632,1690
1620,1643
1627,1686
1650,1621
1643,1637
1654,1627
1647,1612
1582,1582
1605,1602
1550,1579
1609,1598
1626,1540
1600,1544
1538,1542
1537,1524
1518,1544
1520,1511
1470,1489
1538,1509
1495,1481
1523,1444
1451,1453
1470,1446
1518,1449
1468,1409
1457,1432
1422,1428
1382,1479
1440,1417
1407,1441
1437,1430
1402,1459
1372,1453
1432,1423
1371,1383
1410,1439
1416,1375
1362,1431
1384,1432
1379,1389
1320,1437
1390,1370
1408,1421
1335,1383
1407,1447
1411,1435
1379,1422
1398,1424
1461,1450
1406,1494
1425,1541
1434,1470
1466,1494
1451,1504
1492,1483
1448,1466
1480,1541
1580,1515
1535,1542
1519,1540
1534,1522
1529,1537
1560,1572
1557,1583
1574,1552
1559,1639
1598,1588
1628,1633
1643,1664
1649,1638
1629,1619
1654,1628
1628,1650
1633,1656
1643,1624
1671,1638
1718,1714
1606,1723
1669,1656
1696,1703
1680,1713
1674,1680
1692,1717
1717,1713
1757,1717
1714,1665
1702,1682
1727,1621
1666,1669
1700,1698
1719,1655
1665,1642
1655,1636
1669,1665
1687,1656
1604,1645
1635,1618
1668,1636
1642,1613
1691,1534
1721,1590
1642,1569
1609,1584
1649,1558
1633,1520
1555,1585
1598,1593
1619,1564
1607,1542
1548,1521
1589,1493
1571,1517
1519,1509
1505,1418
1486,1542
1492,1508
1414,1499
1434,1431
1461,1427
1411,1416
1424,1423
1459,1484
1454,1392
1425,1441
1478,1428
1458,1424
1389,1434
1361,1413
1392,1466
1491,1424
1445,1387
1398,1450
1378,1440
1396,1450
1443,1448
1424,1450
1409,1403
1345,1424
1392,1480
1410,1482
1439,1434
1418,1503
1369,1404
1380,1446
1451,1486
1430,1466
1417,1489
1464,1517
1477,1479
1499,1555
1520,1448
1504,1524
1510,1562
1511,1569
1550,1543
1518,1568
1538,1542
1572,1603
1560,1503
1606,1595
1600,1650
1613,1628
1608,1581
1619,1610
1595,1627
1642,1631
1647,1615
1627,1668
1647,1632
1658,1644
1661,1668
1641,1710
1639,1695
1734,1660
1674,1690
1640,1659
1692,1731
1716,1670
1709,1634
1740,1642
1679,1643
1649,1704
1697,1688
1680,1675
1711,1650
1700,1658
1686,1689
1668,1670
1732,1651
1703,1648
1696,1654
1627,1672
1632,1534
1594,1598
1677,1599
1648,1582
1611,1584
1597,1629
1590,1602
1594,1562
1597,1551
1582,1559
1566,1534
1574,1545
1522,1497
1550,1545
1504,1480
1477,1500
1560,1467
1483,1486
1497,1472
1494,1434
1504,1494
1455,1448
1436,1455
1444,1431
1458,1416
1438,1407
1404,1463
1398,1395
1385,1460
1430,1391
1429,1411
1429,1410
1378,1444
1383,1394
1375,1428
1438,1479
1348,1412
1369,1405
1424,1439
1394,1396
1405,1437
1424,1451
1432,1423
1395,1418
1419,1500
1455,1522
1487,1467
1448,1460
1443,1459
1449,1488
1427,1492
1461,1489
1491,1545
1457,1563
1545,1527
1521,1545
1586,1516
1583,1534
1593,1559
1560,1603
1541,1571
1548,1622
1626,1580
1569,1627
1632,1568
1643,1582
1647,1641
1647,1636
1640,1626
1638,1680
1637,1650
1625,1661
1672,1667
1684,1727
1652,1646
1695,1680
1665,1647
1668,1690
1761,1715
1685,1734
1714,1687
1746,1688
1720,1647
1638,1672
1707,1709
1668,1716
1685,1632
1669,1682
1700,1635
1695,1695
1637,1666
1697,1657
1644,1658
1728,1653
1623,1618
1610,1663
1647,1646
1687,1638
1606,1614
1609,1541
1654,1506
1626,1590
1550,1566
1573,1532
1571,1547
1552,1537
1545,1538
1564,1484
1553,1532
1470,1477
1495,1495
1486,1543
1443,1478
1487,1488
1449,1450
1495,1470
1459,1440
1434,1444
1445,1438
1461,1426
1463,1433
1413,1395
1475,1435
1357,1423
1369,1407
1406,1414
1396,1433
1409,1409
1428,1414
1460,1410
1436,1448
1426,1387
1427,1405
1452,1446
1418,1463
1436,1458
1459,1438
1415,1483
1457,1425
1490,1455
1434,1485
1457,1521
1459,1496
1494,1494
1491,1498
1466,1472
1428,1548
1469,1531
1453,1521
1485,1560
1499,1545
1545,1600
1582,1572
1495,1570
1554,1614
1581,1586
1551,1599
1575,1612
1637,1621
1624,1617
1596,1621
1689,1638
1608,1629
1606,1638
1622,1624
1632,1659
1689,1674
1651,1711
1681,1682
1685,1678
1677,1671
1667,1665
1684,1683
1735,1752
1632,1699
1674,1729
1645,1657
1668,1613
1717,1675
1681,1684
1692,1670
1706,1720
1667,1639
1650,1651
1664,1617
1675,1628
1651,1633
1722,1650
1708,1630
1634,1561
1649,1598
1628,1579
1628,1593
1647,1629
1583,1543
1583,1585
1580,1588
1544,1513
1568,1580
1538,1549
1568,1533
1520,1491
1481,1556
1550,1485
1496,1502
1474,1497
1490,1483
1532,1450
1529,1430
1534,1473
1482,1462
1487,1508
1470,1424
1470,1423
1443,1455
1406,1436
1452,1390
1421,1383
1365,1415
1438,1375
1433,1464
1382,1447
1353,1401
1421,1413
1358,1452
1346,1435
1407,1399
1331,1408
1452,1441
1425,1373
1402,1430
1346,1456
1422,1495
1445,1490
1434,1479
1371,1494
1420,1476
1440,1456
1404,1508
1465,1483
1429,1520
1476,1535
1485,1583
1525,1519
1563,1464
1517,1566
1559,1584
1565,1578
1508,1530
1580,1555
1561,1558
1571,1574
1620,1642
1639,1566
1579,1684
1629,1647
1620,1659
1587,1627
1682,1648
1622,1653
1658,1720
1664,1700
1661,1645
1615,1670
1673,1653
1644,1641
1713,1635
1713,1716
1626,1656
1663,1626
1656,1703
1691,1671
1701,1699
1685,1689
1718,1660
1710,1709
1640,1668
1643,1627
1678,1668
1623,1635
1662,1599
1658,1639
1665,1633
1661,1597
1627,1604
1663,1638
1666,1587
