ch1,ch2
1442,1467
1473,1477
1475,1468
1447,1458
1451,1455
1466,1468
1441,1478
1457,1455
1468,1483
1454,1478
1452,1485
1479,1483
1464,1470
1471,1496
1467,1489
1492,1482
1505,1494
1490,1507
1472,1498
1498,1507
1483,1498
1477,1479
1490,1504
1498,1499
1508,1488
1486,1502
1521,1489
1470,1500
1513,1510
1510,1514
1519,1514
1487,1494
1509,1523
1513,1507
1501,1513
1502,1524
1524,1514
1529,1519
1523,1525
1537,1512
1517,1526
1511,1529
1534,1535
1519,1536
1509,1513
1555,1528
1532,1547
1533,1515
1527,1530
1542,1528
1516,1532
1517,1536
1506,1524
1554,1509
1533,1529
1535,1540
1518,1531
1543,1508
1528,1516
1566,1541
1530,1512
1519,1518
1548,1537
1543,1529
1535,1533
1558,1552
1533,1535
1521,1526
1536,1544
1513,1550
1535,1547
1543,1512
1536,1532
1551,1534
1528,1512
1545,1536
1539,1531
1550,1512
1522,1521
1557,1521
1542,1531
1511,1527
1570,1498
1542,1526
1562,1529
1549,1511
1545,1523
1517,1501
1518,1510
1547,1522
1518,1509
1555,1517
1530,1510
1522,1515
1520,1501
1536,1508
1545,1528
1550,1521
1527,1520
1547,1506
1525,1490
1502,1497
1530,1515
1499,1511
1514,1508
1507,1490
1523,1497
1538,1490
1509,1504
1509,1492
1502,1489
1498,1478
1508,1475
1486,1473
1506,1487
1502,1465
1504,1487
1498,1493
1512,1478
1488,1477
1481,1472
1503,1480
1470,1473
1479,1481
1468,1466
1472,1465
1472,1456
1502,1462
1479,1468
1477,1468
1491,1486
1476,1463
1455,1463
1476,1457
1468,1453
1454,1435
1453,1465
1453,1451
1462,1441
1477,1448
1453,1435
1467,1442
1420,1431
1463,1451
1443,1411
1443,1448
1438,1426
1436,1434
1436,1438
1456,1405
1438,1435
1424,1435
1432,1402
1427,1401
1437,1420
1440,1402
1433,1406
1430,1422
1435,1389
1445,1414
1422,1405
1425,1415
1409,1401
1410,1411
1411,1405
1412,1398
1397,1399
1410,1408
1414,1386
1397,1391
1390,1394
1415,1395
1424,1368
1400,1372
1396,1405
1377,1381
1378,1394
1393,1403
1403,1378
1388,1383
1389,1380
1376,1380
1401,1364
1388,1366
1357,1393
1382,1372
1374,1387
1366,1373
1388,1372
1368,1357
1402,1376
1376,1351
1377,1376
1354,1399
1386,1373
1389,1358
1378,1377
1365,1357
1377,1369
1343,1357
1369,1356
1369,1362
1350,1353
1367,1377
1352,1367
1344,1334
1349,1368
1350,1376
1368,1379
1367,1370
1351,1384
1349,1363
1363,1379
1364,1405
1386,1357
1372,1356
1363,1374
1342,1384
1343,1366
1349,1370
1365,1378
1382,1394
1367,1383
1357,1388
1352,1360
1357,1373
1371,1367
1355,1353
1358,1360
1340,1388
1358,1362
1378,1384
1384,1377
1351,1370
1369,1371
1370,1377
1358,1388
1389,1378
1347,1398
1352,1391
1341,1377
1376,1384
1379,1408
1386,1403
1368,1407
1393,1387
1390,1393
1371,1399
1370,1392
1380,1419
1372,1400
1392,1390
1351,1405
1372,1398
1364,1422
1403,1409
1404,1398
1376,1413
1388,1421
1395,1418
1389,1404
1384,1403
1379,1415
1403,1412
1398,1400
1420,1413
1402,1427
1391,1423
1408,1431
1418,1408
1423,1442
1398,1439
1422,1440
1398,1460
1412,1449
1432,1429
1439,1452
1458,1450
1422,1444
1408,1450
1433,1464
1424,1443
1427,1455
1440,1463
1446,1463
1443,1470
1439,1480
1439,1464
1444,1437
1456,1473
1436,1480
1469,1501
1467,1466
1463,1461
1442,1497
1466,1490
1478,1493
1473,1477
1468,1484
1470,1485
1472,1478
1467,1483
1489,1494
1483,1487
1508,1488
1485,1481
1501,1513
1472,1490
1498,1499
1530,1478
1509,1514
1486,1515
1474,1512
1490,1499
1493,1508
1507,1522
1488,1501
1501,1509
1512,1507
1516,1526
1507,1525
1497,1512
1527,1508
1497,1516
1515,1510
1509,1527
1517,1515
1522,1555
1527,1508
1537,1523
1494,1518
1515,1537
1521,1539
1554,1538
1534,1516
1523,1524
1548,1520
1541,1502
1541,1543
1535,1518
1529,1538
1521,1515
1543,1532
1548,1535
1534,1532
1541,1534
1552,1542
1554,1516
1530,1540
1547,1533
1534,1545
1550,1519
1539,1539
1526,1540
1546,1529
1577,1520
1534,1536
1528,1517
1544,1529
1549,1524
1538,1529
1563,1520
1530,1517
1539,1520
1568,1533
1520,1537
1552,1537
1547,1536
1555,1520
1536,1525
1539,1528
1552,1512
1533,1541
1538,1540
1563,1526
1508,1519
1525,1526
1529,1525
1522,1522
1503,1532
1529,1525
1545,1508
1519,1509
1531,1512
1528,1517
1531,1499
1518,1521
1536,1507
1544,1491
1544,1518
1492,1500
1505,1502
1497,1514
1530,1502
1509,1489
1499,1505
1504,1465
1493,1489
1527,1484
1524,1485
1498,1488
1504,1491
1502,1495
1499,1476
1507,1486
1511,1480
1518,1480
1511,1489
1500,1482
1493,1482
1495,1447
1487,1455
1489,1460
1473,1479
1491,1453
1491,1472
1523,1464
1472,1467
1482,1464
1474,1467
1486,1445
1481,1466
1463,1428
1476,1470
1464,1450
1484,1443
1480,1422
1419,1436
1495,1440
1431,1435
1449,1430
1425,1417
1465,1438
1452,1423
1443,1411
1438,1425
1417,1433
1446,1428
1444,1416
1426,1433
1431,1424
1443,1404
1415,1438
1438,1432
1427,1428
1405,1393
1417,1411
1418,1394
1429,1400
1414,1408
1398,1399
1417,1409
1417,1414
1396,1404
1410,1410
1397,1402
1420,1379
1408,1390
1397,1386
1396,1402
1384,1396
1398,1392
1396,1386
1396,1383
1378,1393
1392,1375
1376,1382
1386,1360
1383,1384
1375,1393
1379,1375
1346,1370
1382,1379
1368,1382
1373,1360
1375,1366
1384,1364
1375,1373
1376,1372
1370,1363
1357,1387
1364,1359
1386,1351
1395,1354
1382,1368
1357,1377
1372,1379
1369,1380
1347,1377
1376,1384
1368,1351
1364,1350
1342,1353
1320,1358
1361,1355
1360,1371
1371,1342
1375,1371
1341,1351
1376,1369
1343,1361
1370,1376
1339,1358
1362,1368
1346,1362
1355,1377
1363,1352
1351,1390
1351,1360
1357,1366
1353,1341
1344,1375
1349,1369
1359,1381
1349,1391
1373,1373
1338,1388
1372,1391
1361,1382
1361,1380
1378,1380
1341,1378
1362,1400
1391,1389
1377,1378
1341,1386
1364,1396
1370,1390
1347,1375
1371,1391
1368,1388
1365,1400
1361,1407
1365,1409
1363,1393
1370,1397
1372,1417
1371,1395
1384,1389
1388,1404
1404,1391
1394,1412
1411,1406
1394,1422
1397,1401
1370,1409
1407,1415
1376,1415
1407,1428
1403,1412
1397,1409
1397,1415
1411,1431
1408,1423
1402,1465
1388,1426
1404,1413
1409,1465
1406,1445
1419,1437
1426,1432
1434,1457
1426,1444
1432,1440
1435,1453
1439,1441
1430,1456
1423,1435
1430,1458
1433,1453
1426,1462
1422,1456
1428,1476
1460,1462
1468,1463
1442,1469
1475,1467
1456,1447
1454,1469
1448,1458
1435,1481
1445,1476
1468,1488
1456,1480
1467,1481
1479,1493
1460,1501
1488,1479
1468,1471
1469,1489
1483,1511
1476,1484
1477,1489
1478,1492
1505,1496
1477,1504
1495,1518
1492,1506
1484,1510
1499,1508
1514,1515
1496,1503
1519,1509
1500,1513
1524,1507
1489,1506
1518,1522
1518,1502
1496,1516
1503,1509
1495,1500
1517,1537
1512,1517
1522,1501
1516,1523
1511,1532
1502,1504
1526,1537
1539,1539
1499,1523
1522,1509
1531,1526
1521,1522
1551,1529
1539,1537
1552,1533
1530,1538
1535,1528
1509,1531
1493,1531
1543,1528
1516,1558
1529,1512
1556,1525
1565,1521
1542,1531
1544,1542
1561,1537
1515,1547
1532,1534
1574,1547
1543,1537
1554,1554
1566,1521
1542,1537
1559,1522
1536,1539
1538,1530
1538,1545
1533,1530
1554,1544
1529,1539
1545,1528
1544,1528
1525,1524
1550,1513
1551,1552
1534,1523
1546,1534
1558,1524
1530,1520
1529,1529
1523,1529
1541,1532
1539,1541
1529,1513
1533,1524
1512,1510
1540,1529
1537,1532
1533,1517
1528,1506
1541,1500
1530,1497
1530,1516
1536,1504
1501,1503
1531,1518
1529,1524
1541,1514
1526,1481
1507,1534
1527,1495
1496,1489
1519,1498
1518,1491
1501,1471
1493,1481
1522,1484
1527,1489
1529,1479
1493,1487
1502,1496
1494,1476
1508,1489
1497,1498
1485,1478
1500,1479
1492,1467
1465,1463
1485,1479
1486,1465
1471,1471
1487,1461
1449,1467
1486,1451
1491,1448
1460,1463
1470,1474
1469,1446
1463,1472
1463,1465
1469,1462
1457,1446
1458,1474
1477,1429
1445,1454
1430,1428
1466,1434
1437,1439
1454,1414
1436,1420
1462,1424
1440,1428
1460,1424
1456,1404
1397,1407
1435,1428
1424,1424
1416,1403
1438,1401
1417,1419
1409,1429
1428,1411
1424,1419
1400,1422
1397,1390
1437,1408
1429,1398
1409,1409
1430,1392
1433,1381
1422,1381
1431,1400
1401,1386
1392,1393
1399,1385
1377,1402
1383,1400
1389,1397
1385,1382
1394,1391
1393,1363
1369,1388
1381,1386
1377,1369
1387,1379
1367,1380
1356,1350
1379,1392
1370,1383
1374,1378
1384,1383
1379,1371
1393,1368
1343,1377
1367,1375
1368,1372
1358,1384
1370,1369
1358,1351
1345,1391
1361,1377
1355,1359
1345,1376
1345,1381
1370,1365
1340,1344
1356,1362
1359,1375
1358,1360
1370,1366
1346,1365
1342,1384
1358,1368
1345,1365
1348,1356
1366,1349
1369,1383
1361,1375
1350,1373
1348,1371
1349,1390
1351,1364
1329,1360
1349,1385
1342,1359
1336,1372
1338,1358
1359,1372
1369,1373
1356,1374
1357,1387
1369,1365
1367,1398
1347,1375
1336,1373
1345,1380
1353,1389
1360,1381
1369,1371
1357,1370
1374,1377
1352,1376
1368,1365
1372,1381
1361,1373
1365,1401
1371,1401
1369,1385
1364,1379
1387,1392
1374,1369
1355,1361
1359,1410
1380,1402
1393,1405
1403,1397
1397,1401
1395,1397
1380,1411
1392,1403
1388,1406
1391,1434
1405,1395
1384,1440
1385,1425
1396,1427
1408,1416
1400,1418
1400,1434
1419,1429
1410,1417
1398,1436
1390,1427
1414,1411
1427,1436
1390,1427
1425,1443
1422,1435
1423,1465
1432,1439
1433,1431
1443,1446
1450,1453
1424,1434
1418,1437
1440,1456
1446,1465
1457,1474
1450,1458
1451,1479
1459,1463
1433,1448
1449,1464
1453,1467
1458,1488
1461,1457
1461,1473
1451,1474
1475,1475
1479,1472
1447,1478
1456,1470
1467,1485
1453,1485
1477,1485
1488,1492
1465,1487
1486,1477
1494,1520
1477,1507
1496,1519
1504,1495
1499,1496
1484,1521
1492,1519
1518,1505
1513,1485
1512,1498
1518,1465
1513,1518
1518,1523
1494,1525
1504,1515
1514,1509
1527,1517
1508,1526
1481,1521
1512,1527
1516,1515
1516,1538
1541,1536
1499,1517
1526,1510
1540,1527
1524,1508
1511,1528
1538,1519
1537,1535
1533,1546
1548,1562
1535,1524
1558,1531
1524,1521
1520,1533
1536,1547
1543,1525
1536,1536
1543,1542
1547,1527
1558,1530
1535,1518
1560,1554
1535,1557
1564,1529
1546,1521
1555,1547
1522,1534
1529,1540
1562,1547
1556,1538
1548,1527
1545,1554
1539,1533
1555,1536
1553,1541
1529,1533
1550,1530
1574,1551
1540,1541
1553,1548
1559,1531
1537,1545
1546,1537
1533,1539
1537,1536
1561,1534
1554,1532
1531,1520
1519,1539
1542,1529
1544,1512
1513,1520
1538,1515
1543,1485
1539,1505
1509,1522
1561,1498
1530,1505
1541,1515
1523,1500
1564,1507
1520,1514
1524,1498
1517,1508
1529,1514
1509,1522
1518,1500
1537,1488
1528,1491
1519,1506
1499,1506
1506,1514
1513,1503
1519,1471
1528,1493
1507,1463
1529,1481
1513,1490
1489,1472
1472,1475
1490,1475
1505,1479
1506,1477
1497,1459
1496,1484
1504,1476
1490,1456
1503,1485
1493,1451
1502,1461
1493,1460
1480,1470
1504,1460
1486,1474
1469,1449
1474,1462
1481,1458
1477,1449
1454,1438
1452,1447
1466,1457
1473,1462
1462,1433
1466,1436
1450,1429
1429,1437
1465,1430
1475,1423
1428,1423
1420,1406
1451,1431
1436,1421
1436,1409
1434,1403
1414,1418
1439,1395
1418,1400
1423,1395
1431,1408
1412,1402
1418,1425
1425,1402
1417,1410
1407,1424
1431,1403
1422,1384
1424,1390
1420,1411
1410,1412
1406,1399
1405,1383
1424,1379
1417,1381
1394,1377
1391,1389
1384,1395
1386,1363
1383,1391
1399,1387
1391,1377
1383,1374
1387,1397
1377,1385
1382,1366
1383,1381
1418,1371
1369,1391
1341,1368
1386,1372
1391,1378
1376,1358
1388,1375
1356,1364
1349,1372
1363,1356
1353,1366
1356,1357
1356,1360
1350,1366
1355,1343
1346,1370
1338,1354
1370,1337
1367,1359
1370,1367
1349,1354
1358,1373
1339,1373
1367,1361
1365,1368
1349,1363
1364,1351
1347,1366
1339,1351
1346,1373
1348,1352
1346,1339
1339,1357
1328,1365
1346,1349
1347,1368
1374,1382
1354,1363
1345,1367
1344,1366
1353,1378
1365,1378
1333,1367
1342,1388
1377,1374
1368,1380
1346,1378
1365,1377
1347,1383
1359,1386
1355,1380
1390,1357
1383,1364
1369,1387
1347,1365
1342,1389
1365,1372
1344,1364
1385,1381
1374,1386
1374,1410
1368,1403
1366,1406
1382,1404
1384,1404
1375,1389
1382,1398
1389,1403
1371,1398
1388,1399
1391,1406
1384,1404
1379,1394
1391,1400
1405,1412
1406,1423
1385,1407
1404,1407
1434,1405
1398,1404
1398,1408
1392,1397
1405,1432
1421,1461
1415,1434
1397,1416
1411,1451
1412,1456
1431,1440
1415,1451
1423,1445
1414,1447
1435,1446
1419,1432
1430,1428
1439,1444
1444,1452
1425,1432
1455,1441
1431,1440
1422,1450
1428,1453
1441,1477
1453,1470
1441,1474
1441,1478
1429,1461
1457,1448
1451,1486
1449,1485
1447,1461
1476,1466
1498,1457
1464,1487
1468,1476
1477,1486
1476,1470
1471,1495
1472,1488
1465,1500
1468,1493
1491,1487
1477,1492
1489,1472
1497,1505
1477,1528
1505,1507
1491,1508
1499,1515
1499,1503
1523,1505
1517,1507
1499,1510
1500,1510
1492,1501
1550,1512
1515,1533
1496,1548
1521,1517
1525,1501
1531,1519
1528,1510
1536,1529
1527,1540
1527,1537
1511,1547
1511,1533
1542,1518
1530,1518
1540,1519
1562,1521
1543,1538
1528,1527
1526,1507
1533,1549
1556,1535
1547,1558
1552,1533
1536,1536
1553,1537
1542,1550
1547,1551
1542,1521
1533,1560
1524,1546
1525,1526
1557,1551
1541,1540
1536,1536
1528,1521
1551,1540
1521,1542
1545,1545
1566,1539
1560,1544
1566,1533
1558,1549
1551,1548
1548,1559
1523,1544
1563,1510
1554,1553
1548,1540
1535,1520
1576,1524
1536,1530
1524,1516
1552,1543
1531,1523
1541,1527
1545,1527
1541,1520
1562,1525
1535,1511
1556,1521
1525,1518
1542,1530
1558,1518
1518,1527
1515,1526
1533,1527
1538,1520
1534,1518
1556,1506
1534,1484
1529,1506
1510,1527
1507,1516
1516,1516
1532,1501
1511,1511
1542,1494
1513,1502
1533,1486
1499,1495
1499,1483
1497,1512
1500,1492
1498,1489
1529,1490
1494,1504
1502,1488
1507,1468
1500,1483
1486,1499
1503,1466
1496,1483
1493,1484
1497,1457
1495,1474
1491,1461
1488,1461
1473,1457
1461,1445
1490,1454
1498,1449
1477,1465
1482,1462
1465,1455
1461,1444
1459,1461
1458,1448
1477,1482
1477,1441
1465,1463
1444,1445
1456,1431
1450,1414
1443,1451
1435,1420
1430,1448
1432,1429
1435,1414
1420,1415
1443,1409
1422,1438
1428,1423
1420,1412
1434,1409
1440,1425
1421,1409
1411,1431
1451,1399
1426,1397
1405,1418
1406,1395
1410,1417
1404,1385
1409,1403
1408,1394
1410,1390
1402,1379
1412,1380
1384,1379
1391,1388
1398,1398
1393,1372
1413,1386
1368,1409
1380,1379
1394,1383
1384,1388
1397,1393
1366,1376
1354,1384
1361,1368
1378,1367
1375,1383
1361,1374
1368,1359
1368,1388
1382,1370
1374,1384
1341,1364
1356,1384
1347,1379
1371,1404
1366,1359
1382,1360
1353,1392
1368,1359
1359,1374
1348,1362
1368,1370
1338,1340
1356,1352
1354,1376
1351,1367
1350,1349
1354,1354
1344,1350
1361,1361
1373,1362
1348,1333
1341,1355
1390,1361
1343,1368
1346,1364
1354,1372
1354,1353
1305,1367
1347,1356
1345,1369
1340,1380
1332,1382
1361,1355
1358,1370
1378,1363
1364,1387
1353,1376
1340,1357
1353,1380
1346,1368
1355,1362
1341,1371
1357,1379
1352,1382
1346,1374
1367,1361
1393,1368
1360,1395
1364,1370
1366,1378
1378,1400
1380,1389
1371,1386
1350,1386
1375,1392
1372,1386
1376,1412
1368,1396
1362,1397
1366,1387
1349,1380
1402,1393
1379,1399
1388,1417
1372,1405
1383,1418
1383,1399
1392,1424
1385,1392
1389,1411
1364,1406
1401,1407
1396,1378
1406,1420
1427,1412
1404,1420
1386,1415
1425,1411
1385,1451
1398,1414
1420,1433
1418,1431
1404,1422
1423,1444
1420,1435
1427,1423
1409,1440
1427,1444
1416,1439
1444,1462
1419,1455
1449,1459
1407,1438
1464,1450
1464,1438
1427,1448
1440,1454
1432,1475
1435,1482
1455,1466
1446,1456
1458,1475
1458,1483
1438,1480
1453,1478
1480,1476
1474,1474
1486,1478
1463,1488
1474,1496
1482,1476
1481,1480
1471,1501
1496,1490
1483,1481
1507,1481
1514,1493
1506,1508
1489,1510
1483,1496
1498,1509
1516,1506
1507,1509
1486,1523
1520,1508
1508,1511
1533,1521
1505,1496
1526,1529
1495,1518
1496,1533
1503,1526
1518,1537
1511,1530
1529,1530
1513,1532
1513,1514
1530,1533
1518,1520
1554,1524
1524,1506
1536,1513
1526,1522
1531,1524
1536,1541
1528,1533
1546,1538
1515,1515
1524,1551
1524,1536
1551,1555
1540,1537
1536,1533
1538,1554
1534,1556
1530,1540
1564,1545
1515,1541
1516,1546
1565,1536
1548,1535
1542,1535
1535,1556
1539,1537
1564,1534
1573,1550
1550,1551
1563,1538
1543,1538
1515,1519
1565,1537
1537,1535
1539,1518
1555,1555
1555,1534
1536,1527
1521,1540
1553,1503
1535,1526
1544,1540
1540,1521
1542,1512
1542,1539
1536,1527
1540,1528
1534,1523
1531,1508
1544,1526
1550,1534
1541,1539
1526,1525
1539,1522
1555,1520
1559,1513
1534,1513
1525,1497
1534,1510
1533,1503
1532,1527
1540,1503
1541,1509
1514,1510
1505,1501
1519,1496
1520,1507
1518,1497
1506,1502
1517,1498
1537,1502
1506,1501
1510,1488
1517,1495
1496,1489
1511,1496
1510,1483
1509,1499
1502,1475
1511,1482
1510,1464
1470,1476
1492,1485
1512,1475
1511,1475
1490,1467
1465,1477
1500,1473
1479,1459
1494,1459
1478,1448
1477,1469
1493,1444
1503,1457
1480,1465
1466,1429
1465,1425
1473,1462
1470,1447
1457,1435
1455,1455
1459,1435
1436,1441
1473,1448
1450,1424
1465,1455
1443,1427
1435,1423
1435,1433
1441,1442
1428,1414
1455,1428
1437,1410
1434,1431
1434,1402
1429,1424
1409,1416
1420,1413
1416,1399
1429,1407
1416,1406
1433,1408
1418,1399
1405,1397
1415,1402
1395,1399
1406,1380
1384,1402
1377,1395
1387,1384
1396,1384
1397,1392
1402,1366
1401,1366
1392,1375
1391,1408
1408,1382
1380,1392
1375,1378
1400,1379
1389,1368
1388,1367
1367,1366
1386,1391
1383,1372
1370,1379
1365,1376
1348,1358
1355,1360
1373,1382
1379,1384
1371,1384
1357,1351
1356,1350
1346,1357
1362,1354
1381,1365
1355,1356
1371,1352
1382,1357
1364,1354
1370,1364
1345,1365
1354,1353
1353,1379
1333,1355
1357,1370
1377,1354
1365,1360
1344,1363
1371,1344
1339,1360
1335,1380
1353,1366
1329,1362
1344,1375
1332,1352
1357,1366
1354,1350
1333,1370
1347,1356
1348,1361
1350,1369
1340,1389
1335,1370
1357,1376
1367,1373
1348,1359
1340,1356
1376,1367
1372,1366
1363,1385
1357,1377
1373,1384
1372,1370
1355,1350
1374,1372
1370,1386
1377,1383
1362,1370
1368,1388
1361,1370
1362,1389
1361,1386
1366,1394
1359,1375
1380,1388
1346,1383
1364,1388
1400,1400
1373,1381
1398,1394
1375,1404
1382,1392
1377,1406
1385,1412
1390,1403
1381,1404
1386,1406
1382,1406
1376,1407
1400,1429
1393,1398
1379,1387
1393,1444
1417,1433
1415,1423
1418,1446
1384,1425
1409,1421
1396,1454
1421,1444
1413,1427
1425,1437
1435,1444
1408,1430
1425,1429
1426,1426
1450,1452
1426,1443
1444,1433
1445,1454
1432,1447
1439,1442
1439,1461
1435,1474
1452,1441
1452,1478
1443,1477
1456,1478
1456,1460
1447,1451
1457,1501
1466,1485
1458,1466
1472,1471
1468,1476
1460,1488
1472,1466
1451,1466
1470,1495
1493,1483
1472,1502
1496,1494
1496,1497
1473,1498
1478,1504
1508,1498
1486,1489
1507,1494
1511,1515
1519,1514
1498,1510
1508,1524
1497,1512
1496,1502
1499,1511
1506,1497
1535,1532
1503,1504
1524,1521
1509,1527
1524,1518
1505,1526
1509,1523
1535,1524
1491,1524
1535,1518
1547,1548
1523,1529
1510,1530
1542,1518
1509,1554
1522,1552
1547,1515
1540,1554
1534,1544
1525,1543
1537,1534
1550,1514
1546,1540
1547,1544
1525,1551
1546,1568
1543,1529
1529,1540
1563,1539
1561,1535
1562,1518
1559,1529
1553,1551
1554,1549
1543,1530
1524,1528
1549,1528
1549,1533
1568,1539
1542,1536
1546,1539
1555,1551
1540,1534
1533,1529
1549,1544
1533,1528
1547,1514
1555,1538
1540,1547
1566,1531
1559,1533
1537,1536
1532,1524
1547,1539
1561,1531
1543,1532
1521,1532
1532,1547
1543,1520
1541,1553
1538,1524
1528,1521
1546,1509
1546,1521
1540,1517
1530,1514
1525,1517
1528,1503
1529,1507
1524,1514
1531,1488
1530,1496
1538,1514
1520,1511
1537,1517
1529,1528
1507,1498
1528,1489
1497,1504
1525,1488
1525,1497
1499,1484
1522,1504
1509,1505
1485,1491
1511,1486
1471,1501
1499,1476
1516,1501
1512,1486
1487,1487
1511,1479
1494,1494
1493,1465
1491,1473
1488,1457
1478,1481
1483,1467
1494,1454
1474,1456
1489,1467
1487,1459
1456,1451
1491,1467
1485,1462
1486,1453
1458,1438
1475,1429
1474,1443
1467,1444
1470,1433
1457,1435
1479,1455
1449,1450
1451,1439
1448,1443
1443,1430
1453,1430
1457,1413
1447,1412
1421,1425
1438,1427
1435,1445
1455,1425
1432,1391
1444,1419
1418,1408
1430,1407
1425,1399
1423,1401
1415,1425
1416,1409
1403,1409
1391,1401
1427,1398
1406,1402
1412,1393
1397,1395
1388,1389
1404,1379
1397,1405
1399,1378
1372,1374
1388,1388
1406,1410
1348,1418
1371,1354
1380,1372
1358,1372
1386,1370
1398,1383
1356,1364
1373,1390
1381,1370
1374,1361
1388,1369
1385,1379
1372,1369
1352,1372
1361,1372
1362,1355
1363,1370
1349,1365
1362,1380
1369,1364
1372,1353
1341,1354
1396,1352
1370,1359
1353,1343
1356,1348
1359,1372
1345,1350
1369,1358
1362,1355
1352,1363
1331,1379
1364,1374
1351,1380
1365,1348
1340,1346
1375,1373
1342,1363
1338,1351
1324,1346
1351,1343
1323,1355
1353,1373
1353,1368
1359,1377
1319,1343
1371,1373
1372,1360
1347,1369
1362,1352
1366,1343
1357,1372
1364,1395
1347,1376
1331,1369
1351,1370
1364,1369
1366,1378
1348,1375
1349,1381
1327,1378
1362,1382
1374,1375
1361,1400
1364,1377
1371,1388
1373,1369
1368,1389
1370,1382
1366,1407
1361,1395
1379,1394
1393,1374
1341,1393
1367,1412
1388,1388
1375,1377
1363,1400
1363,1403
1373,1374
1373,1414
1380,1403
1393,1387
1382,1395
1380,1416
1394,1409
1388,1423
1405,1436
1398,1415
1410,1432
1388,1423
1402,1408
1401,1413
1395,1421
1418,1413
1383,1414
1417,1432
1431,1440
1424,1442
1416,1428
1403,1463
1424,1445
1436,1461
1429,1452
1413,1455
1423,1453
1459,1452
1441,1458
1424,1447
1443,1469
1440,1450
1435,1460
1445,1458
1434,1469
1437,1477
1454,1494
1439,1476
1454,1478
1444,1452
1444,1496
1439,1469
1459,1489
1450,1488
1478,1492
1468,1473
1475,1486
1458,1508
1454,1472
1481,1476
1474,1478
1487,1493
1497,1496
1499,1485
1506,1502
1494,1495
1496,1483
1504,1485
1477,1515
1505,1503
1506,1509
1530,1496
1522,1516
1532,1508
1501,1516
1487,1522
1489,1536
1504,1523
1504,1532
1522,1508
1534,1530
1539,1518
1515,1530
1532,1557
1535,1527
1536,1522
1569,1519
1507,1525
1540,1527
1529,1530
1523,1548
1540,1521
1556,1527
1533,1521
1524,1539
1546,1540
1556,1554
1519,1545
1529,1564
1556,1550
1527,1537
1516,1541
1547,1518
1553,1533
1525,1534
1553,1530
1553,1560
1563,1554
1561,1542
1557,1529
1549,1550
1557,1550
1536,1520
1563,1531
1532,1544
1582,1536
1551,1540
1551,1542
1554,1538
1545,1521
1543,1520
1527,1540
1561,1530
1558,1563
1549,1534
1545,1559
1543,1517
1572,1505
1552,1513
1536,1524
1518,1541
1544,1527
1544,1526
1530,1531
1553,1546
1527,1516
1548,1533
1551,1515
1539,1507
1549,1515
1537,1516
1556,1508
1535,1523
1521,1524
1521,1514
1545,1496
1557,1504
1519,1501
1509,1501
1533,1511
1533,1500
1503,1517
1549,1500
1524,1485
1512,1520
1514,1505
1532,1483
1518,1491
1494,1493
1508,1501
1501,1488
1487,1481
1502,1492
1519,1488
1499,1454
1477,1490
1468,1462
1507,1473
1489,1463
1484,1469
1498,1440
1481,1475
1483,1465
1472,1465
1489,1468
1500,1449
1505,1462
1479,1450
1471,1446
1457,1430
1488,1437
1463,1439
1454,1460
1465,1448
1444,1410
1446,1419
1473,1423
1451,1437
1430,1459
1440,1405
1453,1428
1438,1427
1431,1415
1453,1424
1416,1417
1414,1415
1443,1418
1420,1410
1402,1419
1424,1405
1412,1411
1414,1419
1424,1409
1435,1403
1404,1417
1407,1380
1429,1377
1394,1403
1432,1410
1383,1419
1425,1396
1387,1386
1387,1369
1406,1382
1381,1395
1411,1400
1386,1374
1412,1409
1375,1369
1374,1375
1383,1384
1398,1393
1377,1399
1394,1368
1391,1398
1394,1388
1379,1385
1368,1356
1370,1386
1347,1367
1357,1380
1369,1387
1353,1358
1382,1368
1348,1390
1373,1351
1355,1344
1361,1361
1336,1358
1375,1376
1376,1362
1344,1373
1363,1373
1361,1351
1347,1364
1351,1348
1357,1355
1373,1356
1342,1379
1325,1341
1355,1363
1351,1372
1340,1365
1352,1366
1363,1353
1348,1353
1343,1346
1372,1334
1360,1342
1377,1370
1344,1360
1374,1351
1355,1355
1345,1363
1330,1354
1360,1333
1350,1368
1366,1367
1360,1366
1352,1364
1349,1362
1375,1376
1354,1376
1341,1367
1348,1386
1342,1353
1371,1380
1362,1378
1360,1388
1370,1365
1358,1369
1373,1386
1368,1373
1339,1370
1364,1376
1347,1381
1378,1382
1389,1388
1356,1402
1379,1404
1395,1392
1365,1382
1363,1397
1367,1410
1366,1385
1383,1387
1390,1386
1379,1401
1385,1398
1381,1406
1379,1402
1385,1396
1392,1404
1398,1404
1395,1413
1383,1417
1385,1399
1412,1419
1383,1434
1414,1419
1400,1428
1386,1441
1388,1421
1424,1440
1395,1448
1414,1437
1393,1426
1416,1411
1411,1456
1426,1448
1437,1431
1428,1443
1457,1448
1434,1463
1455,1454
1440,1451
1434,1454
1435,1452
1439,1470
1440,1452
1441,1449
1478,1465
1435,1478
1446,1477
1440,1477
1457,1471
1472,1491
1476,1469
1452,1462
1466,1472
1462,1482
1459,1459
1473,1476
1474,1484
1505,1494
1470,1487
1457,1512
1481,1482
1477,1490
1483,1469
1515,1498
1497,1525
1468,1507
1496,1494
1476,1507
1489,1496
1510,1507
1483,1501
1498,1506
1508,1503
1500,1513
1501,1519
1520,1529
1531,1531
1525,1505
1519,1522
1509,1527
1507,1516
1516,1518
1517,1547
1540,1541
1534,1516
1529,1543
1530,1521
1518,1519
1526,1516
1529,1536
1542,1542
1535,1526
1550,1525
1549,1537
1536,1525
1542,1519
1547,1525
1537,1565
1566,1531
1538,1556
1564,1524
1544,1528
1575,1531
1557,1557
1535,1551
1565,1545
1539,1556
1532,1553
1549,1545
1527,1551
1547,1546
1530,1543
1534,1544
1535,1551
1563,1528
1554,1519
1546,1545
1547,1553
1553,1532
1545,1546
1557,1531
1579,1521
1566,1526
1567,1533
1541,1541
1555,1530
1545,1531
1554,1515
1548,1523
1543,1511
1548,1528
1534,1515
1551,1510
1542,1539
1537,1516
1546,1527
1552,1498
1554,1529
1539,1517
1558,1512
1527,1519
1524,1523
1545,1511
1544,1505
1529,1520
1537,1515
1541,1510
1535,1503
1543,1493
1546,1507
1514,1502
1528,1491
1511,1503
1518,1493
1520,1504
1485,1493
1504,1495
1501,1492
1522,1476
1515,1481
1516,1487
1507,1462
1508,1494
1488,1479
1512,1485
1497,1477
1484,1484
1482,1482
1484,1468
1479,1480
1482,1457
1509,1463
1485,1472
1485,1465
1480,1445
1464,1478
1471,1466
1461,1456
1484,1451
1471,1457
1478,1451
1463,1457
1446,1451
1443,1450
1479,1439
1459,1435
1459,1442
1444,1438
1456,1423
1421,1437
1462,1418
1440,1427
1444,1439
1424,1411
1423,1434
1458,1426
1447,1442
1423,1398
1435,1421
1422,1417
1411,1392
1411,1415
1432,1401
1409,1391
1429,1397
1420,1406
1420,1394
1427,1387
1384,1399
1392,1393
1398,1398
1401,1384
1403,1368
1390,1398
1413,1405
1392,1404
1406,1383
1355,1384
1388,1388
1400,1373
1421,1386
1404,1374
1373,1382
1385,1353
1361,1365
1379,1384
1369,1356
1361,1356
1365,1372
1393,1367
1380,1379
1390,1367
1353,1380
1342,1369
1389,1351
1371,1365
1361,1357
1364,1345
1342,1357
1388,1351
1379,1376
1347,1369
1349,1389
1357,1364
1375,1343
1358,1345
1349,1363
1363,1353
1381,1355
1346,1350
1362,1374
1369,1344
1360,1369
1363,1361
1354,1362
1351,1358
1343,1349
1334,1365
1351,1357
1346,1353
1350,1361
1383,1345
1340,1360
1349,1334
1335,1361
1333,1379
1347,1354
1357,1377
1346,1367
1350,1362
1353,1348
1341,1368
1349,1354
1344,1360
1358,1365
1366,1360
1347,1371
1348,1373
1353,1384
1376,1388
1370,1377
1339,1372
1355,1379
1361,1378
1345,1395
1367,1410
1368,1364
1368,1378
1355,1397
1357,1383
1378,1379
1374,1395
1379,1405
1376,1410
1395,1376
1368,1419
1382,1405
1374,1391
1364,1395
1383,1424
1384,1392
1385,1410
1390,1431
1394,1398
1405,1404
1413,1392
1393,1417
1398,1416
1391,1423
1421,1430
1418,1433
1418,1413
1416,1432
1403,1444
1408,1412
1420,1435
1406,1454
1405,1414
1422,1446
1424,1476
1390,1433
1440,1441
1419,1444
1431,1425
1417,1460
1446,1421
1443,1465
1434,1438
1455,1464
1461,1465
1445,1462
1461,1456
1429,1462
1461,1474
1447,1471
1437,1477
1448,1473
1464,1478
1452,1479
1472,1468
1451,1495
1477,1491
1465,1475
1494,1458
1444,1492
1498,1508
1476,1485
1483,1484
1485,1499
1477,1494
1492,1491
1490,1518
1488,1490
1498,1508
1497,1507
1496,1509
1487,1498
1515,1498
1510,1491
1491,1503
1502,1537
1490,1502
1517,1519
1530,1523
1523,1512
1510,1479
1524,1513
1493,1523
1515,1537
1515,1515
1489,1533
1528,1528
1534,1532
1533,1534
1539,1527
1503,1530
1521,1536
1535,1519
1517,1521
1530,1523
1537,1538
1532,1536
1519,1537
1534,1550
1551,1530
1555,1548
1544,1538
1528,1529
1523,1545
1538,1532
1554,1543
1546,1526
1532,1558
1548,1545
1579,1539
1535,1540
1544,1537
1547,1549
1544,1532
1564,1546
1560,1546
1543,1527
1551,1544
1558,1537
1542,1520
1566,1527
1536,1535
1587,1539
1569,1533
1547,1538
1542,1544
1573,1553
1549,1527
1544,1541
1531,1533
1550,1525
1552,1528
1550,1544
1559,1523
1557,1527
1540,1516
1549,1537
1541,1526
1582,1525
1544,1533
1543,1510
1541,1531
1559,1535
1549,1529
1531,1528
1546,1511
1542,1528
1521,1507
1529,1497
1514,1504
1560,1502
1540,1526
1517,1503
1547,1499
1540,1501
1515,1496
1540,1514
1500,1485
1520,1498
1501,1515
1506,1476
1520,1485
1518,1497
1515,1513
1506,1489
1516,1486
1490,1460
1480,1485
1498,1498
1492,1487
1502,1470
1499,1454
1488,1466
1491,1475
1482,1479
1475,1454
1490,1463
1459,1472
1480,1464
1460,1444
1471,1445
1467,1439
1464,1440
1462,1470
1443,1449
1464,1450
1456,1451
1455,1446
1467,1440
1455,1448
1460,1424
1437,1437
1463,1418
1440,1434
1431,1428
1452,1424
1446,1430
1442,1429
1431,1408
1445,1419
1430,1419
1421,1398
1421,1409
1454,1419
1410,1426
1434,1398
1416,1404
1435,1400
1412,1403
1402,1406
1411,1398
1395,1403
1410,1391
1438,1400
1390,1383
1390,1400
1381,1385
1382,1406
1400,1408
1385,1369
1402,1379
1399,1392
1401,1380
1388,1387
1377,1397
1366,1382
1389,1374
1382,1391
1382,1363
1402,1380
1369,1366
1391,1360
1362,1367
1407,1371
1387,1375
1373,1375
1381,1348
1367,1388
1350,1354
1369,1377
1394,1363
1366,1357
1386,1364
1378,1350
1353,1368
1362,1365
1390,1373
1346,1354
1380,1354
1369,1363
1382,1357
1355,1353
1371,1361
1359,1350
1365,1357
1358,1375
1355,1358
1344,1338
1335,1369
1364,1371
1327,1363
1328,1357
1379,1351
1371,1361
1344,1353
1369,1367
1345,1368
1402,1379
1357,1360
1374,1359
1369,1374
1344,1369
1350,1367
1355,1370
1355,1363
1360,1366
1380,1367
1371,1366
1329,1359
1353,1353
1348,1367
1368,1366
1374,1371
1345,1392
1377,1370
1375,1366
1333,1400
1374,1383
1359,1391
1375,1374
1355,1385
1382,1391
1356,1384
1401,1395
1383,1396
1412,1401
1378,1403
1364,1388
1393,1412
1379,1384
1356,1412
1400,1397
1384,1398
1380,1413
1388,1410
1378,1407
1393,1404
1385,1436
1390,1416
1387,1422
1408,1416
1388,1435
1410,1432
1408,1420
1406,1442
1396,1419
1419,1440
1412,1438
1426,1451
1429,1435
1430,1443
1438,1443
1409,1487
1412,1428
1425,1443
1441,1473
1412,1440
1426,1447
1433,1456
1440,1457
1414,1475
1444,1445
1440,1455
1452,1456
1418,1449
1454,1463
1435,1487
1461,1470
1442,1482
1452,1466
1436,1484
1458,1479
1457,1489
1473,1485
1486,1456
1476,1479
1498,1464
1466,1507
1464,1503
1449,1482
1478,1499
1500,1493
1495,1498
1499,1501
1474,1478
1508,1506
1502,1497
1488,1507
1489,1506
1520,1510
1507,1508
1492,1498
1493,1517
1488,1540
1514,1527
1518,1529
1480,1501
1506,1503
1521,1537
1537,1525
1530,1529
1541,1526
1510,1535
1524,1516
1498,1517
1531,1533
1511,1524
1515,1529
1541,1530
1530,1543
1538,1520
1522,1549
1535,1533
1545,1519
1545,1540
1534,1534
1530,1543
1538,1534
1538,1527
1560,1534
1549,1549
1547,1535
1544,1539
1543,1538
1551,1528
1569,1549
1540,1526
1549,1526
1546,1514
1538,1556
1546,1533
1543,1533
1540,1559
1512,1533
1525,1525
1562,1521
1534,1519
1549,1535
1536,1511
1554,1522
1558,1559
1538,1524
1573,1524
1547,1533
1565,1526
1552,1535
1549,1528
1530,1521
1530,1547
1533,1542
1534,1541
1547,1529
1563,1507
1555,1507
1519,1523
1541,1537
1545,1519
1551,1539
1542,1518
1522,1534
1552,1521
1530,1518
1512,1525
1519,1500
1527,1504
1529,1502
1530,1505
1512,1474
1510,1511
1526,1520
1525,1506
1521,1498
1522,1522
1536,1502
1522,1493
1530,1491
1513,1490
1534,1501
1534,1504
1506,1491
1501,1472
1518,1492
1525,1471
1479,1493
1496,1478
1487,1480
1522,1478
1508,1486
1490,1461
1516,1467
1500,1467
1484,1456
1493,1479
1483,1482
1505,1462
1493,1469
1469,1455
1486,1456
1483,1476
1458,1481
1472,1453
1457,1441
1461,1423
1453,1446
1460,1428
1465,1437
1430,1421
1444,1446
1466,1423
1439,1418
1458,1414
1435,1427
1441,1449
1448,1412
1438,1420
1443,1408
1418,1429
1444,1428
1422,1419
1404,1436
1437,1402
1418,1407
1425,1411
1413,1393
1412,1424
1410,1412
1420,1430
1409,1419
1417,1415
1410,1394
1402,1374
1400,1394
1411,1397
1427,1402
1403,1399
1388,1399
1425,1374
1407,1403
1370,1383
1410,1375
1384,1389
1388,1381
1389,1383
1387,1385
1392,1385
1378,1379
1378,1380
1379,1377
1386,1384
1383,1384
1381,1369
1374,1387
1356,1363
1390,1361
1372,1353
1355,1380
1381,1372
1360,1368
1365,1371
1383,1370
1366,1347
1353,1370
1373,1348
1369,1374
1363,1352
1353,1379
1367,1347
1354,1360
1353,1371
1344,1379
1360,1350
1340,1357
1372,1353
1354,1341
1364,1357
1357,1347
1363,1353
1359,1340
1367,1347
1353,1363
1353,1366
1354,1355
1338,1363
1377,1374
1353,1356
1371,1359
1343,1357
1350,1363
1354,1371
1369,1373
1344,1364
1355,1377
1360,1383
1355,1372
1338,1371
1379,1370
1347,1381
1370,1374
1349,1375
1342,1359
1342,1373
1367,1394
1352,1385
1348,1380
1369,1410
1404,1378
1373,1381
1335,1372
1385,1370
1377,1391
1403,1403
1383,1383
1367,1380
1386,1406
1372,1405
1386,1388
1360,1416
1406,1389
1381,1389
1373,1404
1395,1396
1394,1402
1386,1404
1382,1418
1401,1424
1368,1432
1390,1402
1409,1426
1407,1407
1409,1434
1397,1425
1402,1431
1392,1416
1396,1439
1394,1419
1419,1425
1419,1443
1386,1440
1424,1455
1425,1445
1401,1439
1449,1438
1419,1452
1423,1431
1438,1461
1443,1435
1429,1451
1435,1422
1435,1439
1438,1454
1440,1458
1435,1470
1436,1444
1463,1471
1441,1462
1438,1478
1454,1452
1477,1474
1435,1475
1442,1481
1467,1462
1475,1489
1459,1473
1456,1490
1458,1482
1481,1497
1487,1484
1482,1493
1466,1494
1507,1497
1508,1478
1486,1486
1467,1493
1504,1501
1493,1499
1504,1501
1504,1506
1486,1502
1521,1513
1518,1508
1506,1514
1505,1513
1503,1511
1489,1508
1515,1519
1524,1508
1514,1503
1500,1521
1517,1522
1521,1511
1517,1522
1525,1504
1549,1526
1519,1543
1522,1519
1544,1544
1523,1549
1528,1495
1530,1525
1535,1514
1527,1530
1536,1524
1516,1529
1540,1548
1507,1525
1545,1521
1557,1524
1524,1545
1536,1512
1510,1536
1551,1537
1577,1545
1526,1516
1551,1528
1539,1516
1551,1533
1547,1545
1550,1528
1544,1547
1548,1503
1542,1544
1539,1541
1569,1541
1534,1528
1562,1544
1561,1542
1542,1529
1524,1538
1549,1565
1532,1531
1543,1547
1535,1519
1534,1538
1531,1541
1550,1520
1539,1535
1531,1526
1552,1528
1563,1518
1555,1509
1541,1529
1543,1525
1530,1529
1529,1537
1522,1510
1529,1521
1528,1517
1548,1518
1530,1517
1540,1525
1509,1514
1536,1504
1544,1528
1548,1510
1549,1503
1549,1523
1496,1511
1528,1510
1530,1495
1513,1490
1517,1500
1520,1501
1508,1508
1505,1479
1481,1488
1507,1508
1511,1516
1486,1474
1527,1492
1519,1489
1486,1475
1487,1463
1526,1470
1502,1479
1490,1486
1492,1458
1499,1469
1494,1471
1477,1463
1494,1470
1486,1460
1501,1457
1505,1465
1492,1450
1496,1430
1455,1450
1475,1456
1486,1422
1458,1456
1505,1435
1464,1460
1458,1458
1448,1466
1467,1429
1444,1446
1468,1428
1464,1434
1440,1443
1451,1424
1451,1443
1449,1447
1452,1413
1468,1410
1441,1434
1443,1419
1435,1431
1428,1415
1445,1418
1429,1423
1402,1419
1430,1417
1424,1413
1420,1403
1384,1398
1416,1403
1421,1405
1409,1402
1386,1404
1391,1410
1420,1388
1380,1391
1384,1402
1407,1397
1400,1382
1406,1383
1402,1409
1414,1414
1385,1389
1384,1392
1371,1366
1389,1393
1406,1393
1397,1388
1400,1369
1381,1366
1371,1365
1389,1382
1383,1391
1395,1380
1370,1367
1393,1373
1380,1371
1369,1340
1362,1369
1405,1371
1386,1384
1354,1349
1371,1367
1363,1365
1369,1377
1355,1358
1355,1370
1348,1360
1385,1374
1366,1360
1356,1373
1352,1397
1364,1366
1360,1377
1362,1372
1341,1370
1347,1365
1355,1345
1364,1352
1344,1368
1346,1371
1369,1360
1341,1337
1342,1347
1367,1362
1356,1387
1362,1366
1352,1367
1366,1356
1356,1349
1370,1372
1367,1391
1378,1371
1360,1356
1344,1372
1343,1372
1359,1381
1371,1382
1356,1368
1338,1372
1354,1380
1364,1393
1326,1375
1340,1411
1372,1368
1363,1376
1363,1384
1362,1396
1366,1374
1359,1396
1412,1401
1366,1397
1389,1405
1380,1384
1374,1403
1378,1380
1360,1417
1388,1401
1388,1398
1397,1394
1371,1400
1380,1405
1362,1413
1371,1395
1374,1393
1377,1402
1392,1412
1381,1408
1403,1410
1388,1440
1394,1419
1394,1408
1392,1398
1408,1433
1424,1418
1402,1417
1416,1426
1416,1440
1403,1425
1420,1426
1429,1432
1428,1429
1408,1410
1423,1447
1430,1448
1431,1444
1431,1459
1412,1474
1450,1452
1458,1459
1432,1470
1445,1471
1422,1481
1419,1481
1477,1461
1468,1458
1441,1485
1452,1469
1449,1471
1449,1473
1455,1473
1458,1472
1460,1454
1470,1479
1450,1476
1455,1474
1465,1496
1465,1495
1463,1479
1476,1471
1479,1501
1477,1496
1498,1517
1489,1493
1491,1495
1466,1493
1504,1475
1495,1499
1497,1509
1508,1502
1493,1518
1502,1511
1519,1501
1487,1514
1507,1501
1498,1543
1508,1519
1511,1513
1503,1506
1504,1519
1488,1524
1492,1523
1503,1525
1513,1511
1542,1511
1561,1527
1523,1532
1516,1528
1519,1535
1516,1524
1535,1533
1527,1524
1502,1550
1538,1523
1512,1509
1531,1531
1550,1538
1535,1540
1528,1521
1544,1522
1573,1522
1516,1547
1520,1520
1549,1542
1533,1522
1557,1548
1530,1546
1552,1525
1539,1524
1548,1557
1547,1509
1539,1540
1550,1539
1543,1539
1539,1535
1543,1540
1542,1537
1558,1505
1564,1528
1548,1535
1556,1526
1528,1537
1536,1532
1564,1528
1543,1540
1527,1517
1534,1537
1555,1551
1559,1511
1539,1527
1532,1529
1527,1520
1529,1505
1563,1528
1541,1543
1537,1529
1532,1504
1537,1529
1519,1507
1534,1500
1533,1502
1531,1507
1531,1516
1537,1502
1529,1491
1529,1493
1510,1513
1512,1505
1544,1489
1508,1514
1521,1494
1527,1508
1540,1480
1526,1496
1536,1498
1496,1499
1517,1501
1533,1480
1509,1485
1497,1500
1507,1482
1489,1471
1516,1481
1512,1497
1485,1487
1518,1462
1533,1464
1478,1477
1484,1480
1478,1486
1482,1477
1495,1456
1477,1488
1499,1466
1467,1441
1444,1461
1497,1491
1483,1454
1478,1462
1468,1457
1476,1449
1456,1460
1466,1442
1483,1460
1469,1427
1445,1446
1462,1428
1455,1448
1426,1439
1445,1421
1471,1432
1466,1439
1451,1438
1471,1433
1433,1440
1443,1441
1432,1417
1415,1425
1431,1396
1441,1413
1441,1395
1414,1408
1399,1398
1422,1403
1438,1422
1411,1412
1424,1384
1406,1401
1387,1412
1395,1421
1418,1388
1415,1407
1392,1387
1392,1381
1373,1385
1405,1419
1419,1387
1387,1378
1409,1387
1398,1389
1418,1372
1379,1381
1403,1382
1380,1376
1372,1375
1374,1386
1379,1374
1414,1363
1378,1369
1403,1384
1384,1367
1393,1396
1361,1356
1407,1373
1368,1362
1382,1373
1373,1367
1367,1359
1375,1382
1370,1359
1385,1373
1368,1375
1379,1379
1365,1337
1343,1362
1347,1360
1373,1372
1368,1354
1359,1362
1355,1364
1359,1369
1378,1381
1332,1366
1368,1366
1363,1356
1366,1364
1363,1386
1370,1356
1355,1359
1382,1363
1357,1359
1368,1367
1361,1353
1348,1353
1365,1359
1348,1391
1343,1361
1352,1375
1350,1385
1347,1368
1365,1366
1359,1348
1366,1369
1343,1358
1357,1385
1365,1389
1379,1370
1366,1368
1348,1364
1371,1364
1365,1381
1365,1369
1360,1384
1367,1385
1362,1380
1364,1360
1375,1415
1367,1390
1357,1399
1380,1371
1355,1385
1391,1413
1372,1392
1372,1393
1371,1390
1377,1400
1384,1414
1370,1382
1401,1406
1377,1402
1388,1398
1383,1402
1397,1381
1371,1407
1411,1422
1397,1435
1386,1411
1386,1424
1407,1415
1388,1422
1415,1419
1417,1409
1427,1433
1417,1427
1427,1448
1397,1437
1406,1438
1429,1431
1414,1429
1425,1434
1432,1453
1427,1457
1413,1453
1436,1443
1427,1445
1427,1433
1432,1474
1420,1459
1440,1460
1438,1455
1450,1455
1459,1465
1450,1464
1438,1450
1448,1463
1444,1460
1454,1448
1462,1468
1429,1489
1476,1470
1448,1479
1483,1480
1482,1489
1471,1488
1504,1478
1469,1478
1462,1484
1470,1492
1472,1487
1475,1479
1468,1491
1515,1500
1482,1495
1483,1490
1480,1512
1488,1487
1489,1520
1472,1497
1504,1515
1491,1517
1492,1500
1485,1487
1491,1504
1492,1510
1510,1514
1494,1517
1510,1506
1497,1517
1532,1520
1510,1533
1515,1523
1505,1528
1526,1531
1546,1518
1531,1527
1527,1524
1519,1516
1532,1528
1539,1518
1532,1544
1543,1535
1546,1517
1523,1545
1515,1512
1512,1522
1535,1537
1551,1546
1559,1539
1527,1506
1532,1553
1532,1530
1548,1528
1534,1524
1542,1533
1513,1529
1531,1536
1525,1530
1539,1537
1528,1536
1539,1542
1531,1533
1559,1537
1550,1531
1542,1512
1563,1563
1553,1555
1544,1535
1556,1512
1528,1527
1555,1539
1561,1538
1533,1524
1555,1526
1562,1530
1541,1535
1533,1535
1548,1543
1520,1541
1523,1515
1532,1527
1554,1526
1561,1538
1543,1519
1552,1533
1522,1524
1498,1521
1517,1502
1547,1508
1535,1502
1530,1502
1521,1494
1523,1512
1533,1514
1513,1518
1535,1507
1531,1510
1514,1504
1505,1495
1528,1519
1536,1491
1505,1492
1515,1500
1520,1499
1527,1504
1531,1484
1525,1498
1510,1490
1496,1475
1491,1500
1483,1492
1538,1476
1489,1470
1484,1477
1510,1492
1544,1466
1485,1476
1496,1462
1509,1489
1501,1472
1496,1475
1502,1471
1481,1468
1486,1449
1475,1431
1467,1464
1459,1454
1468,1448
1473,1434
1467,1457
1466,1431
1472,1440
1461,1473
1463,1469
1448,1441
1466,1438
1441,1416
1455,1414
1478,1421
1467,1431
1426,1450
1454,1448
1421,1417
1453,1423
1446,1415
1447,1421
1428,1425
1434,1405
1428,1408
1432,1414
1417,1404
1421,1406
1427,1415
1423,1413
1421,1392
1429,1407
1421,1400
1427,1383
1382,1408
1416,1396
1426,1411
1387,1395
1414,1386
1402,1408
1407,1403
1389,1390
1385,1403
1403,1392
1397,1373
1374,1396
1407,1369
1404,1389
1387,1379
1375,1387
1398,1388
1374,1398
1380,1370
1384,1381
1375,1367
1393,1381
1410,1370
1381,1388
1371,1375
1377,1364
1392,1373
1370,1374
1379,1374
1366,1385
1373,1378
1379,1375
1374,1367
1389,1350
1361,1376
1326,1377
1373,1377
1360,1358
1379,1371
1362,1373
1363,1356
1332,1363
1349,1372
1367,1369
1357,1369
1351,1367
1348,1370
1354,1368
1366,1360
1342,1356
1365,1370
1359,1360
1347,1360
1341,1361
1359,1356
1349,1360
1333,1375
1365,1353
1376,1370
1370,1357
1384,1388
1358,1379
1366,1393
1376,1370
1370,1378
1369,1370
1355,1374
1379,1374
1370,1364
1366,1374
1367,1406
1386,1383
1357,1387
1348,1374
1353,1388
1365,1387
1384,1387
1371,1409
1376,1400
1376,1382
1392,1387
1359,1386
1383,1391
1387,1360
1378,1401
1387,1427
1375,1400
1367,1398
1391,1399
1381,1410
1372,1405
1389,1422
1396,1410
1401,1422
1392,1411
1395,1423
1386,1407
1393,1399
1392,1415
1418,1438
1386,1408
1398,1430
1405,1434
1403,1457
1421,1438
1441,1455
1407,1442
1381,1416
1421,1432
1410,1427
1419,1438
1410,1436
1424,1416
1457,1446
1412,1445
1444,1462
1428,1472
1427,1453
1421,1463
1431,1464
1448,1456
1438,1460
1441,1460
1460,1456
1434,1456
1428,1462
1459,1462
1430,1465
1447,1471
1453,1485
1471,1487
1461,1484
1452,1453
1464,1474
1461,1488
1452,1483
1458,1472
1483,1492
1468,1495
1475,1486
1494,1493
1475,1490
1465,1498
1486,1472
1484,1500
1512,1478
1518,1514
1478,1497
1498,1506
1500,1499
1492,1527
1499,1513
1513,1514
1502,1515
1491,1500
1511,1505
1521,1509
1491,1507
1512,1506
1510,1504
1502,1521
1554,1532
1527,1521
1516,1507
1534,1529
1527,1511
1522,1551
1517,1502
1508,1533
1535,1535
1532,1515
1492,1531
1523,1521
1541,1517
1535,1521
1537,1507
1517,1513
1550,1521
1551,1542
1535,1536
1544,1527
1519,1555
1528,1529
1550,1541
1545,1506
1527,1531
1542,1534
1552,1536
1530,1530
1564,1524
1562,1519
1555,1534
1553,1517
1545,1527
1533,1554
1539,1550
1544,1534
1545,1514
1551,1536
1521,1537
1558,1524
1526,1519
1536,1521
1539,1527
1533,1526
1546,1528
1508,1539
1528,1507
1550,1530
1552,1527
1534,1518
1535,1514
1540,1509
1527,1513
1518,1514
1534,1515
1526,1499
1536,1492
1545,1509
1524,1509
1517,1518
1545,1507
1541,1492
1542,1518
1498,1509
1533,1524
1539,1510
1517,1503
1518,1506
1515,1499
1511,1488
1496,1489
1526,1495
1509,1509
1526,1480
1517,1496
1484,1478
1498,1476
1509,1472
1501,1477
1525,1491
1503,1473
1489,1485
1489,1472
1481,1479
1492,1450
1490,1451
1494,1482
1475,1481
1486,1463
1475,1461
1499,1477
1483,1457
1481,1460
1474,1429
1478,1448
1491,1451
1461,1450
1499,1444
1456,1459
1493,1436
1476,1439
1485,1427
1459,1454
1490,1442
1465,1430
1446,1440
1435,1432
1451,1440
1464,1430
1443,1455
1457,1414
1444,1422
1426,1442
1438,1414
1445,1418
1442,1417
1424,1437
1440,1417
1419,1429
1424,1419
1426,1397
1431,1413
1428,1400
1438,1393
1414,1420
1411,1403
1419,1406
1415,1374
1432,1402
1419,1396
1420,1410
1416,1394
1423,1393
1415,1400
1419,1369
1395,1383
1379,1396
1389,1396
1407,1395
1382,1388
1402,1383
1412,1366
1392,1370
1402,1392
1405,1386
1383,1370
1390,1399
1372,1374
1392,1381
1371,1382
1396,1376
1374,1363
1370,1378
1368,1383
1370,1375
1374,1385
1365,1360
1359,1385
1365,1386
1368,1372
1363,1376
1378,1361
1372,1386
1372,1370
1356,1375
1365,1341
1355,1376
1385,1388
1373,1380
1351,1361
1366,1364
1360,1374
1348,1370
1344,1376
1331,1372
1332,1371
1397,1380
1365,1377
1376,1371
1351,1362
1382,1377
1350,1364
1331,1376
1364,1382
1365,1376
1346,1358
1357,1374
1362,1370
1360,1349
1365,1376
1361,1376
1368,1361
1356,1373
1355,1373
1374,1365
1368,1382
1377,1366
1328,1397
1365,1381
1372,1393
1367,1366
1365,1357
1386,1399
1361,1390
1375,1399
1360,1397
1394,1396
1402,1394
1383,1384
1380,1397
1377,1393
1385,1414
1399,1390
1383,1397
1389,1398
1430,1405
1391,1427
1367,1405
1403,1404
1407,1402
1382,1411
1389,1414
1421,1392
1408,1409
1404,1438
1387,1424
1409,1405
1396,1424
1390,1416
1394,1413
1394,1419
1415,1412
1413,1454
1434,1432
1415,1430
1436,1436
1420,1445
1410,1442
1428,1444
1428,1437
1420,1437
1422,1428
1437,1468
1409,1453
1449,1429
1474,1463
1434,1460
1428,1468
1443,1462
1466,1472
1438,1466
1433,1461
1442,1454
1473,1470
1471,1472
1453,1475
1448,1450
1473,1467
1466,1464
1478,1478
1462,1475
1471,1501
1465,1472
1478,1502
1490,1472
1477,1472
1485,1497
1477,1470
1466,1493
1484,1483
1488,1491
1493,1489
1485,1487
1501,1512
1496,1495
1504,1499
1503,1497
1520,1496
1487,1493
1489,1508
1499,1515
1501,1537
1532,1516
1501,1521
1529,1517
1520,1516
1493,1519
1540,1509
1508,1496
1473,1518
1509,1518
1507,1529
1498,1515
1517,1534
1504,1550
1522,1538
1506,1525
1544,1505
1554,1540
1519,1512
1512,1528
1527,1518
1530,1513
1526,1557
1545,1527
1523,1529
1551,1515
1533,1514
1535,1528
1542,1545
1522,1523
1523,1532
1529,1543
1556,1527
1511,1544
1537,1538
1533,1521
1511,1529
1535,1505
1562,1521
1534,1507
1519,1521
1535,1539
1548,1530
1541,1518
1538,1516
1549,1532
1528,1509
1515,1510
1534,1525
1517,1519
1530,1519
1538,1534
1543,1537
1550,1515
1525,1540
1549,1523
1551,1540
1544,1519
1509,1516
1552,1528
1538,1508
1535,1538
1559,1514
1512,1513
1531,1502
1518,1512
1519,1507
1526,1501
1542,1506
1531,1505
1519,1492
1533,1507
1513,1503
1525,1488
1519,1508
1541,1501
1497,1487
1504,1484
1535,1476
1514,1488
1507,1494
1502,1497
1526,1485
1532,1491
1487,1490
1504,1479
1497,1500
1483,1484
1508,1472
1488,1463
1508,1455
1488,1481
1523,1465
1468,1499
1498,1463
1488,1481
1478,1460
1487,1471
1478,1458
1497,1440
1483,1454
1490,1440
1470,1475
1466,1439
1454,1457
1476,1443
1450,1441
1454,1426
1443,1445
1462,1447
1447,1422
1446,1433
1454,1434
1454,1452
1446,1440
1477,1453
1423,1445
1458,1442
1422,1413
1429,1429
1449,1439
1452,1427
1447,1405
1435,1422
1434,1398
1441,1425
1425,1420
1412,1411
1414,1411
1433,1428
1403,1397
1452,1433
1423,1409
1424,1409
1395,1419
1409,1418
1391,1414
1432,1405
1402,1424
1415,1398
1422,1399
1367,1392
1402,1401
1390,1415
1391,1369
1413,1400
1403,1402
1396,1398
1389,1388
1368,1389
1377,1386
1384,1399
1404,1375
1382,1396
1402,1369
1376,1392
1399,1377
1376,1380
1386,1372
1377,1380
1374,1388
1388,1373
1389,1378
1389,1389
1373,1375
1362,1370
1363,1373
1343,1373
1394,1366
1353,1362
1352,1386
1359,1363
1359,1378
1389,1362
1364,1381
1373,1381
1367,1373
1370,1369
1358,1374
1366,1373
1346,1394
1368,1350
1352,1380
1364,1365
1365,1373
1359,1386
1365,1370
1352,1352
1358,1373
1358,1382
1368,1371
1390,1404
1380,1388
1369,1385
1375,1369
1384,1370
1366,1381
1348,1360
1376,1365
1365,1375
1373,1394
1370,1378
1357,1381
1389,1377
1363,1387
1369,1392
1374,1393
1379,1388
1380,1369
1367,1388
1353,1366
1380,1385
1386,1385
1384,1380
1377,1402
1367,1379
1381,1395
1404,1405
1383,1403
1376,1396
1390,1389
1383,1403
1384,1398
1396,1401
1387,1433
1378,1415
1389,1406
1388,1421
1376,1408
1420,1414
1408,1430
1391,1408
1412,1431
1435,1438
1424,1417
1402,1447
1388,1445
1411,1420
1408,1437
1423,1425
1417,1426
1423,1436
1431,1432
1416,1420
1443,1429
1427,1432
1424,1437
1414,1446
1409,1464
1420,1456
1419,1452
1447,1455
1415,1439
1438,1451
1447,1455
1454,1457
1455,1429
1454,1456
1428,1471
1429,1460
1438,1464
1454,1486
1449,1491
1470,1479
1467,1468
1476,1486
1470,1474
1460,1505
1465,1479
1472,1480
1494,1486
1473,1486
1468,1481
1484,1484
1475,1497
1484,1505
1483,1496
1496,1489
1483,1494
1514,1488
1490,1507
1450,1492
1505,1490
1517,1486
1501,1502
1500,1507
1507,1496
1518,1506
1487,1513
1487,1517
1513,1516
1508,1498
1497,1509
1502,1510
1513,1546
1498,1498
1529,1506
1507,1521
1520,1532
1513,1499
1559,1523
1517,1513
1541,1515
1534,1519
1521,1521
1520,1521
1535,1510
1499,1525
1521,1518
1521,1519
1538,1527
1537,1498
1526,1524
1522,1539
1559,1528
1530,1538
1536,1522
1533,1539
1538,1547
1529,1526
1527,1530
1535,1530
1510,1541
1522,1529
1535,1524
1535,1510
1541,1525
1537,1516
1534,1533
1544,1532
1536,1530
1541,1541
1550,1518
1535,1522
1556,1534
1546,1561
1548,1523
1555,1527
1525,1516
1563,1537
1536,1526
1548,1509
1517,1500
1520,1503
1531,1530
1531,1527
1507,1506
1498,1521
1515,1519
1538,1513
1537,1519
1531,1528
1532,1507
1543,1509
1531,1507
1537,1509
1514,1504
1515,1495
1510,1505
1525,1499
1534,1500
1498,1482
1526,1497
1502,1514
1532,1502
1483,1499
1523,1487
1492,1507
1515,1508
1489,1496
1495,1503
1485,1474
1500,1465
1485,1488
1507,1475
1501,1490
1488,1480
1492,1471
1492,1494
1487,1473
1509,1464
1480,1465
1491,1467
1496,1483
1505,1467
1491,1472
1451,1475
1468,1436
1489,1464
1452,1458
1455,1453
1471,1453
1459,1443
1451,1454
1459,1434
1472,1442
1468,1450
1466,1456
1472,1451
1438,1440
1442,1430
1452,1432
1448,1428
1439,1425
1424,1421
1425,1416
1442,1449
1444,1415
1445,1419
1437,1390
1426,1406
1439,1405
1435,1417
1418,1417
1464,1390
1447,1432
1424,1420
1416,1429
1441,1414
1413,1413
1441,1419
1416,1402
1407,1415
1407,1393
1423,1402
1405,1391
1412,1378
1402,1417
1391,1393
1430,1407
1397,1385
1401,1377
1395,1387
1394,1385
1384,1396
1368,1404
1395,1409
1387,1372
1386,1381
1385,1373
1384,1384
1388,1372
1391,1397
1384,1366
1407,1391
1380,1367
1360,1372
1393,1379
1406,1391
1390,1393
1382,1354
1381,1387
1379,1368
1381,1371
1391,1364
1372,1376
1379,1372
1371,1381
1355,1365
1359,1392
1357,1389
1375,1371
1369,1372
1386,1358
1369,1352
1362,1362
1358,1361
1367,1359
1367,1384
1345,1362
1360,1367
1373,1374
1353,1361
1387,1356
1362,1372
1362,1366
1371,1361
1380,1366
1364,1363
1347,1368
1377,1386
1351,1369
1381,1383
1343,1378
1385,1369
1333,1361
1371,1376
1355,1382
1380,1371
1375,1368
1369,1362
1375,1367
1371,1392
1353,1390
1355,1401
1395,1382
1375,1380
1359,1389
1385,1380
1372,1393
1368,1388
1388,1371
1392,1392
1373,1400
1378,1386
1371,1384
1374,1407
1376,1412
1388,1405
1379,1407
1369,1404
1371,1419
1376,1396
1400,1406
1400,1417
1375,1410
1397,1385
1379,1418
1399,1429
1395,1415
1396,1407
1388,1435
1412,1441
1402,1452
1394,1432
1408,1431
1413,1416
1430,1415
1407,1430
1421,1448
1401,1445
1426,1441
1408,1456
1423,1459
1422,1437
1418,1449
1435,1473
1428,1456
1426,1447
1454,1436
1430,1448
1420,1460
1439,1462
1458,1465
1439,1457
1434,1450
1451,1469
1453,1463
1466,1475
1456,1472
1456,1466
1451,1477
1463,1499
1487,1486
1458,1469
1483,1475
1473,1484
1482,1495
1441,1470
1474,1488
1482,1493
1459,1494
1480,1485
1470,1472
1486,1496
1514,1501
1492,1481
1504,1500
1478,1506
1511,1489
1485,1507
1493,1508
1490,1510
1487,1529
1514,1487
1504,1517
1480,1517
1517,1511
1509,1502
1499,1516
1493,1514
1520,1504
1518,1515
1530,1513
1524,1516
1498,1512
1509,1510
1533,1531
1536,1514
1531,1501
1530,1534
1535,1515
1497,1526
1531,1534
1540,1498
1508,1526
1522,1521
1521,1508
1522,1519
1527,1521
1517,1535
1548,1515
1544,1538
1518,1531
1507,1529
1521,1522
1544,1527
1527,1540
1543,1540
1530,1523
1555,1533
1535,1523
1536,1514
1555,1538
1549,1523
1550,1539
1535,1545
1544,1523
1530,1525
1550,1529
1520,1525
1543,1499
1543,1540
1552,1539
1558,1505
1542,1513
1517,1524
1518,1506
1538,1525
1530,1517
1533,1528
1528,1518
1541,1521
1535,1507
1524,1539
1542,1531
1516,1522
1524,1513
1525,1502
1548,1508
1549,1501
1509,1504
1520,1522
1534,1519
1540,1507
1535,1506
1523,1514
1518,1487
1515,1487
1521,1499
1491,1472
1487,1512
1511,1489
1501,1492
1511,1484
1510,1513
1503,1513
1520,1462
1518,1476
1488,1496
1497,1493
1508,1491
1488,1465
1511,1475
1496,1469
1485,1461
1498,1468
1463,1463
1501,1471
1490,1443
1486,1451
1478,1464
1489,1463
1476,1461
1455,1467
1503,1449
1492,1450
1492,1470
1508,1455
1466,1460
1484,1455
1468,1440
1465,1440
1448,1454
1438,1457
1461,1428
1451,1426
1456,1425
1457,1444
1451,1446
1459,1438
1447,1428
1458,1417
1452,1441
1428,1445
1436,1429
1446,1416
1443,1413
1431,1411
1443,1432
1445,1425
1424,1416
1443,1415
1463,1427
1433,1409
1440,1415
1419,1395
1439,1417
1419,1387
1407,1413
1417,1397
1412,1387
1450,1390
1401,1406
1392,1409
1388,1412
1401,1395
1397,1379
1397,1382
1414,1407
1376,1380
1417,1417
1400,1395
1355,1400
1391,1400
1381,1404
1392,1382
1392,1381
1406,1387
1383,1394
1391,1380
1381,1379
1377,1383
1396,1386
1388,1398
1366,1376
1370,1378
1401,1371
1376,1381
1383,1371
1382,1384
1382,1385
1374,1376
1376,1393
1375,1381
1358,1385
1376,1374
1380,1370
1393,1354
1354,1364
1357,1375
1399,1363
1353,1402
1351,1388
1380,1399
1353,1395
1380,1379
1383,1377
1361,1369
1374,1357
1382,1373
1373,1378
1368,1380
1353,1374
1355,1370
1360,1370
1379,1381
1388,1397
1379,1356
1352,1379
1365,1375
1375,1402
1354,1391
1362,1378
1377,1379
1367,1386
1349,1362
1344,1370
1368,1393
1377,1393
1363,1366
1394,1399
1371,1405
1383,1406
1373,1373
1395,1403
1375,1383
1379,1387
1393,1379
1383,1395
1385,1408
1394,1432
1390,1393
1400,1408
1388,1392
1385,1413
1386,1408
1378,1408
1372,1410
1386,1417
1393,1394
1408,1405
1399,1401
1391,1413
1399,1416
1402,1408
1394,1418
1413,1442
1409,1432
1380,1433
1392,1413
1426,1423
1423,1423
1421,1422
1431,1452
1420,1449
1436,1449
1440,1419
1429,1456
1434,1441
1426,1453
1433,1444
1420,1452
1439,1443
1411,1452
1417,1453
1440,1448
1463,1452
1440,1466
1436,1447
1454,1435
1433,1439
1431,1463
1454,1476
1449,1462
1433,1476
1468,1470
1473,1457
1469,1461
1482,1477
1441,1472
1479,1466
1489,1475
1440,1491
1470,1491
1484,1479
1480,1499
1472,1483
1470,1473
1482,1491
1500,1481
1492,1485
1497,1489
1494,1476
1489,1505
1487,1478
1486,1521
1481,1481
1489,1505
1505,1495
1514,1506
1505,1477
1468,1497
1490,1512
1493,1520
1509,1510
1493,1508
1528,1509
1512,1511
1489,1520
1512,1495
1523,1508
1525,1500
1504,1532
1507,1526
1505,1530
1521,1509
1516,1524
1496,1529
1498,1535
1516,1511
1527,1498
1510,1532
1505,1518
1516,1528
1562,1531
1524,1520
1533,1519
1530,1519
1543,1527
1524,1521
1539,1537
1546,1520
1534,1537
1515,1503
1530,1529
1517,1526
1523,1528
1533,1537
1503,1536
1539,1520
1539,1528
1502,1522
1534,1527
1550,1519
1525,1524
1551,1511
1519,1547
1538,1544
1526,1518
1520,1526
1525,1529
1524,1513
1556,1511
1524,1519
1552,1528
1518,1536
1531,1519
1507,1534
1515,1490
1532,1524
1526,1502
1546,1489
1532,1504
1539,1496
1519,1511
1506,1521
1535,1492
1525,1523
1524,1508
1522,1520
1525,1509
1498,1516
1523,1496
1534,1503
1518,1520
1515,1475
1520,1510
1488,1493
1528,1483
1503,1503
1528,1489
1511,1493
1498,1487
1512,1504
1504,1497
1475,1475
1471,1476
1505,1480
1482,1480
1497,1488
1487,1489
1492,1472
1515,1465
1508,1463
1498,1455
1491,1488
1488,1457
1462,1478
1532,1439
1458,1454
1462,1451
1472,1446
1503,1459
1476,1459
1462,1445
1464,1444
1471,1472
1467,1473
1447,1432
1480,1464
1446,1450
1443,1440
1462,1440
1454,1461
1460,1433
1465,1440
1434,1445
1469,1428
1440,1433
1440,1436
1426,1434
1455,1409
1442,1418
1427,1450
1440,1427
1457,1435
1433,1424
1439,1423
1435,1408
1424,1410
1448,1430
1394,1403
1425,1414
1403,1401
1403,1420
1433,1437
1404,1398
1420,1406
1447,1416
1414,1395
1403,1400
1411,1404
1397,1389
1404,1390
1421,1390
1419,1396
1401,1391
1395,1383
1384,1390
1396,1385
1403,1380
1411,1381
1382,1386
1409,1383
1429,1382
1395,1380
1387,1410
1388,1402
1394,1393
1392,1367
1379,1373
1376,1379
1400,1380
1377,1379
1359,1387
1382,1396
1380,1348
1382,1371
1344,1372
1383,1396
1362,1363
1371,1361
1359,1382
1385,1377
1349,1384
1366,1369
1367,1363
1364,1369
1340,1363
1372,1379
1372,1372
1387,1375
1368,1379
1368,1362
1365,1371
1377,1366
1339,1380
1358,1391
1359,1381
1359,1384
1354,1381
1382,1403
1359,1370
1362,1374
1375,1377
1382,1376
1386,1384
1367,1376
1378,1393
1362,1381
1373,1374
1401,1385
1374,1393
1378,1397
1377,1381
1390,1390
1392,1390
1358,1406
1389,1392
1380,1394
1399,1399
1371,1400
1410,1392
1406,1397
1368,1391
1380,1391
1381,1365
1369,1406
1376,1396
1395,1411
1365,1383
1386,1395
1390,1404
1400,1404
1380,1382
1402,1408
1386,1410
1386,1408
1388,1408
1398,1432
1410,1402
1377,1411
1402,1423
1396,1426
1403,1416
1411,1425
1399,1425
1420,1453
1387,1444
1409,1427
1409,1412
1433,1425
1423,1438
1420,1438
1432,1438
1422,1436
1416,1432
1426,1432
1432,1467
1427,1441
1422,1445
1432,1440
1435,1441
1433,1452
1429,1456
1442,1437
1423,1449
1425,1442
1429,1455
1462,1446
1436,1455
1458,1467
1415,1470
1439,1481
1463,1483
1473,1441
1468,1450
1456,1458
1456,1492
1488,1459
1454,1463
1483,1475
1464,1467
1467,1480
1460,1482
1482,1476
1497,1494
1481,1493
1484,1473
1481,1479
1482,1477
1480,1484
1491,1497
1482,1493
1497,1491
1476,1491
1481,1482
1473,1509
1489,1499
1495,1494
1493,1505
1465,1497
1473,1501
1508,1495
1533,1505
1501,1521
1497,1507
1514,1506
1524,1523
1492,1506
1528,1516
1488,1516
1528,1527
1511,1522
1493,1535
1520,1511
1521,1519
1523,1528
1498,1534
1535,1516
1520,1508
1523,1513
1523,1531
1511,1518
1539,1508
1539,1519
1537,1539
1560,1518
1519,1531
1515,1513
1518,1519
1531,1546
1516,1514
1545,1525
1510,1538
1506,1523
1515,1520
1549,1530
1542,1515
1536,1527
1531,1498
1532,1514
1525,1523
1530,1546
1523,1520
1529,1525
1537,1510
1534,1536
1508,1505
1535,1514
1543,1532
1537,1537
1511,1519
1514,1512
1524,1512
1527,1497
1540,1519
1519,1519
1518,1511
1512,1512
1551,1524
1525,1528
1501,1518
1522,1509
1562,1520
1501,1521
1508,1506
1519,1501
1520,1488
1521,1498
1541,1490
1525,1505
1516,1481
1517,1491
1510,1490
1505,1482
1514,1482
1498,1488
1493,1512
1521,1476
1517,1470
1507,1487
1492,1475
1500,1470
1486,1478
1507,1485
1521,1489
1480,1485
1505,1464
1471,1467
1474,1445
1504,1467
1512,1461
1498,1467
1500,1465
1475,1472
1486,1471
1487,1476
1486,1464
1474,1452
1493,1475
1479,1463
1462,1472
1448,1454
1454,1465
1476,1452
1479,1465
1475,1434
1469,1451
1463,1443
1422,1425
1476,1437
1442,1437
1445,1443
1445,1440
1445,1421
1438,1448
1454,1426
1441,1431
1434,1442
1449,1418
1407,1427
1440,1412
1424,1417
1437,1404
1426,1430
1408,1412
1446,1404
1412,1394
1444,1429
1431,1413
1427,1431
1417,1427
1423,1420
1429,1416
1390,1390
1404,1396
1402,1380
1416,1415
1410,1399
1394,1390
1412,1398
1405,1378
1408,1409
1375,1404
1392,1409
1405,1399
1388,1377
1393,1405
1393,1375
1380,1388
1408,1406
1396,1383
1393,1390
1362,1400
1392,1381
1377,1382
1380,1379
1379,1391
1382,1382
1389,1393
1388,1377
1376,1370
1365,1377
1377,1371
1402,1385
1351,1391
1371,1355
1370,1368
1375,1374
1376,1366
1378,1396
1372,1391
1383,1361
1389,1392
1371,1385
1355,1382
1378,1384
1359,1413
1365,1380
1392,1358
1370,1397
1360,1381
1366,1371
1356,1380
1356,1375
1351,1353
1380,1385
1364,1366
1355,1365
1358,1382
1355,1386
1364,1363
1355,1388
1398,1387
1348,1382
1393,1396
1356,1408
1375,1396
1371,1360
1393,1380
1390,1390
1370,1387
1369,1380
1382,1384
1366,1400
1385,1404
1393,1421
1370,1385
1392,1411
1360,1391
1355,1400
1375,1405
1396,1389
1383,1392
1376,1381
1372,1405
1401,1420
1376,1405
1381,1417
1379,1426
1381,1405
1390,1421
1382,1414
1380,1413
1386,1403
1396,1423
1399,1439
1392,1394
1409,1392
1414,1441
1418,1417
1403,1408
1412,1424
1414,1407
1406,1415
1395,1441
1419,1460
1408,1402
1416,1452
1422,1419
1415,1433
1444,1437
1427,1434
1425,1450
1426,1436
1416,1442
1457,1434
1428,1439
1443,1462
1434,1446
1435,1463
1437,1469
1428,1423
1450,1449
1437,1455
1463,1449
1430,1467
1442,1460
1439,1465
1471,1456
1441,1483
1469,1449
1474,1499
1437,1460
1490,1472
1452,1470
1461,1470
1487,1478
1463,1480
1460,1486
1511,1472
1479,1483
1491,1501
1457,1474
1480,1504
1488,1499
1484,1466
1502,1491
1465,1474
1488,1493
1512,1497
1494,1494
1520,1518
1484,1486
1518,1512
1495,1516
1483,1492
1490,1508
1490,1502
1491,1500
1488,1518
1510,1508
1487,1506
1500,1499
1495,1516
1534,1527
1497,1506
1521,1499
1504,1528
1531,1534
1497,1507
1506,1522
1524,1493
1521,1513
1502,1519
1527,1526
1539,1519
1515,1510
1532,1511
1514,1531
1525,1519
1524,1542
1556,1535
1538,1528
1530,1529
1555,1508
1540,1536
1516,1523
1499,1520
1533,1496
1533,1510
1547,1514
1522,1501
1516,1513
1535,1529
1519,1520
1534,1519
1535,1514
1527,1543
1531,1508
1516,1538
1509,1505
1544,1527
1548,1530
1537,1536
1520,1529
1503,1527
1535,1527
1523,1519
1529,1522
1510,1519
1519,1500
1518,1497
1536,1525
1543,1519
1522,1508
1504,1516
1509,1516
1501,1529
1516,1505
1529,1504
1525,1483
1499,1509
1501,1511
1512,1490
1546,1494
1515,1491
1508,1501
1530,1488
1519,1490
1522,1486
1509,1500
1528,1497
1550,1502
1521,1482
1501,1481
1512,1501
1514,1486
1505,1475
1486,1489
1508,1475
1488,1492
1479,1501
1495,1498
1504,1491
1483,1474
1499,1461
1500,1461
1506,1474
1471,1453
1506,1489
1473,1449
1492,1464
1493,1459
1481,1466
1450,1446
1486,1457
1462,1466
1452,1444
1470,1441
1459,1464
1467,1465
1473,1451
1461,1438
1462,1452
1450,1444
1455,1432
1451,1441
1449,1437
1463,1443
1452,1454
1447,1430
1472,1456
1430,1437
1452,1420
1450,1432
1446,1431
1458,1420
1453,1422
1429,1421
1425,1425
1442,1399
1430,1430
1434,1444
1414,1425
1419,1408
1417,1398
1421,1409
1456,1412
1419,1399
1430,1417
1424,1424
1421,1402
1409,1394
1408,1407
1427,1399
1403,1414
1406,1391
1381,1399
1416,1385
1411,1415
1391,1390
1390,1398
1396,1392
1400,1394
1406,1397
1399,1403
1398,1393
1398,1390
1403,1391
1388,1380
1375,1377
1391,1385
1393,1382
1390,1370
1400,1393
1372,1387
1373,1381
1368,1403
1379,1377
1374,1368
1381,1360
1387,1394
1365,1383
1361,1395
1382,1374
1396,1382
1400,1379
1373,1365
1399,1375
1390,1348
1374,1378
1377,1375
1400,1376
1349,1353
1372,1370
1379,1395
1366,1395
1342,1382
1377,1376
1343,1382
1357,1397
1362,1367
1383,1372
1366,1402
1368,1401
1394,1382
1367,1369
1366,1389
1376,1382
1390,1386
1367,1385
1362,1369
1371,1371
1352,1386
1375,1408
1374,1393
1382,1385
1367,1395
1360,1381
1369,1385
1351,1396
1383,1413
1395,1380
1378,1399
1392,1391
1389,1398
1377,1374
1374,1370
1397,1385
1387,1403
1373,1397
