ch1,ch2
1577,1536
1582,1555
1558,1564
1522,1512
1517,1546
1550,1605
1469,1561
1542,1570
1561,1467
1526,1557
1576,1536
1586,1631
1605,1560
1596,1629
1599,1583
1585,1491
1518,1551
1548,1602
1516,1566
1565,1538
1613,1585
1491,1612
1574,1609
1508,1603
1671,1599
1667,1608
1501,1490
1569,1579
1526,1624
1583,1494
1563,1608
1612,1545
1680,1571
1610,1645
1589,1597
1643,1535
1661,1607
1634,1606
1564,1559
1602,1583
1590,1681
1592,1581
1573,1615
1609,1604
1580,1557
1615,1603
1605,1507
1577,1562
1523,1537
1563,1605
1530,1594
1664,1530
1604,1583
1622,1573
1601,1559
1614,1561
1526,1579
1569,1478
1557,1582
1574,1519
1468,1464
1503,1538
1501,1526
1554,1552
1479,1455
1571,1542
1487,1529
1527,1500
1429,1530
1395,1430
1521,1401
1572,1471
1465,1468
1484,1363
1397,1368
1467,1438
1352,1440
1467,1421
1546,1458
1546,1527
1402,1500
1473,1496
1407,1440
1426,1421
1575,1473
1429,1443
1469,1429
1472,1475
1445,1390
1353,1381
1454,1389
1593,1535
1594,1526
1435,1488
1482,1521
1447,1450
1398,1514
1315,1409
1455,1391
1388,1397
1472,1450
1427,1351
1367,1373
1420,1438
1426,1412
1355,1429
1383,1417
1313,1371
1440,1417
1414,1424
1405,1366
1437,1433
1313,1363
1407,1430
1421,1456
1345,1403
1445,1483
1342,1414
1385,1427
1411,1479
1439,1597
1462,1439
1427,1357
1387,1464
1438,1469
1401,1469
1430,1434
1463,1507
1515,1561
1397,1397
1439,1419
1429,1544
1429,1474
1585,1541
1458,1495
1489,1580
1452,1504
1548,1524
1425,1468
1516,1553
1512,1578
1658,1578
1380,1343
1408,1373
1529,1627
1512,1646
1571,1586
1460,1493
1593,1546
1572,1535
1393,1404
1480,1481
1664,1599
1702,1594
1355,1482
1495,1588
1436,1527
1391,1428
1572,1609
1671,1548
1372,1554
1622,1568
1610,1550
1537,1612
1628,1604
1578,1591
1557,1625
1611,1543
1592,1506
1424,1536
1670,1574
1454,1501
1596,1536
1567,1534
1603,1651
1444,1554
1573,1616
1507,1497
1593,1612
1652,1536
1595,1547
1561,1504
1483,1558
1439,1487
1487,1496
1550,1527
1544,1533
1589,1556
1520,1473
1455,1500
1587,1471
1463,1402
1567,1532
1467,1472
1396,1444
1569,1615
1447,1369
1403,1523
1425,1409
1632,1604
1605,1563
1594,1623
1627,1518
1364,1487
1541,1521
1585,1509
1495,1419
1421,1441
1575,1573
1631,1569
1480,1440
1590,1563
1527,1454
1503,1474
1508,1447
1509,1416
1518,1542
1361,1391
1628,1598
1442,1476
1677,1617
1474,1526
1391,1386
1434,1401
1573,1569
1375,1445
1351,1413
1659,1587
1315,1396
1467,1527
1690,1565
1415,1429
1386,1420
1406,1468
1454,1379
1427,1412
1513,1588
1483,1454
1391,1444
1640,1518
1410,1468
1526,1505
1437,1551
1445,1441
1486,1500
1380,1416
1425,1529
1348,1459
1569,1591
1535,1504
1573,1544
1353,1362
1415,1453
1555,1578
1423,1478
1460,1513
1493,1563
1469,1466
1460,1470
1391,1484
1552,1587
1669,1547
1556,1576
1444,1471
1396,1414
1395,1395
1568,1585
1434,1368
1583,1635
1441,1388
1457,1519
1419,1466
1678,1574
1590,1574
1481,1606
1550,1573
1527,1521
1548,1604
1561,1486
1382,1367
1380,1389
1574,1620
1592,1570
1360,1341
1619,1519
1400,1482
1579,1627
1613,1601
1426,1492
1418,1445
1486,1493
1457,1497
1529,1455
1673,1531
1462,1475
1653,1636
1610,1652
1582,1529
1666,1688
1581,1589
1515,1611
1380,1417
1566,1562
1596,1610
1456,1456
1500,1490
1581,1581
1539,1588
1480,1479
1482,1434
1433,1486
1515,1578
1319,1452
1589,1562
1444,1509
1389,1378
1554,1567
1607,1539
1567,1582
1395,1309
1590,1587
1609,1649
1420,1499
1567,1515
1436,1406
1538,1521
1603,1595
1599,1680
1656,1617
1533,1444
1326,1404
1602,1643
1381,1459
1643,1605
1692,1620
1409,1461
1588,1574
1538,1622
1436,1503
1648,1594
1334,1381
1403,1411
1434,1491
1493,1479
1428,1431
1534,1527
1522,1495
1319,1417
1587,1626
1390,1391
1560,1551
1458,1443
1368,1426
1524,1490
1578,1638
1641,1642
1343,1448
1392,1444
1485,1495
1437,1562
1367,1382
1653,1601
1529,1409
1387,1382
1557,1577
1368,1420
1533,1497
1524,1552
1511,1473
1647,1566
1515,1414
1678,1600
1534,1556
1358,1468
1369,1399
1453,1455
1595,1622
1600,1537
1623,1605
1335,1404
1383,1411
1450,1482
1378,1417
1501,1453
1595,1589
1594,1601
1637,1647
1381,1430
1378,1441
1470,1307
1382,1467
1669,1607
1621,1546
1427,1540
1533,1603
1571,1514
1477,1514
1566,1441
1524,1470
1390,1497
1378,1389
1423,1412
1467,1537
1462,1502
1580,1555
1422,1458
1647,1654
1455,1449
1442,1430
1365,1386
1524,1439
1597,1635
1689,1647
1570,1494
1473,1486
1487,1366
1628,1533
1552,1550
1690,1584
1563,1576
1640,1599
1482,1586
1548,1608
1390,1393
1344,1467
1640,1556
1513,1595
1705,1583
1600,1543
1482,1397
1460,1525
1632,1603
1526,1543
1511,1454
1466,1531
1326,1456
1580,1537
1477,1419
1630,1554
1517,1562
1501,1489
1406,1441
1445,1509
1456,1520
1634,1572
1538,1571
1552,1550
1585,1610
1323,1460
1371,1418
1489,1548
1532,1536
1643,1597
1647,1615
1393,1499
1639,1538
1553,1486
1516,1529
1407,1465
1410,1442
1573,1619
1664,1576
1393,1434
1623,1559
1671,1584
1573,1533
1585,1617
1398,1450
1383,1494
1378,1402
1446,1326
1534,1627
1642,1622
1340,1359
1504,1433
1449,1467
1448,1344
1609,1561
1381,1552
1409,1355
1550,1466
1572,1603
1388,1399
1631,1502
1418,1529
1437,1399
1522,1631
1607,1579
1410,1411
1548,1535
1437,1431
1336,1416
1434,1456
1563,1592
1417,1419
1477,1537
1630,1548
1302,1507
1429,1375
1620,1529
1383,1348
1581,1644
1436,1400
1596,1577
1599,1627
1616,1633
1504,1499
1535,1582
1415,1475
1574,1513
1388,1484
1494,1445
1315,1342
1498,1452
1558,1461
1559,1513
1679,1587
1510,1606
1576,1639
1424,1379
1455,1497
1483,1451
1651,1620
1523,1555
1454,1608
1413,1503
1598,1570
1413,1465
1637,1608
1530,1531
1532,1516
1607,1582
1369,1344
1329,1432
1375,1364
1529,1565
1465,1449
1426,1441
1476,1442
1567,1534
1477,1538
1633,1626
1575,1527
1429,1430
1613,1566
1381,1378
1405,1430
1367,1387
1470,1464
1390,1444
1502,1467
1531,1461
1423,1426
1454,1527
1409,1460
1599,1589
1546,1549
1617,1503
1326,1460
1469,1388
1542,1437
1469,1547
1659,1559
1357,1470
1530,1565
1628,1593
1475,1479
1606,1595
1349,1409
1577,1627
1337,1460
1602,1652
1645,1569
1382,1421
1374,1401
1371,1337
1581,1519
1633,1625
1624,1595
1336,1445
1343,1454
1571,1485
1659,1514
1605,1585
1622,1546
1435,1527
1652,1636
1391,1414
1372,1346
1530,1600
1430,1395
1354,1395
1483,1629
1438,1409
1668,1617
1459,1456
1494,1472
1601,1616
1620,1574
1555,1425
1524,1630
1549,1620
1570,1584
1472,1485
1594,1572
1512,1555
1679,1659
1465,1606
1477,1484
1499,1579
1367,1406
1437,1598
1634,1576
1401,1377
1440,1397
1618,1612
1430,1481
1478,1454
1589,1565
1581,1639
1693,1626
1587,1621
1472,1484
1564,1569
1624,1553
1663,1523
1397,1530
1622,1612
1391,1401
1416,1443
1523,1639
1634,1537
1533,1585
1674,1609
1733,1536
1478,1385
1534,1549
1436,1425
1557,1554
1577,1608
1493,1501
1558,1553
1342,1355
1533,1552
1595,1572
1324,1360
1540,1498
1618,1612
1716,1585
1413,1436
1488,1533
1656,1518
1495,1436
1633,1567
1611,1571
1522,1537
1396,1386
1613,1551
1594,1608
1456,1532
1454,1477
1446,1406
1616,1566
1545,1525
1463,1503
1418,1433
1383,1471
1356,1420
1427,1393
1373,1495
1446,1552
1622,1652
1343,1399
1454,1438
1482,1402
1599,1565
1606,1598
1422,1459
1619,1601
1675,1591
1421,1470
1588,1574
1396,1397
1559,1464
1539,1493
1534,1552
1348,1434
1373,1465
1475,1481
1539,1464
1447,1490
1316,1392
1614,1642
1564,1607
1496,1512
1392,1339
1411,1432
1645,1497
1410,1393
1529,1601
1378,1385
1579,1488
1585,1514
1573,1547
1487,1402
1363,1422
1535,1533
1621,1630
1545,1570
1417,1465
1350,1327
1537,1579
1551,1582
1613,1541
1513,1497
1584,1652
1409,1389
1570,1535
1458,1432
1437,1547
1621,1613
1449,1465
1376,1446
1472,1424
1684,1579
1607,1600
1582,1573
1495,1511
1581,1595
1367,1467
1322,1388
1358,1408
1636,1572
1642,1578
1463,1424
1598,1595
1536,1524
1576,1658
1431,1405
1417,1471
1657,1529
1578,1589
1512,1504
1464,1480
1521,1423
1390,1408
1377,1385
1421,1406
1327,1384
1420,1365
1570,1566
1476,1444
1480,1533
1619,1586
1400,1459
1544,1627
1434,1420
1511,1559
1339,1367
1377,1405
1410,1385
1565,1577
1347,1437
1555,1624
1458,1441
1420,1411
1645,1588
1596,1549
1481,1466
1630,1542
1585,1585
1448,1535
1400,1431
1421,1414
1686,1557
1581,1515
1419,1456
1412,1386
1366,1409
1429,1394
1492,1415
1568,1547
1569,1581
1535,1536
1482,1472
1571,1590
1672,1674
1441,1343
1526,1441
1553,1561
1530,1588
1430,1459
1567,1501
1532,1505
1584,1610
1580,1591
1703,1649
1320,1373
1524,1432
1386,1339
1572,1586
1468,1401
1526,1445
1459,1421
1377,1426
1480,1599
1590,1542
1479,1495
1536,1440
1381,1443
1437,1354
1323,1396
1600,1551
1592,1575
1522,1473
1664,1561
1439,1504
1621,1585
1669,1549
1497,1542
1684,1621
1535,1441
1575,1611
1356,1378
1581,1621
1576,1609
1575,1598
1358,1443
1336,1407
1539,1504
1373,1394
1314,1396
1702,1642
1440,1360
1325,1393
1605,1534
1642,1585
1674,1558
1434,1424
1457,1428
1438,1512
1627,1610
1387,1506
1640,1622
1695,1631
1489,1487
1535,1571
1303,1417
1421,1401
1268,1463
1508,1531
1580,1578
1630,1611
1441,1435
1418,1382
1605,1647
1598,1580
1448,1407
1496,1585
1651,1645
1404,1452
1604,1578
1402,1418
1450,1414
1395,1554
1620,1606
1425,1317
1494,1518
1416,1470
1416,1411
1599,1577
1455,1380
1538,1447
1410,1458
1399,1470
1580,1606
1407,1431
1257,1334
1619,1668
1583,1667
1462,1464
1433,1338
1385,1347
1627,1507
1589,1700
1492,1459
1375,1422
1478,1468
1627,1559
1452,1479
1458,1481
1373,1437
1572,1610
1388,1361
1487,1487
1362,1500
1622,1579
1639,1598
1641,1620
1548,1531
1415,1365
1503,1480
1523,1455
1597,1555
1444,1507
1547,1475
1622,1586
1352,1399
1259,1328
1671,1551
1412,1428
1646,1579
1561,1562
1493,1526
1363,1427
1389,1441
1399,1523
1377,1423
1603,1579
1447,1427
1540,1529
1547,1584
1482,1511
1538,1391
1338,1481
1557,1524
1417,1454
1714,1574
1666,1633
1554,1495
1380,1487
1596,1586
1529,1487
1510,1587
1394,1424
1332,1429
1376,1392
1619,1595
1403,1479
1596,1543
1687,1607
1354,1359
1618,1499
1392,1410
1446,1486
1414,1361
1672,1557
1624,1617
1423,1398
1392,1375
1662,1566
1502,1391
1358,1370
1265,1431
1417,1474
1447,1473
1386,1312
1337,1367
1591,1522
1599,1638
1522,1380
1393,1507
1525,1672
1402,1430
1554,1648
1668,1576
1520,1547
1444,1407
1381,1299
1408,1418
1429,1431
1374,1401
1385,1368
1580,1546
1358,1427
1461,1442
1519,1525
1587,1637
1614,1621
1443,1463
1409,1479
1390,1389
1331,1464
1566,1558
1557,1532
1330,1409
1364,1412
1658,1561
1678,1662
1337,1378
1463,1454
1492,1436
1597,1633
1453,1445
1600,1591
1603,1519
1391,1418
1494,1410
1590,1565
1539,1573
1693,1551
1608,1597
1639,1608
1428,1431
1604,1586
1372,1451
1486,1546
1508,1548
1684,1582
1587,1538
1427,1534
1395,1516
1406,1437
1420,1456
1595,1614
1648,1617
1375,1358
1472,1463
1636,1567
1649,1608
1573,1609
1613,1528
1590,1562
1534,1503
1651,1598
1493,1543
1556,1548
1321,1459
1555,1625
1469,1547
1610,1651
1487,1358
1464,1436
1533,1608
1460,1424
1584,1599
1447,1435
1511,1485
1475,1516
1375,1414
1430,1380
1426,1422
1334,1412
1627,1587
1350,1410
1421,1532
1435,1520
1301,1411
1653,1607
1506,1577
1491,1603
1427,1453
1481,1419
1529,1555
1521,1565
1417,1391
1376,1360
1657,1512
1601,1540
1459,1414
1531,1505
1422,1437
1423,1406
1537,1498
1376,1443
1668,1569
1604,1661
1615,1583
1583,1568
1528,1474
1321,1417
1561,1568
1382,1382
1553,1606
1468,1420
1409,1349
1399,1414
1460,1350
1565,1461
1671,1537
1385,1414
1403,1434
1368,1403
1494,1433
1549,1482
1592,1559
1507,1472
1608,1599
1571,1570
1387,1392
1605,1611
1458,1497
1401,1359
1645,1605
1403,1388
1362,1426
1597,1635
1558,1559
1483,1377
1656,1648
1727,1588
1545,1536
1441,1579
1457,1436
1446,1498
1491,1546
1385,1397
1586,1560
1658,1629
1528,1506
1406,1411
1435,1423
1545,1505
1405,1390
1516,1504
1538,1592
1574,1595
1523,1437
1562,1422
1556,1644
1396,1436
1421,1450
1494,1563
1587,1582
1593,1573
1461,1508
1371,1422
1392,1375
1535,1471
1538,1516
1345,1478
1482,1478
1484,1450
1518,1568
1534,1641
1537,1460
1611,1622
1479,1541
1450,1392
1553,1553
1375,1449
1404,1442
1618,1512
1506,1550
1561,1632
1418,1467
1600,1635
1542,1516
1421,1411
1587,1618
1380,1511
1588,1589
1672,1487
1389,1316
1325,1433
1524,1651
1444,1511
1648,1618
1450,1457
1680,1635
1517,1540
1286,1430
1316,1435
1408,1377
1609,1531
1557,1521
1510,1497
1426,1446
1446,1572
1559,1533
1583,1606
1678,1612
1565,1639
1674,1559
1568,1509
1621,1579
1391,1440
1494,1489
1630,1548
1535,1503
1409,1475
1434,1336
1372,1307
1574,1549
1367,1400
1575,1626
1594,1567
1409,1455
1429,1515
1445,1459
1559,1481
1462,1445
1621,1621
1631,1674
1356,1392
1517,1483
1584,1581
1596,1600
1671,1577
1583,1611
1498,1443
1466,1481
1585,1554
1558,1515
1584,1595
1572,1456
1483,1563
1624,1523
1624,1583
1413,1464
1440,1528
1443,1390
1543,1567
1668,1488
1476,1477
1442,1468
1574,1445
1576,1455
1529,1538
1653,1629
1574,1569
1474,1404
1689,1557
1568,1527
1381,1427
1490,1605
1371,1454
1640,1520
1378,1388
1487,1439
1622,1472
1305,1422
1596,1566
1602,1546
1468,1497
1314,1408
1447,1454
1380,1451
1460,1465
1433,1523
1634,1590
1429,1404
1485,1443
1625,1648
1500,1382
1340,1381
1595,1528
1690,1578
1349,1412
1484,1562
1626,1633
1600,1447
1556,1603
1376,1415
1488,1572
1632,1567
1692,1548
1484,1450
1573,1537
1624,1601
1448,1439
1412,1414
1558,1569
1385,1425
1417,1387
1339,1340
1709,1567
1658,1643
1443,1448
1600,1566
1449,1444
1462,1392
1559,1540
1503,1542
1333,1461
1385,1463
1534,1527
1462,1451
1554,1597
1561,1621
1471,1523
1623,1609
1431,1514
1441,1498
1440,1435
1668,1626
1329,1420
1526,1577
1369,1381
1411,1458
1600,1540
1585,1568
1513,1454
1598,1592
1588,1542
1380,1403
1369,1352
1367,1384
1493,1452
1454,1452
1639,1562
1595,1616
1412,1375
1511,1532
1434,1340
1685,1591
1565,1495
1341,1441
1545,1592
1609,1609
1535,1554
1543,1388
1565,1458
1636,1653
1437,1415
1559,1566
1539,1520
1611,1535
1508,1497
1599,1521
1416,1449
1462,1471
1643,1629
1617,1625
1603,1585
1460,1457
1321,1414
1393,1452
1447,1497
1475,1406
1702,1581
1572,1630
1401,1384
1475,1519
1639,1607
1625,1620
1503,1455
1657,1548
1653,1645
1430,1432
1462,1603
1487,1493
1363,1458
1284,1461
1508,1572
1667,1583
1624,1511
1448,1484
1424,1442
1467,1373
1523,1481
1718,1519
1561,1613
1580,1468
1595,1534
1407,1392
1385,1366
1533,1571
1601,1676
1342,1457
1401,1403
1645,1575
1437,1339
1446,1456
1386,1445
1485,1476
1525,1579
1436,1460
1629,1523
1482,1387
1469,1487
1620,1567
1340,1461
1365,1423
1567,1510
1551,1560
1558,1517
1370,1458
1438,1436
1594,1586
1459,1409
1364,1394
1350,1441
1642,1522
1398,1386
1595,1665
1458,1544
1611,1604
1593,1630
1405,1462
1394,1459
1652,1572
1571,1647
1508,1600
1319,1403
1486,1599
1604,1598
1510,1547
1631,1574
1630,1556
1447,1411
1561,1541
1562,1429
1420,1546
1311,1398
1548,1652
1455,1588
1650,1687
1591,1584
1419,1504
1495,1487
1636,1621
1442,1464
1445,1419
1410,1540
1399,1453
1605,1627
1571,1508
1608,1562
1533,1507
1482,1447
1481,1419
1510,1483
1579,1500
1380,1506
1573,1594
1446,1455
1608,1560
1518,1509
1406,1428
1486,1438
1660,1580
1357,1478
1565,1436
1407,1485
1406,1458
1399,1418
1391,1411
1426,1427
1528,1551
1399,1389
1483,1368
1643,1588
1491,1481
1443,1427
1457,1437
1431,1481
1591,1606
1354,1362
1514,1459
1474,1568
1394,1385
1454,1494
1596,1522
1514,1548
1493,1495
1368,1394
1600,1556
1584,1510
1486,1592
1445,1410
1618,1605
1525,1418
1528,1423
1471,1516
1356,1387
1401,1448
1368,1444
1452,1428
1563,1646
1490,1534
1357,1387
1416,1410
1399,1416
1681,1606
1424,1447
1584,1607
1546,1529
1356,1471
1502,1551
1417,1407
1395,1499
1595,1595
1409,1368
1424,1431
1542,1543
1584,1538
1376,1378
1452,1406
1502,1538
1646,1625
1482,1507
1447,1385
1488,1459
1429,1482
1473,1480
1578,1563
1345,1418
1394,1515
1394,1426
1566,1574
1486,1452
1469,1528
1628,1617
1423,1426
1482,1507
1422,1347
1538,1593
1393,1501
1607,1605
1456,1588
1411,1364
1510,1582
1615,1569
1534,1490
1634,1529
1385,1520
1517,1584
1662,1581
1410,1321
1312,1381
1523,1480
1423,1444
1403,1429
1418,1427
1589,1593
1518,1487
1479,1573
1542,1567
1546,1519
1429,1381
1563,1570
1612,1538
1303,1373
1609,1513
1680,1505
1412,1441
1578,1493
1368,1377
1589,1559
1393,1472
1637,1581
1370,1378
1432,1401
1404,1388
1659,1562
1412,1416
1514,1514
1387,1413
1409,1404
1389,1401
1444,1469
1616,1589
1473,1537
1394,1509
1542,1512
1622,1517
1434,1462
1495,1533
1415,1391
1588,1471
1373,1442
1569,1621
1489,1415
1583,1611
1428,1421
1511,1497
1557,1501
1397,1358
1596,1576
1588,1589
1441,1484
1434,1382
1687,1552
1475,1499
1400,1378
1567,1510
1567,1511
1416,1355
1557,1575
1591,1564
1388,1393
1463,1397
1566,1545
1332,1401
1524,1492
1578,1528
1573,1610
1639,1597
1516,1494
1603,1571
1425,1388
1444,1483
1557,1522
1432,1451
1475,1438
1553,1430
1612,1506
1500,1525
1478,1432
1631,1622
1433,1505
1377,1352
1714,1563
1394,1445
1485,1501
1539,1555
1557,1456
1399,1447
1459,1440
1406,1426
1382,1438
1443,1462
1578,1532
1594,1534
1587,1544
1532,1578
1668,1620
1595,1608
1550,1690
1599,1543
1451,1480
1356,1396
1468,1480
1389,1439
1463,1512
1333,1437
1501,1476
1499,1569
1487,1567
1565,1591
1526,1529
1386,1425
1639,1661
1364,1311
1338,1426
1387,1369
1486,1493
1501,1543
1346,1426
1617,1570
1310,1394
1333,1382
1437,1436
1519,1584
1525,1533
1494,1572
1588,1551
1585,1537
1621,1650
1647,1664
1574,1565
1626,1536
1477,1458
1508,1521
1408,1460
1622,1550
1562,1556
1565,1563
1520,1549
1421,1529
1511,1647
1510,1534
1508,1564
1492,1462
1383,1371
1348,1414
1438,1455
1393,1440
1511,1486
1540,1543
1509,1435
1475,1537
1608,1556
1523,1544
1701,1560
1537,1588
1446,1522
1522,1564
1566,1580
1550,1595
1463,1487
1597,1609
1379,1416
1365,1392
1585,1547
1519,1570
1604,1641
1469,1538
1434,1415
1498,1417
1588,1586
1482,1468
1598,1621
1619,1609
1418,1418
1649,1655
1318,1370
1561,1542
1458,1508
1461,1357
1535,1575
1366,1522
1441,1426
1545,1644
1514,1411
1362,1431
1387,1359
1587,1535
1498,1559
1596,1637
1593,1580
1465,1465
1389,1377
1511,1588
1554,1615
1428,1464
1416,1481
1424,1337
1546,1601
1428,1410
1588,1617
1573,1603
1382,1384
1601,1489
1382,1447
1387,1374
1616,1533
1468,1402
1387,1410
1455,1390
1401,1439
1548,1548
1658,1622
1358,1436
1434,1409
1445,1590
1645,1528
1614,1627
1442,1425
1518,1550
1444,1484
1577,1606
1601,1473
1425,1422
1407,1448
1387,1402
1643,1611
1406,1514
1554,1549
1630,1629
1601,1632
1546,1485
1349,1333
1506,1540
1502,1493
1550,1631
1425,1491
1417,1369
1370,1427
1352,1412
1422,1396
1646,1584
1681,1548
1547,1566
1661,1553
1461,1441
1577,1548
1616,1648
1596,1597
1496,1596
1426,1605
1518,1522
1648,1513
1386,1474
1532,1460
1429,1441
1433,1335
1658,1621
1389,1481
1616,1600
1363,1400
1457,1425
1455,1477
1451,1459
1532,1598
1603,1639
1692,1501
1480,1437
1542,1581
1590,1621
1535,1517
1536,1574
1433,1481
1506,1497
1580,1519
1574,1598
1572,1605
1494,1533
1575,1486
1390,1422
1391,1486
1573,1534
1431,1523
1505,1464
1576,1636
1503,1434
1498,1520
1583,1539
1563,1563
1474,1522
1381,1381
1559,1566
1627,1610
1386,1398
1597,1621
1569,1560
1641,1548
1655,1577
1639,1568
1460,1490
1325,1377
1362,1454
1519,1574
1642,1581
1508,1487
1381,1426
1299,1389
1437,1525
1581,1651
1486,1475
1525,1563
1563,1500
1444,1353
1498,1539
1402,1447
1605,1597
1533,1515
1563,1558
1640,1640
1481,1483
1347,1416
1528,1471
1649,1656
1509,1507
1543,1503
1406,1458
1437,1449
1620,1559
1475,1453
1257,1367
1543,1508
1575,1523
1629,1622
1378,1361
1722,1616
1411,1429
1543,1576
1408,1458
1331,1455
1394,1487
1386,1395
1399,1403
1316,1465
1557,1602
1438,1400
1576,1517
1376,1464
1458,1432
1433,1469
1394,1439
1516,1570
1306,1316
1520,1487
1631,1630
1554,1588
1537,1527
1648,1563
1458,1442
1477,1446
1388,1433
1371,1409
1497,1508
1449,1435
1489,1529
1517,1609
1602,1548
1460,1371
1379,1415
1667,1571
1386,1406
1460,1439
1417,1495
1592,1518
1538,1520
1562,1586
1441,1423
1343,1464
1614,1489
1507,1494
1461,1379
1598,1611
1507,1527
1465,1389
1453,1484
1559,1531
1567,1473
1528,1500
1666,1614
1437,1474
1523,1593
1526,1521
1373,1412
1607,1536
1357,1439
1539,1498
1455,1547
1437,1490
1564,1591
1538,1611
1481,1473
1505,1557
1497,1395
1507,1469
1498,1450
1439,1452
1344,1472
1413,1529
1546,1595
1568,1560
1440,1484
1352,1435
1701,1531
1534,1567
1436,1443
1444,1469
1463,1390
1586,1499
1467,1504
1523,1542
1461,1444
1321,1500
1429,1461
1646,1695
1666,1563
1543,1495
1556,1533
1391,1458
1554,1439
1525,1575
1488,1414
1563,1593
1501,1412
1626,1523
1404,1396
1628,1547
1403,1433
1496,1496
1570,1567
1432,1438
1615,1515
1529,1601
1331,1397
1547,1618
1316,1406
1537,1599
1499,1401
1613,1620
1494,1520
1457,1437
1520,1584
1427,1435
1454,1434
1543,1589
1574,1547
1580,1491
1522,1607
1643,1616
1334,1386
1576,1588
1348,1425
1379,1381
1441,1533
1549,1482
1509,1484
1475,1482
1367,1513
1505,1585
1540,1466
1579,1555
1530,1575
1447,1466
1538,1450
1531,1550
1493,1503
1485,1468
1439,1486
1628,1530
1580,1517
1602,1540
1506,1530
1542,1469
1448,1472
1515,1485
1407,1393
1353,1434
1418,1487
1410,1438
1587,1533
1552,1507
1569,1523
1545,1577
1620,1565
1608,1637
1466,1418
1495,1543
1651,1607
1404,1389
1581,1544
1538,1550
1365,1438
1514,1545
1614,1636
1411,1452
1415,1408
1528,1505
1691,1560
1622,1547
1498,1452
1512,1489
1487,1481
1360,1439
1480,1467
1625,1634
1510,1585
1589,1498
1454,1515
1309,1463
1594,1583
1469,1523
1475,1466
1513,1536
1563,1476
1536,1474
1443,1461
1497,1551
1617,1587
1409,1311
1503,1487
1485,1439
1461,1441
1523,1483
1606,1571
1616,1619
1457,1412
1626,1593
1391,1390
1361,1449
1412,1391
1451,1434
1432,1445
1589,1559
1656,1594
1440,1409
1551,1550
1584,1546
1624,1530
1309,1453
1608,1542
1479,1396
1470,1457
1506,1517
1529,1515
1624,1542
1512,1457
1534,1563
1482,1543
1444,1472
1545,1574
1507,1439
1438,1403
1571,1585
1593,1575
1348,1364
1458,1488
1636,1552
1452,1374
1466,1511
1595,1519
1590,1638
1518,1528
1378,1421
1557,1628
1540,1506
1523,1576
1585,1506
1402,1506
1619,1574
1405,1441
1434,1438
1405,1435
1560,1516
1585,1495
1415,1495
1591,1550
1534,1543
1540,1523
1606,1544
1579,1582
1459,1450
1383,1339
1429,1462
1511,1495
1419,1379
1570,1508
1372,1503
1546,1541
1390,1384
1430,1436
1549,1496
1624,1527
1603,1562
1358,1435
1676,1622
1515,1489
1517,1573
1499,1515
1542,1590
1649,1593
1430,1524
1442,1383
1577,1610
1557,1553
1571,1605
1607,1561
1552,1573
1564,1403
1625,1552
1428,1483
1494,1497
1645,1552
1454,1418
1451,1427
1496,1536
1627,1573
1346,1436
1456,1477
1568,1540
1568,1646
1680,1605
1598,1649
1564,1602
1645,1580
1518,1604
1402,1471
1559,1560
1528,1444
1590,1601
1406,1426
1418,1428
1365,1465
1559,1550
1502,1509
1671,1603
1575,1573
1562,1527
1410,1397
1580,1583
1599,1555
1614,1572
1652,1539
1421,1323
1480,1396
1410,1355
1342,1466
1442,1434
1409,1459
1583,1582
1529,1522
1419,1507
1607,1614
1490,1399
1451,1414
1527,1600
1424,1559
1476,1486
1531,1564
1351,1436
1432,1518
1500,1482
1534,1562
1523,1428
1681,1648
1479,1460
1417,1401
1552,1546
1578,1579
1473,1432
1648,1537
1537,1524
1631,1518
1563,1602
1597,1618
1522,1519
1595,1617
1523,1476
1621,1626
1609,1555
1622,1512
1517,1446
1567,1637
1408,1427
1508,1506
1435,1394
1594,1534
1451,1409
1448,1428
1475,1460
1433,1467
1487,1458
1596,1582
1460,1612
1387,1454
1714,1601
1542,1426
1571,1524
1597,1479
1505,1571
1408,1463
1617,1569
1451,1449
1542,1566
1540,1517
1607,1405
1607,1566
1356,1501
1488,1546
1391,1488
1672,1570
1579,1599
1571,1554
1476,1463
1647,1582
1455,1442
1325,1409
1532,1533
1354,1456
1658,1600
1429,1364
1418,1387
1621,1609
1480,1418
1647,1578
1446,1376
1453,1438
1471,1499
1537,1594
1579,1507
1397,1531
1556,1605
1580,1565
1408,1433
1599,1547
1415,1380
1568,1533
1489,1504
1558,1567
1382,1474
1510,1549
1541,1509
1476,1547
1615,1585
1588,1485
1306,1401
1475,1476
1631,1581
1606,1497
1663,1593
1541,1612
1618,1569
1525,1598
1613,1541
1513,1609
1576,1538
1634,1609
1502,1486
1553,1618
1583,1565
1563,1487
1599,1532
1591,1650
1457,1508
1496,1491
1610,1560
1488,1506
1464,1437
1470,1489
1479,1489
1397,1463
1606,1555
1424,1498
1437,1403
1371,1453
1636,1554
1483,1436
1554,1508
1492,1417
1418,1433
1606,1545
1345,1493
1438,1478
1495,1504
1587,1589
1656,1617
1487,1615
1517,1583
1353,1431
1450,1471
1498,1579
1500,1439
1345,1387
1502,1513
1627,1590
1470,1463
1665,1523
1558,1552
1397,1428
1472,1394
1589,1616
1545,1516
1616,1605
1523,1583
1466,1485
1384,1392
1595,1626
1593,1545
1407,1457
1624,1555
1423,1445
1542,1560
1551,1502
1633,1639
1455,1437
1383,1423
1412,1507
1550,1565
1521,1520
1599,1591
1405,1422
1470,1431
1553,1618
1404,1442
1600,1576
1475,1504
1603,1561
1457,1492
1621,1602
1583,1549
1454,1432
1377,1405
1321,1419
1559,1518
1580,1610
1535,1496
1397,1478
1590,1553
1520,1478
1552,1577
1396,1421
1508,1379
1396,1354
1472,1424
1429,1451
1546,1617
1570,1520
1473,1474
1344,1429
1404,1397
1603,1492
1622,1560
1561,1534
1613,1549
1382,1490
1531,1578
1610,1474
1480,1469
1549,1541
1345,1416
1412,1494
1649,1601
1566,1617
1524,1548
1382,1530
1614,1559
1523,1550
1557,1601
1593,1476
1514,1521
1531,1552
1373,1370
1483,1488
1512,1490
1653,1561
1366,1429
1426,1437
1396,1406
1398,1446
1459,1431
1656,1489
1598,1549
1564,1599
1568,1609
1609,1544
1589,1531
1377,1469
1565,1561
1591,1551
1565,1623
1506,1486
1534,1473
1416,1483
1585,1456
1490,1560
1508,1513
1571,1544
1415,1443
1473,1464
1514,1453
1361,1397
1626,1594
1536,1584
1468,1496
1515,1458
1593,1601
1455,1446
1458,1438
1397,1380
1617,1617
1564,1503
1405,1459
1384,1394
1411,1380
1544,1548
1553,1504
1484,1528
1502,1462
1568,1564
1527,1533
1404,1312
1521,1506
1598,1569
1389,1383
1361,1450
1401,1424
1528,1527
1574,1568
1497,1455
1603,1533
1430,1422
1488,1383
1449,1424
1415,1426
1518,1493
1490,1572
1436,1502
1491,1375
1516,1543
1488,1403
1548,1586
1558,1524
1570,1546
1439,1513
1455,1455
1524,1602
1572,1547
1493,1524
1538,1541
1514,1429
1403,1413
1534,1390
1465,1451
1450,1465
1577,1533
1626,1622
1569,1507
1399,1447
1385,1438
1525,1466
1634,1547
1543,1613
1381,1398
1601,1567
1467,1517
1600,1580
1413,1386
1546,1625
1544,1514
1379,1436
1373,1509
1653,1557
1550,1474
1578,1540
1551,1557
1368,1408
1495,1556
1418,1418
1605,1522
1518,1530
1491,1576
1459,1510
1536,1573
1547,1569
1498,1496
1411,1446
1493,1487
1608,1510
1539,1531
1372,1414
1547,1553
1461,1543
1442,1412
1406,1491
1438,1473
1380,1460
1484,1534
1475,1440
1598,1532
1610,1565
1402,1462
1596,1561
1492,1575
1427,1451
1406,1407
1519,1476
1414,1437
1580,1531
1496,1480
1525,1502
1532,1442
1568,1545
1483,1470
1474,1494
1558,1532
1414,1510
1382,1476
1448,1440
1700,1489
1477,1637
1620,1627
1595,1552
1522,1445
1360,1462
1488,1551
1559,1482
1628,1493
1655,1548
1586,1532
1587,1592
1394,1368
1608,1569
1558,1606
1438,1427
1496,1494
1600,1601
1523,1525
1510,1565
1470,1411
1545,1397
1486,1592
1446,1441
1595,1554
1611,1623
1512,1450
1384,1448
1525,1506
1459,1421
1505,1394
1604,1636
1381,1466
1453,1411
1558,1610
1451,1396
1513,1499
1446,1457
1655,1616
1472,1454
1573,1461
1504,1495
1609,1577
1472,1573
1578,1573
1589,1564
1437,1474
1465,1416
1392,1456
1300,1456
1625,1609
1408,1426
1578,1562
1502,1521
1609,1508
1595,1575
1471,1512
1496,1573
1591,1500
1518,1524
1562,1614
1548,1413
1526,1570
1378,1398
1417,1510
1403,1490
1603,1586
1608,1602
1542,1551
1491,1488
1473,1503
1684,1607
1482,1561
1439,1495
1386,1455
1411,1469
1410,1466
1603,1521
1474,1421
1418,1488
1479,1493
1365,1527
1334,1385
1408,1482
1392,1400
1443,1350
1484,1502
1571,1529
1431,1490
1588,1548
1449,1482
1440,1513
1315,1397
1563,1566
1432,1383
1582,1614
1305,1405
1492,1382
1389,1481
1436,1486
1462,1439
1453,1420
1622,1502
1503,1529
1397,1556
1517,1503
1561,1540
1485,1529
1580,1572
1420,1536
1518,1474
1558,1604
1560,1561
1449,1426
1410,1482
1442,1472
1600,1528
1567,1497
1573,1413
1411,1483
1510,1491
1403,1414
1542,1528
1414,1460
1490,1491
1545,1488
1608,1521
1623,1566
1390,1427
1614,1519
1564,1497
1458,1460
1607,1537
1528,1542
1589,1532
1568,1579
1553,1496
1473,1598
1575,1566
1542,1564
1516,1588
1459,1442
1502,1476
1388,1458
1646,1578
1597,1546
1554,1561
1603,1589
1645,1574
1464,1417
1470,1492
1579,1604
1496,1558
1449,1422
1595,1584
1427,1453
1465,1541
1422,1429
1580,1537
1402,1497
1370,1469
1537,1453
1608,1583
1361,1499
1566,1617
1448,1459
1521,1503
1519,1561
1519,1530
1539,1647
1459,1434
1469,1516
1487,1593
1590,1554
1505,1486
1456,1426
1537,1541
1520,1557
1574,1542
1614,1575
1424,1404
1449,1404
1502,1437
1435,1473
1487,1467
1603,1637
1698,1554
1365,1480
1507,1509
1494,1589
1608,1631
1572,1521
1569,1532
1560,1643
1444,1470
1416,1449
1515,1511
1509,1447
1525,1567
1451,1540
1419,1414
1315,1390
1539,1550
1373,1479
1377,1456
1439,1485
1438,1399
1541,1548
1600,1553
1506,1482
1455,1400
1589,1493
1449,1450
1446,1449
1512,1548
1481,1519
1504,1485
1417,1424
1604,1562
1624,1602
1500,1560
1370,1501
1478,1533
1471,1452
1546,1537
1421,1419
1586,1527
1470,1553
1429,1448
1473,1675
1518,1467
1333,1399
1456,1490
1373,1479
1534,1579
1490,1511
1390,1435
1529,1515
1579,1480
1528,1514
1456,1460
1537,1574
1524,1498
1574,1572
1541,1524
1371,1418
1454,1569
1443,1456
1563,1626
1475,1526
1441,1449
1406,1448
1442,1445
1623,1521
1463,1461
1602,1514
1428,1461
1629,1543
1412,1466
1549,1455
1450,1415
1596,1548
1393,1398
1442,1355
1633,1580
1469,1439
1554,1568
1659,1512
1487,1552
1485,1451
1632,1667
1584,1491
1510,1427
1440,1461
1407,1421
1452,1391
1404,1364
1565,1617
1630,1542
1596,1524
1553,1540
1522,1452
1566,1586
1448,1503
1483,1426
1493,1389
1388,1446
1548,1493
1423,1453
1596,1534
1467,1415
1630,1523
1571,1505
1473,1534
1545,1549
1495,1480
1561,1609
1434,1458
1535,1589
1393,1556
1612,1568
1444,1470
1605,1556
1472,1456
1512,1540
1402,1387
1405,1443
1443,1438
1548,1574
1531,1536
1553,1573
1406,1417
1423,1515
1454,1493
1468,1499
1551,1532
1634,1538
1441,1392
1520,1456
1371,1459
1477,1487
1637,1585
1602,1498
1579,1493
1346,1395
1462,1601
1550,1532
1434,1509
1594,1573
1423,1500
1561,1519
1393,1435
1535,1560
1405,1484
1575,1592
1519,1495
1541,1481
1411,1489
1412,1390
1570,1596
1471,1495
1540,1586
1634,1585
1602,1597
1620,1583
1411,1422
1533,1438
1569,1425
1580,1609
1650,1643
1583,1570
1511,1472
1447,1420
1307,1406
1492,1625
1460,1477
1430,1393
1610,1607
1447,1468
1413,1524
1469,1438
1397,1461
1414,1447
1654,1552
1572,1550
1389,1449
1582,1551
1464,1451
1399,1421
1494,1545
1510,1475
1520,1558
1393,1431
1548,1502
1562,1543
1626,1575
1579,1588
1437,1410
1397,1490
1517,1581
1627,1571
1537,1479
1541,1459
1485,1454
1436,1454
1495,1526
1503,1467
1679,1641
1545,1436
1466,1502
1498,1483
1412,1403
1590,1543
1416,1518
1485,1448
1580,1590
1429,1508
1508,1546
1451,1398
1348,1401
1510,1546
1431,1426
1447,1411
1605,1550
1490,1518
1630,1587
1480,1414
1459,1496
1580,1560
1432,1446
1525,1561
1588,1533
1590,1592
1543,1554
1528,1472
1487,1577
1385,1415
1479,1493
1565,1534
1441,1469
1427,1490
1487,1532
1564,1624
1657,1586
1414,1428
1408,1435
1369,1446
1531,1507
1515,1531
1444,1376
1443,1436
1434,1484
1444,1490
1590,1471
1503,1578
1483,1428
1526,1481
1467,1429
1535,1530
1613,1528
1395,1449
1559,1477
1559,1554
1577,1458
1583,1559
1495,1480
1641,1513
1566,1546
1621,1537
1509,1554
1477,1553
1587,1522
1583,1573
1584,1531
1488,1510
1376,1422
1470,1446
1434,1484
1509,1563
1643,1564
1517,1462
1504,1555
1537,1459
1546,1514
1415,1399
1456,1476
1348,1462
1465,1414
1390,1454
1448,1414
1417,1445
1479,1457
1511,1548
1570,1566
1594,1622
1415,1453
1502,1516
1528,1490
1446,1494
1431,1421
1416,1382
1612,1530
1606,1576
1457,1491
1363,1440
1591,1516
1461,1428
1551,1568
1350,1432
1494,1473
1457,1448
1586,1619
1390,1454
1566,1616
1435,1381
1594,1584
1430,1400
1563,1512
1584,1574
1534,1528
1593,1549
1350,1484
1586,1598
1539,1531
1618,1536
1513,1527
1580,1428
1446,1441
1493,1537
1354,1427
1403,1503
1517,1538
1512,1488
1554,1560
1373,1400
1461,1520
1432,1381
1401,1522
1472,1588
1490,1400
1475,1506
1378,1462
1559,1569
1416,1463
1499,1530
1462,1496
1574,1518
1594,1484
1442,1553
1614,1497
1570,1622
1524,1489
1527,1533
1444,1413
1540,1364
1458,1555
1478,1407
1424,1481
1567,1518
1489,1411
1600,1584
1474,1442
1435,1466
1569,1644
1509,1604
1491,1521
1741,1534
1567,1521
1546,1478
1534,1580
1608,1591
1321,1419
1412,1470
1437,1469
1572,1577
1600,1589
1384,1466
1576,1552
1489,1600
1444,1545
1651,1561
1443,1508
1560,1467
1407,1412
1525,1381
1508,1391
1614,1610
1587,1517
1411,1384
1593,1558
1647,1558
1398,1397
1599,1544
1542,1459
1411,1500
1603,1562
1611,1573
1347,1453
1524,1509
1440,1435
1510,1423
1545,1532
1397,1338
1569,1536
1432,1375
1434,1493
1517,1408
1389,1445
1395,1476
1525,1597
1575,1544
1433,1547
1549,1503
1613,1558
1505,1568
1458,1484
1414,1428
1608,1539
1571,1631
1535,1480
1524,1439
1417,1482
1447,1487
1531,1518
1424,1545
1504,1429
1490,1527
1472,1448
1547,1510
1609,1598
1610,1540
1374,1469
1631,1615
1410,1432
1399,1376
1544,1479
1409,1398
1432,1543
1530,1511
1379,1462
1502,1496
1349,1456
1396,1498
1571,1608
1510,1488
1442,1517
1517,1427
1572,1536
1403,1434
1544,1525
1661,1483
1440,1501
1464,1429
1590,1583
1531,1496
1394,1426
1570,1532
1566,1525
1676,1643
1509,1560
1511,1621
1474,1532
1470,1457
1606,1556
1381,1445
1391,1471
1529,1515
1453,1481
1496,1440
1664,1575
1574,1514
1563,1408
1569,1554
1570,1558
1523,1580
1489,1421
1676,1525
1421,1541
1457,1392
1499,1419
1610,1543
1443,1396
1521,1426
1614,1517
1446,1485
1483,1527
1560,1555
1384,1508
1534,1595
1575,1613
1585,1496
1509,1516
1478,1538
1521,1410
1393,1469
1385,1457
1537,1594
1343,1447
1463,1447
1538,1562
1534,1554
1525,1516
1382,1454
1414,1464
1472,1487
1497,1412
1510,1537
1476,1570
1611,1465
1605,1542
1436,1482
1418,1444
1489,1469
1439,1367
1529,1609
1406,1475
1533,1497
1595,1574
1533,1498
1471,1510
1382,1402
1499,1520
1625,1631
1518,1494
1477,1482
1510,1484
1416,1465
1423,1408
1475,1510
1642,1541
1416,1455
1478,1556
1574,1503
1672,1545
1337,1510
1403,1464
1382,1472
1574,1534
1585,1537
1556,1630
1512,1468
1568,1556
1379,1473
1510,1533
1537,1540
1612,1494
1430,1470
1435,1482
1691,1583
1465,1428
1548,1475
1536,1474
1516,1490
1549,1602
1541,1481
1565,1565
1370,1421
1584,1526
1574,1454
1556,1487
1406,1492
1558,1537
1519,1608
1430,1461
1510,1573
1418,1395
1538,1564
1553,1420
1397,1490
1515,1495
1375,1398
1437,1451
1571,1488
1508,1432
1550,1533
1621,1559
1442,1500
1548,1618
1372,1442
1540,1595
1428,1416
1492,1570
1436,1307
1547,1525
1551,1518
1478,1465
1440,1426
1521,1566
1577,1562
1502,1438
1617,1433
1573,1483
1457,1495
1582,1466
1368,1511
1492,1468
1500,1504
1341,1472
1586,1536
1442,1426
1429,1435
1494,1371
1510,1486
1475,1372
1554,1466
1419,1417
1514,1500
1505,1509
1492,1439
1388,1528
1407,1452
1433,1419
1479,1563
1485,1511
1454,1561
1598,1499
1496,1409
1536,1472
1643,1470
1416,1351
1546,1607
1443,1456
1389,1386
1368,1488
1664,1570
1402,1369
1440,1486
1526,1570
1500,1496
1562,1543
1491,1571
1537,1494
1520,1395
1347,1450
1524,1550
1491,1517
1394,1418
1481,1491
1461,1578
1405,1369
1580,1554
1590,1568
1363,1458
1420,1422
1609,1480
1476,1430
1450,1443
1591,1538
1580,1573
1431,1479
1529,1480
1432,1454
1430,1430
1451,1434
1430,1460
1444,1590
1467,1492
1442,1428
1513,1671
1399,1494
1534,1508
1553,1602
1562,1544
1483,1463
1510,1489
1506,1530
1450,1501
1403,1478
1550,1496
1539,1497
1538,1531
1557,1507
1614,1523
1501,1497
1481,1403
1616,1536
1402,1456
1488,1405
1484,1485
1405,1340
1484,1398
1435,1501
1587,1559
1506,1561
1583,1577
1400,1399
1489,1496
1538,1522
1557,1534
1609,1561
1592,1598
1519,1595
1468,1472
1578,1588
1538,1539
1533,1555
1511,1405
1442,1527
1367,1476
1347,1466
1407,1358
1508,1495
1500,1436
1514,1485
1401,1453
1386,1447
1564,1550
1531,1573
1444,1468
1477,1500
1394,1519
1429,1361
1452,1484
1475,1493
1597,1516
1576,1539
1530,1478
1613,1574
1576,1584
1370,1442
1609,1567
1542,1547
1550,1616
1568,1535
1576,1484
1473,1488
1548,1567
1478,1526
1399,1495
1397,1381
1549,1535
1535,1444
1621,1552
1404,1394
1425,1481
1565,1539
1572,1605
1386,1412
1497,1407
1523,1493
1371,1433
1521,1503
1435,1483
1549,1510
1589,1586
1367,1407
1517,1495
1517,1473
1417,1365
1396,1433
1399,1494
1644,1612
1521,1561
1385,1486
1517,1563
1630,1578
1387,1430
1481,1511
1345,1451
1567,1541
1537,1480
1406,1428
1482,1402
1355,1450
1534,1472
1479,1508
1543,1561
1476,1492
1449,1397
1430,1459
1523,1464
1435,1427
1649,1573
1544,1517
1339,1393
1476,1516
1635,1531
1604,1628
1496,1533
1404,1491
1392,1433
1420,1369
1598,1632
1438,1465
1504,1558
1530,1561
1503,1454
1468,1529
1567,1575
1573,1487
1612,1551
1395,1486
1374,1504
1454,1514
1364,1432
1615,1575
1550,1543
1488,1449
1528,1458
1415,1448
1557,1535
1547,1580
1401,1418
1637,1547
1569,1580
1572,1555
1605,1648
1365,1410
1529,1550
1523,1497
1390,1502
1436,1393
1483,1549
1573,1573
1466,1527
1578,1556
1490,1505
1363,1427
1617,1541
1477,1462
1492,1545
1507,1526
1527,1552
1397,1435
1411,1387
1608,1592
1426,1382
1660,1569
1499,1530
1603,1593
1434,1491
1347,1467
1327,1426
1446,1575
1443,1482
1487,1496
1545,1509
1561,1614
1567,1581
1465,1432
1412,1371
1413,1482
1542,1543
1620,1574
1458,1398
1487,1573
1379,1377
1441,1554
1612,1515
1430,1436
1518,1438
1451,1416
1556,1597
1486,1482
1524,1562
1374,1486
1581,1540
1437,1377
1563,1564
1469,1473
1626,1599
1618,1543
1591,1601
1420,1474
1309,1415
1586,1595
1582,1588
1381,1393
1529,1524
1526,1562
1545,1529
1631,1578
1422,1397
1536,1461
1447,1461
1494,1462
1429,1464
1438,1435
1467,1474
1539,1533
1519,1399
1463,1417
1455,1468
1585,1535
1559,1576
1454,1438
1488,1574
1367,1438
1549,1607
1390,1469
1548,1552
1448,1435
1617,1558
1485,1509
1647,1540
1550,1491
1477,1457
1547,1463
1449,1455
1520,1524
1608,1587
1533,1379
1353,1460
1537,1518
1491,1563
1473,1487
1399,1419
1603,1519
1573,1522
1368,1391
1538,1468
1538,1511
1382,1401
1428,1559
1401,1468
1600,1521
1551,1517
1483,1590
1487,1575
1510,1550
1529,1491
1642,1544
1589,1525
1592,1562
1593,1576
1412,1437
1442,1411
1606,1512
1384,1425
1533,1440
1535,1509
1441,1393
1649,1617
1371,1395
1499,1506
1471,1403
1475,1412
1581,1629
1423,1465
1482,1571
1614,1596
1433,1366
1527,1552
1580,1568
1594,1630
1550,1521
1455,1363
1524,1561
1323,1392
1554,1576
1389,1410
1372,1388
1371,1477
1598,1447
1372,1443
1604,1648
1537,1531
1500,1449
1372,1385
1546,1572
1539,1521
1529,1611
1538,1536
1509,1448
1547,1530
1403,1529
1536,1540
1604,1590
1392,1465
1421,1510
1587,1615
1670,1519
1384,1381
1548,1522
1405,1426
1441,1471
1497,1433
1562,1532
1543,1519
1489,1459
1431,1591
1491,1476
1490,1410
1394,1484
1531,1526
1483,1484
1509,1636
1550,1489
1439,1460
1511,1520
1422,1451
1457,1481
1678,1594
1533,1545
1546,1560
1483,1420
1422,1476
1508,1591
1582,1614
1539,1496
1594,1632
1402,1420
1614,1569
1424,1420
1436,1426
1432,1424
1554,1375
1359,1436
1439,1469
1461,1500
1617,1578
1472,1393
1423,1500
1499,1474
1526,1566
1569,1570
1481,1466
1444,1410
1549,1536
1440,1475
1425,1446
1558,1582
1602,1554
1526,1540
1547,1430
1505,1545
1545,1482
1507,1476
1453,1469
1378,1392
1521,1488
1417,1462
1360,1410
1505,1431
1520,1439
1371,1409
1446,1507
1475,1470
1453,1500
1476,1442
1364,1403
1620,1584
1574,1474
1359,1386
1497,1586
1439,1454
1572,1502
1466,1563
1381,1489
1481,1500
1470,1526
1498,1463
1432,1555
1353,1455
1571,1581
1407,1433
1437,1434
1465,1423
1570,1608
1399,1457
1377,1447
1393,1481
1504,1553
1589,1511
1521,1517
1503,1527
1619,1527
1370,1413
1469,1488
1635,1621
1467,1372
1520,1561
1406,1434
1562,1626
1424,1429
1454,1462
1570,1587
1360,1455
1378,1475
1459,1518
1573,1548
1639,1617
1514,1505
1493,1490
1613,1616
1515,1507
1548,1475
1586,1560
1416,1467
1454,1521
1443,1355
1418,1439
1491,1390
1601,1540
1583,1565
1543,1538
1507,1518
1400,1487
1403,1442
1559,1555
1558,1549
1582,1473
1564,1513
1516,1421
1542,1556
1490,1473
1486,1504
1380,1435
1546,1597
1467,1463
1557,1526
1380,1379
1548,1476
1463,1546
1580,1546
1436,1473
1489,1406
1455,1436
1546,1466
1450,1434
1520,1467
1441,1441
1392,1401
1565,1464
1301,1482
1521,1389
1601,1515
1477,1503
1587,1543
1509,1470
1447,1449
1442,1445
1365,1438
1501,1532
1534,1495
1630,1515
1487,1436
1570,1532
1379,1417
1464,1517
1586,1590
1445,1600
1535,1579
1594,1595
1530,1547
1545,1444
1431,1392
1439,1348
1549,1549
1618,1537
1587,1555
1471,1514
1491,1531
1606,1564
1482,1475
1528,1478
1558,1549
1442,1546
1552,1594
1447,1507
1494,1499
1629,1578
1396,1433
1420,1428
1534,1426
1500,1495
1454,1357
1451,1455
1464,1404
1407,1417
1362,1363
1381,1434
1397,1372
1411,1574
1535,1505
1630,1535
1436,1375
1600,1640
1472,1474
1541,1531
1539,1557
1386,1474
1598,1652
1641,1533
1473,1357
1509,1422
1474,1443
1635,1556
1437,1518
1434,1447
1469,1551
1368,1412
1445,1533
1391,1437
1637,1558
1584,1488
1401,1406
1485,1531
1617,1533
1342,1506
1403,1443
1472,1453
1534,1386
1387,1420
1588,1507
1417,1516
1495,1525
1502,1614
1545,1420
1540,1506
1630,1585
1411,1465
1464,1536
1600,1635
1405,1472
1563,1485
1597,1568
1372,1422
1586,1465
1359,1417
1631,1618
1451,1512
1420,1351
1504,1472
1460,1368
1452,1483
1560,1488
1502,1454
1633,1546
1456,1444
1385,1406
1607,1593
1429,1405
1471,1531
1420,1474
1561,1586
1456,1422
1489,1482
1594,1621
1354,1450
1505,1450
1454,1414
1553,1560
1377,1505
1523,1585
1419,1440
1557,1613
1413,1440
1496,1502
1637,1542
1370,1468
1613,1621
1432,1459
1348,1419
1639,1543
1603,1578
1569,1619
1400,1445
1456,1424
1600,1500
1400,1400
1468,1466
1393,1455
1639,1518
1587,1549
1432,1383
1701,1551
1490,1476
1457,1464
1415,1376
1601,1509
1598,1546
1468,1504
1363,1469
1564,1533
1405,1489
1514,1480
1492,1404
1537,1418
1570,1423
1445,1441
1448,1404
1552,1554
1545,1577
1556,1402
1401,1532
1537,1591
1580,1536
1376,1422
1474,1459
1502,1388
1415,1477
1451,1482
1526,1498
1494,1436
1447,1443
1505,1453
1445,1352
1415,1473
1525,1514
1416,1479
1498,1528
1366,1473
1521,1563
1582,1537
1528,1480
1616,1571
1450,1531
1547,1445
1395,1398
1373,1475
1505,1497
1512,1468
1392,1421
1465,1421
1635,1573
1542,1505
1573,1625
1380,1511
1585,1463
1543,1495
1388,1406
1468,1455
1638,1617
1551,1469
1596,1610
1537,1430
1609,1561
1589,1610
1440,1513
1535,1506
1559,1566
1431,1382
1391,1427
1561,1571
1608,1546
1513,1519
1552,1456
1440,1444
1523,1590
1508,1589
1623,1598
1456,1394
1607,1560
1463,1367
1537,1503
1445,1412
1419,1460
1376,1466
1402,1495
1556,1542
1393,1428
1504,1496
1608,1572
1434,1394
1582,1499
1547,1519
1403,1351
1400,1415
1596,1534
1429,1443
1501,1492
1418,1451
1637,1575
1644,1577
1481,1510
1330,1365
1418,1406
1569,1536
1498,1442
1426,1483
1438,1455
1442,1437
1371,1330
1426,1503
1525,1494
1455,1500
1391,1364
1645,1550
1612,1548
1416,1410
1569,1495
1426,1472
1287,1480
1554,1579
1512,1430
1591,1550
1567,1610
1388,1378
1570,1562
1363,1461
1516,1447
1434,1417
1486,1499
1359,1414
1388,1381
1587,1547
1422,1475
1615,1587
1514,1463
1355,1517
1502,1532
1367,1430
1457,1414
1601,1575
1332,1389
1516,1583
1480,1526
1411,1409
1627,1501
1637,1634
1533,1444
1584,1591
1674,1623
1433,1506
1588,1613
1426,1444
1470,1461
1325,1396
1601,1432
1414,1411
1511,1516
1591,1613
1463,1498
1346,1403
1583,1607
1493,1438
1637,1631
1610,1577
1552,1506
1456,1470
1504,1514
1492,1453
1535,1425
1625,1577
1473,1436
1488,1409
1379,1457
1386,1371
1418,1377
1454,1407
1543,1444
1318,1411
1448,1540
1439,1427
1422,1503
1541,1589
1366,1468
1605,1544
1604,1547
1597,1500
1423,1433
1650,1580
1587,1573
1422,1436
1567,1496
1559,1554
1453,1494
1592,1634
1441,1444
1446,1445
1477,1563
1481,1411
1578,1561
1402,1424
1565,1506
1506,1495
1470,1518
1411,1473
1307,1419
1429,1429
1518,1564
1405,1363
1507,1505
1486,1538
1571,1622
1454,1506
1491,1385
1324,1403
1434,1460
1654,1545
1569,1511
1545,1538
1524,1508
1493,1466
1660,1531
1428,1414
1531,1497
1518,1529
1548,1421
1559,1597
1541,1576
1600,1572
1517,1586
1362,1448
1463,1442
1432,1389
1568,1507
1596,1519
1472,1455
1384,1410
1380,1483
1563,1542
1677,1556
1429,1479
1469,1606
1444,1527
1484,1446
1438,1399
1542,1478
1423,1504
1443,1407
1472,1524
1404,1441
1432,1400
1414,1430
1465,1484
1582,1586
1633,1622
1421,1428
1562,1511
1554,1502
1376,1392
1560,1501
1406,1453
1591,1593
1495,1463
1593,1612
1440,1434
1669,1589
1599,1515
1430,1470
1440,1475
1387,1453
1602,1559
1635,1527
1421,1474
1392,1420
1378,1468
1511,1458
1607,1542
1431,1364
1565,1486
1617,1575
1553,1526
1609,1615
1552,1486
1598,1583
1651,1682
1640,1530
1618,1557
1498,1455
1513,1461
1485,1580
1519,1451
1361,1345
1468,1465
1390,1440
1636,1558
1552,1680
1426,1437
1416,1394
1617,1577
1580,1511
1516,1388
1586,1637
1650,1632
1455,1446
1532,1593
1395,1432
1537,1620
1535,1512
1364,1371
1588,1598
1668,1584
1623,1611
1442,1422
1531,1451
1610,1606
1412,1389
1544,1567
1587,1561
1442,1436
1656,1580
1395,1379
1452,1500
1527,1443
1592,1562
1547,1677
1366,1425
1542,1529
1364,1404
1392,1435
1372,1502
1465,1358
1365,1420
1626,1532
1521,1550
1468,1506
1571,1528
1411,1432
1528,1588
1524,1498
1401,1420
1637,1596
1508,1577
1335,1371
1385,1383
1425,1497
1422,1356
1523,1534
1607,1564
1490,1417
1561,1492
1575,1522
1389,1498
1579,1554
1485,1526
1590,1648
1452,1375
1378,1522
1551,1488
1614,1558
1395,1404
1509,1571
1390,1464
1409,1436
1552,1582
1584,1567
1501,1553
1630,1564
1441,1485
1413,1456
1581,1457
1652,1573
1585,1549
1376,1406
1437,1426
1504,1425
1555,1475
1489,1509
1454,1380
1528,1449
1565,1590
1517,1605
1549,1573
1476,1481
1407,1453
1544,1518
1535,1469
1605,1511
1452,1406
1446,1403
1440,1436
1557,1501
1432,1470
1483,1555
1338,1386
1332,1362
1507,1520
1633,1506
1427,1446
1497,1406
1453,1405
1530,1521
1612,1581
1588,1523
1410,1376
1370,1407
1380,1448
1469,1419
1427,1552
1431,1482
1486,1406
1471,1518
1391,1383
1420,1400
1586,1581
1432,1520
1389,1418
1424,1503
1576,1539
1442,1523
1343,1480
1590,1589
1431,1426
1492,1453
1544,1574
1544,1465
1671,1550
1611,1604
1530,1517
1541,1620
1533,1591
1381,1453
1490,1557
1462,1456
1344,1406
1507,1482
1541,1387
1588,1540
1671,1585
1389,1395
1636,1571
1683,1553
1297,1452
1552,1428
1554,1610
1536,1472
1642,1579
1371,1429
1637,1634
1587,1565
1439,1448
1681,1553
1626,1550
1358,1423
1465,1514
1459,1457
1372,1512
1453,1576
1569,1434
1498,1482
1374,1389
1416,1483
1506,1522
1572,1565
1652,1564
1606,1634
1481,1497
1602,1562
1603,1650
1433,1517
1484,1552
1521,1506
1589,1592
1468,1434
1397,1381
1427,1359
1618,1591
1539,1498
1388,1449
1408,1514
1629,1585
1538,1594
1394,1459
1528,1539
1374,1499
1667,1629
1468,1531
1549,1555
1444,1430
1563,1434
1505,1448
1548,1511
1331,1466
1433,1436
1372,1404
1442,1436
1373,1436
1481,1431
1597,1529
1596,1505
1596,1626
1514,1600
1661,1553
1365,1365
1558,1475
1379,1396
1474,1495
1603,1623
1441,1423
1463,1484
1352,1359
1362,1409
1472,1669
1637,1552
1383,1416
1490,1410
1576,1615
1610,1580
1409,1455
1635,1603
1426,1414
1451,1449
1369,1426
1658,1569
1474,1487
1526,1564
1396,1415
1479,1440
1578,1542
1415,1430
1558,1624
1703,1567
1463,1491
1512,1533
1362,1478
1423,1398
1374,1441
1608,1659
1660,1525
1437,1404
1462,1468
1367,1372
1499,1460
1568,1582
1379,1521
1468,1473
1501,1548
1476,1501
1442,1407
1356,1393
1636,1618
1405,1386
1546,1532
1500,1480
1411,1485
1441,1559
1534,1472
1451,1496
1370,1506
1590,1580
1343,1394
1629,1608
1425,1430
1523,1532
1380,1407
1633,1553
1428,1522
1380,1526
1461,1442
1429,1474
1361,1413
1416,1468
1444,1413
1360,1414
1534,1617
1540,1441
1556,1524
1368,1441
1576,1532
1594,1554
1621,1579
1599,1630
1482,1429
1605,1652
1408,1440
1620,1589
1434,1426
1499,1544
1585,1455
1434,1412
1601,1510
1347,1379
1382,1366
1430,1416
1447,1382
1441,1451
1419,1478
1398,1355
1394,1332
1358,1440
1608,1552
1588,1576
1605,1526
1457,1441
1542,1449
1382,1448
1664,1584
1396,1474
1301,1401
1442,1502
1381,1319
1423,1432
1472,1454
1359,1444
1482,1476
1420,1377
1402,1350
1509,1528
1630,1609
1527,1457
1508,1450
1547,1597
1407,1381
1598,1551
1392,1389
1367,1458
1424,1381
1577,1535
1319,1475
1602,1652
1614,1700
1485,1425
1431,1516
1548,1594
1507,1558
1438,1502
1595,1645
1661,1560
1469,1525
1413,1334
1418,1413
1371,1439
1421,1440
1426,1406
1438,1375
1530,1547
1385,1518
1541,1534
1552,1626
1386,1329
1393,1420
1526,1505
1615,1584
1523,1590
1458,1428
1360,1392
1603,1508
1538,1655
1642,1629
1604,1566
1587,1610
1436,1396
1576,1549
1496,1488
1438,1392
1525,1616
1591,1594
1393,1372
1544,1504
1418,1345
1569,1613
1541,1451
1445,1505
1628,1644
1379,1446
1560,1610
1589,1568
1410,1338
1547,1555
1425,1500
1618,1563
1604,1552
1438,1463
1486,1503
1587,1542
1381,1453
1507,1605
1472,1364
1382,1542
1431,1452
1440,1464
1401,1342
1446,1510
1425,1495
1620,1568
1649,1652
1680,1530
1523,1496
1468,1501
1471,1490
1537,1599
1458,1554
1561,1597
1520,1495
1408,1512
1486,1476
1541,1556
1548,1594
1457,1411
1296,1394
1617,1587
1591,1576
1446,1410
1659,1590
1525,1446
1664,1538
1652,1605
1553,1488
1524,1608
1392,1484
1507,1571
1345,1384
1413,1404
1484,1433
1537,1525
1548,1611
1664,1590
1550,1541
1596,1583
1418,1320
1593,1537
1400,1424
1655,1539
1481,1478
1471,1492
1630,1540
1370,1406
1481,1475
1452,1379
1354,1385
1403,1464
1525,1499
1406,1373
1408,1328
1561,1415
1535,1619
1627,1576
1541,1397
1350,1519
1579,1616
1627,1508
1637,1625
1577,1529
1480,1424
1441,1441
1406,1358
1653,1599
1368,1341
1652,1636
1485,1414
1410,1527
1361,1428
1593,1650
1573,1527
1428,1439
1517,1451
1597,1615
1501,1499
1613,1555
1604,1527
1348,1433
1426,1377
1479,1526
1391,1475
1628,1571
1516,1484
1417,1515
1387,1441
1352,1422
1397,1470
1653,1453
1454,1476
1564,1570
1596,1597
1637,1592
1558,1451
1634,1580
1434,1464
1521,1548
1529,1447
1671,1653
1537,1499
1378,1387
1460,1471
1494,1470
1577,1513
1673,1572
1629,1573
1423,1372
1681,1561
1495,1498
1421,1480
1573,1507
1481,1511
1468,1538
1587,1599
1461,1381
1567,1537
1368,1459
1396,1407
1427,1364
1450,1428
1520,1394
1657,1664
1524,1573
1586,1609
1458,1454
1500,1487
1440,1400
1565,1659
1650,1575
1518,1499
1386,1468
1342,1362
1357,1402
1353,1379
1608,1583
1448,1451
1669,1676
1578,1567
1366,1463
1524,1554
1387,1424
1397,1421
1531,1471
1547,1551
1499,1496
1561,1542
1632,1592
1654,1571
1641,1556
1630,1559
1642,1666
1648,1607
1477,1426
1391,1398
1374,1434
1399,1365
1646,1617
1628,1550
1405,1467
1391,1428
1410,1459
1391,1388
1360,1442
1650,1606
1502,1529
1405,1471
1642,1563
1557,1565
1517,1490
1383,1429
1577,1584
1605,1548
1566,1591
1470,1424
1561,1439
1604,1541
1438,1396
1578,1629
1393,1405
1341,1413
1408,1417
1586,1565
1384,1429
1590,1513
1517,1584
1575,1530
1506,1550
1502,1501
1432,1459
1458,1414
1651,1600
1361,1412
1650,1560
1568,1577
1370,1469
1564,1653
1523,1484
1452,1550
1556,1550
1465,1568
1341,1380
1453,1489
1473,1443
1403,1363
1457,1386
1621,1623
1465,1421
1574,1605
1476,1581
1608,1431
1557,1471
1438,1495
1582,1469
1348,1418
1531,1572
1404,1377
1453,1424
1409,1467
1377,1419
1426,1464
1618,1614
1479,1476
1404,1454
1363,1456
1435,1387
1419,1354
1536,1644
1431,1466
1454,1493
1543,1581
1390,1499
1596,1628
1361,1445
1534,1567
1516,1485
1609,1609
1575,1533
1505,1537
1611,1482
1599,1532
1578,1554
1413,1333
1417,1374
1386,1390
1583,1546
1408,1411
1635,1599
1613,1636
1502,1595
1507,1540
1544,1526
1661,1589
1582,1523
1493,1621
1506,1420
1487,1532
1629,1603
1519,1470
1481,1485
1357,1424
1590,1549
1576,1509
1585,1629
1580,1643
1428,1394
1691,1577
1495,1528
1484,1486
1457,1445
1465,1375
1377,1465
1374,1385
1660,1604
1357,1439
1421,1435
1558,1579
1479,1463
1456,1483
1308,1411
1625,1551
1607,1619
1365,1388
1426,1405
1659,1650
1409,1397
1529,1436
1505,1517
1359,1442
1669,1655
1388,1370
1321,1415
1402,1432
1475,1434
1514,1547
1564,1505
1462,1375
1330,1332
1535,1534
1523,1497
1539,1508
1402,1399
1384,1446
1355,1421
1628,1634
1567,1541
1527,1557
1636,1664
1583,1520
1445,1474
1430,1430
1390,1431
1438,1415
1415,1434
1498,1504
1605,1511
1416,1440
1540,1539
1495,1516
1390,1425
1404,1507
1551,1523
1648,1608
1562,1612
1608,1623
1452,1478
1558,1561
1676,1600
1636,1565
1656,1571
1534,1551
1664,1595
1442,1343
1578,1554
1503,1514
1590,1589
1462,1415
1302,1373
1355,1401
1655,1555
1609,1562
1670,1673
1391,1400
1622,1574
1534,1546
1492,1486
1601,1550
1426,1461
1394,1352
1509,1509
1411,1462
1415,1480
1496,1495
1419,1428
1460,1580
1371,1426
1538,1489
1523,1490
1616,1535
1474,1407
1502,1494
1364,1416
1576,1518
1403,1432
1378,1351
1389,1537
1576,1617
1696,1585
1670,1481
1418,1443
1448,1568
1630,1543
1454,1337
1400,1430
1482,1376
1546,1508
1482,1380
1573,1650
1366,1395
1377,1366
1537,1545
1546,1522
1606,1601
1473,1489
1370,1323
1573,1503
1519,1560
1417,1430
1383,1404
1563,1516
1671,1534
1398,1491
1621,1599
1379,1447
1486,1506
1382,1348
1568,1513
1544,1564
1629,1592
1327,1403
1546,1620
1398,1426
1643,1532
1494,1484
1459,1477
1417,1416
1464,1510
1383,1402
1279,1408
1486,1303
1555,1491
1411,1439
1327,1412
1530,1588
1616,1585
1535,1576
1623,1517
1599,1621
1414,1425
1432,1453
1472,1364
1584,1553
1606,1503
1650,1598
1604,1538
1613,1523
1616,1551
1502,1398
1371,1426
1551,1509
1502,1371
1521,1477
1509,1437
1668,1584
1577,1425
1581,1580
1390,1485
1423,1423
1446,1502
1604,1480
1527,1642
1324,1432
1416,1423
1646,1670
1617,1523
1555,1450
1532,1520
1691,1597
1593,1600
1517,1524
1441,1404
1392,1372
1636,1529
1447,1458
1451,1427
1394,1424
1614,1600
1385,1387
1630,1573
1589,1509
1539,1465
1589,1646
1433,1468
1421,1438
1414,1401
1556,1516
1559,1600
1395,1503
1626,1634
1537,1503
1647,1634
1666,1591
1322,1416
1601,1626
1698,1540
1482,1544
1575,1601
1677,1568
1603,1589
1476,1477
1543,1497
1592,1584
1514,1609
1665,1636
1283,1413
1516,1520
1562,1553
1575,1598
1401,1477
1515,1489
1503,1506
1570,1618
1386,1434
1426,1406
1586,1593
1591,1580
1390,1380
1358,1427
1463,1541
1553,1465
1368,1396
1372,1409
1431,1518
1356,1387
1291,1391
1414,1398
1569,1508
1605,1637
1527,1501
1410,1418
1598,1683
1431,1440
1520,1589
1630,1564
1568,1530
1531,1533
1393,1426
1296,1448
1424,1451
1578,1537
1382,1384
1576,1533
1386,1412
1540,1536
1628,1522
1442,1406
1651,1584
1463,1410
1594,1618
1549,1507
1715,1583
1454,1551
1610,1666
1333,1387
1574,1606
1515,1540
1561,1553
1501,1498
1380,1374
1549,1589
1468,1383
1509,1432
1243,1454
1559,1612
1464,1461
1605,1544
1489,1433
1490,1505
1678,1603
1365,1455
1603,1537
1436,1540
1394,1514
1619,1639
1540,1510
1335,1400
1622,1616
1454,1436
1567,1512
1485,1473
1448,1475
1498,1500
1575,1598
1447,1412
1554,1556
1580,1587
1473,1456
1335,1398
1511,1433
1566,1653
1302,1386
1522,1345
1421,1460
1453,1394
1428,1345
1574,1581
1353,1392
1455,1406
1531,1503
1671,1579
1619,1600
1569,1613
1562,1506
1359,1417
1683,1495
1357,1362
1518,1565
1413,1381
1690,1574
1480,1520
1540,1564
1511,1495
1391,1416
1467,1521
1680,1664
1542,1558
1436,1442
1503,1458
1617,1569
1348,1492
1568,1576
1487,1425
1438,1377
1597,1483
1651,1525
1580,1569
1620,1614
1447,1534
1663,1550
1676,1541
1445,1452
1610,1596
1303,1412
1423,1490
1576,1642
1320,1436
1615,1621
1539,1499
1676,1616
1556,1506
1417,1416
1649,1632
1369,1384
1608,1551
1408,1402
1607,1532
1480,1465
1416,1424
1544,1450
1384,1402
1342,1350
1403,1478
1626,1671
1653,1685
1551,1488
1563,1606
1528,1522
1640,1587
1695,1589
1540,1541
1461,1492
1421,1408
1465,1393
1368,1354
1592,1572
1378,1450
1500,1473
1621,1607
1409,1371
1629,1526
1455,1416
1442,1501
1510,1475
1671,1587
1597,1628
1570,1649
1603,1585
1472,1470
1366,1376
1567,1550
1601,1543
1379,1431
1494,1477
1632,1540
1376,1501
1454,1534
1560,1581
1728,1585
1621,1636
1414,1499
1495,1591
1341,1414
1403,1403
1680,1580
1529,1466
1689,1598
1488,1532
1444,1396
1607,1596
1531,1552
1402,1416
1625,1523
1600,1654
1477,1472
1670,1614
1603,1622
1399,1448
1372,1382
1486,1462
1431,1415
1481,1579
1435,1430
1290,1431
1649,1644
1485,1576
1376,1395
1557,1590
1573,1521
1386,1379
1605,1593
1602,1564
1593,1599
1635,1571
1573,1535
1487,1438
1431,1455
1554,1490
1359,1390
1503,1562
1432,1422
1598,1530
1415,1534
1504,1506
1339,1447
1578,1558
1560,1441
1367,1387
1367,1398
1364,1396
1515,1505
1417,1406
1606,1587
1393,1426
1621,1561
1564,1485
1387,1423
1447,1399
1422,1443
1490,1422
1673,1621
1479,1490
1577,1575
1471,1520
1655,1628
1585,1603
1556,1561
1545,1564
1436,1418
1459,1488
1391,1438
1456,1518
1405,1519
1400,1386
1586,1513
1488,1480
1390,1461
1522,1554
1527,1465
1558,1563
1594,1593
1567,1447
1484,1414
1351,1419
1642,1568
1337,1447
1396,1389
1567,1624
1594,1556
1352,1385
1591,1559
1556,1492
1583,1560
1641,1630
1629,1609
1545,1434
1407,1475
1358,1409
1582,1596
1501,1476
1601,1584
1430,1346
1612,1594
1505,1611
1435,1507
1554,1632
1448,1546
1632,1522
1429,1400
1489,1517
1503,1416
1465,1489
1393,1467
1635,1554
1533,1505
1621,1616
1312,1438
1420,1409
1572,1590
1454,1429
1481,1430
1370,1435
1468,1388
1330,1367
1586,1549
1408,1426
1454,1452
1547,1453
1420,1310
1438,1444
1574,1549
1663,1699
1566,1506
1600,1562
1526,1561
1406,1464
1524,1480
1491,1516
1505,1453
1533,1513
1453,1567
1560,1596
1532,1560
1339,1423
1562,1575
1423,1419
1456,1493
1470,1545
1422,1523
1515,1473
1473,1438
1512,1555
1522,1354
1522,1505
1554,1592
1602,1560
1550,1522
1469,1563
1568,1659
1444,1587
1369,1399
1462,1467
1572,1620
1361,1428
1614,1519
1377,1508
1609,1531
1588,1615
1410,1550
1680,1574
1291,1447
1322,1434
1615,1471
1463,1431
1617,1604
1297,1386
1399,1345
1581,1542
1557,1595
1441,1531
1348,1460
1400,1416
1549,1572
1428,1473
1634,1584
1533,1679
1296,1462
1526,1590
1442,1439
1634,1530
1569,1540
1515,1472
1410,1425
1563,1583
1446,1469
1566,1564
1475,1412
1687,1587
1542,1512
1470,1416
1634,1558
1602,1578
1519,1494
1607,1582
1452,1384
1378,1389
1591,1584
1318,1427
1398,1448
1559,1451
1397,1413
1564,1633
1424,1479
1520,1491
1581,1465
1411,1405
1592,1503
1398,1446
1395,1426
1486,1446
1545,1570
1401,1439
1335,1381
1413,1402
1416,1502
1350,1411
1415,1480
1385,1430
1408,1463
1649,1619
1543,1540
1501,1513
1501,1534
1666,1601
1686,1540
1360,1394
1358,1339
1443,1462
1371,1385
1566,1549
1426,1537
1389,1395
1613,1519
1455,1588
1448,1424
1502,1490
1588,1648
1347,1438
1483,1411
1457,1451
1599,1549
1536,1522
1606,1588
1613,1566
1338,1425
1490,1473
1363,1455
1437,1422
1442,1459
1366,1442
1430,1429
1557,1580
1597,1646
1506,1412
1368,1377
1375,1459
1469,1454
1506,1415
1453,1523
1337,1442
1510,1506
1385,1359
1354,1356
1678,1539
1580,1560
1380,1470
1610,1602
1661,1590
1472,1512
1382,1395
1561,1613
1354,1455
1484,1437
1566,1578
1361,1396
1589,1533
1473,1428
1426,1419
1374,1401
1598,1625
1369,1424
1430,1404
1386,1380
1567,1535
1399,1437
1413,1353
1421,1488
1344,1443
1421,1493
1393,1368
1477,1388
1578,1588
1458,1475
1605,1629
1480,1574
1316,1405
1556,1605
1551,1478
1366,1466
1374,1451
1492,1580
1420,1464
1651,1611
1593,1554
1582,1599
1594,1648
1632,1580
1563,1521
1465,1456
1392,1392
1370,1456
1685,1560
1483,1516
1507,1549
1516,1529
1639,1618
1526,1584
1392,1373
1529,1545
1422,1422
1412,1477
1594,1592
1565,1613
1611,1553
1656,1525
1591,1420
1372,1421
1451,1419
1605,1608
1383,1431
1354,1463
1556,1617
1572,1497
1464,1448
1547,1605
1482,1543
1352,1463
1392,1359
1518,1607
1571,1612
1407,1376
1476,1458
1432,1429
1691,1629
1395,1435
1636,1624
1531,1555
1599,1599
1606,1501
1544,1516
1613,1536
1373,1460
1311,1394
1590,1570
1576,1592
1496,1499
1611,1668
1632,1613
1408,1467
1590,1629
1654,1584
1589,1657
1541,1527
1667,1562
1371,1355
1567,1499
1587,1593
1539,1533
1491,1517
1579,1567
1623,1621
1517,1588
1373,1429
1399,1397
1493,1582
1582,1595
1572,1588
1628,1579
1558,1576
1531,1618
1666,1598
1626,1608
1516,1532
1381,1497
1585,1586
1430,1441
1513,1552
1654,1587
1577,1668
1436,1488
1433,1358
1462,1449
1360,1444
1665,1443
1699,1618
1538,1463
1424,1486
1359,1452
1570,1566
1354,1515
1361,1410
1563,1590
1388,1399
1411,1419
1573,1554
1645,1544
1621,1584
1417,1468
1482,1506
1598,1659
1571,1625
1648,1614
1532,1507
1565,1486
1620,1542
1368,1444
1437,1434
1378,1412
1306,1451
1587,1488
1502,1464
1402,1452
1538,1507
1517,1524
1442,1493
1603,1587
1617,1600
1410,1345
1461,1504
1671,1632
1592,1598
1619,1487
1486,1458
1578,1503
1459,1357
1535,1611
1531,1547
1394,1415
1528,1565
1494,1401
1461,1419
1611,1558
1528,1568
1508,1557
1618,1593
1520,1537
1595,1611
1648,1596
1575,1504
1550,1545
1635,1573
1650,1711
1324,1436
1562,1543
1396,1365
1623,1553
1362,1439
1643,1609
1497,1417
1499,1367
1660,1549
1403,1469
1562,1553
1630,1594
1576,1554
1324,1462
1457,1429
1424,1487
1432,1468
1384,1459
1583,1484
1492,1412
1504,1611
1471,1471
1493,1464
1281,1440
1437,1472
1397,1358
1334,1369
1634,1589
1499,1381
1400,1438
1449,1393
1512,1513
1582,1630
1407,1423
1561,1481
1341,1339
1569,1515
1659,1692
1410,1437
1354,1500
1601,1593
1456,1539
1437,1442
1390,1506
1441,1436
1561,1625
1413,1419
1608,1566
1478,1468
1617,1549
1472,1573
1348,1470
1484,1406
1439,1549
1355,1438
1444,1486
1634,1624
1355,1480
1356,1377
1442,1476
1298,1502
1597,1519
1478,1446
1491,1372
1360,1406
1468,1511
1665,1630
1674,1584
1635,1541
1408,1421
1384,1416
1354,1395
1587,1506
1568,1551
1560,1569
1405,1450
1418,1419
1456,1519
1398,1430
1669,1515
1534,1567
1623,1599
1381,1356
1489,1495
1423,1432
1483,1458
1508,1493
1359,1370
1432,1434
1505,1413
1347,1414
1596,1628
1593,1624
1674,1591
1409,1496
1563,1522
1452,1351
1500,1507
1460,1440
1652,1594
1668,1625
1398,1524
1415,1443
1437,1436
1440,1466
1558,1450
1652,1570
1441,1368
1434,1471
1321,1365
1562,1487
1680,1581
1354,1410
1565,1608
1579,1570
1655,1615
1465,1480
1643,1607
1483,1471
1396,1460
1586,1562
1390,1523
1375,1385
1462,1583
1536,1441
1266,1439
1420,1467
1422,1437
1590,1582
1530,1509
1355,1400
1562,1450
1329,1325
1394,1356
1502,1489
1616,1625
1407,1440
1442,1470
1386,1460
1530,1441
1620,1591
1582,1608
1712,1623
1411,1416
1481,1414
1494,1474
1384,1397
1570,1474
1496,1379
1334,1409
1559,1526
1403,1436
1574,1575
1407,1405
1616,1577
1340,1428
1490,1573
1683,1640
1461,1432
1522,1525
1511,1542
1420,1499
1406,1439
1545,1548
1531,1415
1546,1548
1552,1474
1607,1544
1606,1557
1583,1563
1569,1566
1548,1580
1535,1615
1619,1512
1475,1503
1341,1391
1442,1502
1609,1620
1436,1479
1446,1474
1487,1467
1477,1518
1482,1493
1629,1580
1565,1594
1511,1514
1645,1571
1668,1572
1455,1361
