ch1,ch2
1507,1521
1489,1515
1562,1495
1492,1526
1477,1561
1492,1605
1521,1532
1508,1561
1574,1520
1514,1540
1486,1568
1538,1542
1538,1542
1510,1541
1550,1617
1551,1600
1501,1524
1538,1544
1557,1534
1619,1543
1559,1561
1606,1592
1563,1544
1555,1610
1572,1560
1575,1595
1578,1578
1568,1596
1593,1576
1589,1620
1577,1561
1603,1577
1580,1596
1599,1585
1619,1581
1618,1576
1607,1579
1609,1600
1600,1575
1562,1598
1599,1578
1587,1605
1625,1630
1659,1627
1567,1622
1593,1643
1649,1580
1638,1561
1695,1557
1601,1599
1563,1599
1622,1560
1631,1611
1649,1581
1618,1558
1569,1572
1628,1569
1578,1561
1662,1563
1629,1589
1596,1610
1606,1614
1603,1579
1586,1608
1613,1555
1597,1552
1605,1576
1584,1562
1595,1566
1637,1578
1510,1492
1476,1470
1526,1559
1545,1574
1583,1589
1590,1532
1564,1570
1543,1488
1579,1586
1609,1514
1539,1479
1533,1484
1551,1503
1557,1571
1491,1456
1489,1473
1605,1572
1530,1493
1611,1531
1574,1547
1607,1532
1382,1413
1558,1547
1438,1421
1531,1501
1435,1472
1520,1443
1527,1492
1417,1404
1559,1545
1552,1545
1543,1468
1578,1529
1509,1443
1386,1398
1487,1492
1362,1390
1388,1436
1558,1535
1486,1463
1422,1438
1406,1425
1502,1488
1464,1481
1374,1413
1449,1476
1517,1452
1542,1505
1437,1429
1435,1461
1468,1430
1454,1417
1465,1436
1400,1450
1521,1491
1385,1384
1339,1452
1365,1363
1372,1460
1457,1424
1452,1450
1347,1365
1454,1509
1395,1388
1484,1477
1340,1431
1474,1400
1407,1441
1429,1423
1383,1409
1381,1448
1392,1425
1370,1417
1427,1400
1490,1544
1395,1431
1396,1454
1330,1409
1472,1458
1416,1442
1497,1512
1394,1446
1397,1430
1433,1502
1478,1523
1415,1395
1440,1414
1449,1532
1421,1421
1401,1472
1475,1503
1594,1559
1560,1539
1460,1504
1480,1520
1439,1459
1529,1531
1574,1521
1507,1529
1427,1425
1498,1502
1431,1484
1361,1430
1620,1603
1601,1568
1580,1552
1497,1518
1654,1602
1582,1604
1427,1485
1360,1406
1409,1362
1561,1610
1433,1500
1358,1444
1605,1570
1556,1573
1577,1586
1438,1473
1689,1619
1406,1378
1376,1436
1605,1604
1603,1584
1589,1577
1637,1606
1389,1438
1431,1491
1606,1534
1592,1601
1516,1524
1573,1606
1615,1576
1595,1597
1443,1572
1576,1608
1573,1560
1484,1543
1616,1571
1386,1419
1591,1563
1634,1582
1535,1524
1564,1504
1420,1503
1524,1487
1530,1538
1455,1511
1384,1431
1372,1406
1572,1545
1484,1426
1601,1554
1644,1590
1615,1637
1573,1531
1628,1550
1507,1493
1622,1613
1604,1567
1377,1459
1577,1476
1423,1422
1439,1482
1558,1563
1505,1488
1616,1607
1501,1431
1504,1551
1520,1479
1599,1551
1398,1393
1480,1425
1517,1488
1568,1515
1451,1453
1505,1476
1349,1438
1573,1572
1569,1554
1541,1541
1537,1573
1482,1440
1428,1412
1478,1486
1576,1522
1386,1401
1612,1521
1577,1534
1575,1499
1361,1385
1409,1402
1340,1439
1450,1467
1356,1418
1539,1481
1501,1492
1492,1549
1389,1453
1398,1391
1437,1494
1476,1463
1481,1491
1620,1596
1426,1390
1392,1435
1532,1541
1494,1515
1617,1597
1509,1510
1348,1409
1394,1422
1396,1445
1462,1493
1396,1418
1488,1442
1522,1516
1468,1443
1499,1485
1462,1518
1562,1526
1521,1449
1615,1568
1364,1431
1472,1585
1397,1440
1371,1375
1391,1429
1635,1586
1547,1526
1565,1577
1465,1516
1441,1408
1444,1435
1571,1526
1406,1401
1395,1456
1545,1504
1363,1401
1579,1616
1467,1471
1406,1397
1391,1417
1508,1484
1434,1423
1418,1382
1618,1607
1524,1585
1494,1447
1574,1597
1315,1403
1547,1572
1407,1405
1531,1456
1685,1557
1475,1410
1425,1407
1442,1500
1436,1442
1373,1368
1583,1561
1415,1376
1388,1386
1401,1405
1598,1571
1500,1506
1634,1618
1519,1518
1375,1363
1629,1584
1655,1581
1590,1500
1586,1538
1480,1541
1445,1430
1375,1410
1639,1589
1522,1545
1483,1507
1492,1450
1610,1576
1589,1594
1373,1406
1578,1550
1374,1453
1600,1562
1634,1557
1440,1394
1520,1529
1393,1444
1404,1388
1572,1592
1530,1532
1560,1592
1557,1554
1522,1448
1491,1415
1652,1607
1527,1526
1483,1432
1582,1555
1332,1386
1553,1535
1594,1581
1522,1533
1502,1497
1437,1428
1384,1468
1458,1509
1559,1560
1410,1465
1491,1541
1504,1591
1416,1482
1615,1577
1584,1539
1406,1397
1642,1580
1607,1625
1396,1438
1558,1613
1533,1494
1452,1439
1521,1531
1465,1500
1481,1470
1388,1414
1363,1397
1606,1651
1464,1517
1358,1439
1373,1412
1582,1582
1472,1461
1442,1418
1594,1573
1428,1439
1413,1433
1514,1544
1610,1601
1368,1403
1609,1530
1577,1606
1328,1411
1432,1375
1632,1574
1569,1530
1605,1583
1353,1451
1629,1638
1607,1595
1469,1452
1537,1559
1596,1546
1392,1408
1551,1569
1384,1528
1617,1598
1636,1647
1523,1570
1486,1484
1630,1604
1437,1368
1463,1505
1409,1391
1441,1416
1472,1500
1393,1436
1594,1591
1558,1571
1371,1394
1624,1608
1344,1410
1391,1386
1519,1440
1499,1537
1561,1578
1443,1512
1554,1582
1594,1553
1313,1401
1556,1570
1412,1414
1538,1562
1592,1589
1606,1576
1513,1498
1377,1410
1588,1605
1389,1388
1472,1465
1522,1489
1606,1509
1561,1529
1443,1452
1469,1456
1633,1625
1655,1543
1517,1485
1472,1539
1532,1507
1475,1439
1459,1401
1622,1515
1503,1409
1644,1580
1612,1579
1406,1458
1502,1586
1451,1457
1576,1540
1508,1568
1581,1532
1583,1550
1436,1418
1465,1448
1404,1404
1349,1402
1484,1449
1390,1465
1442,1441
1417,1431
1667,1600
1370,1436
1539,1553
1611,1556
1646,1580
1583,1596
1640,1591
1407,1407
1504,1498
1373,1475
1478,1454
1551,1583
1546,1473
1578,1582
1446,1465
1585,1539
1521,1543
1589,1607
1446,1504
1569,1538
1587,1557
1619,1589
1551,1493
1557,1563
1629,1591
1400,1410
1644,1608
1548,1465
1319,1420
1535,1490
1457,1437
1521,1509
1550,1484
1588,1597
1322,1429
1480,1499
1394,1384
1416,1417
1442,1536
1489,1468
1499,1475
1452,1452
1388,1464
1615,1470
1652,1580
1417,1480
1371,1405
1403,1433
1615,1591
1410,1466
1442,1454
1327,1405
1576,1603
1393,1447
1453,1462
1392,1421
1419,1440
1634,1623
1597,1575
1439,1461
1599,1664
1417,1491
1434,1362
1395,1467
1501,1541
1570,1530
1457,1413
1619,1602
1641,1564
1369,1379
1478,1490
1419,1433
1599,1601
1561,1542
1425,1463
1556,1568
1487,1409
1555,1546
1491,1460
1637,1630
1382,1374
1408,1412
1606,1579
1384,1392
1569,1587
1567,1610
1453,1482
1439,1475
1616,1530
1379,1379
1545,1521
1373,1417
1370,1406
1427,1489
1417,1472
1576,1571
1450,1514
1690,1587
1553,1524
1456,1433
1421,1389
1595,1625
1433,1501
1596,1574
1627,1563
1432,1503
1547,1431
1335,1433
1588,1602
1448,1457
1492,1493
1508,1573
1464,1504
1351,1389
1518,1447
1518,1486
1376,1485
1509,1611
1604,1575
1443,1532
1454,1400
1445,1396
1636,1584
1386,1450
1586,1563
1552,1561
1446,1530
1611,1602
1630,1561
1648,1618
1416,1417
1537,1469
1539,1547
1565,1589
1480,1488
1615,1593
1670,1539
1494,1580
1398,1452
1394,1467
1477,1527
1575,1575
1450,1401
1445,1501
1517,1507
1427,1462
1547,1596
1440,1468
1578,1546
1370,1391
1595,1560
1385,1450
1376,1418
1648,1581
1407,1461
1571,1610
1641,1606
1651,1614
1542,1596
1479,1412
1588,1601
1507,1433
1588,1585
1527,1444
1524,1531
1576,1571
1581,1533
1609,1590
1431,1419
1405,1394
1679,1604
1655,1581
1624,1561
1526,1541
1493,1540
1560,1617
1620,1583
1610,1602
1390,1479
1482,1540
1617,1575
1595,1601
1341,1399
1608,1547
1635,1573
1357,1422
1390,1426
1626,1560
1539,1510
1631,1550
1433,1457
1372,1413
1537,1490
1445,1422
1385,1372
1396,1430
1629,1590
1613,1593
1428,1434
1546,1572
1423,1507
1585,1557
1494,1496
1421,1438
1602,1614
1319,1442
1370,1375
1343,1409
1430,1444
1434,1454
1678,1589
1363,1421
1394,1398
1606,1620
1619,1565
1480,1479
1582,1660
1569,1481
1680,1611
1401,1413
1359,1414
1510,1593
1657,1631
1478,1420
1576,1614
1373,1461
1659,1567
1448,1455
1515,1495
1420,1457
1435,1546
1485,1402
1481,1422
1561,1519
1625,1609
1536,1562
1600,1621
1409,1405
1578,1594
1626,1591
1561,1505
1666,1565
1379,1414
1506,1473
1405,1411
1436,1480
1370,1415
1613,1580
1633,1607
1459,1509
1398,1432
1414,1399
1350,1421
1643,1588
1446,1437
1390,1394
1634,1577
1449,1495
1421,1379
1377,1402
1459,1469
1547,1473
1580,1491
1629,1631
1534,1500
1436,1490
1445,1436
1617,1589
1362,1433
1400,1392
1431,1458
1387,1459
1616,1561
1529,1547
1562,1504
1582,1575
1474,1468
1383,1388
1508,1409
1533,1550
1437,1410
1403,1453
1414,1453
1395,1464
1655,1547
1597,1593
1572,1502
1576,1536
1613,1577
1512,1491
1563,1602
1587,1501
1605,1589
1496,1510
1324,1392
1430,1546
1557,1485
1456,1505
1417,1468
1636,1611
1543,1560
1592,1557
1588,1572
1595,1627
1433,1412
1407,1420
1393,1448
1543,1472
1507,1464
1595,1612
1409,1382
1486,1567
1400,1425
1597,1648
1538,1450
1612,1595
1412,1421
1545,1515
1460,1438
1599,1530
1551,1578
1383,1389
1354,1389
1390,1455
1343,1401
1540,1558
1419,1444
1437,1418
1579,1612
1585,1535
1520,1579
1520,1505
1420,1469
1657,1617
1405,1425
1449,1431
1574,1539
1384,1395
1663,1613
1357,1392
1447,1387
1601,1580
1383,1397
1462,1456
1573,1567
1627,1616
1458,1401
1517,1472
1584,1577
1466,1462
1424,1420
1597,1557
1543,1515
1413,1389
1560,1528
1366,1428
1549,1462
1398,1363
1409,1429
1517,1622
1421,1446
1440,1466
1418,1457
1494,1487
1573,1573
1524,1518
1651,1612
1515,1504
1535,1573
1536,1488
1374,1389
1547,1588
1353,1404
1557,1546
1394,1356
1486,1457
1413,1424
1622,1587
1443,1467
1374,1377
1638,1626
1364,1422
1573,1584
1489,1444
1401,1469
1527,1489
1607,1553
1505,1523
1613,1649
1613,1503
1362,1384
1579,1599
1479,1451
1554,1477
1625,1572
1389,1406
1379,1439
1483,1541
1597,1597
1634,1533
1479,1433
1469,1512
1611,1550
1466,1527
1638,1602
1630,1623
1380,1442
1526,1524
1548,1515
1398,1402
1489,1487
1424,1446
1653,1524
1586,1504
1436,1480
1619,1585
1516,1491
1608,1607
1555,1591
1588,1638
1397,1367
1558,1547
1462,1454
1380,1414
1599,1605
1376,1382
1552,1538
1383,1411
1562,1559
1352,1443
1584,1499
1588,1566
1329,1416
1524,1541
1345,1367
1406,1403
1629,1610
1445,1444
1523,1580
1406,1449
1435,1501
1624,1613
1374,1388
1386,1393
1547,1589
1478,1536
1635,1569
1659,1616
1571,1536
1568,1591
1549,1572
1577,1528
1530,1540
1642,1616
1542,1516
1458,1471
1487,1475
1520,1577
1352,1402
1585,1554
1509,1516
1362,1406
1528,1481
1666,1609
1587,1571
1349,1342
1443,1446
1469,1521
1570,1602
1415,1392
1561,1597
1648,1569
1388,1452
1359,1415
1532,1489
1385,1406
1655,1645
1536,1533
1613,1573
1438,1499
1305,1404
1654,1609
1472,1455
1357,1434
1473,1461
1607,1605
1607,1542
1639,1603
1590,1565
1375,1378
1351,1402
1561,1559
1582,1579
1402,1420
1391,1362
1373,1404
1326,1407
1461,1519
1408,1438
1458,1442
1394,1421
1423,1549
1592,1522
1557,1528
1515,1537
1420,1376
1461,1444
1368,1448
1514,1571
1489,1530
1372,1386
1625,1602
1616,1566
1561,1528
1371,1390
1577,1490
1520,1451
1442,1395
1320,1438
1566,1587
1379,1448
1486,1519
1642,1646
1556,1476
1367,1409
1400,1391
1646,1604
1492,1499
1423,1487
1572,1545
1512,1493
1488,1538
1635,1572
1565,1543
1614,1614
1363,1412
1560,1542
1418,1468
1384,1401
1423,1438
1546,1558
1583,1596
1635,1588
1518,1507
1429,1457
1670,1621
1423,1396
1456,1390
1487,1476
1477,1451
1383,1428
1437,1444
1393,1420
1581,1590
1612,1607
1340,1376
1503,1461
1392,1409
1535,1550
1406,1417
1620,1644
1557,1590
1630,1567
1540,1554
1613,1566
1395,1437
1430,1425
1466,1395
1627,1585
1340,1388
1597,1550
1633,1586
1653,1630
1455,1500
1553,1571
1382,1388
1542,1410
1397,1460
1434,1523
1440,1514
1343,1433
1379,1414
1353,1395
1497,1544
1507,1475
1442,1434
1474,1497
1501,1528
1477,1537
1554,1561
1632,1620
1454,1405
1591,1507
1417,1361
1624,1513
1592,1594
1377,1457
1389,1400
1484,1580
1404,1427
1584,1527
1349,1365
1483,1462
1313,1428
1630,1611
1428,1470
1570,1524
1537,1485
1569,1637
1584,1601
1531,1549
1370,1376
1427,1437
1580,1515
1362,1378
1329,1401
1485,1445
1372,1421
1480,1480
1357,1364
1421,1337
1463,1429
1580,1530
1667,1629
1381,1388
1584,1591
1442,1463
1560,1487
1603,1579
1439,1415
1368,1413
1527,1514
1492,1514
1357,1383
1361,1419
1495,1485
1408,1402
1593,1526
1488,1533
1634,1572
1373,1454
1448,1390
1464,1537
1559,1594
1610,1599
1607,1597
1624,1543
1552,1512
1616,1583
1581,1543
1432,1501
1612,1622
1379,1445
1599,1628
1616,1579
1631,1569
1371,1371
1531,1453
1444,1420
1465,1483
1417,1442
1407,1473
1412,1478
1525,1518
1531,1492
1361,1430
1502,1542
1645,1588
1478,1457
1507,1447
1384,1401
1603,1591
1520,1466
1496,1468
1562,1582
1516,1574
1431,1465
1594,1612
1531,1533
1647,1641
1561,1504
1643,1581
1513,1534
1406,1489
1595,1614
1451,1512
1584,1532
1485,1521
1603,1610
1534,1562
1333,1360
1577,1555
1631,1573
1592,1591
1333,1407
1604,1633
1555,1547
1442,1516
1591,1541
1487,1454
1411,1432
1419,1381
1414,1473
1597,1611
1591,1540
1400,1371
1441,1466
1363,1444
1586,1602
1660,1603
1417,1418
1664,1595
1559,1592
1444,1437
1407,1465
1623,1595
1473,1456
1541,1511
1604,1608
1527,1534
1567,1581
1362,1460
1400,1425
1654,1580
1437,1526
1606,1612
1360,1398
1625,1587
1631,1609
1603,1581
1344,1401
1523,1528
1369,1371
1436,1434
1431,1429
1543,1476
1411,1409
1376,1445
1375,1413
1386,1391
1586,1566
1514,1532
1355,1414
1638,1535
1397,1450
1616,1588
1612,1633
1586,1593
1587,1512
1329,1401
1335,1440
1401,1472
1553,1594
1598,1580
1563,1579
1584,1602
1352,1355
1653,1558
1482,1485
1490,1449
1576,1607
1424,1420
1661,1580
1627,1595
1429,1494
1406,1428
1594,1535
1405,1444
1350,1475
1518,1437
1602,1558
1633,1550
1642,1622
1615,1554
1525,1583
1518,1502
1334,1435
1387,1368
1486,1446
1435,1480
1654,1571
1491,1504
1613,1588
1613,1596
1612,1633
1591,1675
1521,1502
1591,1557
1454,1484
1378,1361
1487,1527
1544,1506
1447,1493
1458,1454
1611,1605
1553,1451
1420,1370
1628,1565
1578,1608
1533,1502
1347,1410
1386,1351
1606,1596
1442,1418
1371,1418
1615,1566
1456,1476
1621,1548
1403,1424
1427,1415
1361,1346
1547,1441
1704,1596
1458,1455
1404,1401
1382,1372
1628,1575
1357,1416
1522,1452
1482,1551
1363,1421
1516,1486
1566,1510
1561,1581
1569,1572
1587,1593
1341,1382
1409,1407
1634,1603
1389,1463
1442,1392
1398,1388
1502,1433
1503,1471
1418,1406
1575,1535
1411,1414
1362,1374
1593,1545
1609,1573
1479,1488
1679,1580
1618,1586
1455,1446
1433,1517
1314,1391
1399,1456
1665,1596
1512,1484
1350,1430
1609,1577
1624,1571
1382,1377
1646,1628
1452,1438
1360,1376
1306,1428
1450,1506
1390,1447
1648,1596
1614,1517
1529,1512
1410,1488
1390,1417
1585,1575
1387,1519
1524,1447
1478,1398
1438,1506
1445,1395
1342,1392
1476,1510
1650,1579
1489,1478
1463,1519
1487,1498
1412,1361
1540,1578
1464,1546
1353,1413
1648,1588
1520,1571
1359,1427
1425,1411
1540,1548
1502,1517
1667,1646
1506,1487
1453,1480
1450,1496
1600,1584
1616,1545
1435,1480
1607,1514
1358,1395
1390,1414
1542,1567
1489,1498
1450,1493
1447,1383
1612,1596
1614,1568
1554,1550
1568,1603
1419,1409
1638,1586
1626,1592
1510,1515
1401,1469
1331,1422
1375,1422
1440,1488
1456,1424
1629,1581
1364,1409
1565,1602
1377,1380
1385,1410
1582,1487
1528,1551
1621,1628
1583,1615
1640,1582
1376,1404
1602,1616
1595,1589
1331,1424
1430,1466
1398,1379
1381,1435
1435,1427
1548,1579
1414,1390
1563,1607
1585,1510
1560,1485
1605,1623
1458,1479
1614,1518
1378,1396
1563,1541
1608,1605
1529,1511
1657,1646
1426,1458
1603,1611
1514,1536
1535,1499
1398,1429
1587,1568
1624,1562
1452,1452
1430,1468
1437,1471
1633,1612
1494,1466
1591,1537
1540,1508
1411,1359
1395,1397
1631,1597
1378,1416
1596,1575
1392,1438
1631,1609
1391,1421
1597,1576
1375,1439
1342,1391
1597,1532
1480,1493
1395,1414
1608,1591
1375,1390
1476,1429
1372,1457
1465,1454
1368,1355
1585,1548
1459,1496
1421,1385
1427,1430
1611,1608
1368,1385
1431,1385
1457,1423
1435,1559
1548,1589
1564,1579
1428,1413
1529,1531
1650,1592
1629,1543
1644,1619
1632,1594
1592,1611
1644,1546
1593,1530
1408,1399
1607,1499
1644,1622
1358,1430
1354,1406
1428,1437
1377,1394
1492,1509
1610,1623
1359,1486
1560,1606
1415,1497
1544,1602
1622,1585
1404,1393
1381,1410
1465,1513
1571,1575
1509,1516
1601,1602
1548,1527
1494,1468
1359,1378
1523,1574
1556,1550
1433,1465
1643,1549
1471,1490
1623,1596
1430,1411
1602,1543
1476,1431
1408,1493
1509,1498
1394,1463
1534,1587
1478,1526
1360,1378
1528,1517
1358,1415
1580,1568
1508,1446
1451,1427
1639,1541
1397,1436
1609,1634
1473,1426
1448,1434
1440,1509
1466,1444
1426,1454
1605,1581
1544,1588
1642,1624
1544,1577
1400,1428
1380,1417
1483,1505
1487,1504
1495,1559
1627,1552
1467,1506
1655,1600
1484,1480
1636,1570
1599,1599
1402,1374
1571,1572
1431,1463
1362,1458
1432,1397
1424,1487
1429,1411
1445,1465
1568,1566
1597,1588
1561,1536
1434,1515
1454,1465
1463,1542
1588,1581
1575,1513
1578,1574
1474,1508
1467,1522
1488,1479
1354,1387
1568,1502
1473,1485
1435,1393
1325,1400
1446,1399
1629,1594
1650,1601
1530,1562
1512,1471
1436,1441
1645,1577
1590,1558
1482,1535
1637,1564
1562,1533
1424,1407
1424,1457
1587,1562
1462,1376
1472,1464
1483,1460
1389,1390
1589,1554
1403,1420
1401,1376
1501,1492
1493,1492
1603,1542
1571,1554
1470,1472
1364,1422
1652,1582
1383,1438
1402,1464
1438,1520
1635,1602
1641,1589
1577,1575
1664,1595
1369,1461
1379,1408
1396,1433
1550,1524
1415,1438
1573,1556
1583,1505
1596,1528
1616,1551
1364,1399
1362,1452
1384,1450
1526,1575
1494,1476
1404,1366
1539,1508
1623,1563
1598,1589
1406,1403
1615,1622
1462,1494
1638,1566
1491,1527
1546,1476
1511,1547
1395,1389
1632,1586
1442,1405
1486,1538
1398,1409
1553,1511
1555,1526
1427,1532
1552,1546
1610,1573
1353,1414
1458,1441
1477,1473
1650,1597
1630,1501
1583,1583
1633,1564
1408,1461
1522,1484
1441,1418
1501,1482
1623,1610
1612,1579
1589,1578
1387,1415
1461,1454
1381,1453
1677,1598
1628,1621
1566,1532
1517,1558
1609,1565
1430,1560
1610,1536
1418,1463
1418,1415
1356,1405
1494,1603
1609,1609
1608,1566
1637,1602
1371,1390
1551,1569
1520,1557
1527,1566
1548,1483
1572,1488
1312,1405
1430,1452
1384,1474
1401,1486
1454,1408
1389,1425
1421,1465
1601,1563
1487,1431
1430,1423
1489,1559
1600,1609
1581,1544
1459,1459
1440,1422
1653,1547
1618,1609
1577,1584
1569,1549
1511,1512
1517,1465
1410,1381
1341,1384
1563,1521
1475,1477
1559,1600
1476,1485
1484,1547
1423,1440
1493,1504
1431,1469
1367,1435
1480,1488
1375,1440
1483,1523
1482,1455
1366,1424
1576,1601
1402,1438
1551,1524
1388,1435
1581,1601
1606,1624
1467,1416
1638,1613
1601,1590
1435,1420
1387,1393
1605,1537
1473,1416
1493,1443
1619,1611
1505,1475
1625,1662
1601,1581
1394,1452
1379,1410
1653,1603
1643,1581
1594,1552
1582,1587
1424,1427
1577,1574
1367,1398
1644,1625
1573,1557
1635,1584
1315,1401
1342,1430
1378,1368
1504,1505
1649,1578
1504,1515
1421,1401
1554,1523
1346,1432
1492,1470
1355,1416
1626,1566
1583,1516
1515,1524
1539,1561
1600,1602
1541,1547
1446,1442
1562,1527
1567,1566
1630,1589
1578,1531
1376,1409
1497,1494
1452,1499
1512,1546
1509,1538
1628,1590
1508,1531
1473,1399
1490,1459
1648,1608
1546,1550
1517,1508
1580,1592
1390,1477
1627,1551
1399,1411
1459,1501
1630,1580
1531,1602
1604,1601
1680,1615
1600,1603
1357,1408
1382,1439
1400,1428
1633,1555
1473,1496
1642,1628
1621,1563
1537,1527
1361,1438
1377,1426
1515,1607
1511,1477
1562,1543
1491,1564
1463,1428
1485,1434
1556,1510
1431,1398
1576,1596
1405,1424
1448,1518
1564,1604
1479,1453
1493,1423
1596,1510
1533,1550
1411,1419
1411,1443
1458,1432
1504,1488
1657,1523
1665,1532
1484,1520
1531,1524
1410,1451
1580,1527
1513,1486
1371,1425
1495,1481
1395,1391
1478,1448
1408,1408
1609,1555
1460,1460
1468,1417
1576,1542
1435,1446
1510,1525
1392,1425
1591,1583
1405,1459
1478,1479
1626,1536
1386,1410
1493,1514
1503,1540
1640,1543
1593,1578
1555,1509
1547,1619
1429,1496
1511,1550
1370,1469
1593,1520
1541,1512
1421,1387
1419,1424
1437,1468
1485,1446
1527,1526
1575,1604
1492,1481
1644,1609
1449,1420
1378,1408
1616,1583
1623,1595
1383,1431
1347,1409
1600,1596
1442,1490
1638,1618
1628,1608
1494,1515
1382,1405
1500,1557
1529,1533
1476,1458
1422,1428
1529,1566
1632,1542
1602,1554
1655,1525
1349,1429
1570,1549
1661,1544
1571,1579
1518,1585
1617,1577
1379,1465
1535,1573
1540,1582
1400,1476
1336,1382
1597,1536
1611,1593
1604,1550
1391,1351
1380,1432
1455,1457
1449,1398
1480,1488
1401,1461
1580,1579
1651,1553
1662,1581
1495,1493
1555,1558
1410,1365
1527,1478
1417,1380
1513,1544
1431,1427
1429,1480
1584,1606
1552,1556
1422,1429
1516,1455
1366,1418
1452,1469
1507,1532
1409,1415
1375,1430
1493,1465
1572,1557
1548,1513
1440,1471
1517,1498
1448,1478
1632,1578
1438,1416
1603,1609
1472,1418
1527,1508
1633,1608
1375,1374
1386,1511
1566,1573
1429,1498
1578,1574
1605,1530
1458,1517
1473,1522
1537,1558
1378,1435
1476,1466
1541,1532
1370,1402
1583,1605
1584,1575
1639,1569
1422,1456
1518,1553
1556,1575
1626,1573
1488,1454
1552,1556
1395,1413
1396,1484
1600,1610
1414,1409
1476,1482
1377,1430
1549,1583
1510,1490
1588,1524
1502,1489
1580,1570
1641,1560
1441,1530
1543,1583
1603,1585
1574,1532
1485,1489
1560,1570
1432,1411
1529,1592
1465,1509
1412,1405
1523,1579
1597,1556
1601,1512
1401,1406
1634,1553
1413,1415
1559,1532
1479,1416
1481,1500
1582,1490
1453,1430
1551,1534
1415,1479
1413,1512
1562,1518
1471,1461
1608,1638
1521,1495
1386,1389
1555,1574
1451,1486
1409,1396
1587,1576
1618,1585
1642,1619
1407,1432
1510,1441
1454,1524
1546,1566
1480,1525
1429,1476
1381,1409
1412,1367
1454,1533
1420,1413
1507,1469
1430,1451
1469,1503
1502,1558
1530,1489
1562,1594
1598,1601
1559,1585
1394,1419
1446,1455
1465,1475
1489,1520
1435,1513
1476,1443
1562,1586
1553,1569
1415,1401
1313,1390
1396,1418
1421,1433
1597,1569
1560,1549
1473,1464
1415,1412
1549,1552
1630,1570
1598,1584
1389,1424
1605,1596
1534,1603
1420,1452
1562,1539
1399,1446
1554,1540
1441,1415
1415,1402
1574,1593
1629,1581
1611,1537
1445,1465
1629,1554
1429,1462
1408,1418
1663,1563
1467,1476
1605,1627
1380,1375
1420,1402
1409,1444
1405,1432
1398,1483
1381,1444
1607,1564
1561,1486
1352,1374
1575,1470
1616,1573
1410,1423
1457,1540
1576,1589
1452,1510
1381,1425
1444,1479
1484,1525
1614,1592
1623,1617
1502,1517
1543,1496
1476,1497
1381,1391
1471,1461
1491,1445
1444,1508
1359,1413
1517,1495
1426,1414
1614,1542
1387,1427
1424,1513
1472,1554
1369,1391
1632,1561
1488,1536
1401,1411
1529,1525
1568,1606
1503,1526
1584,1596
1418,1430
1381,1393
1605,1559
1575,1579
1577,1573
1448,1472
1386,1459
1594,1550
1624,1542
1565,1526
1404,1430
1525,1534
1521,1511
1425,1465
1487,1444
1460,1505
1498,1441
1363,1422
1366,1421
1461,1435
1547,1568
1415,1477
1543,1583
1387,1461
1365,1437
1409,1392
1590,1567
1392,1513
1587,1565
1457,1379
1583,1557
1576,1551
1372,1405
1551,1528
1440,1467
1623,1609
1579,1511
1660,1567
1436,1393
1450,1416
1548,1631
1509,1512
1496,1539
1567,1562
1438,1419
1545,1518
1641,1613
1429,1455
1437,1444
1403,1410
1633,1546
1601,1563
1544,1518
1396,1454
1448,1455
1445,1461
1465,1449
1570,1593
1530,1505
1626,1568
1401,1460
1567,1590
1490,1569
1483,1447
1401,1429
1455,1494
1585,1546
1408,1438
1580,1535
1493,1471
1469,1406
1429,1457
1615,1560
1500,1513
1597,1528
1466,1443
1618,1554
1503,1534
1397,1455
1534,1458
1602,1606
1486,1480
1418,1417
1461,1519
1575,1596
1457,1392
1412,1424
1461,1457
1630,1569
1554,1538
1446,1504
1501,1568
1529,1461
1454,1390
1361,1397
1476,1535
1508,1468
1456,1475
1583,1546
1536,1578
1393,1417
1594,1479
1608,1653
1581,1583
1573,1626
1616,1535
1504,1445
1489,1452
1527,1511
1363,1437
1625,1588
1632,1594
1621,1582
1359,1443
1471,1516
1468,1507
1319,1469
1619,1589
1494,1484
1467,1563
1482,1467
1571,1558
1564,1509
1554,1548
1401,1426
1397,1427
1602,1576
1605,1579
1377,1455
1456,1437
1386,1421
1399,1438
1344,1401
1549,1534
1405,1444
1466,1442
1412,1372
1409,1475
1539,1528
1508,1464
1470,1478
1434,1457
1590,1578
1447,1420
1426,1431
1588,1585
1606,1625
1606,1508
1406,1391
1557,1519
1620,1557
1407,1496
1577,1550
1610,1544
1421,1456
1508,1496
1427,1494
1441,1478
1465,1454
1597,1575
1536,1532
1492,1498
1401,1406
1547,1573
1608,1538
1375,1384
1454,1488
1403,1404
1486,1417
1586,1546
1421,1476
1348,1357
1447,1444
1515,1467
1515,1548
1617,1600
1433,1415
1460,1509
1425,1389
1560,1600
1470,1480
1570,1589
1621,1506
1507,1448
1603,1569
1623,1609
1570,1557
1622,1549
1391,1419
1507,1506
1460,1454
1570,1547
1578,1550
1378,1419
1657,1553
1487,1438
1559,1556
1575,1555
1487,1499
1385,1412
1418,1465
1399,1434
1432,1424
1528,1560
1328,1430
1502,1464
1487,1505
1437,1431
1554,1533
1440,1412
1637,1571
1465,1532
1530,1561
1391,1455
1542,1588
1496,1528
1420,1395
1435,1452
1424,1408
1427,1434
1381,1370
1566,1562
1384,1422
1418,1425
1427,1415
1492,1507
1616,1573
1547,1490
1656,1547
1407,1381
1445,1481
1458,1509
1525,1465
1479,1508
1548,1533
1590,1561
1605,1566
1407,1418
1422,1549
1609,1617
1456,1421
1538,1537
1582,1543
1367,1469
1398,1458
1429,1426
1600,1533
1641,1583
1556,1538
1468,1465
1429,1429
1493,1457
1597,1591
1530,1558
1616,1596
1551,1526
1439,1495
1469,1526
1614,1606
1367,1407
1605,1577
1429,1459
1474,1523
1579,1595
1519,1495
1603,1588
1564,1579
1522,1509
1596,1568
1588,1579
1462,1467
1374,1400
1518,1556
1597,1550
1580,1628
1595,1553
1438,1514
1422,1389
1569,1601
1466,1525
1584,1599
1476,1454
1437,1425
1539,1562
1565,1570
1554,1571
1567,1536
1596,1542
1386,1466
1379,1422
1432,1411
1445,1459
1584,1568
1552,1549
1485,1545
1558,1533
1440,1422
1440,1403
1584,1622
1495,1539
1423,1519
1541,1527
1459,1430
1496,1510
1406,1454
1589,1564
1563,1525
1423,1459
1472,1505
1468,1472
1403,1440
1490,1464
1559,1476
1430,1445
1599,1551
1406,1423
1416,1440
1459,1427
1544,1533
1560,1540
1599,1573
1562,1548
1590,1592
1588,1571
1419,1394
1452,1483
1451,1463
1601,1571
1609,1574
1565,1521
1548,1530
1512,1498
1441,1437
1467,1481
1424,1517
1628,1549
1388,1373
1497,1506
1619,1611
1583,1516
1370,1448
1469,1442
1486,1471
1535,1578
1533,1513
1435,1468
1534,1504
1406,1462
1553,1564
1606,1450
1373,1437
1565,1561
1606,1608
1645,1554
1554,1611
1448,1515
1568,1550
1539,1550
1552,1513
1422,1427
1414,1429
1587,1558
1489,1567
1374,1414
1608,1570
1386,1472
1425,1474
1542,1567
1416,1420
1579,1491
1391,1425
1478,1401
1405,1370
1573,1600
1387,1416
1388,1415
1354,1429
1594,1598
1426,1472
1560,1525
1635,1573
1567,1491
1523,1461
1534,1513
1411,1503
1576,1508
1437,1418
1397,1435
1392,1421
1400,1411
1526,1555
1449,1493
1501,1570
1502,1461
1541,1495
1622,1606
1417,1408
1440,1447
1417,1481
1608,1544
1498,1500
1418,1438
1507,1476
1481,1489
1595,1538
1466,1453
1614,1542
1495,1532
1433,1476
1495,1457
1567,1561
1411,1455
1438,1494
1442,1443
1381,1444
1387,1393
1465,1469
1448,1474
1575,1582
1564,1612
1458,1528
1508,1522
1627,1512
1546,1558
1425,1386
1627,1596
1592,1583
1517,1488
1405,1472
1595,1546
1560,1587
1599,1551
1446,1484
1566,1492
1568,1562
1538,1477
1558,1540
1562,1557
1464,1412
1503,1541
1570,1514
1608,1530
1437,1426
1626,1580
1660,1560
1476,1457
1578,1579
1569,1533
1543,1490
1578,1460
1556,1525
1395,1413
1421,1443
1522,1465
1533,1468
1401,1481
1562,1570
1460,1525
1537,1517
1529,1597
1385,1424
1431,1511
1524,1559
1558,1573
1594,1571
1559,1526
1438,1422
1573,1515
1394,1462
1528,1528
1614,1561
1444,1434
1403,1488
1498,1551
1432,1434
1364,1421
1415,1433
1470,1508
1505,1488
1341,1484
1402,1426
1579,1599
1602,1589
1401,1412
1471,1481
1428,1488
1650,1559
1512,1487
1482,1529
1564,1543
1570,1588
1524,1506
1467,1473
1420,1408
1516,1503
1408,1464
1490,1506
1420,1440
1427,1472
1515,1522
1447,1432
1602,1586
1579,1487
1457,1420
1415,1410
1479,1449
1448,1444
1575,1581
1506,1495
1420,1417
1518,1506
1414,1475
1425,1415
1382,1429
1544,1512
1525,1484
1553,1449
1425,1445
1479,1459
1656,1605
1573,1556
1409,1436
1400,1443
1587,1546
1588,1570
1394,1443
1563,1588
1476,1444
1513,1483
1497,1485
1390,1517
1539,1594
1395,1477
1592,1561
1428,1416
1468,1465
1489,1521
1447,1427
1587,1509
1573,1554
1384,1438
1612,1524
1510,1523
1584,1601
1406,1413
1554,1509
1509,1569
1622,1550
1614,1571
1466,1489
1509,1437
1582,1561
1345,1409
1519,1582
1521,1608
1599,1564
1416,1427
1558,1472
1428,1426
1628,1606
1408,1462
1520,1535
1393,1432
1605,1536
1412,1478
1543,1489
1378,1426
1500,1491
1371,1437
1430,1438
1456,1493
1590,1573
1444,1419
1411,1449
1448,1452
1388,1435
1458,1533
1407,1459
1438,1460
1528,1478
1542,1578
1451,1440
1380,1416
1421,1414
1476,1481
1537,1460
1560,1531
1472,1474
1615,1568
1427,1507
1417,1499
1569,1571
1599,1499
1448,1397
1532,1506
1551,1544
1494,1500
1496,1430
1561,1537
1430,1466
1439,1410
1457,1432
1434,1440
1563,1525
1419,1489
1391,1423
1366,1434
1511,1430
1521,1527
1613,1559
1378,1401
1587,1566
1541,1536
1616,1545
1605,1575
1460,1431
1468,1508
1548,1608
1565,1537
1544,1563
1543,1563
1622,1594
1455,1437
1391,1418
1455,1442
1429,1403
1523,1420
1432,1421
1565,1560
1513,1501
1475,1446
1382,1466
1628,1542
1554,1524
1572,1538
1584,1532
1544,1544
1524,1431
1568,1555
1374,1435
1485,1447
1381,1373
1415,1403
1406,1444
1590,1562
1551,1599
1579,1530
1449,1428
1575,1576
1481,1575
1657,1569
1402,1447
1451,1465
1525,1412
1392,1395
1481,1481
1403,1481
1399,1478
1528,1480
1455,1461
1573,1558
1522,1535
1399,1465
1444,1489
1639,1576
1576,1529
1546,1510
1554,1498
1465,1500
1601,1568
1514,1522
1538,1514
1465,1370
1584,1545
1367,1448
1564,1549
1495,1551
1488,1459
1422,1428
1576,1580
1419,1441
1573,1468
1537,1491
1548,1613
1642,1581
1548,1544
1502,1515
1391,1430
1408,1427
1534,1564
1495,1469
1599,1557
1553,1533
1390,1457
1592,1485
1636,1570
1519,1493
1462,1485
1383,1383
1396,1441
1619,1585
1561,1556
1524,1478
1602,1585
1415,1405
1435,1440
1469,1469
1406,1460
1562,1604
1502,1530
1601,1537
1492,1512
1542,1485
1408,1421
1436,1452
1466,1470
1457,1477
1587,1541
1565,1572
1465,1497
1564,1548
1467,1406
1634,1563
1613,1528
1406,1430
1448,1472
1553,1514
1498,1495
1526,1583
1464,1471
1391,1430
1595,1553
1468,1512
1482,1488
1443,1402
1447,1466
1533,1496
1392,1412
1469,1454
1607,1519
1425,1515
1561,1537
1372,1437
1463,1429
1463,1522
1563,1579
1606,1583
1575,1531
1479,1452
1411,1452
1582,1595
1468,1481
1562,1559
1434,1465
1408,1443
1602,1588
1410,1485
1388,1423
1578,1555
1640,1522
1541,1602
1477,1485
1471,1489
1478,1465
1497,1527
1609,1603
1594,1550
1603,1571
1521,1522
1593,1611
1577,1598
1531,1551
1466,1491
1512,1503
1458,1536
1551,1528
1508,1495
1554,1499
1385,1408
1500,1429
1606,1543
1552,1545
1406,1460
1426,1428
1481,1477
1558,1602
1596,1554
1587,1602
1608,1568
1562,1552
1615,1592
1506,1509
1427,1440
1361,1434
1510,1478
1499,1522
1535,1550
1362,1410
1559,1546
1586,1506
1530,1473
1528,1473
1451,1493
1602,1555
1465,1432
1647,1580
1602,1592
1381,1487
1538,1523
1436,1448
1581,1508
1404,1470
1576,1523
1580,1545
1625,1565
1555,1519
1482,1546
1448,1459
1387,1447
1556,1583
1611,1539
1510,1504
1533,1564
1572,1569
1532,1534
1451,1508
1549,1531
1587,1548
1435,1463
1459,1445
1407,1455
1522,1483
1494,1530
1383,1438
1520,1482
1450,1392
1441,1428
1423,1485
1518,1468
1414,1419
1429,1446
1618,1538
1515,1488
1546,1546
1488,1468
1533,1511
1393,1439
1591,1546
1504,1530
1439,1446
1581,1569
1568,1608
1589,1530
1456,1408
1569,1577
1366,1445
1441,1479
1509,1462
1432,1430
1420,1418
1439,1474
1538,1626
1587,1509
1541,1524
1447,1434
1611,1574
1523,1539
1513,1498
1557,1581
1535,1583
1564,1580
1530,1529
1598,1521
1583,1530
1431,1438
1462,1448
1431,1433
1567,1561
1576,1558
1443,1405
1567,1554
1392,1451
1470,1504
1528,1488
1566,1539
1434,1421
1592,1538
1457,1457
1377,1432
1485,1489
1604,1574
1415,1425
1458,1491
1493,1473
1565,1570
1492,1530
1487,1515
1366,1428
1586,1576
1434,1443
1453,1388
1581,1584
1476,1446
1536,1502
1598,1527
1410,1421
1407,1443
1530,1564
1602,1548
1541,1572
1497,1538
1570,1562
1527,1537
1556,1555
1555,1561
1574,1558
1470,1523
1564,1541
1548,1548
1636,1548
1482,1520
1360,1436
1564,1572
1552,1529
1458,1452
1446,1445
1521,1488
1446,1535
1533,1437
1536,1528
1407,1429
1610,1575
1412,1435
1590,1570
1387,1436
1515,1502
1624,1526
1635,1583
1490,1465
1415,1424
1482,1430
1481,1508
1529,1567
1589,1541
1441,1481
1555,1419
1412,1512
1382,1514
1462,1540
1572,1569
1420,1340
1580,1587
1463,1461
1440,1484
1518,1536
1617,1547
1434,1469
1520,1471
1580,1551
1503,1518
1415,1416
1454,1478
1421,1428
1514,1495
1462,1473
1544,1536
1452,1398
1529,1487
1510,1468
1507,1468
1554,1525
1481,1438
1506,1498
1600,1597
1560,1571
1622,1532
1521,1500
1607,1538
1462,1434
1480,1472
1573,1545
1401,1450
1552,1570
1547,1549
1549,1523
1613,1554
1525,1455
1401,1390
1424,1439
1394,1450
1504,1502
1455,1425
1441,1414
1569,1585
1565,1511
1451,1445
1397,1458
1534,1526
1430,1464
1571,1592
1470,1499
1582,1556
1541,1490
1429,1416
1443,1472
1516,1461
1380,1419
1483,1459
1550,1563
1581,1498
1571,1578
1446,1451
1589,1526
1382,1446
1528,1556
1509,1493
1541,1506
1469,1483
1553,1614
1538,1554
1376,1394
1579,1536
1519,1518
1536,1594
1403,1469
1481,1473
1471,1518
1552,1538
1599,1564
1599,1548
1629,1579
1568,1579
1423,1402
1501,1501
1423,1492
1530,1512
1554,1523
1517,1473
1425,1458
1406,1423
1418,1423
1418,1406
1553,1538
1435,1456
1432,1452
1402,1460
1453,1450
1550,1533
1576,1536
1430,1448
1440,1466
1592,1512
1429,1385
1435,1445
1484,1508
1490,1462
1572,1576
1340,1428
1478,1455
1482,1516
1452,1433
1483,1455
1615,1578
1519,1558
1589,1540
1414,1402
1466,1516
1494,1411
1445,1452
1588,1534
1407,1441
1506,1492
1548,1461
1596,1570
1436,1420
1480,1522
1518,1429
1543,1592
1461,1490
1435,1474
1526,1499
1465,1448
1404,1439
1398,1406
1411,1417
1463,1440
1405,1401
1394,1458
1576,1531
1485,1428
1437,1543
1626,1569
1479,1482
1588,1556
1561,1542
1586,1554
1588,1558
1509,1497
1603,1565
1560,1526
1431,1441
1537,1571
1552,1505
1557,1534
1496,1516
1576,1506
1392,1403
1545,1568
1465,1409
1423,1451
1470,1445
1639,1545
1495,1469
1517,1451
1549,1559
1642,1531
1406,1530
1394,1451
1546,1528
1444,1397
1596,1538
1454,1485
1403,1403
1409,1411
1501,1543
1405,1444
1412,1460
1421,1438
1573,1533
1478,1438
1448,1474
1511,1537
1566,1523
1502,1496
1425,1411
1429,1444
1439,1415
1416,1445
1549,1537
1476,1455
1448,1489
1386,1463
1593,1530
1508,1558
1391,1394
1474,1447
1466,1499
1419,1440
1416,1450
1496,1436
1441,1477
1451,1443
1547,1486
1564,1475
1412,1473
1543,1576
1630,1565
1365,1400
1477,1404
1575,1582
1417,1501
1481,1413
1597,1561
1580,1549
1402,1461
1527,1495
1572,1585
1458,1494
1415,1420
1550,1478
1564,1515
1592,1598
1621,1565
1468,1480
1610,1563
1415,1422
1617,1554
1412,1476
1507,1475
1556,1528
1481,1489
1438,1452
1425,1427
1415,1401
1480,1479
1458,1435
1633,1555
1443,1415
1525,1505
1540,1570
1405,1474
1440,1406
1432,1518
1483,1502
1429,1404
1516,1560
1546,1545
1428,1450
1606,1559
1411,1460
1491,1459
1384,1436
1526,1536
1557,1523
1426,1448
1595,1547
1611,1550
1442,1474
1489,1515
1522,1464
1394,1434
1479,1476
1489,1491
1461,1425
1575,1550
1414,1439
1485,1460
1584,1581
1599,1575
1598,1618
1512,1526
1507,1508
1520,1546
1572,1550
1453,1459
1416,1425
1600,1541
1588,1579
1397,1459
1395,1426
1579,1614
1356,1448
1407,1440
1410,1498
1577,1515
1465,1468
1370,1405
1608,1574
1477,1525
1560,1588
1619,1607
1542,1531
1513,1544
1453,1480
1462,1459
1410,1430
1502,1490
1555,1543
1472,1577
1559,1589
1422,1443
1579,1551
1482,1502
1611,1569
1428,1414
1399,1442
1452,1415
1597,1573
1600,1599
1470,1424
1399,1419
1570,1535
1529,1506
1475,1422
1470,1476
1584,1550
1510,1446
1475,1435
1434,1465
1563,1518
1407,1429
1431,1406
1537,1536
1480,1414
1500,1501
1596,1575
1548,1512
1557,1584
1410,1413
1588,1537
1383,1437
1419,1473
1533,1505
1484,1492
1414,1405
1560,1539
1491,1494
1563,1556
1593,1519
1532,1420
1426,1457
1535,1531
1504,1507
1563,1439
1551,1540
1478,1518
1545,1569
1583,1557
1505,1550
1610,1565
1510,1465
1495,1456
1456,1413
1571,1545
1409,1384
1410,1412
1426,1453
1447,1372
1611,1541
1456,1477
1506,1502
1408,1462
1387,1449
1443,1501
1571,1552
1593,1529
1600,1586
1608,1559
1405,1470
1576,1576
1422,1528
1583,1551
1435,1460
1498,1527
1490,1438
1507,1445
1507,1476
1394,1417
1590,1557
1538,1535
1448,1428
1520,1526
1405,1411
1582,1577
1549,1549
1441,1432
1575,1510
1440,1407
1555,1511
1548,1463
1491,1486
1427,1411
1488,1511
1610,1580
1472,1438
1597,1521
1441,1493
1493,1511
1428,1421
1488,1440
1411,1427
1547,1546
1433,1382
1601,1530
1397,1475
1371,1425
1561,1530
1505,1483
1552,1547
1442,1453
1431,1507
1583,1603
1478,1514
1409,1435
1487,1518
1580,1602
1407,1387
1547,1569
1420,1406
1458,1564
1605,1534
1407,1461
1496,1539
1625,1557
1402,1444
1458,1447
1587,1576
1361,1450
1432,1488
1539,1581
1551,1597
1524,1546
1622,1544
1510,1455
1578,1560
1493,1426
1457,1513
1569,1514
1479,1488
1461,1473
1446,1437
1535,1494
1485,1506
1417,1455
1514,1482
1535,1534
1602,1593
1622,1558
1419,1447
1382,1450
1415,1453
1470,1512
1464,1522
1503,1483
1357,1389
1592,1578
1484,1492
1643,1581
1561,1591
1439,1449
1565,1517
1420,1462
1503,1529
1411,1442
1556,1541
1416,1380
1494,1456
1502,1448
1489,1450
1401,1453
1619,1585
1492,1552
1597,1560
1521,1550
1472,1444
1531,1603
1456,1381
1557,1567
1534,1586
1421,1428
1564,1592
1656,1627
1578,1513
1457,1474
1557,1561
1612,1566
1610,1576
1585,1543
1521,1496
1514,1456
1368,1385
1541,1535
1495,1480
1553,1560
1578,1611
1452,1541
1471,1460
1544,1531
1527,1549
1468,1546
1436,1400
1549,1563
1398,1450
1553,1472
1448,1498
1501,1567
1581,1589
1592,1534
1568,1519
1601,1568
1501,1406
1489,1535
1477,1438
1516,1506
1372,1453
1476,1432
1584,1559
1623,1571
1418,1469
1602,1527
1513,1576
1481,1473
1453,1537
1408,1466
1498,1549
1586,1554
1461,1513
1544,1534
1357,1406
1495,1516
1549,1554
1543,1546
1381,1402
1585,1529
1467,1434
1530,1491
1480,1497
1569,1573
1443,1435
1603,1524
1614,1542
1584,1576
1511,1484
1542,1578
1472,1444
1559,1493
1408,1387
1598,1550
1451,1516
1434,1522
1568,1590
1450,1452
1599,1515
1401,1452
1407,1381
1588,1561
1560,1556
1570,1501
1525,1542
1592,1531
1418,1473
1560,1556
1429,1433
1556,1579
1625,1601
1478,1511
1527,1545
1542,1530
1562,1565
1533,1565
1462,1460
1520,1503
1602,1519
1466,1484
1444,1458
1466,1491
1599,1550
1408,1421
1504,1518
1429,1425
1595,1594
1454,1456
1412,1399
1390,1422
1618,1618
1455,1446
1457,1472
1467,1449
1417,1415
1392,1432
1341,1441
1538,1473
1434,1525
1513,1447
1504,1436
1436,1423
1617,1557
1492,1530
1400,1440
1411,1495
1507,1558
1467,1473
1511,1524
1603,1600
1639,1562
1405,1445
1553,1600
1575,1517
1520,1529
1602,1602
1516,1521
1531,1571
1399,1460
1539,1530
1487,1475
1444,1494
1546,1513
1456,1445
1552,1531
1404,1443
1410,1460
1569,1526
1411,1479
1402,1392
1471,1462
1429,1408
1562,1553
1479,1451
1537,1573
1447,1466
1479,1409
1533,1566
1449,1404
1459,1400
1441,1556
1446,1435
1448,1448
1566,1548
1435,1482
1413,1481
1524,1518
1557,1557
1462,1536
1416,1464
1546,1552
1466,1463
1516,1455
1570,1565
1463,1440
1546,1560
1435,1434
1496,1499
1392,1501
1427,1462
1588,1513
1549,1462
1472,1437
1447,1432
1563,1558
1593,1615
1417,1461
1406,1403
1583,1592
1501,1512
1552,1608
1461,1457
1513,1520
1582,1621
1391,1460
1483,1464
1381,1425
1364,1437
1581,1598
1403,1495
1452,1478
1556,1587
1531,1533
1425,1434
1540,1527
1398,1406
1605,1530
1558,1549
1468,1505
1423,1420
1379,1468
1558,1516
1513,1482
1429,1407
1377,1427
1544,1513
1395,1435
1379,1454
1456,1449
1568,1585
1622,1615
1446,1474
1379,1442
1364,1409
1340,1416
1515,1535
1553,1502
1424,1455
1355,1428
1411,1456
1429,1437
1408,1468
1590,1553
1364,1392
1503,1488
1610,1607
1628,1557
1510,1545
1527,1503
1551,1498
1558,1480
1566,1599
1475,1485
1419,1427
1420,1481
1648,1553
1527,1553
1453,1583
1475,1460
1457,1463
1515,1488
1500,1496
1458,1479
1446,1429
1409,1431
1568,1575
1514,1538
1418,1449
1586,1540
1391,1446
1384,1437
1435,1334
1495,1406
1461,1504
1438,1463
1431,1473
1546,1599
1597,1533
1560,1495
1561,1532
1528,1560
1609,1582
1457,1512
1422,1421
1397,1475
1591,1564
1554,1509
1365,1441
1463,1446
1549,1530
1586,1545
1584,1498
1470,1386
1516,1528
1439,1439
1451,1496
1419,1481
1590,1547
1463,1523
1634,1592
1500,1520
1419,1473
1487,1466
1554,1572
1447,1451
1507,1560
1580,1567
1426,1463
1641,1570
1529,1570
1607,1549
1498,1532
1347,1351
1603,1598
1581,1552
1459,1400
1455,1414
1401,1386
1598,1561
1620,1558
1425,1480
1608,1589
1554,1465
1453,1484
1576,1583
1510,1563
1450,1473
1532,1541
1515,1505
1519,1537
1636,1571
1425,1468
1575,1501
1433,1439
1571,1589
1563,1470
1469,1502
1342,1419
1563,1550
1412,1418
1483,1526
1629,1621
1399,1469
1419,1433
1573,1543
1567,1573
1551,1564
1367,1423
1404,1435
1457,1432
1580,1587
1569,1560
1567,1566
1430,1469
1530,1537
1378,1433
1383,1444
1503,1453
1541,1503
1626,1572
1482,1453
1373,1441
1379,1418
1430,1444
1570,1553
1555,1562
1611,1570
1636,1578
1527,1517
1403,1440
1597,1599
1458,1498
1478,1445
1494,1482
1385,1410
1513,1581
1425,1440
1504,1481
1525,1565
1611,1573
1430,1492
1507,1462
1502,1505
1429,1406
1373,1452
1574,1592
1452,1455
1444,1446
1390,1422
1522,1532
1458,1524
1512,1580
1417,1439
1376,1433
1407,1434
1412,1435
1509,1528
1433,1434
1616,1592
1467,1461
1602,1579
1431,1407
1427,1449
1476,1475
1535,1573
1432,1458
1557,1443
1413,1386
1399,1451
1427,1409
1519,1530
1404,1435
1513,1500
1443,1437
1428,1370
1563,1596
1583,1565
1411,1441
1399,1448
1511,1530
1349,1392
1432,1458
1380,1427
1465,1381
1438,1406
1606,1525
1554,1541
1550,1580
1501,1534
1507,1488
1601,1628
1414,1446
1500,1474
1416,1407
1590,1536
1397,1432
1462,1472
1460,1472
1478,1526
1527,1568
1458,1434
1593,1615
1556,1548
1593,1557
1434,1420
1423,1447
1368,1393
1392,1424
1556,1521
1390,1461
1609,1627
1506,1494
1432,1401
1537,1561
1525,1548
1553,1577
1620,1531
1546,1491
1585,1576
1587,1560
1559,1532
1414,1462
1474,1468
1387,1423
1348,1438
1439,1398
1385,1368
1551,1521
1625,1537
1541,1545
1548,1530
1447,1497
1357,1371
1584,1545
1442,1473
1594,1560
1531,1515
1390,1423
1429,1429
1547,1537
1547,1517
1405,1415
1445,1414
1438,1452
1546,1530
1373,1434
1574,1617
1437,1400
1492,1399
1574,1505
1398,1436
1515,1574
1368,1415
1597,1600
1448,1519
1402,1430
1570,1489
1501,1458
1436,1417
1625,1604
1364,1421
1417,1440
1501,1473
1611,1586
1484,1412
1536,1558
1470,1531
1520,1572
1396,1421
1556,1541
1579,1555
1557,1474
1533,1487
1492,1458
1424,1427
1404,1466
1578,1506
1489,1506
1563,1588
1334,1447
1414,1383
1505,1475
1478,1453
1484,1378
1585,1556
1423,1448
1574,1588
1469,1498
1480,1493
1535,1555
1487,1471
1575,1560
1431,1455
1571,1593
1501,1446
1407,1423
1520,1453
1477,1434
1658,1551
1448,1447
1567,1534
1612,1584
1435,1424
1424,1459
1545,1555
1447,1529
1493,1452
1395,1427
1552,1494
1567,1552
1561,1522
1433,1391
1648,1607
1506,1506
1587,1578
1502,1465
1583,1594
1483,1458
1448,1464
1565,1531
1552,1562
1603,1504
1536,1566
1440,1456
1391,1408
1613,1577
1368,1464
1643,1580
1558,1539
1573,1573
1546,1523
1466,1435
1612,1598
1546,1591
1401,1459
1459,1490
1387,1398
1622,1586
1420,1436
1398,1411
1560,1522
1601,1514
1440,1475
1580,1572
1552,1459
1375,1441
1521,1564
1520,1483
1582,1544
1443,1492
1571,1563
1516,1466
1413,1464
1544,1478
1527,1533
1414,1427
1550,1564
1604,1577
1341,1426
1431,1421
1485,1531
1452,1491
1462,1549
1518,1536
1427,1446
1397,1404
1484,1495
1589,1613
1428,1492
1467,1439
1466,1469
1518,1491
1574,1616
1583,1600
1338,1437
1375,1433
1486,1461
1412,1411
1532,1506
1389,1416
1329,1446
1513,1484
1596,1548
1450,1517
1625,1565
1464,1461
1602,1550
1498,1473
1469,1511
1443,1415
1551,1532
1548,1584
1445,1477
1633,1627
1573,1571
1638,1567
1508,1520
1443,1391
1412,1453
1645,1545
1586,1589
1586,1519
1446,1432
1611,1585
1408,1446
1443,1486
1473,1508
1567,1547
1588,1603
1572,1598
1557,1526
1409,1455
1466,1469
1405,1501
1398,1480
1494,1544
1422,1484
1411,1453
1403,1398
1385,1370
1524,1562
1388,1420
1625,1532
1533,1486
1386,1424
1560,1564
1559,1525
1585,1497
1384,1410
1526,1526
1457,1434
1622,1570
1606,1608
1583,1503
1382,1368
1390,1528
1580,1636
1607,1549
1452,1483
1548,1608
1578,1627
1414,1401
1468,1459
1539,1554
1417,1371
1377,1444
1586,1598
1561,1608
1527,1560
1590,1479
1470,1423
1370,1419
1444,1473
1369,1483
1641,1599
1539,1546
1357,1440
1375,1432
1382,1423
1414,1430
1392,1446
1626,1600
1612,1588
1384,1474
1584,1571
1585,1556
1507,1492
1398,1438
1575,1586
1445,1454
1551,1564
1481,1430
1625,1608
1465,1475
1593,1528
1465,1472
1435,1447
1593,1597
1631,1606
1569,1550
1431,1371
1464,1453
1358,1424
1601,1563
1404,1426
1375,1448
1573,1573
1642,1621
1502,1537
1420,1468
1595,1572
1459,1464
1439,1443
1546,1497
1583,1588
1407,1409
1576,1557
1390,1418
1402,1409
1553,1504
1415,1436
1586,1563
1394,1424
1353,1439
1475,1466
1437,1452
1610,1531
1493,1439
1472,1456
1429,1415
1597,1548
1580,1535
1582,1498
1520,1471
1404,1400
1653,1531
1409,1412
1586,1609
1351,1406
1475,1415
1625,1601
1349,1480
1573,1502
1450,1447
1600,1550
1375,1448
1484,1422
1605,1597
1456,1474
1367,1411
1416,1391
1367,1384
1635,1561
1642,1604
1611,1598
1420,1433
1511,1536
1498,1498
1410,1420
1369,1409
1519,1575
1571,1587
1631,1599
1382,1422
1568,1582
1566,1585
1378,1404
1549,1539
1634,1564
1582,1604
1498,1484
1615,1572
1468,1463
1409,1468
1423,1426
1368,1432
1487,1461
1471,1535
1629,1591
1540,1554
1597,1544
1525,1588
1565,1573
1400,1438
1564,1563
1592,1633
1427,1417
1537,1498
1561,1549
1501,1523
1482,1435
1509,1529
1627,1613
1570,1564
1346,1437
1619,1587
1348,1412
1556,1510
1520,1575
1388,1438
1616,1613
1577,1541
1587,1530
1625,1569
1621,1585
1603,1595
1427,1465
1631,1581
1548,1519
1569,1549
1373,1441
1417,1447
1578,1577
1587,1558
1452,1426
1469,1470
1393,1446
1545,1598
1426,1441
1564,1516
1387,1427
1519,1494
1644,1554
1505,1483
1371,1399
1408,1453
1629,1593
1406,1439
1366,1454
1521,1595
1612,1523
1409,1421
1645,1599
1530,1553
1549,1566
1383,1413
1604,1523
1576,1583
1416,1430
1538,1559
1349,1408
1383,1407
1533,1555
1394,1417
1534,1524
1551,1520
1615,1549
1437,1461
1606,1582
1389,1383
1577,1534
1502,1505
1631,1544
1448,1454
1555,1483
1446,1425
1450,1432
1606,1618
1583,1570
1428,1443
1613,1608
1434,1527
1580,1495
1456,1452
1469,1453
1584,1599
1565,1580
1490,1429
1580,1481
1400,1422
1396,1377
1357,1434
1609,1563
1611,1607
1553,1586
1415,1423
1621,1581
1537,1479
1603,1587
1556,1467
1526,1519
1584,1582
1396,1406
1544,1451
1566,1624
1416,1407
1484,1483
1489,1430
1432,1449
1403,1416
1485,1447
1421,1478
1420,1403
1491,1540
1623,1541
1546,1546
1384,1417
1605,1567
1423,1399
1586,1559
1578,1603
1494,1498
1431,1445
1354,1445
1545,1556
1362,1430
1346,1450
1595,1537
1375,1461
1378,1405
1420,1448
1380,1395
1413,1496
1549,1552
1624,1560
1473,1479
1383,1384
1414,1442
1447,1408
1341,1443
1398,1408
1384,1404
1412,1503
1607,1583
1409,1446
1406,1439
1531,1514
1608,1596
1536,1570
1475,1604
1423,1491
1642,1617
1565,1521
1469,1467
1525,1497
1409,1484
1450,1474
1400,1425
1488,1547
1384,1430
1384,1451
1582,1571
1569,1505
1445,1383
1368,1391
1583,1566
1404,1400
1413,1421
1668,1581
1474,1488
1416,1370
1435,1426
1571,1512
1498,1526
1438,1384
1447,1391
1623,1588
1628,1597
1627,1610
1626,1575
1362,1378
1589,1565
1549,1590
1463,1504
1413,1413
1457,1475
1559,1523
1419,1437
1615,1565
1385,1426
1396,1439
1469,1461
1416,1446
1653,1568
1385,1419
1590,1547
1603,1622
1538,1543
1670,1642
1480,1443
1404,1394
1599,1532
1565,1580
1485,1546
1480,1524
1457,1511
1471,1455
1476,1497
1424,1488
1416,1444
1489,1464
1392,1405
1423,1490
1505,1435
1354,1383
1556,1592
1393,1454
1517,1512
1430,1392
1595,1546
1627,1592
1434,1418
1399,1442
1552,1572
1397,1472
1379,1371
1480,1410
1628,1533
1548,1438
1476,1503
1368,1435
1488,1532
1397,1415
1430,1449
1550,1595
1628,1624
1482,1420
1569,1485
1337,1457
1626,1552
1536,1450
1421,1474
1413,1440
1633,1616
1622,1506
1562,1501
1615,1532
1349,1413
1402,1390
1530,1467
1385,1464
1507,1493
1560,1585
1413,1392
1431,1383
1383,1458
1579,1605
1462,1526
1395,1404
1566,1590
1649,1600
1503,1404
1516,1485
1554,1571
1619,1527
1596,1543
1335,1393
1407,1475
1462,1478
1558,1502
1435,1487
1518,1486
1384,1477
1484,1556
1360,1413
1481,1514
1582,1491
1651,1536
1568,1583
1504,1467
1351,1405
1429,1366
1506,1501
1457,1454
1502,1546
1554,1528
1551,1605
1520,1542
1352,1412
1508,1427
1590,1595
1605,1610
1371,1522
1500,1450
1552,1477
1539,1510
1391,1384
1626,1550
1465,1437
1474,1447
1383,1412
1440,1543
1558,1574
1391,1426
1490,1495
1343,1395
1411,1462
1356,1387
1547,1596
1543,1543
1630,1604
1585,1611
1412,1422
1497,1534
1376,1409
1385,1408
1591,1536
1404,1444
1547,1478
1596,1581
1378,1492
1388,1442
1383,1430
1403,1499
1516,1578
1621,1601
1383,1404
1677,1538
1591,1574
1424,1372
1494,1506
1388,1439
1612,1593
1546,1481
1471,1467
1409,1402
1461,1568
1434,1420
1419,1396
1349,1376
1425,1417
1436,1505
1537,1461
1608,1639
1399,1440
1576,1575
1478,1452
1510,1594
1520,1523
1577,1591
1521,1576
1371,1399
1373,1442
1636,1611
1493,1490
1516,1559
1438,1455
1603,1587
1530,1549
1507,1565
1552,1486
1589,1580
1606,1508
1378,1426
1545,1591
1532,1508
1417,1408
1615,1625
1379,1436
1408,1381
1407,1405
1414,1417
1387,1450
1403,1429
1384,1402
1362,1450
1629,1626
1495,1528
1510,1528
1444,1478
1502,1443
1526,1516
1417,1388
1489,1549
1560,1563
1560,1482
1622,1596
1415,1413
1521,1577
1428,1425
1606,1582
1615,1630
1659,1594
1499,1463
1453,1409
1658,1575
1627,1533
1380,1377
1465,1503
1458,1512
1402,1382
1694,1621
1385,1491
1587,1593
1613,1593
1567,1555
1604,1555
1638,1565
1629,1579
1355,1448
1485,1431
1445,1452
1418,1388
1490,1475
1362,1342
1603,1517
1418,1459
1389,1414
1492,1484
1655,1620
1412,1446
1619,1595
1378,1408
1416,1405
1422,1447
1458,1392
1483,1493
1436,1420
1424,1426
1448,1518
1377,1414
1551,1593
1334,1440
1455,1429
1467,1482
1449,1432
1654,1573
1631,1600
1436,1415
1390,1424
1606,1535
1427,1364
1424,1473
1509,1531
1370,1385
1495,1433
1399,1468
1562,1490
1416,1374
1422,1398
1434,1417
1406,1402
1642,1605
1399,1429
1435,1526
1346,1446
1618,1612
1617,1578
1381,1383
1464,1400
1592,1577
1391,1411
1598,1572
1574,1613
1508,1538
1576,1570
1673,1602
1539,1590
1478,1564
1402,1442
1634,1623
1579,1579
1418,1434
1418,1462
1455,1454
1474,1424
1378,1392
1428,1410
1374,1437
1519,1538
1373,1397
1615,1589
1502,1513
1558,1578
1403,1432
1621,1599
1655,1578
1504,1481
1362,1466
1496,1507
1384,1395
1518,1478
1459,1435
1586,1533
1467,1493
1549,1509
1381,1367
1395,1395
1405,1478
1511,1534
1601,1601
1370,1385
1568,1519
1694,1586
1472,1440
1390,1408
1392,1417
1491,1518
1358,1467
1495,1513
1544,1620
1408,1464
1564,1562
1529,1566
1595,1535
1430,1477
1420,1455
1403,1448
1452,1476
1362,1427
1615,1544
1423,1534
1573,1565
1580,1554
1369,1428
1644,1554
1569,1598
1440,1532
1622,1610
1520,1511
1621,1604
1576,1543
1622,1620
1530,1505
1434,1485
1606,1582
1317,1395
1346,1405
1635,1601
1478,1428
1486,1436
1415,1464
1439,1442
1584,1580
1564,1537
1562,1515
1320,1426
1373,1460
1607,1647
1417,1502
1591,1561
1624,1623
1520,1504
1506,1443
1662,1553
1384,1483
1501,1505
1575,1564
1572,1603
1374,1329
1406,1398
1469,1552
1424,1446
1537,1494
1405,1388
1404,1501
1359,1418
1434,1513
1584,1605
1521,1511
1612,1591
1385,1425
1455,1453
1505,1420
1602,1624
1548,1513
1402,1477
1487,1493
1565,1547
1439,1497
1395,1387
1553,1536
1418,1399
1473,1484
1570,1599
1666,1598
1530,1514
1542,1604
1569,1602
1360,1417
1417,1434
1523,1527
1436,1453
1514,1500
1426,1487
1545,1610
1556,1571
1647,1592
1631,1535
1568,1608
1494,1420
1355,1377
1515,1517
1483,1520
1613,1595
1378,1399
1531,1566
1382,1458
1407,1480
1432,1481
1352,1424
1442,1429
1579,1574
1545,1595
1600,1506
1619,1528
1662,1582
1410,1458
1471,1507
1498,1435
1373,1411
1393,1411
1380,1425
1370,1433
1428,1491
1547,1495
1517,1478
1582,1528
1358,1398
1447,1379
1631,1587
1464,1475
1634,1600
1595,1569
1638,1536
1642,1609
1356,1508
1629,1537
1392,1406
1552,1506
1529,1546
1503,1521
1423,1538
1469,1420
1453,1431
1598,1596
1396,1384
1663,1599
1632,1599
1349,1441
1527,1472
1477,1487
1468,1395
1324,1447
1452,1441
1376,1444
1479,1467
1359,1488
1410,1442
1534,1546
1508,1547
1610,1531
1615,1566
1472,1436
1637,1606
1504,1483
1547,1551
1378,1436
1554,1593
1346,1424
1587,1496
1445,1473
1433,1374
1434,1478
1638,1593
1345,1408
1376,1443
1317,1430
1666,1572
1653,1566
1442,1442
1577,1517
1621,1572
1353,1402
1543,1478
1428,1414
1654,1604
1351,1431
1428,1503
1361,1418
1601,1564
1474,1380
1352,1393
1474,1402
1513,1536
1437,1525
1508,1523
1401,1369
1448,1437
1568,1632
1381,1419
1589,1589
1329,1391
1380,1436
1542,1523
1605,1563
1362,1394
1572,1623
1468,1417
1451,1426
1515,1410
1601,1535
1385,1393
1404,1389
1592,1561
1545,1565
1494,1442
1559,1571
1579,1519
1577,1633
1384,1416
1408,1369
1576,1508
1587,1573
1443,1477
1613,1586
1461,1401
1478,1515
1612,1604
1484,1517
1458,1425
1620,1545
1542,1571
1384,1427
1500,1524
1637,1625
1637,1585
1502,1465
1389,1412
1434,1442
1499,1411
1623,1607
1594,1617
1569,1524
1544,1559
1470,1398
1585,1546
1383,1438
1378,1378
1593,1596
1594,1544
1345,1440
1627,1593
1376,1420
1612,1573
1361,1382
1457,1461
1534,1469
1574,1559
1355,1393
1438,1431
1482,1566
1407,1433
1430,1490
1616,1597
1534,1504
1570,1558
1573,1608
1562,1600
1567,1575
1396,1413
1571,1529
1637,1591
1448,1432
1611,1620
1547,1478
1570,1608
1631,1599
1593,1535
1438,1399
1602,1608
1369,1432
1387,1436
1483,1490
1593,1565
1406,1355
1439,1434
1463,1490
1562,1523
1516,1502
1597,1602
1524,1603
1478,1454
1387,1423
1546,1523
1607,1571
1394,1383
1600,1591
1553,1563
1356,1339
1474,1487
1454,1490
1511,1558
1420,1415
1623,1584
1584,1632
1441,1447
1567,1559
1480,1478
1386,1460
1636,1553
1359,1373
1420,1396
1621,1597
1611,1617
1335,1371
1406,1477
1301,1393
1614,1558
1373,1399
1464,1468
1410,1459
1530,1460
1371,1391
1615,1644
1608,1533
1585,1498
1637,1596
1470,1437
1448,1462
1617,1544
1636,1573
1645,1604
1359,1440
1389,1387
1439,1421
1594,1614
1516,1473
1645,1599
1570,1553
1479,1539
1574,1556
1432,1437
1443,1460
1579,1598
1520,1515
1416,1446
1508,1480
1329,1364
1529,1492
1357,1418
1455,1474
1569,1617
1604,1536
1385,1448
1566,1617
1464,1405
1401,1429
1580,1486
1599,1617
1526,1464
1416,1419
1444,1478
1400,1389
1580,1528
1491,1463
1657,1604
1598,1566
1617,1598
1455,1445
1623,1583
1631,1611
1471,1481
1389,1423
1348,1347
1450,1501
1484,1527
1471,1531
1618,1611
1508,1505
1372,1406
1605,1544
1570,1544
1493,1554
1434,1480
1405,1388
1473,1556
1376,1427
1387,1421
1459,1428
1465,1436
1621,1604
1634,1576
1586,1586
1567,1488
1544,1588
1371,1385
1463,1498
1656,1621
1397,1492
1607,1581
1579,1577
1425,1440
1438,1445
1569,1560
1553,1576
1640,1568
1591,1581
1351,1372
1363,1464
1442,1451
1615,1591
1573,1587
1375,1410
1597,1604
1483,1482
1449,1407
1675,1583
1581,1607
1473,1400
1590,1593
1643,1555
1405,1405
1367,1355
1473,1412
1480,1505
1534,1492
1383,1396
1555,1449
1536,1464
1603,1567
1556,1507
1598,1584
1499,1504
1355,1475
1480,1439
1409,1429
1373,1385
1415,1358
1366,1398
1615,1616
1645,1538
1457,1499
1463,1525
1397,1439
1534,1558
1395,1411
1593,1580
1393,1447
1428,1480
1559,1597
1519,1528
1602,1588
1368,1407
1508,1455
1477,1504
1474,1479
1420,1529
1641,1570
1573,1563
1478,1556
1577,1540
1597,1585
1666,1618
1611,1589
1448,1477
1633,1615
1533,1558
1476,1572
1544,1511
1405,1394
1484,1508
1544,1511
1461,1534
1319,1379
1354,1394
1578,1571
1429,1386
1480,1420
1616,1557
1533,1441
1626,1602
1532,1463
1401,1397
1572,1521
1444,1469
1443,1395
1566,1509
1526,1487
1521,1506
1640,1579
1624,1553
1441,1451
1582,1454
1551,1521
1407,1465
1581,1550
1576,1565
1555,1560
1335,1414
1405,1412
1433,1456
1552,1585
1639,1608
1381,1407
1380,1423
1610,1634
1590,1598
1381,1378
1370,1412
1473,1581
1577,1592
1541,1526
1480,1488
1663,1572
1489,1461
1605,1606
1570,1547
1449,1485
1568,1512
1317,1376
1485,1525
1519,1544
1388,1438
1453,1407
1411,1389
1495,1476
1628,1550
1575,1605
1602,1556
1455,1380
1389,1435
1548,1570
1595,1604
1553,1555
1380,1455
1563,1541
1402,1420
1478,1457
1637,1500
1507,1540
1497,1457
1405,1383
1538,1566
1547,1516
1343,1370
1484,1445
1419,1403
1362,1361
1504,1478
1503,1521
1585,1612
1419,1443
1353,1450
1556,1565
1381,1429
1492,1429
1389,1413
1527,1436
1325,1439
1400,1398
1404,1440
1592,1518
1525,1600
1551,1585
1413,1418
1592,1569
1564,1489
1500,1554
1443,1487
1381,1390
1599,1591
1637,1574
1517,1489
1572,1520
1452,1523
1406,1359
1460,1442
1435,1450
1648,1536
1642,1575
1370,1375
1506,1494
1556,1536
1529,1519
1609,1577
1611,1611
1421,1474
1483,1449
1444,1494
1492,1551
1562,1554
1474,1544
1327,1384
1623,1621
1561,1583
1459,1435
1578,1610
1616,1585
1493,1425
1400,1397
1520,1587
1565,1500
1451,1484
1612,1532
1503,1487
1423,1428
1589,1566
1544,1568
1449,1409
1555,1540
1352,1417
1500,1493
1538,1537
1594,1551
1589,1522
1436,1445
1405,1381
1614,1572
1486,1510
1554,1565
1661,1598
1572,1520
1623,1608
1643,1625
1473,1435
1344,1416
1630,1584
1319,1376
1619,1605
1427,1396
1493,1592
1583,1504
1523,1472
1556,1540
1475,1496
1561,1550
1548,1574
1516,1469
1558,1580
1479,1543
1475,1515
1358,1420
1477,1511
1549,1600
1460,1403
1642,1602
1502,1464
1560,1514
1625,1559
1412,1409
1400,1459
1439,1462
1389,1399
1568,1573
1403,1412
1513,1432
1309,1416
1356,1408
1468,1482
1479,1466
1419,1397
1403,1388
1427,1406
1556,1514
1535,1535
1572,1490
1542,1541
1517,1523
1588,1617
1379,1430
1447,1464
1368,1433
1383,1382
1361,1408
1431,1501
1533,1581
1535,1571
1465,1503
1653,1638
1695,1610
1604,1620
1446,1459
1392,1427
1532,1437
1441,1401
1443,1462
1362,1400
1517,1549
1377,1439
1511,1543
1419,1429
1623,1573
1302,1439
1445,1438
1568,1573
1619,1584
1649,1583
1371,1364
1445,1500
1425,1449
1371,1412
1646,1534
1398,1461
1625,1601
1380,1413
1528,1589
1528,1604
1650,1587
1621,1639
1358,1427
1415,1400
1559,1572
1585,1539
1634,1608
1634,1544
1588,1550
1609,1636
1354,1383
1355,1402
1551,1614
1407,1404
1370,1392
1558,1605
1400,1405
1534,1437
1456,1475
1375,1395
1496,1424
1594,1570
1597,1599
1493,1513
1594,1609
1532,1515
1367,1427
1599,1566
1670,1601
1590,1588
1491,1546
1326,1411
1424,1442
1420,1482
1459,1413
1414,1414
1379,1460
1616,1614
1418,1455
1557,1516
1354,1443
1390,1482
1438,1513
1569,1527
1607,1578
1353,1387
1535,1467
1470,1505
1649,1610
1565,1523
1425,1386
1617,1579
1440,1392
1364,1375
1437,1467
1446,1489
1468,1553
1426,1452
1612,1540
1481,1476
1647,1613
1368,1405
1523,1555
1386,1416
1411,1419
1435,1451
1593,1563
1650,1583
1622,1596
1345,1420
1643,1547
1381,1435
1431,1447
1566,1518
1331,1389
1468,1410
1353,1383
1454,1551
1580,1547
1607,1541
1381,1469
1581,1583
1664,1595
1586,1588
1448,1464
1541,1564
1581,1624
1617,1555
1374,1396
1451,1484
1411,1354
1710,1573
1537,1576
1537,1463
1353,1413
1621,1638
1543,1517
1578,1554
1620,1608
1475,1440
1623,1540
1629,1633
1602,1545
1439,1465
1529,1476
1567,1600
1572,1601
1356,1405
1406,1404
1327,1398
1549,1549
1684,1564
1644,1548
1392,1418
1438,1412
1550,1573
1594,1505
1529,1503
1595,1621
1386,1406
1440,1417
1640,1604
1351,1400
1512,1592
1674,1587
1664,1611
1420,1462
1406,1431
1570,1552
1516,1498
1676,1589
1567,1570
1437,1525
1403,1414
1593,1600
1616,1550
1621,1577
1586,1575
1584,1562
1346,1374
1477,1510
1390,1410
1368,1473
1414,1464
1492,1431
1599,1493
1607,1616
1439,1386
1444,1433
1571,1561
1474,1470
1612,1589
1575,1572
1539,1538
1632,1545
1391,1475
1631,1581
1388,1422
1635,1571
1393,1485
1632,1639
1374,1387
1493,1460
1518,1541
1449,1508
1383,1423
1566,1558
1436,1472
1621,1610
1601,1585
1370,1389
1501,1506
1515,1527
1599,1617
1588,1528
1608,1582
1668,1581
1451,1468
1561,1540
1519,1490
1346,1398
1627,1652
1433,1450
1628,1606
1488,1428
1463,1385
1408,1463
1406,1450
1389,1402
1376,1436
1342,1409
1388,1387
1418,1469
1447,1395
1481,1450
1335,1395
1519,1561
1477,1517
1552,1584
1601,1585
1635,1622
1446,1464
1397,1405
1462,1435
1533,1455
1567,1508
1532,1561
1595,1584
1431,1361
1603,1512
1638,1513
1537,1518
1349,1378
1454,1544
1349,1470
1388,1422
1637,1605
1427,1466
1564,1586
1450,1492
1468,1431
1557,1619
1384,1409
1365,1455
1614,1528
1574,1601
1428,1403
1397,1432
1348,1424
1473,1481
1598,1591
1364,1390
1371,1419
1357,1408
1346,1425
1527,1469
1476,1465
1595,1585
1564,1597
1520,1520
1638,1630
1579,1524
1400,1477
1386,1412
1462,1587
1417,1517
1464,1430
1382,1444
1362,1449
1634,1593
1409,1394
1356,1454
1420,1427
1426,1399
1498,1523
1539,1627
1394,1438
1469,1514
1331,1413
1549,1559
1579,1577
1539,1531
1408,1373
1560,1458
1639,1562
1476,1463
1540,1503
1574,1552
1563,1563
1563,1554
1477,1519
1583,1588
1569,1551
1427,1420
1394,1461
1630,1600
1401,1437
1321,1473
1417,1421
1407,1395
1551,1526
1643,1576
1448,1416
1559,1511
1425,1424
1598,1535
1454,1384
1533,1514
1464,1415
1429,1472
1457,1544
1599,1562
1387,1428
1521,1570
1500,1510
1379,1410
1518,1516
1392,1451
1570,1530
1528,1483
1557,1528
1434,1490
1622,1570
1602,1580
1574,1594
1411,1379
1563,1552
1404,1360
1423,1434
1490,1434
1663,1567
1614,1583
1396,1406
1681,1529
1595,1520
1571,1583
1552,1538
1471,1417
1401,1492
1572,1597
1375,1375
1317,1389
1450,1501
1385,1368
1466,1461
1513,1555
1604,1535
1593,1623
1650,1590
1536,1606
1387,1367
1311,1398
1624,1591
1557,1586
1411,1400
1349,1363
1536,1474
1538,1502
1403,1388
1565,1570
1414,1375
1388,1426
1407,1493
1321,1354
1469,1444
1578,1579
1551,1569
1631,1595
1566,1550
1378,1477
1610,1644
1344,1433
1357,1403
1639,1621
1601,1579
1578,1517
1583,1607
1618,1519
1532,1496
1354,1425
1527,1469
1606,1561
1589,1548
1373,1417
1627,1557
1625,1533
1561,1484
1458,1477
1393,1433
1628,1556
1424,1437
1411,1419
1556,1502
1447,1480
1494,1489
1432,1487
1561,1554
1615,1552
1547,1529
1580,1586
1457,1432
1372,1338
1478,1491
1582,1558
1611,1597
1485,1515
1623,1574
1578,1589
1612,1618
1461,1416
1480,1526
1385,1406
1539,1578
1592,1611
1647,1508
1448,1446
1462,1483
1625,1585
1644,1600
1476,1476
1601,1560
1593,1578
1541,1521
1371,1365
1566,1615
1576,1589
1414,1415
1612,1580
1576,1596
1366,1400
1448,1441
1586,1609
1392,1451
1587,1563
1570,1531
1619,1631
1616,1589
1379,1399
1601,1638
1427,1474
1669,1603
1522,1534
1630,1606
1495,1542
1598,1589
1548,1543
1471,1477
1367,1388
1557,1522
1390,1466
1545,1524
1470,1602
1475,1479
1632,1617
1637,1623
1631,1575
1359,1406
1468,1417
1420,1376
1603,1620
1500,1527
1656,1601
1585,1547
1349,1424
1528,1553
1515,1515
1446,1408
1531,1483
1617,1585
1563,1556
1445,1487
1602,1548
1379,1408
1393,1430
1558,1581
1502,1502
1358,1437
1395,1457
1523,1566
1510,1509
1397,1416
1549,1551
1581,1550
1389,1408
1374,1413
1601,1587
1610,1566
