ch1,ch2
1457,1481
1453,1483
1449,1477
1439,1466
1459,1463
1439,1485
1435,1460
1467,1488
1472,1480
1461,1492
1497,1505
1472,1493
1470,1476
1478,1487
1472,1491
1465,1512
1472,1495
1482,1502
1500,1513
1483,1496
1501,1495
1486,1488
1486,1521
1523,1514
1501,1521
1503,1505
1494,1490
1508,1498
1490,1514
1504,1526
1516,1518
1527,1518
1502,1524
1514,1540
1530,1507
1515,1540
1534,1545
1513,1541
1518,1552
1516,1524
1558,1548
1537,1531
1524,1538
1534,1536
1528,1537
1550,1518
1539,1553
1550,1559
1535,1529
1551,1536
1541,1546
1556,1538
1546,1532
1537,1541
1553,1531
1547,1537
1558,1528
1532,1560
1545,1533
1552,1536
1549,1548
1544,1529
1555,1535
1524,1532
1542,1552
1594,1533
1536,1549
1539,1533
1539,1535
1549,1531
1554,1529
1543,1546
1550,1513
1537,1540
1536,1528
1531,1530
1543,1546
1556,1540
1569,1552
1575,1544
1553,1546
1555,1522
1555,1523
1563,1526
1544,1507
1524,1509
1544,1520
1560,1529
1544,1531
1561,1519
1567,1515
1534,1533
1527,1502
1536,1516
1533,1523
1533,1513
1550,1524
1520,1523
1540,1516
1534,1510
1528,1533
1554,1498
1529,1518
1540,1516
1532,1509
1525,1503
1513,1492
1517,1481
1507,1504
1523,1490
1531,1499
1536,1487
1529,1493
1488,1472
1510,1501
1497,1501
1500,1470
1484,1472
1508,1491
1471,1464
1493,1467
1464,1456
1481,1474
1500,1453
1499,1460
1484,1460
1465,1445
1456,1460
1468,1461
1495,1474
1491,1439
1497,1449
1468,1456
1456,1452
1461,1425
1451,1448
1453,1436
1477,1427
1457,1424
1483,1425
1458,1440
1435,1438
1442,1412
1448,1407
1430,1421
1454,1421
1443,1399
1437,1419
1436,1419
1445,1414
1428,1412
1421,1393
1428,1405
1421,1387
1422,1401
1434,1390
1399,1413
1403,1398
1400,1395
1409,1393
1410,1420
1376,1406
1415,1402
1384,1402
1396,1376
1405,1386
1392,1379
1365,1396
1392,1363
1383,1377
1388,1380
1392,1364
1364,1386
1371,1383
1385,1374
1392,1374
1384,1387
1399,1362
1413,1376
1369,1358
1381,1353
1373,1363
1364,1386
1369,1371
1361,1356
1341,1367
1363,1364
1359,1365
1362,1361
1384,1365
1351,1340
1358,1371
1344,1352
1359,1355
1355,1339
1359,1364
1335,1369
1352,1356
1344,1372
1355,1371
1344,1367
1344,1340
1331,1343
1356,1384
1370,1352
1350,1341
1357,1357
1337,1354
1358,1353
1355,1368
1364,1363
1349,1353
1349,1356
1357,1358
1352,1342
1350,1361
1355,1342
1351,1363
1362,1371
1351,1348
1342,1355
1358,1368
1343,1364
1345,1370
1351,1353
1361,1359
1370,1366
1357,1368
1337,1371
1369,1377
1360,1366
1356,1389
1336,1403
1359,1383
1354,1357
1372,1366
1361,1376
1365,1379
1350,1382
1356,1380
1385,1392
1371,1393
1376,1380
1347,1405
1365,1390
1394,1400
1376,1408
1381,1392
1372,1398
1404,1393
1377,1409
1396,1398
1411,1404
1388,1426
1378,1424
1381,1404
1400,1433
1393,1422
1383,1424
1406,1415
1432,1427
1418,1415
1411,1455
1431,1438
1400,1439
1401,1448
1412,1432
1433,1445
1430,1441
1430,1446
1430,1451
1427,1455
1423,1454
1420,1436
1447,1473
1436,1454
1432,1445
1431,1471
1455,1466
1442,1460
1442,1458
1451,1480
1432,1468
1451,1469
1478,1478
1460,1468
1466,1491
1473,1494
1450,1484
1482,1489
1493,1482
1469,1492
1467,1490
1479,1491
1477,1503
1478,1492
1483,1479
1472,1493
1494,1502
1496,1498
1483,1506
1486,1484
1506,1499
1517,1496
1513,1496
1520,1516
1495,1515
1504,1504
1512,1525
1525,1545
1506,1522
1514,1502
1523,1515
1517,1540
1517,1524
1507,1524
1535,1533
1508,1520
1534,1532
1497,1514
1531,1536
1545,1545
1518,1538
1523,1529
1546,1539
1526,1534
1529,1542
1534,1531
1524,1538
1538,1532
1542,1538
1552,1536
1563,1540
1542,1537
1564,1551
1557,1537
1566,1538
1551,1540
1566,1528
1555,1543
1545,1528
1537,1536
1578,1539
1534,1548
1544,1535
1549,1540
1549,1522
1560,1547
1557,1564
1548,1554
1550,1555
1557,1549
1537,1533
1556,1536
1573,1540
1569,1567
1554,1521
1554,1526
1576,1546
1551,1529
1547,1555
1540,1554
1544,1540
1544,1533
1572,1537
1538,1516
1565,1517
1560,1529
1552,1531
1526,1531
1558,1517
1531,1517
1559,1513
1528,1534
1545,1528
1514,1505
1543,1522
1546,1502
1529,1515
1526,1520
1536,1510
1529,1501
1530,1514
1504,1505
1522,1498
1517,1489
1522,1505
1524,1496
1510,1494
1512,1477
1519,1489
1531,1522
1483,1494
1501,1485
1494,1491
1496,1484
1526,1469
1490,1473
1491,1478
1508,1479
1514,1472
1492,1469
1493,1459
1486,1470
1490,1468
1486,1453
1492,1457
1469,1433
1484,1457
1470,1439
1477,1427
1469,1457
1468,1443
1459,1438
1452,1433
1463,1433
1457,1444
1448,1429
1453,1432
1446,1426
1482,1419
1443,1436
1436,1448
1430,1424
1442,1418
1438,1439
1427,1427
1444,1436
1423,1429
1443,1418
1419,1428
1419,1413
1414,1402
1418,1396
1408,1398
1402,1385
1389,1421
1418,1419
1419,1382
1432,1385
1409,1397
1443,1407
1395,1377
1382,1380
1374,1380
1381,1394
1384,1397
1396,1377
1357,1377
1391,1376
1369,1377
1394,1377
1390,1374
1379,1374
1381,1379
1386,1368
1371,1391
1379,1385
1366,1390
1377,1382
1377,1367
1356,1365
1379,1356
1388,1379
1360,1371
1373,1354
1357,1362
1375,1364
1354,1371
1339,1348
1369,1354
1366,1371
1353,1366
1370,1373
1351,1340
1348,1342
1338,1365
1360,1371
1345,1365
1339,1358
1354,1367
1358,1351
1330,1365
1353,1354
1341,1349
1331,1347
1330,1367
1368,1359
1319,1370
1342,1353
1339,1363
1354,1365
1345,1351
1348,1385
1337,1364
1334,1354
1353,1357
1345,1372
1350,1343
1342,1370
1344,1360
1356,1389
1348,1385
1347,1366
1359,1364
1355,1366
1334,1372
1343,1361
1352,1363
1383,1383
1329,1359
1328,1363
1360,1384
1348,1392
1356,1379
1364,1379
1351,1361
1372,1383
1356,1377
1355,1395
1354,1398
1378,1408
1372,1383
1389,1398
1395,1388
1363,1385
1357,1426
1379,1413
1372,1390
1379,1405
1396,1417
1379,1405
1368,1410
1394,1422
1370,1397
1408,1405
1389,1407
1401,1413
1392,1422
1405,1430
1410,1416
1419,1446
1418,1430
1412,1438
1410,1439
1421,1434
1407,1450
1426,1438
1426,1440
1425,1448
1422,1433
1431,1448
1417,1447
1420,1454
1434,1446
1431,1491
1422,1471
1441,1475
1443,1451
1443,1454
1448,1471
1442,1485
1459,1486
1444,1462
1468,1481
1460,1457
1454,1465
1458,1468
1468,1485
1460,1485
1466,1503
1464,1508
1467,1507
1493,1487
1491,1499
1484,1493
1481,1520
1478,1495
1488,1481
1488,1519
1492,1509
1490,1506
1511,1490
1511,1519
1501,1505
1494,1519
1511,1524
1543,1526
1500,1521
1522,1534
1513,1516
1521,1509
1519,1531
1511,1541
1524,1529
1507,1530
1517,1523
1521,1518
1523,1519
1511,1535
1536,1557
1539,1533
1549,1536
1541,1551
1534,1534
1555,1535
1534,1539
1537,1522
1550,1538
1525,1533
1541,1537
1536,1532
1530,1550
1563,1518
1558,1554
1544,1542
1565,1532
1532,1547
1547,1548
1553,1558
1573,1548
1579,1541
1542,1543
1569,1535
1563,1553
1541,1532
1543,1542
1553,1533
1544,1556
1543,1545
1539,1535
1547,1550
1534,1549
1552,1556
1570,1522
1561,1527
1544,1538
1559,1532
1568,1531
1546,1519
1568,1523
1531,1522
1527,1534
1530,1536
1564,1526
1557,1543
1556,1508
1548,1528
1562,1536
1515,1525
1532,1531
1531,1524
1545,1528
1534,1524
1531,1514
1545,1502
1532,1518
1532,1504
1529,1497
1507,1514
1531,1514
1544,1514
1524,1499
1530,1529
1537,1504
1484,1509
1544,1515
1513,1509
1540,1493
1524,1515
1524,1515
1516,1497
1517,1487
1501,1501
1512,1470
1521,1481
1495,1479
1489,1499
1488,1491
1480,1495
1489,1458
1476,1500
1483,1455
1473,1484
1513,1458
1478,1462
1493,1464
1475,1448
1479,1464
1490,1449
1471,1434
1467,1434
1480,1444
1488,1440
1474,1418
1464,1451
1448,1431
1466,1441
1466,1434
1456,1421
1447,1426
1433,1427
1444,1426
1435,1426
1439,1429
1463,1431
1423,1408
1445,1403
1428,1398
1422,1421
1430,1419
1433,1404
1421,1418
1430,1408
1419,1420
1438,1404
1426,1392
1408,1386
1414,1380
1387,1402
1407,1398
1415,1404
1416,1375
1404,1387
1389,1368
1381,1370
1397,1389
1387,1398
1402,1376
1381,1399
1411,1389
1371,1380
1400,1377
1384,1356
1387,1374
1366,1374
1365,1379
1398,1367
1363,1363
1368,1375
1379,1359
1383,1370
1403,1384
1360,1370
1367,1375
1351,1357
1369,1371
1368,1353
1363,1362
1350,1351
1368,1364
1368,1379
1346,1361
1326,1363
1345,1376
1357,1382
1323,1357
1374,1347
1359,1346
1370,1355
1346,1335
1363,1338
1328,1328
1328,1346
1366,1360
1356,1348
1327,1376
1324,1363
1326,1338
1346,1347
1344,1361
1333,1355
1364,1366
1349,1353
1331,1368
1318,1352
1375,1354
1343,1346
1351,1349
1327,1352
1349,1377
1329,1355
1336,1371
1344,1375
1342,1383
1357,1366
1354,1368
1335,1381
1335,1365
1326,1372
1363,1372
1372,1364
1340,1380
1356,1378
1337,1407
1361,1379
1356,1396
1357,1375
1350,1376
1396,1411
1377,1376
1380,1385
1367,1401
1379,1400
1374,1400
1344,1397
1388,1399
1371,1388
1367,1402
1390,1404
1397,1412
1365,1426
1378,1427
1393,1396
1404,1431
1394,1408
1401,1426
1391,1405
1417,1430
1406,1413
1415,1440
1385,1430
1417,1429
1437,1408
1402,1445
1422,1436
1417,1448
1405,1436
1412,1446
1418,1431
1442,1421
1426,1449
1437,1456
1419,1475
1413,1453
1448,1444
1419,1451
1459,1453
1441,1460
1428,1453
1465,1453
1458,1479
1442,1493
1445,1473
1438,1470
1441,1469
1465,1481
1471,1489
1458,1497
1471,1487
1477,1476
1481,1478
1496,1486
1467,1512
1471,1491
1491,1493
1471,1509
1503,1510
1494,1501
1497,1506
1479,1520
1499,1518
1500,1514
1523,1538
1493,1523
1488,1510
1511,1523
1513,1516
1502,1525
1514,1507
1520,1516
1522,1519
1521,1541
1524,1501
1532,1519
1524,1514
1512,1529
1498,1526
1533,1545
1541,1531
1525,1534
1541,1535
1567,1560
1540,1512
1524,1534
1533,1549
1532,1524
1539,1542
1557,1527
1553,1539
1558,1530
1534,1526
1556,1542
1559,1541
1565,1545
1541,1540
1559,1525
1541,1557
1571,1556
1552,1554
1535,1545
1556,1545
1559,1554
1529,1560
1545,1549
1570,1549
1574,1557
1538,1539
1560,1540
1549,1546
1567,1556
1565,1543
1549,1548
1546,1563
1568,1529
1547,1533
1556,1546
1556,1539
1585,1531
1563,1535
1560,1541
1557,1523
1546,1541
1541,1531
1558,1561
1555,1534
1521,1528
1549,1533
1532,1540
1545,1520
1537,1540
1536,1492
1547,1545
1545,1523
1566,1526
1538,1523
1556,1522
1550,1520
1527,1519
1537,1519
1531,1513
1522,1511
1526,1502
1531,1506
1524,1523
1529,1519
1541,1497
1531,1488
1532,1495
1528,1502
1522,1505
1495,1486
1527,1504
1493,1482
1501,1482
1505,1505
1497,1481
1527,1487
1517,1468
1530,1464
1497,1478
1491,1471
1499,1483
1475,1477
1508,1458
1494,1478
1489,1444
1482,1480
1472,1451
1486,1479
1488,1449
1473,1462
1467,1444
1472,1444
1484,1479
1474,1455
1466,1441
1467,1427
1466,1453
1442,1429
1449,1436
1459,1415
1444,1419
1437,1423
1458,1432
1429,1412
1422,1422
1432,1412
1450,1410
1421,1397
1446,1403
1452,1414
1419,1430
1421,1400
1434,1392
1442,1393
1403,1378
1421,1390
1396,1403
1409,1395
1402,1402
1392,1378
1418,1400
1393,1391
1362,1387
1394,1396
1397,1389
1392,1377
1389,1386
1388,1389
1396,1385
1367,1375
1401,1373
1403,1378
1374,1372
1386,1383
1361,1364
1384,1368
1392,1366
1358,1363
1373,1378
1375,1368
1362,1363
1334,1372
1357,1374
1364,1357
1388,1335
1365,1347
1334,1362
1346,1370
1351,1340
1357,1347
1347,1359
1374,1361
1350,1334
1345,1349
1333,1346
1366,1373
1335,1354
1348,1354
1363,1349
1365,1368
1318,1356
1345,1353
1349,1359
1339,1340
1317,1360
1342,1349
1348,1359
1344,1356
1344,1355
1349,1354
1342,1376
1334,1368
1345,1364
1327,1344
1322,1350
1352,1363
1351,1349
1338,1355
1360,1368
1329,1361
1353,1362
1354,1369
1327,1367
1358,1362
1357,1360
1372,1367
1340,1363
1352,1371
1358,1370
1351,1390
1378,1375
1351,1381
1337,1378
1343,1389
1364,1381
1351,1395
1359,1391
1348,1383
1367,1392
1369,1393
1363,1380
1378,1394
1391,1405
1353,1401
1403,1402
1373,1419
1397,1403
1375,1399
1382,1408
1381,1406
1382,1415
1393,1416
1373,1410
1346,1428
1413,1431
1400,1396
1408,1412
1400,1421
1405,1443
1396,1421
1403,1438
1420,1425
1414,1429
1391,1424
1410,1440
1428,1445
1428,1442
1428,1442
1412,1445
1407,1437
1422,1458
1445,1446
1419,1460
1399,1456
1419,1468
1455,1452
1429,1461
1441,1463
1455,1463
1439,1478
1446,1461
1423,1478
1445,1452
1445,1488
1467,1480
1452,1483
1447,1488
1475,1479
1475,1496
1464,1463
1440,1501
1509,1472
1480,1472
1482,1492
1494,1504
1500,1498
1492,1507
1499,1501
1486,1516
1498,1519
1501,1522
1500,1519
1521,1522
1504,1499
1512,1513
1513,1518
1525,1528
1521,1519
1520,1513
1511,1521
1525,1510
1520,1530
1538,1524
1529,1539
1544,1546
1517,1535
1510,1550
1544,1535
1511,1538
1526,1541
1550,1526
1508,1543
1531,1541
1526,1545
1540,1548
1553,1536
1542,1563
1546,1550
1556,1550
1547,1537
1570,1530
1568,1560
1539,1547
1545,1538
1540,1546
1549,1532
1549,1536
1549,1545
1565,1536
1537,1545
1535,1551
1566,1549
1568,1539
1560,1532
1562,1538
1563,1552
1537,1546
1550,1550
1543,1542
1559,1557
1577,1548
1551,1526
1584,1558
1564,1541
1568,1541
1553,1555
1534,1540
1576,1539
1541,1537
1554,1534
1553,1528
1551,1520
1544,1543
1563,1551
1532,1534
1559,1530
1564,1533
1533,1530
1544,1538
1555,1527
1560,1533
1553,1535
1528,1529
1521,1509
1534,1524
1552,1508
1543,1501
1501,1521
1549,1510
1532,1496
1519,1497
1512,1507
1532,1514
1514,1508
1512,1509
1522,1499
1525,1497
1500,1504
1512,1511
1516,1495
1506,1498
1512,1495
1515,1489
1493,1497
1512,1494
1504,1486
1503,1481
1497,1473
1522,1456
1494,1466
1489,1473
1478,1474
1491,1454
1521,1482
1482,1459
1481,1457
1460,1454
1459,1467
1470,1449
1461,1474
1454,1458
1455,1465
1463,1440
1484,1468
1460,1443
1455,1456
1464,1429
1450,1437
1447,1442
1447,1423
1450,1423
1441,1430
1444,1410
1432,1438
1461,1419
1436,1413
1411,1418
1431,1421
1437,1390
1411,1409
1426,1432
1416,1423
1408,1396
1434,1401
1412,1401
1416,1388
1409,1399
1429,1399
1401,1379
1400,1388
1384,1378
1393,1365
1356,1409
1375,1376
1385,1372
1382,1394
1394,1385
1398,1379
1379,1405
1394,1372
1380,1345
1411,1360
1377,1367
1371,1372
1378,1356
1382,1354
1365,1359
1363,1365
1352,1367
1350,1359
1368,1380
1385,1375
1359,1358
1345,1357
1347,1356
1351,1344
1345,1354
1344,1356
1352,1346
1349,1355
1355,1342
1342,1360
1350,1352
1367,1350
1369,1358
1339,1338
1354,1340
1355,1346
1317,1358
1357,1333
1347,1333
1354,1342
1338,1341
1370,1351
1341,1355
1350,1349
1376,1356
1345,1353
1329,1359
1357,1356
1365,1345
1350,1346
1352,1346
1344,1360
1355,1366
1337,1351
1341,1379
1335,1358
1339,1367
1351,1369
1345,1362
1338,1346
1330,1370
1345,1371
1353,1375
1328,1380
1335,1359
1370,1390
1353,1363
1350,1361
1355,1390
1344,1369
1342,1381
1373,1363
1363,1393
1354,1369
1349,1394
1341,1382
1370,1402
1374,1386
1364,1365
1339,1390
1364,1381
1375,1400
1347,1406
1376,1397
1404,1417
1371,1425
1377,1409
1380,1393
1373,1397
1372,1407
1402,1412
1374,1411
1399,1395
1393,1435
1380,1433
1387,1414
1399,1432
1386,1447
1411,1416
1417,1440
1407,1439
1406,1430
1393,1433
1390,1433
1401,1453
1398,1442
1423,1441
1417,1445
1438,1452
1443,1454
1434,1431
1433,1470
1435,1444
1426,1460
1462,1451
1444,1450
1457,1456
1428,1454
1464,1477
1461,1477
1458,1449
1456,1490
1453,1485
1483,1475
1483,1479
1467,1489
1485,1501
1488,1477
1461,1484
1469,1497
1502,1491
1475,1495
1475,1492
1502,1497
1487,1503
1494,1515
1491,1512
1490,1512
1504,1490
1514,1509
1511,1518
1508,1506
1510,1526
1528,1531
1526,1523
1535,1498
1516,1526
1518,1510
1520,1520
1522,1525
1531,1540
1524,1527
1528,1538
1511,1535
1546,1538
1529,1533
1536,1544
1516,1528
1527,1520
1536,1533
1515,1551
1517,1537
1528,1544
1540,1546
1581,1537
1548,1535
1521,1534
1549,1525
1542,1534
1538,1539
1552,1551
1544,1551
1544,1546
1552,1567
1554,1545
1533,1543
1546,1533
1524,1560
1580,1552
1535,1543
1552,1528
1551,1554
1549,1559
1550,1540
1555,1537
1561,1543
1545,1524
1546,1509
1577,1533
1567,1558
1557,1548
1575,1538
1558,1539
1538,1529
1588,1550
1536,1549
1560,1530
1554,1524
1557,1555
1556,1531
1545,1541
1552,1560
1562,1545
1534,1535
1556,1547
1549,1535
1540,1543
1572,1516
1554,1517
1537,1531
1546,1532
1513,1526
1543,1525
1538,1529
1549,1528
1542,1520
1510,1509
1557,1522
1511,1503
1526,1505
1544,1528
1515,1507
1537,1497
1539,1478
1540,1523
1530,1499
1529,1495
1539,1493
1509,1499
1505,1492
1490,1466
1525,1497
1495,1485
1515,1473
1504,1492
1478,1477
1516,1467
1507,1480
1501,1484
1478,1493
1502,1478
1494,1479
1491,1452
1488,1452
1499,1457
1463,1446
1475,1456
1456,1456
1474,1431
1465,1456
1463,1449
1466,1446
1454,1457
1441,1446
1458,1422
1456,1437
1453,1424
1459,1434
1446,1423
1440,1426
1447,1422
1436,1426
1447,1405
1456,1441
1451,1427
1410,1423
1436,1409
1411,1427
1420,1411
1418,1419
1407,1425
1425,1410
1433,1391
1399,1396
1385,1399
1402,1409
1389,1411
1393,1410
1391,1399
1416,1364
1395,1382
1387,1387
1385,1392
1389,1384
1370,1380
1389,1369
1372,1358
1373,1373
1358,1374
1370,1387
1371,1368
1384,1373
1366,1369
1354,1374
1379,1338
1347,1384
1351,1354
1386,1363
1345,1355
1378,1361
1361,1346
1349,1363
1350,1354
1365,1367
1370,1346
1365,1368
1349,1354
1354,1342
1360,1377
1333,1362
1334,1366
1365,1339
1331,1357
1340,1365
1338,1353
1345,1361
1337,1319
1350,1346
1376,1368
1330,1342
1327,1368
1332,1346
1352,1353
1332,1361
1328,1357
1326,1357
1334,1352
1355,1359
1336,1378
1344,1362
1332,1332
1341,1348
1338,1354
1350,1358
1337,1357
1346,1358
1347,1369
1345,1381
1339,1354
1356,1348
1343,1364
1342,1353
1367,1368
1335,1371
1328,1369
1346,1366
1366,1380
1326,1363
1346,1361
1369,1370
1363,1352
1355,1374
1349,1382
1362,1390
1370,1380
1369,1362
1362,1379
1369,1386
1333,1382
1363,1394
1344,1404
1363,1390
1351,1404
1376,1398
1367,1382
1369,1401
1365,1400
1394,1407
1387,1386
1377,1392
1377,1432
1396,1425
1403,1403
1383,1429
1392,1421
1393,1402
1394,1427
1394,1400
1413,1421
1422,1432
1429,1440
1390,1448
1421,1444
1432,1437
1438,1411
1432,1456
1397,1413
1434,1429
1419,1442
1425,1464
1445,1448
1432,1471
1444,1445
1420,1454
1438,1449
1421,1486
1431,1477
1467,1462
1446,1464
1468,1456
1461,1462
1472,1468
1460,1487
1481,1477
1460,1473
1442,1484
1449,1486
1477,1510
1461,1479
1471,1472
1482,1497
1491,1482
1472,1487
1490,1520
1478,1504
1477,1493
1497,1488
1491,1503
1487,1483
1499,1503
1491,1499
1500,1511
1501,1513
1514,1512
1492,1515
1513,1516
1524,1521
1524,1509
1505,1516
1509,1530
1517,1529
1541,1530
1517,1545
1509,1529
1510,1538
1509,1531
1516,1540
1537,1533
1534,1531
1514,1536
1553,1544
1530,1540
1517,1561
1541,1552
1517,1549
1565,1527
1539,1535
1558,1563
1549,1574
1545,1531
1549,1533
1545,1529
1542,1574
1563,1549
1553,1543
1555,1542
1560,1552
1574,1549
1547,1553
1567,1553
1557,1538
1552,1548
1546,1556
1576,1558
1557,1563
1562,1554
1541,1560
1577,1542
1566,1552
1552,1538
1566,1531
1560,1548
1568,1548
1582,1542
1554,1548
1544,1545
1545,1537
1567,1540
1562,1546
1528,1531
1552,1540
1540,1527
1533,1523
1548,1526
1531,1515
1542,1528
1552,1532
1546,1521
1550,1514
1555,1533
1545,1528
1534,1524
1539,1522
1544,1509
1545,1512
1546,1496
1529,1513
1555,1507
1554,1505
1496,1527
1533,1513
1535,1516
1521,1503
1517,1509
1530,1518
1533,1513
1523,1503
1502,1499
1505,1504
1524,1477
1525,1486
1511,1490
1507,1497
1526,1473
1516,1495
1498,1470
1506,1493
1488,1470
1492,1477
1498,1479
1493,1476
1482,1458
1476,1463
1478,1457
1513,1489
1477,1471
1475,1465
1469,1452
1487,1460
1456,1430
1465,1436
1482,1411
1460,1435
1453,1455
1470,1441
1440,1440
1459,1439
1439,1442
1432,1425
1442,1436
1456,1428
1430,1429
1417,1417
1458,1435
1440,1400
1433,1414
1437,1436
1442,1400
1437,1406
1406,1415
1435,1415
1414,1423
1441,1389
1424,1387
1422,1381
1399,1392
1394,1389
1399,1385
1420,1392
1392,1380
1407,1369
1387,1392
1402,1376
1388,1394
1417,1389
1369,1371
1365,1377
1363,1373
1389,1365
1370,1387
1391,1359
1383,1357
1386,1370
1372,1359
1366,1372
1372,1371
1362,1360
1375,1357
1356,1368
1356,1345
1368,1355
1375,1356
1378,1366
1384,1362
1382,1349
1371,1362
1354,1347
1326,1363
1366,1378
1377,1346
1358,1354
1342,1346
1318,1363
1333,1367
1351,1353
1335,1356
1345,1349
1338,1338
1341,1341
1322,1342
1338,1351
1332,1371
1326,1373
1347,1348
1356,1369
1350,1344
1359,1348
1327,1348
1344,1365
1336,1323
1340,1347
1337,1364
1343,1358
1337,1346
1339,1351
1321,1361
1325,1347
1338,1391
1338,1370
1328,1369
1347,1361
1336,1361
1360,1357
1371,1362
1330,1386
1357,1370
1344,1367
1357,1355
1335,1361
1339,1373
1339,1376
1351,1366
1369,1368
1334,1365
1348,1378
1356,1391
1377,1379
1356,1401
1378,1392
1358,1394
1343,1379
1394,1386
1372,1384
1366,1392
1375,1418
1348,1382
1352,1405
1383,1406
1372,1406
1378,1421
1397,1416
1377,1413
1402,1418
1400,1426
1345,1408
1384,1400
1411,1387
1398,1415
1405,1419
1385,1436
1401,1418
1393,1440
1361,1454
1398,1437
1417,1442
1414,1431
1406,1451
1425,1435
1414,1445
1423,1439
1412,1472
1446,1438
1458,1468
1452,1451
1432,1465
1464,1480
1451,1459
1437,1464
1452,1464
1421,1468
1430,1479
1493,1466
1463,1482
1435,1469
1465,1498
1473,1481
1445,1483
1469,1488
1477,1496
1468,1482
1481,1505
1484,1481
1483,1486
1477,1499
1476,1516
1500,1501
1498,1528
1493,1524
1491,1522
1492,1528
1498,1503
1513,1497
1521,1518
1515,1508
1498,1519
1513,1523
1504,1520
1519,1519
1531,1511
1539,1529
1512,1525
1524,1541
1549,1517
1526,1531
1531,1520
1516,1531
1544,1538
1539,1540
1543,1522
1541,1519
1512,1534
1560,1543
1535,1549
1534,1524
1520,1539
1517,1539
1534,1548
1548,1554
1550,1548
1547,1557
1553,1537
1552,1561
1551,1550
1555,1562
1559,1529
1550,1545
1560,1558
1558,1535
1546,1547
1576,1546
1553,1543
1550,1557
1549,1537
1557,1549
1534,1541
1547,1545
1550,1552
1567,1531
1557,1527
1569,1531
1557,1545
1555,1534
1557,1537
1566,1550
1527,1549
1547,1525
1550,1567
1577,1539
1538,1548
1551,1522
1574,1534
1564,1535
1531,1544
1558,1537
1547,1546
1567,1542
1566,1512
1562,1530
1575,1529
1549,1544
1534,1533
1539,1530
1559,1529
1528,1521
1562,1516
1561,1520
1554,1511
1556,1500
1567,1497
1532,1520
1524,1510
1520,1539
1519,1515
1529,1497
1518,1503
1526,1510
1517,1504
1534,1501
1516,1492
1505,1501
1523,1501
1509,1493
1506,1495
1505,1491
1490,1497
1501,1480
1513,1485
1510,1499
1505,1468
1500,1478
1497,1467
1491,1483
1484,1474
1479,1453
1488,1451
1488,1462
1461,1467
1461,1465
1476,1460
1478,1450
1484,1430
1454,1449
1485,1436
1463,1455
1457,1436
1450,1455
1446,1435
1450,1426
1434,1436
1454,1417
1460,1423
1446,1419
1442,1409
1433,1404
1435,1427
1432,1416
1441,1406
1457,1410
1432,1401
1413,1401
1424,1428
1441,1405
1435,1408
1427,1393
1399,1403
1423,1403
1422,1393
1411,1393
1418,1399
1403,1396
1414,1388
1404,1399
1406,1400
1391,1375
1378,1393
1385,1379
1360,1379
1396,1380
1383,1379
1372,1379
1370,1396
1364,1366
1368,1373
1378,1377
1353,1357
1383,1394
1349,1386
1376,1378
1359,1359
1367,1354
1370,1374
1356,1352
1374,1349
1358,1343
1381,1350
1342,1358
1356,1355
1340,1360
1346,1352
1344,1351
1341,1342
1354,1349
1348,1351
1347,1358
1337,1345
1331,1360
1336,1338
1322,1359
1348,1366
1350,1349
1332,1357
1343,1342
1329,1358
1335,1366
1339,1343
1320,1346
1338,1358
1326,1353
1322,1369
1338,1362
1336,1358
1324,1357
1368,1361
1342,1339
1357,1354
1343,1360
1334,1344
1330,1360
1347,1357
1345,1364
1342,1360
1353,1351
1332,1369
1356,1365
1354,1352
1355,1376
1365,1367
1342,1361
1347,1357
1344,1385
1371,1390
1356,1368
1355,1367
1385,1400
1342,1382
1348,1394
1349,1392
1365,1368
1368,1387
1352,1388
1346,1392
1372,1409
1364,1398
1371,1384
1369,1392
1367,1405
1376,1421
1407,1409
1376,1389
1359,1393
1398,1413
1392,1412
1360,1412
1388,1411
1401,1414
1375,1436
1401,1415
1393,1415
1373,1422
1409,1431
1411,1426
1408,1416
1409,1443
1434,1449
1408,1435
1393,1447
1414,1437
1419,1450
1420,1458
1438,1445
1437,1453
1440,1461
1441,1471
1433,1468
1453,1471
1450,1454
1431,1465
1424,1475
1439,1457
1434,1468
1467,1481
1462,1477
1445,1469
1457,1475
1457,1487
1467,1491
1462,1486
1478,1498
1483,1476
1482,1499
1470,1482
1483,1494
1501,1506
1499,1478
1513,1496
1495,1504
1495,1499
1452,1487
1482,1500
1491,1517
1499,1512
1526,1506
1519,1519
1525,1524
1505,1519
1520,1524
1516,1499
1515,1526
1509,1529
1509,1506
1520,1525
1510,1536
1511,1526
1542,1542
1539,1526
1523,1540
1546,1531
1526,1532
1506,1521
1528,1545
1547,1532
1528,1541
1523,1542
1553,1562
1555,1540
1544,1546
1539,1543
1544,1550
1542,1532
1541,1531
1561,1567
1579,1546
1547,1518
1537,1531
1583,1537
1572,1554
1569,1559
1560,1564
1542,1545
1562,1528
1580,1547
1562,1547
1573,1546
1570,1555
1563,1540
1552,1556
1561,1538
1565,1545
1567,1540
1563,1568
1554,1545
1561,1561
1575,1551
1547,1542
1565,1525
1552,1526
1569,1537
1556,1550
1550,1534
1569,1546
1556,1554
1544,1556
1556,1532
1574,1539
1567,1519
1546,1531
1549,1548
1573,1527
1558,1542
1520,1534
1552,1518
1559,1537
1540,1539
1560,1524
1536,1515
1543,1511
1555,1518
1535,1523
1536,1512
1544,1534
1536,1513
1527,1496
1515,1506
1535,1519
1545,1520
1519,1498
1538,1487
1518,1502
1522,1520
1495,1502
1525,1497
1516,1497
1513,1476
1498,1479
1527,1492
1501,1479
1512,1486
1506,1493
1490,1485
1526,1476
1481,1464
1488,1454
1477,1457
1492,1466
1465,1461
1459,1481
1483,1485
1467,1451
1469,1433
1479,1448
1467,1432
1466,1451
1471,1446
1447,1462
1441,1447
1454,1455
1473,1429
1445,1439
1465,1434
1423,1451
1440,1429
1456,1432
1443,1434
1455,1411
1439,1425
1432,1431
1437,1403
1423,1420
1408,1401
1437,1408
1398,1403
1435,1409
1426,1392
1429,1404
1428,1421
1426,1405
1412,1387
1398,1384
1405,1378
1396,1402
1396,1377
1402,1398
1402,1368
1397,1376
1401,1374
1379,1399
1368,1398
1394,1368
1376,1378
1373,1380
1368,1365
1403,1377
1369,1364
1386,1378
1344,1350
1372,1366
1386,1349
1362,1357
1369,1372
1358,1361
1364,1353
1377,1363
1354,1341
1346,1378
1362,1368
1344,1354
1358,1350
1389,1350
1364,1366
1334,1363
1348,1360
1333,1360
1367,1341
1347,1343
1346,1368
1362,1347
1330,1332
1352,1361
1341,1354
1333,1335
1329,1355
1335,1352
1333,1367
1356,1352
1332,1351
1335,1361
1317,1347
1327,1371
1346,1331
1326,1355
1325,1352
1338,1353
1343,1350
1331,1362
1313,1365
1346,1347
1347,1360
1341,1358
1330,1361
1342,1378
1355,1363
1334,1362
1343,1357
1324,1382
1330,1364
1354,1375
1348,1357
1339,1379
1344,1372
1324,1358
1361,1386
1337,1374
1356,1378
1354,1373
1362,1386
1363,1379
1348,1368
1360,1381
1388,1372
1364,1366
1361,1393
1389,1399
1387,1375
1341,1395
1366,1400
1380,1396
1372,1408
1385,1405
1395,1422
1362,1414
1390,1368
1398,1417
1369,1403
1388,1406
1402,1403
1405,1412
1406,1427
1364,1425
1406,1425
1414,1430
1389,1415
1398,1427
1394,1432
1410,1434
1402,1449
1436,1449
1396,1426
1407,1458
1399,1444
1407,1436
1425,1458
1419,1459
1425,1464
1432,1454
1420,1447
1450,1436
1456,1463
1434,1442
1472,1458
1454,1466
1449,1461
1449,1459
1444,1471
1438,1484
1459,1463
1440,1477
1493,1493
1460,1487
1462,1509
1460,1482
1469,1486
1477,1480
1490,1507
1498,1510
1480,1480
1496,1519
1512,1517
1488,1485
1492,1502
1485,1484
1519,1503
1498,1518
1515,1504
1506,1521
1501,1518
1506,1520
1524,1517
1510,1521
1514,1526
1514,1527
1519,1527
1527,1524
1514,1530
1524,1544
1528,1523
1541,1525
1540,1553
1518,1522
1525,1524
1529,1537
1536,1539
1534,1547
1518,1561
1564,1533
1545,1523
1515,1542
1578,1539
1538,1539
1558,1526
1550,1553
1546,1542
1545,1557
1550,1538
1579,1571
1569,1562
1556,1551
1554,1560
1573,1551
1552,1534
1541,1557
1551,1544
1559,1547
1562,1563
1534,1558
1533,1536
1550,1526
1565,1559
1573,1544
1572,1559
1561,1557
1582,1548
1583,1540
1556,1541
1562,1565
1551,1540
1548,1550
1553,1560
1537,1549
1550,1536
1567,1535
1543,1541
1558,1539
1578,1529
1560,1531
1540,1537
1553,1546
1576,1522
1563,1549
1551,1539
1524,1507
1546,1533
1558,1506
1525,1520
1551,1520
1534,1543
1538,1516
1555,1531
1540,1520
1522,1525
1545,1521
1522,1497
1535,1503
1538,1513
1557,1511
1523,1500
1526,1500
1518,1509
1532,1504
1528,1503
1520,1494
1492,1478
1507,1495
1526,1494
1506,1505
1489,1487
1508,1490
1498,1485
1512,1493
1506,1470
1476,1475
1506,1479
1483,1471
1493,1477
1511,1464
1490,1463
1473,1449
1469,1472
1483,1458
1494,1445
1483,1459
1445,1449
1442,1446
1465,1445
1485,1450
1462,1447
1447,1429
1462,1429
1467,1430
1451,1429
1442,1429
1465,1419
1443,1421
1456,1422
1447,1431
1450,1400
1439,1431
1429,1418
1437,1416
1421,1420
1438,1405
1434,1412
1439,1402
1405,1402
1393,1380
1411,1399
1416,1372
1406,1391
1387,1409
1397,1402
1421,1382
1383,1400
1427,1374
1374,1391
1381,1376
1404,1384
1395,1375
1380,1390
1405,1393
1385,1387
1397,1349
1371,1376
1362,1361
1373,1370
1358,1365
1385,1374
1382,1364
1390,1372
1364,1363
1369,1358
1343,1371
1389,1375
1341,1338
1341,1362
1386,1364
1363,1369
1361,1349
1351,1350
1347,1376
1324,1363
1343,1364
1354,1351
1314,1364
1348,1363
1357,1365
1335,1342
1373,1357
1346,1344
1365,1347
1353,1359
1362,1366
1353,1354
1348,1356
1347,1354
1353,1350
1348,1355
1367,1349
1359,1343
1330,1358
1335,1352
1346,1390
1337,1365
1341,1361
1341,1358
1330,1372
1347,1360
1336,1349
1329,1374
1339,1347
1353,1368
1350,1366
1351,1373
1352,1352
1348,1362
1348,1363
1325,1359
1340,1371
1352,1360
1379,1375
1351,1366
1360,1368
1382,1367
1340,1371
1362,1375
1362,1361
1367,1404
1352,1374
1357,1392
1360,1373
1354,1371
1371,1367
1373,1392
1374,1383
1389,1393
1379,1391
1371,1412
1368,1406
1387,1396
1379,1375
1368,1395
1377,1411
1384,1416
1386,1400
1365,1397
1396,1407
1413,1409
1408,1401
1381,1420
1391,1410
1386,1433
1414,1434
1410,1418
1413,1413
1408,1430
1426,1428
1424,1434
1407,1457
1413,1439
1416,1459
1418,1435
1441,1451
1421,1453
1439,1446
1463,1445
1438,1471
1438,1458
1434,1483
1439,1460
1441,1474
1418,1452
1449,1463
1454,1457
1462,1465
1441,1472
1445,1457
1472,1475
1449,1488
1469,1494
1457,1489
1489,1472
1483,1496
1471,1500
1473,1491
1479,1483
1476,1510
1493,1502
1500,1497
1507,1516
1484,1509
1517,1511
1485,1511
1494,1513
1498,1470
1513,1500
1483,1521
1519,1507
1521,1505
1499,1531
1514,1512
1519,1529
1501,1522
1518,1531
1522,1529
1532,1537
1523,1513
1532,1541
1536,1531
1528,1526
1514,1523
1540,1521
1529,1541
1551,1537
1529,1523
1527,1525
1551,1552
1526,1538
1535,1544
1555,1534
1530,1517
1557,1539
1541,1546
1560,1538
1558,1528
1532,1529
1548,1550
1536,1562
1544,1541
1564,1533
1555,1560
1542,1554
1562,1530
1553,1571
1581,1552
1542,1553
1548,1544
1553,1543
1531,1559
1544,1558
1580,1556
1555,1557
1563,1530
1549,1526
1552,1540
1552,1543
1553,1542
1563,1527
1548,1542
1548,1528
1576,1557
1557,1547
1564,1550
1580,1525
1559,1543
1553,1522
1562,1537
1554,1543
1570,1528
1549,1528
1553,1549
1544,1531
1574,1545
1536,1509
1536,1529
1530,1520
1553,1495
1546,1530
1517,1525
1544,1524
1516,1535
1535,1523
1541,1487
1532,1503
1518,1497
1521,1509
1530,1497
1530,1515
1534,1490
1502,1504
1519,1492
1512,1512
1521,1496
1534,1505
1510,1494
1521,1483
1505,1483
1517,1482
1522,1499
1521,1472
1508,1494
1492,1485
1514,1488
1506,1452
1522,1475
1487,1462
1485,1487
1500,1450
1499,1468
1493,1450
1474,1470
1484,1459
1463,1482
1481,1443
1461,1453
1462,1461
1479,1432
1450,1453
1456,1438
1467,1441
1467,1445
1463,1417
1459,1427
1441,1455
1425,1439
1448,1418
1450,1446
1425,1406
1421,1423
1421,1410
1454,1416
1427,1422
1448,1402
1419,1404
1448,1397
1432,1406
1430,1406
1404,1401
1417,1383
1443,1391
1413,1408
1402,1398
1436,1407
1402,1378
1408,1390
1418,1379
1378,1396
1408,1368
1375,1381
1383,1376
1397,1367
1386,1375
1385,1368
1404,1369
1387,1366
1372,1379
1382,1366
1377,1390
1377,1349
1371,1376
1359,1362
1374,1363
1352,1357
1390,1363
1336,1374
1354,1354
1360,1356
1378,1349
1334,1344
1343,1369
1345,1350
1351,1360
1351,1364
1369,1364
1347,1369
1368,1369
1339,1348
1352,1358
1375,1365
1353,1360
1350,1353
1344,1353
1325,1348
1345,1355
1346,1348
1354,1366
1343,1346
1337,1372
1311,1361
1360,1360
1354,1351
1356,1343
1344,1367
1318,1372
1342,1349
1327,1336
1331,1347
1351,1353
1337,1364
1343,1378
1342,1352
1328,1381
1342,1367
1359,1381
1319,1369
1357,1358
1362,1358
1337,1392
1327,1349
1354,1369
1340,1386
1347,1342
1381,1375
1373,1387
1378,1373
1370,1384
1353,1377
1352,1395
1378,1366
1350,1393
1369,1383
1385,1395
1344,1391
1374,1391
1361,1377
1373,1401
1385,1394
1381,1389
1374,1394
1373,1398
1376,1384
1404,1393
1364,1389
1371,1414
1358,1416
1406,1408
1387,1396
1383,1419
1396,1433
1376,1422
1404,1432
1407,1434
1393,1410
1401,1413
1405,1452
1404,1449
1406,1431
1425,1438
1413,1454
1421,1441
1413,1448
1423,1434
1444,1454
1410,1444
1421,1451
1411,1461
1443,1461
1421,1460
1426,1452
1447,1459
1454,1479
1443,1443
1459,1469
1462,1455
1458,1474
1462,1491
1448,1500
1444,1485
1468,1484
1472,1502
1461,1479
1479,1464
1488,1476
1490,1494
1497,1512
1494,1510
1488,1485
1486,1502
1480,1496
1492,1501
1488,1501
1491,1485
1497,1501
1487,1495
1514,1529
1523,1519
1504,1517
1501,1498
1508,1517
1506,1535
1517,1517
1491,1517
1521,1518
1533,1521
1513,1518
1481,1520
1534,1533
1529,1528
1545,1548
1514,1538
1522,1532
1517,1534
1519,1508
1536,1535
1551,1532
1541,1534
1507,1546
1516,1539
1534,1551
1540,1526
1528,1555
1541,1560
1547,1535
1550,1535
1538,1548
1535,1551
1562,1548
1557,1545
1574,1541
1551,1547
1556,1533
1552,1534
1580,1546
1559,1550
1533,1562
1580,1528
1550,1559
1540,1544
1549,1531
1582,1568
1565,1545
1545,1549
1548,1543
1576,1522
1573,1538
1576,1521
1535,1564
1556,1545
1576,1519
1568,1530
1554,1521
1555,1521
1560,1550
1555,1543
1550,1542
1556,1503
1535,1534
1556,1545
1561,1546
1528,1510
1556,1523
1551,1514
1546,1531
1557,1528
1526,1516
1532,1512
1523,1537
1544,1514
1541,1495
1552,1508
1555,1501
1546,1499
1551,1525
1550,1511
1539,1520
1519,1506
1519,1514
1525,1511
1512,1495
1542,1514
1510,1504
1503,1474
1518,1510
1519,1500
1518,1487
1523,1510
1487,1474
1512,1473
1498,1505
1486,1473
1502,1502
1489,1469
1492,1485
1473,1446
1489,1465
1491,1451
1478,1462
1470,1471
1497,1454
1475,1466
1470,1448
1467,1463
1471,1440
1470,1478
1474,1464
1486,1447
1465,1444
1479,1432
1454,1450
1460,1437
1449,1439
1472,1428
1439,1434
1455,1433
1461,1416
1450,1414
1448,1432
1429,1418
1439,1413
1425,1421
1416,1409
1434,1404
1416,1425
1429,1415
1451,1396
1401,1402
1393,1377
1416,1404
1411,1398
1400,1411
1427,1404
1394,1387
1397,1393
1411,1388
1400,1393
1423,1405
1404,1391
1384,1385
1378,1379
1391,1360
1402,1363
1398,1375
1368,1367
1375,1378
1390,1385
1396,1354
1368,1376
1384,1374
1389,1352
1393,1376
1389,1364
1344,1363
1366,1352
1367,1367
1358,1367
1362,1352
1364,1339
1343,1365
1350,1375
1365,1344
1354,1350
1358,1363
1353,1350
1371,1354
1338,1344
1352,1353
1363,1357
1365,1368
1346,1350
1366,1349
1352,1357
1361,1339
1332,1362
1336,1361
1333,1346
1343,1366
1343,1362
1332,1331
1332,1362
1366,1336
1351,1360
1348,1360
1346,1340
1336,1358
1344,1354
1320,1373
1330,1370
1307,1360
1347,1359
1352,1349
1333,1355
1358,1340
1368,1349
1325,1372
1353,1355
1341,1350
1368,1374
1326,1378
1367,1365
1356,1379
1353,1378
1346,1387
1347,1373
1331,1363
1368,1361
1354,1394
1372,1353
1373,1382
1351,1392
1351,1397
1379,1401
1365,1385
1363,1378
1369,1379
1360,1394
1348,1383
1331,1375
1397,1388
1345,1410
1375,1401
1405,1390
1373,1416
1394,1384
1381,1397
1390,1416
1391,1385
1362,1407
1405,1417
1409,1420
1401,1420
1391,1420
1407,1400
1407,1422
1407,1427
1401,1438
1417,1424
1405,1420
1386,1416
1417,1451
1435,1455
1425,1435
1429,1448
1432,1445
1404,1444
1424,1447
1426,1444
1456,1457
1432,1419
1442,1465
1466,1443
1455,1442
1422,1454
1449,1457
1443,1475
1449,1471
1440,1467
1447,1480
1462,1474
1458,1494
1464,1462
1455,1477
1469,1481
1474,1499
1463,1485
1489,1479
1453,1483
1461,1488
1492,1504
1480,1489
1491,1490
1489,1496
1466,1501
1488,1509
1481,1495
1468,1516
1484,1505
1489,1524
1507,1507
1496,1500
1520,1514
1527,1528
1521,1534
1520,1528
1496,1534
1526,1513
1510,1526
1522,1537
1538,1518
1541,1526
1494,1532
1523,1524
1549,1527
1535,1537
1537,1529
1521,1529
1543,1543
1547,1551
1517,1537
1522,1548
1531,1526
1534,1538
1529,1554
1549,1525
1521,1541
1563,1538
1532,1547
1531,1543
1567,1569
1552,1569
1576,1542
1556,1542
1547,1537
1584,1532
1557,1536
1533,1561
1566,1557
1561,1540
1557,1558
1563,1563
1559,1542
1553,1545
1543,1540
1545,1530
1557,1543
1550,1548
1565,1527
1560,1547
1567,1542
1566,1542
1568,1546
1545,1534
1559,1528
1580,1538
1552,1529
1538,1544
1540,1523
1533,1540
1564,1525
1529,1543
1547,1515
1551,1532
1582,1534
1551,1534
1528,1525
1558,1516
1544,1517
1533,1527
1528,1527
1518,1522
1547,1535
1535,1530
1519,1521
1553,1520
1541,1508
1547,1498
1511,1505
1525,1499
1531,1514
1547,1506
1527,1504
1540,1483
1539,1507
1537,1497
1520,1512
1518,1485
1511,1482
1520,1486
1527,1482
1482,1481
1534,1493
1503,1475
1492,1484
1503,1477
1492,1456
1484,1450
1486,1474
1484,1481
1494,1464
1495,1456
1482,1450
1481,1451
1482,1452
1469,1454
1464,1447
1472,1476
1462,1457
1475,1451
1471,1444
1463,1429
1451,1455
1464,1423
1449,1424
1448,1460
1463,1441
1464,1430
1439,1436
1426,1418
1412,1427
1450,1429
1435,1444
1440,1420
1431,1392
1414,1415
1417,1419
1416,1406
1432,1423
1411,1401
1407,1405
1428,1386
1404,1404
1428,1408
1418,1387
1432,1365
1409,1384
1422,1363
1387,1403
1411,1399
1403,1379
1401,1404
1365,1384
1391,1374
1387,1385
1372,1372
1390,1377
1372,1349
1409,1387
1370,1374
1381,1371
1364,1387
1385,1374
1397,1364
1361,1372
1365,1382
1360,1379
1359,1347
1355,1353
1355,1358
1352,1370
1367,1359
1354,1362
1369,1370
1356,1369
1360,1371
1349,1342
1344,1349
1334,1367
1351,1358
1357,1375
1352,1363
1343,1373
1349,1367
1355,1357
1338,1359
1347,1352
1366,1363
1370,1369
1359,1366
1341,1350
1356,1360
1356,1358
1335,1360
1342,1346
1357,1354
1343,1367
1340,1359
1340,1349
1348,1374
1333,1356
1353,1372
1334,1369
1341,1368
1360,1371
1336,1375
1344,1367
1364,1345
1343,1370
1352,1355
1365,1366
1340,1375
1353,1398
1341,1381
1351,1375
1337,1359
1379,1376
1370,1351
1361,1376
1350,1399
1368,1375
1360,1397
1348,1374
1384,1391
1352,1377
1364,1389
1367,1381
1366,1397
1376,1377
1375,1377
1403,1397
1387,1393
1369,1389
1368,1413
1370,1404
1386,1406
1363,1404
1383,1403
1395,1418
1385,1406
1373,1429
1395,1399
1402,1402
1390,1413
1408,1413
1405,1409
1383,1434
1394,1451
1427,1410
1393,1440
1410,1444
1394,1425
1403,1438
1437,1421
1413,1446
1415,1453
1419,1455
1431,1430
1444,1439
1426,1445
1435,1450
1437,1457
1465,1459
1421,1462
1430,1431
1444,1464
1456,1484
1451,1469
1446,1501
1430,1466
1445,1473
1458,1479
1449,1465
1480,1465
1479,1478
1447,1464
1469,1488
1465,1498
1498,1504
1474,1496
1493,1483
1504,1493
1450,1505
1505,1514
1493,1495
1510,1500
1507,1516
1480,1519
1505,1520
1497,1512
1518,1494
1496,1523
1499,1517
1521,1501
1507,1507
1498,1517
1514,1531
1522,1515
1505,1519
1528,1518
1540,1528
1540,1532
1511,1526
1549,1541
1525,1536
1509,1541
1515,1536
1535,1534
1552,1522
1529,1541
1520,1520
1567,1528
1531,1538
1540,1531
1550,1540
1552,1534
1556,1538
1533,1557
1539,1538
1551,1561
1570,1551
1557,1530
1545,1551
1553,1527
1540,1549
1547,1543
1559,1545
1546,1549
1540,1554
1547,1526
1544,1562
1560,1574
1529,1532
1586,1552
1562,1536
1559,1543
1538,1556
1569,1538
1549,1542
1534,1546
1539,1546
1551,1530
1556,1526
1557,1506
1543,1539
1554,1534
1547,1539
1569,1521
1529,1534
1537,1504
1562,1527
1520,1533
1564,1522
1538,1518
1560,1546
1539,1511
1535,1510
1545,1515
1523,1512
1535,1529
1548,1528
1560,1528
1520,1507
1540,1516
1532,1529
1528,1548
1555,1506
1519,1515
1515,1487
1521,1495
1531,1510
1535,1503
1512,1511
1508,1525
1501,1510
1515,1506
1507,1500
1495,1489
1498,1497
1514,1482
1528,1470
1496,1485
1524,1483
1515,1480
1491,1450
1488,1456
1471,1484
1509,1469
1489,1449
1485,1484
1485,1458
1484,1466
1490,1480
1487,1439
1483,1456
1459,1444
1465,1460
1455,1455
1441,1448
1449,1442
1481,1442
1472,1443
1444,1422
1474,1435
1481,1430
1452,1426
1464,1423
1443,1440
1451,1440
1449,1437
1433,1427
1438,1417
1435,1419
1420,1434
1415,1417
1412,1409
1442,1405
1408,1410
1425,1392
1431,1407
1426,1421
1401,1420
1430,1404
1406,1384
1398,1404
1388,1392
1392,1396
1412,1403
1406,1389
1414,1377
1407,1365
1388,1410
1361,1379
1406,1364
1393,1371
1410,1385
1375,1390
1359,1405
1396,1379
1374,1370
1382,1351
1389,1362
1382,1383
1367,1394
1368,1374
1371,1389
1395,1352
1378,1371
1364,1348
1385,1375
1371,1369
1376,1385
1376,1347
1373,1364
1362,1354
1351,1360
1378,1364
1369,1364
1337,1367
1378,1359
1346,1345
1362,1364
1346,1340
1351,1345
1370,1357
1343,1356
1342,1361
1356,1336
1343,1340
1339,1372
1364,1379
1351,1354
1330,1357
1353,1369
1352,1351
1353,1354
1334,1344
1354,1369
1346,1353
1344,1359
1366,1349
1335,1388
1365,1355
1363,1358
1357,1367
1326,1359
1357,1361
1349,1372
1365,1364
1356,1370
1347,1350
1366,1386
1337,1375
1351,1397
1359,1370
1338,1376
1366,1377
1349,1372
1339,1371
1365,1382
1349,1357
1360,1365
1360,1377
1351,1396
1346,1379
1358,1370
1373,1397
1367,1399
1350,1382
1382,1403
1376,1389
1373,1403
1369,1404
1370,1403
1369,1390
1374,1403
1384,1382
1381,1406
1380,1410
1378,1416
1381,1408
1390,1421
1391,1425
1413,1422
1376,1420
1411,1409
1406,1399
1400,1420
1392,1430
1398,1425
1409,1424
1386,1444
1405,1439
1416,1448
1420,1443
1416,1437
1418,1434
1439,1449
1453,1470
1425,1436
1446,1456
1433,1448
1445,1470
1439,1440
1424,1471
1448,1480
1423,1481
1445,1483
1429,1483
1482,1468
1468,1492
1465,1467
1451,1495
1472,1478
1456,1479
1469,1482
1459,1494
1503,1472
1498,1499
1476,1481
1483,1501
1476,1502
1484,1498
1477,1517
1512,1518
1485,1512
1487,1500
1487,1503
1488,1514
1482,1514
1493,1503
1484,1517
1513,1500
1509,1531
1521,1504
1519,1497
1509,1525
1507,1510
1521,1520
1535,1505
1524,1521
1514,1522
1522,1518
1529,1521
1540,1511
1537,1532
1534,1527
1506,1521
1537,1545
1530,1539
1519,1537
1544,1537
1513,1526
1528,1528
1515,1529
1547,1534
1545,1525
1545,1528
1529,1554
1534,1548
1517,1537
1529,1537
1529,1556
1526,1542
1545,1560
1560,1515
1553,1542
1543,1528
1547,1543
1558,1540
1557,1542
1554,1538
1553,1551
1544,1542
1550,1545
1556,1541
1545,1528
1546,1552
1561,1553
1544,1551
1559,1558
1550,1521
1533,1522
1562,1542
1547,1543
1541,1518
1572,1547
1554,1530
1555,1548
1553,1540
1537,1541
1558,1527
1550,1527
1551,1543
1553,1529
1537,1507
1540,1515
1544,1520
1532,1527
1545,1525
1531,1528
1530,1514
1559,1538
1538,1502
1550,1527
1532,1518
1525,1527
1515,1489
1542,1512
1534,1496
1513,1496
1534,1500
1540,1491
1522,1491
1530,1482
1515,1487
1509,1493
1516,1493
1506,1466
1494,1476
1508,1482
1514,1490
1500,1480
1495,1463
1486,1463
1472,1474
1509,1465
1486,1472
1477,1467
1475,1471
1496,1474
1470,1478
1473,1459
1485,1475
1462,1453
1468,1466
1470,1469
1470,1453
1463,1456
1478,1463
1481,1465
1477,1460
1438,1448
1457,1457
1464,1435
1453,1433
1453,1419
1420,1414
1448,1427
1445,1428
1448,1453
1457,1417
1444,1427
1454,1422
1427,1413
1451,1429
1429,1415
1433,1425
1438,1419
1403,1388
1403,1403
1401,1398
1416,1421
1422,1416
1409,1398
1411,1400
1416,1377
1404,1386
1391,1391
1426,1401
1375,1393
1424,1383
1398,1386
1374,1387
1401,1391
1389,1384
1396,1379
1369,1383
1384,1389
1380,1400
1368,1375
1394,1363
1356,1386
1376,1378
1399,1370
1362,1382
1356,1362
1358,1366
1370,1360
1363,1378
1363,1372
1355,1363
1346,1368
1353,1357
1371,1348
1351,1364
1353,1344
1365,1353
1366,1348
1361,1351
1372,1368
1351,1352
1366,1354
1373,1354
1347,1372
1368,1381
1348,1357
1350,1359
1331,1373
1356,1345
1363,1372
1345,1347
1364,1362
1353,1366
1351,1359
1328,1369
1366,1377
1339,1380
1337,1360
1357,1367
1342,1370
1349,1361
1341,1360
1340,1353
1384,1360
1371,1380
1378,1376
1336,1367
1351,1356
1336,1371
1354,1365
1335,1392
1349,1368
1356,1374
1350,1362
1359,1382
1361,1388
1364,1369
1376,1383
1376,1382
1349,1374
1382,1382
1388,1371
1365,1405
1379,1395
1329,1409
1354,1403
1395,1390
1373,1401
1401,1391
1384,1416
1388,1382
1390,1408
1359,1380
1358,1409
1371,1406
1399,1419
1371,1414
1414,1423
1373,1436
1367,1415
1377,1436
1392,1393
1387,1421
1405,1412
1419,1432
1399,1425
1407,1409
1408,1411
1395,1426
1395,1406
1413,1449
1429,1449
1427,1433
1414,1437
1415,1411
1439,1449
1437,1439
1415,1457
1433,1461
1430,1471
1429,1457
1457,1460
1443,1453
1461,1446
1469,1464
1448,1447
1463,1466
1453,1471
1447,1476
1440,1475
1460,1482
1468,1483
1478,1480
1472,1473
1448,1474
1473,1487
1477,1483
1487,1482
1464,1498
1468,1482
1462,1474
1463,1490
1503,1479
1489,1505
1501,1475
1498,1505
1494,1505
1482,1491
1489,1512
1492,1481
1504,1509
1495,1526
1496,1515
1474,1512
1526,1518
1511,1487
1518,1508
1498,1525
1520,1500
1550,1529
1516,1530
1512,1526
1519,1508
1525,1528
1517,1523
1545,1518
1524,1548
1551,1530
1548,1533
1547,1514
1542,1530
1527,1524
1554,1536
1545,1532
1547,1535
1532,1525
1526,1528
1536,1535
1524,1536
1563,1536
1539,1556
1541,1523
1529,1521
1548,1527
1557,1551
1543,1528
1532,1546
1542,1546
1537,1542
1546,1539
1544,1544
1552,1543
1547,1533
1544,1548
1529,1562
1537,1539
1550,1526
1549,1532
1548,1543
1547,1539
1556,1577
1536,1544
1550,1541
1554,1538
1543,1511
1550,1517
1525,1505
1558,1516
1525,1538
1532,1547
1558,1508
1539,1528
1559,1526
1563,1531
1558,1541
1541,1542
1532,1533
1537,1527
1553,1530
1536,1524
1537,1510
1521,1519
1536,1502
1515,1506
1548,1516
1526,1507
1512,1533
1531,1495
1528,1476
1516,1500
1524,1501
1512,1505
1525,1508
1520,1498
1502,1493
1524,1498
1541,1495
1507,1491
1525,1483
1513,1500
1533,1485
1493,1474
1520,1469
1501,1484
1494,1473
1514,1468
1503,1475
1485,1499
1482,1456
1468,1461
1494,1465
1485,1458
1476,1444
1459,1447
1466,1454
1479,1451
1479,1447
1473,1446
1453,1465
1462,1432
1473,1438
1454,1439
1448,1464
1475,1444
1447,1442
1441,1425
1449,1439
1455,1431
1437,1436
1468,1428
1448,1418
1427,1430
1443,1411
1449,1442
1424,1406
1404,1433
1441,1406
1428,1407
1426,1413
1400,1404
1401,1405
1413,1396
1406,1419
1410,1391
1410,1418
1414,1407
1406,1388
1413,1409
1422,1404
1370,1394
1413,1376
1408,1397
1377,1384
1382,1384
1382,1372
1381,1380
1398,1371
1380,1382
1382,1372
1368,1398
1373,1385
1402,1386
1387,1370
1390,1371
1387,1375
1354,1376
1382,1349
1374,1380
1364,1376
1376,1387
1358,1366
1375,1371
1351,1356
1367,1378
1359,1349
1361,1356
1352,1358
1354,1353
1367,1365
1369,1372
1372,1356
1340,1361
1383,1365
1377,1365
1352,1368
1335,1386
1371,1333
1361,1337
1351,1362
1360,1361
1335,1356
1351,1374
1354,1343
1349,1352
1356,1353
1358,1354
1368,1355
1379,1349
1332,1369
1337,1364
1345,1384
1343,1374
1354,1369
1349,1382
1344,1365
1354,1387
1323,1375
1355,1355
1364,1369
1356,1363
1350,1382
1370,1382
1366,1371
1375,1364
1342,1371
1362,1358
1362,1362
1360,1398
1359,1397
1352,1377
1380,1391
1372,1379
1377,1357
1375,1380
1377,1371
1361,1394
1377,1386
1372,1394
1367,1379
1379,1395
1358,1409
1367,1401
1375,1414
1381,1410
1393,1408
1389,1410
1361,1414
1372,1409
1398,1412
1402,1388
1375,1430
1413,1427
1413,1449
1416,1419
1387,1412
1403,1428
1399,1434
1382,1446
1410,1437
1409,1434
1428,1418
1392,1425
1388,1455
1418,1436
1432,1427
1431,1461
1414,1438
1437,1459
1443,1466
1420,1442
1428,1458
1458,1443
1444,1482
1439,1438
1438,1458
1452,1478
1436,1471
1447,1487
1455,1475
1475,1470
1457,1491
1465,1473
1451,1482
1456,1498
1464,1484
1444,1496
1463,1475
1469,1473
1486,1487
1473,1492
1482,1503
1495,1498
1476,1493
1478,1500
1487,1515
1479,1521
1496,1504
1488,1494
1492,1506
1500,1514
1490,1499
1520,1510
1486,1523
1521,1525
1486,1524
1498,1515
1500,1521
1511,1518
1524,1514
1525,1525
1511,1516
1517,1521
1521,1531
1508,1531
1519,1511
1517,1522
1529,1521
1535,1532
1536,1529
1547,1531
1536,1535
1505,1526
1526,1531
1512,1530
1535,1527
1538,1547
1550,1536
1531,1541
1534,1523
1536,1529
1544,1523
1548,1535
1555,1523
1534,1532
1541,1546
1550,1529
1539,1520
1537,1542
1537,1519
1562,1525
1550,1537
1536,1533
1554,1513
1543,1540
1533,1567
1555,1534
1561,1527
1548,1538
1551,1551
1533,1518
1563,1525
1552,1529
1561,1548
1553,1535
1555,1538
1526,1531
1577,1554
1550,1539
1532,1519
1545,1539
1536,1532
1551,1513
1547,1541
1543,1525
1547,1536
1543,1508
1549,1513
1538,1540
1534,1523
1506,1513
1543,1509
1518,1509
1524,1503
1522,1522
1535,1501
1516,1505
1547,1515
1552,1507
1525,1511
1510,1527
1520,1476
1537,1481
1515,1484
1554,1492
1523,1514
1533,1477
1533,1480
1521,1500
1483,1492
1510,1488
1504,1488
1511,1497
1496,1469
1516,1482
1499,1470
1478,1480
1493,1472
1470,1470
1473,1468
1487,1474
1495,1479
1478,1458
1500,1447
1459,1471
1485,1438
1482,1453
1465,1446
1474,1432
1467,1449
1465,1455
1439,1453
1448,1439
1456,1452
1452,1451
1455,1426
1459,1437
1457,1424
1450,1426
1450,1414
1464,1442
1430,1428
1423,1436
1444,1424
1437,1424
1424,1408
1433,1420
1428,1407
1425,1394
1449,1407
1407,1416
1423,1403
1443,1401
1410,1391
1414,1388
1401,1404
1408,1390
1420,1387
1395,1393
1398,1392
1422,1404
1407,1407
1389,1390
1401,1378
1405,1385
1407,1376
1409,1393
1416,1369
1389,1369
1377,1354
1389,1386
1365,1390
1376,1380
1386,1381
1363,1369
1381,1384
1373,1380
1361,1392
1368,1344
1375,1375
1357,1377
1377,1378
1383,1362
1380,1371
1370,1386
1352,1367
1336,1383
1337,1375
1354,1364
1367,1360
1367,1360
1362,1367
1382,1372
1354,1374
1361,1353
1366,1345
1355,1371
1368,1364
1336,1379
1362,1362
1355,1353
1350,1349
1345,1364
1340,1362
1347,1366
1326,1368
1326,1363
1384,1364
1347,1363
1356,1366
1363,1379
1343,1361
1351,1345
1336,1371
1348,1366
1331,1355
1352,1372
1346,1364
1369,1367
1336,1368
1347,1368
1366,1389
1335,1374
1362,1354
1359,1379
1366,1375
1351,1384
1365,1359
1344,1387
1369,1390
1361,1375
1364,1399
1362,1373
1370,1374
1372,1391
1368,1379
1399,1394
1371,1399
1385,1418
1361,1389
1374,1418
1389,1408
1386,1396
1364,1389
1388,1432
1367,1407
1378,1425
1394,1409
1419,1396
1403,1404
1410,1411
1389,1421
1391,1410
1398,1421
1391,1414
1367,1421
1406,1411
1392,1413
1424,1425
1408,1439
1392,1444
1405,1430
1406,1427
1431,1444
1411,1443
1406,1466
1415,1434
1440,1455
1427,1455
1415,1448
1445,1450
1454,1459
1421,1453
1424,1464
1457,1480
1444,1457
1451,1466
1475,1474
1470,1463
1421,1474
1448,1471
1467,1458
1452,1478
1472,1482
1457,1471
1480,1480
1478,1476
1448,1465
1453,1468
1450,1498
1473,1489
1472,1512
1472,1483
1485,1480
1467,1499
1464,1484
1501,1510
1490,1505
1500,1510
1489,1496
1518,1492
1505,1479
1510,1507
1533,1506
1503,1514
1505,1525
1497,1521
1508,1512
1500,1532
1517,1526
1509,1521
1538,1506
1480,1514
1519,1519
1519,1532
1533,1534
1499,1534
1526,1524
1513,1541
1531,1523
1528,1516
1527,1532
1504,1535
1528,1545
1539,1551
1523,1532
1570,1519
1539,1539
1532,1555
1533,1525
1528,1529
1544,1532
1533,1552
1542,1531
1533,1539
1520,1540
1535,1536
1530,1532
1546,1543
1543,1524
1541,1546
1534,1510
1547,1520
1563,1539
1539,1544
1555,1521
1526,1552
1530,1529
1553,1543
1531,1528
1537,1530
1541,1529
1536,1542
1547,1537
1556,1517
1537,1517
1541,1539
1537,1538
1522,1527
1560,1524
1551,1542
1541,1520
1516,1518
1532,1518
1537,1501
1540,1536
1533,1519
1536,1504
1555,1524
1523,1497
1529,1534
1520,1506
1555,1495
1530,1501
1525,1533
1531,1516
1531,1510
1497,1503
1504,1498
1543,1486
1526,1501
1533,1492
1513,1485
1527,1477
1513,1483
1497,1508
1534,1499
1494,1487
1507,1471
1508,1474
1520,1486
1493,1490
1493,1478
1528,1479
1500,1489
1496,1470
1500,1478
1506,1488
1501,1477
1487,1451
1492,1472
1481,1476
1447,1453
1465,1447
1485,1471
1496,1464
1465,1453
1459,1450
1446,1442
1504,1455
1473,1468
1466,1441
1473,1433
1456,1443
1459,1433
1455,1430
1422,1428
1464,1434
1436,1420
1443,1415
1445,1432
1467,1438
1439,1434
1446,1413
1433,1403
1437,1421
1429,1423
1416,1437
1457,1406
1416,1418
1424,1407
1413,1429
1417,1420
1430,1417
1409,1408
1415,1398
1398,1410
1402,1414
1392,1409
1398,1371
1411,1390
1398,1390
1419,1391
1409,1392
1406,1412
1375,1401
1399,1384
1397,1376
1388,1368
1384,1395
1365,1387
1391,1372
1383,1374
1388,1363
1406,1361
1397,1371
1402,1379
1405,1375
1374,1378
1377,1387
1382,1380
1384,1371
1374,1374
1373,1364
1370,1380
1366,1366
1376,1376
1354,1355
1369,1371
1351,1362
1371,1361
1346,1362
1346,1368
1331,1351
1351,1359
1337,1377
1348,1360
1366,1356
1360,1354
1365,1344
1382,1381
1366,1357
1373,1358
1350,1357
1365,1384
1346,1388
1367,1361
1363,1362
1343,1351
1333,1356
1351,1377
1351,1354
1347,1366
1349,1371
1384,1358
1370,1364
1366,1342
1342,1357
1351,1371
1365,1373
1361,1383
1347,1374
1368,1389
1356,1365
1355,1345
1362,1385
1373,1388
1359,1383
1336,1374
1355,1386
1350,1357
1366,1376
1362,1384
1360,1378
1368,1389
1381,1390
1374,1392
1382,1394
1388,1380
1396,1392
1365,1379
1386,1391
1393,1397
1360,1410
1396,1391
1381,1411
1385,1390
1385,1417
1404,1389
1397,1422
1392,1402
1387,1429
1393,1425
1394,1420
1417,1421
1418,1430
1418,1433
1405,1432
1418,1429
1394,1434
1428,1443
1420,1424
1429,1430
1418,1460
1423,1448
1411,1433
1411,1437
1416,1448
1411,1434
1425,1445
1429,1448
1425,1452
1422,1448
1427,1466
1461,1444
1443,1457
1465,1459
1428,1484
1465,1477
1451,1454
1468,1484
1421,1464
1444,1461
1459,1470
1466,1475
1453,1467
1469,1472
1460,1477
1459,1469
1484,1477
1493,1477
1468,1498
1493,1506
1485,1495
1485,1484
1504,1507
1485,1515
1491,1501
1489,1503
1490,1497
1479,1512
1498,1495
1501,1516
1499,1504
1489,1518
1497,1501
1504,1505
1517,1497
1519,1521
1520,1517
1522,1526
1524,1512
1516,1518
1493,1530
1528,1524
1515,1539
1510,1544
1518,1526
1521,1525
1522,1529
1527,1545
1511,1504
1522,1509
1533,1533
1520,1536
1519,1523
1542,1529
1540,1528
1530,1539
1538,1544
1541,1544
1526,1532
1531,1535
1558,1516
1549,1532
1506,1526
1547,1529
1542,1546
1546,1530
1544,1536
1561,1518
1535,1547
1562,1520
1535,1528
1532,1529
1549,1534
1530,1537
1519,1536
1542,1548
1540,1538
1543,1540
1541,1536
1535,1518
1560,1516
1516,1514
1549,1550
1531,1541
1532,1536
1536,1532
1543,1519
1538,1522
1521,1518
1549,1524
1538,1536
1550,1522
1534,1519
1530,1537
1550,1514
1534,1486
1524,1517
1508,1495
1527,1491
1537,1511
1514,1500
1521,1507
1515,1505
1530,1505
1520,1484
1543,1503
1513,1523
1522,1497
1513,1497
1535,1498
1524,1513
1503,1504
1527,1502
1490,1496
1512,1484
1511,1487
1510,1492
1541,1499
1504,1486
1467,1459
1509,1477
1504,1468
1500,1477
1476,1494
1481,1478
1495,1478
1503,1491
1493,1465
1511,1460
1481,1464
1496,1450
1476,1450
1493,1456
1481,1447
1490,1441
1452,1458
1456,1460
1444,1430
1477,1421
1460,1443
1473,1448
1447,1452
1448,1449
1472,1428
1469,1432
1425,1451
1427,1432
1459,1418
1417,1436
1436,1444
1450,1429
1437,1419
1422,1419
1410,1419
1427,1436
1426,1422
1456,1413
1429,1400
1439,1404
1395,1426
1417,1399
1424,1409
1417,1397
1432,1405
1438,1388
1399,1384
1401,1402
1401,1401
1393,1396
1385,1407
1397,1388
1408,1389
1376,1379
1398,1392
1405,1392
1403,1398
1391,1388
1373,1394
1392,1392
1384,1392
1373,1382
1363,1388
1386,1388
1376,1374
1381,1386
1377,1372
1377,1384
1386,1378
1371,1366
1341,1351
1361,1374
1378,1364
1341,1354
1373,1359
1354,1358
1368,1371
1363,1372
1329,1354
1365,1361
1361,1367
1342,1353
1382,1370
1355,1368
1351,1370
1356,1383
1350,1391
1362,1364
1352,1360
1348,1359
1344,1357
1349,1360
1375,1367
1329,1350
1348,1357
1334,1377
1366,1363
1369,1341
1339,1373
1359,1353
1365,1360
1351,1355
1358,1357
1359,1365
1368,1364
1388,1365
1338,1359
1359,1344
1358,1367
1357,1379
1358,1358
1369,1397
1357,1356
1364,1379
1355,1373
1381,1373
1372,1367
1374,1379
1377,1372
1371,1403
1388,1392
1385,1381
1357,1385
1354,1406
1385,1405
1369,1396
1391,1400
1355,1417
1364,1404
1408,1401
1379,1393
1384,1387
1366,1409
1376,1418
1381,1410
1375,1403
1400,1409
1414,1408
1368,1420
1412,1415
1399,1403
1417,1405
1391,1402
1392,1414
1391,1435
1386,1440
1429,1422
1408,1429
1432,1437
1408,1414
1383,1447
1418,1432
1417,1449
1420,1430
1449,1428
1419,1455
1421,1458
1444,1456
1432,1434
1412,1458
1420,1457
1439,1462
1447,1471
1453,1468
1461,1459
1453,1473
1428,1477
1450,1455
1449,1464
1431,1481
1460,1473
1466,1487
1480,1490
1433,1469
1475,1478
1464,1480
1486,1475
1468,1485
1481,1496
1451,1490
1450,1488
1484,1509
1505,1488
1484,1475
1481,1488
1492,1498
1499,1499
1473,1504
1493,1496
1465,1498
1487,1521
1494,1505
1511,1539
1506,1514
1501,1497
1494,1506
1516,1524
1489,1509
1477,1518
1491,1514
1498,1514
1532,1525
1531,1521
1499,1527
1517,1525
1523,1517
1499,1509
1533,1546
1538,1523
1518,1536
1532,1531
1539,1539
1522,1537
1507,1532
1522,1538
1535,1508
1529,1505
1521,1541
1526,1534
1540,1547
1518,1540
1537,1529
1556,1517
1539,1527
1552,1520
1533,1524
1536,1547
1531,1537
1533,1529
1551,1532
1536,1522
1529,1548
1544,1526
1528,1530
1544,1552
1526,1527
1533,1530
1529,1517
1548,1524
1532,1546
1543,1531
1527,1529
1537,1508
1548,1533
1563,1509
1562,1532
1546,1528
1535,1562
1561,1521
1531,1529
1532,1524
1522,1518
1532,1543
1549,1528
1558,1505
1526,1530
1527,1518
1527,1516
1520,1515
1531,1518
1531,1487
1537,1507
1530,1504
1535,1502
1532,1504
1516,1525
1504,1497
1525,1500
1520,1517
1530,1516
1517,1486
1525,1501
1525,1504
1533,1500
1533,1483
1527,1489
1487,1502
1510,1478
1488,1491
1474,1489
1529,1480
1515,1463
1503,1469
1499,1460
1509,1484
1494,1449
1494,1470
1508,1469
1482,1451
1494,1480
1448,1470
1465,1448
1503,1457
1465,1474
1457,1440
1476,1452
1483,1472
1464,1442
1452,1462
1470,1453
1454,1420
1447,1445
1456,1446
1454,1434
1457,1443
1442,1452
1458,1439
1444,1446
1439,1428
1446,1423
1462,1433
1443,1428
1438,1411
1445,1410
1445,1423
1423,1430
1451,1415
1421,1429
1433,1417
1435,1394
1402,1420
1408,1419
1451,1396
1425,1376
1439,1420
1406,1393
1408,1403
1415,1410
1398,1425
1398,1399
1420,1373
1424,1399
1394,1377
1393,1399
1387,1391
1410,1396
1414,1398
1387,1387
1378,1388
1384,1389
1375,1376
1381,1375
1390,1376
1402,1392
1396,1360
1377,1379
1404,1380
1381,1371
1359,1392
1361,1372
1354,1362
1357,1370
1358,1375
1357,1362
1374,1353
1375,1362
1370,1360
1364,1380
1394,1374
1381,1362
1373,1349
1372,1362
1343,1373
1372,1372
1359,1371
1367,1376
1343,1377
1326,1376
1360,1360
1354,1368
1369,1366
1360,1370
1367,1363
1359,1351
1352,1359
1346,1354
1355,1379
1371,1376
1352,1365
1354,1373
1355,1354
1366,1364
1375,1376
1357,1378
1346,1370
1369,1373
1336,1385
1355,1375
1362,1387
1373,1389
1385,1373
1371,1385
1348,1361
1359,1400
1338,1371
1360,1373
1379,1378
1374,1381
1362,1379
1358,1390
1402,1389
1366,1389
1362,1400
1369,1398
1357,1400
1385,1388
1386,1397
1387,1389
1374,1389
1364,1396
1383,1390
1408,1383
1357,1413
1370,1419
1391,1423
1383,1395
1387,1406
1400,1403
1406,1423
1387,1407
1405,1418
1402,1401
1406,1413
1414,1422
1409,1425
1431,1423
1402,1414
1418,1441
1433,1445
1409,1418
1430,1442
1404,1440
1434,1447
1417,1447
1415,1456
1441,1462
1424,1450
1405,1453
1441,1459
1478,1463
1426,1443
1455,1446
1416,1455
1442,1466
1428,1466
1453,1460
1452,1456
1449,1458
1449,1462
1431,1472
1478,1488
1470,1476
1466,1479
1469,1484
1490,1459
1455,1470
1440,1484
1490,1501
1469,1484
1471,1471
1442,1485
1473,1499
1475,1493
1484,1500
1480,1507
1487,1495
1465,1499
1486,1491
1496,1514
1489,1487
1504,1511
1512,1515
1486,1505
1500,1506
1498,1513
1519,1508
1506,1501
1499,1510
1518,1536
1496,1496
1501,1522
1510,1507
1497,1506
1486,1516
1490,1515
1519,1534
1512,1504
1514,1525
1514,1525
1515,1517
1523,1520
1537,1526
1535,1540
1531,1520
1525,1528
1517,1517
1543,1529
1565,1538
1518,1544
1541,1533
1532,1551
1554,1538
1511,1524
1539,1521
1555,1528
1539,1523
1532,1530
1546,1541
1545,1541
1544,1527
1538,1525
1552,1549
1530,1531
1539,1536
1538,1565
1552,1513
1555,1536
1543,1520
1561,1525
1533,1529
1534,1525
1536,1554
1567,1528
1533,1529
1542,1531
1524,1519
1554,1531
1532,1521
1534,1526
1516,1529
1540,1504
1522,1507
1541,1525
1530,1522
1542,1547
1545,1523
1522,1520
1521,1505
1534,1524
1530,1520
1537,1508
1540,1507
1524,1498
1520,1496
1522,1500
1504,1514
1540,1502
1522,1476
1534,1490
1532,1513
1523,1505
1522,1502
1517,1504
1511,1491
1510,1484
1507,1504
1496,1477
1501,1458
1511,1489
1518,1495
1513,1471
1502,1487
1483,1471
1510,1477
1494,1484
1477,1470
1474,1464
1485,1456
1513,1477
1458,1455
1510,1478
1474,1470
1493,1468
1474,1432
1473,1458
1467,1436
1490,1448
1451,1446
1471,1448
1477,1458
1452,1437
1454,1426
1460,1427
1474,1438
1453,1455
1458,1452
1444,1449
1418,1424
1433,1435
1437,1430
1463,1427
1450,1420
1431,1423
1434,1410
1436,1408
1409,1415
1433,1402
1440,1406
1423,1418
1404,1416
1415,1373
1416,1410
1433,1419
1433,1411
1414,1410
1398,1424
1409,1421
1418,1425
1398,1377
1420,1397
1421,1395
1411,1384
1397,1383
1410,1386
1381,1380
1373,1358
1383,1368
1406,1384
1402,1394
1400,1370
1384,1399
1384,1373
1387,1405
1369,1387
1390,1366
1394,1365
1360,1365
1358,1375
1380,1367
1369,1390
1383,1367
1374,1383
1387,1384
1378,1368
1365,1371
1375,1369
1363,1375
1366,1370
1375,1364
1353,1365
1383,1373
1353,1350
1372,1366
1363,1373
1356,1360
1361,1356
1369,1367
1370,1358
1349,1329
1356,1378
1345,1384
1365,1385
1352,1378
1344,1352
1360,1373
1357,1377
1350,1348
1374,1375
1346,1374
1388,1349
1371,1370
1364,1357
1338,1375
1362,1361
1335,1383
1366,1385
1366,1368
1359,1373
1371,1383
1360,1382
1367,1355
1348,1387
1388,1360
1365,1375
1370,1366
1377,1376
1369,1391
1388,1382
1369,1392
1347,1381
1380,1392
1368,1375
1351,1394
1386,1407
1399,1386
1397,1388
1388,1384
1373,1407
1383,1383
1377,1390
1373,1404
1379,1414
1371,1413
1377,1402
1409,1410
1380,1389
1404,1408
1360,1408
1396,1423
1394,1401
1399,1415
1423,1425
1401,1415
1394,1410
1410,1427
1397,1407
1421,1432
1412,1444
1393,1425
1416,1429
1396,1418
1420,1436
1413,1450
1429,1427
1440,1448
1427,1436
1446,1434
1410,1462
1416,1461
1424,1461
1443,1469
1430,1460
1462,1477
1444,1463
1443,1452
1445,1447
1464,1482
1464,1497
1448,1456
1452,1467
1463,1486
1445,1471
1498,1469
1448,1493
1476,1475
1447,1481
1458,1462
1458,1477
1478,1461
1466,1477
1464,1495
1483,1478
1470,1487
1489,1495
1483,1497
1500,1505
1510,1497
1484,1505
1513,1511
1483,1504
1497,1498
1495,1499
1499,1512
1497,1487
1507,1515
1498,1511
1506,1510
1497,1510
1518,1500
1502,1508
1503,1524
1493,1490
1520,1526
1529,1508
1508,1497
1559,1527
1519,1510
1517,1505
1537,1520
1534,1511
1522,1519
1518,1526
1525,1527
1508,1536
1555,1514
1552,1521
1500,1519
1511,1515
1509,1517
1507,1535
1532,1538
1538,1539
1516,1518
1530,1536
1534,1524
1527,1515
1553,1536
1554,1548
1547,1556
1530,1543
1536,1538
1562,1535
1539,1527
1546,1541
1530,1542
1555,1514
1537,1517
1542,1540
1519,1525
1540,1526
1522,1520
1541,1525
1517,1520
1541,1538
1552,1527
1522,1531
1538,1524
1517,1535
1559,1511
1519,1528
1521,1526
1524,1526
1543,1515
1534,1515
1515,1518
1527,1539
1547,1512
1518,1530
1525,1505
1533,1508
1518,1515
1513,1495
1511,1499
1536,1525
1524,1515
1522,1513
1531,1491
1504,1504
1495,1507
1531,1505
1519,1509
1516,1492
1537,1501
1511,1503
1520,1502
1512,1497
1535,1487
1520,1488
1507,1493
1494,1488
