ch1,ch2
1534,1576
1576,1561
1600,1612
1607,1616
1583,1593
1608,1621
1637,1630
1590,1633
1636,1640
1607,1649
1671,1646
1634,1636
1705,1646
1639,1640
1701,1688
1652,1622
1680,1658
1654,1681
1681,1682
1698,1666
1706,1680
1712,1643
1716,1667
1612,1648
1673,1682
1690,1692
1684,1653
1744,1670
1676,1652
1686,1683
1691,1687
1658,1643
1677,1646
1642,1673
1670,1650
1668,1617
1633,1618
1660,1604
1682,1613
1629,1638
1615,1582
1595,1568
1609,1598
1593,1559
1577,1538
1558,1518
1561,1566
1553,1523
1572,1539
1519,1502
1522,1536
1490,1513
1535,1493
1540,1506
1503,1496
1462,1484
1462,1445
1444,1449
1457,1483
1466,1472
1428,1416
1442,1457
1464,1378
1418,1437
1456,1440
1427,1408
1385,1431
1446,1441
1424,1452
1385,1463
1397,1442
1429,1456
1410,1416
1404,1417
1434,1440
1398,1423
1376,1423
1433,1431
1391,1456
1372,1455
1428,1430
1420,1460
1434,1488
1417,1498
1424,1462
1465,1474
1435,1483
1465,1491
1447,1467
1471,1514
1483,1530
1487,1539
1551,1496
1524,1514
1527,1553
1558,1576
1562,1572
1560,1533
1570,1574
1579,1582
1563,1545
1580,1596
1617,1609
1573,1608
1624,1646
1610,1627
1628,1631
1583,1681
1630,1640
1618,1669
1639,1650
1624,1701
1651,1696
1689,1664
1694,1646
1676,1689
1689,1671
1715,1674
1694,1670
1705,1697
1708,1690
1670,1662
1664,1677
1686,1685
1682,1670
1675,1654
1672,1656
1661,1644
1660,1665
1710,1627
1650,1637
1680,1672
1655,1665
1663,1624
1648,1623
1612,1611
1627,1559
1629,1596
1652,1590
1609,1571
1594,1536
1613,1559
1572,1570
1576,1515
1561,1544
1501,1545
1528,1517
1558,1484
1497,1489
1489,1465
1506,1478
1486,1445
1485,1457
1491,1462
1474,1474
1470,1454
1498,1477
1449,1450
1430,1450
1475,1419
1429,1444
1431,1448
1416,1449
1440,1431
1429,1398
1416,1431
1412,1377
1407,1407
1429,1436
1394,1399
1388,1438
1394,1411
1437,1388
1444,1457
1460,1427
1465,1442
1411,1411
1445,1424
1437,1441
1434,1460
1426,1467
1421,1474
1454,1497
1499,1475
1437,1468
1469,1514
1525,1509
1501,1531
1483,1509
1515,1559
1496,1524
1513,1553
1560,1566
1508,1586
1545,1552
1601,1539
1596,1565
1608,1646
1563,1586
1595,1615
1612,1628
1599,1625
1646,1617
1657,1652
1632,1658
1633,1667
1631,1670
1653,1644
1663,1626
1656,1663
1651,1673
1670,1657
1713,1688
1684,1681
1713,1659
1707,1632
1697,1686
1700,1681
1719,1670
1701,1708
1692,1680
1666,1646
1652,1665
1680,1681
1693,1624
1688,1659
1654,1666
1692,1595
1651,1646
1630,1632
1637,1663
1652,1650
1667,1594
1616,1610
1598,1612
1650,1579
1574,1596
1636,1571
1592,1571
1585,1584
1529,1559
1571,1509
1531,1542
1531,1475
1502,1508
1510,1494
1538,1492
1531,1486
1455,1517
1467,1494
1493,1439
1475,1469
1448,1448
1415,1450
1458,1463
1429,1410
1444,1384
1449,1387
1419,1420
1383,1452
1469,1395
1426,1395
1386,1432
1401,1435
1401,1376
1434,1419
1404,1415
1389,1418
1410,1434
1385,1456
1378,1402
1377,1438
1437,1465
1382,1453
1440,1432
1397,1507
1412,1431
1427,1448
1418,1459
1453,1429
1488,1506
1496,1518
1479,1508
1462,1476
1490,1490
1487,1510
1488,1517
1516,1556
1559,1554
1532,1524
1541,1587
1551,1572
1563,1580
1568,1603
1587,1605
1588,1600
1579,1620
1566,1628
1622,1622
1622,1620
1630,1657
1653,1636
1650,1632
1674,1632
1635,1684
1629,1694
1652,1676
1681,1668
1693,1700
1726,1706
1692,1684
1699,1714
1693,1677
1697,1721
1699,1695
1694,1683
1726,1701
1693,1674
1695,1664
1695,1632
1695,1670
1667,1653
1722,1658
1670,1641
1661,1639
1648,1669
1670,1632
1676,1591
1634,1594
1637,1627
1630,1572
1650,1613
1619,1592
1579,1552
1573,1594
1583,1581
1571,1569
1603,1495
1528,1530
1511,1532
1563,1485
1573,1489
1541,1505
1501,1475
1503,1485
1497,1472
1451,1471
1491,1475
1475,1478
1504,1433
1429,1467
1432,1454
1379,1421
1393,1443
1443,1417
1407,1397
1405,1433
1417,1406
1374,1438
1358,1399
1387,1414
1400,1411
1358,1411
1356,1420
1447,1399
1394,1438
1371,1433
1405,1438
1408,1449
1421,1446
1334,1426
1438,1471
1409,1445
1450,1458
1416,1465
1411,1494
1442,1465
1441,1462
1452,1474
1486,1536
1500,1494
1480,1509
1467,1549
1528,1523
1480,1550
1545,1536
1524,1528
1513,1607
1549,1593
1594,1569
1581,1616
1625,1601
1588,1636
1608,1619
1611,1610
1627,1616
1677,1637
1650,1648
1611,1651
1651,1695
1655,1659
1675,1667
1685,1674
1709,1687
1678,1675
1665,1671
1676,1642
1688,1677
1678,1666
1718,1677
1691,1679
1705,1709
1694,1698
1705,1691
1743,1707
1690,1661
1687,1666
1710,1656
1676,1652
1715,1657
1646,1671
1671,1646
1651,1662
1685,1614
1672,1620
1661,1606
1640,1621
1650,1650
1616,1582
1597,1575
1590,1602
1597,1602
1576,1578
1624,1575
1534,1539
1565,1483
1547,1506
1505,1525
1521,1529
1492,1500
1507,1496
1467,1502
1501,1445
1516,1462
1475,1459
1441,1467
1433,1446
1447,1427
1427,1438
1467,1454
1444,1455
1405,1420
1400,1386
1443,1406
1449,1438
1397,1403
1449,1477
1373,1412
1390,1391
1377,1437
1395,1424
1372,1433
1403,1464
1392,1407
1407,1437
1426,1440
1422,1401
1401,1425
1457,1470
1472,1467
1422,1452
1461,1503
1432,1450
1447,1494
1475,1523
1452,1491
1483,1498
1479,1512
1528,1527
1474,1528
1492,1518
1501,1546
1520,1600
1525,1548
1593,1568
1530,1575
1582,1570
1573,1580
1595,1618
1573,1610
1590,1633
1620,1626
1620,1640
1650,1630
1639,1677
1659,1664
1670,1633
1663,1650
1671,1683
1655,1688
1669,1696
1676,1718
1707,1699
1667,1669
1689,1696
1661,1677
1697,1671
1697,1694
1683,1699
1693,1672
1689,1695
1675,1692
1678,1660
1698,1649
1710,1707
1680,1667
1675,1643
1691,1671
1675,1642
1639,1636
1661,1648
1653,1612
1625,1589
1641,1629
1656,1588
1611,1604
1668,1597
1651,1516
1626,1602
1551,1550
1592,1532
1598,1520
1541,1534
1508,1521
1539,1505
1525,1510
1510,1524
1519,1515
1488,1464
1454,1458
1476,1476
1450,1462
1474,1455
1441,1463
1429,1427
1459,1418
1411,1424
1430,1414
1405,1436
1387,1433
1369,1415
1407,1409
1416,1404
1357,1417
1415,1406
1371,1395
1419,1377
1381,1443
1395,1453
1365,1413
1401,1447
1405,1451
1400,1424
1425,1433
1369,1429
1428,1421
1407,1443
1405,1430
1430,1451
1396,1450
1406,1494
1469,1519
1458,1472
1447,1554
1493,1526
1505,1503
1465,1539
1510,1548
1512,1556
1543,1539
1529,1565
1533,1578
1610,1603
1578,1566
1600,1563
1540,1589
1612,1592
1596,1629
1616,1616
1634,1634
1652,1636
1654,1654
1681,1648
1662,1636
1673,1651
1685,1698
1675,1685
1667,1686
1680,1703
1677,1687
1692,1673
1706,1688
1720,1709
1704,1698
1665,1687
1721,1620
1690,1670
1698,1686
1695,1713
1698,1698
1691,1689
1704,1615
1687,1656
1690,1639
1667,1671
1682,1637
1668,1655
1663,1622
1679,1628
1664,1623
1633,1598
1649,1567
1623,1589
1569,1575
1566,1525
1616,1583
1580,1565
1585,1555
1613,1535
1555,1569
1579,1540
1508,1543
1526,1479
1491,1511
1525,1493
1492,1483
1491,1482
1494,1433
1486,1461
1452,1478
1440,1446
1457,1431
1430,1429
1428,1426
1400,1420
1394,1438
1439,1387
1391,1408
1383,1395
1422,1433
1393,1387
1389,1397
1405,1391
1421,1430
1428,1402
1344,1404
1368,1420
1362,1420
1374,1393
1388,1401
1416,1430
1412,1427
1446,1439
1415,1438
1453,1483
1401,1442
1446,1462
1437,1487
1439,1474
1491,1439
1465,1531
1490,1519
1490,1561
1452,1548
1490,1556
1489,1551
1500,1547
1551,1535
1561,1572
1566,1569
1556,1577
1618,1602
1620,1610
1603,1592
1615,1662
1617,1658
1649,1641
1628,1642
1667,1654
1664,1632
1644,1680
1706,1658
1687,1691
1672,1651
1667,1684
1647,1654
1684,1696
1672,1720
1664,1705
1719,1680
1689,1685
1743,1689
1731,1686
1745,1679
1662,1689
1698,1673
1723,1650
1683,1684
1678,1672
1657,1688
1682,1625
1711,1671
1660,1646
1660,1629
1664,1624
1641,1612
1667,1626
1623,1618
1677,1585
1583,1614
1605,1568
1591,1583
1622,1541
1594,1547
1587,1542
1586,1539
1565,1539
1511,1504
1557,1505
1529,1518
1533,1480
1484,1494
1466,1479
1473,1475
1490,1488
1428,1428
1442,1445
1456,1440
1436,1443
1398,1407
1411,1374
1431,1403
1430,1439
1415,1442
1376,1403
1446,1416
1388,1437
1397,1415
1376,1419
1372,1411
1398,1407
1393,1412
1384,1441
1372,1420
1375,1430
1367,1416
1378,1416
1424,1443
1416,1421
1433,1456
1426,1434
1431,1456
1423,1470
1450,1466
1477,1479
1427,1491
1484,1472
1465,1511
1472,1500
1461,1516
1525,1546
1533,1533
1528,1556
1536,1544
1511,1603
1526,1573
1548,1598
1570,1566
1587,1640
1586,1622
1571,1626
1582,1622
1648,1612
1568,1641
1646,1628
1634,1650
1662,1657
1651,1630
1667,1698
1657,1701
1673,1691
1701,1676
1722,1693
1718,1664
1685,1655
1706,1715
1713,1660
1727,1688
1712,1696
1726,1711
1704,1685
1716,1666
1708,1692
1726,1650
1665,1662
1698,1660
1712,1675
1659,1669
1678,1640
1689,1657
1683,1635
1693,1628
1670,1596
1626,1579
1631,1617
1617,1595
1621,1591
1635,1579
1590,1565
1601,1530
1584,1581
1493,1523
1546,1535
1503,1524
1539,1513
1550,1502
1531,1509
1504,1480
1496,1498
1442,1440
1511,1497
1495,1495
1454,1448
1451,1452
1448,1427
1414,1447
1451,1436
1399,1396
1421,1433
1401,1405
1405,1414
1395,1393
1383,1402
1387,1437
1391,1381
1392,1399
1347,1421
1429,1410
1370,1408
1416,1424
1374,1461
1403,1432
1406,1399
1390,1459
1416,1463
1420,1423
1403,1445
1417,1485
1426,1455
1437,1451
1429,1465
1428,1448
1481,1486
1487,1514
1445,1510
1459,1542
1511,1549
1474,1508
1540,1506
1572,1527
1555,1552
1566,1586
1604,1600
1613,1557
1583,1586
1560,1647
1621,1599
1599,1637
1564,1633
1605,1632
1629,1632
1647,1676
1640,1673
1636,1652
1676,1668
1675,1668
1679,1680
1687,1668
1699,1699
1670,1679
1707,1665
1711,1688
1677,1684
1728,1703
1737,1693
1740,1674
1702,1688
1712,1698
1702,1637
1688,1643
1708,1662
1664,1652
1741,1677
1665,1670
1706,1676
1727,1641
1635,1608
1640,1629
1647,1632
1674,1637
1607,1644
1636,1607
1604,1630
1612,1587
1606,1555
1596,1604
1574,1574
1559,1531
1580,1555
1574,1546
1538,1541
1538,1478
1546,1540
1523,1505
1510,1433
1513,1482
1461,1474
1481,1445
1467,1467
1469,1452
1457,1437
1460,1452
1441,1443
1423,1453
1405,1434
1414,1415
1380,1413
1392,1404
1399,1405
1416,1422
1393,1398
1368,1383
1381,1394
1395,1423
1377,1389
1391,1423
1418,1431
1391,1384
1411,1432
1388,1443
1366,1430
1426,1404
1418,1438
1439,1447
1407,1456
1442,1466
1438,1461
1415,1500
1427,1457
1449,1490
1428,1511
1501,1513
1528,1537
1530,1545
1523,1550
1548,1553
1560,1507
1531,1605
1538,1539
1561,1588
1600,1601
1534,1564
1610,1593
1590,1610
1604,1587
1613,1625
1634,1630
1639,1632
1619,1663
1676,1656
1620,1663
1675,1688
1650,1690
1685,1654
1671,1731
1693,1674
1712,1690
1664,1714
1725,1693
1666,1683
1661,1690
1702,1700
1696,1692
1719,1689
1717,1684
1691,1691
1724,1697
1705,1686
1707,1667
1687,1689
1663,1633
1687,1659
1661,1665
1658,1689
1660,1610
1664,1605
1668,1641
1655,1632
1609,1609
1621,1601
1622,1603
1612,1588
1614,1575
1591,1523
1604,1519
1585,1536
1570,1523
1574,1504
1573,1475
1515,1528
1533,1523
1501,1478
1458,1462
1441,1471
1497,1475
1514,1450
1463,1435
1447,1412
1459,1434
1417,1433
1426,1400
1410,1448
1418,1415
1398,1435
1365,1405
1416,1401
1380,1378
1422,1419
1402,1386
1396,1427
1395,1393
1420,1420
1418,1436
1365,1427
1398,1425
1410,1430
1422,1392
1352,1423
1406,1433
1435,1460
1406,1466
1457,1431
1414,1453
1449,1470
1422,1494
1427,1478
1474,1469
1468,1500
1460,1495
1497,1526
1482,1552
1499,1570
1487,1553
1492,1563
1535,1562
1559,1568
1573,1572
1561,1569
1599,1587
1576,1662
1614,1597
1610,1640
1621,1638
1621,1644
1677,1661
1641,1647
1661,1653
1643,1677
1656,1695
1661,1678
1672,1685
1762,1704
1743,1680
1743,1691
1733,1682
1719,1692
1708,1700
1714,1712
1671,1663
1756,1677
1713,1668
1739,1694
1694,1676
1694,1682
1719,1689
1692,1680
1694,1626
1683,1664
1726,1681
1688,1626
1681,1632
1668,1648
1644,1638
1655,1625
1614,1607
1634,1605
1643,1566
1591,1570
1616,1596
1606,1588
1604,1568
1593,1515
1582,1578
1533,1515
1536,1541
1545,1456
1535,1504
1508,1497
1486,1526
1485,1520
1518,1436
1472,1439
1448,1440
1411,1476
1433,1453
1463,1456
1440,1416
1436,1384
1407,1420
1408,1381
1418,1422
1393,1389
1356,1403
1386,1439
1381,1403
1345,1453
1421,1404
1378,1422
1388,1441
1402,1418
1394,1422
1412,1434
1392,1428
1393,1443
1395,1467
1436,1432
1405,1475
1408,1471
1391,1498
1432,1489
1464,1444
1421,1479
1472,1487
1474,1467
1444,1508
1449,1492
1500,1502
1531,1536
1489,1550
1550,1535
1495,1516
1550,1576
1556,1583
1528,1574
1535,1641
1567,1587
1600,1597
1609,1612
1612,1611
1618,1633
1619,1647
1652,1643
1656,1642
1651,1654
1630,1662
1678,1688
1681,1647
1683,1692
1664,1708
1728,1702
1686,1685
1725,1697
1739,1705
1717,1682
1745,1676
1711,1678
1725,1716
1718,1702
1699,1669
1744,1724
1720,1689
1699,1675
1701,1684
1680,1718
1711,1668
1662,1677
1684,1632
1699,1667
1655,1645
1669,1613
1646,1604
1649,1634
1677,1594
1585,1586
1603,1599
1647,1587
1597,1607
1579,1527
1576,1563
1567,1547
1559,1540
1532,1545
1496,1516
1562,1503
1513,1495
1494,1483
1468,1467
1492,1450
1466,1423
1439,1458
1439,1463
1372,1465
1455,1434
1448,1464
1400,1436
1426,1461
1414,1407
1407,1383
1384,1411
1416,1456
1402,1426
1407,1387
1405,1413
1383,1399
1403,1407
1366,1393
1403,1414
1411,1406
1383,1433
1382,1415
1387,1406
1358,1429
1415,1436
1421,1432
1408,1430
1431,1460
1428,1433
1436,1457
1445,1480
1488,1478
1443,1511
1474,1538
1503,1556
1505,1487
1508,1513
1515,1568
1478,1532
1521,1530
1511,1568
1600,1552
1596,1595
1594,1600
1555,1589
1608,1608
1620,1623
1585,1645
1677,1653
1627,1693
1641,1619
1637,1617
1631,1655
1649,1682
1679,1665
1681,1690
1668,1685
1683,1661
1676,1690
1687,1719
1719,1706
1708,1690
1709,1679
1700,1687
1678,1694
1709,1708
1694,1696
1725,1687
1712,1709
1703,1694
1730,1661
1704,1646
1717,1677
1660,1676
1676,1630
1647,1639
1663,1615
1666,1626
1626,1628
1649,1589
1642,1630
1622,1611
1629,1572
1620,1600
1636,1554
1616,1567
1618,1529
1556,1519
1571,1521
1529,1512
1542,1530
1526,1521
1534,1496
1483,1494
1513,1523
1500,1468
1505,1461
1469,1474
1488,1434
1464,1428
1488,1464
1457,1418
1462,1415
1407,1455
1421,1409
1434,1405
1479,1446
1426,1386
1442,1437
1383,1398
1403,1402
1388,1367
1400,1441
1383,1405
1392,1408
1407,1428
1387,1414
1402,1425
1424,1451
1397,1410
1399,1419
1400,1435
1416,1468
1429,1425
1434,1443
1438,1445
1433,1476
1442,1500
1449,1480
1454,1510
1453,1499
1446,1487
1512,1509
1533,1543
1511,1528
1542,1572
1523,1532
1531,1561
1550,1562
1527,1579
1618,1574
1599,1618
1584,1605
1638,1643
1624,1630
1618,1632
1644,1627
1651,1615
1643,1636
1614,1665
1629,1628
1653,1667
1700,1708
1683,1697
1690,1704
1708,1705
1694,1719
1723,1686
1667,1651
1715,1667
1707,1699
1722,1654
1687,1683
1668,1665
1749,1674
1691,1665
1725,1702
1728,1666
1680,1656
1694,1655
1675,1669
1690,1664
1670,1683
1680,1619
1650,1640
1666,1607
1661,1602
1621,1588
1610,1581
1615,1598
1604,1593
1562,1552
1617,1554
1564,1582
1589,1556
1566,1537
1540,1517
1563,1520
1566,1515
1506,1505
1504,1478
1521,1493
1475,1462
1451,1497
1440,1434
1446,1457
1449,1459
1468,1433
1468,1421
1450,1450
1448,1416
1423,1409
1370,1430
1410,1436
1424,1384
1376,1396
1386,1459
1374,1390
1379,1391
1362,1447
1379,1427
1383,1420
1381,1405
1375,1403
1387,1410
1374,1413
1453,1404
1382,1415
1396,1427
1436,1408
1403,1472
1432,1456
1416,1451
1446,1466
1438,1472
1443,1495
1438,1519
1483,1487
1495,1474
1513,1531
1469,1486
1541,1585
1505,1549
1510,1573
1522,1578
1527,1558
1573,1590
1590,1569
1565,1604
1592,1630
1610,1615
1632,1657
1612,1665
1661,1637
1676,1621
1675,1664
1644,1675
1641,1684
1696,1645
1683,1640
1669,1686
1689,1666
1721,1679
1712,1687
1674,1669
1700,1692
1711,1709
1698,1674
1724,1670
1769,1697
1738,1646
1719,1681
1708,1650
1685,1641
1676,1677
1711,1689
1695,1669
1659,1673
1671,1629
1679,1644
1675,1643
1643,1663
1653,1633
1656,1554
1616,1630
1620,1566
1636,1566
1631,1575
1600,1557
1579,1546
1572,1548
1577,1530
1575,1545
1530,1545
1541,1521
1538,1538
1514,1486
1489,1498
1493,1494
1462,1471
1470,1457
1511,1449
1477,1448
1479,1435
1424,1435
1455,1416
1418,1407
1426,1426
1430,1441
1380,1408
1454,1425
1370,1404
1402,1418
1432,1430
1399,1407
1437,1448
1424,1432
1389,1431
1409,1398
1385,1422
1363,1405
1399,1450
1382,1416
1389,1410
1423,1461
1419,1465
1444,1466
1398,1435
1410,1471
1413,1464
1445,1501
1482,1520
1475,1519
1489,1494
1453,1502
1458,1555
1506,1525
1513,1549
1536,1489
1550,1559
1573,1583
1555,1533
1537,1590
1574,1602
1569,1608
1607,1594
1569,1629
1605,1610
1634,1670
1623,1644
1655,1607
1655,1635
1672,1634
1625,1664
1698,1671
1683,1664
1664,1674
1663,1690
1697,1734
1704,1727
1710,1663
1694,1663
1710,1711
1745,1691
1686,1689
1695,1680
1669,1670
1691,1667
1701,1677
1727,1669
1709,1655
1722,1680
1696,1679
1706,1626
1671,1674
1657,1653
1674,1652
1690,1646
1680,1660
1645,1605
1659,1617
1648,1583
1615,1609
1593,1582
1631,1586
1619,1547
1601,1540
1577,1533
1569,1538
1553,1504
1571,1527
1516,1545
1544,1485
1534,1490
1514,1495
1504,1479
1525,1464
1515,1477
1502,1460
1464,1446
1422,1451
1448,1440
1418,1418
1473,1435
1423,1405
1382,1418
1449,1428
1409,1428
1404,1444
1364,1425
1388,1430
1398,1410
1402,1398
1386,1405
1386,1432
1388,1393
1425,1415
1420,1437
1414,1430
1412,1428
1408,1447
1416,1439
1432,1455
1454,1457
1454,1425
1402,1450
1445,1443
1442,1465
1430,1502
1456,1479
1492,1477
1436,1478
1528,1544
1487,1499
1488,1522
1533,1559
1539,1609
1545,1531
1544,1585
1605,1584
1516,1603
1568,1605
1576,1597
1610,1600
1568,1670
1638,1637
1618,1640
1648,1616
1650,1654
1652,1642
1698,1665
1685,1691
1695,1683
1703,1660
1686,1699
1679,1711
1680,1667
1693,1683
1685,1660
1710,1682
1723,1726
1726,1698
1722,1665
1704,1697
1755,1686
1752,1648
1685,1677
1686,1684
1690,1671
1724,1638
1709,1655
1655,1654
1693,1650
1673,1640
1641,1622
1667,1609
1622,1595
1638,1596
1617,1567
1640,1585
1581,1584
1576,1569
1608,1534
1572,1597
1571,1536
1551,1532
1561,1542
1525,1526
1533,1548
1501,1489
1514,1474
1495,1456
1512,1519
1484,1473
1444,1451
1448,1474
1476,1487
1460,1444
1402,1429
1415,1438
1506,1437
1393,1438
1428,1425
1432,1424
1424,1414
1413,1391
1422,1438
1394,1392
1380,1432
1363,1405
1399,1378
1417,1400
1452,1450
1374,1404
1375,1413
1410,1409
1432,1440
1446,1441
1398,1451
1421,1421
1439,1454
1419,1431
1412,1448
1424,1499
1394,1479
1432,1514
1451,1525
1497,1513
1483,1539
1499,1519
1546,1536
1512,1538
1524,1553
1535,1524
1522,1572
1547,1597
1543,1569
1556,1575
1589,1615
1568,1616
1611,1616
1579,1609
1606,1629
1631,1648
1655,1629
1635,1644
1669,1648
1661,1685
1666,1688
1671,1661
1704,1688
1683,1672
1701,1686
1697,1680
1706,1675
1736,1680
1727,1714
1712,1664
1684,1698
1667,1654
1720,1673
1705,1687
1687,1685
1660,1670
1737,1649
1690,1646
1701,1671
1664,1642
1690,1627
1668,1630
1691,1632
1699,1645
1669,1627
1626,1621
1653,1571
1612,1547
1604,1601
1583,1621
1598,1590
1611,1566
1552,1520
1602,1525
1547,1556
1585,1538
1542,1518
1539,1500
1535,1511
1504,1487
1508,1476
1473,1447
1490,1447
1462,1478
1455,1452
1474,1454
1465,1445
1421,1440
1464,1425
1452,1420
1437,1431
1397,1433
1410,1410
1423,1411
1398,1420
1416,1452
1409,1445
1401,1399
1374,1386
1393,1407
1400,1437
1416,1392
1384,1425
1444,1429
1395,1426
1404,1427
1399,1436
1446,1445
1431,1457
1449,1451
1433,1499
1460,1478
1489,1487
1443,1528
1451,1535
1498,1503
1463,1493
1459,1522
1500,1523
1512,1536
1518,1542
1545,1540
1565,1535
1539,1580
1541,1538
1569,1572
1590,1575
1575,1622
1565,1646
1600,1625
1593,1611
1605,1614
1658,1654
1667,1644
1634,1622
1659,1616
1657,1650
1683,1622
1642,1696
1663,1686
1687,1695
1701,1671
1708,1697
1715,1692
1669,1670
1676,1688
1709,1663
1693,1676
1670,1682
1708,1670
1701,1683
1706,1672
1731,1670
1679,1676
1654,1644
1693,1643
1668,1671
1706,1642
1661,1673
1689,1586
1676,1639
1625,1644
1624,1624
1648,1642
1630,1610
1646,1570
1621,1536
1630,1566
1574,1548
1609,1540
1565,1535
1574,1515
1517,1555
1528,1516
1573,1473
1495,1517
1437,1525
1504,1491
1504,1465
1473,1495
1485,1499
1463,1460
1460,1469
1454,1437
1461,1478
1490,1466
1452,1380
1407,1470
1442,1428
1381,1412
1414,1429
1398,1435
1419,1400
1434,1449
1373,1418
1414,1392
1438,1415
1383,1413
1341,1394
1413,1417
1397,1433
1438,1422
1375,1410
1446,1437
1451,1420
1425,1466
1444,1482
1461,1465
1426,1465
1419,1470
1488,1510
1476,1470
1457,1501
1485,1498
1494,1511
1492,1525
1519,1538
1534,1548
1543,1557
1531,1561
1539,1588
1542,1556
1513,1558
1607,1570
1576,1641
1588,1629
1601,1619
1620,1601
1660,1643
1638,1620
1634,1668
1627,1638
1663,1639
1653,1654
1667,1685
1638,1663
1680,1674
1709,1651
1681,1635
1686,1713
1689,1676
1674,1659
1688,1683
1705,1688
1686,1683
1723,1689
1713,1680
1652,1675
1700,1670
1697,1650
1664,1638
1689,1640
1696,1642
1647,1653
1645,1639
1668,1651
1661,1677
1604,1569
1658,1601
1629,1591
1583,1603
1622,1588
1607,1583
1617,1595
1592,1535
1585,1567
1556,1567
1565,1538
1510,1549
1493,1514
1560,1540
1503,1522
1524,1515
1457,1502
1536,1527
1491,1444
1491,1473
1482,1479
1485,1457
1435,1431
1458,1459
1438,1449
1445,1427
1446,1425
1463,1397
1384,1434
1440,1410
1386,1414
1437,1452
1412,1445
1431,1416
1423,1363
1401,1446
1383,1383
1436,1429
1408,1405
1394,1421
1391,1405
1423,1423
1441,1466
1382,1388
1434,1467
1428,1459
1436,1450
1442,1445
1456,1495
1447,1453
1457,1512
1490,1527
1463,1498
1495,1501
1492,1535
1556,1541
1512,1543
1484,1539
1499,1545
1568,1551
1548,1612
1511,1607
1599,1558
1565,1582
1623,1590
1600,1591
1539,1591
1578,1585
1617,1613
1597,1660
1681,1634
1632,1646
1653,1653
1654,1627
1622,1677
1663,1666
1664,1665
1660,1653
1707,1675
1693,1689
1684,1699
1682,1670
1718,1700
1705,1686
1707,1681
1694,1669
1688,1683
1695,1675
1677,1639
1685,1672
1688,1666
1666,1658
1687,1649
1696,1627
1666,1654
1698,1664
1670,1655
1585,1666
1619,1600
1619,1582
1663,1604
1615,1642
1640,1569
1606,1566
1598,1534
1594,1558
1602,1558
1557,1522
1536,1526
1551,1524
1555,1529
1559,1498
1492,1518
1516,1522
1516,1475
1479,1460
1467,1476
1476,1449
1443,1469
1480,1440
1445,1456
1423,1432
1430,1424
1459,1402
1419,1434
1399,1429
1443,1396
1391,1431
1436,1433
1413,1409
1392,1442
1378,1417
1398,1437
1409,1406
1392,1418
1404,1418
1369,1417
1398,1446
1438,1470
1428,1459
1437,1436
1451,1427
1456,1452
1437,1458
1449,1472
1428,1493
1466,1455
1480,1470
1464,1485
1454,1510
1488,1535
1503,1530
1449,1538
1514,1543
1493,1577
1495,1550
1564,1565
1558,1542
1558,1584
1576,1566
1517,1603
1583,1595
1580,1640
1654,1587
1600,1623
1621,1617
1604,1654
1623,1626
1655,1636
1656,1645
1686,1627
1687,1693
1659,1641
1652,1677
1676,1669
1652,1646
1654,1661
1720,1691
1685,1677
1689,1703
1668,1674
1686,1659
1691,1703
1695,1679
1690,1664
1663,1655
1668,1696
1714,1672
1662,1638
1707,1646
1681,1628
1702,1672
1667,1635
1605,1616
1629,1606
1654,1622
1634,1603
1632,1609
1564,1596
1588,1582
1625,1547
1555,1533
1579,1552
1535,1558
1568,1529
1551,1538
1543,1537
1547,1529
1532,1514
1515,1501
1539,1527
1515,1492
1500,1485
1495,1509
1446,1486
1487,1445
1455,1448
1437,1428
1489,1438
1448,1412
1452,1437
1439,1402
1424,1430
1450,1451
1400,1401
1432,1437
1443,1412
1398,1431
1409,1447
1421,1404
1454,1457
1397,1428
1431,1459
1410,1385
1464,1457
1420,1434
1411,1471
1452,1428
1415,1472
1440,1484
1450,1472
1475,1463
1449,1443
1445,1468
1428,1471
1427,1501
1492,1528
1452,1542
1515,1545
1515,1517
1530,1553
1538,1527
1518,1511
1519,1601
1539,1561
1572,1591
1588,1581
1610,1568
1590,1600
1589,1610
1614,1603
1614,1621
1618,1654
1638,1662
1646,1631
1616,1653
1665,1668
1655,1622
1657,1658
1707,1668
1623,1678
1690,1667
1638,1672
1682,1683
1666,1657
1702,1715
1704,1688
1688,1679
1672,1685
1717,1636
1662,1688
1675,1663
1722,1674
1675,1662
1677,1660
1686,1634
1660,1618
1647,1646
1610,1607
1708,1649
1645,1617
1670,1622
1650,1590
1624,1617
1638,1610
1622,1612
1584,1588
1610,1601
1597,1549
1554,1580
1610,1546
1559,1542
1557,1493
1578,1521
1560,1510
1533,1502
1528,1493
1545,1489
1466,1510
1486,1480
1525,1422
1486,1469
1451,1488
1417,1495
1473,1491
1426,1470
1455,1456
1428,1448
1417,1471
1427,1432
1438,1433
1407,1437
1440,1446
1422,1466
1418,1424
1412,1428
1432,1420
1405,1467
1416,1432
1420,1476
1419,1425
1431,1422
1443,1460
1446,1464
1450,1465
1423,1457
1452,1499
1448,1455
1447,1478
1456,1479
1503,1534
1405,1490
1431,1554
1425,1499
1506,1499
1476,1518
1494,1527
1541,1559
1529,1528
1538,1555
1528,1556
1572,1592
1534,1630
1559,1626
1561,1595
1610,1608
1547,1583
1580,1613
1634,1599
1635,1596
1636,1651
1631,1616
1666,1668
1645,1631
1660,1642
1637,1616
1675,1633
1688,1665
1679,1667
1658,1667
1625,1671
1664,1657
1658,1654
1678,1671
1679,1689
1658,1616
1675,1658
1695,1674
1682,1661
1691,1644
1705,1687
1677,1638
1671,1640
1685,1637
1627,1659
1673,1628
1647,1624
1647,1616
1672,1613
1656,1627
1599,1607
1607,1581
1636,1588
1580,1589
1623,1581
1570,1568
1586,1557
1558,1562
1543,1504
1586,1535
1556,1547
1589,1535
1522,1486
1507,1490
1532,1469
1492,1486
1505,1472
1510,1457
1480,1497
1456,1508
1442,1479
1474,1471
1481,1438
1438,1444
1436,1435
1443,1513
1416,1424
1447,1417
1428,1426
1449,1421
1418,1451
1394,1424
1450,1441
1422,1438
1446,1442
1455,1453
1403,1418
1446,1441
1412,1463
1461,1423
1410,1435
1416,1493
1411,1438
1392,1452
1449,1489
1465,1490
1426,1476
1492,1506
1500,1438
1529,1517
1486,1535
1507,1527
1496,1505
1505,1526
1499,1563
1506,1549
1551,1545
1561,1540
1540,1573
1595,1548
1583,1568
1606,1566
1577,1610
1619,1574
1579,1610
1587,1599
1632,1619
1657,1641
1622,1615
1641,1635
1645,1698
1665,1669
1659,1670
1674,1656
1665,1624
1677,1655
1693,1674
1684,1644
1693,1675
1679,1653
1702,1657
1731,1657
1705,1636
1703,1674
1687,1657
1647,1639
1676,1615
1692,1624
1681,1647
1664,1627
1669,1598
1644,1626
1652,1650
1661,1626
1637,1598
1658,1581
1665,1573
1588,1627
1585,1577
1614,1632
1632,1592
1559,1570
1570,1583
1559,1573
1542,1537
1552,1556
1538,1533
1530,1543
1530,1530
1517,1523
1490,1523
1480,1484
1506,1489
1480,1477
1474,1470
1532,1495
1459,1488
1501,1490
1505,1450
1418,1425
1449,1473
1472,1468
1469,1457
1438,1432
1437,1458
1461,1432
1454,1459
1447,1436
1412,1431
1398,1400
1410,1454
1415,1406
1419,1446
1420,1413
1397,1488
1417,1453
1423,1470
1436,1460
1412,1445
1449,1449
1447,1474
1415,1469
1489,1496
1472,1508
1516,1486
1464,1470
1462,1526
1518,1555
1503,1524
1537,1554
1492,1540
1510,1523
1476,1538
1532,1564
1538,1552
1551,1599
1556,1602
1611,1575
1560,1577
1574,1589
1600,1609
1632,1636
1634,1621
1587,1612
1646,1632
1606,1628
1632,1649
1644,1674
1647,1642
1641,1638
1699,1634
1675,1620
1670,1667
1648,1668
1596,1669
1664,1665
1718,1638
1705,1666
1699,1682
1692,1649
1699,1668
1689,1650
1689,1643
1668,1647
1666,1653
1685,1625
1659,1653
1682,1643
1634,1649
1684,1656
1603,1646
1646,1639
1671,1602
1630,1575
1677,1612
1596,1582
1628,1560
1582,1568
1610,1565
1587,1528
1571,1536
1565,1512
1558,1555
1523,1543
1552,1525
1534,1536
1528,1529
1505,1478
1497,1480
1514,1494
1494,1464
1463,1484
1467,1462
1488,1466
1454,1469
1429,1487
1451,1477
1407,1466
1433,1483
1420,1418
1449,1454
1402,1421
1437,1442
1382,1456
1424,1441
1400,1447
1412,1425
1432,1477
1414,1455
1440,1461
1420,1437
1454,1435
1385,1425
1400,1456
1435,1454
1495,1474
1426,1503
1437,1471
1424,1496
1488,1445
1489,1505
1457,1505
1510,1483
1512,1518
1498,1529
1458,1496
1503,1537
1508,1565
1561,1566
1551,1553
1519,1581
1577,1555
1589,1548
1520,1581
1577,1563
1554,1591
1607,1611
1565,1620
1583,1620
1604,1614
1602,1620
1617,1624
1633,1641
1624,1638
1646,1673
1668,1647
1668,1651
1673,1631
1680,1682
1659,1638
1716,1642
1648,1642
1674,1671
1683,1662
1665,1615
1647,1656
1679,1658
1677,1643
1699,1684
1661,1641
1678,1644
1674,1654
1676,1626
1673,1624
1666,1634
1640,1599
1647,1634
1667,1583
1638,1589
1646,1571
1639,1599
1620,1557
1560,1573
1612,1542
1617,1606
1572,1561
1588,1566
1549,1557
1550,1508
1558,1545
1590,1527
1569,1548
1574,1514
1540,1513
1535,1517
1495,1482
1543,1460
1463,1478
1467,1464
1475,1449
1441,1480
1420,1467
1456,1471
1445,1477
1423,1457
1459,1458
1482,1459
1440,1450
1438,1444
1418,1449
1418,1433
1432,1486
1397,1414
1439,1435
1399,1427
1437,1428
1430,1470
1443,1434
1426,1453
1432,1442
1463,1453
1466,1486
1448,1501
1447,1468
1447,1458
1462,1478
1436,1466
1470,1501
1473,1488
1461,1478
1495,1508
1502,1546
1511,1532
1542,1527
1530,1559
1502,1540
1519,1567
1523,1536
1569,1607
1530,1605
1558,1593
1582,1574
1597,1611
1568,1592
1581,1600
1612,1618
1609,1616
1631,1623
1590,1647
1605,1626
1639,1603
1605,1656
1623,1667
1645,1669
1673,1650
1663,1674
1647,1650
1621,1628
1682,1658
1667,1652
1654,1632
1689,1643
1737,1641
1682,1655
1662,1687
1674,1690
1683,1715
1644,1665
1658,1638
1704,1654
1666,1657
1621,1615
1635,1598
1679,1624
1655,1622
1621,1608
1649,1615
1645,1639
1584,1578
1590,1574
1615,1600
1573,1595
1602,1554
1610,1565
1528,1550
1577,1501
1532,1522
1526,1534
1506,1525
1498,1511
1535,1466
1526,1502
1509,1483
1486,1482
1534,1470
1516,1488
1484,1494
1454,1456
1459,1468
1435,1493
1468,1447
1439,1437
1456,1447
1437,1443
1453,1471
1425,1453
1414,1457
1424,1407
1469,1432
1457,1430
1435,1449
1387,1429
1402,1417
1421,1459
1419,1437
1432,1449
1428,1454
1444,1437
1462,1474
1414,1503
1455,1439
1426,1474
1441,1476
1469,1463
1435,1507
1470,1507
1461,1487
1486,1503
1478,1516
1532,1535
1514,1524
1534,1506
1527,1553
1530,1560
1558,1565
1533,1552
1597,1597
1554,1572
1614,1592
1616,1604
1586,1594
1568,1617
1615,1618
1570,1622
1630,1626
1648,1624
1610,1585
1623,1626
1592,1635
1640,1630
1639,1636
1641,1637
1644,1660
1664,1683
1657,1652
1659,1646
1686,1663
1668,1672
1677,1665
1673,1622
1680,1665
1664,1663
1660,1648
1659,1650
1667,1647
1676,1626
1635,1612
1677,1614
1653,1609
1655,1630
1631,1596
1612,1631
1612,1584
1633,1601
1648,1618
1610,1591
1595,1615
1579,1588
1598,1601
1585,1572
1565,1567
1554,1546
1543,1553
1534,1542
1567,1515
1535,1503
1540,1493
1493,1528
1513,1509
1487,1507
1517,1479
1479,1496
1506,1451
1509,1467
1492,1448
1484,1451
1438,1461
1452,1445
1468,1454
1476,1452
1459,1455
1458,1434
1422,1462
1404,1441
1479,1433
1393,1429
1443,1464
1433,1442
1439,1428
1420,1462
1448,1439
1443,1421
1420,1439
1431,1473
1429,1465
1459,1497
1484,1491
1486,1456
1451,1461
1457,1502
1502,1489
1462,1545
1526,1480
1484,1480
1452,1520
1471,1540
1471,1506
1502,1524
1491,1557
1535,1531
1479,1512
1525,1576
1554,1557
1528,1587
1578,1613
1576,1635
1571,1590
1585,1621
1610,1634
1599,1625
1636,1613
1648,1643
1554,1625
1653,1615
1627,1613
1639,1610
1611,1660
1649,1633
1688,1687
1678,1659
1665,1665
1678,1649
1656,1667
1710,1637
1665,1618
1671,1688
1696,1688
1676,1658
1665,1664
1687,1629
1712,1692
1665,1639
1673,1622
1665,1629
1662,1632
1661,1627
1624,1621
1698,1640
1637,1616
1632,1616
1589,1597
1626,1600
1607,1601
1615,1567
1583,1579
1611,1570
1577,1572
1528,1554
1601,1565
1544,1573
1542,1505
1589,1526
1508,1525
1510,1464
1505,1500
1514,1468
1516,1467
1527,1491
1516,1499
1500,1479
1497,1477
1475,1471
1482,1424
1433,1426
1437,1477
1443,1442
1444,1462
1421,1438
1433,1423
1435,1441
1432,1414
1390,1447
1436,1447
1431,1475
1395,1417
1411,1418
1466,1473
1417,1464
1415,1439
1411,1471
1440,1432
1432,1418
1453,1435
1423,1482
1435,1459
1449,1499
1463,1473
1467,1440
1455,1515
1503,1502
1503,1497
1502,1523
1525,1536
1516,1563
1518,1530
1541,1575
1539,1547
1500,1544
1561,1552
1547,1564
1559,1542
1563,1594
1581,1607
1596,1589
1613,1615
1594,1620
1583,1639
1625,1630
1592,1588
1616,1629
1604,1670
1634,1617
1660,1690
1628,1654
1639,1608
1663,1703
1623,1634
1615,1657
1685,1681
1665,1674
1691,1660
1679,1690
1652,1635
1691,1633
1664,1639
1670,1681
1675,1623
1641,1672
1682,1652
1687,1661
1654,1672
1649,1618
1647,1644
1640,1658
1626,1616
1640,1631
1653,1626
1643,1553
1640,1573
1607,1559
1592,1641
1635,1566
1609,1538
1579,1574
1566,1538
1539,1552
1549,1568
1549,1512
1567,1517
1494,1537
1543,1528
1518,1476
1491,1506
1539,1493
1525,1460
1489,1483
1514,1461
1476,1478
1476,1476
1485,1452
1472,1440
1454,1439
1422,1459
1421,1455
1453,1434
1467,1429
1439,1446
1436,1454
1466,1432
1409,1439
1420,1448
1430,1445
1433,1455
1411,1459
1400,1456
1424,1431
1442,1435
1392,1442
1432,1431
1450,1449
1412,1480
1449,1478
1447,1489
1473,1485
1446,1442
1463,1469
1442,1507
1521,1508
1497,1498
1542,1472
1487,1533
1496,1484
1500,1511
1529,1553
1503,1557
1573,1567
1563,1557
1552,1590
1556,1570
1580,1603
1587,1613
1582,1612
1591,1621
1587,1606
1606,1638
1657,1640
1629,1625
1621,1614
1661,1625
1634,1626
1641,1671
1690,1676
1624,1688
1608,1670
1622,1635
1659,1677
1682,1662
1689,1695
1695,1655
1690,1648
1683,1638
1633,1649
1704,1617
1699,1658
1663,1654
1666,1644
1651,1636
1667,1626
1635,1613
1688,1601
1618,1626
1639,1604
1647,1594
1672,1611
1654,1609
1623,1603
1609,1537
1611,1566
1580,1578
1565,1602
1606,1554
1616,1548
1555,1535
1557,1564
1520,1518
1544,1540
1532,1535
1555,1542
1511,1487
1517,1508
1534,1520
1532,1469
1504,1494
1448,1477
1438,1468
1486,1459
1462,1466
1457,1465
1472,1440
1429,1435
1456,1455
1449,1452
1457,1462
1412,1465
1430,1411
1442,1441
1402,1442
1418,1444
1448,1429
1442,1473
1455,1446
1432,1444
1415,1460
1414,1467
1457,1441
1445,1451
1471,1475
1460,1473
1464,1508
1465,1512
1472,1500
1455,1485
1463,1522
1484,1541
1514,1499
1497,1490
1454,1536
1482,1527
1536,1552
1515,1510
1545,1545
1515,1542
1533,1579
1585,1586
1556,1618
1576,1605
1587,1570
1581,1583
1576,1563
1641,1593
1594,1614
1609,1643
1604,1629
1603,1637
1685,1636
1633,1643
1636,1644
1670,1640
1631,1633
1645,1672
1645,1664
1632,1653
1698,1642
1651,1636
1646,1645
1656,1673
1666,1651
1687,1658
1671,1658
1656,1631
1656,1637
1667,1650
1676,1670
1649,1626
1623,1624
1617,1629
1666,1627
1606,1622
1627,1611
1611,1599
1669,1635
1676,1589
1577,1563
1626,1591
1637,1575
1567,1573
1596,1574
1576,1534
1574,1571
1542,1538
1550,1534
1513,1545
1520,1518
1507,1522
1536,1493
1519,1501
1512,1482
1534,1492
1479,1480
1499,1464
1472,1461
1455,1437
1471,1425
1428,1458
1478,1454
1476,1476
1419,1450
1445,1475
1464,1439
1417,1465
1424,1430
1439,1446
1420,1426
1439,1461
1428,1452
1443,1412
1391,1456
1386,1443
1431,1444
1431,1486
1445,1474
1418,1471
1423,1479
1437,1472
1463,1497
1450,1503
1439,1478
1452,1524
1467,1495
1468,1520
1468,1482
1476,1514
1457,1494
1524,1512
1490,1543
1525,1559
1539,1547
1526,1531
1524,1559
1554,1594
1547,1587
1526,1586
1588,1597
1595,1571
1592,1625
1562,1624
1648,1596
1593,1651
1604,1634
1630,1668
1607,1642
1660,1610
1599,1663
1648,1637
1651,1623
1650,1631
1677,1675
1631,1667
1694,1659
1647,1656
1692,1675
1636,1653
1705,1627
1646,1661
1663,1661
1656,1640
1660,1653
1660,1621
1675,1662
1659,1672
1687,1681
1649,1625
1639,1643
1660,1621
1639,1611
1614,1628
1612,1630
1603,1611
1594,1585
1587,1596
1640,1579
1584,1587
1621,1578
1563,1549
1599,1568
1543,1557
1574,1524
1536,1537
1512,1469
1557,1536
1499,1550
1517,1532
1504,1542
1499,1476
1475,1472
1500,1472
1460,1452
1525,1445
1513,1469
1464,1486
1426,1465
1480,1447
1404,1474
1481,1434
1430,1457
1409,1441
1429,1426
1409,1429
1381,1476
1406,1443
1440,1444
1405,1471
1431,1422
1429,1421
1423,1472
1431,1463
1407,1495
1431,1455
1470,1484
1449,1486
1436,1442
1456,1478
1399,1462
1439,1497
1467,1509
1477,1504
1498,1487
1467,1509
1501,1499
1522,1552
1498,1505
1533,1527
1487,1553
1538,1510
1470,1566
1524,1581
1552,1549
1578,1541
1562,1582
1598,1588
1558,1581
1575,1596
1601,1621
1620,1636
1583,1634
1629,1596
1625,1643
1631,1605
1660,1621
1644,1638
1624,1634
1659,1658
1643,1618
1644,1662
1659,1668
1665,1653
1712,1650
1634,1648
1684,1649
1671,1661
1641,1683
1679,1653
1688,1668
1703,1609
1660,1634
1698,1641
1662,1633
1645,1625
1655,1648
1686,1641
1683,1625
1666,1621
1581,1583
1633,1624
1669,1608
1622,1560
1616,1598
1563,1577
1619,1568
1607,1545
1544,1548
1603,1572
1542,1547
1583,1569
1543,1545
1553,1568
1526,1499
1526,1505
1502,1488
1493,1484
1492,1513
1467,1500
1523,1471
1473,1501
1497,1453
1469,1497
1473,1449
1466,1443
1456,1465
1427,1458
1423,1442
1428,1450
1424,1460
1441,1429
1447,1447
1471,1425
1415,1453
1435,1433
1392,1425
1406,1421
1435,1436
1445,1456
1427,1445
1405,1474
1456,1466
1414,1469
1482,1494
1450,1483
1466,1472
1419,1492
1491,1508
1451,1445
1453,1496
1473,1510
1480,1500
1473,1509
1500,1524
1489,1491
1472,1526
1507,1547
1532,1525
1515,1560
1535,1558
1587,1552
1568,1535
1532,1573
1560,1571
1568,1623
1578,1589
1590,1619
1600,1616
1575,1623
1618,1676
1618,1618
1665,1661
1659,1624
1668,1665
1668,1613
1670,1647
1663,1653
1652,1657
1652,1660
1676,1661
1695,1652
1639,1712
1675,1667
1658,1654
1648,1655
1686,1620
1709,1671
1705,1620
1664,1651
1675,1633
1665,1602
1678,1643
1665,1667
1672,1626
1655,1622
1639,1603
1648,1648
1607,1597
1657,1604
1619,1600
1632,1565
1629,1559
1573,1540
1623,1572
1596,1562
1608,1564
1547,1533
1558,1522
1569,1547
1521,1529
1500,1508
1536,1510
1509,1500
1514,1486
1506,1478
1525,1486
1519,1471
1436,1472
1485,1471
1443,1462
1468,1456
1450,1429
1456,1449
1429,1468
1468,1441
1437,1457
1422,1469
1412,1430
1370,1463
1460,1431
1424,1486
1433,1417
1409,1463
1432,1421
1452,1456
1386,1416
1441,1467
1433,1447
1417,1453
1427,1427
1440,1455
1446,1452
1431,1448
1466,1478
1482,1477
1459,1519
1485,1489
1496,1515
1450,1497
1501,1508
1546,1528
1469,1523
1518,1526
1512,1599
1548,1524
1515,1554
1566,1566
1569,1563
1540,1586
1595,1573
1575,1609
1566,1592
1586,1601
1645,1583
1587,1583
1608,1627
1614,1617
1639,1619
1653,1679
1647,1648
1629,1676
1661,1609
1694,1649
1652,1644
1669,1660
1656,1693
1650,1666
1677,1688
1702,1642
1689,1709
1654,1632
1710,1641
1690,1633
1653,1630
1674,1675
1644,1670
1659,1652
1639,1653
1643,1631
1658,1627
1644,1613
1688,1674
1647,1655
1608,1605
1626,1590
1620,1590
1571,1595
1650,1586
1637,1601
1608,1604
1566,1577
1554,1553
1561,1526
1592,1533
1587,1546
1510,1527
1533,1517
1553,1517
1507,1512
1557,1494
1502,1484
1537,1478
1487,1493
1498,1486
1462,1479
1429,1495
1492,1426
1460,1464
1456,1460
1438,1451
1419,1467
1440,1494
1462,1448
1431,1420
1417,1421
1402,1429
1415,1411
1457,1397
1417,1454
1402,1454
1395,1423
1412,1489
1410,1433
1414,1444
1399,1444
1391,1464
1474,1463
1430,1442
1446,1497
1434,1488
1466,1510
1504,1503
1464,1491
1514,1494
1445,1454
1518,1502
1467,1495
1515,1544
1531,1530
1500,1544
1487,1555
1547,1578
1528,1571
1528,1557
1522,1539
1540,1571
1553,1576
1601,1553
1571,1645
1602,1599
1588,1567
1595,1641
1592,1615
1578,1657
1616,1670
1630,1656
1667,1632
1633,1630
1675,1668
1620,1630
1677,1647
1657,1649
1678,1663
1689,1651
1685,1652
1684,1655
1691,1653
1683,1705
1678,1636
1712,1671
1655,1684
1715,1652
1658,1638
1676,1677
1631,1618
1691,1648
1660,1639
1689,1639
1677,1616
1635,1591
1636,1589
1623,1603
1643,1599
1607,1558
1619,1582
1570,1569
1616,1568
1608,1557
1578,1576
1582,1582
1532,1522
1591,1501
1574,1525
1541,1477
1484,1488
1478,1502
1506,1490
1479,1480
1511,1476
1480,1472
1519,1467
1465,1477
1461,1482
1439,1470
1489,1436
1451,1465
1398,1458
1400,1481
1452,1404
1430,1436
1430,1441
1415,1457
1421,1435
1416,1442
1398,1418
1430,1453
1398,1450
1438,1453
1427,1419
1444,1424
1460,1432
1442,1434
1430,1440
1391,1406
1425,1455
1435,1452
1452,1491
1420,1472
1466,1459
1479,1457
1475,1487
1470,1490
1507,1520
1481,1553
1485,1502
1527,1514
1497,1543
1495,1512
1553,1553
1529,1539
1559,1555
1571,1551
1553,1587
1570,1563
1607,1587
1571,1623
1608,1595
1601,1606
1633,1652
1631,1612
1634,1625
1674,1645
1628,1655
1660,1639
1637,1654
1655,1673
1658,1653
1651,1680
1665,1690
1683,1656
1716,1687
1677,1662
1707,1682
1734,1670
1682,1659
1690,1678
1724,1647
1659,1658
1681,1689
1673,1693
1649,1653
1630,1657
1660,1641
1629,1652
1686,1583
1674,1628
1634,1603
1708,1603
1623,1597
1645,1603
1606,1605
1644,1569
1674,1572
1604,1567
1538,1574
1607,1567
1547,1535
1537,1539
1581,1512
1525,1524
1511,1504
1510,1479
1528,1537
1562,1505
1489,1497
1507,1445
1479,1462
1493,1494
1477,1474
1491,1462
1484,1487
1475,1423
1440,1478
1447,1461
1454,1422
1426,1433
1449,1450
1436,1440
1395,1414
1426,1425
1415,1439
1428,1462
1384,1445
1438,1462
1443,1477
1387,1428
1412,1414
1421,1433
1434,1430
1419,1456
1406,1448
1434,1440
1446,1483
1446,1457
1466,1466
1452,1490
1490,1512
1500,1503
1454,1462
1511,1567
1468,1488
1504,1497
1553,1507
1535,1527
1518,1569
1511,1522
1482,1549
1550,1567
1574,1581
1577,1606
1581,1580
1587,1632
1584,1599
1623,1649
1588,1610
1604,1629
1592,1636
1590,1624
1617,1636
1634,1644
1647,1644
1637,1646
1682,1676
1672,1660
1692,1673
1653,1674
1673,1676
1716,1675
1696,1668
1701,1689
1684,1686
1714,1623
1656,1657
1682,1658
1659,1704
1706,1654
1675,1652
1659,1688
1694,1642
1623,1690
1669,1606
1650,1600
1637,1636
1673,1615
1645,1613
1641,1559
1668,1621
1630,1594
1600,1572
1588,1558
1596,1573
1591,1553
1583,1574
1573,1573
1588,1559
1619,1554
1552,1538
1535,1555
1522,1498
1509,1558
1537,1497
1525,1487
1497,1485
1495,1478
1464,1475
1473,1456
1469,1485
1471,1410
1477,1439
1424,1444
1439,1446
1449,1452
1398,1454
1426,1420
1457,1402
1403,1451
1434,1437
1401,1449
1420,1411
1417,1430
1398,1404
1421,1399
1439,1476
1396,1435
1413,1457
1420,1429
1423,1436
1414,1459
1451,1448
1417,1462
1430,1492
1455,1460
1427,1470
1477,1506
1482,1478
1458,1520
1476,1504
1485,1510
1532,1521
1545,1546
1509,1544
1487,1560
1551,1544
1581,1586
1541,1566
1573,1567
1557,1573
1548,1597
1599,1621
1638,1597
1562,1610
1604,1627
1634,1608
1636,1642
1630,1638
1683,1606
1655,1660
1701,1635
1664,1653
1609,1655
1653,1652
1667,1666
1663,1669
1680,1685
1680,1694
1672,1699
1709,1713
1711,1657
1677,1681
1697,1649
1659,1676
1707,1652
1736,1673
1657,1647
1659,1688
1671,1637
1706,1672
1649,1624
1649,1627
1663,1647
1652,1596
1648,1606
1631,1582
1589,1594
1608,1575
1634,1561
1616,1538
1559,1566
1568,1569
1536,1559
1556,1547
1590,1516
1530,1521
1563,1492
1522,1518
1541,1467
1503,1517
1555,1478
1501,1506
1517,1491
1517,1470
1476,1460
1475,1462
1428,1461
1482,1461
1414,1442
1442,1443
1389,1424
1466,1456
1410,1411
1419,1433
1395,1433
1430,1426
1395,1398
1412,1438
1394,1434
1415,1400
1416,1437
1373,1399
1416,1431
1386,1429
1413,1426
1430,1467
1426,1446
1407,1448
1432,1468
1455,1475
1448,1504
1437,1490
1432,1510
1427,1485
1483,1500
1453,1485
1492,1506
1484,1541
1505,1515
1504,1557
1560,1519
1541,1538
1535,1547
1546,1581
1576,1570
1537,1587
1515,1602
1563,1612
1608,1575
1592,1602
1630,1582
1632,1588
1614,1633
1632,1614
1651,1636
1633,1655
1615,1634
1647,1679
1678,1662
1646,1686
1668,1665
1684,1694
1730,1659
1727,1636
1693,1671
1694,1639
1695,1671
1728,1648
1668,1635
1683,1687
1676,1701
1708,1675
1686,1637
1696,1645
1698,1659
1695,1660
1658,1644
1680,1658
1651,1628
1657,1606
1660,1609
1651,1577
1623,1595
1639,1602
1633,1605
1606,1619
1611,1596
1576,1569
1585,1553
1564,1545
1557,1580
1576,1518
1571,1527
1560,1508
1518,1516
1537,1507
1506,1493
1538,1484
1461,1501
1475,1504
1476,1479
1447,1478
1474,1463
1464,1472
1443,1455
1441,1423
1476,1443
1428,1450
1413,1449
1412,1395
1424,1415
1410,1409
1432,1439
1395,1431
1437,1412
1455,1444
1433,1408
1403,1437
1399,1439
1387,1421
1399,1439
1418,1438
1439,1431
1427,1420
1392,1440
1432,1485
1447,1478
1417,1492
1428,1486
1442,1490
1431,1474
1446,1539
1473,1501
1501,1545
1523,1515
1486,1520
1489,1546
1492,1553
1509,1549
1520,1542
1551,1537
1518,1556
1573,1616
1549,1569
1577,1594
1584,1616
1607,1624
1625,1591
1610,1597
1636,1635
1647,1623
1629,1639
1646,1657
1641,1671
1696,1659
1681,1676
1646,1670
1650,1666
1654,1691
1700,1658
1656,1700
1688,1666
1680,1651
1650,1662
1696,1651
1695,1669
1676,1657
1683,1702
1657,1656
1681,1664
1700,1659
1660,1625
1676,1621
1664,1614
1667,1630
1628,1638
1689,1626
1633,1624
1651,1594
1634,1620
1629,1579
1632,1592
1616,1572
1587,1578
1631,1543
1581,1557
1545,1527
1541,1539
1599,1545
1553,1484
1550,1519
1521,1515
1554,1507
1554,1488
1512,1468
1501,1494
1490,1487
1476,1464
1453,1459
1467,1485
1490,1493
1461,1443
1452,1425
1449,1409
1457,1442
1458,1416
1417,1390
1399,1434
1374,1404
1433,1432
1424,1435
1400,1419
1365,1432
1407,1447
1434,1371
1397,1395
1364,1463
1434,1443
1409,1444
1433,1403
1441,1468
1425,1451
1432,1421
1444,1480
1398,1464
1422,1508
1433,1473
1469,1496
1465,1500
1473,1474
1490,1531
1484,1524
1488,1531
1515,1557
1534,1570
1487,1548
1538,1570
1523,1543
1528,1576
1540,1556
1586,1584
1554,1602
1577,1597
1593,1615
1655,1634
1614,1660
1691,1634
1608,1638
1649,1648
1648,1686
1635,1621
1654,1641
1677,1654
1678,1653
1687,1658
1709,1738
1702,1695
1701,1684
1690,1706
1702,1663
1684,1694
1663,1665
1694,1672
1692,1695
1680,1717
1657,1649
1715,1702
1726,1641
1649,1683
1692,1619
1662,1636
1677,1647
1673,1659
1662,1630
1613,1601
1646,1628
1629,1607
1597,1621
1636,1612
1618,1581
1594,1560
1574,1555
1587,1586
1615,1554
1582,1571
1567,1540
1575,1509
1530,1557
1560,1473
1483,1513
1534,1504
1512,1508
1511,1463
1473,1437
1462,1457
1446,1443
1452,1468
1447,1436
1420,1443
1413,1421
1448,1448
1414,1424
1415,1439
1425,1424
1417,1391
1415,1421
1429,1425
1400,1437
1437,1424
1414,1393
1405,1424
1419,1432
1407,1425
1413,1469
1387,1448
1396,1456
1389,1422
1423,1475
1422,1442
1444,1461
1404,1477
1402,1458
1420,1471
1429,1506
1455,1482
1481,1476
1443,1476
1470,1534
1486,1526
1481,1505
1528,1512
1511,1530
1490,1597
1522,1571
1533,1551
1579,1570
1545,1560
1560,1616
1554,1604
1595,1632
1602,1610
1601,1631
1608,1642
1606,1623
1614,1642
1643,1597
1636,1624
1664,1636
1673,1670
1665,1685
1676,1680
1641,1678
1690,1673
1702,1706
1688,1694
1656,1670
1690,1680
1751,1659
1752,1680
1685,1672
1701,1647
1699,1652
1744,1689
1708,1655
1736,1665
1681,1689
1689,1657
1673,1651
1665,1659
1676,1641
1627,1655
1660,1615
1665,1635
1621,1595
1637,1595
1620,1594
1597,1588
1626,1591
1627,1562
1593,1556
1533,1542
1560,1542
1560,1536
1538,1538
1508,1517
1476,1502
1515,1498
1516,1503
1523,1491
1502,1468
1445,1443
1466,1451
1487,1472
1457,1440
1466,1472
1459,1430
1426,1449
1456,1432
1436,1462
1432,1427
1442,1392
1380,1425
1405,1418
1434,1401
1407,1401
1391,1404
1385,1401
1401,1414
1419,1430
1414,1408
1416,1417
1410,1412
1411,1452
1418,1476
1444,1450
1398,1429
1429,1466
1447,1484
1435,1446
1433,1442
1450,1478
1503,1499
1491,1489
1454,1478
1509,1525
1515,1530
1468,1538
1487,1526
1562,1536
1532,1588
1535,1573
1567,1581
1522,1568
1563,1579
1578,1603
1582,1595
1601,1626
1579,1626
1630,1643
1577,1630
1655,1613
1598,1650
1618,1678
1646,1641
1666,1647
1636,1640
1686,1681
1692,1629
1677,1639
1667,1670
1663,1663
1656,1675
1692,1676
1713,1650
1707,1698
1685,1653
1672,1691
1700,1655
1719,1656
1652,1647
1718,1637
1668,1664
1689,1689
1655,1622
1698,1639
1671,1626
1650,1656
1604,1604
1650,1580
1639,1598
1629,1623
1621,1617
1603,1607
1597,1556
1610,1534
1610,1596
1572,1591
1561,1534
1566,1518
1523,1532
1570,1501
1539,1528
1536,1518
1550,1484
1502,1498
1524,1517
1435,1487
1464,1466
1467,1492
1427,1481
1446,1454
1456,1432
1432,1442
1412,1447
1431,1452
1429,1431
1430,1427
1423,1433
1441,1394
1372,1437
1424,1423
1428,1445
1392,1431
1429,1409
1374,1457
1409,1429
1399,1407
1426,1432
1396,1428
1421,1428
1388,1412
1416,1434
1395,1447
1462,1456
1414,1443
1459,1446
1444,1476
1508,1492
1445,1481
1470,1507
1452,1509
1456,1533
1457,1500
1491,1535
1558,1537
1518,1549
1537,1557
1575,1566
1545,1573
1613,1556
1584,1598
1603,1596
1562,1589
1627,1665
1592,1656
1628,1642
1600,1640
1611,1623
1619,1644
1645,1646
1656,1686
1647,1674
1668,1690
1709,1682
1689,1648
1706,1695
1693,1717
1691,1698
1731,1660
1676,1678
1666,1686
1688,1666
1676,1658
1686,1724
1684,1668
1728,1632
1696,1656
1676,1683
1711,1674
1703,1637
1676,1654
1665,1642
1677,1691
1654,1620
1638,1650
1621,1641
1654,1617
1647,1596
1615,1582
1638,1564
1607,1570
1609,1605
1588,1608
1592,1536
1569,1536
1545,1595
1573,1517
1530,1514
1539,1518
1523,1548
1535,1493
1552,1497
1485,1471
1485,1477
1483,1451
1458,1447
1457,1457
1446,1413
1450,1417
1471,1425
1434,1426
1448,1395
1380,1420
1404,1449
1396,1402
1429,1400
1364,1412
1409,1406
1333,1427
1404,1426
1371,1399
1403,1423
1391,1380
1340,1411
1407,1414
1404,1415
1421,1440
1440,1423
1399,1425
1406,1470
1423,1469
1457,1469
1445,1449
1455,1475
1452,1479
1430,1505
1462,1522
1436,1520
1476,1502
1461,1535
1515,1572
1516,1543
1511,1553
1517,1558
1534,1555
1544,1581
1595,1579
1579,1580
1582,1597
1622,1633
1593,1609
1616,1612
1607,1651
1636,1681
1642,1656
1683,1673
1702,1673
1642,1660
1638,1635
1674,1675
1675,1645
1655,1683
1636,1688
1676,1688
1740,1678
1719,1680
1705,1665
1694,1707
1709,1708
1714,1654
1733,1668
1682,1688
1690,1689
1698,1679
1734,1692
1695,1671
1685,1663
1675,1656
1673,1621
1727,1616
1708,1619
1654,1595
1635,1650
1645,1612
1628,1617
1641,1606
1621,1615
1634,1584
1591,1577
1589,1584
1593,1540
1606,1569
1532,1549
1564,1529
1525,1528
1524,1525
1542,1499
1487,1522
1516,1491
1535,1484
1540,1466
1472,1466
1479,1455
1449,1464
1441,1465
1462,1435
1461,1421
1453,1419
1366,1448
1370,1434
1430,1417
1410,1389
1386,1437
1435,1415
1405,1380
1401,1379
1385,1423
1413,1420
1375,1442
1408,1427
1381,1381
1464,1382
1429,1448
1394,1451
1407,1403
1437,1447
1441,1436
1392,1450
1392,1473
1410,1502
1447,1485
1485,1475
1428,1473
1462,1521
1473,1484
1484,1544
1496,1516
1535,1520
1523,1528
1538,1508
1539,1563
1517,1578
1573,1588
1573,1589
1591,1604
1570,1641
1599,1632
1609,1646
1610,1619
1656,1626
1627,1642
1656,1652
1707,1663
1671,1686
1610,1663
1660,1641
1648,1667
1692,1645
1712,1678
1689,1677
1694,1649
1680,1692
1707,1654
1678,1717
1675,1693
1745,1696
1705,1703
1701,1665
1753,1688
1729,1670
1692,1675
1674,1681
1708,1653
1710,1657
1704,1647
1693,1643
1702,1625
1664,1626
1637,1629
1676,1617
1668,1600
1616,1613
1629,1601
1589,1566
1592,1584
1612,1565
1567,1548
1599,1553
1569,1524
1546,1542
1553,1534
1552,1524
1523,1500
1550,1489
1513,1519
1497,1491
1523,1500
1524,1446
1447,1468
1453,1478
1448,1445
1444,1444
1434,1450
1462,1403
1441,1384
1407,1458
1391,1453
1440,1401
1434,1393
1384,1424
1422,1377
1373,1412
1369,1408
1437,1392
1427,1403
1430,1436
1402,1408
1424,1423
1361,1412
1380,1426
1431,1445
1437,1457
1387,1430
1406,1491
1411,1418
1454,1460
1428,1478
1430,1451
1449,1477
1459,1519
1440,1521
1467,1526
1501,1511
1461,1485
1454,1545
1522,1559
1540,1554
1555,1573
1571,1541
1571,1593
1583,1605
1594,1612
1602,1594
1615,1605
1640,1612
1615,1631
1591,1642
1621,1639
1640,1661
1643,1644
1660,1649
1656,1669
1669,1674
1690,1724
1690,1664
1654,1675
1696,1676
1738,1691
1691,1687
1714,1676
1744,1689
1723,1667
1736,1678
1760,1674
1730,1699
1729,1693
1721,1680
1710,1675
1707,1673
1700,1636
1699,1637
1661,1669
1660,1663
1671,1605
1666,1650
1662,1670
1639,1622
1643,1589
1603,1584
1628,1582
1644,1589
1599,1594
1618,1571
1570,1530
1570,1544
1543,1512
1564,1520
1569,1529
1567,1505
1524,1516
1546,1530
1543,1516
1518,1490
1516,1487
1503,1434
1482,1440
1456,1426
1467,1452
1434,1419
1432,1435
1402,1401
1433,1407
1373,1419
1434,1393
1426,1423
1412,1418
1383,1409
1351,1424
1383,1394
1401,1380
1395,1422
1418,1399
1419,1420
1396,1434
1394,1400
1394,1446
1378,1426
1398,1425
1440,1392
1427,1435
1386,1437
1397,1492
1397,1453
1470,1486
1464,1489
1465,1467
1445,1496
1498,1501
1476,1503
1480,1533
1513,1525
1483,1536
1514,1555
1567,1587
1515,1532
1570,1556
1562,1575
1575,1576
1609,1572
1606,1614
1567,1622
1604,1613
1587,1625
1630,1626
1618,1626
1671,1670
1669,1663
1695,1644
1665,1678
1692,1654
1677,1664
1664,1702
1659,1711
1722,1651
1706,1692
1727,1720
1671,1677
1692,1707
1674,1687
1717,1681
1726,1683
1736,1694
1705,1662
1686,1678
1698,1670
1670,1652
1656,1696
1654,1654
1672,1649
1666,1650
1653,1637
1668,1662
1681,1624
1626,1619
1685,1616
1645,1614
1593,1584
1605,1616
1563,1587
1583,1557
1583,1565
1592,1558
1590,1507
1553,1529
1597,1565
1568,1533
1540,1495
1532,1484
1542,1478
1474,1482
1499,1455
1511,1464
1482,1458
1442,1458
1427,1437
1460,1397
1390,1420
1440,1451
1457,1451
1396,1417
1407,1403
1462,1409
1404,1409
1385,1410
1370,1406
1421,1416
1418,1401
1384,1445
1425,1369
1401,1432
1358,1431
1370,1468
1363,1399
1419,1429
1376,1447
1392,1410
1408,1469
1438,1429
1414,1465
1439,1472
1437,1454
1463,1457
1470,1509
1429,1477
1446,1505
1479,1498
1484,1523
1503,1548
1500,1500
1534,1560
1495,1543
1542,1585
1564,1606
1559,1566
1591,1590
1610,1615
1576,1642
1622,1629
1618,1613
1634,1621
1634,1666
1627,1634
1636,1649
1638,1637
1641,1664
1670,1664
1661,1693
1676,1666
1677,1674
1709,1661
1696,1686
1730,1732
1717,1686
1701,1693
1700,1690
1715,1677
1725,1712
1710,1715
1690,1688
1719,1668
1722,1700
1688,1670
1687,1665
1708,1664
1654,1637
1686,1640
1643,1664
1673,1626
1679,1678
1677,1626
1687,1607
1654,1606
1642,1629
1628,1602
1624,1576
1650,1599
1606,1580
1546,1567
1610,1557
1592,1570
1574,1508
1540,1530
1512,1532
1539,1488
1503,1486
1500,1483
1456,1482
1481,1482
1469,1460
1483,1445
1445,1452
1458,1422
1419,1455
1436,1406
1439,1418
1431,1440
1417,1459
1405,1427
1421,1412
1407,1407
1419,1436
1353,1399
1379,1391
1393,1430
1398,1424
1387,1398
1365,1453
1392,1454
1398,1453
1381,1430
1378,1419
1376,1448
1406,1437
1411,1451
1390,1426
1409,1471
1446,1427
1468,1471
1408,1463
1411,1493
1477,1461
1485,1528
1481,1533
1474,1539
1502,1529
1509,1578
1537,1569
1562,1540
1542,1567
1500,1573
1570,1570
1587,1628
1586,1635
1594,1587
1636,1624
1574,1623
1635,1661
1617,1630
1624,1666
1675,1684
1652,1667
1675,1652
1670,1665
1696,1664
1663,1652
1684,1670
1687,1702
1705,1674
1655,1683
1719,1693
1705,1691
1708,1708
1717,1688
1695,1697
1696,1715
1736,1696
1705,1676
1668,1668
1709,1708
1697,1667
1688,1629
1735,1679
1681,1639
1727,1647
1663,1634
1679,1670
1642,1632
1660,1632
1689,1593
1674,1582
1639,1584
1636,1584
1601,1596
1582,1553
1583,1537
1562,1557
1581,1555
1570,1531
1532,1524
1558,1492
1541,1493
1503,1524
1497,1523
1482,1458
1474,1443
1455,1459
1489,1418
1470,1478
1424,1451
1407,1433
1436,1465
1411,1433
1415,1427
1422,1425
1392,1400
1435,1412
1371,1386
1410,1402
1377,1361
1378,1432
1350,1365
1403,1432
1381,1424
1387,1370
1389,1421
1389,1356
1405,1421
1398,1397
1394,1457
1397,1443
1398,1439
1425,1508
1430,1445
1474,1474
1455,1425
1444,1478
1491,1499
1488,1521
1502,1511
1451,1504
1461,1486
1531,1538
1518,1527
1541,1532
1545,1591
1523,1549
1532,1564
1599,1582
1560,1590
1573,1599
1588,1617
1592,1628
1661,1628
1634,1626
1629,1622
1625,1657
1645,1657
1671,1628
1623,1667
1664,1636
1678,1625
1684,1699
1697,1689
1708,1685
1697,1679
1722,1706
1722,1708
1711,1653
1712,1688
1713,1711
1691,1725
1690,1672
1724,1700
1697,1710
1666,1676
1721,1686
1673,1676
1688,1654
1670,1655
1671,1639
1721,1668
1698,1609
1712,1644
1671,1635
1655,1618
1620,1623
1627,1596
1651,1594
1592,1606
1619,1540
1614,1508
1588,1549
1560,1546
1611,1516
1536,1494
1546,1527
1530,1505
1509,1513
1503,1500
1518,1499
1504,1504
1493,1483
1443,1476
1428,1416
1504,1452
1460,1424
1445,1435
1432,1410
1433,1450
1427,1411
1380,1397
1372,1420
1402,1426
1441,1413
1385,1427
1405,1416
1387,1399
1372,1430
1350,1429
1407,1432
1363,1410
1391,1413
1392,1442
1387,1442
1352,1426
1380,1423
1440,1434
1369,1457
1448,1422
1430,1459
1442,1468
1422,1451
1451,1458
1469,1479
1451,1460
1462,1536
1472,1510
1546,1542
1499,1539
1528,1551
1529,1563
1514,1538
1532,1573
1554,1571
1511,1565
1583,1577
1568,1572
1593,1608
1609,1641
1643,1615
1608,1635
1623,1628
1655,1658
1639,1635
1699,1682
1700,1707
1673,1697
1696,1660
1701,1682
1683,1653
1692,1670
1676,1691
1710,1646
1700,1719
1713,1686
1711,1694
1714,1682
1712,1701
1738,1690
1725,1683
1725,1665
1723,1678
1736,1682
1693,1652
1692,1657
1683,1671
1632,1627
1657,1636
1647,1629
1712,1610
1662,1652
1703,1625
1651,1597
1596,1591
1606,1576
1648,1586
1626,1568
1587,1516
1577,1547
1540,1570
1558,1525
1544,1542
1522,1524
1542,1524
1540,1483
1528,1526
1510,1489
1464,1454
1464,1414
1455,1452
1444,1455
1456,1478
1457,1430
1445,1437
1437,1424
1390,1468
1411,1424
1433,1417
1395,1426
1423,1390
1434,1395
1419,1416
1370,1397
1397,1423
1392,1429
1367,1428
1372,1418
1353,1401
1422,1381
1402,1444
1369,1408
1406,1420
1434,1435
1382,1410
1442,1446
1431,1441
1454,1469
1441,1495
1452,1512
1448,1488
1445,1460
1467,1490
1444,1501
1485,1487
1472,1542
1544,1545
1501,1542
1522,1564
1534,1548
1572,1551
1566,1550
1596,1597
1588,1564
1575,1612
1611,1614
1629,1664
1590,1617
1661,1618
1659,1649
1637,1650
1657,1636
1610,1665
1686,1674
1684,1670
1677,1662
1680,1712
1671,1686
1726,1689
1709,1689
1701,1703
1759,1686
1710,1716
1719,1689
1760,1683
1703,1655
1764,1668
1711,1683
1695,1662
1681,1661
1692,1656
1700,1675
1703,1632
1664,1657
1667,1675
1679,1626
1652,1640
1707,1635
1684,1660
1606,1612
1632,1602
1642,1578
1627,1596
1591,1596
1626,1585
1569,1574
1585,1563
1541,1534
1603,1478
1556,1514
1522,1493
1518,1472
1560,1513
1520,1498
1505,1487
1489,1473
1454,1471
1487,1488
1458,1455
1394,1438
1452,1433
1455,1434
1383,1407
1458,1426
1421,1401
1422,1435
1408,1409
1376,1395
1404,1406
1408,1388
1316,1424
1354,1414
1377,1369
1380,1415
1399,1409
1409,1447
1386,1415
1395,1429
1394,1407
1376,1429
1400,1450
1375,1418
1417,1478
1446,1468
1484,1448
1411,1471
1458,1440
1423,1485
1437,1500
1437,1499
1453,1526
1463,1499
1479,1539
1494,1514
1493,1546
1507,1565
1535,1543
1551,1564
1565,1585
1549,1584
1576,1625
1626,1606
1604,1594
1595,1654
1593,1627
1634,1627
1622,1619
1673,1637
1646,1652
1658,1687
1652,1712
1644,1667
1624,1698
1671,1660
1678,1704
1743,1681
1725,1704
1729,1689
1711,1724
1717,1717
1733,1746
1737,1677
1682,1656
1734,1685
1709,1658
1721,1679
1709,1687
1690,1651
1684,1690
1702,1668
1678,1668
1653,1642
1659,1665
1666,1648
1643,1620
1657,1593
1673,1628
1650,1615
1643,1593
1594,1593
1600,1562
1612,1599
1570,1560
1580,1563
1542,1586
1539,1524
1555,1550
1531,1501
1519,1544
1519,1459
1535,1474
1490,1503
1509,1515
1462,1464
1511,1449
1454,1451
1475,1423
1428,1469
1438,1414
1452,1387
1399,1436
1445,1420
1398,1401
1402,1410
1368,1408
1379,1409
1382,1394
1348,1413
1385,1439
1369,1422
1385,1431
1384,1414
1368,1424
1371,1411
1361,1414
1464,1431
1429,1455
1424,1435
1400,1427
1424,1461
1456,1473
1403,1477
1467,1495
1450,1475
1456,1489
1469,1508
1479,1514
1461,1563
1495,1540
1494,1514
1543,1516
1524,1578
1515,1556
1524,1581
1539,1586
1557,1575
1550,1599
1597,1597
1585,1615
1629,1614
1616,1585
1604,1607
1617,1638
1631,1679
1652,1633
1662,1678
1666,1657
1677,1627
1705,1675
1717,1679
1680,1729
1675,1683
1712,1699
1721,1689
1663,1711
1690,1695
1678,1684
1754,1694
1692,1666
1699,1689
1695,1693
1753,1663
1682,1640
1723,1674
1707,1649
1691,1660
1696,1649
1649,1642
1652,1612
1666,1683
1644,1628
1593,1600
1654,1585
1645,1599
1597,1577
1628,1608
1655,1566
1578,1564
1597,1591
1556,1591
1577,1554
1593,1549
1557,1517
1583,1504
1511,1505
1515,1511
1521,1527
1489,1487
1477,1487
1489,1470
1472,1466
1488,1442
1454,1460
1437,1431
1431,1461
1421,1399
1375,1469
1426,1409
1424,1443
1420,1427
1402,1423
1424,1407
1365,1428
1407,1413
1418,1414
1410,1428
1378,1453
1388,1415
1368,1412
1413,1410
1425,1407
1373,1415
1408,1406
1372,1453
1424,1448
1442,1457
1415,1454
1410,1492
1479,1461
1451,1455
1450,1474
1450,1482
1435,1522
1463,1504
1443,1510
1472,1538
1456,1520
1530,1506
1520,1539
1499,1566
1547,1613
1573,1578
1605,1571
1588,1560
1578,1574
1578,1611
1592,1620
1606,1631
1612,1635
1631,1608
1633,1636
1646,1684
1695,1640
1663,1660
1693,1640
1709,1657
1635,1689
1718,1678
1675,1666
1699,1655
1669,1673
1732,1690
1682,1661
1660,1704
1689,1684
1742,1729
1711,1700
1701,1683
1693,1703
1690,1667
1733,1641
1676,1670
1708,1642
1674,1646
1688,1679
1647,1642
1652,1630
1656,1623
1639,1610
1681,1632
1639,1620
1678,1628
1628,1587
1610,1549
1614,1547
1577,1567
1589,1572
1542,1577
1560,1543
1561,1506
1519,1515
1572,1489
1527,1503
1498,1464
1475,1454
1481,1484
1454,1484
1493,1458
1454,1450
1435,1493
1469,1464
1473,1422
1450,1417
1395,1413
1418,1412
1407,1401
1400,1430
1403,1433
1421,1409
1405,1395
1405,1404
1381,1428
1365,1405
1335,1401
1378,1422
1362,1403
1384,1427
1399,1384
1408,1460
1406,1394
1392,1448
1401,1427
1433,1441
1425,1467
1435,1468
1456,1460
1443,1481
1437,1483
1428,1495
1486,1493
1476,1522
1480,1544
1502,1546
1492,1530
1500,1532
1508,1533
1518,1531
1515,1562
1550,1587
1569,1582
1586,1592
1574,1590
1604,1606
1590,1621
1578,1611
1635,1628
1640,1638
1678,1644
1641,1646
1672,1656
1663,1641
1650,1703
1645,1656
1672,1674
1710,1672
1671,1683
1714,1697
1715,1681
1699,1680
1686,1717
1677,1676
1697,1686
1717,1637
1691,1704
1759,1688
1710,1670
1689,1688
1688,1664
1732,1668
1681,1660
1666,1641
1703,1689
1669,1650
1668,1605
1682,1630
1671,1625
1602,1584
1643,1615
1642,1594
1646,1591
1634,1576
1618,1518
1615,1561
1619,1570
1522,1510
1552,1504
1551,1499
1549,1516
1524,1522
1555,1495
1505,1514
1511,1495
1512,1451
1518,1485
1455,1450
1464,1449
1457,1442
1410,1490
1449,1412
1457,1412
1387,1399
1410,1408
1423,1417
1417,1433
1372,1462
1415,1392
1424,1385
1396,1405
1391,1435
1393,1409
1430,1452
1399,1376
1409,1426
1405,1426
1391,1387
1403,1412
1432,1421
1434,1460
1417,1442
1420,1436
1425,1446
1448,1460
1444,1478
1469,1488
1483,1514
1438,1492
1454,1484
1483,1508
1462,1525
1480,1547
1522,1547
1517,1560
1502,1560
1522,1549
1544,1553
1545,1549
1554,1577
1564,1618
1592,1605
1575,1639
1602,1633
1573,1615
1660,1651
1601,1636
1650,1637
1653,1647
1685,1651
1623,1666
1631,1685
1663,1665
1686,1683
1699,1672
1678,1701
1680,1681
1710,1689
1693,1668
1727,1683
1685,1678
1738,1688
1726,1695
1678,1645
1678,1685
1726,1678
1671,1670
1688,1649
1679,1648
1719,1688
1653,1626
1679,1649
1658,1642
1638,1619
1685,1615
1675,1606
1681,1638
1685,1581
1632,1575
1618,1600
1633,1559
1600,1569
1628,1573
1595,1597
1588,1540
1559,1520
1552,1541
1563,1551
1537,1512
1546,1510
1519,1490
1546,1472
1511,1463
1483,1481
1468,1473
1431,1425
1443,1452
1442,1439
1414,1454
1452,1438
1476,1432
1436,1444
1451,1449
1412,1438
1399,1416
1401,1451
1406,1422
1374,1417
1362,1405
1409,1408
1415,1411
1418,1438
1430,1427
1386,1434
1413,1408
1433,1422
1418,1422
1446,1467
1406,1424
1401,1448
1395,1453
1439,1473
1465,1506
1418,1462
1446,1517
1442,1481
1477,1500
1463,1503
1469,1514
1475,1524
1492,1520
