ch1,ch2
1397,1414
1386,1423
1410,1426
1406,1435
1415,1434
1418,1432
1420,1424
1423,1442
1436,1431
1408,1412
1430,1452
1442,1427
1423,1443
1432,1431
1435,1431
1431,1456
1432,1443
1451,1447
1438,1431
1442,1452
1437,1457
1440,1462
1448,1449
1446,1479
1453,1465
1446,1450
1450,1463
1443,1447
1431,1461
1443,1440
1486,1452
1484,1461
1476,1462
1449,1450
1459,1458
1461,1471
1470,1464
1468,1462
1465,1457
1455,1472
1483,1453
1486,1469
1469,1474
1467,1456
1474,1479
1489,1473
1470,1465
1479,1470
1465,1468
1478,1469
1471,1468
1483,1469
1484,1464
1487,1448
1471,1487
1481,1461
1473,1470
1493,1467
1473,1469
1481,1471
1475,1462
1495,1460
1482,1457
1486,1468
1478,1446
1471,1446
1459,1463
1482,1453
1471,1457
1471,1456
1462,1446
1466,1462
1472,1458
1471,1457
1488,1434
1465,1437
1461,1454
1447,1449
1457,1448
1447,1431
1465,1454
1463,1417
1455,1433
1445,1431
1456,1414
1449,1423
1459,1416
1454,1416
1438,1421
1449,1415
1439,1439
1427,1404
1429,1405
1457,1408
1434,1409
1438,1415
1434,1413
1432,1412
1414,1391
1433,1403
1417,1398
1417,1403
1433,1405
1418,1401
1403,1410
1404,1389
1390,1407
1408,1381
1384,1385
1405,1383
1395,1381
1393,1371
1394,1374
1403,1370
1377,1366
1376,1367
1392,1373
1374,1370
1368,1361
1368,1362
1382,1358
1378,1376
1372,1368
1355,1353
1376,1364
1350,1350
1357,1363
1350,1348
1372,1356
1368,1334
1354,1347
1361,1352
1360,1355
1356,1324
1336,1343
1352,1339
1341,1346
1334,1338
1326,1350
1337,1347
1342,1328
1334,1318
1315,1328
1330,1338
1346,1332
1323,1329
1328,1325
1341,1338
1332,1327
1325,1326
1343,1323
1335,1356
1349,1332
1323,1330
1313,1332
1323,1325
1329,1336
1324,1329
1314,1341
1335,1336
1336,1347
1317,1336
1315,1335
1321,1335
1322,1355
1322,1341
1328,1318
1322,1323
1317,1336
1316,1327
1321,1334
1315,1344
1325,1334
1330,1345
1301,1338
1331,1352
1325,1330
1325,1343
1326,1358
1312,1358
1313,1355
1342,1345
1344,1357
1331,1351
1339,1360
1332,1341
1329,1378
1345,1360
1328,1360
1351,1370
1343,1380
1348,1376
1361,1365
1356,1369
1357,1379
1359,1371
1350,1374
1355,1384
1371,1391
1372,1394
1361,1379
1357,1395
1349,1383
1369,1392
1370,1385
1349,1387
1365,1401
1367,1389
1371,1407
1403,1392
1386,1400
1372,1395
1394,1398
1387,1410
1382,1414
1399,1415
1391,1407
1394,1428
1391,1419
1383,1413
1412,1415
1412,1454
1397,1447
1419,1442
1420,1434
1403,1428
1432,1428
1412,1434
1418,1434
1404,1438
1433,1441
1441,1452
1445,1449
1450,1436
1443,1428
1433,1430
1462,1462
1467,1441
1446,1450
1426,1451
1430,1468
1435,1460
1450,1455
1459,1471
1457,1472
1479,1459
1477,1464
1437,1451
1479,1455
1450,1464
1471,1468
1478,1466
1456,1465
1458,1468
1481,1483
1454,1467
1480,1471
1480,1456
1482,1454
1481,1470
1481,1467
1494,1480
1473,1468
1462,1470
1487,1461
1472,1467
1498,1467
1481,1463
1495,1479
1468,1475
1458,1469
1484,1468
1473,1461
1475,1458
1459,1461
1479,1471
1488,1459
1471,1464
1478,1455
1487,1463
1452,1470
1480,1455
1462,1456
1473,1462
1477,1450
1477,1450
1484,1425
1450,1466
1466,1457
1470,1435
1469,1444
1478,1430
1471,1457
1459,1460
1470,1452
1452,1440
1463,1445
1472,1447
1455,1436
1458,1423
1457,1427
1445,1421
1458,1422
1462,1422
1443,1411
1448,1406
1434,1422
1429,1417
1426,1416
1433,1401
1428,1420
1408,1421
1424,1396
1424,1405
1435,1412
1407,1410
1423,1410
1399,1391
1405,1395
1397,1392
1404,1386
1408,1381
1403,1377
1409,1377
1387,1384
1391,1370
1393,1367
1375,1390
1391,1369
1386,1371
1394,1370
1382,1376
1379,1365
1381,1374
1389,1365
1371,1362
1366,1368
1384,1355
1361,1348
1368,1347
1345,1344
1339,1353
1371,1348
1358,1353
1350,1333
1319,1350
1335,1355
1359,1349
1337,1350
1344,1357
1368,1331
1360,1342
1349,1339
1327,1328
1329,1332
1335,1336
1320,1331
1324,1326
1337,1347
1321,1341
1319,1319
1314,1332
1324,1323
1323,1332
1322,1328
1338,1337
1322,1333
1332,1328
1321,1330
1320,1321
1314,1342
1287,1338
1305,1332
1312,1338
1318,1340
1328,1333
1308,1325
1290,1340
1316,1331
1300,1335
1314,1319
1307,1324
1316,1342
1312,1319
1308,1335
1310,1333
1331,1338
1297,1342
1314,1347
1318,1327
1301,1346
1321,1342
1330,1346
1321,1336
1338,1351
1332,1343
1332,1350
1326,1358
1326,1351
1328,1348
1325,1358
1341,1349
1346,1359
1352,1357
1344,1366
1353,1357
1346,1354
1342,1361
1351,1379
1376,1380
1351,1369
1381,1384
1365,1378
1374,1369
1371,1378
1361,1383
1372,1379
1348,1366
1390,1407
1362,1391
1377,1406
1377,1393
1368,1402
1365,1401
1378,1408
1388,1405
1397,1410
1402,1402
1414,1417
1388,1404
1409,1435
1389,1435
1404,1410
1410,1419
1401,1417
1414,1417
1412,1428
1425,1449
1419,1425
1427,1440
1414,1439
1416,1439
1434,1424
1429,1444
1420,1442
1431,1436
1443,1446
1442,1445
1431,1446
1440,1456
1440,1457
1443,1452
1453,1450
1435,1462
1451,1454
1461,1465
1469,1448
1453,1460
1467,1459
1446,1459
1467,1464
1486,1477
1461,1472
1476,1468
1464,1471
1471,1474
1477,1463
1465,1464
1467,1473
1474,1468
1506,1462
1464,1475
1441,1475
1479,1466
1480,1480
1490,1493
1482,1476
1489,1455
1469,1475
1482,1468
1473,1472
1469,1464
1507,1481
1479,1459
1491,1481
1504,1471
1482,1476
1489,1466
1500,1468
1475,1467
1493,1462
1487,1466
1480,1453
1474,1463
1494,1469
1496,1446
1476,1451
1469,1465
1465,1442
1485,1479
1472,1472
1466,1457
1463,1444
1487,1462
1474,1436
1464,1445
1467,1456
1459,1442
1479,1432
1455,1439
1439,1438
1449,1442
1460,1410
1453,1440
1469,1438
1458,1418
1458,1436
1468,1421
1450,1412
1447,1405
1452,1405
1450,1398
1440,1409
1432,1407
1428,1414
1419,1397
1408,1405
1409,1394
1421,1385
1434,1398
1432,1422
1409,1413
1415,1388
1415,1390
1409,1379
1402,1377
1403,1371
1398,1399
1391,1386
1388,1380
1388,1374
1381,1366
1369,1372
1397,1362
1381,1370
1371,1367
1373,1366
1367,1361
1377,1358
1386,1334
1347,1361
1340,1348
1365,1357
1363,1349
1346,1339
1360,1351
1358,1330
1364,1351
1345,1351
1354,1338
1369,1340
1336,1339
1345,1328
1342,1337
1333,1337
1324,1331
1338,1332
1326,1339
1358,1330
1330,1317
1331,1329
1328,1329
1304,1312
1317,1342
1315,1324
1319,1328
1328,1319
1317,1332
1316,1349
1303,1330
1331,1322
1332,1314
1322,1334
1293,1341
1327,1330
1316,1328
1328,1341
1336,1327
1322,1332
1323,1336
1319,1330
1329,1324
1297,1325
1326,1328
1315,1338
1317,1348
1310,1336
1305,1336
1310,1336
1305,1357
1304,1357
1332,1332
1320,1338
1302,1335
1313,1354
1314,1340
1332,1342
1301,1343
1329,1342
1349,1348
1327,1351
1311,1344
1342,1366
1331,1346
1321,1364
1329,1361
1342,1358
1334,1350
1338,1390
1367,1359
1330,1385
1335,1376
1345,1368
1343,1380
1345,1407
1357,1371
1366,1383
1372,1380
1376,1376
1387,1401
1385,1383
1361,1392
1384,1395
1390,1401
1384,1389
1388,1382
1372,1401
1385,1402
1403,1418
1385,1421
1403,1423
1398,1411
1403,1425
1416,1422
1422,1424
1409,1444
1408,1425
1420,1435
1413,1416
1421,1434
1402,1422
1429,1446
1407,1439
1410,1424
1414,1446
1435,1433
1443,1457
1437,1444
1427,1462
1440,1451
1448,1459
1451,1458
1441,1454
1457,1450
1445,1458
1475,1454
1455,1455
1458,1472
1449,1462
1467,1458
1461,1448
1455,1445
1460,1462
1480,1471
1463,1478
1470,1467
1476,1468
1464,1479
1480,1469
1457,1471
1484,1470
1489,1463
1489,1471
1491,1480
1474,1472
1487,1468
1475,1475
1494,1461
1480,1487
1486,1484
1484,1463
1479,1457
1482,1465
1471,1484
1498,1468
1492,1498
1492,1460
1472,1473
1496,1475
1465,1467
1477,1478
1491,1448
1489,1463
1494,1469
1498,1462
1488,1450
1491,1463
1490,1468
1499,1461
1487,1444
1488,1435
1477,1458
1470,1458
1461,1467
1470,1435
1459,1466
1487,1455
1488,1447
1471,1441
1461,1448
1479,1445
1469,1435
1452,1423
1438,1425
1464,1426
1442,1436
1469,1437
1457,1423
1450,1426
1443,1418
1443,1418
1464,1417
1450,1403
1426,1403
1440,1423
1420,1391
1415,1415
1427,1418
1421,1401
1414,1394
1438,1402
1417,1392
1419,1400
1415,1401
1408,1392
1406,1387
1411,1373
1408,1385
1387,1386
1407,1382
1409,1376
1391,1380
1395,1376
1388,1374
1386,1371
1392,1367
1364,1375
1373,1357
1376,1358
1373,1372
1369,1338
1368,1356
1361,1361
1356,1354
1339,1356
1353,1356
1360,1353
1343,1339
1338,1345
1351,1331
1356,1346
1324,1352
1338,1335
1341,1332
1334,1331
1338,1344
1320,1337
1333,1318
1332,1324
1332,1321
1323,1331
1306,1319
1306,1320
1344,1320
1310,1327
1329,1305
1329,1329
1327,1320
1310,1330
1303,1322
1324,1313
1287,1323
1300,1332
1327,1317
1323,1332
1306,1327
1304,1318
1306,1319
1323,1331
1314,1323
1314,1319
1312,1329
1324,1327
1310,1333
1297,1330
1302,1335
1311,1336
1311,1324
1308,1324
1318,1328
1332,1346
1313,1347
1306,1338
1326,1332
1313,1347
1312,1344
1329,1339
1326,1360
1333,1333
1305,1342
1308,1338
1339,1352
1335,1366
1335,1349
1336,1379
1311,1365
1346,1373
1336,1360
1349,1380
1352,1352
1351,1371
1328,1380
1326,1376
1341,1373
1354,1365
1333,1386
1363,1387
1354,1386
1357,1394
1354,1382
1359,1390
1361,1383
1379,1415
1403,1401
1371,1404
1368,1396
1394,1383
1379,1403
1395,1408
1379,1412
1384,1413
1408,1431
1405,1425
1392,1417
1407,1423
1408,1424
1410,1415
1399,1435
1410,1435
1420,1436
1420,1438
1422,1437
1423,1431
1420,1448
1434,1442
1435,1437
1454,1441
1460,1442
1438,1458
1437,1443
1450,1457
1448,1454
1449,1451
1454,1456
1457,1457
1441,1455
1454,1462
1451,1466
1461,1475
1466,1472
1476,1462
1485,1471
1465,1471
1464,1459
1485,1463
1468,1477
1476,1474
1483,1467
1475,1481
1477,1464
1468,1461
1482,1480
1489,1490
1488,1479
1481,1486
1483,1487
1463,1458
1501,1480
1470,1469
1474,1488
1492,1471
1489,1478
1503,1472
1487,1482
1496,1477
1489,1462
1486,1477
1482,1465
1468,1467
1489,1468
1482,1473
1505,1474
1477,1467
1472,1467
1500,1467
1476,1469
1471,1457
1506,1450
1494,1448
1475,1459
1495,1453
1489,1467
1472,1447
1472,1450
1456,1444
1462,1451
1479,1463
1466,1437
1463,1452
1453,1444
1459,1430
1480,1431
1448,1438
1440,1433
1462,1437
1432,1439
1453,1438
1456,1413
1437,1427
1443,1433
1431,1416
1437,1405
1424,1421
1436,1424
1446,1411
1418,1400
1426,1398
1440,1413
1425,1398
1406,1405
1415,1402
1426,1394
1414,1383
1404,1371
1414,1377
1419,1380
1385,1374
1390,1381
1383,1377
1395,1387
1405,1392
1377,1378
1368,1361
1370,1366
1384,1352
1385,1360
1373,1368
1366,1373
1371,1359
1366,1343
1361,1359
1355,1343
1342,1351
1349,1331
1325,1341
1344,1332
1355,1354
1371,1339
1350,1335
1345,1330
1327,1333
1327,1335
1340,1329
1336,1336
1304,1319
1324,1324
1336,1328
1322,1325
1322,1317
1332,1328
1319,1321
1314,1322
1313,1307
1312,1315
1311,1333
1320,1324
1320,1324
1296,1332
1313,1330
1303,1324
1319,1324
1319,1328
1311,1351
1301,1322
1300,1343
1312,1310
1330,1310
1308,1324
1315,1337
1311,1330
1308,1318
1320,1337
1309,1327
1298,1340
1317,1326
1312,1315
1312,1338
1326,1344
1304,1336
1314,1335
1316,1330
1319,1337
1330,1327
1335,1336
1321,1348
1315,1336
1315,1340
1331,1333
1325,1339
1339,1349
1327,1350
1343,1361
1324,1347
1318,1359
1320,1363
1355,1358
1338,1371
1342,1368
1335,1366
1375,1371
1335,1356
1356,1379
1359,1385
1366,1392
1373,1383
1355,1362
1367,1383
1367,1388
1361,1399
1372,1394
1383,1391
1354,1393
1376,1404
1369,1400
1376,1419
1402,1405
1413,1399
1399,1405
1377,1419
1400,1422
1395,1403
1407,1416
1407,1412
1395,1421
1420,1425
1433,1442
1423,1437
1409,1440
1430,1438
1421,1456
1434,1463
1429,1441
1429,1455
1445,1458
1437,1458
1455,1442
1453,1441
1451,1465
1453,1441
1451,1442
1437,1461
1447,1460
1473,1458
1447,1467
1465,1450
1457,1476
1446,1482
1469,1461
1470,1467
1485,1453
1463,1469
1475,1490
1481,1469
1475,1475
1489,1463
1490,1484
1485,1490
1487,1477
1484,1471
1483,1466
1484,1470
1476,1476
1488,1482
1470,1474
1501,1485
1501,1466
1491,1479
1499,1471
1492,1477
1497,1477
1493,1481
1490,1480
1469,1475
1472,1475
1494,1481
1486,1464
1498,1483
1485,1464
1502,1462
1504,1478
1480,1465
1479,1475
1480,1458
1494,1466
1482,1466
1478,1473
1489,1446
1464,1456
1492,1450
1479,1448
1473,1439
1483,1463
1490,1461
1460,1427
1483,1454
1488,1429
1462,1449
1454,1444
1479,1429
1479,1446
1466,1434
1455,1428
1450,1439
1442,1414
1458,1415
1438,1422
1454,1433
1432,1413
1426,1410
1457,1385
1428,1411
1436,1411
1422,1424
1413,1401
1398,1404
1420,1406
1433,1400
1428,1397
1413,1379
1412,1378
1414,1386
1403,1393
1394,1383
1406,1393
1390,1389
1385,1368
1397,1355
1380,1361
1378,1359
1384,1358
1386,1362
1372,1365
1383,1364
1376,1365
1377,1362
1350,1373
1375,1339
1367,1341
1350,1364
1375,1333
1351,1346
1352,1355
1357,1332
1344,1345
1348,1328
1333,1342
1332,1329
1315,1339
1322,1345
1328,1328
1336,1325
1321,1321
1323,1308
1303,1321
1325,1327
1305,1331
1324,1330
1328,1320
1301,1324
1309,1317
1321,1316
1300,1322
1320,1319
1319,1328
1310,1318
1295,1302
1314,1317
1305,1317
1315,1331
1311,1326
1305,1305
1308,1333
1317,1319
1315,1314
1308,1322
1314,1324
1308,1327
1328,1331
1306,1312
1314,1330
1317,1327
1315,1322
1311,1319
1314,1339
1327,1331
1321,1348
1304,1339
1319,1345
1284,1356
1332,1336
1330,1359
1317,1355
1323,1343
1309,1341
1343,1352
1313,1346
1332,1343
1322,1359
1334,1361
1318,1356
1336,1354
1329,1362
1337,1359
1347,1369
1322,1362
1339,1375
1340,1374
1367,1393
1335,1372
1364,1371
1339,1393
1362,1379
1366,1398
1356,1375
1371,1379
1362,1395
1368,1384
1356,1402
1390,1396
1386,1394
1395,1408
1379,1413
1381,1407
1389,1424
1414,1423
1385,1424
1385,1417
1405,1427
1390,1402
1417,1433
1410,1440
1398,1419
1430,1442
1422,1437
1436,1432
1425,1441
1430,1445
1432,1444
1418,1461
1444,1443
1439,1438
1439,1455
1442,1449
1449,1455
1458,1464
1448,1456
1432,1459
1444,1482
1469,1466
1459,1470
1443,1472
1480,1472
1467,1464
1473,1479
1471,1477
1467,1481
1481,1478
1470,1474
1478,1464
1487,1472
1486,1474
1484,1467
1490,1477
1482,1466
1483,1494
1466,1477
1475,1466
1488,1490
1498,1488
1501,1465
1484,1480
1486,1474
1487,1483
1482,1466
1492,1478
1487,1475
1478,1485
1505,1475
1489,1473
1485,1469
1481,1469
1489,1463
1487,1474
1490,1482
1491,1455
1505,1485
1509,1479
1465,1451
1470,1465
1462,1456
1485,1439
1478,1450
1495,1455
1494,1456
1492,1454
1477,1456
1477,1456
1490,1451
1479,1434
1471,1461
1463,1444
1460,1449
1487,1450
1475,1440
1480,1427
1451,1432
1468,1443
1443,1425
1466,1429
1465,1441
1460,1418
1430,1423
1460,1417
1417,1414
1428,1402
1421,1409
1457,1415
1432,1423
1417,1418
1417,1405
1419,1400
1419,1399
1418,1384
1421,1401
1410,1404
1404,1386
1414,1373
1394,1382
1390,1379
1398,1374
1389,1383
1391,1381
1402,1371
1380,1356
1381,1363
1387,1366
1362,1369
1387,1367
1372,1356
1360,1361
1380,1360
1372,1350
1378,1341
1364,1329
1371,1359
1353,1352
1345,1349
1353,1368
1359,1339
1353,1339
1337,1347
1329,1343
1365,1339
1318,1332
1339,1324
1333,1333
1337,1328
1332,1321
1313,1341
1316,1324
1341,1313
1332,1323
1303,1315
1327,1319
1319,1325
1315,1328
1301,1313
1297,1335
1300,1322
1329,1309
1307,1297
1308,1318
1305,1313
1288,1312
1312,1317
1327,1329
1303,1324
1317,1331
1307,1325
1312,1325
1317,1336
1316,1311
1312,1326
1298,1316
1309,1333
1298,1332
1297,1322
1307,1329
1302,1328
1307,1329
1302,1340
1307,1327
1318,1322
1314,1338
1324,1339
1330,1333
1322,1339
1339,1329
1322,1345
1328,1341
1323,1356
1321,1358
1315,1340
1328,1344
1342,1370
1324,1369
1350,1360
1326,1372
1340,1363
1349,1378
1346,1377
1355,1379
1338,1383
1335,1382
1350,1369
1364,1370
1357,1391
1354,1390
1366,1394
1360,1390
1386,1388
1384,1388
1380,1392
1374,1404
1375,1400
1381,1422
1388,1416
1395,1406
1395,1421
1401,1403
1419,1421
1391,1420
1401,1424
1412,1424
1416,1425
1394,1424
1421,1432
1433,1433
1409,1456
1419,1432
1442,1457
1421,1435
1433,1435
1445,1444
1432,1442
1444,1460
1430,1453
1431,1453
1441,1450
1446,1457
1445,1460
1452,1457
1466,1469
1451,1470
1470,1475
1464,1465
1452,1467
1467,1462
1473,1463
1455,1471
1468,1467
1467,1476
1473,1482
1479,1481
1482,1487
1481,1477
1493,1484
1503,1491
1482,1474
1480,1479
1489,1481
1487,1489
1495,1476
1481,1475
1487,1482
1504,1468
1499,1484
1490,1467
1477,1470
1491,1466
1482,1464
1516,1473
1481,1474
1507,1477
1491,1465
1462,1459
1476,1479
1501,1476
1490,1472
1500,1478
1485,1474
1476,1464
1483,1490
1490,1460
1483,1440
1478,1472
1489,1467
1489,1461
1456,1466
1475,1452
1485,1466
1477,1435
1482,1441
1483,1440
1464,1449
1466,1435
1446,1440
1459,1433
1479,1452
1462,1447
1462,1433
1444,1426
1451,1435
1464,1434
1441,1443
1449,1425
1454,1429
1448,1398
1449,1410
1449,1415
1458,1413
1434,1399
1436,1410
1419,1404
1431,1393
1429,1394
1430,1388
1408,1389
1439,1387
1424,1386
1398,1380
1406,1381
1392,1387
1382,1386
1393,1386
1387,1367
1397,1375
1411,1356
1388,1378
1393,1362
1390,1364
1396,1349
1369,1334
1374,1354
1362,1350
1348,1339
1358,1352
1359,1339
1342,1343
1350,1352
1363,1336
1348,1338
1351,1343
1344,1333
1347,1325
1341,1340
1326,1333
1325,1335
1348,1323
1325,1335
1334,1329
1340,1305
1331,1328
1329,1330
1314,1332
1318,1336
1314,1292
1315,1337
1322,1325
1307,1309
1316,1325
1326,1316
1326,1329
1317,1313
1328,1311
1317,1311
1314,1311
1321,1335
1302,1332
1302,1324
1310,1333
1288,1311
1305,1314
1316,1306
1306,1333
1313,1320
1300,1315
1313,1304
1298,1332
1298,1323
1296,1337
1301,1335
1315,1319
1294,1318
1305,1324
1304,1348
1295,1327
1332,1327
1325,1332
1304,1344
1312,1348
1317,1352
1320,1333
1320,1352
1313,1355
1322,1342
1339,1342
1326,1343
1312,1362
1321,1351
1322,1377
1327,1369
1367,1369
1331,1361
1347,1370
1338,1389
1343,1378
1341,1374
1352,1373
1365,1386
1347,1384
1369,1373
1362,1376
1370,1383
1375,1386
1388,1400
1374,1408
1379,1397
1387,1398
1385,1404
1380,1398
1396,1400
1393,1405
1397,1425
1401,1411
1399,1426
1399,1429
1414,1421
1406,1421
1417,1422
1397,1430
1426,1444
1429,1443
1419,1434
1427,1447
1440,1435
1428,1440
1436,1450
1439,1445
1448,1454
1457,1447
1459,1444
1422,1451
1450,1445
1452,1450
1475,1452
1448,1457
1463,1460
1469,1465
1470,1448
1455,1467
1449,1467
1472,1460
1462,1475
1458,1482
1468,1468
1473,1472
1479,1461
1488,1475
1474,1484
1501,1473
1488,1489
1496,1477
1473,1476
1483,1490
1476,1470
1485,1497
1502,1492
1479,1474
1486,1474
1493,1494
1474,1477
1500,1470
1506,1479
1509,1473
1502,1476
1499,1467
1499,1484
1504,1479
1500,1476
1489,1488
1492,1470
1497,1475
1501,1460
1481,1461
1491,1492
1469,1462
1481,1478
1499,1463
1475,1478
1479,1471
1492,1460
1481,1456
1464,1461
1473,1458
1471,1447
1489,1428
1466,1444
1466,1451
1472,1463
1456,1447
1467,1436
1461,1424
1471,1451
1466,1420
1455,1430
1451,1431
1446,1428
1444,1418
1428,1417
1442,1413
1458,1430
1438,1417
1439,1416
1432,1417
1419,1393
1426,1402
1428,1392
1418,1406
1419,1393
1425,1395
1434,1379
1399,1391
1410,1398
1393,1385
1421,1386
1407,1387
1387,1393
1422,1381
1394,1379
1391,1385
1386,1368
1377,1370
1368,1359
1378,1369
1374,1353
1385,1341
1366,1354
1377,1352
1363,1368
1337,1353
1353,1348
1378,1358
1358,1346
1348,1341
1363,1332
1356,1349
1360,1350
1342,1333
1348,1321
1345,1325
1322,1343
1341,1340
1328,1320
1338,1338
1312,1309
1331,1325
1314,1326
1319,1314
1324,1325
1333,1323
1325,1320
1314,1323
1323,1311
1343,1337
1323,1321
1317,1316
1309,1311
1294,1325
1314,1310
1344,1327
1319,1314
1310,1314
1313,1318
1318,1336
1301,1319
1291,1330
1299,1324
1308,1321
1317,1319
1306,1329
1310,1327
1302,1328
1294,1320
1308,1327
1306,1333
1288,1317
1296,1349
1330,1330
1312,1332
1313,1326
1335,1341
1312,1334
1321,1346
1314,1352
1306,1353
1322,1356
1323,1340
1313,1341
1332,1343
1326,1351
1329,1338
1347,1368
1339,1352
1341,1358
1341,1375
1361,1368
1327,1384
1338,1376
1348,1387
1369,1372
1362,1372
1357,1378
1385,1369
1354,1373
1370,1389
1345,1388
1360,1389
1369,1409
1367,1382
1373,1384
1401,1391
1380,1414
1378,1426
1373,1414
1387,1421
1380,1418
1396,1427
1409,1428
1420,1429
1410,1417
1407,1418
1399,1432
1410,1441
1406,1451
1427,1426
1410,1438
1418,1443
1425,1447
1412,1426
1428,1435
1442,1456
1435,1449
1442,1442
1461,1462
1451,1442
1458,1456
1447,1472
1457,1471
1453,1459
1451,1459
1459,1468
1478,1474
1460,1458
1458,1469
1455,1470
1466,1474
1486,1500
1491,1458
1460,1481
1461,1473
1458,1479
1470,1483
1481,1469
1483,1468
1477,1499
1478,1493
1482,1476
1483,1472
1494,1483
1488,1466
1497,1494
1503,1492
1473,1468
1487,1463
1484,1478
1488,1467
1488,1483
1508,1486
1485,1467
1494,1467
1494,1484
1502,1468
1490,1485
1473,1484
1464,1483
1489,1474
1487,1457
1494,1474
1469,1455
1480,1482
1487,1469
1485,1458
1500,1469
1486,1456
1474,1458
1493,1461
1457,1456
1465,1446
1471,1426
1467,1430
1462,1438
1463,1445
1463,1428
1471,1443
1465,1424
1439,1434
1456,1426
1457,1439
1446,1426
1458,1424
1446,1425
1445,1411
1439,1409
1431,1423
1443,1409
1422,1408
1436,1417
1421,1394
1428,1413
1428,1399
1424,1396
1424,1390
1403,1410
1417,1407
1397,1401
1404,1392
1406,1389
1392,1383
1411,1380
1406,1362
1380,1373
1401,1374
1372,1374
1391,1356
1384,1382
1384,1363
1369,1357
1361,1353
1364,1355
1361,1365
1361,1369
1363,1320
1351,1348
1369,1344
1352,1352
1347,1343
1359,1336
1345,1352
1356,1332
1330,1340
1340,1341
1328,1340
1335,1329
1333,1330
1334,1335
1341,1333
1333,1334
1340,1330
1321,1329
1332,1325
1327,1315
1312,1320
1308,1341
1321,1320
1315,1318
1317,1327
1324,1307
1323,1330
1291,1329
1300,1326
1315,1311
1308,1321
1312,1316
1306,1339
1307,1304
1321,1344
1301,1319
1314,1314
1309,1323
1314,1314
1290,1321
1287,1323
1307,1329
1311,1315
1303,1320
1306,1315
1311,1323
1309,1336
1297,1342
1318,1338
1297,1341
1314,1336
1302,1323
1310,1337
1312,1345
1325,1341
1324,1349
1330,1342
1334,1357
1320,1363
1336,1342
1316,1363
1324,1356
1340,1359
1339,1339
1340,1361
1333,1355
1338,1356
1351,1372
1333,1364
1365,1381
1350,1379
1351,1382
1360,1376
1358,1369
1357,1392
1371,1384
1354,1397
1369,1391
1364,1393
1364,1389
1389,1398
1390,1392
1364,1397
1391,1395
1371,1410
1386,1408
1416,1413
1397,1418
1401,1433
1398,1433
1409,1402
1405,1420
1409,1442
1407,1431
1403,1427
1415,1436
1419,1428
1398,1439
1413,1451
1416,1443
1431,1443
1425,1458
1446,1433
1444,1442
1435,1446
1442,1450
1453,1465
1454,1466
1455,1448
1451,1471
1462,1459
1473,1460
1453,1463
1459,1456
1457,1468
1462,1466
1477,1470
1471,1464
1481,1466
1489,1457
1483,1486
1477,1479
1462,1479
1482,1475
1472,1473
1499,1478
1490,1482
1485,1480
1476,1468
1475,1492
1487,1482
1489,1474
1495,1473
1492,1482
1488,1474
1489,1468
1461,1460
1501,1464
1482,1489
1483,1474
1502,1476
1500,1469
1477,1481
1486,1467
1490,1471
1478,1465
1480,1459
1485,1448
1477,1470
1478,1463
1494,1464
1479,1472
1476,1466
1466,1468
1480,1459
1474,1463
1476,1434
1484,1460
1482,1420
1479,1458
1460,1443
1460,1445
1458,1444
1475,1425
1475,1438
1472,1434
1472,1439
1456,1421
1474,1422
1462,1436
1459,1410
1456,1412
1424,1424
1444,1423
1451,1415
1437,1422
1448,1407
1439,1421
1427,1413
1412,1411
1416,1406
1428,1408
1436,1398
1432,1397
1408,1392
1394,1390
1414,1397
1415,1392
1397,1391
1400,1383
1392,1380
1385,1390
1382,1384
1389,1370
1399,1369
1395,1379
1374,1368
1378,1371
1374,1370
1368,1361
1347,1362
1383,1351
1364,1363
1358,1346
1348,1358
1365,1355
1372,1335
1354,1337
1338,1350
1355,1329
1354,1349
1331,1326
1330,1353
1366,1340
1347,1321
1334,1335
1319,1342
1320,1335
1331,1331
1310,1327
1333,1323
1334,1337
1321,1317
1324,1322
1337,1315
1317,1310
1310,1322
1322,1334
1315,1327
1312,1339
1319,1323
1312,1327
1312,1324
1316,1325
1296,1320
1300,1330
1296,1317
1307,1325
1302,1333
1307,1324
1314,1342
1305,1334
1306,1322
1324,1344
1310,1331
1298,1333
1316,1321
1309,1342
1309,1348
1319,1333
1306,1344
1300,1330
1313,1340
1308,1340
1336,1349
1321,1343
1318,1330
1329,1343
1328,1336
1323,1356
1333,1377
1333,1340
1333,1343
1316,1366
1328,1363
1334,1371
1322,1374
1334,1381
1344,1364
1368,1376
1346,1381
1347,1373
1354,1372
1348,1371
1364,1386
1349,1378
1361,1400
1354,1390
1381,1388
1373,1388
1385,1388
1369,1410
1369,1400
1356,1406
1380,1412
1374,1402
1372,1395
1393,1399
1400,1410
1389,1422
1402,1420
1397,1417
1404,1421
1394,1413
1409,1424
1408,1418
1409,1430
1400,1435
1409,1430
1431,1437
1422,1432
1413,1449
1413,1435
1435,1448
1446,1453
1433,1454
1442,1457
1445,1443
1442,1449
1442,1454
1438,1466
1445,1449
1460,1441
1440,1469
1466,1459
1467,1464
1482,1461
1468,1479
1473,1463
1471,1469
1468,1474
1494,1473
1472,1474
1443,1488
1482,1455
1466,1475
1486,1470
1493,1469
1485,1478
1495,1479
1481,1488
1457,1475
1480,1472
1480,1468
1471,1480
1477,1473
1500,1473
1500,1473
1485,1457
1476,1481
1488,1467
1519,1468
1485,1467
1490,1471
1481,1467
1481,1468
1497,1469
1480,1467
1496,1464
1481,1455
1482,1459
1475,1469
1490,1468
1467,1482
1494,1463
1495,1448
1466,1450
1491,1469
1463,1456
1493,1469
1481,1452
1468,1453
1464,1452
1480,1448
1462,1443
1464,1430
1453,1447
1470,1439
1467,1439
1451,1431
1470,1431
1458,1420
1452,1415
1445,1418
1451,1425
1445,1424
1449,1417
1441,1416
1446,1405
1441,1411
1436,1405
1419,1394
1428,1403
1437,1405
1432,1378
1424,1386
1412,1392
1410,1395
1407,1400
1417,1385
1392,1386
1383,1394
1414,1372
1384,1375
1385,1376
1388,1364
1390,1362
1379,1362
1385,1372
1390,1355
1397,1375
1387,1363
1375,1351
1376,1353
1386,1341
1366,1346
1370,1355
1350,1364
1369,1365
1364,1337
1348,1335
1342,1329
1351,1331
1347,1332
1350,1332
1350,1339
1355,1352
1331,1344
1339,1346
1347,1333
1316,1333
1323,1334
1331,1335
1326,1331
1347,1326
1324,1333
1322,1328
1330,1340
1306,1333
1328,1329
1318,1332
1324,1323
1319,1334
1324,1332
1309,1318
1328,1322
1303,1332
1328,1316
1322,1317
1291,1332
1305,1332
1307,1345
1308,1333
1318,1318
1292,1330
1302,1320
1322,1347
1308,1338
1313,1344
1312,1334
1299,1335
1304,1343
1307,1339
1331,1345
1321,1325
1315,1338
1307,1339
1325,1338
1327,1350
1312,1335
1331,1347
1327,1346
1339,1342
1348,1354
1319,1360
1335,1355
1314,1370
1342,1350
1333,1346
1343,1359
1341,1374
1351,1387
1353,1366
1344,1379
1349,1368
1348,1384
1357,1376
1366,1394
1342,1397
1363,1399
1386,1392
1364,1389
1370,1405
1371,1391
1388,1412
1372,1404
1369,1404
1395,1414
1394,1401
1383,1424
1395,1419
1386,1409
1395,1418
1392,1419
1410,1419
1411,1430
1410,1431
1389,1425
1419,1425
1412,1432
1420,1422
1426,1437
1424,1438
1432,1442
1425,1431
1435,1444
1437,1442
1424,1440
1442,1445
1449,1449
1457,1457
1431,1453
1456,1434
1443,1447
1444,1443
1447,1463
1463,1458
1457,1452
1460,1475
1468,1481
1472,1454
1461,1469
1449,1471
1483,1464
1476,1475
1466,1468
1470,1461
1470,1482
1456,1464
1489,1471
1508,1483
1487,1467
1479,1467
1494,1475
1490,1474
1480,1464
1503,1468
1488,1498
1491,1489
1483,1457
1503,1459
1500,1467
1504,1474
1498,1472
1476,1466
1485,1476
1502,1476
1480,1461
1484,1475
1471,1472
1473,1468
1471,1459
1485,1478
1495,1462
1494,1471
1501,1474
1467,1471
1475,1460
1470,1456
1477,1462
1473,1445
1489,1472
1491,1463
1464,1445
1483,1430
1487,1458
1460,1455
1467,1447
1470,1439
1477,1443
1460,1439
1454,1436
1462,1431
1451,1433
1458,1424
1425,1437
1440,1434
1434,1427
1444,1424
1431,1394
1440,1413
1446,1408
1431,1418
1444,1406
1422,1421
1424,1393
1422,1415
1429,1399
1412,1395
1413,1389
1412,1385
1393,1391
1400,1394
1422,1392
1401,1397
1396,1372
1405,1377
1409,1373
1401,1379
1367,1365
1411,1369
1371,1367
1388,1370
1371,1357
1356,1349
1379,1360
1355,1374
1356,1347
1356,1355
1361,1357
1351,1343
1334,1353
1360,1337
1344,1344
1332,1335
1374,1344
1349,1328
1342,1345
1340,1342
1358,1338
1336,1326
1342,1334
1334,1342
1342,1335
1324,1333
1328,1332
1324,1320
1327,1325
1303,1339
1326,1330
1314,1319
1335,1332
1332,1323
1325,1325
1299,1344
1313,1337
1318,1333
1309,1326
1322,1330
1321,1324
1324,1339
1313,1332
1308,1319
1313,1332
1317,1340
1318,1330
1329,1309
1306,1317
1323,1327
1323,1338
1329,1335
1318,1331
1315,1343
1334,1332
1316,1327
1315,1337
1307,1330
1313,1332
1326,1337
1333,1346
1331,1341
1317,1337
1331,1333
1331,1338
1339,1356
1332,1341
1326,1344
1331,1352
1328,1358
1329,1359
1355,1361
1346,1373
1360,1367
1341,1363
1326,1370
1351,1368
1347,1364
1355,1367
1374,1363
1356,1362
1350,1372
1352,1387
1361,1370
1369,1378
1395,1391
1355,1391
1369,1394
1402,1392
1372,1389
1389,1401
1373,1419
1401,1410
1393,1395
1392,1415
1399,1427
1378,1401
1409,1422
1397,1410
1408,1412
1416,1420
1403,1429
1408,1419
1415,1434
1403,1435
1436,1416
1440,1421
1440,1435
1426,1441
1439,1434
1423,1445
1428,1450
1435,1455
1452,1447
1435,1448
1451,1452
1443,1457
1439,1467
1471,1448
1457,1453
1458,1468
1460,1467
1447,1457
1477,1459
1474,1469
1464,1465
1467,1475
1456,1458
1481,1467
1451,1476
1471,1480
1481,1467
1471,1469
1488,1471
1473,1477
1492,1478
1464,1475
1488,1471
1483,1471
1487,1480
1481,1482
1479,1474
1479,1475
1484,1472
1486,1462
1474,1481
1477,1474
1489,1463
1491,1471
1491,1472
1493,1463
1486,1460
1490,1469
1482,1468
1481,1462
1478,1469
1479,1472
1493,1457
1498,1473
1479,1470
1474,1448
1476,1456
1480,1452
1479,1429
1474,1466
1453,1446
1469,1452
1482,1450
1463,1457
1481,1465
1462,1442
1451,1443
1467,1443
1447,1433
1460,1432
1445,1429
1471,1443
1454,1415
1436,1423
1451,1413
1468,1421
1445,1412
1444,1413
1455,1407
1434,1426
1421,1418
1427,1395
1429,1409
1425,1401
1418,1406
1408,1424
1431,1402
1393,1396
1424,1391
1417,1396
1409,1395
1404,1388
1416,1387
1392,1408
1412,1383
1410,1394
1384,1388
1395,1365
1386,1363
1378,1389
1387,1379
1376,1369
1390,1368
1386,1358
1370,1368
1374,1354
1379,1351
1397,1361
1356,1353
1361,1365
1367,1371
1347,1336
1348,1351
1374,1349
1345,1342
1346,1353
1356,1356
1346,1345
1371,1353
1324,1347
1330,1335
1338,1339
1342,1325
1339,1347
1315,1341
1332,1339
1330,1332
1324,1334
1340,1323
1324,1335
1313,1325
1319,1352
1313,1323
1319,1328
1311,1331
1332,1314
1332,1331
1340,1358
1319,1325
1302,1334
1331,1340
1312,1342
1326,1317
1337,1318
1335,1327
1319,1339
1316,1328
1313,1332
1320,1333
1321,1336
1319,1332
1310,1333
1320,1344
1312,1339
1346,1331
1316,1340
1323,1346
1322,1355
1359,1345
1321,1339
1346,1346
1328,1327
1305,1343
1338,1363
1333,1353
1330,1349
1327,1362
1333,1369
1337,1335
1344,1361
1339,1367
1338,1359
1365,1372
1328,1367
1351,1374
1345,1369
1361,1357
1348,1400
1357,1366
1355,1370
1368,1375
1366,1392
1374,1394
1367,1375
1375,1379
1356,1393
1388,1387
1353,1384
1354,1397
1406,1391
1369,1415
1388,1399
1382,1405
1388,1412
1398,1423
1402,1422
1395,1428
1386,1406
1404,1419
1410,1426
1403,1423
1411,1431
1410,1421
1425,1428
1423,1428
1423,1441
1451,1436
1434,1432
1424,1442
1422,1446
1414,1448
1450,1423
1426,1448
1455,1459
1425,1444
1427,1442
1464,1457
1460,1434
1458,1450
1454,1458
1444,1457
1466,1444
1444,1458
1449,1466
1462,1451
1453,1448
1452,1472
1474,1458
1482,1462
1465,1457
1469,1472
1469,1476
1470,1457
1476,1463
1486,1462
1477,1475
1467,1472
1486,1470
1480,1455
1494,1460
1482,1456
1482,1465
1478,1466
1477,1481
1465,1470
1472,1472
1473,1473
1474,1474
1494,1462
1503,1470
1483,1484
1473,1458
1494,1462
1495,1458
1501,1457
1486,1455
1480,1471
1469,1458
1455,1457
1467,1439
1463,1450
1483,1451
1463,1461
1470,1446
1472,1438
1486,1451
1462,1452
1458,1440
1458,1447
1469,1426
1473,1444
1457,1432
1450,1442
1461,1427
1445,1426
1462,1435
1453,1435
1461,1429
1456,1411
1433,1429
1450,1402
1433,1416
1441,1433
1426,1412
1429,1417
1427,1401
1427,1407
1427,1405
1432,1403
1440,1387
1418,1400
1416,1412
1396,1404
1421,1382
1404,1388
1406,1389
1421,1379
1421,1389
1402,1393
1393,1388
1386,1389
1398,1377
1395,1378
1399,1383
1396,1378
1387,1388
1396,1367
1372,1379
1363,1360
1369,1369
1384,1367
1368,1356
1362,1370
1360,1367
1367,1358
1362,1342
1362,1349
1353,1340
1361,1357
1353,1356
1365,1339
1349,1344
1343,1349
1348,1335
1339,1341
1346,1347
1335,1329
1343,1350
1322,1317
1316,1345
1347,1351
1325,1324
1335,1336
1332,1347
1327,1332
1335,1341
1329,1329
1312,1336
1341,1335
1325,1345
1334,1344
1315,1337
1305,1327
1322,1329
1335,1339
1331,1326
1296,1330
1325,1335
1338,1348
1317,1334
1321,1334
1318,1335
1312,1338
1314,1334
1319,1328
1324,1339
1329,1338
1333,1359
1327,1342
1300,1347
1316,1347
1345,1357
1310,1341
1328,1333
1331,1337
1345,1340
1333,1359
1355,1360
1324,1356
1347,1345
1352,1354
1323,1365
1344,1358
1329,1342
1332,1350
1331,1347
1342,1366
1361,1347
1333,1390
1354,1363
1343,1358
1358,1370
1338,1382
1358,1385
1340,1370
1372,1372
1350,1373
1358,1389
1371,1393
1361,1403
1387,1390
1377,1391
1377,1404
1374,1386
1394,1404
1380,1388
1394,1393
1388,1405
1381,1405
1400,1390
1381,1423
1396,1419
1401,1405
1396,1422
1401,1422
1418,1426
1414,1413
1400,1410
1412,1431
1411,1435
1417,1433
1408,1434
1441,1420
1428,1423
1429,1443
1424,1442
1444,1453
1434,1444
1416,1432
1442,1449
1420,1455
1440,1449
1459,1451
1450,1442
1432,1448
1466,1446
1460,1463
1449,1457
1463,1457
1460,1439
1447,1461
1456,1473
1470,1465
1483,1457
1465,1472
1469,1453
1458,1463
1472,1479
1466,1468
1477,1454
1468,1462
1465,1443
1462,1465
1493,1472
1481,1467
1472,1479
1476,1464
1460,1474
1471,1464
1453,1460
1471,1476
1478,1453
1468,1467
1475,1464
1480,1471
1463,1467
1476,1474
1482,1463
1478,1448
1473,1478
1467,1467
1476,1453
1472,1462
1460,1462
1487,1456
1467,1456
1482,1446
1444,1430
1480,1453
1446,1453
1475,1449
1464,1432
1454,1425
1455,1437
1457,1432
1474,1433
1457,1434
1471,1446
1452,1439
1465,1430
1446,1429
1450,1414
1465,1426
1465,1431
1456,1423
1441,1423
1448,1413
1439,1421
1423,1413
1416,1414
1434,1405
1441,1393
1436,1396
1428,1421
1430,1412
1418,1407
1437,1398
1426,1407
1410,1397
1396,1398
1416,1398
1411,1390
1410,1389
1384,1389
1400,1395
1406,1399
1397,1374
1389,1369
1393,1371
1383,1381
1384,1371
1381,1353
1399,1363
1386,1374
1376,1374
1377,1358
1360,1362
1371,1358
1374,1355
1361,1347
1368,1342
1364,1355
1355,1354
1357,1356
1345,1354
1357,1350
1359,1363
1341,1342
1355,1343
1343,1344
1358,1336
1351,1328
1335,1357
1327,1337
1338,1352
1353,1344
1344,1334
1336,1337
1338,1334
1344,1350
1327,1343
1322,1342
1304,1342
1331,1338
1350,1334
1343,1333
1327,1344
1319,1319
1327,1326
1335,1337
1315,1333
1335,1323
1335,1333
1322,1324
1326,1346
1313,1321
1328,1325
1345,1335
1324,1339
1342,1326
1333,1357
1331,1337
1309,1330
1326,1335
1310,1347
1323,1338
1324,1330
1347,1336
1329,1359
1322,1349
1331,1360
1325,1348
1345,1345
1334,1351
1331,1370
1331,1350
1330,1363
1343,1359
1348,1357
1340,1346
1339,1380
1336,1349
1350,1349
1356,1379
1356,1362
1360,1370
1354,1380
1316,1375
1358,1388
1346,1384
1356,1385
1352,1370
1358,1378
1365,1378
1367,1396
1388,1380
1362,1391
1359,1393
1392,1406
1385,1398
1374,1408
1385,1402
1381,1405
1392,1411
1378,1410
1396,1395
1375,1410
1393,1427
1402,1414
1395,1429
1394,1411
1403,1415
1407,1423
1418,1422
1409,1438
1406,1432
1402,1429
1398,1436
1418,1428
1424,1423
1436,1432
1427,1443
1414,1448
1423,1451
1433,1429
1435,1450
1441,1449
1438,1454
1461,1429
1460,1442
1439,1439
1434,1422
1445,1452
1455,1452
1429,1451
1455,1453
1459,1458
1445,1456
1464,1457
1438,1455
1450,1455
1464,1456
1450,1462
1445,1464
1457,1453
1471,1455
1460,1464
1464,1470
1468,1462
1473,1477
1465,1468
1472,1457
1462,1452
1491,1452
1482,1459
1467,1454
1481,1477
1483,1462
1474,1469
1454,1463
1468,1466
1470,1451
1477,1453
1469,1487
1486,1453
1477,1462
1482,1461
1485,1437
1466,1464
1474,1453
1466,1444
1462,1461
1483,1451
1478,1446
1471,1450
1469,1441
1478,1457
1460,1430
1479,1433
1446,1435
1453,1440
1450,1430
1453,1440
1464,1440
1437,1436
1452,1440
1450,1431
1468,1427
1451,1439
1462,1423
1452,1450
1439,1413
1429,1433
1451,1425
1438,1443
1449,1423
1442,1423
1444,1414
1439,1426
1420,1414
1426,1392
1426,1408
1407,1401
1431,1407
1438,1404
1419,1404
1422,1391
1422,1405
1422,1401
1405,1396
1420,1382
1407,1374
1397,1392
1392,1391
1390,1379
1381,1381
1400,1385
1377,1388
1393,1380
1391,1369
1386,1365
1383,1376
1389,1365
1401,1365
1399,1359
1383,1366
1378,1354
1362,1369
1377,1362
1366,1359
1343,1352
1348,1363
1350,1354
1368,1348
1348,1358
1365,1358
1374,1365
1346,1352
1375,1358
1366,1335
1351,1352
1330,1357
1323,1340
1353,1336
1334,1321
1339,1335
1338,1351
1346,1357
1353,1346
1338,1325
1330,1345
1331,1339
1335,1326
1320,1330
1333,1341
1338,1332
1345,1352
1330,1324
1337,1331
1331,1348
1343,1347
1334,1347
1325,1334
1334,1333
1329,1349
1338,1347
1330,1324
1321,1338
1333,1340
1324,1328
1341,1342
1316,1335
1330,1330
1323,1353
1315,1331
1340,1350
1320,1357
1325,1342
1322,1358
1322,1360
1344,1354
1336,1362
1322,1356
1333,1358
1340,1361
1346,1359
1342,1361
1339,1350
1341,1358
1340,1356
1344,1361
1340,1356
1349,1367
1352,1373
1348,1384
1340,1368
1338,1381
1361,1385
1367,1378
1356,1386
1337,1376
1337,1383
1360,1382
1372,1396
1355,1399
1372,1388
1381,1403
1383,1403
1393,1397
1380,1396
1403,1414
1371,1404
1395,1408
1388,1410
1400,1402
1391,1418
1397,1403
1398,1416
1395,1406
1420,1414
1386,1411
1411,1430
1389,1421
1396,1426
1404,1439
1412,1444
1405,1428
1412,1430
1419,1432
1432,1431
1442,1435
1439,1426
1424,1429
1422,1442
1423,1444
1428,1433
1446,1429
1439,1450
1447,1449
1426,1440
1435,1447
1462,1452
1458,1450
1464,1442
1452,1459
1454,1447
1461,1472
1471,1463
1437,1451
1459,1456
1465,1447
1464,1463
1446,1441
1464,1466
1466,1464
1457,1460
1452,1470
1470,1469
1463,1454
1459,1464
1461,1465
1456,1458
1468,1459
1466,1467
1464,1459
1464,1467
1482,1447
1468,1442
1484,1466
1469,1446
1475,1461
1448,1462
1504,1454
1466,1458
1488,1471
1474,1458
1474,1441
1479,1459
1477,1455
1467,1452
1482,1453
1470,1468
1471,1452
1458,1440
1455,1460
1466,1432
1465,1440
1462,1438
1474,1439
1457,1450
1480,1435
1467,1452
1465,1424
1468,1435
1443,1446
1450,1420
1468,1434
1452,1449
1466,1435
1447,1412
1447,1414
1452,1430
1437,1430
1433,1422
1423,1418
1428,1427
1435,1418
1454,1422
1431,1414
1439,1401
1435,1421
1423,1416
1420,1413
1427,1393
1431,1405
1422,1407
1413,1423
1422,1396
1421,1410
1419,1386
1411,1388
1417,1390
1401,1382
1397,1382
1396,1362
1398,1376
1377,1379
1388,1374
1377,1375
1389,1379
1378,1371
1366,1382
1381,1367
1374,1377
1381,1364
1404,1363
1389,1366
1374,1354
1373,1358
1363,1368
1371,1361
1376,1363
1365,1363
1344,1367
1361,1365
1350,1328
1362,1354
1338,1355
1351,1361
1347,1363
1357,1347
1364,1347
1325,1356
1367,1356
1337,1332
1348,1337
1344,1338
1347,1338
1347,1341
1340,1348
1327,1347
1344,1341
1331,1344
1336,1343
1336,1342
1344,1340
1318,1340
1336,1340
1334,1344
1330,1343
1351,1336
1331,1341
1332,1352
1333,1325
1323,1337
1323,1348
1322,1326
1326,1324
1324,1340
1316,1358
1324,1330
1321,1350
1354,1334
1319,1339
1328,1359
1339,1348
1348,1351
1333,1329
1328,1345
1345,1342
1337,1345
1344,1353
1358,1356
1368,1365
1339,1346
1340,1375
1343,1353
1334,1365
1333,1369
1359,1362
1335,1371
1361,1375
1351,1383
1350,1358
1362,1373
1347,1370
1349,1373
1349,1387
1368,1385
1360,1374
1366,1389
1363,1365
1363,1391
1374,1380
1349,1387
1350,1377
1378,1405
1391,1385
1376,1397
1374,1399
1380,1388
1370,1388
1382,1392
1384,1405
1392,1401
1393,1411
1393,1396
1390,1400
1396,1414
1384,1411
1405,1413
1405,1407
1416,1416
1388,1420
1414,1404
1412,1410
1392,1426
1411,1428
1433,1437
1410,1437
1419,1437
1415,1428
1423,1427
1428,1441
1413,1459
1433,1435
1444,1440
1413,1448
1434,1442
1410,1435
1427,1436
1426,1438
1449,1446
1448,1442
1437,1451
1441,1442
1458,1444
1450,1435
1450,1456
1444,1456
1460,1450
1461,1434
1464,1478
1465,1455
1439,1462
1461,1456
1449,1455
1452,1448
1467,1464
1483,1460
1485,1467
1462,1452
1460,1464
1482,1458
1486,1452
1459,1445
1472,1459
1459,1459
1462,1457
1461,1448
1470,1468
1446,1464
1454,1465
1480,1450
1468,1462
1453,1452
1483,1465
1458,1462
1469,1441
1476,1446
1479,1445
1449,1448
1459,1456
1458,1463
1472,1436
1462,1450
1453,1446
1469,1438
1470,1440
1445,1440
1458,1444
1469,1443
1459,1442
1467,1451
1445,1443
1441,1433
1451,1440
1446,1444
1455,1447
1435,1427
1444,1433
1465,1428
1454,1422
1450,1424
1456,1427
1443,1420
1450,1442
1435,1417
1441,1410
1416,1414
1439,1418
1415,1414
1422,1417
1420,1413
1429,1397
1412,1396
1422,1418
1412,1390
1425,1392
1406,1402
1396,1394
1414,1397
1405,1379
1396,1387
1384,1387
1414,1389
1408,1381
1381,1386
1401,1382
1398,1365
1403,1384
1389,1368
1381,1367
1392,1381
1378,1373
1365,1387
1391,1373
1385,1368
1384,1373
1359,1361
1384,1365
1372,1366
1360,1358
1376,1363
1375,1362
1362,1342
1365,1363
1375,1359
1369,1378
1357,1356
1352,1352
1358,1345
1347,1359
1346,1356
1342,1341
1359,1354
1348,1346
1355,1339
1338,1352
1343,1348
1339,1345
1348,1344
1328,1338
1332,1349
1352,1342
1338,1338
1349,1354
1332,1331
1318,1349
1347,1332
1345,1330
1329,1355
1331,1334
1344,1341
1311,1348
1333,1340
1320,1352
1331,1349
1345,1347
1360,1352
1325,1350
1331,1353
1339,1341
1330,1351
1323,1355
1340,1352
1334,1339
1336,1354
1323,1364
1352,1338
1332,1354
1328,1366
1348,1360
1340,1356
1328,1355
1346,1348
1333,1352
1342,1370
1344,1343
1338,1348
1340,1364
1336,1353
1351,1342
1338,1355
1336,1371
1350,1360
1364,1359
1348,1363
1332,1359
1356,1365
1351,1381
1341,1379
1357,1378
1360,1388
1368,1388
1375,1393
1363,1396
1380,1391
1379,1394
1369,1399
1368,1384
1384,1376
1366,1386
1384,1396
1361,1398
1389,1383
1397,1399
1383,1396
1398,1404
1401,1387
1366,1415
1392,1413
1414,1415
1397,1406
1395,1415
1388,1413
1395,1423
1422,1428
1403,1421
1406,1428
1418,1405
1418,1431
1412,1440
1419,1447
1424,1425
1428,1426
1419,1436
1412,1441
1428,1429
1442,1445
1432,1450
1424,1430
1441,1438
1434,1436
1423,1425
1431,1445
1436,1436
1437,1465
1453,1445
1448,1442
1432,1447
1445,1459
1449,1450
1451,1443
1450,1463
1444,1457
1456,1458
1463,1441
1449,1455
1454,1461
1454,1464
1470,1446
1469,1455
1460,1470
1451,1444
1446,1466
1470,1441
1438,1444
1479,1457
1475,1447
1469,1465
1451,1453
1463,1451
1454,1446
1466,1444
1461,1456
1491,1455
1466,1450
1462,1449
1454,1461
1459,1449
1459,1456
1456,1442
1458,1449
1453,1449
1447,1453
1465,1444
1463,1447
1473,1439
1459,1458
1474,1450
1440,1456
1436,1431
1447,1451
1467,1440
1476,1438
1463,1441
1441,1439
1470,1440
1458,1433
1459,1419
1458,1419
1459,1434
1453,1439
1442,1433
1443,1430
1452,1431
1440,1440
1448,1421
1439,1423
1430,1421
1447,1412
1436,1414
1438,1405
1433,1423
1428,1407
1430,1411
1435,1412
1401,1392
1443,1408
1420,1407
1406,1400
1426,1413
1413,1391
1418,1402
1398,1385
1435,1393
1400,1403
1408,1388
1403,1393
1407,1391
1414,1391
1398,1399
1395,1365
1401,1378
1380,1365
1392,1383
1401,1386
1387,1371
1389,1388
1397,1378
1387,1366
1369,1364
1376,1379
1372,1372
1383,1375
1386,1377
1392,1370
1385,1346
1356,1360
1371,1346
1361,1357
1385,1354
1363,1368
1362,1352
1363,1369
1342,1357
1363,1358
1360,1349
1348,1370
1353,1350
1339,1362
1330,1363
1352,1352
1321,1349
1341,1363
1366,1353
1338,1350
1335,1333
1337,1345
1339,1330
1343,1352
1341,1349
1327,1334
1331,1344
1318,1338
1307,1342
1334,1337
1330,1355
1328,1326
1342,1342
1352,1347
1331,1354
1322,1323
1338,1344
1321,1331
1317,1344
1332,1353
1354,1354
1314,1370
1320,1343
1342,1348
1324,1355
1339,1338
1331,1349
1329,1355
1331,1346
1349,1347
1335,1341
1339,1348
1326,1358
1332,1348
1341,1353
1360,1349
1333,1368
1325,1382
1360,1368
1323,1359
1334,1360
1345,1354
1337,1365
1341,1374
1351,1373
1361,1376
1341,1371
1358,1379
1352,1370
1357,1372
1370,1382
1353,1380
1361,1384
1350,1396
1374,1383
1370,1385
1378,1383
1357,1396
1362,1388
1370,1389
1374,1384
1377,1389
1392,1407
1389,1398
1379,1389
1384,1400
1393,1405
1386,1413
1393,1406
1368,1404
1391,1420
1384,1408
1404,1413
1408,1406
1396,1428
1409,1409
1400,1424
1385,1416
1415,1417
1412,1420
1404,1430
1424,1418
1388,1431
1415,1427
1424,1423
1419,1433
1424,1424
1440,1445
1425,1429
1421,1440
1441,1430
1432,1438
1441,1438
1426,1437
1442,1450
1448,1439
1447,1436
1437,1457
1419,1451
1443,1447
1436,1463
1459,1453
1440,1449
1424,1435
1454,1453
1458,1445
1434,1431
1452,1459
1464,1448
1446,1467
1463,1460
1450,1463
1478,1452
1451,1472
1456,1454
1455,1467
1463,1458
1468,1462
1463,1448
1464,1461
1441,1453
1462,1459
1458,1466
1458,1455
1478,1458
1458,1448
1460,1456
1463,1462
1466,1454
1473,1448
1485,1447
1465,1449
1451,1441
1490,1461
1469,1434
1475,1434
1461,1449
1475,1447
1465,1457
1470,1432
1458,1443
1457,1450
1481,1446
1473,1444
1478,1432
1469,1450
1449,1439
1468,1451
1439,1438
1435,1432
1443,1431
1434,1436
1443,1417
1454,1433
1442,1429
1444,1428
1446,1413
1438,1429
1429,1433
1443,1416
1436,1418
1445,1437
1455,1418
1433,1423
1447,1406
1430,1420
1450,1411
1402,1390
1425,1413
1421,1406
1444,1423
1414,1390
1430,1403
1421,1420
1427,1390
1421,1405
1410,1406
1421,1409
1406,1413
1386,1380
1396,1403
1407,1396
1413,1400
1416,1388
1407,1392
1389,1395
1389,1397
1401,1377
1401,1376
1393,1370
1390,1382
1393,1383
1413,1362
1387,1373
1398,1368
1387,1372
1365,1376
1384,1391
1381,1348
1361,1355
1386,1360
1367,1378
1372,1347
1383,1358
1376,1357
1368,1355
1350,1366
1350,1352
1349,1359
1349,1350
1377,1362
1375,1346
1368,1342
1339,1353
1345,1348
1370,1341
1357,1351
1331,1360
1350,1350
1340,1353
1339,1346
1348,1340
1340,1348
1337,1348
1323,1339
1350,1345
1331,1355
1334,1343
1347,1341
1348,1332
1337,1331
1353,1354
1349,1340
1344,1357
1332,1355
1343,1334
1323,1341
1321,1359
1352,1350
1346,1347
1309,1350
1342,1347
1341,1341
1330,1346
1322,1356
1335,1354
1322,1352
1350,1338
1330,1347
1323,1347
1346,1357
1302,1351
1329,1335
1341,1360
1343,1352
1344,1371
1350,1353
1345,1356
1334,1354
1335,1369
1339,1359
1330,1374
1359,1368
1359,1388
1343,1370
1340,1384
1366,1386
1348,1385
1362,1373
1364,1370
1369,1380
1346,1370
1378,1372
1350,1382
1360,1376
1378,1375
1358,1372
1372,1392
1376,1398
1380,1399
1370,1377
1380,1388
1376,1400
1362,1390
1392,1386
1371,1396
1397,1392
1396,1384
1376,1402
1377,1403
1401,1399
1404,1407
1409,1413
1367,1417
1398,1415
1396,1412
1391,1431
1408,1417
1385,1430
1383,1411
1393,1424
1410,1415
1435,1428
1424,1417
1410,1429
1406,1433
1413,1436
1420,1426
1428,1431
1430,1423
1435,1427
1439,1424
1422,1440
1426,1426
1440,1437
1436,1423
1433,1444
1442,1446
1424,1445
1448,1438
1456,1457
1424,1456
1434,1453
1431,1444
1443,1440
1462,1450
1460,1448
1471,1459
1440,1453
1474,1445
1458,1448
1475,1452
1447,1439
1446,1453
1457,1467
1438,1451
1445,1446
1468,1445
1471,1464
1456,1460
1474,1452
1467,1449
1472,1452
1468,1450
1464,1466
1477,1459
1464,1454
1477,1469
1475,1453
1460,1447
1459,1454
1469,1453
1475,1444
1467,1449
1461,1445
1473,1467
1484,1450
1450,1446
1466,1442
1472,1448
1476,1452
1462,1448
1467,1450
1463,1450
1462,1455
1452,1442
1463,1440
1459,1440
1449,1429
1447,1436
1452,1432
1441,1445
1451,1443
1439,1431
1448,1431
1441,1437
1462,1430
1445,1433
1435,1428
1443,1417
1444,1439
1435,1406
1448,1424
1446,1426
1454,1414
1449,1423
1423,1421
1441,1404
1435,1421
1437,1419
1430,1406
1424,1397
1428,1395
1418,1411
1437,1412
1445,1400
1405,1418
1401,1414
1412,1401
1412,1394
1416,1404
1418,1402
1402,1392
1417,1395
1412,1383
1415,1406
1395,1394
1385,1398
1387,1390
1387,1397
1395,1386
1398,1390
1375,1392
1374,1374
1386,1384
1379,1369
1383,1375
1377,1367
1389,1367
1381,1376
1372,1380
1377,1365
1373,1360
1382,1377
1380,1350
1368,1349
1361,1365
1377,1378
1367,1363
1364,1363
1373,1351
1353,1363
1370,1361
1361,1344
1344,1363
1354,1351
1347,1352
1352,1353
1371,1351
1345,1344
1330,1351
1361,1349
1338,1358
1361,1355
1364,1344
1327,1340
1334,1349
1317,1352
1349,1338
1352,1350
1332,1351
1355,1346
1337,1365
1329,1337
1342,1351
1342,1361
1329,1356
1342,1353
1344,1342
1334,1332
1333,1337
1327,1340
1344,1349
1329,1350
1338,1340
1326,1361
1340,1350
1347,1361
1330,1345
1346,1333
1347,1346
1326,1350
1338,1337
1344,1350
1340,1337
1345,1367
1352,1358
1346,1355
1341,1363
1333,1354
1343,1368
1327,1356
1326,1354
1342,1342
1340,1365
1354,1379
1354,1344
1358,1370
1360,1358
1368,1373
1373,1374
1357,1367
1367,1366
1377,1358
1369,1356
1369,1382
1347,1380
1352,1382
1345,1361
1372,1370
1365,1375
1362,1373
1383,1384
1371,1387
1370,1383
1382,1384
1353,1394
1388,1386
1375,1387
1380,1398
1376,1388
1373,1389
1396,1404
1374,1380
1399,1423
1393,1407
1405,1419
1399,1405
1388,1412
1395,1421
1400,1409
1401,1418
1412,1428
1411,1409
1387,1398
1402,1435
1407,1421
1421,1432
1430,1421
1409,1418
1417,1406
1423,1438
1411,1422
1414,1430
1425,1435
1440,1427
1426,1436
1408,1442
1416,1426
1441,1431
1433,1434
1417,1438
1423,1438
1432,1437
1443,1437
1430,1440
1436,1437
1450,1448
1427,1449
1442,1452
1447,1443
1439,1448
1432,1459
1457,1441
1443,1453
1469,1448
1462,1454
1467,1446
1451,1445
1462,1457
1456,1455
1464,1457
1459,1443
1468,1465
1468,1442
1461,1446
1465,1452
1446,1477
1455,1468
1469,1450
1454,1451
1488,1466
1478,1455
1462,1456
1467,1480
1443,1454
1462,1451
1446,1437
1460,1454
1466,1456
1465,1456
1470,1452
1493,1443
1460,1438
1464,1446
1455,1446
1460,1451
1454,1439
1454,1451
1462,1453
1482,1443
1466,1442
1478,1448
1447,1440
1447,1433
1460,1437
1467,1432
1464,1439
1461,1446
1466,1433
1461,1434
1446,1426
1434,1424
1441,1426
1455,1426
1465,1428
1447,1421
1430,1408
1464,1438
1448,1420
1441,1427
1439,1425
1434,1418
1441,1412
1421,1423
1435,1419
1427,1423
1430,1427
1413,1402
1422,1414
1439,1399
1444,1410
1416,1411
1424,1414
1431,1404
1411,1407
1411,1408
1412,1399
1411,1409
1404,1405
1413,1395
1415,1395
1415,1402
1381,1390
1407,1402
1387,1382
1384,1370
1412,1365
1406,1375
1377,1380
1377,1390
1394,1354
1377,1362
1380,1376
1391,1361
1382,1369
1398,1387
1374,1358
1366,1370
1361,1369
1393,1363
1373,1370
1367,1357
1381,1359
1375,1360
1366,1368
1364,1356
1377,1356
1372,1355
1363,1352
1360,1348
1376,1348
1357,1356
1343,1355
1371,1364
1348,1342
1342,1346
1363,1360
1352,1349
1341,1354
1361,1354
1354,1343
1329,1342
1349,1342
1358,1338
1319,1354
1337,1352
1333,1342
1342,1337
1329,1343
1356,1345
1354,1351
1343,1343
1338,1369
1346,1333
1333,1347
1324,1344
1330,1351
1348,1358
1347,1351
1327,1351
1347,1353
1332,1346
1352,1353
1343,1337
1331,1355
1321,1333
1332,1328
1331,1351
1318,1361
1318,1378
1355,1364
1348,1346
1332,1333
1351,1356
1347,1360
1333,1350
1351,1352
1323,1364
1344,1333
1328,1362
1362,1364
1356,1381
1323,1353
1352,1349
1349,1374
1377,1362
1335,1369
1329,1375
1344,1375
1363,1371
1349,1370
1361,1371
1368,1374
1357,1381
1347,1381
1343,1373
1356,1380
1364,1386
1366,1371
1366,1377
1372,1390
1390,1391
1341,1398
1375,1377
1372,1395
1367,1398
1387,1383
1371,1394
1366,1395
1380,1408
1383,1389
1376,1408
1394,1404
1408,1391
1382,1404
1386,1398
1391,1392
1395,1392
1395,1414
1392,1402
1401,1411
1375,1418
1403,1416
1418,1421
1410,1427
1414,1426
1427,1420
1412,1426
1403,1414
1418,1424
1422,1423
1405,1427
1420,1450
1429,1420
1402,1446
1437,1427
1408,1438
1409,1431
1432,1459
1434,1441
1434,1441
1435,1455
1400,1448
1423,1418
1441,1430
1428,1440
1435,1435
1443,1453
1453,1462
1451,1442
1448,1443
1453,1447
1459,1439
1450,1451
1456,1447
1450,1452
1462,1448
1429,1459
1457,1448
1464,1425
1446,1456
1464,1449
1466,1458
1452,1448
1469,1442
1447,1445
1467,1450
1460,1448
1462,1467
1455,1451
1460,1468
1474,1458
1450,1458
1457,1445
1455,1452
1453,1447
1474,1462
1468,1445
1465,1451
1471,1446
1451,1441
1484,1450
1476,1449
1451,1448
1474,1448
1467,1439
1442,1447
1462,1448
1469,1452
1457,1449
1456,1442
1455,1455
1470,1430
1482,1449
1437,1447
1454,1439
1452,1436
1475,1443
1472,1434
1456,1438
1473,1434
1454,1436
1446,1429
1449,1427
1440,1442
1452,1416
1444,1428
1447,1428
1452,1417
1441,1425
1448,1432
1434,1434
1438,1415
1442,1417
1440,1423
1418,1418
1425,1433
1414,1417
1426,1408
1420,1404
1445,1414
1425,1417
1419,1398
1419,1405
1407,1404
1415,1400
1424,1394
1399,1398
1419,1403
1423,1402
1413,1392
1409,1387
1411,1385
1384,1390
1410,1390
1401,1377
1394,1371
1397,1389
1422,1379
1408,1381
1397,1384
1404,1375
1394,1380
1393,1377
1378,1371
1389,1364
1393,1369
1365,1366
1392,1368
1363,1363
1377,1378
1368,1372
1371,1379
1374,1361
1352,1374
1357,1364
1345,1367
1379,1356
1378,1371
1362,1351
1347,1355
1366,1358
1360,1353
1370,1353
1347,1365
1364,1353
1359,1351
1365,1331
1357,1357
1345,1355
1357,1352
1353,1333
1375,1355
1350,1344
1353,1348
1343,1364
1358,1337
1330,1351
1332,1343
1339,1346
1347,1358
1344,1329
1363,1338
1362,1335
1332,1350
1336,1333
1329,1353
1334,1351
1339,1354
1340,1349
1338,1345
1318,1333
1354,1353
1323,1344
1344,1344
1334,1340
1338,1347
1333,1333
1342,1353
1341,1340
1338,1348
1330,1343
1312,1353
1331,1328
1320,1347
1345,1353
1333,1354
1334,1365
1341,1350
1338,1350
1343,1365
1335,1361
1358,1376
1334,1368
1335,1351
1333,1351
1356,1356
1348,1365
1350,1369
1344,1359
1348,1365
1358,1374
1344,1368
1340,1369
1357,1381
1356,1371
1359,1367
1381,1388
1373,1372
1347,1374
1361,1367
1374,1383
1361,1368
1364,1374
1364,1386
1368,1385
1361,1397
1366,1394
1359,1381
1377,1391
1366,1391
1385,1399
1364,1413
1389,1392
1384,1387
1383,1415
1398,1407
1385,1398
1380,1400
1378,1407
1399,1413
1383,1414
1413,1404
1393,1421
1409,1412
1407,1415
1398,1409
1396,1401
1408,1415
1419,1423
1405,1422
1422,1413
1419,1439
1426,1432
1419,1447
1404,1431
1445,1424
1430,1413
1428,1438
1429,1419
1420,1426
1417,1440
1419,1452
1436,1441
1425,1435
1438,1436
1410,1422
1457,1441
1440,1435
1411,1436
1456,1441
1446,1443
1427,1427
1435,1463
1447,1445
1440,1451
1447,1452
1440,1454
1455,1459
1449,1451
1449,1454
1458,1457
1444,1438
1455,1445
1426,1473
1475,1449
1434,1462
1461,1451
1461,1464
1465,1454
1466,1458
1457,1460
1455,1455
1455,1451
1469,1454
1467,1461
1467,1444
1459,1454
1461,1465
1486,1464
1464,1458
1463,1444
1458,1464
1457,1455
1468,1431
1464,1457
1461,1455
1455,1448
1480,1438
1475,1444
1477,1462
1456,1438
1449,1434
1471,1464
1465,1448
1454,1449
1467,1434
1487,1438
1467,1457
1467,1450
1445,1444
1454,1438
1462,1432
1476,1441
1452,1443
1459,1415
1452,1437
1445,1429
1459,1447
1453,1436
1452,1438
1453,1437
1432,1430
1450,1431
1462,1422
1440,1429
1435,1434
1461,1434
1416,1422
1446,1426
1450,1414
1434,1411
1431,1421
1447,1407
1448,1413
1428,1417
1426,1392
1438,1414
1425,1418
1429,1410
1428,1400
1423,1411
1423,1397
1415,1405
1421,1400
1395,1399
1404,1402
1402,1399
1383,1394
1399,1395
1415,1382
1392,1393
1383,1394
1388,1382
1397,1389
1397,1385
1410,1372
1401,1396
1399,1379
1384,1360
1384,1369
1391,1383
1390,1376
1372,1375
1379,1367
1401,1360
1389,1362
1384,1365
1380,1370
1367,1366
1367,1356
1386,1381
1362,1352
1387,1378
1359,1371
1376,1363
1375,1374
1357,1354
1372,1355
1354,1358
1371,1359
1366,1349
1355,1358
1347,1352
1341,1340
1357,1345
1351,1341
1338,1355
1357,1349
1339,1349
1341,1343
1346,1344
1334,1352
1330,1343
1337,1341
1362,1351
1336,1357
1328,1338
1338,1336
1344,1335
1351,1339
1339,1335
1349,1356
1346,1344
1331,1346
1338,1330
1349,1336
1319,1342
1335,1326
1336,1344
1345,1353
1344,1351
1333,1335
1337,1336
1327,1328
1362,1349
1343,1341
1333,1358
1339,1334
1319,1348
1330,1343
1337,1352
1326,1363
1327,1351
1348,1349
1349,1353
1342,1345
1343,1351
1331,1363
1350,1354
1341,1341
1352,1371
1355,1357
1323,1369
1342,1338
1346,1360
1332,1360
1355,1361
1334,1363
1360,1367
1364,1359
1365,1384
1355,1376
1350,1350
1364,1369
1357,1386
1355,1376
1356,1364
1383,1363
1341,1387
1333,1388
1368,1386
1347,1394
1364,1361
1364,1379
1352,1392
1378,1390
1359,1384
1381,1388
1379,1382
1377,1392
1378,1388
1372,1379
1405,1395
1379,1397
1390,1400
1382,1421
1395,1384
1388,1412
1384,1420
1392,1404
1389,1406
1393,1402
1401,1418
1376,1398
1403,1430
1393,1408
1397,1409
1401,1424
1400,1410
1383,1418
1409,1416
1426,1425
1426,1429
1430,1409
1412,1429
1402,1432
1416,1433
1411,1433
1431,1421
1429,1443
1431,1429
1413,1441
1439,1427
1423,1452
1432,1414
1421,1443
1441,1440
1442,1430
1438,1434
1443,1427
1431,1436
1445,1451
1450,1439
1430,1442
1446,1458
1447,1449
1450,1445
1458,1459
1446,1440
1446,1452
1451,1437
1454,1447
1459,1440
1468,1452
1431,1450
1447,1465
1457,1453
1461,1476
1460,1476
1478,1449
1462,1455
1467,1454
1463,1442
1458,1471
1449,1455
1466,1450
1456,1450
1460,1466
1469,1445
1461,1453
1463,1462
1450,1452
1452,1483
1450,1457
1477,1447
1460,1452
1454,1455
1490,1454
1459,1445
1455,1450
1469,1453
1475,1445
1469,1470
1461,1432
1456,1453
1458,1443
1449,1454
1452,1435
1456,1451
1466,1443
1464,1426
1441,1436
1453,1445
1448,1437
1483,1447
1465,1429
1456,1428
1449,1433
1439,1443
1453,1443
1433,1418
1455,1454
1460,1430
1448,1426
1460,1427
1446,1425
1453,1408
1437,1413
1414,1433
1449,1433
1434,1426
1439,1431
1454,1417
1423,1428
1421,1411
1451,1412
1394,1418
1428,1423
1419,1414
1417,1418
1434,1400
1394,1405
1422,1412
1427,1406
1418,1395
1398,1405
1402,1399
1420,1410
1407,1394
1414,1400
1411,1398
1413,1401
1410,1381
1410,1390
1380,1384
1412,1383
1413,1384
1398,1381
1407,1378
1384,1382
1390,1365
1385,1372
1366,1398
1379,1371
1379,1367
1389,1357
1374,1392
1376,1361
1380,1370
1373,1365
1368,1369
1382,1374
1378,1371
1370,1357
1359,1352
1368,1375
1376,1359
1370,1366
1358,1355
1378,1348
1364,1368
1353,1365
1364,1363
1371,1355
1356,1342
1353,1347
1360,1362
1333,1357
1350,1353
1356,1345
1347,1372
1330,1356
1330,1351
1350,1351
1328,1340
1338,1360
1330,1348
1331,1337
1335,1344
1336,1335
1332,1343
1343,1315
1341,1348
1317,1332
1318,1350
1331,1340
1336,1340
1334,1332
1331,1350
1338,1339
1326,1329
1334,1325
1315,1339
1330,1337
1329,1346
1317,1348
1318,1338
1337,1339
1336,1352
1333,1352
1336,1332
1344,1353
1354,1346
1340,1339
1339,1335
1357,1340
1339,1357
1333,1348
1306,1343
1342,1356
1319,1354
1328,1363
1326,1355
1345,1351
1337,1351
1337,1348
1354,1357
1337,1351
1330,1371
1346,1349
1338,1368
1344,1357
1347,1360
1365,1366
1348,1374
1339,1367
1346,1381
1350,1381
1345,1377
1348,1365
1348,1369
1331,1368
1344,1375
1360,1391
1357,1373
1361,1373
1368,1369
1366,1384
1371,1380
1380,1390
1352,1398
1373,1380
1381,1389
1374,1398
1356,1398
1378,1410
1370,1407
1378,1391
1372,1417
1373,1398
1383,1390
1367,1403
1385,1409
1395,1393
1396,1399
1407,1407
1392,1413
1399,1416
1403,1421
1390,1418
1392,1422
1389,1415
1408,1424
1411,1418
1390,1426
1392,1426
1419,1416
1405,1416
1409,1420
1404,1442
1404,1417
1423,1422
1414,1429
1440,1418
1421,1428
1448,1442
1429,1426
1446,1435
1444,1437
1428,1440
1428,1427
1438,1453
1430,1441
1447,1437
1427,1443
1443,1438
1451,1453
1448,1458
1464,1458
1456,1453
1455,1451
1452,1453
1443,1453
1438,1445
1451,1451
1459,1447
1466,1453
1457,1445
1460,1456
1447,1451
1443,1444
1447,1463
1475,1451
1458,1460
1482,1436
1448,1452
1441,1460
1462,1456
1456,1465
1468,1461
1466,1450
1463,1465
1460,1446
1465,1453
1459,1464
1487,1463
1458,1457
1458,1461
1473,1446
1469,1453
1481,1447
1478,1446
1453,1446
1464,1452
1473,1466
1464,1453
1449,1456
1447,1449
1482,1451
1466,1443
1463,1459
1478,1454
1463,1445
1478,1457
1463,1446
1435,1456
1474,1463
1477,1435
1470,1447
1467,1436
1472,1454
1448,1457
1449,1424
1461,1430
1470,1442
1464,1436
1448,1441
1444,1450
1459,1439
1450,1429
1442,1429
1456,1434
1455,1427
1441,1431
1445,1416
1440,1416
1454,1428
1440,1410
1437,1410
1432,1409
1414,1421
1432,1415
1437,1424
1432,1416
1435,1412
1446,1417
1424,1396
1427,1406
1442,1420
1417,1408
1421,1409
1425,1409
1418,1403
1421,1394
1408,1412
1408,1408
1393,1401
1402,1388
1400,1392
1392,1386
1405,1393
1392,1380
1406,1384
1387,1389
1391,1371
1409,1397
1381,1381
1378,1375
1393,1366
1393,1382
1382,1369
1376,1364
1373,1369
1396,1363
1367,1375
1386,1350
1377,1368
1381,1359
1369,1365
1379,1363
1381,1364
1379,1374
1376,1352
1380,1348
1367,1366
1368,1346
1350,1349
1342,1365
1373,1339
1371,1358
1382,1358
1356,1355
1362,1357
1364,1346
1335,1337
1339,1345
1348,1352
1331,1348
1346,1352
1361,1324
1342,1343
1343,1359
1320,1335
1329,1331
1348,1352
1343,1331
1349,1344
1346,1341
1351,1348
1327,1347
1331,1346
1309,1349
1321,1349
1337,1333
1347,1345
1346,1341
1322,1317
1316,1345
1346,1334
1342,1335
1332,1353
1320,1352
1329,1332
1336,1346
1313,1352
1342,1342
1309,1342
1311,1345
1339,1339
1325,1342
1337,1320
1342,1345
1324,1342
1355,1371
1331,1347
1337,1350
1326,1361
1336,1344
1346,1339
1319,1340
1342,1354
1336,1343
1336,1355
1340,1354
1340,1352
1341,1363
1340,1354
1333,1364
1335,1348
1349,1362
1342,1351
1349,1346
1337,1368
1350,1371
1346,1358
1355,1371
1346,1372
1362,1365
1335,1351
1342,1365
1367,1371
1364,1373
1351,1370
1342,1371
1344,1395
1366,1387
1352,1372
1359,1385
1374,1389
1351,1399
1380,1396
1363,1393
1351,1389
1370,1389
1370,1396
1351,1399
1375,1374
1375,1407
1379,1382
1396,1390
1393,1403
1399,1406
1376,1403
1396,1403
1383,1393
1394,1408
1391,1420
1384,1401
1390,1403
1398,1402
1400,1412
1406,1407
1417,1425
1410,1415
1413,1426
1403,1438
1414,1427
1421,1421
1423,1440
1411,1435
1418,1422
1418,1439
1425,1436
1409,1437
1410,1436
1417,1430
1420,1428
1401,1440
1448,1431
1445,1444
1442,1453
1437,1447
1454,1438
1454,1445
1427,1447
1463,1434
1450,1451
1459,1457
1438,1448
1435,1448
1441,1452
1444,1452
1449,1463
1455,1454
1464,1449
1465,1451
1471,1459
1462,1445
1450,1437
1448,1458
1472,1458
1449,1459
1470,1457
1462,1468
1441,1457
1451,1436
1460,1454
1462,1454
1471,1463
1461,1454
1478,1459
1458,1460
1471,1466
1461,1458
1459,1459
1479,1468
1472,1460
1455,1456
1478,1463
1473,1471
1455,1468
1483,1468
1475,1439
1463,1479
1467,1459
1460,1454
1458,1451
1454,1448
1467,1461
1454,1455
1486,1448
1468,1453
1461,1464
1457,1451
1464,1459
1475,1461
1472,1450
1466,1440
1483,1457
1458,1443
1479,1449
1463,1441
1471,1441
1462,1453
1446,1444
1446,1439
1466,1436
1461,1457
1459,1438
1463,1442
1471,1437
1460,1449
1469,1436
1443,1434
1453,1435
1454,1438
1452,1425
1438,1421
1453,1421
1447,1421
1455,1433
1449,1425
1449,1435
1433,1432
1439,1421
1431,1403
1449,1419
1431,1423
1432,1422
1442,1407
1422,1402
1425,1412
1421,1416
1436,1405
1424,1412
1414,1406
1411,1390
1429,1401
1426,1398
1426,1419
1414,1392
1397,1385
1408,1392
1433,1385
1391,1388
1396,1384
1409,1378
1415,1396
1394,1383
1392,1397
1393,1379
1399,1377
1381,1379
1394,1367
1362,1367
1393,1388
1376,1370
1375,1375
1370,1384
1382,1380
1376,1366
1368,1365
1378,1368
1396,1367
1357,1369
1385,1359
1361,1358
1342,1360
1368,1368
1375,1357
1358,1367
1360,1360
1366,1364
1347,1350
1361,1357
1351,1331
1349,1348
1338,1347
1341,1356
1327,1353
1349,1344
1341,1356
1336,1334
1352,1343
1327,1339
1332,1349
1354,1350
1342,1338
1366,1327
1325,1339
1330,1319
1325,1355
1338,1336
1333,1344
1331,1346
1343,1334
1332,1320
1330,1338
1317,1333
1340,1339
1323,1330
1333,1339
1313,1341
1331,1326
1334,1332
1323,1341
1320,1343
1335,1319
1318,1348
1320,1332
1305,1349
1325,1324
1327,1337
1324,1345
