ch1,ch2
1385,1411
1411,1407
1399,1426
1416,1422
1403,1436
1429,1424
1415,1423
1430,1407
1388,1413
1422,1432
1418,1433
1421,1444
1432,1425
1442,1444
1437,1433
1433,1448
1452,1441
1451,1455
1432,1442
1462,1448
1450,1452
1437,1443
1436,1446
1443,1446
1478,1443
1432,1439
1455,1453
1455,1456
1464,1460
1450,1449
1466,1458
1478,1466
1468,1461
1461,1438
1453,1474
1482,1452
1491,1443
1474,1444
1470,1466
1476,1467
1461,1446
1462,1440
1477,1452
1479,1472
1462,1470
1477,1471
1480,1457
1473,1447
1475,1462
1462,1471
1487,1450
1499,1443
1488,1462
1474,1442
1467,1463
1470,1444
1492,1454
1459,1453
1473,1444
1460,1455
1473,1451
1465,1445
1459,1463
1471,1448
1479,1446
1454,1442
1443,1447
1469,1444
1481,1429
1485,1440
1474,1437
1434,1433
1452,1422
1449,1433
1439,1408
1451,1406
1436,1424
1435,1425
1445,1428
1416,1419
1438,1432
1430,1433
1452,1414
1418,1403
1442,1399
1390,1415
1416,1394
1434,1416
1420,1400
1421,1401
1419,1394
1408,1385
1405,1393
1416,1391
1417,1384
1431,1401
1408,1384
1385,1394
1415,1380
1390,1387
1377,1384
1404,1377
1361,1379
1378,1370
1378,1349
1368,1377
1355,1365
1367,1368
1392,1363
1386,1370
1376,1372
1363,1362
1366,1368
1369,1374
1376,1360
1370,1365
1340,1340
1356,1360
1344,1365
1354,1342
1335,1334
1356,1343
1336,1358
1364,1357
1327,1343
1350,1349
1326,1335
1347,1332
1349,1324
1319,1330
1329,1331
1337,1351
1350,1340
1326,1344
1326,1345
1336,1347
1325,1330
1311,1322
1327,1331
1326,1330
1347,1346
1342,1350
1319,1341
1311,1347
1323,1343
1319,1333
1334,1333
1304,1337
1325,1353
1341,1352
1309,1348
1320,1323
1339,1337
1330,1334
1367,1353
1360,1337
1347,1333
1331,1362
1326,1368
1331,1343
1348,1359
1316,1332
1323,1337
1333,1351
1339,1332
1319,1355
1325,1369
1352,1375
1357,1358
1334,1356
1376,1381
1351,1357
1368,1361
1351,1365
1375,1368
1348,1368
1348,1380
1373,1382
1337,1373
1343,1378
1345,1389
1364,1408
1369,1388
1353,1388
1364,1388
1385,1388
1369,1401
1381,1393
1387,1410
1380,1400
1382,1403
1377,1405
1388,1420
1398,1418
1387,1410
1401,1424
1415,1427
1369,1417
1399,1422
1412,1420
1415,1424
1409,1433
1426,1429
1407,1432
1447,1421
1410,1440
1440,1448
1430,1447
1433,1429
1444,1452
1443,1451
1426,1436
1448,1438
1440,1451
1439,1454
1452,1432
1457,1451
1441,1452
1452,1474
1439,1463
1439,1449
1469,1475
1473,1447
1453,1462
1441,1481
1464,1471
1423,1445
1450,1448
1476,1447
1440,1455
1470,1471
1477,1455
1490,1467
1448,1471
1452,1466
1467,1476
1483,1474
1472,1450
1474,1475
1507,1454
1470,1461
1478,1472
1457,1462
1481,1470
1463,1460
1465,1470
1495,1458
1468,1465
1491,1449
1479,1468
1473,1468
1462,1452
1471,1441
1494,1455
1479,1464
1466,1460
1468,1453
1456,1451
1481,1460
1461,1445
1468,1456
1455,1436
1439,1440
1474,1432
1475,1440
1484,1442
1457,1427
1458,1428
1423,1430
1442,1443
1463,1437
1460,1452
1435,1402
1432,1422
1451,1401
1440,1422
1451,1416
1419,1440
1436,1418
1433,1418
1415,1413
1437,1382
1449,1407
1418,1397
1441,1403
1426,1388
1392,1388
1400,1399
1407,1386
1421,1397
1403,1366
1426,1420
1398,1379
1407,1381
1405,1362
1398,1390
1392,1366
1369,1375
1352,1378
1387,1347
1374,1375
1349,1367
1367,1369
1381,1357
1355,1351
1367,1350
1354,1358
1378,1345
1376,1363
1377,1344
1350,1342
1334,1329
1358,1354
1368,1359
1339,1348
1348,1350
1344,1336
1365,1356
1322,1351
1328,1331
1336,1333
1334,1346
1325,1338
1332,1340
1298,1325
1314,1322
1325,1343
1339,1350
1324,1318
1333,1336
1322,1341
1316,1337
1308,1344
1322,1347
1341,1329
1323,1341
1328,1335
1334,1343
1328,1338
1307,1319
1319,1348
1324,1309
1325,1314
1322,1338
1334,1345
1309,1336
1330,1333
1321,1336
1340,1319
1343,1331
1345,1336
1320,1364
1312,1341
1342,1339
1314,1342
1328,1357
1327,1355
1313,1337
1331,1351
1337,1345
1323,1360
1334,1351
1347,1350
1345,1359
1369,1385
1352,1354
1360,1378
1342,1381
1352,1385
1364,1392
1366,1386
1370,1379
1380,1396
1365,1387
1362,1394
1391,1403
1380,1381
1367,1389
1395,1401
1376,1397
1370,1397
1380,1395
1396,1392
1373,1416
1374,1417
1405,1409
1395,1424
1372,1417
1398,1421
1403,1431
1430,1415
1411,1440
1429,1440
1416,1425
1411,1433
1416,1403
1405,1452
1432,1443
1459,1433
1433,1442
1441,1448
1458,1439
1436,1431
1441,1452
1439,1428
1443,1439
1427,1442
1442,1450
1452,1457
1447,1448
1440,1446
1447,1463
1442,1441
1462,1456
1462,1440
1454,1452
1431,1455
1469,1461
1481,1480
1461,1458
1477,1475
1475,1463
1484,1460
1459,1483
1447,1453
1475,1457
1465,1468
1464,1470
1471,1475
1480,1482
1486,1463
1464,1488
1493,1462
1474,1489
1477,1461
1470,1480
1480,1469
1454,1455
1469,1466
1482,1461
1481,1463
1474,1457
1460,1447
1475,1460
1465,1463
1484,1448
1478,1451
1480,1472
1461,1433
1485,1454
1493,1449
1466,1445
1443,1438
1459,1434
1456,1454
1474,1417
1482,1439
1483,1432
1455,1430
1457,1443
1460,1424
1441,1436
1452,1420
1456,1428
1453,1431
1455,1428
1422,1433
1440,1397
1414,1430
1438,1421
1422,1402
1418,1424
1430,1425
1410,1403
1433,1401
1436,1434
1411,1395
1400,1407
1421,1404
1416,1394
1421,1381
1417,1399
1408,1387
1409,1374
1393,1368
1383,1367
1374,1372
1390,1405
1396,1368
1359,1368
1388,1383
1375,1361
1355,1383
1366,1372
1391,1344
1367,1355
1357,1364
1396,1366
1365,1357
1378,1364
1336,1348
1358,1352
1350,1369
1354,1359
1364,1361
1362,1345
1387,1337
1375,1328
1343,1338
1343,1329
1323,1320
1336,1337
1334,1322
1343,1345
1299,1325
1332,1309
1328,1327
1314,1323
1299,1345
1348,1314
1324,1336
1329,1338
1332,1321
1319,1302
1319,1323
1314,1327
1308,1321
1326,1307
1314,1341
1327,1324
1360,1340
1346,1334
1307,1353
1312,1352
1308,1331
1304,1333
1326,1325
1321,1336
1345,1331
1321,1342
1333,1346
1339,1345
1310,1333
1322,1326
1324,1331
1330,1348
1345,1348
1314,1343
1334,1349
1321,1352
1355,1353
1316,1357
1322,1353
1359,1375
1336,1355
1346,1363
1336,1379
1357,1359
1315,1354
1352,1373
1357,1370
1356,1370
1361,1376
1344,1390
1367,1377
1351,1402
1344,1366
1356,1393
1339,1387
1371,1391
1398,1383
1367,1411
1398,1393
1393,1394
1387,1384
1400,1391
1390,1410
1400,1430
1398,1410
1402,1404
1387,1439
1414,1432
1405,1421
1409,1446
1410,1439
1409,1419
1413,1428
1419,1442
1432,1442
1419,1424
1422,1435
1428,1439
1433,1422
1429,1437
1426,1443
1414,1440
1441,1451
1450,1435
1420,1454
1449,1452
1453,1446
1463,1457
1437,1460
1474,1469
1483,1444
1456,1469
1486,1457
1460,1483
1457,1474
1470,1454
1480,1450
1478,1469
1466,1465
1471,1494
1454,1465
1470,1450
1492,1461
1487,1477
1473,1474
1480,1479
1484,1489
1468,1465
1486,1477
1478,1479
1497,1474
1470,1470
1486,1442
1478,1466
1480,1472
1477,1475
1486,1480
1492,1482
1495,1466
1472,1469
1451,1461
1486,1472
1466,1437
1475,1455
1459,1463
1493,1451
1473,1464
1475,1431
1470,1458
1465,1446
1451,1426
1479,1444
1453,1447
1456,1446
1454,1446
1469,1454
1459,1439
1457,1443
1469,1427
1423,1435
1460,1416
1458,1430
1438,1444
1429,1425
1441,1423
1445,1409
1462,1424
1444,1409
1445,1403
1425,1402
1427,1409
1443,1404
1414,1392
1417,1404
1395,1395
1417,1375
1412,1379
1417,1377
1420,1386
1413,1393
1396,1381
1404,1365
1385,1371
1394,1375
1385,1367
1390,1378
1357,1375
1382,1376
1378,1386
1350,1361
1391,1356
1357,1368
1376,1361
1397,1345
1360,1354
1350,1356
1362,1334
1365,1354
1336,1356
1361,1336
1350,1349
1361,1350
1330,1329
1365,1341
1348,1329
1335,1336
1328,1338
1326,1334
1339,1340
1318,1344
1335,1331
1341,1346
1336,1330
1328,1325
1330,1318
1310,1327
1320,1331
1315,1328
1317,1330
1314,1332
1335,1327
1323,1341
1307,1315
1311,1300
1340,1340
1333,1332
1310,1339
1310,1339
1335,1334
1302,1319
1305,1339
1316,1324
1309,1334
1299,1341
1326,1341
1298,1348
1318,1320
1329,1328
1328,1361
1309,1356
1339,1350
1323,1357
1321,1332
1328,1338
1312,1365
1337,1356
1329,1337
1332,1367
1323,1348
1334,1347
1332,1350
1328,1375
1318,1356
1349,1377
1358,1369
1347,1357
1353,1388
1320,1360
1359,1372
1364,1375
1371,1372
1352,1384
1353,1394
1351,1393
1372,1376
1402,1376
1361,1414
1362,1403
1375,1406
1400,1404
1380,1398
1378,1410
1388,1419
1400,1417
1392,1407
1388,1406
1390,1402
1380,1401
1389,1445
1401,1432
1424,1405
1422,1428
1419,1448
1427,1449
1431,1425
1433,1417
1437,1450
1424,1451
1443,1447
1429,1440
1459,1447
1434,1447
1443,1456
1463,1453
1435,1463
1461,1432
1454,1461
1441,1460
1453,1457
1434,1490
1449,1452
1441,1470
1469,1452
1445,1454
1466,1455
1486,1463
1480,1461
1484,1456
1488,1462
1474,1449
1470,1464
1463,1468
1493,1476
1471,1478
1458,1460
1505,1459
1472,1476
1507,1485
1494,1457
1484,1472
1472,1468
1464,1474
1484,1483
1489,1453
1472,1459
1524,1472
1487,1454
1474,1472
1484,1447
1471,1466
1482,1451
1466,1472
1478,1460
1458,1458
1467,1463
1480,1447
1468,1454
1462,1449
1464,1453
1488,1473
1467,1445
1460,1463
1476,1449
1469,1425
1456,1435
1457,1419
1437,1439
1478,1441
1442,1450
1451,1431
1448,1434
1450,1408
1443,1444
1452,1427
1428,1419
1456,1419
1441,1394
1458,1392
1435,1408
1436,1406
1430,1411
1423,1417
1421,1405
1411,1396
1408,1401
1408,1400
1409,1388
1419,1398
1389,1385
1419,1351
1401,1370
1409,1363
1383,1374
1399,1382
1398,1388
1399,1368
1366,1351
1365,1379
1366,1354
1378,1350
1366,1369
1363,1329
1375,1334
1359,1365
1341,1362
1368,1337
1333,1350
1370,1348
1356,1337
1360,1348
1330,1342
1331,1348
1337,1341
1343,1336
1338,1327
1323,1342
1336,1345
1334,1343
1333,1329
1345,1328
1328,1336
1327,1327
1354,1309
1320,1332
1313,1310
1315,1326
1327,1327
1316,1350
1310,1333
1338,1335
1334,1339
1304,1331
1303,1328
1330,1337
1311,1321
1311,1310
1313,1336
1295,1317
1327,1327
1314,1321
1307,1349
1321,1353
1338,1330
1327,1344
1320,1326
1331,1349
1316,1338
1323,1340
1325,1336
1330,1350
1313,1350
1353,1330
1320,1347
1309,1356
1328,1347
1346,1345
1361,1361
1314,1359
1347,1362
1330,1345
1327,1381
1341,1362
1349,1357
1353,1370
1334,1355
1333,1383
1370,1371
1370,1384
1366,1373
1373,1395
1356,1408
1347,1401
1362,1383
1353,1387
1388,1393
1376,1408
1386,1402
1381,1400
1394,1410
1381,1415
1371,1417
1418,1418
1398,1416
1388,1398
1414,1411
1381,1422
1411,1428
1421,1413
1417,1444
1435,1441
1411,1426
1433,1432
1419,1443
1404,1434
1419,1442
1426,1436
1417,1432
1447,1435
1434,1428
1433,1463
1459,1445
1436,1435
1437,1459
1470,1462
1460,1438
1440,1466
1462,1460
1479,1462
1480,1465
1455,1488
1469,1475
1467,1461
1465,1471
1476,1453
1482,1451
1484,1467
1461,1471
1473,1477
1483,1454
1483,1449
1458,1461
1494,1467
1467,1467
1489,1475
1484,1476
1487,1464
1472,1490
1516,1459
1481,1471
1492,1485
1502,1478
1476,1478
1477,1461
1479,1469
1488,1467
1509,1436
1468,1450
1483,1463
1477,1452
1505,1450
1483,1459
1491,1467
1482,1467
1464,1454
1488,1454
1464,1450
1444,1434
1448,1450
1458,1461
1461,1440
1459,1443
1488,1432
1449,1439
1470,1438
1470,1430
1451,1448
1458,1423
1467,1420
1455,1436
1458,1420
1461,1439
1451,1422
1434,1437
1426,1417
1430,1424
1437,1411
1442,1390
1418,1410
1419,1409
1413,1409
1406,1377
1409,1387
1407,1396
1413,1412
1428,1389
1418,1406
1410,1372
1418,1392
1395,1369
1397,1374
1390,1381
1384,1371
1391,1374
1398,1390
1374,1371
1368,1362
1356,1372
1383,1355
1392,1352
1377,1358
1386,1351
1360,1357
1355,1338
1348,1327
1358,1329
1369,1330
1337,1331
1342,1346
1342,1336
1339,1348
1338,1326
1360,1334
1325,1324
1342,1343
1348,1328
1332,1337
1330,1324
1331,1333
1325,1341
1349,1332
1295,1330
1325,1311
1315,1333
1306,1330
1319,1315
1333,1311
1295,1324
1307,1340
1303,1338
1307,1317
1300,1311
1296,1335
1291,1340
1300,1340
1297,1340
1338,1329
1298,1308
1316,1347
1291,1327
1321,1331
1322,1338
1328,1332
1310,1331
1327,1336
1306,1335
1311,1327
1305,1347
1320,1352
1327,1331
1320,1338
1302,1338
1313,1350
1321,1352
1335,1353
1356,1345
1338,1357
1329,1363
1351,1370
1326,1363
1339,1349
1325,1378
1353,1376
1344,1352
1365,1371
1365,1373
1356,1381
1372,1379
1366,1381
1365,1403
1390,1378
1386,1387
1390,1383
1375,1405
1374,1414
1379,1420
1407,1404
1390,1389
1413,1407
1358,1413
1390,1405
1398,1410
1393,1413
1411,1420
1402,1427
1413,1440
1406,1419
1426,1438
1419,1446
1422,1449
1414,1431
1404,1413
1431,1437
1434,1428
1416,1446
1433,1429
1421,1441
1425,1455
1449,1451
1439,1457
1434,1473
1461,1469
1462,1456
1444,1466
1488,1448
1441,1468
1448,1471
1466,1461
1454,1455
1491,1464
1462,1461
1441,1483
1486,1460
1475,1465
1488,1478
1478,1447
1507,1466
1468,1470
1468,1483
1467,1489
1469,1472
1497,1469
1471,1478
1465,1466
1485,1471
1467,1469
1487,1493
1490,1484
1477,1469
1477,1458
1484,1478
1488,1461
1484,1467
1479,1455
1477,1460
1494,1472
1492,1473
1483,1443
1495,1473
1469,1457
1488,1461
1479,1474
1470,1447
1463,1453
1477,1454
1470,1451
1449,1463
1477,1450
1454,1438
1484,1447
1446,1423
1471,1462
1459,1440
1476,1423
1455,1435
1455,1442
1457,1430
1439,1409
1436,1406
1463,1411
1443,1417
1455,1403
1437,1436
1436,1413
1442,1411
1426,1410
1425,1416
1416,1397
1406,1396
1435,1385
1390,1397
1402,1407
1413,1397
1399,1398
1411,1379
1398,1379
1400,1381
1366,1375
1386,1383
1372,1385
1367,1366
1377,1378
1389,1384
1382,1357
1390,1366
1367,1355
1372,1361
1384,1354
1368,1347
1362,1371
1361,1358
1347,1369
1352,1348
1346,1337
1348,1363
1350,1345
1329,1344
1351,1337
1356,1330
1328,1350
1352,1328
1317,1328
1324,1319
1338,1336
1335,1336
1324,1355
1337,1325
1309,1331
1319,1301
1313,1316
1316,1314
1298,1328
1309,1318
1342,1327
1302,1317
1307,1328
1315,1311
1292,1325
1313,1320
1301,1318
1338,1329
1319,1337
1302,1321
1317,1330
1327,1326
1303,1337
1327,1334
1302,1335
1298,1328
1320,1341
1320,1323
1312,1338
1311,1338
1327,1367
1319,1329
1322,1343
1305,1351
1320,1342
1347,1358
1317,1362
1347,1357
1335,1363
1316,1354
1339,1356
1337,1357
1342,1366
1324,1369
1331,1363
1321,1360
1354,1364
1363,1352
1344,1382
1362,1372
1367,1384
1348,1390
1344,1369
1371,1394
1358,1402
1392,1410
1354,1383
1376,1407
1376,1410
1385,1412
1365,1428
1406,1407
1418,1398
1408,1421
1387,1420
1382,1432
1407,1434
1404,1417
1394,1430
1396,1425
1390,1439
1407,1431
1410,1429
1438,1426
1437,1437
1428,1409
1447,1433
1429,1447
1421,1448
1439,1440
1449,1430
1453,1454
1453,1453
1475,1457
1443,1454
1470,1458
1454,1450
1441,1464
1447,1459
1452,1462
1458,1474
1482,1459
1463,1478
1470,1471
1467,1479
1449,1467
1482,1469
1480,1476
1453,1465
1470,1485
1483,1487
1495,1487
1464,1480
1489,1464
1507,1454
1483,1447
1479,1492
1481,1482
1478,1479
1480,1459
1480,1469
1486,1477
1486,1465
1463,1482
1493,1488
1457,1451
1478,1451
1484,1451
1503,1450
1474,1461
1492,1460
1488,1477
1490,1471
1485,1459
1463,1448
1492,1445
1474,1484
1480,1447
1468,1432
1463,1441
1475,1459
1454,1456
1460,1426
1472,1443
1458,1437
1435,1425
1444,1423
1462,1427
1444,1403
1450,1412
1424,1413
1436,1411
1466,1407
1454,1417
1447,1391
1424,1418
1430,1387
1415,1424
1437,1381
1432,1422
1413,1389
1412,1430
1429,1399
1404,1382
1392,1394
1403,1389
1401,1382
1396,1388
1414,1385
1367,1370
1405,1379
1367,1381
1389,1375
1385,1382
1368,1379
1377,1367
1363,1367
1357,1363
1378,1364
1366,1353
1359,1347
1378,1361
1340,1360
1367,1335
1351,1341
1333,1351
1366,1323
1355,1334
1349,1336
1362,1342
1341,1339
1355,1323
1341,1317
1329,1329
1329,1340
1326,1327
1337,1331
1325,1334
1335,1354
1324,1346
1333,1330
1347,1321
1306,1329
1332,1316
1308,1317
1294,1345
1319,1312
1271,1320
1311,1324
1309,1306
1319,1341
1310,1309
1310,1342
1312,1319
1329,1326
1321,1330
1324,1312
1307,1342
1299,1337
1299,1339
1306,1326
1304,1320
1336,1327
1302,1327
1308,1331
1337,1328
1338,1340
1337,1340
1304,1345
1340,1347
1335,1366
1334,1361
1291,1353
1325,1348
1329,1382
1312,1360
1324,1366
1340,1381
1355,1367
1328,1345
1337,1385
1336,1362
1348,1385
1348,1383
1365,1357
1366,1381
1380,1373
1373,1383
1345,1389
1373,1386
1367,1396
1370,1389
1386,1403
1376,1417
1400,1412
1379,1395
1383,1408
1401,1405
1370,1396
1393,1418
1412,1422
1404,1421
1430,1420
1420,1459
1415,1428
1417,1406
1406,1434
1426,1428
1441,1448
1429,1438
1406,1453
1427,1445
1425,1452
1441,1435
1429,1470
1441,1463
1453,1441
1443,1465
1439,1449
1442,1457
1461,1469
1465,1455
1459,1455
1458,1468
1462,1453
1498,1476
1467,1451
1475,1465
1481,1480
1455,1473
1490,1472
1480,1478
1490,1466
1486,1482
1481,1460
1481,1472
1467,1475
1487,1488
1490,1462
1476,1451
1489,1460
1498,1460
1480,1466
1488,1463
1481,1472
1492,1463
1499,1478
1468,1454
1493,1464
1491,1476
1510,1461
1478,1471
1479,1457
1484,1432
1478,1457
1463,1446
1483,1456
1497,1458
1487,1479
1476,1453
1450,1459
1485,1459
1476,1450
1476,1437
1477,1442
1477,1447
1485,1449
1462,1449
1476,1442
1488,1444
1443,1445
1439,1428
1457,1421
1446,1423
1439,1421
1423,1427
1431,1407
1449,1403
1415,1414
1450,1420
1425,1425
1424,1407
1412,1414
1450,1399
1391,1380
1439,1391
1434,1396
1427,1390
1395,1380
1386,1388
1412,1386
1421,1398
1399,1378
1399,1375
1373,1377
1403,1369
1401,1364
1396,1378
1378,1363
1385,1365
1373,1375
1373,1364
1391,1348
1371,1356
1377,1337
1367,1365
1350,1354
1377,1343
1338,1347
1332,1342
1345,1340
1364,1332
1349,1346
1343,1346
1337,1339
1327,1339
1333,1340
1325,1336
1348,1334
1325,1333
1327,1333
1333,1331
1314,1337
1318,1322
1319,1328
1310,1317
1294,1355
1332,1325
1306,1332
1328,1324
1307,1321
1325,1331
1322,1303
1311,1332
1311,1321
1320,1318
1320,1321
1298,1330
1300,1311
1332,1326
1310,1316
1320,1331
1325,1328
1305,1333
1313,1345
1315,1337
1318,1323
1300,1335
1312,1355
1303,1349
1319,1336
1323,1328
1328,1352
1348,1359
1306,1354
1323,1338
1323,1351
1335,1358
1338,1368
1333,1362
1338,1343
1325,1365
1347,1364
1344,1370
1359,1364
1355,1370
1338,1362
1359,1357
1357,1376
1361,1380
1376,1356
1364,1374
1382,1398
1375,1394
1367,1386
1373,1405
1366,1391
1365,1373
1379,1389
1369,1402
1385,1394
1378,1392
1394,1425
1403,1433
1379,1421
1404,1420
1406,1414
1404,1426
1409,1431
1414,1438
1421,1426
1404,1429
1436,1447
1431,1456
1414,1435
1437,1456
1429,1440
1438,1464
1450,1452
1447,1449
1449,1456
1457,1453
1464,1452
1429,1442
1438,1478
1444,1459
1473,1438
1457,1461
1456,1451
1457,1458
1476,1469
1441,1473
1477,1458
1484,1473
1498,1483
1479,1495
1499,1469
1508,1475
1475,1479
1457,1467
1497,1471
1469,1462
1475,1459
1472,1477
1498,1471
1483,1475
1480,1483
1469,1467
1497,1471
1488,1465
1470,1465
1477,1445
1491,1457
1477,1481
1471,1492
1488,1464
1488,1455
1471,1478
1481,1466
1474,1465
1485,1460
1477,1486
1487,1464
1489,1465
1477,1443
1475,1457
1493,1466
1462,1448
1483,1441
1478,1446
1475,1438
1471,1447
1486,1439
1448,1437
1432,1435
1455,1434
1468,1435
1421,1424
1436,1429
1447,1408
1441,1431
1424,1411
1441,1426
1440,1407
1427,1415
1431,1407
1433,1392
1435,1387
1446,1394
1430,1404
1406,1390
1423,1382
1417,1408
1412,1388
1401,1388
1411,1391
1395,1403
1429,1382
1405,1375
1406,1375
1395,1393
1365,1377
1370,1360
1358,1358
1394,1372
1362,1376
1379,1362
1354,1353
1384,1360
1355,1360
1360,1355
1350,1369
1340,1347
1338,1344
1363,1357
1342,1339
1345,1332
1341,1346
1321,1359
1351,1327
1322,1335
1351,1349
1348,1355
1360,1322
1330,1331
1337,1349
1313,1314
1338,1329
1338,1328
1329,1322
1306,1320
1315,1331
1329,1319
1322,1327
1335,1314
1307,1321
1320,1328
1308,1321
1298,1324
1340,1334
1316,1323
1298,1320
1317,1335
1294,1304
1319,1338
1311,1334
1328,1340
1327,1330
1307,1344
1324,1342
1301,1324
1314,1357
1313,1340
1306,1332
1325,1343
1331,1350
1323,1356
1321,1340
1339,1337
1332,1337
1334,1366
1306,1361
1327,1358
1348,1359
1343,1345
1379,1351
1363,1377
1357,1373
1343,1381
1315,1369
1362,1363
1342,1378
1331,1392
1341,1375
1368,1363
1348,1390
1358,1383
1381,1386
1361,1410
1350,1402
1362,1404
1386,1396
1374,1423
1393,1411
1401,1404
1387,1415
1408,1411
1395,1422
1381,1433
1410,1399
1385,1428
1398,1428
1439,1424
1445,1431
1413,1425
1423,1411
1433,1433
1417,1445
1441,1440
1434,1454
1436,1460
1454,1458
1425,1447
1445,1453
1432,1461
1444,1452
1478,1437
1435,1453
1453,1473
1474,1466
1455,1460
1432,1456
1472,1467
1484,1474
1449,1464
1480,1480
1487,1461
1481,1466
1442,1479
1461,1462
1492,1448
1469,1472
1474,1464
1487,1463
1472,1475
1494,1468
1483,1467
1488,1471
1463,1461
1493,1479
1474,1484
1504,1470
1487,1482
1490,1467
1464,1474
1481,1452
1500,1452
1496,1440
1483,1469
1503,1472
1487,1446
1503,1459
1466,1442
1478,1468
1481,1471
1456,1438
1473,1448
1473,1458
1475,1446
1470,1445
1470,1469
1485,1445
1459,1454
1449,1446
1469,1443
1496,1427
1481,1419
1462,1431
1457,1430
1461,1434
1431,1425
1466,1425
1438,1413
1407,1415
1457,1434
1443,1422
1454,1418
1404,1420
1459,1417
1428,1399
1436,1385
1405,1389
1407,1393
1404,1397
1419,1388
1409,1382
1408,1392
1394,1394
1395,1404
1388,1385
1396,1386
1390,1384
1384,1369
1383,1366
1392,1377
1407,1362
1377,1360
1383,1357
1368,1368
1380,1370
1378,1398
1374,1361
1376,1365
1365,1370
1367,1362
1330,1346
1362,1330
1361,1355
1341,1332
1341,1354
1350,1353
1324,1341
1342,1355
1344,1320
1328,1347
1363,1332
1346,1328
1347,1337
1338,1327
1312,1342
1353,1329
1327,1338
1325,1342
1310,1334
1337,1324
1330,1343
1325,1324
1302,1320
1330,1339
1321,1320
1301,1306
1315,1317
1303,1328
1326,1336
1326,1327
1325,1332
1300,1332
1297,1316
1322,1325
1314,1334
1319,1329
1300,1319
1312,1332
1299,1339
1304,1345
1339,1334
1320,1331
1325,1342
1314,1348
1334,1352
1296,1354
1330,1359
1320,1331
1316,1367
1300,1362
1313,1374
1346,1339
1330,1344
1345,1352
1345,1363
1339,1364
1341,1359
1345,1373
1351,1362
1355,1392
1361,1369
1339,1386
1356,1407
1366,1373
1371,1374
1393,1377
1363,1393
1378,1397
1396,1392
1383,1393
1375,1384
1385,1415
1378,1402
1383,1393
1403,1401
1399,1421
1400,1414
1384,1422
1396,1428
1421,1421
1402,1416
1413,1407
1420,1426
1429,1410
1406,1444
1414,1423
1420,1455
1425,1448
1439,1444
1450,1450
1428,1459
1421,1447
1443,1455
1449,1468
1427,1475
1448,1448
1467,1472
1451,1455
1442,1452
1434,1459
1462,1451
1447,1465
1461,1461
1452,1468
1467,1478
1466,1470
1459,1462
1472,1472
1470,1471
1490,1470
1474,1457
1462,1460
1488,1475
1471,1449
1481,1489
1482,1470
1490,1459
1492,1467
1480,1477
1475,1456
1490,1474
1490,1463
1478,1456
1475,1482
1466,1460
1479,1474
1497,1469
1470,1453
1474,1464
1488,1461
1481,1477
1489,1452
1481,1453
1492,1453
1494,1464
1488,1451
1478,1472
1463,1455
1452,1459
1479,1468
1452,1443
1466,1445
1437,1446
1457,1445
1479,1440
1449,1463
1443,1433
1436,1420
1454,1439
1448,1411
1450,1434
1441,1428
1429,1419
1443,1435
1454,1408
1434,1419
1432,1410
1427,1395
1424,1426
1413,1382
1412,1408
1414,1403
1396,1402
1429,1409
1391,1384
1394,1383
1420,1390
1419,1384
1416,1392
1391,1394
1403,1388
1375,1361
1387,1382
1403,1385
1400,1342
1398,1337
1382,1384
1377,1360
1373,1368
1359,1355
1375,1352
1373,1352
1381,1362
1355,1356
1338,1361
1350,1342
1373,1335
1364,1358
1356,1343
1325,1345
1335,1345
1351,1328
1330,1340
1352,1362
1339,1328
1330,1326
1316,1348
1314,1344
1318,1316
1326,1336
1332,1332
1303,1333
1322,1329
1314,1318
1342,1328
1309,1325
1341,1319
1336,1340
1294,1335
1306,1322
1302,1328
1329,1293
1309,1336
1315,1329
1309,1340
1299,1337
1336,1323
1297,1342
1337,1340
1313,1321
1307,1355
1327,1332
1300,1339
1318,1340
1312,1344
1323,1328
1316,1333
1335,1349
1314,1346
1330,1333
1295,1355
1350,1356
1350,1351
1327,1354
1334,1351
1345,1368
1340,1355
1361,1356
1327,1374
1336,1373
1351,1360
1361,1381
1327,1370
1359,1374
1345,1388
1343,1379
1349,1394
1356,1390
1382,1407
1361,1368
1355,1367
1379,1385
1389,1403
1379,1395
1375,1416
1379,1407
1384,1412
1393,1419
1390,1399
1387,1411
1388,1431
1415,1414
1392,1419
1418,1419
1416,1440
1432,1436
1417,1417
1421,1424
1403,1421
1424,1437
1400,1432
1429,1435
1428,1427
1416,1442
1432,1443
1463,1455
1436,1455
1449,1465
1454,1452
1431,1446
1440,1448
1448,1451
1449,1457
1455,1458
1473,1473
1479,1461
1496,1468
1489,1467
1492,1476
1456,1474
1467,1487
1492,1470
1483,1474
1485,1462
1487,1473
1466,1477
1503,1483
1476,1456
1500,1471
1480,1480
1475,1481
1463,1470
1485,1465
1492,1472
1468,1463
1505,1479
1478,1478
1497,1481
1479,1465
1478,1466
1484,1474
1487,1454
1510,1463
1471,1468
1475,1452
1480,1444
1478,1482
1472,1472
1478,1453
1472,1465
1474,1452
1484,1432
1492,1448
1464,1453
1478,1459
1467,1446
1463,1418
1475,1443
1458,1445
1465,1424
1463,1435
1449,1419
1437,1421
1433,1428
1457,1412
1442,1404
1427,1449
1437,1437
1446,1426
1460,1414
1423,1411
1437,1407
1424,1404
1442,1410
1417,1394
1412,1412
1416,1397
1407,1400
1396,1409
1425,1390
1419,1386
1381,1377
1423,1366
1392,1397
1383,1369
1370,1367
1398,1382
1394,1363
1377,1369
1392,1362
1383,1369
1371,1368
1355,1367
1350,1360
1389,1361
1368,1355
1365,1335
1364,1332
1351,1344
1362,1354
1347,1334
1323,1353
1350,1337
1341,1336
1329,1346
1338,1339
1323,1343
1341,1332
1345,1325
1334,1334
1359,1316
1334,1325
1337,1345
1309,1328
1314,1324
1337,1324
1302,1322
1321,1327
1303,1331
1301,1330
1321,1320
1315,1346
1338,1332
1309,1338
1296,1325
1302,1315
1342,1328
1298,1332
1327,1343
1306,1335
1309,1331
1321,1335
1326,1334
1326,1333
1291,1325
1326,1338
1310,1344
1321,1331
1330,1334
1315,1366
1327,1329
1320,1367
1312,1372
1326,1336
1354,1352
1317,1365
1318,1353
1331,1377
1331,1370
1328,1368
1323,1357
1345,1387
1366,1369
1345,1363
1344,1365
1354,1394
1345,1389
1357,1371
1370,1386
1365,1383
1373,1375
1369,1395
1364,1379
1356,1388
1381,1416
1388,1400
1369,1393
1390,1410
1394,1410
1367,1412
1411,1415
1384,1412
1411,1411
1388,1424
1406,1424
1395,1411
1390,1413
1409,1421
1421,1437
1422,1423
1433,1434
1402,1423
1436,1429
1416,1419
1431,1443
1444,1434
1435,1447
1439,1436
1441,1430
1441,1440
1456,1453
1438,1466
1439,1458
1457,1460
1466,1478
1456,1455
1464,1459
1468,1462
1467,1446
1461,1459
1457,1472
1475,1466
1503,1467
1464,1453
1453,1454
1468,1466
1486,1462
1469,1468
1468,1455
1484,1468
1457,1470
1476,1478
1478,1471
1453,1493
1467,1466
1471,1469
1486,1473
1486,1487
1502,1474
1504,1467
1475,1464
1475,1474
1464,1464
1485,1463
1469,1460
1481,1457
1471,1477
1461,1468
1489,1478
1463,1461
1472,1469
1480,1455
1493,1463
1485,1444
1476,1438
1476,1445
1464,1448
1482,1443
1446,1455
1464,1443
1460,1449
1451,1441
1460,1420
1475,1418
1459,1432
1439,1442
1440,1433
1451,1426
1449,1425
1454,1408
1470,1421
1424,1411
1464,1411
1432,1398
1431,1403
1415,1395
1422,1409
1445,1407
1422,1406
1421,1401
1421,1373
1397,1411
1410,1381
1422,1379
1423,1385
1394,1377
1389,1370
1383,1385
1390,1372
1396,1376
1391,1380
1403,1375
1388,1358
1397,1352
1358,1335
1370,1353
1382,1359
1361,1350
1374,1345
1372,1354
1370,1360
1363,1346
1352,1340
1365,1349
1336,1338
1332,1365
1325,1355
1350,1336
1326,1342
1333,1334
1330,1340
1341,1338
1330,1325
1335,1346
1332,1329
1319,1328
1321,1315
1357,1331
1318,1320
1321,1333
1319,1331
1318,1326
1307,1344
1327,1343
1336,1341
1318,1331
1353,1337
1341,1334
1323,1324
1317,1315
1327,1329
1311,1344
1312,1333
1314,1322
1322,1332
1319,1348
1323,1333
1298,1329
1319,1340
1309,1328
1315,1334
1318,1334
1338,1341
1308,1348
1322,1369
1325,1346
1323,1351
1326,1344
1336,1336
1312,1361
1337,1357
1349,1356
1336,1374
1330,1343
1325,1378
1341,1362
1338,1354
1356,1366
1336,1370
1347,1367
1329,1399
1370,1367
1341,1384
1344,1383
1373,1384
1356,1384
1352,1389
1364,1397
1361,1394
1374,1403
1384,1381
1374,1403
1377,1415
1390,1407
1383,1412
1399,1423
1397,1426
1395,1406
1413,1411
1405,1413
1399,1420
1409,1441
1411,1428
1432,1430
1413,1441
1423,1427
1417,1421
1417,1440
1410,1435
1436,1446
1449,1447
1423,1438
1445,1450
1429,1443
1468,1454
1450,1448
1435,1460
1464,1457
1434,1450
1436,1452
1439,1472
1455,1476
1463,1475
1491,1458
1457,1480
1455,1486
1464,1452
1469,1451
1468,1461
1482,1471
1484,1460
1478,1468
1471,1481
1486,1473
1488,1486
1495,1457
1485,1459
1493,1460
1471,1471
1477,1450
1489,1443
1479,1463
1496,1469
1469,1485
1494,1474
1476,1455
1472,1460
1450,1456
1452,1470
1475,1477
1489,1470
1495,1463
1479,1471
1455,1469
1476,1442
1485,1462
1466,1440
1457,1467
1456,1467
1484,1454
1468,1436
1470,1439
1453,1454
1477,1443
1477,1446
1468,1446
1470,1433
1456,1422
1440,1426
1438,1433
1422,1429
1472,1439
1458,1410
1432,1421
1455,1429
1443,1404
1413,1435
1415,1430
1441,1396
1421,1411
1424,1430
1413,1393
1411,1400
1415,1387
1389,1395
1420,1401
1396,1386
1400,1386
1416,1393
1397,1387
1397,1392
1375,1385
1403,1359
1417,1369
1395,1383
1383,1352
1390,1368
1390,1376
1388,1370
1355,1373
1390,1354
1356,1350
1368,1354
1369,1351
1348,1361
1357,1344
1348,1343
1347,1357
1334,1347
1349,1380
1351,1366
1354,1343
1351,1342
1354,1336
1332,1341
1327,1344
1354,1354
1342,1327
1317,1332
1358,1311
1352,1344
1319,1332
1339,1336
1321,1327
1319,1314
1334,1322
1332,1329
1310,1331
1337,1310
1320,1315
1323,1331
1318,1338
1317,1338
1338,1317
1311,1351
1321,1331
1329,1342
1325,1332
1319,1312
1316,1346
1322,1343
1318,1352
1309,1338
1339,1350
1304,1346
1337,1343
1344,1351
1343,1330
1326,1341
1344,1344
1330,1370
1339,1360
1342,1356
1339,1353
1341,1349
1339,1352
1342,1362
1333,1364
1351,1358
1358,1384
1355,1383
1355,1374
1343,1376
1333,1368
1364,1373
1345,1375
1341,1365
1365,1385
1383,1373
1362,1386
1359,1377
1383,1384
1375,1425
1370,1404
1361,1409
1396,1391
1384,1424
1369,1429
1400,1414
1396,1407
1404,1421
1411,1417
1390,1408
1400,1418
1394,1435
1420,1425
1404,1453
1427,1433
1415,1420
1422,1420
1429,1446
1444,1436
1422,1441
1437,1432
1434,1440
1454,1438
1465,1430
1423,1452
1446,1432
1439,1445
1437,1425
1430,1421
1446,1455
1451,1446
1431,1455
1450,1443
1434,1454
1446,1456
1479,1456
1486,1453
1465,1458
1481,1462
1458,1465
1487,1472
1481,1463
1449,1457
1463,1466
1460,1470
1460,1455
1462,1471
1499,1465
1448,1456
1449,1485
1473,1459
1486,1467
1481,1466
1485,1464
1486,1476
1473,1461
1450,1462
1440,1457
1468,1444
1479,1466
1482,1437
1471,1447
1480,1466
1461,1456
1479,1454
1463,1466
1468,1447
1474,1444
1467,1440
1483,1436
1494,1446
1462,1435
1435,1445
1436,1446
1450,1445
1452,1444
1456,1430
1459,1409
1460,1454
1462,1440
1447,1418
1449,1423
1444,1440
1444,1412
1426,1420
1466,1438
1426,1428
1435,1445
1426,1421
1452,1405
1424,1410
1408,1412
1404,1399
1422,1400
1436,1392
1428,1411
1429,1379
1413,1386
1405,1386
1407,1371
1403,1390
1393,1398
1388,1381
1410,1402
1395,1353
1393,1385
1398,1382
1379,1377
1357,1366
1384,1367
1392,1364
1380,1360
1364,1375
1395,1352
1370,1368
1378,1354
1385,1370
1357,1349
1377,1350
1358,1361
1333,1341
1360,1335
1357,1352
1330,1370
1355,1357
1334,1337
1354,1337
1343,1332
1334,1353
1335,1336
1332,1341
1340,1340
1321,1338
1329,1329
1313,1337
1339,1340
1320,1339
1318,1335
1343,1338
1315,1324
1342,1349
1307,1342
1318,1335
1310,1310
1323,1346
1297,1336
1333,1332
1342,1339
1318,1353
1331,1327
1332,1329
1319,1331
1314,1338
1307,1334
1341,1346
1332,1337
1310,1359
1330,1344
1327,1348
1319,1350
1344,1359
1329,1327
1324,1362
1347,1339
1348,1380
1326,1351
1333,1363
1356,1347
1323,1351
1350,1365
1325,1362
1337,1381
1357,1361
1349,1373
1352,1372
1354,1382
1359,1384
1355,1378
1351,1385
1350,1390
1362,1369
1373,1389
1376,1400
1377,1388
1359,1391
1361,1388
1388,1394
1380,1384
1388,1410
1414,1398
1406,1424
1396,1401
1396,1418
1376,1418
1407,1404
1418,1423
1412,1431
1412,1431
1400,1441
1422,1410
1405,1433
1417,1439
1401,1447
1419,1438
1414,1432
1438,1437
1430,1453
1444,1450
1424,1454
1422,1436
1459,1442
1420,1463
1438,1437
1465,1428
1453,1451
1426,1443
1449,1459
1436,1477
1456,1434
1469,1446
1452,1462
1461,1455
1467,1464
1460,1480
1451,1468
1475,1475
1457,1451
1453,1453
1464,1454
1460,1471
1466,1450
1489,1459
1450,1462
1474,1454
1468,1470
1465,1456
1495,1462
1455,1449
1461,1458
1491,1484
1491,1466
1481,1460
1466,1448
1466,1455
1460,1461
1486,1459
1483,1464
1475,1468
1468,1466
1476,1440
1471,1445
1449,1448
1471,1444
1460,1449
1461,1456
1471,1456
1468,1429
1473,1435
1467,1441
1458,1440
1471,1446
1458,1432
1444,1440
1427,1422
1445,1431
1483,1437
1460,1412
1445,1424
1444,1417
1452,1434
1457,1413
1438,1426
1437,1423
1436,1417
1434,1421
1453,1424
1453,1396
1408,1413
1420,1417
1421,1416
1419,1404
1416,1400
1417,1380
1406,1369
1403,1374
1409,1395
1381,1370
1386,1363
1396,1385
1404,1383
1394,1363
1385,1356
1376,1379
1396,1381
1382,1358
1385,1368
1386,1370
1376,1377
1384,1375
1356,1362
1357,1379
1349,1362
1343,1348
1377,1345
1364,1351
1386,1373
1351,1368
1353,1350
1361,1348
1359,1353
1360,1339
1339,1363
1342,1343
1339,1341
1336,1337
1347,1352
1346,1329
1334,1341
1332,1351
1316,1353
1330,1330
1346,1352
1311,1357
1341,1338
1328,1338
1320,1327
1324,1325
1356,1329
1320,1339
1346,1341
1325,1338
1315,1371
1330,1358
1343,1328
1336,1344
1325,1344
1343,1318
1324,1348
1322,1333
1324,1329
1331,1352
1324,1351
1342,1342
1337,1326
1317,1341
1321,1352
1344,1388
1345,1354
1354,1331
1337,1356
1344,1360
1326,1371
1324,1359
1331,1365
1354,1361
1342,1368
1367,1369
1339,1361
1356,1373
1336,1384
1369,1365
1356,1378
1366,1392
1378,1377
1362,1374
1340,1393
1361,1391
1374,1387
1394,1402
1367,1398
1382,1374
1366,1398
1371,1390
1387,1398
1388,1415
1390,1397
1398,1420
1384,1410
1384,1404
1397,1403
1416,1405
1392,1410
1392,1396
1418,1413
1418,1403
1433,1436
1410,1434
1396,1426
1435,1419
1419,1402
1425,1422
1413,1436
1437,1427
1433,1450
1440,1427
1441,1447
1426,1446
1444,1453
1452,1436
1430,1445
1439,1439
1442,1446
1433,1444
1448,1470
1444,1472
1473,1461
1453,1450
1447,1456
1464,1463
1459,1475
1442,1473
1463,1469
1448,1460
1448,1452
1459,1469
1465,1457
1450,1473
1449,1463
1464,1448
1467,1443
1470,1439
1457,1460
1466,1461
1455,1464
1472,1459
1464,1456
1466,1464
1485,1442
1461,1479
1488,1460
1462,1467
1449,1450
1465,1440
1468,1464
1465,1460
1495,1441
1470,1446
1488,1451
1472,1430
1447,1439
1460,1444
1448,1444
1462,1477
1456,1450
1484,1427
1478,1444
1463,1456
1440,1435
1462,1447
1468,1413
1450,1428
1445,1438
1448,1422
1428,1440
1469,1436
1468,1413
1444,1419
1432,1422
1428,1411
1432,1408
1425,1432
1433,1421
1404,1397
1434,1396
1409,1408
1423,1396
1420,1391
1411,1401
1420,1399
1389,1397
1423,1389
1423,1394
1420,1379
1406,1395
1385,1383
1396,1389
1394,1375
1408,1396
1396,1388
1383,1357
1402,1364
1394,1372
1373,1383
1369,1356
1373,1356
1348,1363
1374,1358
1366,1351
1371,1357
1351,1368
1350,1350
1349,1344
1361,1355
1357,1349
1368,1342
1348,1337
1347,1349
1346,1355
1359,1353
1336,1349
1325,1329
1349,1359
1332,1369
1353,1332
1325,1329
1317,1331
1334,1330
1364,1345
1335,1338
1353,1336
1332,1343
1329,1317
1342,1340
1342,1360
1335,1341
1317,1364
1327,1336
1313,1341
1339,1350
1324,1345
1353,1324
1327,1347
1337,1356
1322,1360
1326,1348
1346,1329
1326,1352
1333,1335
1346,1349
1300,1358
1336,1354
1335,1350
1335,1319
1330,1363
1341,1349
1349,1347
1319,1338
1344,1346
1328,1363
1347,1354
1347,1359
1332,1369
1329,1351
1358,1356
1350,1351
1351,1349
1333,1385
1348,1374
1368,1371
1343,1377
1356,1391
1362,1393
1367,1379
1357,1391
1356,1394
1375,1384
1380,1394
1345,1398
1367,1392
1384,1397
1385,1385
1386,1417
1387,1407
1407,1406
1414,1386
1390,1394
1387,1412
1385,1406
1418,1403
1415,1408
1423,1435
1412,1408
1416,1401
1408,1419
1402,1417
1417,1419
1389,1445
1432,1438
1442,1416
1423,1453
1435,1432
1418,1432
1424,1450
1436,1447
1429,1448
1414,1452
1421,1430
1456,1442
1439,1444
1459,1448
1455,1444
1443,1459
1443,1446
1452,1447
1460,1439
1437,1456
1452,1446
1468,1467
1456,1448
1463,1436
1469,1467
1459,1451
1443,1437
1457,1456
1458,1454
1469,1450
1454,1450
1490,1448
1490,1468
1470,1440
1444,1454
1470,1452
1454,1441
1463,1454
1479,1455
1499,1453
1469,1449
1476,1458
1451,1432
1463,1452
1453,1445
1477,1446
1465,1429
1458,1457
1472,1465
1479,1440
1454,1440
1462,1442
1486,1443
1452,1441
1463,1450
1472,1426
1474,1440
1463,1430
1463,1412
1456,1443
1451,1431
1433,1433
1428,1453
1423,1448
1448,1419
1434,1437
1460,1406
1428,1428
1442,1418
1442,1422
1426,1433
1434,1416
1420,1404
1440,1428
1413,1427
1432,1401
1400,1416
1419,1403
1417,1399
1410,1392
1432,1425
1412,1396
1402,1402
1415,1393
1405,1388
1394,1379
1391,1389
1401,1384
1420,1373
1415,1382
1404,1393
1399,1373
1401,1387
1378,1362
1401,1384
1377,1378
1379,1374
1378,1365
1380,1386
1356,1359
1358,1344
1352,1364
1363,1359
1372,1353
1379,1367
1353,1352
1356,1352
1367,1344
1358,1351
1328,1357
1359,1359
1351,1353
1352,1356
1362,1356
1340,1355
1335,1344
1346,1352
1336,1345
1335,1325
1322,1338
1359,1354
1326,1342
1362,1347
1348,1365
1324,1345
1314,1358
1333,1352
1346,1333
1316,1343
1335,1330
1336,1344
1328,1336
1347,1337
1325,1338
1358,1336
1313,1338
1354,1360
1341,1340
1342,1347
1327,1352
1360,1345
1355,1342
1337,1360
1331,1339
1319,1338
1324,1352
1320,1352
1350,1359
1342,1327
1348,1357
1336,1356
1342,1331
1355,1368
1346,1350
1349,1363
1341,1388
1346,1374
1358,1365
1343,1381
1356,1366
1369,1352
1372,1365
1386,1398
1355,1380
1370,1400
1357,1389
1385,1380
1354,1390
1361,1393
1385,1385
1363,1378
1383,1400
1385,1380
1388,1398
1372,1399
1375,1418
1404,1403
1421,1407
1403,1403
1399,1424
1397,1403
1416,1411
1404,1426
1408,1408
1387,1406
1401,1419
1391,1408
1395,1423
1429,1440
1413,1431
1395,1436
1427,1429
1421,1428
1408,1440
1424,1429
1437,1443
1415,1434
1419,1443
1420,1438
1428,1437
1436,1459
1436,1453
1432,1450
1438,1437
1454,1457
1466,1445
1428,1435
1468,1450
1451,1432
1488,1466
1445,1441
1455,1430
1441,1469
1432,1451
1483,1441
1449,1458
1459,1453
1446,1451
1444,1448
1463,1474
1468,1445
1479,1454
1466,1446
1442,1457
1463,1459
1470,1459
1458,1450
1448,1449
1452,1435
1466,1454
1463,1461
1460,1465
1452,1465
1450,1424
1461,1444
1457,1436
1454,1449
1449,1462
1442,1448
1474,1436
1495,1448
1463,1427
1451,1451
1446,1428
1470,1454
1452,1441
1447,1432
1455,1460
1467,1459
1444,1428
1438,1443
1456,1443
1459,1415
1438,1442
1451,1424
1436,1424
1429,1401
1448,1423
1423,1424
1445,1400
1427,1406
1428,1424
1411,1390
1425,1400
1420,1417
1430,1399
1405,1413
1426,1419
1427,1387
1422,1401
1431,1386
1390,1407
1400,1383
1400,1393
1408,1391
1373,1383
1371,1381
1405,1387
1399,1382
1380,1383
1380,1369
1400,1380
1395,1375
1376,1374
1387,1367
1367,1364
1390,1366
1388,1358
1371,1338
1369,1366
1370,1350
1362,1368
1353,1367
1360,1363
1344,1368
1375,1379
1355,1358
1353,1358
1370,1352
1346,1352
1352,1368
1362,1324
1351,1332
1356,1346
1348,1368
1367,1350
1360,1340
1367,1365
1338,1348
1357,1349
1355,1323
1347,1353
1342,1346
1344,1356
1335,1344
1335,1344
1347,1352
1307,1358
1336,1349
1336,1352
1347,1350
1328,1369
1333,1350
1311,1352
1346,1345
1325,1354
1325,1360
1343,1366
1316,1341
1345,1359
1333,1351
1362,1360
1344,1361
1342,1367
1340,1344
1346,1346
1350,1357
1341,1358
1346,1351
1339,1363
1335,1337
1366,1361
1358,1371
1355,1359
1314,1377
1357,1360
1344,1376
1356,1369
1362,1365
1341,1362
1367,1386
1325,1386
1372,1368
1398,1371
1361,1403
1366,1387
1383,1368
1373,1385
1375,1403
1367,1384
1396,1396
1370,1389
1366,1381
1388,1417
1384,1392
1384,1431
1387,1409
1386,1398
1398,1385
1390,1391
1370,1394
1401,1401
1420,1413
1415,1402
1403,1409
1389,1409
1405,1410
1416,1429
1396,1430
1406,1418
1388,1414
1405,1428
1431,1445
1427,1435
1427,1438
1413,1413
1441,1434
1411,1425
1432,1440
1432,1444
1426,1433
1426,1446
1426,1433
1451,1439
1429,1445
1445,1441
1460,1468
1459,1454
1462,1437
1427,1463
1465,1461
1477,1474
1452,1447
1447,1451
1452,1453
1456,1455
1458,1443
1476,1429
1463,1453
1468,1437
1456,1443
1474,1447
1464,1459
1472,1456
1480,1478
1459,1450
1460,1447
1460,1448
1467,1459
1447,1431
1464,1452
1459,1453
1458,1465
1457,1453
1446,1451
1459,1464
1467,1439
1464,1472
1471,1437
1454,1430
1442,1431
1455,1450
1458,1426
1466,1432
1426,1437
1470,1426
1454,1440
1455,1431
1447,1435
1451,1431
1444,1445
1428,1433
1428,1419
1462,1432
1441,1435
1446,1416
1439,1444
1446,1421
1433,1398
1446,1421
1429,1432
1418,1398
1440,1425
1437,1422
1420,1394
1418,1409
1447,1422
1423,1407
1405,1406
1408,1412
1414,1393
1425,1411
1404,1402
1399,1377
1427,1395
1389,1394
1402,1408
1411,1378
1399,1370
1419,1383
1399,1386
1379,1386
1393,1376
1401,1379
1415,1380
1405,1381
1382,1386
1394,1402
1362,1366
1389,1381
1366,1382
1353,1374
1380,1346
1360,1373
1396,1349
1389,1359
1371,1351
1353,1365
1391,1354
1342,1345
1345,1374
1373,1344
1342,1326
1368,1371
1337,1353
1348,1350
1342,1345
1347,1355
1333,1328
1338,1348
1340,1364
1362,1332
1361,1348
1354,1341
1345,1331
1327,1353
1332,1345
1342,1327
1351,1331
1333,1338
1365,1340
1328,1349
1317,1351
1341,1364
1363,1356
1353,1366
1345,1340
1305,1353
1308,1369
1349,1344
1332,1345
1340,1335
1312,1337
1355,1362
1330,1346
1377,1355
1335,1356
1341,1377
1327,1348
1352,1379
1317,1357
1349,1332
1359,1348
1356,1364
1351,1344
1360,1373
1343,1393
1364,1355
1367,1367
1345,1386
1351,1378
1360,1356
1373,1363
1370,1369
1366,1372
1356,1380
1358,1386
1366,1376
1363,1375
1373,1360
1371,1378
1360,1375
1391,1390
1394,1376
1392,1405
1393,1379
1396,1381
1387,1406
1377,1403
1366,1428
1374,1404
1396,1397
1406,1400
1379,1391
1392,1405
1376,1406
1382,1424
1413,1418
1415,1410
1417,1421
1407,1396
1402,1426
1406,1413
1417,1432
1419,1417
1412,1422
1412,1435
1414,1413
1426,1419
1406,1437
1423,1441
1408,1449
1437,1438
1437,1428
1447,1417
1441,1440
1421,1443
1461,1451
1442,1449
1412,1472
1422,1440
1447,1431
1433,1456
1439,1442
1443,1435
1457,1439
1462,1453
1467,1443
1445,1436
1457,1461
1464,1450
1442,1460
1457,1436
1448,1455
1435,1472
1470,1463
1462,1445
1452,1432
1470,1445
1456,1463
1463,1461
1470,1441
1468,1442
1469,1478
1473,1455
1478,1456
1444,1449
1475,1453
1479,1434
1477,1457
1446,1438
1457,1459
1460,1452
1445,1433
1474,1430
1439,1452
1460,1454
1454,1461
1466,1427
1442,1444
1449,1462
1461,1447
1443,1428
1431,1441
1432,1438
1438,1436
1433,1446
1464,1422
1444,1439
1446,1428
1452,1434
1437,1439
1452,1403
1423,1419
1437,1412
1434,1399
1437,1416
1423,1395
1434,1407
1425,1403
1421,1401
1389,1398
1416,1412
1421,1411
1418,1388
1403,1399
1428,1399
1385,1384
1415,1389
1421,1388
1419,1399
1409,1373
1415,1383
1407,1380
1406,1393
1376,1386
1390,1393
1387,1391
1385,1385
1392,1379
1386,1384
1382,1363
1378,1367
1393,1399
1388,1365
1388,1376
1369,1367
1351,1360
1367,1385
1369,1363
1375,1355
1365,1363
1354,1371
1376,1353
1359,1368
1350,1373
1376,1349
1372,1367
1364,1369
1350,1343
1343,1349
1353,1356
1345,1348
1342,1353
1341,1351
1354,1356
1346,1345
1352,1347
1354,1363
1359,1363
1340,1344
1358,1346
1343,1321
1357,1362
1371,1352
1349,1331
1346,1347
1330,1353
1322,1348
1327,1350
1347,1341
1350,1344
1362,1335
1336,1364
1304,1346
1357,1335
1355,1359
1345,1352
1359,1350
1329,1354
1345,1338
1344,1351
1357,1364
1348,1353
1372,1353
1349,1358
1336,1357
1350,1359
1344,1359
1351,1377
1344,1359
1360,1348
1346,1371
1352,1362
1366,1358
1359,1364
1359,1365
1359,1374
1353,1368
1348,1376
1352,1387
1343,1376
1370,1389
1381,1395
1372,1385
1366,1379
1377,1407
1378,1396
1354,1392
1391,1409
1385,1381
1372,1388
1382,1395
1387,1400
1369,1430
1395,1407
1403,1423
1393,1403
1405,1408
1379,1408
1402,1413
1389,1421
1413,1390
1428,1417
1393,1430
1393,1412
1393,1421
1388,1408
1428,1425
1428,1421
1416,1420
1408,1415
1417,1442
1440,1427
1429,1434
1443,1429
1413,1445
1443,1419
1408,1444
1419,1434
1427,1444
1463,1432
1426,1449
1421,1450
1461,1453
1428,1443
1455,1444
1454,1447
1443,1444
1451,1439
1436,1415
1452,1461
1470,1440
1457,1447
1449,1447
1437,1444
1460,1457
1437,1452
1452,1458
1447,1447
1454,1433
1462,1441
1463,1458
1444,1453
1461,1454
1464,1463
1471,1449
1461,1468
1458,1460
1472,1459
1488,1449
1467,1466
1460,1450
1478,1442
1472,1452
1474,1446
1473,1449
1458,1444
1463,1435
1454,1463
1451,1444
1443,1456
1447,1420
1461,1439
1436,1435
1448,1440
1450,1418
1446,1421
1443,1449
1462,1444
1453,1428
1434,1430
1420,1450
1446,1434
1422,1429
1462,1439
1440,1418
1421,1434
1448,1418
1431,1419
1425,1416
1444,1405
1444,1424
1435,1418
1427,1427
1448,1414
1433,1426
1439,1426
1404,1391
1426,1401
1423,1411
1411,1418
1394,1406
1395,1398
1393,1396
1407,1395
1402,1383
1435,1367
1388,1396
1396,1398
1437,1395
1376,1391
1406,1396
1387,1379
1381,1388
1391,1396
1387,1386
1376,1362
1362,1385
1380,1379
1368,1361
1374,1374
1398,1382
1356,1368
1376,1373
1381,1354
1361,1368
1366,1368
1367,1368
1388,1360
1356,1344
1356,1365
1341,1359
1353,1352
1366,1381
1349,1358
1355,1337
1317,1356
1371,1354
1367,1356
1343,1356
1340,1367
1355,1372
1371,1347
1332,1344
1356,1346
1373,1351
1321,1340
1353,1343
1350,1335
1345,1343
1340,1342
1334,1358
1337,1347
1315,1345
1376,1349
1333,1342
1335,1365
1342,1371
1342,1350
1358,1361
1341,1349
1370,1360
1312,1341
1370,1343
1315,1365
1336,1338
1341,1350
1351,1342
1328,1354
1321,1350
1341,1347
1340,1360
1356,1378
1344,1343
1354,1364
1332,1377
1363,1371
1367,1364
1355,1367
1337,1359
1352,1375
1361,1377
1331,1352
1367,1367
1353,1375
1349,1387
1368,1373
1374,1382
1373,1380
1353,1374
1377,1366
1360,1394
1383,1368
1387,1396
1371,1390
1392,1407
1393,1406
1377,1388
1355,1396
1377,1386
1384,1394
1405,1402
1409,1411
1396,1408
1410,1428
1391,1396
1403,1411
1423,1394
1387,1421
1387,1416
1389,1421
1385,1397
1409,1438
1414,1415
1409,1447
1424,1433
1421,1413
1399,1416
1446,1418
1426,1436
1417,1430
1428,1450
1422,1451
1404,1431
1440,1437
1425,1451
1447,1425
1421,1438
1451,1452
1448,1439
1435,1444
1452,1462
1449,1445
1434,1431
1445,1440
1427,1443
1446,1451
1451,1424
1440,1441
1456,1421
1464,1448
1434,1444
1456,1462
1432,1429
1471,1445
1441,1457
1437,1442
1438,1471
1443,1456
1462,1458
1490,1452
1485,1443
1433,1458
1461,1448
1425,1454
1442,1443
1456,1439
1447,1433
1449,1448
1469,1437
1451,1448
1449,1464
1447,1450
1462,1454
1460,1443
1443,1457
1457,1464
1445,1442
1449,1443
1450,1444
1446,1443
1441,1450
1473,1429
1473,1432
1426,1439
1475,1438
1458,1417
1469,1426
1419,1439
1450,1435
1445,1439
1438,1450
1444,1406
1431,1429
1448,1430
1440,1414
1418,1420
1429,1432
1421,1434
1434,1415
1435,1411
1443,1406
1450,1425
1435,1408
1413,1408
1418,1419
1411,1405
1422,1433
1427,1423
1414,1404
1409,1399
1420,1396
1408,1383
1410,1417
1425,1394
1402,1388
1400,1401
1399,1383
1391,1392
1386,1394
1388,1387
1393,1385
1387,1372
1406,1388
1388,1373
1413,1376
1367,1366
1384,1388
1376,1362
1373,1367
1398,1373
1386,1378
1372,1367
1368,1382
1372,1348
1355,1379
1379,1379
1359,1363
1373,1349
1368,1377
1363,1358
1354,1355
1363,1359
1352,1341
1384,1359
1368,1372
1354,1371
1359,1342
1355,1357
1362,1351
1328,1357
1367,1366
1364,1343
1338,1351
1354,1368
1339,1362
1347,1363
1369,1357
1363,1351
1341,1363
1324,1361
1348,1357
1361,1364
1337,1362
1346,1365
1353,1319
1345,1368
1344,1349
1362,1364
1356,1355
1331,1348
1320,1330
1327,1358
1335,1362
1358,1363
1344,1348
1352,1355
1334,1355
1363,1363
1371,1339
1354,1371
1360,1362
1341,1369
1349,1368
1356,1366
1380,1353
1339,1361
1373,1367
1346,1373
1337,1368
1356,1372
1345,1369
1338,1364
1368,1389
1356,1364
1361,1381
1349,1360
1367,1390
1344,1364
1347,1376
1364,1391
1366,1376
1363,1370
1365,1398
1379,1405
1366,1401
1393,1394
1370,1372
1390,1393
1380,1400
1382,1383
1391,1400
1371,1387
1392,1406
1376,1391
1400,1401
1412,1405
1401,1418
1397,1405
1388,1412
1393,1421
1440,1418
1400,1422
1428,1435
1378,1404
1399,1421
1415,1416
1404,1417
1418,1427
1411,1411
1412,1432
1416,1424
1430,1424
1418,1434
1437,1434
1420,1434
1422,1441
1433,1426
1422,1417
1433,1431
1421,1422
1421,1430
1433,1421
1417,1433
1443,1450
1435,1446
1440,1449
1444,1426
1448,1442
1446,1440
1455,1437
1446,1426
1471,1450
1471,1443
1486,1446
1443,1422
1452,1453
1428,1444
1452,1451
1462,1434
1450,1449
1444,1445
1451,1465
1456,1448
1468,1448
1483,1480
1438,1441
1446,1436
1486,1427
1465,1458
1436,1448
1452,1462
1449,1430
1448,1418
1465,1452
1463,1442
1470,1450
1442,1443
1473,1433
1457,1437
1459,1429
1465,1438
1472,1451
1448,1434
1459,1444
1440,1421
1439,1425
1448,1421
1480,1436
1457,1402
1443,1429
1430,1432
1471,1450
1458,1427
1440,1426
1423,1428
1454,1416
1443,1428
1421,1430
1413,1415
1451,1432
1454,1397
1441,1427
1439,1403
1438,1416
1429,1415
1412,1388
1429,1397
1430,1396
1425,1401
1431,1413
1417,1413
1412,1401
1426,1390
1415,1413
1402,1387
1404,1411
1416,1393
1433,1401
1423,1389
1407,1393
1394,1382
1385,1385
1410,1387
1415,1369
1403,1376
1403,1390
1377,1388
1382,1390
1381,1369
1388,1364
1390,1382
1401,1366
1368,1371
1371,1384
1360,1380
1355,1360
1382,1359
1373,1367
1369,1365
1369,1365
1354,1368
1382,1357
1358,1356
1361,1356
1357,1364
1366,1352
1352,1357
1363,1365
1365,1348
1364,1367
1361,1367
1371,1346
1335,1344
1371,1369
1348,1356
1359,1347
1361,1362
1347,1337
1354,1364
1361,1356
1349,1359
1336,1351
1356,1344
1324,1372
1352,1344
1357,1355
1348,1347
1321,1340
1361,1353
1345,1347
1344,1363
1353,1357
1351,1363
1331,1354
1361,1361
1343,1357
1348,1342
1357,1347
1311,1349
1316,1362
1372,1352
1340,1351
1359,1370
1333,1368
1335,1356
1366,1360
1354,1345
1338,1368
1360,1362
1324,1359
1336,1344
1375,1365
1335,1370
1343,1377
1342,1369
1363,1365
1362,1358
1342,1376
1343,1389
1367,1373
1348,1378
1397,1383
1363,1376
1376,1382
1359,1372
1379,1369
1370,1374
1360,1390
1387,1389
1392,1381
1364,1384
1378,1386
1380,1409
1368,1396
1373,1416
1388,1384
1381,1403
1376,1412
1407,1399
1382,1412
1405,1398
1382,1423
1406,1436
1406,1427
1398,1426
1399,1405
1430,1445
1432,1412
1407,1415
1399,1404
1411,1420
1407,1431
1419,1424
1417,1414
1412,1410
1427,1419
1416,1428
1422,1432
1431,1414
1444,1432
1414,1425
1417,1435
1422,1445
1444,1438
1439,1439
1430,1433
1439,1445
1409,1428
1423,1447
1452,1444
1425,1445
1452,1430
1455,1448
1468,1437
1446,1453
1439,1437
1439,1441
1434,1440
1451,1453
1465,1453
1422,1448
1448,1434
1458,1450
1453,1452
1434,1442
1449,1440
1447,1441
1454,1444
1466,1451
1436,1443
1446,1455
1451,1459
1468,1443
1463,1430
1457,1437
1455,1438
1485,1456
1482,1420
1463,1431
1450,1432
1452,1425
1451,1438
1446,1436
1473,1436
1474,1440
1460,1444
1457,1436
1449,1443
1446,1424
1480,1432
1437,1453
1439,1440
1452,1440
1454,1436
1490,1435
1457,1426
1450,1441
1447,1419
1453,1427
1448,1430
1463,1419
1441,1426
1444,1406
1445,1420
1425,1430
1418,1398
1402,1413
1439,1428
1423,1411
1421,1416
1419,1430
1432,1414
1405,1395
1411,1416
1401,1407
1402,1399
1408,1412
1409,1387
1414,1400
1399,1407
1414,1387
1411,1396
1407,1399
1406,1380
1415,1402
1399,1401
1395,1393
1397,1375
1399,1403
1375,1402
1408,1366
1377,1382
1398,1404
1396,1380
1372,1371
1370,1369
1370,1385
1395,1385
1371,1380
1378,1372
1380,1380
1395,1371
1373,1367
1382,1339
1385,1376
1382,1373
1379,1356
1377,1372
1357,1349
1347,1374
1363,1361
1358,1356
1349,1347
1364,1350
1340,1358
1360,1365
1354,1342
1352,1352
1353,1363
1355,1354
1342,1345
1344,1361
1340,1350
1341,1361
1344,1351
1344,1320
1345,1361
1340,1344
1345,1340
1348,1362
1356,1354
1324,1337
1363,1365
1335,1355
1339,1345
1358,1357
1356,1342
1353,1352
1351,1379
1333,1354
1341,1370
1345,1369
1345,1349
1349,1365
1354,1356
1350,1358
1354,1345
1352,1345
1356,1355
1324,1374
1350,1364
1355,1366
1347,1358
1369,1350
1336,1361
1371,1382
1352,1362
1367,1372
1359,1375
1362,1355
1357,1379
1350,1364
1367,1390
1358,1362
1366,1376
1380,1346
1346,1379
1368,1371
1375,1374
1370,1383
1376,1388
1361,1372
1363,1374
1371,1388
1381,1384
1371,1388
1360,1381
1373,1372
1395,1410
1400,1399
1354,1391
1386,1402
1371,1370
1395,1379
1406,1418
1406,1399
1412,1397
1407,1408
1382,1401
1400,1411
1371,1392
1404,1400
1408,1416
1409,1406
1390,1411
1403,1407
1411,1419
1413,1432
1422,1405
1417,1407
1434,1435
1401,1425
1406,1445
1405,1434
1434,1423
1416,1432
1411,1444
1444,1451
1425,1432
1431,1433
1458,1431
1435,1444
1418,1449
1439,1414
1430,1439
1445,1441
1440,1454
1441,1450
1451,1437
1448,1451
1422,1434
1462,1449
1441,1454
1448,1446
1455,1457
1452,1438
1441,1450
1435,1437
1457,1440
1438,1442
1449,1464
1451,1440
1456,1454
1461,1442
1468,1447
1470,1451
1455,1455
1437,1443
1455,1434
1452,1449
1451,1446
1433,1440
1458,1446
1471,1437
1464,1434
1450,1433
1447,1465
1465,1464
1477,1440
1487,1438
1460,1432
1458,1449
1474,1437
1433,1445
1421,1449
1460,1431
1427,1450
1467,1428
1437,1425
1435,1431
1420,1424
1439,1432
1420,1434
1444,1413
1428,1419
1438,1433
1453,1435
1452,1421
1446,1430
1430,1442
1414,1434
1442,1392
1438,1425
1435,1420
1422,1422
1429,1416
1431,1424
1405,1436
1428,1412
1420,1400
1429,1419
1415,1405
1425,1403
1411,1408
1412,1405
1409,1390
1424,1409
1422,1412
1425,1397
1373,1398
1398,1389
1422,1390
1416,1409
1401,1384
1415,1389
1406,1392
1415,1394
1408,1385
1381,1378
1407,1382
1388,1374
1374,1371
1400,1374
1380,1399
1394,1374
1390,1376
1396,1381
1391,1378
1398,1370
1365,1373
1366,1383
1366,1362
1358,1360
1366,1387
1356,1360
1373,1371
1363,1356
1366,1367
1355,1356
1336,1372
1380,1369
1371,1350
1359,1351
1366,1361
1341,1381
1339,1361
1352,1357
1367,1334
1368,1357
1358,1362
1357,1364
1353,1352
1343,1331
1342,1337
1322,1361
1372,1347
1350,1347
1348,1371
1332,1377
1347,1349
1359,1342
1343,1346
1348,1346
1346,1340
1339,1328
1345,1347
1352,1354
1356,1352
1347,1367
1354,1354
1350,1344
1339,1345
1321,1340
1342,1356
1352,1353
1349,1354
1348,1359
1342,1338
1338,1358
1338,1350
1351,1353
1344,1357
1359,1361
1354,1366
1317,1371
1346,1359
1342,1365
1360,1362
1334,1365
1346,1354
1361,1369
1344,1359
1365,1373
1360,1365
1371,1377
1353,1355
1358,1373
1341,1373
1353,1382
1361,1374
1367,1369
1392,1367
1357,1387
1374,1373
1370,1395
1346,1391
1388,1366
1369,1390
1390,1390
1384,1407
1354,1412
1395,1401
1384,1407
1403,1404
1381,1407
1388,1420
1403,1396
1406,1404
1399,1410
1398,1415
1414,1405
1413,1422
1411,1416
1422,1427
1376,1424
1405,1418
1414,1427
1407,1402
1397,1429
1394,1410
1409,1433
1419,1428
1407,1434
1417,1424
1412,1447
1439,1451
1429,1432
1428,1447
1421,1426
1440,1425
1434,1441
1429,1440
1450,1428
1449,1436
1434,1443
1450,1438
1437,1440
1450,1439
1430,1442
1446,1440
1461,1425
1443,1447
1462,1444
1463,1416
1457,1444
1438,1410
1439,1451
1471,1444
1456,1440
1461,1436
1470,1443
1437,1445
1465,1465
1432,1449
1452,1465
1473,1455
1470,1431
1466,1449
1453,1458
1454,1460
1431,1449
1456,1439
1456,1451
1434,1455
1455,1452
1458,1441
1457,1459
1462,1444
1457,1421
1467,1433
1448,1448
1450,1432
1453,1463
1437,1461
1461,1467
1454,1437
1435,1440
1466,1438
1458,1454
1452,1456
1425,1440
1442,1430
1448,1426
1461,1436
1470,1425
1454,1433
1454,1438
1436,1433
1441,1440
1436,1430
1438,1432
1464,1429
1423,1437
1444,1429
1432,1408
1420,1422
1434,1434
1421,1392
1422,1414
1399,1420
1423,1421
1416,1417
1443,1415
1408,1406
1421,1411
1423,1402
1399,1397
1430,1416
1432,1404
1441,1405
1397,1384
1421,1400
1398,1390
1389,1382
1393,1408
1403,1386
1411,1393
1394,1387
1399,1382
1401,1389
1383,1373
1413,1389
1383,1390
1386,1386
1399,1373
1377,1392
1391,1379
1377,1378
1382,1380
1389,1385
1369,1354
1369,1348
1407,1386
1372,1363
1385,1374
1375,1370
1358,1362
1369,1364
1361,1388
1375,1374
1366,1364
1371,1373
1355,1363
1372,1348
1345,1339
1357,1338
1318,1341
1363,1359
1331,1357
1361,1350
1345,1355
1374,1357
1335,1358
1327,1346
1368,1338
1354,1346
1356,1375
1339,1367
1343,1354
1345,1348
1340,1338
1347,1356
1357,1347
1324,1345
1336,1359
1338,1341
1342,1333
1337,1361
1353,1348
1358,1343
1353,1357
1331,1343
1334,1339
1338,1333
1347,1353
1343,1340
1357,1356
1335,1364
1342,1361
1360,1338
1329,1355
1315,1358
1320,1358
1335,1348
1353,1366
1365,1349
1361,1354
1342,1360
1342,1345
1344,1358
1362,1354
1345,1369
1354,1367
1337,1368
1344,1369
1357,1371
1338,1361
1366,1366
1354,1365
1365,1381
1350,1365
1383,1372
1352,1397
1382,1384
1371,1375
1347,1398
1355,1394
1351,1371
1361,1389
1392,1394
1368,1373
1379,1367
1370,1403
1363,1374
1384,1383
1380,1386
1388,1380
1391,1401
1385,1384
1386,1413
1396,1399
1387,1416
1394,1407
1401,1401
1401,1410
1393,1407
1393,1388
1398,1419
1399,1398
1407,1428
1405,1420
1397,1414
1412,1430
1432,1416
1417,1409
1401,1397
1424,1432
1423,1430
1419,1411
1431,1437
1418,1410
1431,1435
1422,1429
1421,1426
1427,1444
1458,1433
1432,1432
1422,1439
1427,1423
1426,1427
1428,1445
1431,1432
1435,1445
1440,1442
1441,1445
1428,1435
1448,1446
1446,1456
1448,1453
1436,1461
1449,1440
1453,1450
1442,1439
1469,1429
1465,1461
1449,1440
1471,1447
1473,1436
1446,1454
1441,1467
1458,1455
1475,1437
1467,1450
1465,1444
1447,1437
1464,1450
1472,1455
1452,1455
1463,1460
1463,1459
1468,1469
1469,1429
1466,1442
1443,1443
1445,1437
1461,1447
1464,1455
1447,1453
1468,1426
1450,1461
1434,1430
1452,1447
1474,1438
1461,1450
1450,1449
1453,1439
1439,1458
1470,1441
1445,1432
1445,1426
1456,1425
1423,1438
1462,1450
1438,1427
1445,1424
1455,1433
1451,1443
1448,1430
1441,1436
1456,1423
1440,1414
1441,1421
1438,1420
1420,1415
1442,1413
1433,1405
1438,1410
1428,1389
1456,1416
1412,1400
1425,1406
1405,1424
1409,1381
1426,1424
1414,1403
1417,1409
1390,1413
1403,1394
1419,1384
1422,1390
1395,1380
1400,1392
1422,1387
1411,1411
1395,1380
1414,1370
1392,1387
1418,1405
1388,1381
1392,1390
1399,1393
1389,1383
1412,1379
1380,1367
1386,1363
1370,1389
1392,1386
1391,1344
1389,1390
1378,1366
1392,1344
1367,1363
1376,1362
1342,1374
1367,1363
1374,1361
1367,1342
1373,1377
1340,1358
1368,1351
1363,1350
1351,1347
1357,1373
1352,1359
1354,1362
1379,1361
1369,1359
1356,1361
1342,1353
1361,1344
1341,1363
1351,1368
1344,1346
1354,1338
1361,1340
1358,1337
1345,1339
1323,1344
1367,1342
1342,1351
1319,1347
1360,1355
1348,1345
1349,1348
1336,1337
1330,1343
1331,1345
1341,1344
1347,1355
1304,1359
1344,1351
1341,1357
1322,1370
1340,1349
1333,1352
1325,1349
1346,1363
1346,1348
1334,1360
1313,1362
1339,1364
1323,1363
1315,1369
1350,1354
1331,1356
1374,1357
1324,1360
1342,1372
1363,1349
1363,1374
1349,1371
1336,1382
1345,1387
1344,1370
1357,1372
1355,1374
1330,1365
1357,1345
1351,1377
1362,1380
1338,1382
1360,1379
1361,1387
1348,1388
1354,1398
1351,1384
1349,1390
1350,1369
1386,1397
1363,1397
1375,1389
1378,1396
1382,1405
1367,1398
1391,1424
1359,1398
1363,1400
1396,1402
1393,1395
1365,1412
1382,1412
1407,1399
1422,1401
1392,1399
1392,1427
1392,1411
1412,1421
1398,1414
1417,1404
1399,1424
1416,1427
1421,1417
1412,1419
1411,1429
1411,1428
1421,1429
1430,1419
1410,1443
1437,1419
1406,1453
1447,1431
1443,1438
1430,1441
1458,1449
1427,1469
1446,1435
1431,1444
1437,1447
1433,1428
1447,1419
1468,1423
1436,1443
1437,1422
1433,1448
1461,1451
1454,1440
1429,1459
1444,1442
1437,1446
1466,1451
1458,1446
1469,1443
1472,1454
1471,1457
1451,1463
1460,1466
1485,1434
1462,1447
1449,1457
1445,1459
1454,1445
1439,1468
1458,1454
1475,1454
1493,1465
1441,1458
1455,1445
1461,1445
1479,1458
1449,1469
1465,1450
1493,1457
1445,1459
1468,1430
1463,1451
1456,1439
1465,1427
1450,1444
1438,1470
1483,1449
1468,1442
1492,1436
1468,1434
1449,1444
1451,1451
1470,1442
1451,1452
1475,1445
1465,1430
1464,1449
1445,1432
1448,1418
1435,1425
1434,1437
1479,1432
1453,1433
1447,1428
1464,1406
1442,1409
1457,1435
1448,1406
1444,1421
1455,1417
1449,1428
1458,1416
1460,1421
1439,1415
1432,1407
1436,1390
1380,1402
1423,1408
1443,1429
1445,1393
1424,1402
1439,1402
1418,1395
1418,1407
1416,1401
1422,1384
1428,1401
1440,1391
1410,1392
1421,1398
1385,1395
1395,1389
1398,1382
1421,1384
1412,1399
1399,1377
1388,1375
1387,1377
1393,1352
1372,1376
1381,1369
1377,1367
1395,1377
1387,1356
1371,1357
1410,1366
1375,1360
1415,1352
1356,1381
1370,1359
1376,1362
1367,1363
1347,1344
1378,1361
1346,1366
1381,1363
1340,1362
1366,1357
1389,1324
1334,1348
1354,1351
1318,1342
1346,1343
1339,1357
1348,1352
1345,1361
1347,1334
1362,1351
1361,1370
1336,1347
1348,1364
1339,1355
1343,1340
1347,1357
1324,1334
1339,1363
1336,1348
1360,1340
1352,1330
1330,1342
1334,1345
1336,1339
1327,1342
1344,1332
1347,1352
1325,1328
1323,1336
1352,1348
1339,1343
1356,1367
1357,1339
1315,1353
1342,1338
1340,1358
1332,1344
1327,1349
1343,1352
1334,1339
1350,1347
1345,1353
1343,1346
1331,1357
1327,1353
1353,1342
1344,1355
1349,1361
1367,1352
1348,1377
1338,1349
1353,1363
1350,1350
1366,1372
1360,1387
1366,1361
1370,1368
1342,1369
1358,1366
1346,1384
1370,1377
1353,1380
1350,1386
1354,1380
1372,1401
1367,1385
1368,1375
1360,1389
1376,1392
1370,1406
1375,1373
1400,1408
1386,1397
1380,1388
1374,1407
1387,1394
1384,1410
1382,1396
1373,1404
1398,1396
1378,1405
1406,1397
1364,1401
1374,1401
1415,1412
1413,1424
1378,1417
1408,1407
1410,1428
1422,1408
1420,1407
1400,1432
1401,1434
1401,1426
1412,1432
1426,1426
1424,1441
1417,1423
1425,1439
1431,1428
1414,1431
1424,1465
1438,1445
1441,1441
1441,1440
1420,1448
1442,1432
1453,1448
1420,1415
1419,1452
1445,1433
1464,1449
1453,1428
1445,1473
1433,1464
1431,1454
1434,1437
1449,1446
1466,1452
1464,1465
1453,1436
1461,1465
1464,1451
1442,1470
1447,1454
1477,1454
1460,1452
1446,1453
1467,1447
1491,1460
1478,1453
1469,1461
1474,1445
1462,1467
1476,1458
1460,1452
1473,1457
1440,1472
1484,1457
1455,1450
1462,1432
1469,1453
1465,1473
1450,1452
1483,1455
1475,1443
1437,1482
1455,1452
1456,1454
1459,1444
1462,1445
1454,1448
1475,1442
1470,1457
1472,1455
1453,1443
1471,1452
1453,1445
1440,1457
1462,1453
1456,1445
1452,1450
1447,1436
1463,1437
1480,1442
1442,1435
1438,1433
1472,1431
1471,1430
1438,1429
1449,1431
1448,1448
1471,1424
1431,1416
1464,1425
1444,1423
1433,1424
1446,1410
1429,1426
1425,1422
1427,1423
1413,1427
1435,1431
1447,1424
1429,1399
1438,1409
1419,1422
1418,1379
1433,1412
1409,1383
1423,1389
1415,1407
1423,1381
1404,1407
1405,1393
1408,1393
1403,1398
1414,1381
1418,1383
1405,1373
1375,1357
1386,1396
1398,1378
1389,1382
1393,1384
1363,1366
1364,1383
1386,1377
1387,1354
1386,1360
1386,1375
1380,1368
1398,1349
1367,1373
1379,1367
1356,1354
1364,1347
1345,1358
1347,1358
1369,1356
1375,1373
1356,1356
1350,1344
1360,1342
1336,1335
1360,1363
1334,1360
1349,1344
1367,1351
1355,1333
1345,1372
1353,1335
1329,1344
1314,1350
1352,1337
1339,1341
1337,1354
1341,1343
1327,1332
1340,1348
1320,1340
1334,1349
1350,1333
1346,1356
1339,1371
1344,1355
1312,1347
1340,1348
1321,1340
1316,1322
1316,1334
1352,1351
1329,1346
1342,1333
1308,1340
1318,1341
1315,1342
1345,1352
1316,1345
1337,1358
1312,1347
1332,1347
1328,1351
1348,1356
1323,1352
1330,1343
1337,1347
1329,1357
1350,1340
1327,1371
1336,1338
1316,1361
1342,1369
1311,1368
1340,1342
1317,1364
1338,1360
