ch1,ch2
1527,1584
1540,1604
1587,1571
1568,1589
1566,1611
1616,1600
1603,1585
1616,1587
1637,1642
1617,1632
1623,1630
1619,1631
1637,1631
1640,1650
1659,1621
1603,1653
1622,1643
1653,1643
1668,1673
1654,1649
1704,1635
1684,1651
1659,1625
1689,1650
1697,1650
1649,1623
1677,1639
1653,1665
1650,1639
1640,1616
1654,1618
1631,1603
1639,1578
1623,1606
1634,1591
1630,1586
1623,1569
1599,1578
1570,1582
1554,1587
1590,1573
1563,1576
1561,1519
1543,1544
1541,1536
1547,1551
1549,1514
1538,1487
1522,1494
1508,1502
1499,1481
1479,1505
1503,1487
1456,1451
1461,1453
1473,1470
1484,1451
1462,1452
1470,1453
1442,1475
1431,1471
1416,1436
1417,1443
1453,1460
1407,1416
1410,1438
1439,1422
1442,1454
1429,1445
1451,1473
1455,1440
1454,1426
1469,1455
1445,1485
1431,1466
1478,1464
1429,1484
1474,1480
1474,1523
1477,1488
1490,1488
1482,1513
1487,1514
1494,1528
1508,1518
1518,1568
1532,1555
1526,1551
1540,1574
1556,1553
1548,1586
1574,1565
1614,1573
1573,1633
1583,1611
1619,1606
1600,1618
1613,1641
1610,1635
1660,1650
1644,1636
1646,1625
1640,1671
1657,1634
1643,1643
1677,1648
1680,1655
1708,1659
1675,1669
1664,1645
1675,1651
1647,1671
1661,1654
1660,1633
1688,1646
1683,1641
1665,1656
1660,1634
1649,1619
1653,1651
1633,1638
1632,1638
1650,1616
1637,1618
1612,1610
1609,1569
1625,1620
1613,1587
1582,1556
1593,1557
1576,1542
1552,1541
1562,1549
1540,1546
1564,1503
1553,1504
1477,1510
1512,1523
1507,1482
1508,1491
1495,1510
1488,1473
1478,1473
1453,1457
1446,1455
1459,1458
1445,1462
1432,1432
1427,1470
1452,1453
1433,1442
1452,1426
1425,1483
1433,1446
1429,1424
1430,1425
1436,1438
1430,1465
1432,1438
1433,1478
1452,1467
1443,1446
1448,1461
1450,1474
1430,1461
1442,1488
1457,1485
1469,1458
1463,1486
1480,1496
1484,1514
1482,1506
1509,1515
1519,1525
1509,1556
1538,1547
1552,1593
1525,1557
1555,1587
1566,1602
1582,1594
1586,1593
1626,1582
1607,1602
1604,1600
1593,1632
1621,1606
1629,1602
1628,1639
1632,1632
1633,1636
1665,1617
1701,1637
1635,1646
1670,1647
1670,1682
1668,1628
1657,1681
1660,1661
1682,1638
1689,1637
1690,1684
1683,1644
1663,1640
1659,1647
1673,1654
1649,1652
1655,1651
1637,1627
1655,1621
1637,1649
1636,1598
1616,1599
1624,1610
1651,1585
1597,1568
1581,1582
1580,1576
1584,1575
1528,1559
1559,1541
1544,1535
1533,1516
1510,1534
1514,1513
1567,1497
1519,1499
1503,1478
1508,1472
1523,1483
1492,1473
1496,1455
1462,1461
1460,1485
1442,1464
1473,1461
1453,1437
1456,1461
1439,1439
1439,1454
1418,1421
1429,1430
1397,1429
1407,1416
1440,1443
1429,1429
1425,1440
1448,1426
1408,1476
1444,1452
1411,1444
1423,1468
1463,1464
1470,1483
1445,1469
1454,1496
1514,1506
1467,1502
1482,1494
1516,1519
1505,1504
1513,1539
1477,1534
1514,1569
1552,1553
1533,1557
1547,1575
1541,1565
1564,1587
1582,1577
1610,1591
1599,1616
1594,1615
1561,1602
1587,1646
1620,1631
1620,1636
1622,1649
1632,1652
1633,1660
1677,1616
1655,1657
1641,1662
1658,1639
1670,1666
1656,1647
1655,1663
1690,1662
1692,1665
1693,1669
1704,1671
1659,1655
1696,1634
1664,1681
1666,1646
1676,1621
1656,1650
1659,1602
1642,1638
1653,1648
1640,1591
1623,1590
1631,1591
1620,1604
1602,1586
1595,1561
1590,1585
1598,1562
1597,1582
1557,1522
1540,1543
1567,1521
1545,1523
1523,1518
1534,1505
1514,1517
1492,1502
1523,1504
1480,1485
1461,1457
1472,1479
1462,1457
1454,1461
1441,1443
1431,1449
1464,1435
1451,1431
1473,1453
1457,1440
1410,1428
1413,1439
1401,1427
1405,1455
1406,1409
1435,1423
1437,1435
1414,1429
1427,1440
1445,1452
1423,1440
1433,1474
1453,1469
1464,1470
1476,1474
1486,1489
1484,1477
1459,1493
1473,1500
1504,1514
1513,1518
1501,1518
1505,1541
1531,1538
1493,1589
1546,1567
1539,1564
1558,1569
1571,1597
1582,1591
1579,1597
1619,1601
1590,1606
1602,1597
1631,1616
1631,1634
1639,1642
1637,1648
1647,1627
1636,1662
1674,1632
1645,1642
1651,1669
1672,1643
1683,1645
1651,1674
1662,1685
1664,1668
1670,1640
1703,1659
1669,1671
1693,1637
1677,1668
1633,1668
1655,1629
1673,1649
1653,1620
1655,1620
1651,1642
1638,1638
1615,1592
1634,1611
1607,1599
1633,1587
1605,1553
1589,1580
1576,1544
1582,1540
1574,1560
1589,1543
1543,1538
1538,1504
1535,1534
1557,1493
1520,1517
1499,1514
1524,1482
1470,1481
1464,1488
1463,1469
1471,1472
1466,1450
1477,1463
1447,1448
1426,1449
1434,1455
1430,1420
1393,1424
1467,1439
1404,1419
1449,1436
1446,1411
1408,1420
1440,1421
1428,1420
1414,1423
1410,1451
1417,1464
1414,1419
1432,1429
1437,1463
1452,1481
1449,1448
1454,1458
1443,1494
1439,1471
1490,1503
1492,1492
1500,1516
1485,1514
1523,1528
1529,1541
1520,1545
1543,1548
1548,1583
1571,1555
1561,1582
1572,1604
1547,1580
1604,1591
1611,1630
1575,1607
1635,1614
1597,1624
1619,1627
1631,1640
1637,1648
1662,1655
1683,1630
1671,1647
1671,1669
1655,1676
1683,1662
1681,1684
1694,1653
1682,1669
1691,1648
1676,1652
1659,1668
1655,1672
1673,1652
1656,1626
1658,1632
1677,1647
1669,1638
1675,1637
1683,1632
1618,1627
1645,1630
1634,1616
1653,1610
1633,1562
1624,1587
1603,1591
1580,1558
1587,1539
1544,1512
1564,1556
1581,1533
1521,1551
1539,1532
1542,1524
1512,1502
1526,1486
1501,1517
1498,1504
1468,1487
1465,1498
1497,1459
1463,1472
1490,1480
1426,1440
1457,1442
1444,1466
1423,1466
1408,1442
1450,1422
1434,1406
1407,1411
1431,1433
1397,1436
1415,1436
1443,1426
1453,1460
1433,1453
1408,1443
1401,1480
1430,1432
1402,1461
1438,1458
1481,1451
1437,1472
1424,1470
1443,1492
1469,1508
1471,1510
1503,1504
1476,1499
1505,1513
1504,1525
1515,1540
1487,1526
1550,1567
1546,1544
1570,1587
1573,1576
1539,1574
1575,1593
1586,1589
1603,1622
1602,1602
1614,1607
1634,1635
1636,1658
1657,1626
1622,1638
1632,1641
1629,1654
1656,1642
1674,1656
1655,1657
1664,1661
1700,1629
1676,1662
1703,1691
1680,1671
1700,1659
1683,1679
1673,1665
1728,1665
1672,1624
1656,1637
1662,1653
1689,1636
1675,1642
1661,1642
1658,1643
1645,1629
1642,1607
1646,1609
1605,1593
1581,1598
1585,1602
1594,1548
1599,1561
1543,1556
1560,1540
1556,1534
1547,1542
1517,1529
1553,1497
1513,1521
1521,1493
1491,1471
1486,1467
1500,1484
1478,1472
1462,1454
1457,1462
1450,1440
1468,1442
1469,1428
1447,1430
1422,1438
1444,1445
1438,1439
1399,1426
1433,1453
1427,1453
1423,1422
1424,1429
1439,1416
1413,1447
1416,1453
1426,1434
1410,1436
1427,1456
1441,1434
1416,1439
1428,1487
1433,1472
1448,1495
1438,1499
1454,1491
1473,1507
1504,1500
1484,1501
1477,1531
1517,1542
1498,1531
1539,1539
1532,1544
1574,1565
1568,1569
1541,1588
1561,1594
1603,1581
1594,1640
1618,1607
1593,1607
1631,1620
1605,1649
1637,1621
1654,1625
1655,1648
1633,1660
1632,1678
1675,1676
1644,1648
1706,1686
1676,1664
1683,1681
1674,1682
1674,1662
1682,1668
1679,1654
1705,1683
1681,1653
1673,1640
1663,1648
1684,1646
1679,1638
1701,1602
1652,1654
1668,1635
1674,1619
1648,1628
1651,1630
1611,1578
1618,1598
1631,1544
1611,1580
1575,1574
1559,1561
1573,1548
1570,1561
1591,1524
1540,1522
1553,1517
1551,1506
1524,1498
1501,1499
1495,1483
1500,1479
1503,1469
1471,1462
1467,1456
1467,1435
1458,1451
1466,1458
1437,1434
1448,1428
1425,1424
1426,1432
1433,1412
1408,1444
1424,1439
1401,1410
1424,1443
1405,1448
1402,1431
1396,1436
1413,1425
1437,1439
1438,1432
1432,1448
1437,1470
1410,1453
1452,1489
1470,1461
1465,1489
1484,1492
1491,1476
1473,1494
1516,1481
1483,1502
1502,1527
1508,1551
1519,1542
1510,1528
1530,1585
1530,1563
1545,1574
1580,1574
1563,1610
1583,1617
1599,1586
1606,1636
1601,1625
1604,1613
1626,1622
1604,1641
1625,1639
1628,1649
1661,1653
1647,1657
1686,1689
1661,1674
1688,1681
1675,1694
1682,1667
1674,1658
1703,1663
1691,1669
1673,1644
1670,1670
1708,1668
1687,1632
1681,1651
1694,1668
1674,1623
1647,1628
1667,1611
1659,1629
1640,1609
1620,1636
1621,1587
1621,1582
1634,1605
1597,1584
1611,1572
1564,1575
1577,1569
1588,1564
1556,1519
1574,1542
1555,1536
1552,1497
1528,1502
1501,1511
1507,1487
1511,1479
1512,1494
1470,1488
1458,1440
1463,1440
1463,1461
1449,1447
1425,1451
1424,1436
1427,1426
1457,1430
1414,1408
1402,1448
1426,1435
1430,1401
1411,1418
1385,1452
1405,1402
1414,1434
1396,1434
1391,1447
1413,1453
1426,1436
1449,1458
1423,1474
1448,1475
1437,1446
1445,1488
1462,1476
1464,1488
1449,1497
1493,1502
1474,1509
1510,1511
1503,1522
1518,1529
1544,1530
1543,1577
1524,1553
1538,1583
1565,1552
1561,1585
1573,1611
1584,1594
1592,1639
1596,1645
1621,1650
1631,1649
1630,1642
1655,1638
1643,1637
1639,1647
1665,1646
1652,1681
1684,1643
1661,1678
1681,1670
1666,1663
1656,1649
1703,1670
1670,1662
1686,1679
1674,1659
1696,1652
1708,1646
1679,1662
1678,1654
1682,1643
1681,1643
1714,1627
1658,1629
1655,1649
1641,1625
1636,1611
1642,1573
1608,1597
1610,1576
1596,1603
1611,1593
1610,1533
1580,1553
1590,1569
1574,1541
1568,1536
1521,1520
1525,1508
1525,1505
1507,1494
1516,1477
1478,1496
1483,1469
1468,1441
1443,1463
1494,1441
1454,1452
1456,1438
1452,1439
1449,1431
1398,1411
1417,1454
1413,1431
1422,1428
1430,1442
1384,1429
1424,1434
1419,1422
1392,1447
1420,1404
1443,1450
1428,1441
1413,1440
1423,1419
1398,1468
1446,1473
1414,1456
1461,1459
1444,1479
1453,1463
1462,1484
1435,1495
1496,1481
1493,1493
1519,1526
1481,1524
1529,1524
1530,1541
1534,1557
1546,1569
1536,1562
1566,1614
1584,1586
1531,1594
1615,1584
1613,1606
1621,1597
1606,1616
1641,1625
1627,1624
1641,1636
1633,1655
1638,1680
1671,1648
1688,1657
1663,1653
1686,1669
1690,1660
1667,1669
1685,1670
1672,1680
1687,1665
1692,1670
1673,1656
1707,1668
1679,1657
1690,1652
1724,1660
1695,1641
1624,1651
1666,1647
1670,1648
1639,1651
1634,1601
1624,1596
1651,1608
1617,1593
1626,1615
1612,1598
1612,1612
1605,1576
1585,1564
1594,1536
1555,1568
1568,1527
1528,1541
1525,1537
1509,1494
1521,1489
1486,1488
1516,1481
1503,1499
1506,1471
1474,1455
1471,1449
1459,1436
1421,1436
1456,1440
1425,1435
1429,1442
1418,1443
1422,1443
1431,1438
1389,1434
1406,1428
1420,1421
1407,1415
1396,1430
1409,1422
1394,1451
1421,1442
1412,1432
1427,1450
1418,1447
1456,1450
1462,1477
1422,1468
1450,1473
1435,1455
1477,1461
1458,1501
1492,1498
1479,1507
1518,1540
1521,1520
1541,1528
1521,1533
1518,1560
1540,1577
1527,1571
1573,1585
1585,1592
1578,1577
1619,1601
1605,1631
1618,1630
1613,1625
1603,1650
1617,1631
1645,1617
1655,1657
1659,1647
1681,1654
1645,1658
1684,1665
1722,1676
1705,1689
1666,1656
1676,1677
1671,1672
1669,1681
1700,1656
1668,1668
1694,1655
1665,1673
1680,1667
1673,1657
1666,1624
1678,1652
1665,1614
1649,1607
1639,1621
1646,1605
1633,1618
1616,1597
1620,1603
1575,1565
1606,1588
1590,1576
1609,1575
1552,1555
1570,1571
1549,1524
1543,1536
1496,1526
1532,1500
1538,1506
1508,1514
1533,1491
1484,1510
1455,1478
1464,1468
1468,1450
1431,1426
1436,1441
1447,1461
1459,1443
1423,1456
1420,1447
1401,1432
1403,1445
1432,1419
1410,1415
1430,1454
1414,1441
1371,1414
1389,1416
1416,1409
1400,1440
1408,1463
1426,1445
1426,1466
1435,1450
1452,1467
1416,1481
1454,1477
1439,1478
1453,1488
1460,1453
1447,1492
1475,1482
1507,1496
1480,1546
1501,1544
1521,1530
1516,1546
1553,1553
1550,1572
1565,1563
1568,1601
1586,1565
1583,1602
1588,1632
1597,1607
1604,1617
1597,1630
1641,1639
1616,1631
1622,1642
1653,1675
1651,1645
1650,1666
1673,1696
1675,1652
1702,1655
1675,1632
1677,1682
1668,1668
1677,1662
1676,1678
1702,1671
1685,1654
1712,1644
1677,1643
1664,1669
1666,1679
1654,1642
1654,1666
1641,1633
1641,1638
1641,1631
1633,1598
1644,1608
1632,1619
1625,1589
1635,1574
1596,1551
1630,1557
1599,1571
1591,1563
1587,1548
1560,1522
1538,1506
1567,1495
1527,1520
1522,1528
1536,1514
1473,1500
1511,1471
1496,1502
1487,1453
1454,1454
1469,1440
1456,1441
1433,1444
1444,1462
1418,1448
1427,1426
1471,1450
1445,1438
1441,1422
1420,1419
1446,1451
1412,1438
1401,1435
1417,1451
1405,1426
1393,1445
1418,1422
1398,1465
1417,1453
1436,1484
1420,1432
1433,1451
1444,1488
1470,1490
1465,1477
1476,1497
1495,1512
1486,1517
1501,1531
1515,1528
1487,1534
1481,1541
1516,1547
1532,1562
1528,1563
1551,1557
1544,1585
1563,1583
1596,1592
1583,1627
1605,1623
1595,1627
1614,1620
1622,1617
1659,1625
1644,1627
1643,1650
1638,1660
1629,1642
1691,1653
1701,1655
1662,1658
1669,1680
1686,1628
1690,1659
1681,1684
1687,1678
1693,1668
1686,1646
1693,1640
1702,1653
1674,1651
1667,1631
1665,1637
1693,1649
1701,1633
1681,1635
1643,1639
1623,1625
1644,1597
1633,1594
1614,1587
1621,1601
1597,1587
1597,1566
1548,1564
1562,1550
1575,1536
1563,1527
1537,1509
1548,1524
1528,1491
1544,1480
1518,1485
1498,1501
1522,1497
1476,1454
1479,1446
1454,1463
1478,1455
1430,1432
1451,1443
1424,1440
1445,1455
1430,1452
1435,1445
1413,1408
1402,1442
1405,1427
1420,1434
1413,1436
1418,1425
1402,1425
1399,1449
1399,1453
1440,1475
1420,1463
1452,1460
1408,1451
1441,1439
1455,1478
1466,1480
1429,1504
1460,1474
1484,1509
1481,1512
1474,1502
1500,1496
1506,1531
1515,1531
1529,1560
1541,1562
1541,1574
1550,1581
1572,1571
1556,1587
1580,1594
1615,1619
1595,1602
1656,1636
1627,1623
1630,1643
1640,1607
1657,1613
1638,1650
1643,1671
1671,1655
1620,1660
1687,1635
1684,1655
1658,1667
1682,1677
1689,1665
1683,1656
1686,1662
1670,1683
1695,1658
1648,1674
1685,1636
1695,1655
1680,1655
1681,1644
1693,1646
1666,1644
1648,1649
1667,1632
1647,1625
1626,1615
1623,1578
1645,1615
1610,1585
1601,1569
1597,1621
1594,1567
1597,1571
1585,1553
1571,1552
1536,1543
1534,1521
1519,1498
1520,1507
1515,1511
1469,1515
1489,1489
1510,1460
1488,1459
1474,1484
1474,1445
1436,1449
1451,1437
1430,1446
1449,1454
1398,1449
1422,1412
1442,1419
1430,1410
1428,1390
1405,1428
1400,1411
1414,1454
1353,1419
1422,1450
1408,1434
1430,1431
1443,1448
1446,1459
1418,1455
1449,1477
1426,1454
1461,1493
1450,1471
1480,1477
1456,1499
1490,1507
1486,1515
1477,1523
1485,1504
1494,1534
1511,1538
1513,1569
1517,1564
1585,1557
1569,1607
1558,1553
1597,1590
1557,1592
1573,1632
1604,1597
1620,1641
1623,1632
1593,1630
1616,1649
1641,1665
1671,1629
1634,1652
1636,1665
1691,1640
1655,1672
1677,1682
1702,1688
1687,1683
1674,1690
1693,1669
1658,1653
1701,1674
1665,1657
1678,1650
1695,1688
1658,1650
1665,1654
1648,1653
1669,1638
1639,1653
1644,1621
1649,1615
1628,1634
1626,1627
1653,1615
1599,1608
1621,1584
1615,1587
1608,1577
1608,1582
1585,1571
1587,1514
1577,1519
1564,1520
1504,1514
1533,1508
1508,1509
1505,1490
1471,1503
1475,1471
1496,1454
1479,1439
1458,1474
1462,1456
1436,1462
1450,1448
1442,1425
1444,1437
1416,1460
1422,1430
1427,1443
1410,1445
1395,1430
1433,1438
1439,1419
1423,1415
1421,1436
1413,1447
1420,1449
1417,1406
1429,1447
1445,1454
1403,1476
1449,1433
1460,1467
1463,1463
1455,1480
1461,1486
1485,1483
1464,1492
1478,1492
1486,1501
1504,1498
1505,1551
1526,1556
1526,1548
1507,1564
1562,1555
1538,1556
1589,1584
1584,1615
1576,1572
1578,1596
1593,1625
1605,1614
1619,1640
1646,1636
1634,1656
1658,1656
1646,1641
1676,1655
1650,1668
1639,1676
1655,1646
1676,1675
1701,1663
1673,1666
1680,1673
1674,1660
1680,1686
1688,1680
1685,1688
1688,1656
1685,1655
1654,1693
1656,1651
1673,1662
1643,1678
1683,1656
1646,1634
1658,1618
1605,1651
1640,1621
1629,1590
1606,1595
1600,1589
1622,1575
1596,1545
1597,1563
1601,1581
1571,1560
1558,1568
1576,1513
1545,1520
1541,1484
1552,1496
1523,1491
1523,1480
1475,1458
1531,1480
1444,1457
1480,1479
1447,1477
1445,1463
1451,1458
1461,1442
1465,1446
1433,1432
1407,1422
1402,1433
1407,1450
1444,1441
1409,1422
1440,1432
1436,1448
1401,1444
1409,1400
1429,1438
1399,1469
1394,1450
1432,1461
1450,1444
1465,1473
1434,1450
1437,1487
1472,1471
1454,1481
1456,1490
1479,1519
1489,1528
1497,1520
1495,1522
1508,1531
1504,1537
1540,1548
1544,1572
1546,1576
1537,1610
1555,1562
1598,1597
1576,1615
1608,1609
1613,1610
1626,1623
1578,1623
1615,1644
1644,1611
1641,1644
1618,1658
1668,1649
1628,1664
1679,1668
1642,1636
1669,1666
1680,1685
1702,1677
1643,1665
1656,1676
1709,1679
1684,1684
1690,1632
1697,1648
1689,1642
1675,1648
1689,1634
1651,1665
1632,1649
1667,1610
1667,1606
1672,1639
1656,1618
1648,1615
1630,1610
1641,1603
1631,1622
1589,1604
1620,1554
1629,1564
1570,1537
1569,1553
1540,1521
1581,1543
1523,1504
1502,1495
1495,1500
1499,1485
1509,1468
1490,1467
1478,1479
1470,1476
1449,1463
1496,1445
1466,1451
1460,1453
1460,1416
1459,1436
1434,1445
1433,1430
1394,1458
1424,1427
1410,1444
1441,1416
1409,1442
1415,1422
1420,1446
1468,1425
1399,1451
1423,1466
1407,1483
1440,1445
1465,1450
1416,1442
1424,1475
1461,1469
1451,1496
1462,1494
1452,1495
1505,1521
1509,1520
1490,1526
1494,1525
1500,1538
1497,1559
1527,1560
1509,1541
1527,1585
1567,1579
1561,1562
1588,1592
1589,1608
1605,1589
1583,1627
1610,1637
1656,1645
1624,1651
1640,1638
1614,1640
1642,1639
1649,1667
1674,1705
1673,1670
1688,1673
1680,1674
1698,1698
1700,1640
1690,1645
1663,1645
1686,1674
1657,1661
1692,1647
1684,1656
1688,1657
1664,1659
1667,1633
1673,1639
1658,1654
1658,1629
1680,1617
1626,1607
1624,1597
1627,1605
1633,1591
1613,1595
1610,1565
1588,1605
1608,1575
1566,1544
1577,1548
1592,1546
1535,1546
1548,1537
1483,1526
1500,1500
1525,1526
1531,1497
1499,1481
1497,1481
1488,1457
1463,1452
1451,1456
1482,1462
1458,1452
1425,1464
1453,1451
1440,1460
1445,1457
1432,1460
1403,1422
1445,1441
1406,1429
1426,1432
1415,1438
1431,1429
1420,1446
1400,1441
1419,1433
1389,1463
1414,1436
1432,1462
1459,1461
1450,1475
1434,1496
1463,1501
1479,1505
1467,1498
1484,1508
1474,1507
1497,1516
1474,1511
1517,1527
1533,1517
1525,1543
1530,1569
1533,1578
1539,1578
1537,1556
1573,1579
1586,1605
1553,1574
1620,1602
1604,1594
1610,1632
1629,1617
1619,1679
1643,1665
1674,1650
1643,1651
1655,1643
1644,1633
1660,1668
1672,1674
1642,1649
1645,1667
1661,1655
1699,1664
1685,1654
1704,1671
1679,1675
1654,1661
1695,1652
1686,1649
1655,1648
1672,1621
1648,1627
1700,1644
1647,1645
1631,1619
1645,1601
1630,1615
1601,1628
1607,1599
1597,1589
1612,1576
1600,1573
1571,1552
1587,1583
1579,1563
1567,1585
1543,1514
1565,1532
1543,1496
1532,1489
1517,1517
1502,1505
1495,1483
1499,1467
1508,1451
1488,1451
1499,1461
1458,1450
1458,1462
1447,1469
1422,1434
1467,1460
1430,1437
1441,1441
1451,1449
1400,1448
1435,1437
1420,1449
1424,1430
1409,1431
1406,1432
1444,1476
1424,1438
1404,1460
1417,1453
1413,1466
1429,1478
1469,1480
1485,1460
1418,1492
1446,1515
1488,1508
1484,1496
1479,1516
1521,1510
1491,1508
1500,1528
1514,1541
1533,1552
1512,1547
1537,1568
1553,1575
1588,1595
1595,1615
1584,1595
1600,1620
1603,1630
1594,1604
1590,1653
1628,1600
1607,1633
1618,1623
1654,1628
1643,1639
1637,1646
1663,1660
1652,1674
1654,1629
1671,1668
1679,1650
1672,1665
1673,1643
1689,1649
1665,1647
1698,1630
1684,1638
1652,1644
1664,1644
1661,1613
1676,1638
1655,1641
1658,1632
1641,1630
1635,1607
1651,1612
1654,1601
1592,1615
1610,1606
1620,1554
1583,1596
1589,1568
1576,1582
1583,1558
1571,1559
1546,1540
1573,1552
1542,1530
1530,1501
1524,1512
1533,1508
1520,1521
1504,1489
1466,1485
1489,1461
1471,1465
1494,1445
1468,1460
1429,1458
1418,1474
1416,1464
1450,1440
1431,1473
1434,1464
1428,1441
1443,1468
1430,1456
1413,1439
1397,1440
1459,1430
1440,1445
1427,1435
1407,1463
1450,1466
1467,1456
1449,1458
1441,1468
1461,1475
1420,1462
1487,1498
1481,1515
1473,1493
1479,1494
1488,1533
1505,1506
1508,1538
1457,1490
1530,1527
1538,1533
1554,1556
1534,1569
1550,1572
1598,1580
1546,1586
1606,1593
1583,1593
1593,1595
1593,1603
1636,1612
1632,1652
1628,1614
1631,1613
1623,1664
1630,1631
1651,1647
1658,1650
1678,1664
1676,1641
1676,1647
1654,1654
1664,1674
1675,1668
1665,1672
1675,1656
1631,1664
1677,1635
1629,1653
1684,1643
1686,1638
1633,1631
1659,1626
1634,1624
1627,1619
1651,1626
1633,1621
1651,1597
1621,1612
1611,1577
1649,1609
1583,1570
1627,1562
1582,1568
1579,1556
1544,1545
1566,1529
1566,1525
1525,1505
1513,1502
1508,1478
1503,1491
1506,1510
1513,1478
1506,1497
1462,1483
1502,1456
1484,1445
1460,1481
1456,1462
1447,1467
1418,1455
1461,1437
1416,1438
1457,1425
1437,1436
1443,1441
1411,1470
1438,1463
1445,1414
1402,1435
1431,1434
1424,1436
1411,1454
1392,1469
1440,1462
1446,1465
1454,1459
1463,1470
1435,1456
1441,1476
1462,1483
1496,1504
1482,1509
1505,1493
1502,1533
1530,1524
1480,1549
1514,1532
1535,1545
1534,1570
1542,1585
1565,1544
1570,1610
1586,1576
1570,1620
1597,1600
1616,1604
1617,1601
1599,1612
1622,1604
1624,1619
1623,1634
1641,1651
1631,1613
1634,1630
1665,1672
1652,1660
1680,1642
1659,1660
1641,1630
1699,1642
1654,1667
1670,1669
1672,1675
1673,1628
1671,1639
1633,1655
1671,1633
1663,1634
1667,1646
1652,1633
1638,1647
1638,1635
1643,1626
1622,1605
1612,1606
1617,1582
1614,1588
1583,1576
1597,1586
1583,1581
1576,1557
1607,1527
1568,1515
1554,1520
1586,1535
1544,1528
1540,1499
1566,1505
1491,1503
1526,1522
1529,1489
1504,1472
1464,1479
1474,1474
1482,1467
1454,1470
1450,1442
1450,1483
1458,1461
1471,1472
1424,1425
1419,1444
1428,1456
1450,1440
1451,1464
1406,1450
1434,1440
1427,1435
1434,1436
1418,1448
1473,1448
1435,1477
1439,1451
1438,1432
1449,1482
1456,1462
1476,1494
1476,1466
1455,1501
1458,1507
1488,1514
1517,1495
1472,1539
1507,1518
1539,1544
1544,1529
1522,1553
1560,1565
1576,1588
1565,1559
1571,1600
1571,1609
1614,1576
1588,1598
1574,1599
1597,1604
1616,1621
1608,1619
1638,1623
1629,1644
1651,1673
1631,1675
1639,1649
1679,1654
1653,1654
1649,1642
1657,1633
1649,1658
1694,1636
1695,1666
1671,1678
1681,1642
1678,1657
1645,1638
1661,1638
1650,1660
1658,1638
1659,1634
1647,1623
1655,1633
1648,1612
1630,1619
1648,1619
1617,1605
1638,1608
1630,1588
1617,1591
1599,1562
1581,1537
1584,1562
1563,1568
1552,1535
1566,1537
1568,1537
1544,1528
1562,1514
1527,1518
1514,1484
1488,1475
1486,1462
1492,1516
1488,1487
1475,1451
1452,1455
1465,1460
1452,1454
1463,1460
1476,1492
1475,1452
1462,1438
1445,1428
1415,1454
1451,1451
1443,1452
1416,1428
1406,1445
1426,1443
1392,1450
1432,1441
1430,1479
1429,1482
1438,1449
1444,1494
1484,1482
1438,1492
1438,1481
1482,1486
1479,1487
1481,1496
1466,1530
1478,1509
1503,1497
1509,1527
1504,1552
1501,1549
1514,1564
1519,1571
1548,1578
1535,1587
1586,1589
1619,1583
1616,1583
1589,1612
1598,1611
1607,1604
1604,1609
1636,1634
1639,1622
1648,1605
1642,1631
1667,1629
1642,1627
1649,1657
1648,1683
1651,1639
1665,1652
1674,1650
1632,1643
1670,1655
1681,1663
1687,1666
1622,1649
1653,1692
1681,1642
1661,1643
1663,1638
1639,1651
1639,1620
1647,1623
1613,1617
1615,1622
1624,1605
1612,1634
1600,1590
1629,1584
1589,1564
1596,1576
1595,1558
1576,1537
1582,1540
1557,1511
1557,1536
1535,1534
1535,1514
1511,1509
1521,1498
1494,1498
1540,1499
1517,1490
1467,1476
1455,1495
1483,1458
1473,1461
1459,1452
1435,1451
1469,1469
1460,1455
1443,1473
1418,1431
1427,1475
1425,1447
1427,1437
1438,1439
1443,1428
1466,1463
1431,1456
1435,1457
1456,1460
1431,1460
1449,1453
1436,1477
1460,1482
1477,1483
1461,1472
1469,1474
1476,1462
1489,1502
1527,1497
1487,1497
1509,1504
1505,1519
1534,1511
1515,1540
1521,1558
1547,1589
1537,1571
1567,1582
1555,1562
1577,1604
1562,1597
1585,1588
1578,1595
1608,1596
1628,1609
1612,1625
1622,1624
1637,1634
1658,1641
1648,1619
1652,1619
1632,1639
1645,1621
1685,1664
1661,1643
1661,1646
1672,1640
1711,1637
1665,1640
1655,1661
1670,1651
1668,1645
1646,1657
1690,1641
1646,1622
1669,1618
1661,1625
1630,1590
1636,1616
1634,1625
1620,1626
1613,1598
1618,1571
1619,1575
1612,1576
1601,1569
1611,1552
1573,1585
1566,1571
1533,1542
1566,1543
1578,1534
1533,1555
1515,1500
1558,1529
1506,1505
1534,1488
1495,1497
1490,1518
1484,1458
1506,1475
1512,1494
1458,1490
1475,1468
1448,1472
1460,1479
1461,1441
1473,1444
1417,1455
1446,1425
1410,1443
1453,1429
1431,1469
1434,1473
1431,1431
1428,1474
1424,1467
1430,1469
1425,1467
1440,1454
1454,1489
1444,1483
1440,1476
1468,1479
1460,1480
1462,1501
1459,1507
1487,1538
1480,1508
1479,1535
1507,1530
1551,1532
1507,1593
1537,1572
1528,1562
1566,1593
1553,1576
1570,1576
1591,1569
1572,1563
1593,1619
1589,1622
1610,1620
1603,1593
1606,1604
1640,1618
1621,1595
1642,1621
1649,1615
1656,1627
1646,1638
1639,1649
1664,1651
1655,1652
1623,1656
1696,1668
1656,1669
1656,1643
1640,1635
1652,1644
1702,1640
1656,1656
1646,1629
1659,1622
1639,1631
1636,1625
1659,1605
1606,1616
1631,1617
1632,1589
1626,1596
1600,1597
1628,1574
1614,1573
1621,1591
1582,1551
1567,1543
1592,1565
1539,1565
1563,1535
1548,1545
1560,1522
1553,1510
1532,1497
1505,1519
1512,1481
1535,1485
1500,1484
1491,1499
1445,1465
1497,1466
1481,1456
1452,1457
1458,1429
1480,1458
1443,1436
1447,1486
1423,1483
1413,1434
1428,1464
1460,1457
1461,1424
1443,1445
1430,1465
1424,1428
1471,1480
1449,1466
1447,1476
1467,1465
1475,1467
1413,1480
1447,1496
1479,1477
1489,1475
1473,1491
1475,1504
1506,1507
1501,1489
1507,1533
1501,1557
1509,1547
1523,1554
1553,1526
1529,1572
1559,1589
1572,1593
1546,1593
1570,1561
1567,1587
1567,1615
1597,1571
1599,1607
1593,1605
1615,1620
1633,1622
1614,1644
1627,1637
1670,1611
1648,1631
1628,1608
1657,1640
1692,1638
1653,1637
1665,1631
1684,1650
1674,1656
1631,1645
1658,1612
1641,1659
1641,1649
1647,1651
1648,1645
1659,1614
1639,1630
1653,1621
1617,1632
1658,1608
1640,1585
1641,1605
1636,1598
1578,1594
1624,1596
1627,1560
1630,1540
1566,1556
1578,1532
1584,1542
1542,1558
1567,1571
1512,1518
1526,1540
1518,1509
1509,1528
1520,1488
1500,1476
1499,1487
1506,1495
1512,1485
1519,1457
1475,1474
1478,1492
1467,1458
1471,1473
1428,1454
1443,1462
1426,1460
1454,1454
1451,1438
1472,1444
1414,1466
1452,1439
1441,1468
1442,1420
1434,1460
1447,1464
1461,1465
1451,1465
1450,1484
1438,1469
1429,1483
1461,1471
1473,1497
1489,1485
1475,1499
1502,1498
1503,1523
1491,1553
1498,1522
1533,1512
1497,1534
1524,1544
1561,1552
1552,1543
1554,1570
1567,1565
1579,1560
1565,1586
1573,1608
1570,1611
1596,1622
1599,1603
1606,1627
1610,1621
1640,1643
1628,1630
1611,1623
1651,1636
1664,1632
1640,1640
1638,1641
1638,1655
1649,1628
1633,1626
1648,1651
1678,1650
1655,1642
1678,1633
1685,1630
1657,1627
1665,1633
1654,1632
1684,1625
1641,1633
1659,1612
1635,1610
1626,1627
1611,1621
1628,1603
1646,1589
1608,1552
1602,1583
1655,1579
1588,1568
1612,1569
1591,1577
1562,1562
1538,1527
1566,1536
1552,1503
1552,1500
1530,1509
1517,1516
1544,1486
1498,1516
1515,1511
1512,1492
1484,1486
1485,1469
1509,1457
1476,1464
1468,1479
1472,1447
1462,1444
1471,1481
1451,1461
1464,1438
1461,1456
1467,1443
1444,1460
1423,1466
1438,1453
1434,1455
1466,1488
1411,1452
1444,1469
1446,1457
1453,1483
1455,1483
1440,1486
1486,1491
1470,1517
1491,1509
1513,1500
1469,1497
1510,1512
1477,1524
1500,1507
1516,1530
1501,1537
1515,1555
1546,1573
1547,1566
1537,1566
1584,1571
1567,1594
1581,1562
1578,1575
1551,1585
1586,1599
1595,1589
1593,1629
1597,1602
1647,1634
1595,1628
1642,1612
1627,1633
1620,1656
1658,1637
1629,1638
1670,1631
1625,1651
1678,1622
1638,1629
1667,1657
1675,1625
1660,1615
1647,1635
1651,1639
1650,1650
1640,1624
1672,1621
1665,1612
1660,1606
1638,1606
1631,1612
1635,1615
1606,1609
1664,1601
1603,1559
1631,1562
1607,1587
1589,1568
1565,1548
1585,1564
1544,1569
1546,1561
1531,1542
1524,1527
1560,1519
1543,1533
1493,1519
1522,1511
1557,1514
1530,1489
1484,1480
1489,1457
1493,1490
1468,1496
1477,1476
1471,1479
1435,1473
1477,1454
1465,1473
1449,1451
1484,1490
1450,1485
1436,1469
1438,1451
1455,1463
1474,1458
1455,1415
1436,1468
1427,1480
1461,1459
1448,1475
1443,1453
1473,1482
1476,1483
1473,1483
1469,1490
1480,1480
1485,1503
1466,1496
1507,1515
1504,1546
1529,1535
1503,1537
1535,1531
1506,1550
1543,1564
1523,1566
1554,1574
1511,1593
1578,1579
1587,1594
1578,1610
1595,1606
1607,1597
1601,1594
1610,1587
1597,1623
1641,1622
1606,1614
1635,1639
1668,1647
1637,1621
1666,1625
1637,1628
1628,1639
1660,1616
1655,1674
1623,1638
1656,1667
1649,1653
1654,1636
1637,1658
1679,1620
1643,1667
1638,1625
1648,1629
1642,1611
1634,1628
1611,1607
1670,1624
1655,1593
1603,1585
1606,1594
1616,1602
1611,1587
1610,1568
1572,1567
1585,1564
1565,1541
1589,1560
1560,1539
1536,1541
1524,1519
1527,1515
1529,1521
1507,1512
1535,1499
1513,1489
1506,1500
1438,1483
1470,1475
1499,1460
1467,1459
1474,1484
1466,1465
1464,1458
1468,1474
1463,1455
1480,1449
1460,1467
1468,1449
1470,1454
1442,1454
1452,1467
1479,1463
1429,1467
1438,1491
1444,1479
1437,1467
1480,1469
1478,1476
1454,1508
1461,1507
1469,1507
1474,1491
1472,1489
1485,1512
1509,1510
1479,1511
1520,1521
1517,1522
1537,1545
1530,1525
1522,1528
1534,1559
1533,1588
1538,1547
1587,1566
1542,1592
1569,1580
1572,1594
1602,1589
1595,1604
1581,1624
1646,1632
1577,1626
1613,1622
1602,1604
1574,1623
1646,1616
1640,1627
1657,1643
1653,1620
1670,1619
1659,1670
1633,1634
1654,1620
1638,1622
1659,1653
1648,1645
1665,1653
1663,1612
1662,1659
1649,1649
1616,1630
1665,1640
1658,1572
1665,1624
1594,1625
1635,1588
1626,1607
1648,1600
1624,1587
1605,1600
1579,1566
1581,1530
1589,1574
1582,1560
1573,1541
1555,1518
1534,1523
1537,1513
1565,1518
1518,1526
1539,1534
1496,1519
1468,1494
1484,1497
1488,1489
1505,1478
1485,1458
1509,1480
1465,1480
1470,1468
1460,1457
1469,1455
1482,1444
1454,1489
1466,1465
1470,1458
1457,1463
1420,1474
1462,1452
1481,1440
1458,1469
1434,1460
1460,1448
1437,1475
1459,1480
1451,1483
1501,1478
1466,1468
1487,1491
1462,1483
1483,1504
1491,1504
1481,1528
1508,1505
1510,1550
1519,1524
1540,1552
1519,1555
1532,1531
1547,1549
1547,1556
1552,1560
1564,1565
1570,1610
1565,1627
1589,1607
1584,1585
1592,1582
1604,1599
1631,1593
1583,1598
1604,1622
1627,1612
1628,1661
1616,1638
1651,1618
1632,1614
1662,1624
1660,1641
1648,1657
1654,1644
1651,1623
1640,1650
1650,1639
1639,1638
1619,1617
1627,1646
1650,1641
1630,1644
1669,1613
1647,1588
1656,1610
1648,1605
1654,1583
1628,1583
1584,1569
1618,1595
1611,1571
1610,1589
1574,1553
1576,1567
1569,1556
1539,1556
1527,1549
1578,1545
1546,1521
1537,1507
1536,1536
1525,1525
1535,1525
1516,1493
1503,1506
1493,1496
1495,1493
1480,1482
1504,1512
1484,1463
1484,1490
1479,1458
1475,1450
1446,1449
1466,1463
1468,1443
1473,1450
1431,1442
1440,1454
1433,1470
1413,1442
1461,1486
1413,1439
1455,1470
1472,1479
1442,1468
1449,1479
1470,1509
1484,1501
1481,1502
1445,1474
1479,1478
1473,1521
1466,1501
1469,1539
1495,1514
1520,1527
1510,1548
1487,1531
1502,1535
1516,1553
1522,1568
1535,1577
1545,1563
1565,1555
1575,1573
1583,1584
1590,1597
1577,1581
1578,1602
1627,1643
1594,1626
1589,1604
1622,1625
1625,1637
1625,1614
1625,1640
1616,1633
1664,1679
1639,1631
1666,1665
1645,1640
1660,1659
1670,1664
1663,1646
1624,1649
1663,1652
1641,1597
1676,1629
1632,1633
1629,1642
1648,1618
1654,1621
1628,1616
1648,1638
1615,1596
1603,1599
1612,1616
1603,1590
1610,1581
1582,1588
1573,1542
1583,1557
1596,1560
1542,1563
1591,1536
1555,1519
1567,1550
1500,1513
1545,1532
1515,1499
1523,1499
1523,1479
1501,1509
1490,1511
1494,1494
1472,1499
1476,1488
1468,1461
1472,1445
1449,1476
1460,1465
1456,1499
1445,1496
1456,1453
1458,1469
1466,1441
1418,1469
1449,1464
1484,1448
1472,1471
1420,1463
1444,1456
1463,1498
1455,1460
1456,1494
1471,1484
1491,1480
1448,1504
1461,1500
1474,1494
1488,1496
1484,1497
1513,1524
1463,1530
1538,1546
1504,1535
1541,1567
1537,1546
1514,1565
1512,1572
1550,1565
1553,1571
1569,1573
1613,1593
1594,1608
1573,1599
1609,1595
1592,1591
1575,1584
1628,1602
1616,1588
1615,1615
1609,1625
1614,1632
1625,1649
1632,1633
1629,1635
1607,1636
1644,1659
1631,1642
1634,1625
1623,1648
1654,1644
1640,1641
1651,1649
1604,1614
1658,1648
1665,1648
1657,1621
1611,1623
1634,1608
1578,1594
1624,1594
1597,1618
1598,1601
1594,1584
1618,1589
1603,1592
1580,1579
1577,1549
1568,1555
1573,1549
1571,1547
1558,1545
1563,1538
1559,1556
1546,1526
1558,1515
1518,1544
1520,1512
1529,1488
1498,1503
1481,1521
1515,1485
1492,1493
1486,1457
1487,1503
1464,1479
1487,1484
1459,1469
1453,1461
1471,1469
1481,1476
1458,1478
1426,1453
1457,1455
1433,1457
1436,1454
1452,1456
1430,1485
1459,1471
1458,1455
1465,1481
1471,1484
1470,1489
1413,1482
1474,1491
1465,1467
1495,1480
1469,1533
1487,1519
1497,1532
1532,1517
1507,1545
1533,1530
1537,1534
1539,1539
1528,1555
1550,1553
1531,1579
1566,1573
1564,1565
1571,1591
1556,1598
1569,1600
1582,1608
1575,1622
1609,1602
1627,1597
1625,1620
1606,1618
1665,1624
1627,1612
1623,1674
1619,1608
1658,1663
1656,1624
1651,1629
1657,1644
1632,1659
1644,1624
1677,1639
1640,1641
1629,1643
1629,1647
1642,1646
1664,1627
1647,1615
1617,1603
1645,1604
1648,1621
1645,1613
1632,1592
1590,1603
1587,1613
1611,1597
1600,1582
1575,1571
1605,1561
1605,1530
1568,1584
1554,1566
1543,1557
1549,1507
1541,1551
1520,1539
1518,1514
1484,1534
1522,1501
1526,1480
1502,1493
1486,1500
1482,1458
1493,1492
1496,1488
1464,1489
1449,1476
1457,1493
1459,1474
1457,1483
1468,1451
1432,1474
1465,1454
1455,1460
1460,1455
1434,1482
1430,1449
1459,1494
1448,1467
1449,1455
1456,1462
1475,1462
1447,1465
1455,1482
1472,1519
1477,1519
1481,1524
1470,1502
1514,1500
1478,1521
1468,1530
1515,1554
1527,1515
1551,1553
1522,1585
1533,1536
1526,1527
1540,1553
1568,1573
1557,1578
1560,1574
1568,1611
1564,1589
1612,1610
1601,1602
1602,1626
1593,1612
1592,1606
1609,1617
1649,1606
1639,1642
1656,1641
1618,1631
1661,1649
1646,1617
1637,1631
1631,1643
1673,1631
1632,1629
1670,1639
1655,1634
1664,1645
1653,1635
1646,1651
1640,1611
1618,1643
1699,1598
1650,1617
1667,1607
1636,1614
1599,1626
1651,1605
1620,1613
1609,1614
1580,1586
1569,1580
1582,1546
1576,1582
1607,1563
1573,1540
1563,1531
1541,1544
1578,1508
1547,1528
1539,1517
1540,1544
1534,1514
1526,1506
1508,1514
1500,1476
1472,1486
1477,1485
1478,1471
1460,1493
1454,1479
1463,1468
1463,1469
1472,1481
1451,1461
1461,1471
1456,1447
1467,1457
1435,1488
1450,1477
1466,1435
1449,1494
1463,1479
1471,1491
1464,1453
1451,1484
1464,1483
1463,1486
1435,1446
1470,1487
1476,1506
1464,1497
1492,1511
1489,1513
1489,1509
1520,1523
1508,1535
1516,1525
1522,1539
1540,1553
1546,1536
1514,1565
1539,1594
1569,1580
1552,1598
1554,1550
1585,1577
1557,1602
1588,1605
1565,1616
1618,1613
1589,1626
1639,1620
1615,1609
1625,1611
1600,1637
1632,1619
1634,1622
1618,1618
1654,1614
1647,1603
1654,1642
1634,1638
1664,1623
1639,1653
1635,1641
1657,1664
1665,1624
1648,1626
1643,1626
1616,1634
1659,1630
1622,1609
1640,1601
1605,1579
1625,1608
1628,1590
1609,1578
1637,1610
1595,1569
1576,1592
1607,1565
1593,1567
1596,1536
1557,1544
1545,1517
1557,1543
1550,1519
1556,1515
1545,1505
1537,1540
1499,1495
1502,1503
1509,1500
1491,1501
1509,1485
1500,1455
1513,1491
1480,1467
1456,1474
1452,1492
1482,1454
1454,1493
1456,1484
1453,1469
1457,1469
1431,1454
1433,1453
1446,1469
1450,1475
1468,1469
1446,1468
1431,1461
1456,1470
1454,1500
1462,1479
1433,1496
1499,1504
1481,1473
1477,1486
1483,1511
1482,1529
1496,1512
1502,1522
1495,1532
1520,1522
1490,1545
1495,1526
1526,1548
1557,1526
1525,1533
1522,1571
1543,1569
1578,1557
1562,1538
1560,1599
1575,1598
1577,1627
1598,1601
1598,1625
1602,1602
1604,1656
1611,1600
1635,1616
1629,1608
1623,1595
1631,1626
1633,1631
1641,1651
1638,1632
1654,1639
1678,1655
1642,1617
1617,1630
1650,1622
1640,1636
1655,1631
1642,1651
1653,1650
1645,1636
1631,1634
1610,1615
1623,1591
1632,1593
1622,1589
1627,1612
1554,1591
1634,1604
1608,1579
1593,1582
1583,1550
1572,1563
1569,1560
1577,1552
1537,1559
1561,1541
1546,1551
1539,1542
1550,1537
1499,1522
1500,1507
1552,1512
1506,1504
1510,1493
1511,1494
1471,1464
1520,1494
1474,1502
1460,1504
1457,1454
1422,1454
1486,1496
1477,1483
1432,1466
1444,1440
1443,1453
1419,1453
1455,1473
1446,1443
1441,1480
1446,1459
1441,1495
1479,1452
1444,1465
1433,1494
1459,1479
1481,1503
1465,1462
1473,1505
1488,1487
1503,1509
1493,1499
1483,1531
1504,1507
1515,1509
1510,1507
1520,1540
1561,1538
1519,1542
1551,1609
1550,1575
1586,1572
1565,1579
1585,1601
1586,1593
1590,1608
1602,1592
1578,1620
1582,1595
1604,1589
1620,1617
1621,1630
1595,1634
1627,1650
1671,1641
1647,1641
1647,1648
1652,1642
1630,1644
1647,1647
1633,1670
1658,1632
1648,1636
1658,1606
1639,1612
1640,1634
1670,1636
1664,1639
1633,1617
1660,1590
1652,1631
1616,1593
1633,1605
1604,1621
1610,1587
1622,1593
1593,1605
1607,1555
1605,1576
1574,1550
1565,1586
1579,1555
1598,1557
1561,1537
1562,1574
1574,1505
1539,1534
1524,1492
1546,1517
1509,1512
1501,1469
1495,1482
1482,1505
1467,1499
1489,1502
1480,1482
1477,1472
1459,1458
1484,1466
1503,1464
1446,1461
1422,1449
1485,1475
1454,1466
1442,1457
1460,1452
1451,1464
1433,1464
1432,1466
1428,1458
1456,1470
1451,1460
1437,1466
1444,1458
1455,1484
1474,1485
1477,1479
1468,1510
1510,1485
1508,1498
1501,1516
1478,1536
1504,1543
1518,1540
1490,1538
1515,1531
1528,1562
1544,1566
1538,1573
1542,1563
1548,1565
1557,1565
1586,1606
1582,1604
1563,1581
1588,1607
1635,1611
1600,1637
1595,1621
1637,1621
1605,1637
1623,1658
1640,1646
1653,1635
1618,1636
1666,1635
1625,1645
1656,1651
1645,1629
1637,1650
1652,1633
1651,1643
1641,1637
1668,1648
1654,1625
1613,1627
1664,1625
1632,1630
1628,1635
1657,1617
1626,1607
1635,1597
1616,1610
1600,1594
1583,1594
1598,1578
1592,1537
1588,1559
1568,1547
1581,1538
1566,1560
1578,1539
1545,1531
1500,1532
1536,1543
1524,1509
1518,1510
1541,1501
1511,1501
1512,1508
1523,1492
1465,1492
1469,1489
1475,1472
1474,1498
1486,1483
1491,1459
1495,1458
1447,1476
1448,1466
1449,1446
1429,1440
1433,1444
1460,1441
1422,1456
1424,1464
1436,1453
1448,1484
1447,1468
1478,1459
1439,1485
1478,1511
1421,1479
1470,1473
1442,1496
1471,1487
1463,1493
1469,1499
1512,1490
1495,1512
1467,1539
1510,1529
1494,1516
1519,1525
1540,1540
1507,1536
1534,1557
1555,1566
1559,1574
1558,1571
1604,1581
1602,1588
1586,1604
1586,1602
1627,1618
1603,1624
1643,1603
1606,1652
1603,1613
1624,1633
1621,1611
1650,1624
1651,1653
1644,1651
1643,1645
1649,1651
1645,1630
1647,1622
1653,1607
1662,1644
1642,1638
1673,1646
1687,1645
1642,1644
1664,1642
1647,1638
1651,1628
1607,1610
1660,1638
1659,1625
1616,1599
1606,1597
1575,1593
1600,1574
1622,1591
1605,1580
1584,1573
1566,1577
1607,1545
1542,1544
1544,1524
1583,1530
1545,1514
1537,1505
1530,1537
1549,1508
1529,1506
1541,1504
1513,1493
1503,1474
1490,1501
1514,1507
1514,1477
1471,1462
1456,1472
1468,1465
1457,1490
1457,1464
1487,1479
1463,1469
1451,1464
1451,1463
1458,1457
1461,1459
1412,1473
1427,1447
1439,1440
1475,1477
1452,1460
1449,1483
1437,1474
1477,1467
1482,1478
1477,1511
1466,1487
1488,1511
1498,1480
1452,1522
1523,1543
1490,1511
1517,1513
1500,1557
1509,1534
1530,1537
1539,1551
1548,1552
1550,1580
1566,1584
1566,1564
1563,1579
1584,1554
1609,1578
1572,1585
1617,1590
1595,1592
1617,1630
1617,1614
1621,1626
1640,1627
1635,1612
1654,1624
1651,1644
1634,1645
1618,1645
1660,1639
1654,1638
1658,1628
1653,1646
1672,1643
1664,1636
1671,1630
1649,1643
1649,1624
1671,1621
1654,1625
1646,1629
1638,1634
1633,1597
1628,1605
1610,1604
1610,1602
1629,1602
1607,1605
1624,1593
1592,1579
1586,1575
1567,1556
1559,1539
1589,1587
1531,1548
1583,1560
1565,1497
1543,1517
1518,1507
1529,1527
1553,1507
1529,1509
1511,1494
1499,1498
1496,1484
1479,1475
1498,1479
1442,1490
1452,1462
1441,1474
1427,1438
1477,1459
1448,1491
1436,1437
1500,1456
1428,1469
1458,1454
1447,1460
1460,1468
1444,1455
1426,1468
1417,1444
1436,1475
1450,1472
1453,1479
1441,1487
1464,1484
1487,1475
1476,1491
1491,1508
1470,1497
1484,1500
1490,1499
1491,1514
1494,1507
1531,1525
1509,1568
1527,1589
1525,1561
1540,1556
1545,1588
1535,1590
1568,1534
1543,1621
1581,1589
1597,1587
1578,1602
1609,1628
1570,1627
1625,1600
1615,1643
1604,1631
1643,1634
1686,1621
1661,1626
1625,1628
1670,1652
1632,1638
1653,1638
1638,1665
1642,1644
1639,1666
1624,1624
1664,1636
1650,1617
1610,1649
1638,1674
1650,1624
1632,1640
1654,1623
1623,1630
1626,1590
1652,1612
1646,1617
1629,1609
1632,1597
1602,1583
1591,1584
1552,1561
1596,1590
1594,1557
1597,1562
1585,1518
1566,1530
1552,1540
1553,1529
1507,1518
1544,1534
1531,1528
1519,1485
1506,1488
1529,1506
1481,1493
1468,1475
1505,1483
1464,1478
1467,1498
1467,1454
1460,1475
1446,1457
1446,1507
1454,1441
1464,1456
1466,1448
1460,1447
1426,1438
1437,1452
1454,1463
1450,1473
1422,1480
1429,1463
1441,1482
1436,1474
1450,1456
1459,1465
1452,1456
1453,1486
1474,1486
1476,1489
1459,1519
1476,1509
1510,1520
1528,1529
1492,1500
1524,1539
1544,1557
1525,1547
1503,1548
1557,1566
1527,1576
1546,1577
1586,1577
1609,1579
1618,1604
1604,1598
1594,1603
1591,1601
1610,1609
1628,1643
1617,1613
1613,1626
1631,1641
1648,1641
1627,1678
1664,1669
1646,1638
1647,1658
1669,1642
1656,1636
1661,1646
1672,1645
1672,1647
1675,1643
1666,1649
1661,1646
1639,1608
1662,1649
1655,1632
1649,1650
1651,1618
1642,1621
1647,1600
1644,1608
1607,1606
1634,1588
1603,1609
1623,1579
1593,1576
1600,1588
1566,1544
1593,1568
1584,1549
1574,1575
1544,1563
1538,1529
1562,1522
1532,1527
1544,1502
1490,1503
1527,1492
1484,1487
1507,1480
1497,1468
1486,1485
1487,1456
1466,1432
1510,1476
1447,1469
1462,1454
1456,1483
1457,1448
1437,1431
1444,1448
1458,1446
1409,1463
1439,1463
1437,1461
1446,1449
1451,1455
1438,1443
1448,1445
1461,1471
1412,1457
1455,1459
1459,1473
1448,1486
1471,1492
1458,1472
1496,1496
1478,1511
1477,1518
1500,1540
1481,1524
1521,1543
1525,1522
1527,1557
1508,1570
1552,1574
1571,1568
1581,1564
1545,1548
1568,1579
1609,1570
1592,1597
1621,1618
1593,1607
1588,1610
1621,1622
1617,1604
1635,1642
1652,1624
1655,1657
1641,1671
1655,1643
1684,1648
1671,1647
1647,1645
1649,1652
1699,1656
1681,1657
1661,1661
1653,1654
1662,1667
1660,1633
1709,1619
1646,1620
1644,1635
1657,1599
1647,1612
1642,1637
1646,1599
1644,1593
1631,1603
1619,1590
1578,1599
1596,1569
1596,1585
1594,1568
1579,1539
1584,1550
1554,1563
1536,1530
1549,1521
1508,1518
1512,1507
1488,1521
1519,1511
1485,1515
1515,1489
1485,1481
1488,1481
1471,1446
1473,1451
1463,1461
1477,1470
1451,1483
1465,1423
1462,1484
1453,1458
1446,1459
1446,1436
1425,1433
1410,1449
1408,1479
1466,1438
1427,1441
1416,1461
1443,1441
1442,1473
1444,1453
1472,1457
1425,1440
1438,1496
1471,1456
1455,1449
1496,1460
1479,1490
1458,1522
1448,1504
1458,1503
1476,1535
1494,1508
1515,1526
1531,1570
1563,1563
1556,1566
1549,1565
1554,1592
1537,1562
1542,1599
1556,1605
1584,1597
1605,1646
1609,1620
1599,1608
1618,1590
1587,1617
1619,1615
1610,1638
1650,1651
1618,1644
1622,1636
1632,1650
1629,1619
1682,1656
1704,1679
1639,1662
1693,1643
1657,1666
1674,1657
1679,1657
1685,1649
1641,1636
1669,1649
1645,1633
1666,1621
1664,1623
1665,1605
1662,1597
1600,1636
1637,1608
1613,1579
1603,1587
1588,1557
1597,1574
1611,1577
1560,1568
1556,1572
1575,1540
1576,1535
1571,1532
1532,1538
1528,1548
1525,1541
1496,1534
1527,1520
1496,1485
1517,1487
1497,1500
1463,1463
1487,1466
1467,1478
1464,1461
1432,1457
1457,1464
1478,1447
1446,1427
1458,1438
1449,1452
1432,1454
1420,1440
1461,1464
1443,1458
1406,1447
1424,1443
1439,1441
1459,1471
1459,1460
1427,1464
1445,1459
1463,1477
1452,1470
1472,1466
1442,1468
1487,1481
1500,1497
1446,1491
1489,1519
1504,1521
1502,1537
1547,1527
1516,1517
1513,1515
1520,1528
1544,1549
1530,1555
1559,1560
1568,1569
1565,1597
1609,1601
1578,1582
1591,1615
1612,1613
1612,1608
1640,1624
1611,1647
1636,1622
1635,1620
1658,1654
1667,1640
1669,1635
1666,1647
1645,1645
1649,1641
1676,1694
1642,1650
1659,1645
1690,1643
1658,1620
1662,1647
1647,1649
1650,1629
1660,1654
1684,1628
1655,1609
1662,1619
1643,1636
1658,1612
1649,1617
1610,1584
1615,1607
1592,1582
1622,1578
1593,1578
1585,1576
1562,1570
1573,1554
1577,1538
1534,1568
1546,1532
1546,1534
1532,1548
1518,1503
1539,1500
1528,1471
1481,1513
1462,1495
1498,1487
1476,1464
1484,1462
1455,1490
1463,1469
1435,1470
1463,1463
1468,1461
1422,1429
1421,1461
1446,1422
1440,1461
1447,1447
1404,1469
1409,1438
1430,1445
1446,1445
1449,1463
1434,1452
1412,1478
1425,1473
1420,1482
1418,1488
1414,1465
1441,1489
1479,1476
1461,1489
1468,1514
1463,1519
1485,1514
1483,1518
1503,1523
1502,1523
1494,1564
1517,1559
1518,1560
1509,1561
1537,1562
1558,1556
1585,1575
1574,1604
1578,1585
1589,1580
1608,1595
1632,1611
1596,1628
1644,1624
1620,1615
1645,1644
1608,1641
1643,1615
1655,1654
1656,1629
1662,1665
1654,1642
1670,1646
1660,1668
1683,1647
1687,1650
1659,1673
1664,1633
1686,1626
1654,1636
1673,1632
1652,1635
1641,1641
1673,1639
1641,1633
1645,1612
1662,1632
1642,1598
1643,1593
1623,1597
1605,1563
1614,1556
1616,1579
1603,1578
1602,1559
1585,1567
1539,1553
1545,1531
1553,1550
1534,1545
1507,1529
1527,1517
1534,1505
1504,1524
1509,1474
1488,1497
1502,1472
1502,1504
1462,1444
1456,1464
1461,1479
1480,1463
1461,1443
1399,1465
1432,1476
1412,1446
1430,1468
1449,1432
1438,1442
1430,1453
1435,1443
1441,1432
1446,1470
1455,1448
1439,1432
1454,1459
1460,1456
1429,1466
1445,1481
1416,1493
1454,1468
1451,1488
1476,1486
1469,1496
1500,1508
1458,1508
1484,1564
1527,1514
1524,1526
1516,1562
1528,1531
1514,1544
1555,1573
1556,1572
1567,1570
1567,1572
1587,1595
1585,1604
1568,1619
1613,1596
1655,1623
1614,1629
1649,1634
1643,1630
1617,1635
1645,1649
1665,1620
1662,1650
1654,1650
1668,1650
1679,1641
1639,1651
1667,1678
1678,1658
1669,1685
1691,1664
1682,1624
1695,1633
1666,1666
1681,1623
1666,1661
1653,1667
1624,1659
1649,1645
1644,1618
1655,1614
1638,1598
1609,1593
1636,1587
1618,1583
1602,1561
1596,1605
1581,1586
1583,1538
1594,1547
1566,1529
1577,1542
1548,1526
1534,1528
1555,1519
1519,1499
1499,1506
1508,1503
1499,1482
1491,1485
1460,1462
1486,1458
1478,1454
1465,1449
1464,1444
1465,1463
1456,1417
1460,1447
1434,1466
1408,1467
1436,1444
1430,1429
1446,1425
1431,1437
1400,1420
1426,1433
1432,1421
1433,1436
1452,1458
1413,1469
1455,1489
1453,1457
1447,1481
1465,1452
1422,1490
1443,1501
1480,1515
1505,1482
1461,1494
1481,1531
1492,1527
1537,1508
1512,1521
1511,1567
1513,1542
1546,1560
1565,1550
1544,1577
1534,1553
1578,1589
1569,1591
1588,1612
1578,1590
1593,1610
1616,1630
1598,1634
1649,1632
1617,1633
1622,1658
1648,1643
1671,1653
1631,1632
1677,1660
1669,1664
1682,1658
1674,1689
1663,1679
1678,1655
1653,1649
1682,1667
1682,1643
1689,1650
1680,1650
1645,1650
1647,1625
1638,1611
1644,1634
1652,1639
1662,1635
1633,1636
1663,1625
1621,1626
1630,1579
1614,1571
1621,1604
1626,1576
1608,1554
1547,1568
1585,1558
1570,1563
1573,1538
1545,1522
1553,1550
1538,1504
1521,1509
1500,1495
1495,1498
1506,1494
1481,1480
1455,1470
1464,1461
1502,1465
1446,1436
1482,1451
1455,1465
1479,1449
1440,1431
1432,1460
1419,1471
1437,1437
1415,1456
1437,1425
1402,1449
1411,1444
1462,1434
1418,1429
1438,1428
1447,1476
1426,1446
1433,1458
1448,1433
1445,1457
1437,1474
1427,1460
1454,1482
1498,1488
1495,1508
1488,1464
1496,1518
1517,1532
1484,1536
1523,1559
1524,1548
1522,1557
1551,1548
1559,1563
1578,1574
1558,1591
1630,1589
1578,1613
1602,1614
1619,1623
1618,1620
1616,1627
1597,1620
1643,1659
1628,1625
1645,1632
1640,1642
1652,1644
1687,1666
1657,1672
1710,1642
1699,1670
1660,1673
1677,1670
1663,1668
1675,1655
1670,1648
1651,1666
1708,1640
1651,1635
1687,1661
1660,1651
1667,1619
1647,1632
1660,1639
1636,1617
1641,1616
1662,1611
1655,1599
1632,1589
1589,1573
1591,1586
1606,1548
1608,1580
1572,1583
1584,1556
1567,1516
1578,1531
1529,1531
1532,1515
1527,1530
1516,1497
1529,1500
1504,1473
1499,1480
1495,1477
1501,1512
1466,1446
1507,1428
1468,1443
1440,1453
1431,1464
1472,1461
1451,1422
1420,1432
1373,1439
1444,1426
1425,1442
1427,1450
1431,1404
1429,1442
1420,1432
1419,1431
1417,1459
1435,1475
1421,1445
1432,1460
1422,1458
1443,1449
1443,1496
1463,1480
1456,1494
1466,1480
1467,1508
1500,1496
1476,1520
1474,1516
1507,1524
1534,1523
1524,1555
1518,1550
1527,1542
1556,1588
1554,1572
1591,1578
1566,1576
1581,1599
1594,1596
1590,1614
1614,1611
1626,1616
1626,1635
1625,1632
1640,1652
1639,1638
1653,1646
1650,1654
1654,1662
1671,1642
1670,1653
1679,1641
1685,1662
1668,1664
1686,1676
1677,1658
1704,1663
1684,1672
1664,1673
1673,1661
1676,1639
1685,1647
1674,1627
1655,1666
1631,1654
1687,1644
1644,1593
1662,1613
1628,1590
1628,1602
1637,1563
1598,1566
1603,1577
1618,1569
1583,1566
1561,1557
1547,1530
1536,1539
1530,1504
1526,1507
1543,1493
1499,1522
1525,1510
1523,1474
1461,1479
1469,1472
1492,1484
1443,1449
1444,1470
1465,1454
1436,1447
1432,1437
1419,1447
1435,1460
1414,1431
1423,1444
1402,1426
1411,1449
1426,1458
1418,1423
1405,1423
1396,1427
1412,1418
1415,1450
1413,1451
1420,1464
1442,1464
1434,1461
1459,1462
1451,1473
1437,1482
1438,1495
1454,1475
1471,1495
1479,1521
1474,1506
1498,1513
1498,1532
1511,1540
1516,1545
1514,1566
1508,1568
1561,1583
1552,1590
1572,1576
1558,1599
1585,1596
1592,1591
1609,1617
1617,1611
1618,1619
1621,1619
1632,1624
1629,1627
1658,1651
1660,1653
1661,1645
1676,1662
1671,1651
1692,1669
1661,1648
1674,1680
1658,1669
1681,1687
1661,1693
1688,1661
1676,1652
1672,1674
1681,1630
1679,1641
1663,1653
1674,1634
1662,1631
1654,1630
1647,1630
1647,1625
1637,1651
1655,1588
1601,1594
1584,1599
1587,1568
1603,1583
1588,1581
1577,1523
1594,1569
1586,1509
1538,1541
1528,1507
1529,1510
1522,1519
1505,1482
1529,1534
1479,1503
1495,1468
1450,1480
1498,1478
1477,1474
1458,1440
1435,1453
1443,1434
1454,1457
1403,1449
1402,1439
1442,1445
1428,1420
1392,1427
1434,1422
1413,1418
1404,1433
1404,1440
1418,1451
1422,1450
1412,1442
1446,1437
1401,1448
1417,1455
1426,1458
1460,1471
1446,1509
1446,1482
1438,1468
1469,1464
1475,1497
1462,1515
1497,1509
1491,1515
1497,1560
1526,1506
1510,1547
1527,1535
1533,1569
1548,1571
1567,1587
1596,1598
1581,1585
1572,1621
1599,1614
1593,1621
1622,1627
1612,1628
1598,1632
1604,1631
1655,1676
1664,1612
1660,1681
1677,1618
1647,1664
1680,1656
1661,1667
1660,1663
1691,1658
1678,1654
1681,1647
1667,1689
1685,1664
1682,1650
1688,1659
1683,1647
1668,1649
1682,1632
1677,1639
1683,1629
1623,1645
1663,1607
1619,1620
1641,1603
1634,1599
1646,1573
1585,1568
1592,1595
1578,1577
1600,1565
1589,1542
1613,1552
1559,1520
1542,1514
1539,1529
1531,1519
1516,1503
1529,1493
1519,1516
1496,1478
1489,1483
1476,1456
1465,1459
1499,1475
1487,1460
1461,1481
1460,1427
1452,1459
1420,1438
1420,1428
1422,1442
1412,1428
1440,1449
1431,1436
1411,1426
1391,1451
1413,1442
1413,1420
1406,1462
1410,1419
1413,1441
1412,1443
1471,1474
1444,1466
1463,1442
1428,1471
1455,1461
1477,1505
1436,1477
1499,1469
1460,1507
1463,1526
1486,1537
1501,1537
1511,1538
1503,1551
1528,1555
1505,1589
1554,1573
1552,1565
1555,1546
1548,1585
1602,1610
1620,1605
1616,1614
1602,1619
1609,1644
1632,1667
1678,1654
1630,1643
1681,1648
1651,1652
1664,1659
1653,1665
1664,1657
1686,1686
1653,1645
1671,1659
1695,1682
1702,1657
1680,1662
1687,1669
1706,1671
1691,1637
1677,1644
1679,1639
1685,1653
1673,1632
1635,1655
1659,1615
1683,1634
1663,1625
1644,1614
1637,1610
1579,1582
1589,1608
1597,1585
1618,1558
1612,1566
1567,1523
1575,1546
1565,1523
1529,1529
1546,1519
1547,1502
1541,1503
1519,1497
1490,1490
1495,1482
1481,1454
1488,1445
1479,1478
1461,1464
1443,1456
1482,1441
1405,1436
1426,1449
1413,1437
1425,1427
1460,1437
1421,1419
1427,1421
1440,1452
1427,1417
1402,1448
1373,1448
1416,1426
1396,1447
1437,1441
1442,1436
1437,1454
1444,1471
1456,1477
1448,1462
1429,1480
1447,1462
1453,1481
1481,1508
1437,1502
1489,1500
1490,1510
1532,1522
1517,1541
1555,1562
1548,1556
1513,1570
1511,1565
1544,1583
1546,1562
1601,1597
1582,1591
1557,1624
1628,1593
1602,1608
1631,1613
1620,1625
1617,1619
1636,1633
1642,1659
1639,1654
1657,1693
1684,1677
1669,1679
1680,1680
1678,1668
1712,1673
1689,1658
1666,1666
1652,1675
1681,1683
1701,1664
1685,1669
1667,1670
1710,1621
1687,1644
1665,1627
1673,1653
1653,1625
1665,1632
1671,1624
1641,1607
1633,1615
1633,1583
1601,1586
1604,1590
1569,1583
1609,1556
1565,1560
1597,1563
1597,1551
1552,1544
1516,1515
1546,1491
1501,1520
1515,1483
1516,1509
1509,1501
1502,1479
1537,1474
1481,1468
1476,1480
1452,1453
1458,1437
1439,1432
1437,1430
1454,1419
1409,1439
1421,1421
1413,1413
1425,1456
1393,1411
1420,1436
1429,1396
1396,1431
1395,1431
1411,1432
1426,1441
1436,1442
1431,1470
1406,1453
1443,1455
1424,1450
1427,1449
1431,1462
1466,1481
1450,1514
1445,1495
1480,1501
1469,1514
1475,1522
1521,1526
1507,1527
1494,1530
1532,1529
1546,1574
1539,1546
1558,1573
1567,1595
1540,1605
1579,1599
1599,1617
1607,1632
1595,1633
1603,1624
1628,1603
1644,1645
1658,1654
1653,1662
1657,1659
1662,1682
1643,1662
1699,1659
1678,1676
1685,1666
1673,1671
1667,1695
1691,1664
1701,1662
1708,1669
1662,1656
1654,1649
1669,1670
1680,1668
1673,1649
1666,1655
1692,1633
1680,1645
1661,1638
1669,1614
1643,1612
1643,1607
1616,1601
1662,1618
1594,1576
1594,1550
1591,1581
1588,1547
1590,1544
1573,1545
1577,1522
1538,1518
1533,1510
1528,1493
1499,1519
1516,1486
1477,1482
1474,1464
1481,1483
1473,1472
1474,1460
1471,1448
1434,1440
1444,1443
1433,1416
1437,1448
1427,1436
1423,1438
1438,1408
1418,1417
1404,1416
1395,1434
1387,1440
1415,1415
1432,1418
1402,1436
1410,1451
1422,1445
1431,1457
1426,1421
1415,1449
1404,1452
1415,1479
1458,1456
1435,1476
1438,1491
1473,1489
1474,1487
1478,1500
1493,1498
1501,1505
1531,1540
1526,1542
1522,1524
1549,1587
1543,1558
1573,1586
1553,1579
1579,1612
1597,1602
1594,1624
1581,1623
1602,1625
1620,1620
1616,1631
1626,1632
1647,1651
1673,1639
1672,1642
1663,1636
1664,1701
1665,1657
1668,1658
1649,1677
1693,1692
1681,1649
1661,1653
1678,1650
1666,1663
1679,1686
1689,1672
1677,1664
1655,1640
1680,1664
1663,1629
1671,1637
1667,1607
1654,1638
1645,1604
1675,1619
1641,1581
1598,1602
1629,1592
1623,1586
1611,1569
1595,1576
1586,1560
1579,1555
1549,1524
1532,1529
1575,1519
1528,1549
1507,1503
1487,1509
1519,1506
1480,1463
1500,1481
1496,1465
1456,1463
1474,1459
1480,1448
1459,1433
1446,1436
1423,1430
1422,1437
1440,1435
1403,1440
1427,1430
1432,1443
1434,1438
1393,1438
1423,1425
1421,1423
1393,1446
1416,1421
1382,1432
1413,1459
1403,1461
1424,1456
1444,1484
1431,1474
1454,1458
1458,1471
1433,1484
1447,1472
1475,1478
1465,1502
1481,1509
1482,1515
1505,1529
1509,1536
1503,1562
1539,1566
1535,1581
1541,1564
1559,1557
1576,1608
1584,1590
1598,1590
1590,1630
1623,1629
1591,1617
1639,1637
1624,1630
1621,1656
1641,1661
1648,1634
1639,1643
1660,1684
1688,1647
1657,1672
1685,1686
1677,1681
1683,1677
1697,1678
1657,1694
1701,1682
1696,1660
1703,1648
1684,1644
1668,1655
1681,1667
1698,1630
1712,1662
1658,1640
1672,1640
1654,1644
1646,1635
1642,1611
1620,1573
1631,1587
1595,1587
1614,1581
1571,1594
1590,1541
1604,1582
1551,1554
1578,1541
1542,1524
1552,1502
1529,1522
1500,1511
1550,1509
1515,1485
1522,1484
1455,1479
1474,1477
1477,1459
1461,1447
1439,1439
1484,1448
1444,1440
1425,1437
1435,1416
1404,1426
1412,1406
1404,1444
1393,1444
1445,1413
1420,1424
1400,1426
1413,1426
1397,1414
1418,1430
1436,1432
1425,1432
1442,1463
1424,1437
1445,1473
1419,1464
1412,1473
1440,1492
1474,1488
1430,1483
1454,1508
1476,1499
1501,1503
1493,1524
1531,1528
1542,1535
1540,1564
1546,1560
1535,1571
1577,1570
1593,1596
1563,1586
1574,1606
1599,1623
1613,1596
1640,1613
1641,1613
1594,1647
1649,1648
1647,1655
1646,1657
1666,1635
1635,1664
1660,1655
1662,1645
1704,1666
1705,1674
1673,1666
1677,1662
1690,1660
1712,1661
1712,1667
1730,1690
1657,1675
1686,1645
1667,1656
1690,1657
1678,1639
1677,1635
1662,1625
1655,1635
1683,1641
1631,1590
1642,1606
1650,1609
1615,1572
1586,1602
1639,1584
1597,1563
1598,1558
1564,1569
1575,1530
1578,1551
1544,1509
1541,1526
1495,1508
1495,1495
1504,1520
1467,1458
1495,1493
1490,1494
1465,1440
1467,1464
1473,1461
1455,1457
1454,1413
1442,1445
1442,1441
1438,1444
1426,1452
1405,1425
1432,1410
1410,1420
1413,1433
1419,1426
1415,1418
1436,1432
1391,1438
1423,1445
1432,1439
1400,1441
1440,1452
1412,1442
1442,1473
1459,1471
1417,1484
1451,1493
1446,1469
1474,1490
1447,1506
1476,1507
1493,1531
1470,1534
1499,1539
1539,1556
1516,1540
1516,1554
1538,1562
1558,1557
1595,1602
1560,1602
1607,1578
1584,1614
1618,1623
1609,1622
1609,1615
1617,1660
1644,1662
1652,1658
1632,1615
1670,1638
1649,1642
1697,1616
1683,1662
1673,1636
1683,1692
1673,1651
1686,1672
1701,1667
1681,1648
1684,1647
1695,1674
1707,1651
1688,1658
1681,1656
1665,1656
1672,1650
1664,1653
1648,1622
1661,1648
1633,1633
1646,1605
1644,1610
1623,1593
1582,1606
1599,1598
1601,1558
1606,1567
1573,1571
1564,1563
1551,1531
1552,1522
1557,1508
1556,1524
1527,1527
1514,1501
1510,1492
1496,1479
1498,1475
1503,1488
1470,1471
1467,1474
1476,1461
1438,1443
1425,1439
1437,1430
1421,1425
1460,1424
1435,1402
1441,1416
1397,1415
1457,1420
1404,1443
1423,1421
1443,1435
1406,1430
1386,1433
1441,1441
1427,1444
1435,1432
1425,1453
1435,1438
1433,1473
1412,1490
1430,1446
1459,1469
1457,1496
1462,1515
1487,1525
1486,1521
1481,1525
1541,1522
1523,1505
1513,1546
1511,1539
1538,1554
1541,1587
1544,1608
1589,1560
1535,1578
1583,1581
1593,1577
1622,1599
1639,1646
1601,1621
1632,1618
1640,1628
1639,1660
1652,1648
1678,1644
1627,1672
1658,1667
1670,1670
1669,1670
1694,1678
1671,1675
1682,1684
1699,1652
1694,1688
1687,1685
1727,1677
1677,1658
1679,1637
1680,1680
1691,1639
1705,1636
1650,1676
1638,1636
1636,1605
1652,1609
1645,1609
1639,1619
1634,1608
1610,1575
1627,1596
1620,1556
1569,1577
1589,1541
1560,1560
1589,1550
1561,1542
1549,1504
1505,1499
1494,1476
1515,1492
1513,1485
1485,1483
1499,1470
1484,1461
1457,1478
1503,1468
1435,1460
1457,1448
1460,1438
1430,1409
1452,1441
1427,1446
1415,1442
1443,1443
1429,1431
1409,1411
1384,1434
1435,1412
1422,1421
1432,1424
1403,1454
1418,1428
1425,1450
1432,1457
1429,1434
1427,1471
1441,1459
1426,1462
1439,1477
1434,1464
1469,1482
1484,1487
1511,1489
1485,1523
1494,1520
1501,1526
1512,1529
1507,1550
1549,1575
1539,1562
1545,1585
1538,1567
1581,1588
1605,1615
1609,1569
1607,1587
1596,1620
1624,1586
1632,1627
1618,1621
1621,1632
1644,1662
1641,1641
1668,1662
1686,1633
1655,1657
1693,1661
1669,1672
1690,1670
1668,1664
1689,1663
1694,1674
1721,1674
1678,1643
1711,1705
1695,1678
1659,1682
1662,1646
1701,1658
1658,1641
1699,1643
1643,1627
1663,1607
1644,1617
1655,1624
1652,1604
1611,1621
1621,1569
1627,1593
1592,1572
1641,1563
1576,1571
1540,1557
1540,1548
1569,1529
1527,1510
1538,1521
1526,1520
1516,1513
1508,1496
1485,1481
1501,1475
1493,1448
1461,1476
1464,1469
1447,1451
1436,1457
1458,1453
1424,1459
1411,1428
1438,1446
1432,1437
1410,1425
1440,1434
1419,1435
1397,1427
1423,1442
1409,1446
1416,1444
1421,1441
1412,1419
1414,1466
1420,1439
1404,1455
1434,1452
1451,1463
1457,1487
1440,1492
1452,1500
1459,1469
1480,1468
1479,1478
1507,1543
1489,1524
1484,1533
1495,1523
1519,1556
1537,1589
1521,1590
1533,1573
1563,1588
1583,1609
1588,1595
1585,1621
1613,1576
1608,1643
1606,1623
1619,1620
1637,1648
1654,1650
1657,1649
1614,1647
1625,1646
1694,1661
1675,1662
1658,1685
1651,1652
1657,1669
1681,1655
1683,1672
1681,1676
1644,1640
1722,1630
1687,1671
1689,1662
1681,1639
1674,1685
1675,1645
1684,1645
1673,1645
1661,1610
1649,1642
1682,1626
1639,1581
1631,1606
1592,1595
1623,1569
1619,1585
1607,1570
1577,1557
1607,1543
1581,1522
1550,1555
1579,1531
1531,1535
1528,1529
1533,1502
1531,1473
1486,1489
1501,1492
1513,1483
1490,1501
1462,1465
1456,1453
1455,1478
1449,1455
1427,1421
1450,1424
1439,1426
1407,1445
1411,1420
1437,1425
1414,1446
1428,1447
1427,1441
1388,1434
1426,1430
1415,1445
1416,1469
1427,1439
1426,1460
1410,1428
1450,1466
1453,1447
1445,1479
1450,1477
1455,1490
1449,1458
1461,1496
1494,1480
1483,1498
1470,1497
1505,1516
1511,1513
1529,1515
1534,1570
1517,1569
1550,1586
1556,1572
1566,1577
1591,1591
1580,1597
1592,1595
1605,1593
1611,1602
1609,1594
1631,1658
1664,1647
1651,1662
1690,1641
1649,1659
1647,1666
1646,1642
1697,1657
1658,1649
1679,1673
1673,1681
1687,1662
1689,1682
1696,1691
1663,1638
1694,1687
1677,1681
1656,1637
1674,1663
1682,1656
1661,1642
1642,1668
1649,1653
1678,1638
1669,1631
1654,1601
1655,1596
1635,1589
1596,1611
1583,1592
1615,1581
1601,1598
1597,1552
1577,1567
1560,1556
1563,1549
1542,1529
1535,1533
1531,1535
1519,1486
1539,1491
1495,1490
1504,1478
1477,1475
1502,1459
1432,1470
1475,1452
1490,1439
1441,1442
1452,1434
1444,1430
1468,1444
1435,1458
1418,1413
1416,1436
1393,1452
1426,1427
1411,1444
1413,1433
1434,1460
1405,1435
1426,1424
1418,1441
1437,1441
1444,1456
1442,1436
1400,1460
1449,1467
1451,1450
1471,1486
1444,1476
1466,1513
1494,1515
1497,1495
1512,1500
1496,1506
1495,1542
1528,1524
1508,1561
1553,1577
1548,1579
1569,1581
1563,1588
1584,1591
1595,1618
1608,1623
1600,1595
1614,1599
1639,1603
1605,1662
1599,1636
1623,1613
1640,1640
1655,1653
1661,1638
1662,1649
1634,1680
1689,1645
1654,1642
1659,1657
1697,1674
1662,1661
1659,1671
1719,1635
1644,1669
1708,1664
1639,1641
1665,1656
1686,1669
1669,1647
1688,1623
1670,1638
1681,1606
1639,1641
1620,1588
1635,1619
1625,1598
1634,1579
1612,1596
1591,1591
1558,1571
1595,1540
1588,1556
1574,1543
1570,1549
1550,1546
1564,1540
1549,1481
1533,1502
1511,1499
1481,1497
1504,1481
1486,1487
1479,1456
1494,1471
1468,1470
1454,1444
1467,1454
1429,1441
1437,1440
1429,1442
1459,1439
1434,1416
1420,1437
1445,1417
1420,1421
1417,1411
1432,1437
1427,1424
1442,1443
1393,1464
1435,1460
1432,1434
1440,1470
1443,1488
1471,1459
1445,1469
1467,1510
1459,1502
1457,1487
1479,1521
1490,1498
1471,1514
1471,1511
1501,1546
1510,1536
1495,1528
1550,1546
1581,1556
1539,1574
1542,1597
1570,1585
1574,1608
1600,1604
1589,1610
1594,1600
1594,1634
1607,1645
1626,1651
1645,1646
1624,1618
1612,1654
1634,1628
1668,1661
1652,1635
1668,1650
1681,1680
1657,1683
1664,1668
1673,1671
1686,1663
1682,1650
1678,1653
1679,1665
1683,1636
1682,1645
1650,1658
1648,1634
1668,1627
1664,1598
1696,1605
1642,1601
1619,1618
1623,1598
1661,1605
1647,1620
1599,1589
1619,1580
1597,1568
1571,1572
1561,1556
1574,1546
1585,1569
1596,1518
1547,1545
1509,1539
1529,1492
1521,1494
1494,1498
1500,1488
